# best half averages
2601.62
2419.96
2311.12
2189.39
2052.91
1950.83
1894.51
1817.64
1722.11
1646.89
1595.21
1521.08
1384.1
1302.29
1284.26
1271.69
1254.17
1240.58
1212.13
1189.35
1143.93
1124.82
1117.95
1095.75
1073.38
1043.32
1022.7
1008.95
970.788
938.205
917.627
901.949
887.463
858.549
839.789
822.556
814.004
810.28
807.908
800.906
785.913
777.847
770.098
761.632
753.108
750.445
746.099
739.899
735.568
730.651
723.317
710.935
706.33
702.855
690.389
678.491
676.572
673.123
668.179
655.89
645.727
631.068
622.608
621.326
618.627
612.278
609.783
606.368
595.207
595.046
593.202
584.424
573.087
572.852
571.739
568.572
560.071
552.47
544.417
537.527
531.706
526.848
523.453
517.609
511.329
505.597
503.847
501.048
497.387
493.092
491.436
487.776
482.9
480.552
477.023
468.943
463.24
453.511
452.174
447.048
445.413
445.183
432.228
431.496
427.436
435.718
420.553
419.09
419.579
415.679
415.839
415.416
413.987
418.186
415.457
396.915
392.295
389.535
387.228
383.854
375.314
373.596
373.485
373.471
373.422
372.97
372.101
369.721
367.24
364.764
365.807
361.442
358.767
358.478
357.686
356.168
352.902
351.142
347.459
342.318
337.413
334.165
324.206
322.996
322.427
321.999
321.325
318.259
314.981
314.413
314.219
314.112
312.73
308.827
308.811
308.362
311.281
305.496
301.679
300.042
299.492
298.403
295.949
292.679
290.262
287.683
287.609
287.37
286.436
285.969
283.429
283.086
283.003
282.814
282.686
282.603
282.206
281.438
281.455
281.455
281.455
281.375
280.901
278.944
274.115
268.371
265.085
265.068
264.972
264.421
264.21
264.196
264.153
263.913
262.989
260.531
252.948
252.226
251.266
250.088
249.466
248.129
244.549
244.218
244.218
244.218
244.218
244.135
243.192
240.08
239.964
239.878
239.003
236.694
236.59
236.644
235.967
235.59
234.386
233.459
233.545
233.465
233.16
231.653
230.565
230.458
230.263
229.333
226.092
226.085
226.065
227.653
231.189
225.023
235.634
224.724
224.32
224.236
224.02
222.298
220.145
220.029
219.32
215.98
214.481
214.46
214.369
214.369
214.369
214.332
214.369
214.369
214.363
214.346
215.316
223.539
213.935
213.296
212.933
211.067
211.067
211.067
211.03
210.919
210.691
209.225
209.225
209.225
209.225
209.221
209.205
209.168
208.934
208.897
215.212
222.64
209.892
205.493
204.768
204.151
202.881
199.325
196.955
195.56
205.316
203.392
210.904
197.5
208.021
193.912
193.912
193.912
193.865
193.686
193.228
191.695
191.607
191.213
190.822
190.649
193.27
189.643
189.169
187.312
187.245
187.121
186.901
186.022
185.998
185.219
182.336
181.089
180.247
178.49
174.451
174.2
173.429
172.31
171.233
169.446
168.513
168.5
168.513
168.513
168.511
168.513
168.513
168.513
168.513
168.513
168.513
168.5
168.513
168.513
168.513
168.513
168.504
168.513
168.513
168.462
168.411
168.411
168.36
168.055
167.45
165.968
165.943
165.819
165.143
164.719
164.719
164.719
164.719
164.719
164.719
164.719
164.719
164.719
164.719
164.719
164.719
164.719
164.719
164.718
164.7
164.646
164.609
164.549
164.178
163.147
163.123
162.828
161.943
161.943
161.943
161.925
161.89
162.281
160.423
154.617
149.672
148.809
148.809
148.809
148.809
148.796
148.796
148.796
148.809
148.77
148.653
150.916
148.785
160.746
147.078
146.597
146.554
146.537
146.484
149.539
149.261
147.802
145.644
145.496
144.931
144.486
143.471
143.408
143.126
142.83
142.83
142.83
142.83
142.83
142.83
142.83
142.83
142.83
142.83
142.83
142.83
142.83
142.83
142.83
142.83
142.83
142.83
142.83
142.83
143.111
144.329
142.694
142.185
141.134
141.134
141.132
141.128
141.115
141.057
141.057
141.057
141.053
141.017
141.013
140.922
140.697
139.926
139.054
139.054
139.023
138.808
137.764
137.474
137.405
137.365
137.539
137.494
137.516
137.421
137.251
137.916
136.302
136.302
136.283
136.215
136.092
135.294
134.773
134.773
134.773
134.773
134.773
134.741
134.432
133.379
133.029
132.649
131.979
131.385
129.89
129.626
129.453
129.079
129.003
128.716
127.447
126.756
126.756
126.756
126.756
126.732
126.709
126.567
125.907
125.568
125.568
125.568
129.099
125.548
125.486
124.803
124.293
123.453
121.651
117.348
115.052
115.052
115.052
115.052
115.052
115.052
115.052
115.052
115.052
115.052
115.052
115.04
114.959
114.701
114.468
114.468
114.468
114.468
114.468
114.468
114.468
114.468
114.468
114.453
114.365
114.098
113.866
113.794
113.757
113.757
113.717
113.403
112.272
111.738
111.738
111.738
111.738
111.738
111.725
111.7
111.636
111.366
111.103
111.103
111.095
111.013
110.815
110.185
108.666
108.666
108.637
108.579
108.377
107.769
107.22
107.213
107.213
107.213
107.192
107.124
106.831
106.734
105.947
104.395
104.2
103.828
103.141
103.141
103.141
103.141
103.141
103.141
103.141
103.141
103.141
103.141
103.141
103.141
103.133
103.084
102.857
102.736
102.736
102.736
102.736
102.736
102.736
102.736
102.736
102.736
102.736
102.736
102.736
102.736
102.736
102.729
102.7
102.581
102.383
102.383
102.383
102.383
102.372
102.361
102.372
102.304
102.178
101.814
101.814
101.814
101.814
101.814
101.814
101.814
101.814
101.769
101.406
100.295
99.5914
99.5914
99.5914
99.5914
99.5907
99.5747
99.5638
99.4704
99.2024
98.9294
98.7565
98.5695
97.8886
97.0575
96.9632
96.7425
96.32
95.5179
95.4571
95.2417
94.9082
94.8915
94.8516
94.8357
94.777
94.7359
94.7359
94.7359
94.7359
94.7337
94.7315
94.7051
94.6501
94.626
94.626
94.626
94.626
94.626
94.626
94.626
94.626
94.626
94.6109
94.5958
94.5505
94.3695
93.8716
93.8716
93.8691
93.859
93.8414
93.7509
93.7459
93.7451
93.7443
93.7411
93.7309
93.7063
93.5856
92.8612
90.099
87.6696
87.6696
87.6638
87.6581
87.6349
87.5712
87.3802
87.3802
87.3802
87.3802
87.3656
87.351
87.3072
87.1904
87.0178
86.8115
86.6494
86.6494
86.6494
86.6494
86.5641
86.0527
85.4462
82.5278
82.3874
82.3874
82.3822
82.3719
82.3145
82.0961
82.0418
81.8357
81.5861
81.5861
81.5861
81.5861
81.5861
81.5861
81.5861
81.5861
81.5861
81.5861
81.5861
81.5861
81.5861
81.5861
81.7269
81.5862
81.5861
81.5861
91.7094
81.7115
83.0152
81.5861
81.5861
81.5861
81.5861
81.5673
81.5485
81.3979
81.0025
80.6448
80.6448
80.6448
80.6448
80.6448
80.644
80.6426
80.6382
80.6281
80.5947
80.5716
80.5716
80.5716
80.5716
80.5716
80.5716
80.5716
80.5563
80.4341
80.1132
79.8075
79.8075
79.8075
79.8075
79.8075
79.8075
79.8075
79.8075
79.8075
79.8075
79.8075
79.8075
79.8075
79.8075
79.8075
79.8075
79.8075
79.8075
79.8075
79.8075
79.8075
79.8075
79.7996
79.7917
79.7758
79.6966
79.4825
79.4112
79.4112
79.4112
79.4112
79.4112
79.4112
79.4112
79.4112
79.4112
79.4112
79.4112
79.4112
79.4112
79.4112
79.4112
79.4112
79.4112
79.4112
79.4112
79.4112
79.4112
79.4112
79.4112
79.4112
79.4106
79.4088
79.4022
79.3814
79.3814
79.3814
79.3814
79.3814
79.3814
79.3814
79.3814
79.3814
79.3814
79.3814
79.3649
79.3484
79.2989
79.1504
78.6225
78.5565
78.5565
78.5565
78.5565
78.5565
78.5565
78.5565
78.5565
78.5565
78.5565
78.5565
78.5565
78.5565
78.5565
78.5565
78.5565
78.5565
78.5565
78.5565
78.5565
78.5565
78.5565
78.5565
78.5565
78.535
78.4707
78.0845
77.4837
77.4837
77.4837
77.4837
77.4837
77.4837
77.4837
77.4837
77.4837
77.4837
77.4837
77.4837
77.4837
77.4714
77.4469
77.361
77.0543
76.8703
76.8703
76.8686
76.8668
76.8615
76.8385
76.7908
76.782
76.782
76.782
76.782
76.782
76.737
76.6921
76.5122
76.2424
75.3432
74.5338
74.5338
74.5338
74.5324
74.5309
74.5235
74.4984
74.4601
74.4601
74.4601
74.4601
74.4601
74.4601
74.4601
74.4601
74.4601
74.4601
74.4601
74.4601
74.4601
74.4601
74.4601
74.4601
74.4601
74.4601
74.4601
74.4601
74.4601
74.4601
74.4601
74.4601
74.4601
74.4601
74.4601
74.4601
74.4601
74.4601
74.4601
74.4601
74.4601
74.4601
74.4601
74.4601
74.4601
74.4601
74.4601
74.4601
74.4601
74.4601
74.4601
74.4601
74.4601
74.4601
74.4601
74.4601
74.4601
74.4601
74.4601
74.4601
74.4601
74.4601
74.4601
74.4601
74.4601
74.4547
74.4547
74.4385
74.4223
74.4168
74.3303
74.1897
74.1897
74.1897
74.1897
74.1897
74.1897
74.1897
74.1897
74.1897
74.1897
74.1897
74.1897
74.1897
74.1897
74.1897
74.1897
74.1897
74.1897
74.1897
74.1897
74.1897
74.1897
74.1897
74.1897
74.1897
74.1897
74.1897
74.1897
74.1897
74.1897
74.1897
74.1897
74.1897
74.1897
74.1897
74.1897
74.1897
74.1897
74.1852
74.1807
74.1852
74.1763
74.1405
75.1449
73.9661
73.9661
73.9661
73.9661
73.9661
73.9661
73.9661
73.9661
73.9661
73.9661
73.9661
73.9661
73.9661
73.9661
73.9661
73.9661
73.9661
73.9661
73.9661
73.9661
73.9661
73.9626
73.9449
73.9095
73.7893
73.7893
73.7893
73.7893
73.7893
73.7893
73.7893
73.7893
73.7893
73.778
73.7893
73.7893
73.7893
73.7893
73.7893
73.7893
73.7893
73.7893
73.7893
73.7893
73.7893
73.7893
73.7893
73.7893
73.7893
73.7893
73.7893
73.778
73.7555
73.71
73.5735
73.2248
73.2248
73.2248
73.2248
73.2248
73.2248
73.2192
73.208
73.1745
73.1019
72.9454
72.9454
72.9454
72.9331
72.9331
72.9331
72.9085
72.9085
72.8839
72.7979
72.4412
72.3305
72.3305
72.3305
72.3305
72.3305
72.3305
72.3305
72.3305
72.3305
72.3305
72.3305
72.3305
72.3305
72.3305
72.3305
72.3305
72.3305
72.3298
72.327
72.3199
72.3016
72.2953
72.2953
72.2953
72.2824
72.2052
72.0509
71.6521
71.6521
71.6521
71.6521
71.6521
71.6521
71.6521
71.6521
71.6521
71.6521
71.6521
71.6521
71.6521
71.6521
71.6521
71.6521
71.6521
71.6521
71.6521
71.6521
71.6521
71.6521
71.6521
71.6521
71.6521
71.6521
71.6521
71.6521
71.6521
71.6521
71.6521
71.6521
71.6521
71.6521
71.6521
71.6521
71.6521
71.6521
71.6493
71.6466
71.6385
71.6066
71.5105
71.5086
71.4967
71.4727
71.2806
71.2004
70.787
69.4425
68.3657
68.3657
68.3657
68.3657
68.3657
68.3657
68.3657
68.3657
68.3657
68.3657
68.3657
68.3657
68.3657
68.3657
68.3657
68.3588
68.3518
68.317
68.2335
68.0178
68.0178
68.0178
68.0178
68.0178
68.0178
68.0178
68.0178
68.0178
68.0178
68.0178
68.0178
68.0178
68.0178
68.0178
68.0178
68.0178
68.0178
68.0178
68.0178
68.0178
68.0178
68.0178
68.0178
68.0178
68.0178
68.0178
68.0178
68.0178
68.0178
68.0178
68.0178
68.0178
68.0178
68.0178
68.0178
68.0178
68.0178
68.0178
68.0178
68.0178
68.0178
68.0178
68.0178
68.0178
68.0178
68.0178
68.0178
67.9951
67.9723
67.8358
67.4717
66.8801
66.8801
66.8801
66.8801
66.8801
66.8801
66.8801
66.8801
66.8801
66.8801
66.8801
66.8801
66.8801
66.8801
66.8801
66.8801
66.8801
66.8801
66.8801
66.8801
66.8801
66.8801
66.8801
66.8801
66.8801
66.8623
66.8086
66.737
66.4329
65.9857
65.9857
65.9857
65.9857
65.9857
65.9857
65.9857
65.9857
65.9857
65.9857
65.9857
65.9857
65.9857
65.9857
65.9816
65.9734
65.949
65.8796
65.7818
65.7818
65.7818
65.7818
65.7818
65.7818
65.7818
65.7818
65.7818
65.7818
65.8404
65.7818
65.7818
65.7818
65.7818
65.7818
65.7818
65.7818
65.7818
65.7818
65.7818
65.7818
65.7818
65.7818
65.7818
65.7818
65.7818
65.7818
65.7818
65.7818
65.7818
65.7818
65.7818
65.7818
65.7818
65.7818
65.7818
65.7818
65.7818
65.7818
65.7818
65.7818
65.7818
65.7818
65.7818
65.7818
65.7818
65.7818
65.7818
65.7734
65.7567
65.6814
65.5224
65.3635
65.3635
65.3635
65.3635
65.3635
65.3635
65.3635
65.3635
65.3635
65.3635
65.3635
65.3635
65.3635
65.3635
65.3635
65.3635
65.3635
65.3635
65.3635
65.3635
65.3635
65.3635
65.3635
65.3635
65.3635
65.3635
65.3635
65.3635
65.3635
65.3635
65.3635
65.3635
65.3635
65.3635
65.3635
65.3635
65.3635
65.3635
65.3635
65.3635
65.3635
65.3635
65.3635
65.3635
65.3635
65.3635
65.3635
65.3635
65.3635
65.3635
65.3635
65.3635
65.3635
65.3635
65.3635
65.3635
65.3635
65.3635
65.3635
65.3542
65.3358
65.262
65.1052
64.9023
64.9023
64.9023
64.9023
64.9023
64.9023
64.9023
64.9023
64.9023
64.9023
64.9023
64.9023
64.9023
64.9023
64.9023
64.9023
64.9023
64.9023
64.9023
64.9023
64.9023
64.9023
64.9023
64.9023
64.9023
64.9023
64.9023
64.9023
64.9023
64.9023
64.9023
64.9023
64.9023
64.9023
64.9023
64.9023
64.9023
64.9023
64.9023
64.9023
64.9023
64.9023
64.9023
64.9023
64.9023
64.9023
64.9023
64.9023
64.9023
64.9023
64.9023
64.9023
64.9023
64.9023
64.9023
64.9023
64.9023
64.9023
64.9023
64.9023
64.9023
64.9023
64.9023
64.9023
64.9023
64.9023
64.9023
64.9023
64.9023
64.9023
64.9023
64.9023
64.9023
64.9023
64.9023
64.9023
64.9023
64.9023
64.9023
64.9023
64.9023
64.9023
64.9023
64.9023
64.9023
64.9023
64.9023
64.9023
64.9023
64.9023
64.9023
64.9023
64.9023
64.9023
64.9023
64.9023
64.9023
64.9023
64.9023
64.9023
64.9023
64.9023
64.9023
64.9023
64.9023
64.9023
64.9023
64.9023
64.9023
64.9023
64.9023
64.9023
64.9023
64.9023
64.9023
64.9023
64.9023
64.9023
64.9023
64.9023
64.9023
64.9023
64.9023
64.9023
64.9023
64.9023
64.9023
64.9023
64.9023
64.9023
64.9023
64.9023
64.9023
64.9023
64.9023
64.9023
64.9023
64.9023
64.9023
64.9023
64.9023
64.9023
64.9023
64.9023
64.9023
64.9023
64.9023
64.9023
64.9023
64.9023
64.9023
64.9023
64.9023
64.9023
64.9023
64.9023
64.9023
64.9023
64.9023
69.3205
64.9023
64.9023
64.9023
64.9023
64.9023
64.9023
64.9023
64.9023
64.9023
64.9023
64.9023
64.9023
64.9023
64.9023
64.9023
64.9023
64.9023
64.9023
64.9023
64.9023
64.9023
64.9023
64.9023
64.9023
64.9023
64.9023
64.9023
64.9023
64.9023
64.9023
64.9023
64.9023
64.9023
64.9023
64.9023
64.9023
64.9023
64.9023
64.9023
64.9023
64.9023
64.9023
64.9023
64.9023
64.9023
64.9023
64.9023
64.9023
64.9023
64.9023
64.9023
64.9023
64.9023
64.9023
64.9023
64.9023
64.9023
64.9023
64.9023
64.9023
64.9023
64.9023
64.9023
64.8982
64.89
64.8737
64.8451
64.7226
64.6981
64.6981
64.6981
64.6981
64.6981
64.6981
64.6981
64.6981
64.6981
64.6981
64.6981
64.6981
64.6981
64.6981
64.6981
64.6981
64.6981
64.6981
64.6981
64.6981
64.6981
64.6981
64.6981
64.6981
64.6981
64.6981
64.6981
64.6981
64.6981
64.6981
64.6981
64.6981
64.6981
64.6981
64.6981
64.6981
64.6981
64.6981
64.6981
64.6981
64.6981
64.6981
64.6875
64.6875
64.6662
70.1483
64.6343
64.4746
64.1661
64.166
64.1659
64.1654
64.1646
64.1638
64.1638
64.1638
64.1638
64.1638
64.1638
64.1638
64.1638
64.1638
64.1638
64.1638
64.1638
64.1638
64.1638
64.1638
64.1638
64.1638
64.1638
64.1638
64.1638
64.1638
64.1638
64.1638
64.1638
64.1638
64.1638
64.1638
64.1638
64.1638
64.1638
64.1638
64.1638
64.1638
64.1638
64.1638
64.1638
64.1638
64.1638
64.1638
64.1638
64.1638
64.1638
64.1638
64.1638
64.1638
64.1638
64.1638
64.1638
64.1638
64.1638
64.1638
64.1638
64.1638
64.1638
64.1638
64.1638
64.1638
64.1638
64.1638
64.1638
64.1638
64.1638
64.1638
64.1638
64.1638
64.1638
64.1638
64.1638
64.1638
64.1638
64.1638
64.1638
64.1638
64.1638
64.1638
64.1638
64.1638
64.1638
64.1638
64.1638
64.1638
64.1638
64.1638
64.1638
64.1638
65.5228
64.1638
64.1638
64.1638
64.1638
64.1638
64.1638
64.1638
64.1638
64.1638
64.1638
64.1638
64.1638
64.1638
64.1638
64.1638
64.1638
64.1638
64.1638
64.1858
64.1638
64.1638
64.1638
64.1638
64.1638
64.1638
64.1638
64.1638
64.1638
64.1638
64.1638
64.1638
64.1638
64.1638
64.1638
64.1638
64.1638
64.1638
64.1638
64.1638
64.1638
64.1638
64.1638
64.1638
64.1638
64.1638
64.1638
64.1638
64.1638
64.1638
64.1638
64.1638
64.1638
64.1638
64.1638
64.1638
64.1638
64.1638
64.1638
64.1638
64.1638
64.1638
64.1638
64.1638
64.1638
64.1549
64.1549
64.1549
64.137
64.0746
63.9587
63.7179
63.7179
63.7179
63.7179
63.7179
63.7179
63.7179
63.7179
63.7179
63.7179
63.7179
63.7179
63.7179
63.7179
63.7179
63.7179
63.7179
63.7179
63.7179
63.7179
63.7179
63.7179
63.7179
63.7179
63.7179
63.7179
63.7179
63.7179
63.7179
63.7179
63.9195
63.7179
63.9919
64.2616
63.7179
63.7179
63.7179
63.7179
63.7179
63.7179
63.7179
63.7179
63.7179
63.7179
63.7179
63.7179
63.7179
63.7179
63.7179
63.7179
63.7179
63.7179
63.7179
63.7179
63.7179
63.7179
63.7179
63.7179
63.7179
63.7179
63.7179
63.7179
63.7179
63.7179
63.7179
63.7179
63.7179
63.7179
63.7179
63.7179
63.7179
63.7179
63.7179
63.7179
63.7179
63.7179
63.7179
63.7179
63.7179
64.6156
63.7179
63.7179
63.7179
63.7179
63.7179
63.7179
63.7179
63.7179
63.7179
63.7179
63.7179
63.7179
63.7179
63.7179
63.7179
63.7179
63.7179
63.7179
63.7179
63.7179
63.7179
63.7179
63.7179
63.7179
63.7179
63.7179
63.7179
63.7179
63.7179
63.7179
63.7179
63.7179
63.7179
63.7179
63.7179
63.7179
63.7179
63.7179
63.7179
63.7179
63.7179
63.7179
63.7179
63.7179
63.7179
63.7179
63.7179
63.7179
63.7179
63.7179
63.7179
63.7179
63.7179
63.7179
63.7179
63.7084
63.7084
63.6895
63.6611
63.7343
63.5191
63.2446
63.2446
63.2446
63.2446
63.2446
63.2446
63.2446
63.2446
63.2446
63.2446
63.2446
63.2446
63.2446
63.2446
63.2446
63.2446
63.2446
63.2446
63.2446
63.2446
63.2446
63.2446
63.2446
63.2446
63.2446
63.2446
63.2446
63.2446
63.2446
63.2446
63.2446
63.2446
63.2446
63.2446
63.2446
63.2446
63.2446
63.2446
63.2446
63.2446
63.2446
63.2446
63.2446
63.2446
63.2446
63.2446
63.2446
63.2446
63.2446
63.2446
63.2446
63.2446
63.2446
63.2446
63.2446
63.2446
63.2446
63.2446
63.2446
63.2446
63.2446
63.2446
63.2446
63.2446
63.2446
63.2446
63.2446
63.2446
63.2446
63.2446
63.2446
63.2446
63.2446
63.2446
63.2446
63.2446
63.2446
63.2446
63.2446
63.2446
63.2446
63.2446
63.2446
63.2446
63.2446
63.2446
63.2446
63.2446
63.2446
63.2446
63.2446
63.2446
63.2446
63.2446
63.2446
63.2446
63.2446
63.2446
63.2446
63.2446
63.2446
63.2446
63.2446
63.2446
63.2446
63.2446
63.2752
63.2446
63.2446
63.2446
63.2446
63.2446
63.2446
63.2446
63.2446
63.2446
63.2446
63.2446
63.2446
63.2446
63.2446
63.2446
63.2446
63.2446
63.2446
63.2446
63.2446
63.2446
63.2446
63.2446
63.2446
63.2446
63.2446
63.2446
63.2446
63.2446
63.2446
63.2446
63.2446
63.2446
63.2446
63.2446
63.2446
63.2446
63.2446
63.2446
63.2446
63.2446
63.2446
63.2446
63.2446
63.2446
63.2446
63.2446
63.2446
63.2446
63.2434
63.2422
63.2329
63.2049
63.1862
63.1862
63.1862
63.1862
63.1862
63.1862
63.1862
63.1862
63.1862
63.1862
63.1862
63.1862
63.1862
63.1862
63.1862
63.1862
63.1862
63.1862
63.1862
63.1862
63.1862
63.1862
63.1862
63.1862
63.1862
63.1862
63.1862
63.1862
63.1862
63.1862
63.1862
63.1862
63.1862
63.1862
63.1862
63.1862
63.1862
63.1862
63.1862
63.1862
63.1862
63.1862
63.1862
63.1862
63.1862
63.1862
63.1862
63.1862
63.1862
63.1862
63.1862
63.1862
63.1862
63.1862
63.1862
63.1862
63.1862
63.1862
63.1862
63.1862
63.1862
63.1862
63.1862
63.1862
63.1862
63.1862
63.1862
63.1862
63.1862
63.1862
63.1862
63.1862
63.1862
63.1862
63.1862
63.1862
63.1862
63.1862
63.1862
63.1862
63.1862
63.1862
63.1862
63.1862
63.1862
63.1862
63.1862
63.1862
63.1862
63.1862
63.1862
63.1862
63.1862
63.1862
63.1862
63.1862
63.1862
63.1862
63.1862
63.1862
63.1862
63.1862
63.1862
63.1862
63.1862
63.1862
63.1862
63.1862
63.1862
63.1862
63.1862
63.1862
63.1862
63.1862
63.1862
63.1862
63.1862
63.1862
63.1862
63.1862
63.1862
63.1862
63.1862
63.1862
63.1862
63.1862
63.1862
63.1862
63.1862
63.1862
63.1862
63.1862
63.1862
63.1862
63.1862
63.1862
63.1862
63.1862
63.1862
63.1862
63.1862
63.1862
63.1862
63.1862
63.1862
63.1862
63.1862
63.1862
63.1862
63.1862
63.1862
63.1862
63.1755
63.1326
63.0575
62.7893
62.6499
62.6499
62.6499
62.6499
62.6499
62.6499
62.6499
62.6499
62.6499
62.6499
62.6499
62.6499
62.6499
62.6499
62.6499
62.6499
62.6499
62.6499
62.6499
62.6499
62.6499
62.6499
62.6499
62.6499
62.6499
62.6499
62.6499
62.6499
62.6499
62.6499
62.6499
62.6499
62.6499
62.6499
62.6499
62.6499
62.6499
62.6499
62.6499
62.6499
62.6499
62.6499
62.6499
62.6499
62.6499
62.6499
62.6499
62.6499
62.6499
62.6499
62.6499
62.6499
62.6499
62.6499
62.6499
62.6499
62.6499
62.6499
62.6499
62.6499
62.6499
62.6499
62.6499
62.6499
62.6499
62.6499
62.6499
62.6499
62.6499
62.6499
62.6499
62.6499
62.6499
62.6499
62.6499
62.6499
62.6499
62.6499
62.6499
62.6499
62.6499
62.6499
62.6499
62.6499
62.6499
62.6499
62.6499
62.6499
62.6499
62.6499
62.6499
62.6499
62.6499
62.6499
62.6499
62.6499
62.6499
62.6499
62.6499
62.6499
62.6499
62.6499
62.6499
62.6499
62.6499
62.6499
62.6499
62.6499
62.6499
62.6499
62.6499
62.6499
62.6499
62.6499
62.6499
62.6499
62.6499
69.6178
62.6499
62.6499
62.6499
62.6499
62.6499
62.6499
62.6499
62.6499
62.6499
62.6499
62.6499
62.6499
62.6499
62.6499
62.6499
62.6499
62.6499
62.6499
62.6499
62.6499
62.6499
62.6499
62.6499
62.6499
62.6499
62.6499
62.6499
62.6499
62.6499
62.6499
62.6499
62.6499
62.6499
62.6499
62.6499
62.6499
62.6499
62.6499
62.6499
62.6499
62.6499
62.6499
62.6499
62.6499
62.6499
62.6499
62.6499
62.6499
62.6499
62.6499
62.6499
62.6499
62.6499
62.6499
62.6499
62.6499
62.6499
62.6499
62.6499
62.6499
62.6499
62.6499
62.6499
62.6499
62.6499
62.6499
62.6499
62.6499
62.6499
62.6499
62.6499
62.6499
62.6499
62.6499
62.6499
62.6499
62.6499
62.6499
62.6499
62.6499
62.6499
62.6499
62.6499
62.6499
62.6499
62.6499
62.6499
62.6499
62.6499
62.6499
62.6499
62.6499
62.6499
62.6499
62.6499
62.6499
62.6499
62.6499
62.6499
62.6499
62.6499
62.6499
62.6499
62.6499
62.6499
62.6499
62.6499
62.6499
62.6499
62.6499
62.6329
62.6159
62.5651
62.4294
61.9376
61.802
61.802
61.802
61.802
61.802
61.802
61.802
61.802
61.802
61.802
61.802
61.802
61.802
61.802
61.802
61.802
61.802
61.802
61.802
61.802
61.802
61.802
61.802
61.802
61.802
61.802
61.802
61.802
61.802
61.802
61.802
61.802
61.802
61.802
61.802
61.802
61.802
61.802
61.802
61.802
61.802
61.802
61.802
61.802
61.802
61.802
61.802
61.802
61.802
61.802
61.802
61.802
61.802
61.802
61.802
61.802
61.802
61.802
61.802
61.802
61.802
61.802
61.802
61.7884
61.7343
61.5718
61.1249
61.1249
61.1249
61.1249
61.1249
61.1249
61.1249
61.1249
61.1249
61.1249
61.1249
61.1249
61.1249
61.1249
61.1249
61.1249
61.1249
61.1249
61.1249
61.1249
61.1249
61.1249
61.1249
61.1249
61.1249
61.1249
61.1249
61.1249
61.1249
61.1249
61.1249
61.1249
61.1249
61.1249
61.1249
61.1249
61.1249
61.1249
61.1249
61.1249
61.1249
61.1249
61.1249
61.1249
61.1249
61.1249
61.1249
61.1249
61.1249
61.1249
61.1249
61.1249
61.1249
61.1249
61.1249
61.1249
61.1249
61.1249
61.1249
61.1249
61.1249
61.1249
61.1249
61.1249
61.1249
61.1249
61.1249
61.1249
61.1249
61.1249
61.1249
61.1249
61.1249
61.1249
61.1249
61.1249
61.1249
61.1249
61.1249
61.1249
61.1249
61.1249
61.1249
61.1249
61.1249
61.1249
61.1249
61.1249
61.1249
61.1249
61.1249
61.1249
61.1249
61.1249
61.1249
61.1249
61.1249
61.1249
61.1249
61.1249
61.1249
61.1249
61.1249
61.1249
61.1249
61.1249
61.1249
61.1249
61.1249
61.1249
61.1249
61.1249
61.1249
61.1249
61.1249
61.1249
61.1249
61.1249
61.1249
61.1249
61.1249
61.1249
61.1249
61.1249
61.1249
61.1249
61.1249
61.1249
61.1249
61.1249
61.1249
61.1249
61.1249
61.1249
61.1249
61.1249
61.1249
61.1249
61.1249
61.1249
61.1249
61.1249
61.1249
61.1249
61.1249
61.1249
61.1249
61.1249
61.1249
61.1249
61.1249
61.1249
61.1249
61.1249
61.1249
61.1249
61.1249
61.1249
61.1249
61.1249
61.1249
61.1249
61.1249
61.1249
61.1249
61.1249
61.1249
61.1249
61.1249
61.1249
61.1249
61.1249
61.1249
61.1249
61.1249
61.1249
61.1249
61.1249
61.1249
61.1249
61.1249
61.1249
61.1249
61.1249
61.1249
61.1249
61.1249
61.1249
61.1249
61.1249
61.1249
61.1249
61.1249
61.1249
61.1249
61.1249
61.1249
61.1249
61.1249
61.1249
61.1249
61.1249
61.1249
61.1249
61.1249
61.1249
61.1249
61.1249
61.1249
61.1249
61.1249
61.1249
61.1249
61.1249
61.1249
61.1249
61.1249
61.1249
61.1249
61.1249
61.1249
61.1249
61.1249
61.1249
61.1249
61.1249
61.1249
61.1249
61.1249
61.1249
61.1249
61.1249
61.1249
61.1249
61.1249
61.1249
61.1249
61.1249
61.1249
61.1249
61.1249
61.1249
61.1249
61.1249
61.1249
61.1249
61.1249
61.1249
61.1249
61.1249
61.1249
61.1249
61.1249
61.1249
61.1249
61.1249
61.1249
61.1249
61.1249
61.1249
61.1249
61.1249
61.1249
61.1249
61.1249
61.1249
61.1249
61.1249
61.1249
61.1249
61.1249
61.1249
61.1249
61.1249
61.1249
61.1249
61.1249
61.1249
61.1249
61.1249
61.1249
61.1249
61.1249
61.1249
61.1249
61.1249
61.1249
61.1249
61.1249
61.1249
61.1249
61.1249
61.1249
61.1249
61.1249
61.1249
61.1249
61.1249
61.1249
61.1249
61.1249
61.1249
61.1249
61.1249
61.1249
61.1249
61.1249
61.1249
61.1249
61.1249
61.1249
61.1249
61.1249
61.1249
61.1249
61.1249
61.1249
61.1249
61.1249
61.1249
61.1249
61.1249
61.1249
61.1249
61.1249
61.1249
61.1249
61.1249
61.1249
61.1249
61.1249
61.1249
61.1249
61.1249
61.1249
61.1249
61.1249
61.1249
61.1249
61.1249
61.1249
61.1249
61.1249
61.1249
61.1249
61.1249
61.1249
61.1249
61.1249
61.1249
61.1249
61.1249
61.1249
61.1249
61.1249
61.1249
61.1249
61.1249
61.1249
61.1249
61.1249
61.1249
61.1249
61.1249
61.1249
61.1249
61.1249
61.1249
61.1249
61.1249
61.1249
61.1249
61.1249
61.1249
61.1249
61.1249
61.1249
61.1249
61.1249
61.1249
61.1249
61.1249
61.1249
61.1249
61.1249
61.1249
61.1249
61.1249
61.1249
61.1249
61.1249
61.1249
61.1249
61.1249
61.1249
61.1249
61.1249
61.1249
61.1249
61.1249
61.1249
61.1249
61.1249
61.1249
61.1249
61.1249
61.1249
61.1249
61.1249
61.1249
61.1249
61.1249
61.1249
61.1249
61.1249
61.1249
61.1249
61.1249
61.1249
61.1249
61.1249
61.1249
61.1249
61.1249
61.1249
61.1249
61.1249
61.1249
61.1249
61.1249
61.1249
61.1249
61.1249
61.1249
61.1249
61.1249
61.1249
61.1249
61.1249
61.1249
61.1249
61.1249
61.1249
61.1249
61.1249
61.1249
61.1249
61.1249
61.1249
61.1249
61.1249
61.1249
61.1249
61.1249
61.1249
61.1138
61.0694
61.0028
60.6698
60.57
60.57
60.57
60.57
60.57
60.57
60.57
60.57
60.57
60.57
60.57
60.57
60.57
60.57
60.57
60.57
60.57
60.57
60.57
60.57
60.57
60.57
60.57
60.57
60.57
60.57
60.57
60.57
60.57
60.57
60.57
60.57
60.57
60.57
60.57
60.57
60.57
60.57
60.57
60.57
60.57
60.57
60.57
60.57
60.57
60.57
60.57
60.57
60.57
60.57
60.57
60.57
60.57
60.57
60.57
60.57
60.57
60.57
60.57
60.57
60.57
60.57
60.57
60.57
60.57
60.57
60.57
60.57
60.57
60.57
60.57
60.57
60.57
60.57
60.57
60.57
60.57
60.57
60.57
60.57
60.57
60.57
60.5668
60.57
60.57
60.57
60.57
60.57
60.57
60.57
60.57
60.57
60.57
60.57
60.57
60.57
60.57
60.57
60.57
60.57
60.57
60.57
60.57
60.57
60.57
60.57
60.57
60.57
60.57
60.57
60.57
60.57
60.57
60.57
60.57
60.57
60.57
60.57
60.57
60.57
60.57
60.57
60.57
60.57
60.57
60.57
60.57
60.57
60.57
60.57
60.57
60.57
60.57
60.57
60.57
60.57
60.57
60.57
60.57
60.57
60.57
60.57
60.57
60.57
60.57
60.57
60.57
60.57
60.57
60.57
60.57
60.57
60.57
60.57
60.57
60.57
60.57
60.57
60.57
60.57
60.57
60.57
60.57
60.57
60.57
60.57
60.57
60.57
60.57
60.57
60.57
60.57
60.57
60.57
60.57
60.57
60.57
60.57
60.57
60.57
60.57
60.57
60.57
60.57
60.57
60.57
60.57
60.57
60.57
60.57
60.57
60.57
60.57
60.57
60.57
60.57
60.57
60.57
60.57
60.57
60.57
60.57
60.57
60.57
60.57
60.57
60.57
60.57
60.57
60.57
60.57
60.57
60.57
60.57
60.57
60.57
60.57
60.57
60.57
60.57
60.57
60.57
60.57
60.57
60.57
60.57
60.57
60.57
60.57
60.57
60.57
60.57
60.57
60.57
60.57
60.57
60.57
60.57
60.57
60.57
60.57
60.57
60.57
60.57
60.57
60.57
60.57
60.57
60.57
60.57
60.57
60.57
60.57
60.57
60.57
60.57
60.57
60.57
60.57
60.57
60.57
60.57
60.57
60.57
60.57
60.57
60.57
60.57
60.57
60.57
60.57
60.57
60.57
60.57
60.57
60.57
60.57
60.57
60.57
60.57
60.57
60.57
60.57
60.57
60.57
60.57
60.57
60.57
60.57
60.57
60.57
60.57
60.57
60.57
60.57
60.57
60.57
60.57
60.57
60.57
60.57
60.57
60.57
60.57
60.57
60.57
60.57
60.57
60.57
60.57
60.57
60.57
60.57
60.57
60.57
60.57
60.57
60.57
60.57
60.57
60.57
60.57
60.57
60.57
60.57
60.57
60.57
60.57
60.57
60.57
60.57
60.57
60.5668
60.5605
60.5573
60.5321
60.4816
60.4121
60.4121
60.4121
60.4121
60.4121
60.4121
60.4121
60.4121
60.4121
60.4121
60.4121
60.4121
60.4121
60.4121
60.4121
60.4121
60.4121
60.4121
60.4121
60.4121
60.4121
60.4121
60.4121
60.4121
60.4121
60.4121
60.4121
60.4121
60.4121
60.4121
60.4121
60.4121
60.4121
60.4121
60.4121
60.4121
60.4121
60.4121
60.4121
60.4121
60.4121
60.4121
60.4121
60.4121
60.4121
60.4121
60.4121
60.4121
60.4121
60.4121
60.4121
60.4121
60.4121
60.4121
60.4121
60.4121
60.4121
60.4121
60.4121
60.4121
60.4121
60.4121
60.4121
60.4121
60.4121
60.4121
60.4121
60.4121
60.4121
60.4121
60.4121
60.4121
60.4121
60.4121
60.4121
60.4121
60.4121
60.4121
60.4121
60.4121
60.4121
60.4121
60.4121
60.4121
60.4121
60.4121
60.4121
60.4121
60.4121
60.4121
60.4121
60.4121
60.4121
60.4121
60.4121
60.4121
60.4121
60.4121
60.4121
60.4121
60.4121
60.4121
60.4121
60.4121
60.4121
60.4121
60.4121
60.4121
60.4121
60.4121
60.4121
60.4121
60.4121
60.4064
60.4064
60.3891
60.3891
60.3544
60.2505
60.1235
60.1235
60.1235
60.1235
60.1235
60.1235
60.1235
60.1235
60.1235
60.1235
60.1235
60.1235
60.1235
60.1235
60.1235
60.1235
60.1235
60.1235
60.1235
60.1235
60.1235
60.1235
60.1235
60.1235
60.1235
60.1235
60.1235
60.1235
60.1235
60.1235
60.1235
60.1235
60.1235
60.1235
60.1235
60.1235
60.1235
60.1235
60.1235
60.1235
60.1235
60.1235
60.1235
60.1235
60.1235
60.1235
60.1235
60.1235
60.1235
60.1235
60.1235
60.1235
60.1235
60.1235
60.1235
60.1235
60.1235
60.1235
60.1235
60.1235
60.1235
60.1235
60.1235
60.1235
60.1235
60.1235
60.1235
60.1235
60.1204
60.1235
60.1235
60.1235
60.1235
60.1235
60.1235
60.1235
60.1235
60.1235
60.1235
60.1235
60.1235
60.1235
60.1235
60.1235
60.1235
60.1235
60.1235
60.1235
60.1235
60.1235
60.1235
60.1235
60.1235
60.1235
60.1235
60.1235
60.1235
60.1235
60.1235
60.1235
60.1235
60.1235
60.1235
60.1235
60.1235
60.1235
60.1235
60.1235
60.1235
60.1235
60.1235
60.1235
60.1235
60.1235
60.1235
60.1235
60.1235
60.1235
60.1235
60.1235
60.1235
60.1235
60.1235
60.1235
60.1235
60.1235
60.1235
60.1235
60.1235
60.1235
60.1235
60.1235
60.1235
60.1235
60.1235
60.1235
60.1235
60.1235
60.1235
60.1235
60.1235
60.1235
60.1235
60.1235
60.1235
60.1235
60.1235
60.1235
60.1235
60.1235
60.1235
60.1235
60.1235
60.1235
60.1235
60.1235
60.1235
60.1235
60.1235
60.1235
60.1235
60.1235
60.1235
60.1235
60.1235
60.1235
60.1235
60.1235
60.1235
60.1235
60.1235
60.1235
60.1235
60.1235
60.1235
60.1235
60.1235
60.1235
60.1235
60.1235
60.1235
60.1235
60.1235
60.1235
60.1235
60.1235
60.1235
60.1235
60.1235
60.1235
60.1235
60.1235
60.1235
60.1235
60.1235
60.1235
60.1235
60.1235
60.1235
60.1235
60.1235
60.1235
60.1235
60.1235
60.1235
60.1235
60.1235
60.1235
60.1235
60.1235
60.1235
60.1235
60.1235
60.1235
60.1235
60.1235
60.1235
60.1235
60.1235
60.1235
60.1235
60.1235
60.1235
60.1235
60.1235
60.1235
60.1235
60.1235
60.1235
60.1235
60.1235
60.1235
60.1235
60.1235
60.1235
60.1235
60.1235
60.1235
60.1235
60.1235
60.1235
60.1235
60.1235
60.1235
60.1235
60.1235
60.1235
60.1235
60.1235
60.1235
60.1235
60.1235
60.1235
60.1235
60.1235
60.1235
60.1235
60.1235
60.1235
60.1235
60.1235
60.1235
60.1235
60.1235
60.1235
60.1235
60.1235
60.1235
60.1235
60.1235
60.1235
60.1235
60.1235
60.1235
60.1235
60.1235
60.1235
60.1235
60.1235
60.1235
60.1235
60.1235
60.1235
60.1235
60.1235
60.1235
60.1235
60.1235
60.1235
60.1235
60.1235
60.1235
60.1235
60.1235
60.1235
60.1235
60.1235
60.1235
60.1235
60.1235
60.1235
60.1235
60.1235
60.1235
60.1235
60.1235
60.1235
60.1235
60.1235
60.1235
60.1235
60.1235
60.1235
60.1235
60.1235
60.1235
60.1235
60.1235
60.1235
60.1235
60.1235
60.1235
60.1235
60.1235
60.1235
60.1235
60.1235
60.1235
60.1235
60.1235
60.1235
60.1235
60.1235
60.1235
60.1235
60.1235
60.1235
60.1235
60.1235
60.1235
60.1235
60.1235
60.1235
60.1235
60.1235
60.1235
60.1235
60.1235
60.1235
60.1235
60.1235
60.1235
60.1235
60.1235
60.1235
60.1235
60.1235
60.1235
60.1235
60.1235
60.1235
60.1235
60.1235
60.1235
60.1235
60.1235
60.1235
60.1235
60.1235
60.1235
60.1235
60.1235
60.1235
60.1235
60.1235
60.1235
60.1235
60.1235
60.1235
60.1235
60.1235
60.1235
60.1235
60.1235
60.1235
60.1235
60.1235
60.1235
60.1235
60.1235
60.1235
60.1235
60.1235
60.1235
60.1235
60.1235
60.1235
60.1235
60.1235
60.1235
60.1235
60.1235
60.1235
60.1235
60.1235
60.1235
60.1235
60.1235
60.1235
60.1235
60.1235
60.1235
60.1235
60.1235
60.1235
60.1235
60.1235
60.1235
60.1235
60.1235
60.1235
60.1235
60.1235
60.1235
60.1235
60.1235
60.1235
60.1235
60.1235
60.1235
60.1235
60.1235
60.1235
60.1235
60.1235
60.1235
60.1235
60.1235
60.1235
60.1235
60.1235
60.1235
60.1235
60.1235
60.1235
60.1235
60.1235
60.1235
60.1235
60.1235
60.1235
60.1235
60.1235
60.1235
60.1235
60.1235
60.1235
60.1235
60.1235
60.1235
60.1235
60.1235
60.1235
60.1235
60.1235
60.1235
60.1235
60.1235
60.1235
60.1235
60.1235
60.1235
60.1235
60.1235
60.1235
60.1235
60.1235
60.1235
60.1235
60.1235
60.1235
60.1235
60.1235
60.1235
60.1235
60.1235
60.1235
60.1235
60.1235
60.1235
60.1235
60.1235
60.1235
60.1235
60.1235
60.1235
60.1235
60.1235
60.1235
60.1235
60.1235
60.1235
60.1235
60.1235
60.1235
60.1235
60.1235
60.1235
60.1235
60.1235
60.1235
60.1235
60.1235
60.1235
60.1235
60.1235
60.1235
60.1235
60.1235
60.1235
60.1235
60.1235
60.1235
60.1235
60.1235
60.1235
60.1235
60.1235
60.1235
60.1235
60.1235
60.1235
60.1235
60.1235
60.1235
60.1235
60.1235
60.1235
60.1235
60.1235
60.1235
60.1235
60.1235
60.1235
60.1235
60.1235
60.1235
60.1235
60.1235
60.1235
60.1235
60.1235
60.1235
60.1235
60.1235
60.1235
60.1235
60.1235
60.1235
60.1235
60.1235
60.1235
60.1235
60.1235
60.1235
60.1235
60.1235
60.1235
60.1235
60.1235
60.1235
60.1235
60.1235
60.1235
60.1235
60.1235
60.1235
60.1235
60.1235
60.1235
60.1235
60.1235
60.1235
60.1235
60.1235
60.1235
60.1235
60.1235
60.1235
60.1235
60.1235
60.1235
60.1235
60.1235
60.1235
60.1235
60.1235
60.1235
60.1235
60.1235
60.1235
60.1235
60.1235
60.1235
60.1235
60.1235
60.1235
60.1235
60.1235
60.1235
60.1235
60.1235
60.1235
60.1235
60.1235
60.1235
60.1235
60.1235
60.1235
60.1235
60.1235
60.1235
60.1235
60.1235
60.1235
60.1235
60.1235
60.1235
60.1235
60.1235
60.1235
60.1235
60.1235
60.1235
60.1235
60.1235
60.1235
60.1235
60.1235
60.1235
60.1235
60.1235
60.1235
60.1235
60.1235
60.1235
60.1235
60.1235
60.1235
60.1235
60.1235
60.1235
60.1235
60.1235
60.1235
60.1235
60.1235
60.1235
60.1235
60.1235
60.1235
60.1235
60.1235
60.1235
60.1235
60.1235
60.1235
60.1235
60.1235
60.1235
60.1235
60.1235
60.1235
60.1235
60.1235
60.1235
60.1235
60.1235
60.1235
60.1235
60.1235
60.1235
60.1235
60.1235
60.1235
60.1235
60.1235
60.1235
60.1235
60.1235
60.1235
60.1235
60.1235
60.1235
60.1235
60.1235
60.1235
60.1235
60.1235
60.1235
60.1235
60.1235
60.1235
60.1235
60.1235
60.1235
60.1235
60.1235
60.1235
60.1235
60.1235
60.1235
60.1235
60.1235
60.1235
60.1235
60.1235
60.1235
60.1235
60.1235
60.1235
60.1235
60.1235
60.1235
60.1235
60.1235
60.1235
60.1235
60.1235
60.1235
60.1235
60.1235
60.1235
60.1235
60.1235
60.1235
60.1235
60.1235
60.1235
60.1235
60.1235
60.1235
60.1235
60.1235
60.1235
60.1235
60.1235
60.1235
60.1235
60.1235
60.1235
60.1235
60.1235
60.1235
60.1235
60.1235
60.1235
60.1235
60.1235
60.1235
60.1235
60.1235
60.1235
60.1235
60.1235
60.1235
60.1235
60.1235
60.1235
60.1235
60.1235
60.1235
60.1235
60.1235
60.1235
60.1235
60.1235
60.1235
60.1235
60.1235
60.1235
60.1235
60.1235
60.1235
60.1235
60.1235
60.1235
60.1235
60.1235
60.1235
60.1235
60.1235
60.1235
60.1235
60.1235
60.1235
60.1235
60.1235
60.1235
60.1235
60.1235
60.1235
60.1235
60.1235
60.1235
60.1235
60.1235
60.1235
60.1235
60.1235
60.1235
60.1235
60.1235
60.1235
60.1235
60.1235
60.1235
60.1235
60.1235
60.1235
60.1235
60.1235
60.1235
60.1235
60.1235
60.1235
60.1235
60.1235
60.1235
60.1235
60.1235
60.1235
60.1235
60.1235
60.1235
60.1235
60.1235
60.1235
60.1235
60.1235
60.1235
60.1235
60.1235
60.1235
60.1235
60.1235
60.1235
60.1235
60.1235
60.1235
60.1235
60.1235
60.1235
60.1235
60.1235
60.1235
60.1215
60.1154
60.1093
60.081
60.0284
60.0224
60.0224
60.0224
60.0224
60.0224
60.0224
60.0224
60.0224
60.0224
60.0224
60.0224
60.0224
60.0224
60.0224
60.0224
60.0224
60.0224
60.0224
60.0224
60.0224
60.0224
60.0224
60.0224
60.0224
60.0224
60.0224
60.0224
60.0224
60.0224
60.0224
60.0224
60.0224
60.0224
60.0224
60.0224
60.0224
60.0224
60.0224
60.0224
60.0224
60.0224
60.0224
60.0224
60.0224
60.0224
60.0224
60.0224
60.0224
60.0224
60.0224
60.0224
60.0224
60.0224
60.0224
60.0224
60.0224
60.0224
60.0224
60.0224
60.0224
60.0224
60.0224
60.0224
60.0224
60.0224
60.0224
60.0224
60.0224
60.0224
60.0224
60.0224
60.0224
60.0224
60.0224
60.0224
60.0224
60.0224
60.0224
60.0224
60.0224
60.0224
60.0224
60.0224
60.0224
60.0224
60.0224
60.0224
60.0224
60.0224
60.0224
60.0224
60.0224
60.0224
60.0224
60.0224
60.0224
60.0224
60.0224
60.0224
60.0224
60.0224
60.0224
60.0224
60.0224
60.0224
60.0224
60.0224
60.0224
60.0224
60.0224
60.0224
60.0224
60.0224
60.0224
60.0224
60.0224
60.0224
60.0224
60.0224
60.0224
60.0224
60.0224
60.0224
60.0224
60.0224
60.0224
60.0224
60.0224
60.0224
60.0224
60.0224
60.0224
60.0224
60.0224
60.0224
60.0224
60.0224
60.0224
60.0224
60.0224
60.0224
60.0224
60.0224
60.0224
60.0224
60.0224
60.0224
60.0224
60.0224
60.0224
60.0224
60.0224
60.0224
60.0224
60.0224
60.0224
60.0224
60.0224
60.0224
60.0224
60.0224
60.0224
60.0224
60.0224
60.0224
60.0224
60.0224
60.0224
60.0224
60.0224
60.0224
60.0224
60.0224
60.0224
60.0224
60.0224
60.0224
60.0224
60.0224
60.0224
60.0224
60.0224
60.0224
60.0224
60.0224
60.0224
60.0224
60.0224
60.0224
60.0224
60.0224
60.0224
60.0224
60.0224
60.0224
60.0224
60.0224
60.0224
60.0224
60.0224
60.0224
60.0224
60.0224
60.0224
60.0224
60.0224
60.0224
60.0224
60.0224
60.0224
60.0224
60.0224
60.0224
60.0224
60.0224
60.0224
60.0224
60.0224
60.0224
60.0224
60.0224
60.0224
60.0224
60.0224
60.0224
60.0224
60.0224
60.0224
60.0224
60.0224
60.0224
60.0224
60.0224
60.0224
60.0224
60.0224
60.0224
60.0224
60.0224
60.0224
60.0224
60.0224
60.0224
60.0224
60.0224
60.0224
60.0224
60.0224
60.0224
60.0224
60.0224
60.0224
60.0224
60.0224
60.0224
60.0224
60.0224
60.0224
60.0224
60.0224
60.0224
60.0224
60.0224
60.0224
60.0224
60.0224
60.0224
60.0224
60.0224
60.0224
60.0224
60.0224
60.0224
60.0224
60.0224
60.0224
60.0224
60.0224
60.0224
60.0224
60.0224
60.0224
60.0224
60.0224
60.0224
60.0224
60.0224
60.0224
60.0224
60.0224
60.0224
60.0224
60.0224
60.0224
60.0224
60.0224
60.0224
60.0224
60.0224
60.0224
60.0224
60.0224
60.0224
60.0224
60.0224
60.0184
60.0105
59.9909
59.9364
59.7803
59.6898
59.4344
59.0714
59.0714
59.0714
59.0714
59.0714
59.0714
59.0714
59.0714
59.0714
59.0714
59.0714
59.0714
59.0714
59.0714
59.0714
59.0714
59.0714
59.0714
59.0714
59.0714
59.0714
59.0714
59.0714
59.0714
59.0714
59.0714
59.0714
59.0714
59.0714
59.0714
59.0714
59.0714
59.0714
59.0714
59.0714
59.0714
59.0714
59.0714
59.0714
59.0714
59.0714
59.0714
59.0714
59.0714
59.0714
59.0714
59.0714
59.0714
59.0714
59.0714
59.0714
59.0714
59.0714
59.0714
59.0714
59.0714
59.0714
59.0714
59.0714
59.0714
59.0714
59.0714
59.0714
59.0714
59.0714
59.0714
59.0714
59.0714
59.0714
59.0714
59.0714
59.0714
59.0714
59.0714
59.0714
59.0714
59.0714
59.0714
59.0714
59.0714
59.0714
59.0714
59.0714
59.0714
59.0714
59.0714
59.0714
59.0714
59.0714
59.0714
59.0714
59.0714
59.0714
59.0714
59.0714
59.0714
59.0714
59.0714
59.0714
59.0714
59.0714
59.0714
59.0714
59.0714
59.0714
59.0714
59.0714
59.0714
59.0714
59.0714
59.0714
59.0714
59.0714
59.0714
59.0714
59.0714
59.0714
59.0714
59.0714
59.0714
59.0714
59.0714
59.0714
59.0714
59.0714
59.0714
59.0714
59.0714
59.0714
59.0714
59.0714
59.0714
59.0714
59.0714
59.0714
59.0714
59.0714
59.0714
59.0714
59.0714
59.0714
59.0714
59.0714
59.0714
59.0714
59.0714
59.0714
59.0714
59.0714
59.0714
59.0714
59.0714
59.0714
59.0714
59.0714
59.0714
59.0714
59.0714
59.0714
59.0714
59.0714
59.0714
59.0714
59.0714
59.0714
59.0714
59.0714
59.0714
59.0714
59.0714
59.0714
59.0714
59.0714
59.0714
59.0714
59.0714
59.0714
59.0714
59.0714
59.0714
59.0714
59.0714
59.0714
59.0714
59.0714
59.0714
59.0714
59.0714
59.0714
59.0714
59.0714
59.0714
59.0714
59.0714
59.0714
59.0714
59.0714
59.0714
59.0714
59.0714
59.0714
59.0714
59.0714
59.0714
59.0714
59.0714
59.0714
59.0714
59.0714
59.0714
59.0714
59.0714
59.0714
59.0714
59.0714
59.0714
59.0714
59.0714
59.0714
59.0714
59.0714
59.0714
59.0714
59.0714
59.0714
59.0714
59.0714
59.0714
59.0714
59.0714
59.0714
59.0714
59.0714
59.0714
59.0714
59.0714
59.0714
59.0714
59.0714
59.0714
59.0714
59.0714
59.0714
59.0714
59.0714
59.0714
59.0559
59.0559
58.9784
58.8698
58.5597
58.2961
58.2961
58.2961
58.2961
58.2961
58.2961
58.2961
58.2961
58.2961
58.2961
58.2961
58.2961
58.2961
58.2961
58.2961
58.2961
58.2961
58.2961
58.2961
58.2961
58.2961
58.2961
58.2961
58.2961
58.2961
58.2961
58.2961
58.2961
58.2961
58.2961
58.2961
58.2961
58.2961
58.2961
58.2961
58.2961
58.2961
58.2961
58.2961
58.2961
58.2961
58.2961
58.2961
58.2961
58.2961
58.2961
58.2961
58.2961
58.2961
58.2961
58.2961
58.2961
58.2961
58.2961
58.2961
58.2961
58.2961
58.2961
58.2961
58.2961
58.2961
58.2961
58.2961
58.2961
58.2961
58.2961
58.2961
58.2961
58.2961
58.2961
58.2961
58.2961
58.2961
58.2961
58.2961
58.2961
58.2961
58.2961
58.2961
58.2961
58.2961
58.2961
58.2961
58.2961
58.2961
58.2961
58.2961
58.2961
58.2961
58.2961
58.2961
58.2961
58.2961
58.2961
58.2961
58.2961
58.2961
58.2961
58.2961
58.2961
58.2961
58.2961
58.2961
58.2961
58.2961
58.2961
58.2961
58.2961
58.2961
58.2961
58.2961
58.2961
58.2961
58.2961
58.2961
58.2961
58.2961
58.2961
58.2961
58.2961
58.2961
58.2961
58.2961
58.2961
58.2961
58.2961
58.2961
58.2961
58.2961
58.2961
58.2961
58.2961
58.2961
58.2961
58.2961
58.2961
58.2961
58.2961
58.2961
58.2961
58.2961
58.2961
58.2961
58.2961
58.2961
58.2961
58.2961
58.2961
58.2961
58.2961
58.2961
58.2961
58.2961
58.2961
58.2961
58.2961
58.2961
58.2961
58.2961
58.2961
58.2961
58.2961
58.2961
58.2961
58.2961
58.2961
58.2961
58.2961
58.2961
58.2961
58.2961
58.2961
58.2961
58.2961
58.2961
58.2961
58.2961
58.2961
58.2961
58.2961
58.2961
58.2961
58.2961
58.2961
58.2961
58.2961
58.2961
58.2961
58.2961
58.2961
58.2961
58.2961
58.2961
58.2961
58.2961
58.2961
58.2961
58.2961
58.2961
58.2961
58.2961
58.2961
58.2961
58.2961
58.2961
58.2961
58.2961
58.2961
58.2961
58.2961
58.2961
58.2961
58.2961
58.2961
58.2961
58.2961
58.2961
58.2961
58.2961
58.2961
58.2961
58.2961
58.2961
58.2961
58.2961
58.2961
58.2961
58.2961
58.2961
58.2961
58.2961
58.2961
58.2961
58.2961
58.2961
58.2961
58.2961
58.2961
58.2961
58.2961
58.2961
58.2961
58.2961
58.2961
58.2961
58.2961
58.2961
58.2961
58.2961
58.2961
58.2961
58.2961
58.2961
58.2961
58.2961
58.2961
58.2961
58.2961
58.2961
58.2961
58.2961
58.2961
58.2961
58.2961
58.2961
58.2961
58.2961
58.2961
58.2961
58.2961
58.2961
58.2961
58.2961
58.2961
58.2961
58.2961
58.2961
58.2961
58.2961
58.2961
58.2961
58.2961
58.2961
58.2961
58.2961
58.2961
58.2961
58.2961
58.2961
58.2961
58.2961
58.2961
58.2961
58.2961
58.2961
58.2961
58.2961
58.2961
58.2961
58.2961
58.2961
58.2961
58.2961
58.2961
58.2961
58.2961
58.2961
58.2961
58.2961
58.2961
58.2961
58.2961
58.2961
58.2961
58.2961
58.2961
58.2961
58.2961
58.2961
58.2961
58.2961
58.2961
58.2961
58.2961
58.2961
58.2961
58.2961
58.2961
58.2961
58.2961
58.2961
58.2961
58.2961
58.2961
58.2961
58.2961
58.2961
58.2961
58.2961
58.2961
58.2961
58.2961
58.2961
58.2961
58.2961
58.2961
58.2961
58.2961
58.2961
58.2961
58.2961
58.2961
58.2961
58.2961
58.2961
58.2961
58.2961
58.2961
58.2961
58.2961
58.2961
58.2961
58.2961
58.2961
58.293
58.293
58.2961
58.2961
58.2961
58.2961
58.2961
58.2961
58.2961
58.2961
58.2961
58.2961
58.2961
58.2961
58.2961
58.2961
58.2961
58.2961
58.2961
58.2961
58.2961
58.2961
58.2961
58.2961
58.2961
58.2961
58.2961
58.2961
58.2961
58.2961
58.2961
58.2961
58.2961
58.2961
58.2961
58.2961
58.2961
58.2961
58.2961
58.2961
58.2961
58.2961
58.2961
58.2961
58.2961
58.2961
58.2961
58.2961
58.2961
58.2961
58.2961
58.2961
58.2961
58.2961
58.2961
58.2961
58.2961
58.2961
58.2961
58.2961
58.2961
58.2961
58.2961
58.2961
58.2961
58.2961
58.2961
58.2961
58.2961
58.2961
58.2961
58.2961
58.2961
58.2961
58.2961
58.2961
58.2961
58.2961
58.2961
58.2961
58.2961
58.2961
58.2961
58.2961
58.2961
58.2961
58.2961
58.2961
58.2961
58.2961
58.2961
58.2961
58.2961
58.2961
58.2961
58.2961
58.2961
58.2961
58.2961
58.2961
58.2961
58.2961
58.2961
58.2961
58.2961
58.2961
58.2961
58.2961
58.2961
58.2961
58.2961
58.2961
58.2961
58.2961
58.2961
58.2961
58.2961
58.2961
58.2961
58.2961
58.2961
58.2961
58.2961
58.2961
58.2961
58.2961
58.2961
58.2961
58.2961
58.2961
58.2961
58.2961
58.2961
58.2961
58.2961
58.2961
58.2961
58.2961
58.2961
58.2961
58.2961
58.2961
58.2961
58.2961
58.2961
58.2961
58.2961
58.2961
58.2961
58.2961
58.2961
58.2961
58.2961
58.2961
58.2961
58.2961
58.2961
58.2961
58.2961
58.2961
58.2961
58.2961
58.2961
58.2961
58.2961
58.2961
58.2961
58.2961
58.2961
58.2961
58.2961
58.2961
58.2961
58.2961
58.2961
58.2961
58.2961
58.2961
58.2961
58.2961
58.2961
58.2961
58.2961
58.2961
58.2961
58.2961
58.2961
58.2961
58.2961
58.2961
58.2961
58.2961
58.2961
58.2961
58.2961
58.2961
58.2961
58.2961
58.2961
58.2961
58.2961
58.2961
58.2961
58.2961
58.2961
58.2961
58.2961
58.2961
58.2961
58.2961
58.2961
58.2961
58.2961
58.2961
58.2961
58.2961
58.2961
58.2961
58.2961
58.2961
58.2961
58.2961
58.2961
58.2961
58.2961
58.2961
58.2961
58.2961
58.2961
58.2961
58.2961
58.2961
58.2961
58.2961
58.2961
58.2961
58.2961
58.2961
58.2961
58.2961
58.2961
58.2961
58.2961
58.2961
58.2961
58.2961
58.2961
58.2961
58.2961
58.2961
58.2961
58.2961
58.2961
58.2961
58.2961
58.2961
58.2961
58.2961
58.2961
58.2961
58.2961
58.2961
58.2961
58.2961
58.2961
58.2961
58.2961
58.2961
58.2961
58.2961
58.2961
58.2961
58.2961
58.2961
58.2961
58.2961
58.2961
58.2961
58.2961
58.2961
58.2961
58.2961
58.2961
58.2961
58.2961
58.2961
58.2961
58.2961
58.2961
58.2961
58.2961
58.2961
58.2961
58.2961
58.2961
58.2961
58.2961
58.2961
58.2961
58.2961
58.2961
58.2961
58.2961
58.2961
58.2961
58.2961
58.2961
58.2961
58.2961
58.2961
58.2961
58.2961
58.2961
58.2961
58.2961
58.2961
58.2961
58.2961
58.2961
58.2961
58.2961
58.2961
58.2961
58.2961
58.2961
58.2961
58.2961
58.2961
58.2961
58.2961
58.2961
58.2961
58.2961
58.2961
58.2961
58.2961
58.2961
58.2961
58.2961
58.2961
58.2961
58.2961
58.2961
58.2961
58.2961
58.2961
58.2961
58.2961
58.2961
58.2961
58.2961
58.2961
58.2961
58.2961
58.2961
58.2961
58.2961
58.2961
58.2961
58.2961
58.2961
58.2961
58.2961
58.2961
58.2961
58.2961
58.2961
58.2961
58.2961
58.2961
58.2961
58.2961
58.2961
58.2961
58.2961
58.2961
58.2961
58.2961
58.2961
58.2961
58.2961
58.2961
58.2961
58.2961
58.2961
58.2961
58.2961
58.2961
58.2961
58.2961
58.2961
58.2961
58.2961
58.2961
58.2961
58.2961
58.2961
58.2961
58.2961
58.2961
58.2961
58.2961
58.2961
58.2961
58.2961
58.2961
58.2961
58.2961
58.2961
58.2961
58.2961
58.2961
58.2961
58.2961
58.2961
58.2961
58.2961
58.2961
58.2961
58.2961
58.2961
58.2961
58.2961
58.2961
58.2961
58.2961
58.2961
58.2961
58.2961
58.2961
58.2961
58.2961
58.2961
58.2961
58.2961
58.2961
58.2961
58.2961
58.2961
58.2961
58.2961
58.2961
58.2961
58.2961
58.2961
58.2961
58.2961
58.2961
58.2961
58.2961
58.2961
58.2961
58.2961
58.2961
58.2961
58.2961
58.2961
58.2961
58.2961
58.2961
58.2961
58.2961
58.2961
58.2961
58.2961
58.2961
58.2961
58.2961
58.2961
58.2961
58.2961
58.2961
58.2961
58.2961
58.2961
58.2961
58.2961
58.2961
58.2961
58.2961
58.2961
58.2961
58.2961
58.2961
58.2961
58.2961
58.2961
58.2961
58.2961
58.2961
58.2961
58.2961
58.2961
58.2961
58.2961
58.2961
58.2961
58.2961
58.2961
58.2961
58.2961
58.2961
58.2961
58.2961
58.2961
58.2961
58.2961
58.2961
58.2961
58.2961
58.2961
58.2961
58.2961
58.2961
58.2961
58.2961
58.2961
58.2961
58.2961
58.2961
58.2961
58.2961
58.2961
58.2961
58.2961
58.2961
58.2961
58.2961
58.2961
58.2961
58.2961
58.2961
58.2961
58.2961
58.2961
58.2961
58.2961
58.2961
58.2961
58.2961
58.2961
58.2961
58.2961
58.2961
58.2961
58.2961
58.2961
58.2961
58.2961
58.2961
58.2961
58.2961
58.2961
58.2961
58.2961
58.2961
58.2961
58.2961
58.2961
58.2961
58.2961
58.2961
58.2961
58.2961
58.2961
58.2961
58.2961
58.2961
58.2961
58.2961
58.2961
58.2961
58.2961
58.2961
58.2961
58.2961
58.2961
58.2961
58.2961
58.2961
58.2961
58.2961
58.2961
58.2961
58.2961
58.2961
58.2961
58.2961
58.2961
58.2961
58.2961
58.2961
58.2961
58.2961
58.2961
58.2961
58.2961
58.2961
58.2961
58.2961
58.2961
58.2961
58.2961
58.2961
58.2961
58.2961
58.2961
58.2961
58.2961
58.2961
58.2961
58.2961
58.2961
58.2961
58.2961
58.2961
58.2961
58.2961
58.2961
58.2961
58.2961
58.2961
58.2961
58.2961
58.2961
58.2961
58.2961
58.2961
58.2961
58.2961
58.2961
58.2961
58.2961
58.2961
58.2961
58.2961
58.2961
58.2961
58.2961
58.2961
58.2961
58.2961
58.2961
58.2961
58.2961
58.2961
58.2961
58.2961
58.2961
58.2961
58.2961
58.2961
58.2961
58.2961
58.2961
58.2961
58.2961
58.2961
58.2961
58.2961
58.2961
58.2961
58.2961
58.2961
58.2961
58.2961
58.2961
58.2961
58.2961
58.2961
58.2961
58.2961
58.2961
58.2961
58.2961
58.2961
58.2961
58.2961
58.2961
58.2961
58.2961
58.2961
58.2961
58.2961
58.2961
58.2961
58.2961
58.2961
58.2961
58.2961
58.2961
58.2961
58.2961
58.2961
58.2961
58.2961
58.2961
58.2961
58.2961
58.2961
58.2961
58.2961
58.2961
58.2961
58.2961
58.2961
58.2961
58.2961
58.2961
58.2961
58.2961
58.2961
58.2961
58.2961
58.2961
58.2961
58.2961
58.2961
58.2961
58.2961
58.2961
58.2961
58.2961
58.2961
58.2961
58.2961
58.2961
58.2961
58.2961
58.2961
58.2961
58.2961
58.2961
58.2961
58.2961
58.2961
58.2961
58.2961
58.2961
58.2961
58.2961
58.2961
58.2961
58.2961
58.2961
58.2961
58.2961
58.2961
58.2961
58.2961
58.2961
58.2961
58.2961
58.2961
58.2961
58.2961
58.2961
58.2961
58.2961
58.2961
58.2961
58.2961
58.2961
58.2961
58.2961
58.2961
58.2961
58.2961
58.2961
58.2961
58.2961
58.2961
58.2961
58.2961
58.2961
58.2961
58.2961
58.2961
58.2961
58.2961
58.2961
58.2961
58.2961
58.2961
58.2961
58.2961
58.2961
58.2961
58.2961
58.2961
58.2961
58.2961
58.2961
58.2961
58.2961
58.2961
58.2961
58.2961
58.2961
58.2961
58.2961
58.2961
58.2961
58.2961
58.2961
58.2961
58.2961
58.2961
58.2961
58.2961
58.2961
58.2961
58.2961
58.2961
58.2961
58.2961
58.2961
58.2961
58.2961
58.2961
58.2961
58.2961
58.2961
58.2961
58.2961
58.2961
58.2961
58.2961
58.2961
58.2961
58.2961
58.2961
58.2961
58.2961
58.2961
58.2961
58.2961
58.2961
58.2961
58.2961
58.2961
58.2961
58.2961
58.2961
58.2961
58.2961
58.2961
58.2961
58.2961
58.2961
58.2961
58.2961
58.2961
58.2961
58.2961
58.2961
58.2961
58.2961
58.2961
58.2961
58.2961
58.2961
58.2961
58.2961
58.2961
58.2961
58.2961
58.2961
58.2961
58.2961
58.2961
58.2961
58.2961
58.2961
58.2961
58.2961
58.2961
58.2961
58.2961
58.2961
58.2961
58.2961
58.2961
58.2961
58.2961
58.2961
58.2961
58.2961
58.2961
58.2961
58.2961
58.2961
58.2961
58.2961
58.2961
58.2961
58.2961
58.2961
58.2961
58.2961
58.2961
58.2961
58.2961
58.2961
58.2961
58.2961
58.2961
58.2961
58.2961
58.2961
58.2961
58.2961
58.2961
58.2961
58.2961
58.2961
58.2961
58.2961
58.2961
58.2961
58.2961
58.2961
58.2961
58.2961
58.2961
58.2961
58.2961
58.2961
58.2961
58.2961
58.2961
58.2961
58.2961
58.2961
58.2961
58.2961
58.2961
58.2961
58.2961
58.2961
58.2961
58.2961
58.2961
58.2961
58.2961
58.2961
58.2961
58.2961
58.2961
58.2961
58.2961
58.2961
58.2961
58.2961
58.2961
58.2961
58.2961
58.2961
58.2961
58.2961
58.2961
58.2961
58.2961
58.2961
58.2961
58.2961
58.2961
58.2961
58.2961
58.2961
58.2961
58.2961
58.2961
58.2961
58.2961
58.2961
58.2961
58.2961
58.2961
58.2961
58.2961
58.2961
58.2961
58.2961
58.2961
58.2961
58.2961
58.2961
58.2961
58.2961
58.2961
58.2961
58.2961
58.2961
58.2961
58.2961
58.2961
58.2961
58.2961
58.2961
58.2961
58.2961
58.2961
58.2961
58.2961
58.2961
58.2961
58.2961
58.2961
58.2961
58.2961
58.2961
58.2961
58.2961
58.2961
58.2961
58.2961
58.2961
58.2961
58.2961
58.2961
58.2961
58.2961
58.2961
58.2961
58.2961
58.2961
58.2961
58.2961
58.2961
58.2961
58.2961
58.2961
58.2961
58.2961
58.2961
58.2961
58.2961
58.2961
58.2961
58.2961
58.2961
58.2961
58.2961
58.2961
58.2961
58.2961
58.2961
58.2961
58.2961
58.2961
58.2961
58.2961
58.2961
58.2961
58.2961
58.2961
58.2961
58.2961
58.2961
58.2961
58.2961
58.2961
58.2961
58.2961
58.2961
58.2961
58.2961
58.2961
58.2961
58.2961
58.2961
58.2961
58.2961
58.2961
58.2961
58.2961
58.2961
58.2961
58.2961
58.2961
58.2961
58.2961
58.2961
58.2961
58.2961
58.2961
58.2961
58.2961
58.2961
58.2961
58.2961
58.2961
58.2961
58.2961
58.2961
58.2961
58.2961
58.2961
58.2961
58.2961
58.2961
58.2961
58.2961
58.2961
58.2961
58.2961
58.2961
58.2961
58.2961
58.2961
58.2961
58.2961
58.2961
58.2961
58.2961
58.2961
58.2961
58.2961
58.2961
58.2961
58.2961
58.2961
58.2961
58.2961
58.2961
58.2961
58.2961
58.2961
58.2961
58.2961
58.2961
58.2961
58.2961
58.2961
58.2961
58.2961
58.2961
58.2961
58.2961
58.2961
58.2961
58.2961
58.2961
58.2961
58.2961
58.2961
58.2961
58.2961
58.2961
58.2961
58.2961
58.2961
58.2961
58.2961
58.2961
58.2961
58.2961
58.2961
58.2961
58.2961
58.2961
58.2961
58.2961
58.2961
58.2961
58.2961
58.2961
58.2961
58.2961
58.2961
58.2961
58.2961
58.2961
58.2961
58.2961
58.2961
58.2961
58.2961
58.2961
58.2961
58.2961
58.2961
58.2961
58.2961
58.2961
58.2961
58.2961
58.2961
58.2961
58.2961
58.2961
58.2961
58.2961
58.2961
58.2961
58.2961
58.2961
58.2961
58.2961
58.2961
58.2961
58.2961
58.2961
58.2961
58.2961
58.2961
58.2961
58.2961
58.2961
58.2961
58.2961
58.2961
58.2961
58.2961
58.2961
58.293
58.2899
58.2557
58.1842
58.1407
58.1407
58.1407
58.1407
58.1407
58.1407
58.1407
58.1407
58.1407
58.1407
58.1407
58.1407
58.1407
58.1407
58.1407
58.1407
58.1407
58.1407
58.1407
58.1407
58.1407
58.1407
58.1407
58.1407
58.1407
58.1407
58.1407
58.1407
58.1407
58.1407
58.1407
58.1407
58.1407
58.1407
58.1407
58.1407
58.1407
58.1407
58.1407
58.1407
58.1407
58.1407
58.1407
58.1407
58.1407
58.1407
58.1407
58.1407
58.1407
58.1407
58.1407
58.1407
58.1407
58.1407
58.1407
58.1407
58.1407
58.1407
58.1407
58.1407
58.1407
58.1407
58.1407
58.1407
58.1407
58.1407
58.1407
58.1407
58.1407
58.1407
58.1407
58.1407
58.1407
58.1407
58.1407
58.1407
58.1407
58.1407
58.1407
58.1407
58.1407
58.1407
58.1407
58.1407
58.1407
58.1407
58.1407
58.1407
58.1407
58.1407
58.1407
58.1407
58.1407
58.1407
58.1407
58.1407
58.1407
58.1407
58.1407
58.1407
58.1407
58.1407
58.1407
58.1407
58.1407
58.1407
58.1407
58.1407
58.1407
58.1407
58.1407
58.1407
58.1407
58.1407
58.1407
58.1407
58.1407
58.1407
58.1407
58.1407
58.1407
58.1407
58.1407
58.1407
58.1407
58.1407
58.1407
58.1407
58.1407
58.1407
58.1407
58.1407
58.1407
58.1407
58.1407
58.1407
58.1407
58.1407
58.1407
58.1407
58.1407
58.1407
58.1407
58.1407
58.1407
58.1407
58.1407
58.1407
58.1407
58.1407
58.1407
58.1407
58.1407
58.1407
58.1407
58.1407
58.1407
58.1407
58.1407
58.1407
58.1407
58.1407
58.1407
58.1407
58.1407
58.1407
58.1407
58.1407
58.1407
58.1407
58.1407
58.1407
58.1407
58.1407
58.1407
58.1407
58.1407
58.1407
58.1407
58.1407
58.1407
58.1407
58.1407
58.1407
58.1407
58.1407
58.1407
58.1407
58.1407
58.1407
58.1407
58.1407
58.1407
58.1407
58.1407
58.1407
58.1407
58.1407
58.1407
58.1407
58.1407
58.1407
58.1407
58.1407
58.1407
58.1407
58.1407
58.1407
58.1407
58.1407
58.1407
58.1407
58.1407
58.1407
58.1407
58.1407
58.1407
58.1407
58.1407
58.1407
58.1407
58.1407
58.1407
58.1407
58.1407
58.1407
58.1407
58.1407
58.1407
58.1407
58.1407
58.1407
58.1407
58.1407
58.1407
58.1407
58.1407
58.1407
58.1407
58.1407
58.1407
58.1407
58.1407
58.1407
58.1407
58.1407
58.1407
58.1407
58.1407
58.1407
58.1407
58.1407
58.1407
58.1407
58.1407
58.1407
58.1407
58.1407
58.1407
58.1407
58.1407
58.1407
58.1407
58.1407
58.1407
58.1407
58.1407
58.1407
58.1407
58.1407
58.1407
58.1407
58.1407
58.1407
58.1407
58.1407
58.1407
58.1407
58.1407
58.1407
58.1407
58.1407
58.1407
58.1407
58.1407
58.1407
58.1407
58.1407
58.1407
58.1407
58.1407
58.1407
58.1407
58.1407
58.1407
58.1407
58.1407
58.1407
58.1407
58.1407
58.1407
58.1407
58.1407
58.1407
58.1407
58.1407
58.1407
58.1407
58.1407
58.1407
58.1407
58.1407
58.1407
58.1407
58.1407
58.1407
58.1407
58.1407
58.1407
58.1407
58.1407
58.1407
58.1407
58.1407
58.1407
58.1407
58.1407
58.1407
58.1407
58.1407
58.1407
58.1407
58.1407
58.1407
58.1407
58.1407
58.1407
58.1407
58.1407
58.1407
58.1407
58.1407
58.1407
58.1407
58.1407
58.1407
58.1407
58.1407
58.1407
58.1407
58.1407
58.1407
58.1407
58.1407
58.1407
58.1407
58.1407
58.1407
58.1407
58.1407
58.1407
58.1407
58.1407
58.1407
58.1407
58.1407
58.1407
58.1407
58.1407
58.1407
58.1407
58.1407
58.1407
58.1407
58.1407
58.1407
58.1407
58.1407
58.1407
58.1407
58.1407
58.1407
58.1407
58.1407
58.1407
58.1407
58.1407
58.1407
58.1407
58.1407
58.1407
58.1407
58.1407
58.1407
58.1407
58.1407
58.1407
58.1407
58.1407
58.1407
58.1407
58.1407
58.1407
58.1407
58.1407
58.1407
58.1407
58.1407
58.1407
58.1407
58.1407
58.1407
58.1407
58.1407
58.1407
58.1407
58.1407
58.1407
58.1407
58.158
58.1407
58.1407
58.1407
58.1407
58.1407
58.1407
58.1407
58.1407
58.1407
58.1407
58.1407
58.1407
58.1407
58.1407
58.1407
58.1407
58.1407
58.1407
58.1407
58.1407
58.1407
58.1407
58.1407
58.1407
58.1407
58.1407
58.1407
58.1407
58.1407
58.1407
58.1407
58.1407
58.1407
58.1407
58.1407
58.1407
58.1407
58.1407
58.1407
58.1407
58.1407
58.1407
58.1407
58.1407
58.1407
58.1407
58.1407
58.1407
58.1407
58.1407
58.1407
58.1407
58.1407
58.1407
58.1407
58.1407
58.1407
58.1407
58.1407
58.1407
58.1407
58.1407
58.1407
58.1407
58.1407
58.1407
58.1407
58.1407
58.1407
58.1407
58.1407
58.1407
58.1407
58.1407
58.1407
58.1407
58.1407
58.1407
58.1407
58.1407
58.1407
58.1407
58.1407
58.1407
58.1407
58.1407
58.1407
58.1407
58.1407
58.1407
58.1407
58.1407
58.1407
58.1407
58.1407
58.1407
58.1407
58.1407
58.1407
58.1407
58.1407
58.1407
58.1407
58.1407
58.1407
58.1407
58.1407
58.1407
58.1407
58.1407
58.1407
58.1407
58.1407
58.1407
58.1407
58.1407
58.1407
58.1407
58.1407
58.1407
58.1407
58.1407
58.1407
58.1407
58.1407
58.1407
58.1407
58.1407
58.1407
58.1407
58.1407
58.1407
58.1407
58.1407
58.1407
58.1407
58.1407
58.1407
58.1407
58.1407
58.1407
58.1407
58.1407
58.1407
58.1407
58.1407
58.1407
58.1407
58.1407
58.1407
58.1407
58.1407
58.1407
58.1407
58.1407
58.1407
58.1407
58.1407
58.1407
58.1407
58.1407
58.1407
58.1407
58.1407
58.1407
58.1407
58.1407
58.1407
58.1407
58.1407
58.1407
58.1407
58.1407
58.1407
58.1407
58.1407
58.1407
58.1407
58.1407
58.1407
58.1407
58.1407
58.1407
58.1407
58.1407
58.1407
58.1407
58.1407
58.1407
58.1407
58.1407
58.1407
58.1407
58.1407
58.1407
58.1407
58.1407
58.1407
58.1407
58.1407
58.1407
58.1407
58.1407
58.1407
58.1407
58.1407
58.1407
58.1407
58.1407
58.1407
58.1407
58.1407
58.1407
58.1407
58.1407
58.1407
58.1407
58.1407
58.1407
58.1407
58.1407
58.1407
58.1407
58.1407
58.1407
58.1407
58.1407
58.1407
58.1407
58.1407
58.1407
58.1407
58.1407
58.1407
58.1407
58.1407
58.1407
58.1407
58.1407
58.1407
58.1407
58.1407
58.1407
58.1407
58.1407
58.1407
58.1407
58.1407
58.1407
58.1407
58.1407
58.1407
58.1407
58.1407
58.1407
58.1407
58.1407
58.1407
58.1407
58.1407
58.1407
58.1407
58.1407
58.1407
58.1407
58.1407
58.1407
58.1407
58.1407
58.1407
58.1407
58.1407
58.1407
58.1407
58.1407
58.1407
58.1407
58.1407
58.1407
58.1407
58.1407
58.1407
58.1407
58.1407
58.1407
58.1407
58.1407
58.1407
58.1407
58.1407
58.1407
58.1407
58.1407
58.1407
58.1407
58.1407
58.1407
58.1407
58.1407
58.1407
58.1407
58.1407
58.1407
58.1407
58.1407
58.1407
58.1407
58.1407
58.1407
58.1407
58.1407
58.1407
58.1407
58.1407
58.1407
58.1407
58.1407
58.1407
58.1407
58.1407
58.1407
58.1407
58.1407
58.1407
58.1407
58.1407
58.1407
58.1407
58.1407
58.1407
58.1407
58.1407
58.1407
58.1407
58.1407
58.1407
58.1407
58.1407
58.1407
58.1407
58.1407
58.1407
58.1407
58.1407
58.1407
58.1407
58.1407
58.1407
58.1407
58.1407
58.1407
58.1407
58.1407
58.1407
58.1407
58.1407
58.1407
58.1407
58.1407
58.1407
58.1407
58.1407
58.1407
58.1407
58.1407
58.1407
58.1407
58.1407
58.1407
58.1407
58.1407
58.1407
58.1407
58.1407
58.1407
58.1407
58.1407
58.1407
58.1407
58.1407
58.1407
58.1407
58.1407
58.1407
58.1407
58.1407
58.1407
58.1407
58.1407
58.1407
58.1407
58.1407
58.1407
58.1407
58.1407
58.1407
58.1407
58.1407
58.1407
58.1407
58.1407
58.1407
58.1407
58.1407
58.1407
58.1407
58.1407
58.1407
58.1407
58.1407
58.1407
58.1407
58.1407
58.1407
58.1407
58.1407
58.1407
58.1407
58.1407
58.1407
58.1407
58.1407
58.1407
58.1407
58.1407
58.1407
58.1407
58.1407
58.1407
58.2063
58.1407
58.1407
58.1407
58.1407
58.1407
58.1407
58.1407
58.1407
58.1407
58.1407
58.1407
58.1407
58.1407
58.1407
58.1407
58.1407
58.1407
58.1407
58.1407
58.1407
58.1407
58.1407
58.1407
58.1407
58.1407
58.1407
58.1407
58.1407
58.1407
58.1407
58.1407
58.1407
58.1407
58.1407
58.1407
58.1407
58.1407
58.1407
58.1407
58.1407
58.1407
58.1407
58.1407
58.1407
58.1407
58.1407
58.1407
58.1407
58.1407
58.1407
58.1407
58.1407
58.1407
58.1407
58.1407
58.1407
58.1407
58.1407
58.1407
58.1407
58.1407
58.1407
58.1407
58.1407
58.1407
58.1407
58.1407
58.1407
58.1407
58.1407
58.1407
58.1407
58.1407
58.1407
58.1407
58.1407
58.1407
58.1407
58.1407
58.1407
58.1407
58.1407
58.1407
58.1407
58.1407
58.1407
58.1407
58.1407
58.1407
58.1407
58.1407
58.1407
58.1407
58.1407
58.1407
58.1407
58.1407
58.1407
58.1407
58.1407
58.1407
58.1407
58.1407
58.1407
58.1407
58.1407
58.1407
58.1407
58.1407
58.1407
58.1407
58.1407
58.1407
58.1407
58.1407
58.1407
58.1407
58.1407
58.1407
58.1407
58.1407
58.1407
58.1407
58.1407
58.1407
58.1407
58.1407
58.1407
58.1407
58.1407
58.1407
58.1407
58.1407
58.1407
58.1407
58.1407
58.1407
58.1407
58.1407
58.1407
58.1407
58.1407
58.1407
58.1407
58.1407
58.1407
58.1407
58.1407
58.1407
58.1407
58.1407
58.1407
58.1407
58.1407
58.1407
58.1407
58.1407
58.1407
58.1407
58.1407
58.1407
58.1407
58.1407
58.1407
58.1407
58.1407
58.1407
58.1407
58.1407
58.1407
58.1407
58.1407
58.1407
58.1407
58.1407
58.1407
58.1407
58.1407
58.1407
58.1407
58.1407
58.1407
58.1407
58.1407
58.1407
58.1407
58.1407
58.1407
58.1407
58.1407
58.1407
58.1407
58.1407
58.1407
58.1407
58.1407
58.1407
58.1407
58.1407
58.1407
58.1407
58.1407
58.1407
58.1407
58.1407
58.1407
58.1407
58.1407
58.1407
58.1407
58.1407
58.1407
58.1407
58.1407
58.1407
58.1407
58.1407
58.1407
58.1407
58.1407
58.1407
58.1407
58.1407
58.1407
58.1407
58.1407
58.1407
58.1407
58.1407
58.1407
58.1407
58.1407
58.1407
58.1407
58.1407
58.1407
58.1407
58.1407
58.1407
58.1407
58.1407
58.1407
58.1407
58.1407
58.1407
58.1407
58.1407
58.1407
58.1407
58.1407
58.1407
58.1407
58.1407
58.1407
58.1407
58.1407
58.1407
58.1407
58.1407
58.1407
58.1407
58.1407
58.1407
58.1407
58.1407
58.1407
58.1407
58.1407
58.1407
58.1407
58.1407
58.1407
58.1407
58.1407
58.1407
58.1407
58.1407
58.1407
58.1407
58.1407
58.1407
58.1407
58.1407
58.1407
58.1407
58.1407
58.1407
58.1407
58.1407
58.1407
58.1407
58.1407
58.1407
58.1407
58.1407
58.1407
58.1407
58.1407
58.1407
58.1407
58.1407
58.1407
58.1407
58.1407
58.1407
58.1407
58.1407
58.1407
58.1407
58.1407
58.1407
58.1407
58.1407
58.1407
58.1407
58.1407
58.1407
58.1407
58.1407
58.1407
58.1407
58.1407
58.1407
58.1407
58.1407
58.1407
58.1407
58.1407
58.1407
58.1407
58.1407
58.1407
58.1407
58.1407
58.1407
58.1407
58.1407
58.1407
58.1407
58.1407
58.1407
58.1407
58.1407
58.1407
58.1407
58.1407
58.1407
58.1407
58.1407
58.1407
58.1407
58.1407
58.1407
58.1407
58.1407
58.1407
58.1407
58.1407
58.1407
58.1407
58.1407
58.1407
58.1407
58.1407
58.1407
58.1407
58.1407
58.1407
58.1407
58.1407
58.1407
58.1407
58.1407
58.1407
58.1407
58.1407
58.1407
58.1407
58.1407
58.1407
58.1407
58.1407
58.1407
58.1407
58.1407
58.1407
58.1407
58.1407
58.1407
58.1407
58.1407
58.1407
58.1407
58.1407
58.1407
58.1407
58.1407
58.1407
58.1407
58.1407
58.1407
58.1407
58.1407
58.1407
58.1407
58.1407
58.1407
58.1407
58.1407
58.1407
58.1407
58.1407
58.1407
58.1407
58.1407
58.1407
58.1407
58.1407
58.1407
58.1407
58.1407
58.1407
58.1407
58.1407
58.1407
58.1407
58.1407
58.1407
58.1407
58.1407
58.1407
58.1407
58.1407
58.1407
58.1407
58.1407
58.1407
58.1407
58.1407
58.1407
58.1407
58.1407
58.1407
58.1407
58.1407
58.1407
58.1407
58.1407
58.1407
58.1407
58.1407
58.1407
58.1407
58.1407
58.1407
58.1407
58.1407
58.1407
58.1407
58.1407
58.1407
58.1407
58.1407
58.1407
58.1407
58.1407
58.1407
58.1407
58.1407
58.1407
58.1407
58.1407
58.1407
58.1407
58.1407
58.1407
58.1407
58.1407
58.1407
58.1407
58.1407
58.1407
58.1407
58.1407
58.1407
58.1407
58.1407
58.1407
58.1407
58.1407
58.1407
58.1407
58.1407
58.1407
58.1407
58.1407
58.1407
58.1407
58.1407
58.1407
58.1407
58.1407
58.1407
58.1407
58.1407
58.1407
58.1407
58.1407
58.1407
58.1407
58.1407
58.1407
58.1407
58.1407
58.1407
58.1407
58.1407
58.1407
58.1407
58.1407
58.1407
58.1407
58.1407
58.1407
58.1407
58.1407
58.1407
58.1407
58.1407
58.1407
58.1407
58.1407
58.1407
58.1407
58.1407
58.1407
58.1407
58.1407
58.1407
58.1407
58.1407
58.1407
58.1407
58.1407
58.1407
58.1407
58.1407
58.1407
58.1407
58.1407
58.1407
58.1407
58.1407
58.1407
58.1407
58.1407
58.1407
58.1407
58.1407
58.1407
58.1407
58.1407
58.1407
58.1407
58.1407
58.1407
58.1407
58.1407
58.1407
58.1407
58.1407
58.1407
58.1407
58.1407
58.1407
58.1407
58.1407
58.1407
58.1407
58.1407
58.1407
58.1407
58.1407
58.1407
58.1407
58.1407
58.1407
58.1407
58.1407
58.1407
58.1407
58.1407
58.1407
58.1407
58.1407
58.1407
58.1407
58.1407
58.1407
58.1407
58.1407
58.1407
58.1407
58.1407
58.1407
58.1407
58.1407
58.1407
58.1407
58.1407
58.1407
58.1407
58.1407
58.1407
58.1407
58.1407
58.1407
58.1407
58.1407
58.1407
58.1407
58.1407
58.1407
58.1407
58.1407
58.1407
58.1407
58.1407
58.1407
58.1407
58.1407
58.1407
58.1407
58.1407
58.1407
58.1407
58.1407
58.1407
58.1407
58.1407
58.1407
58.1407
58.1407
58.1407
58.1407
58.1407
58.1407
58.1407
58.1407
58.1407
58.1407
58.1407
58.1407
58.1407
58.1407
58.1407
58.1407
58.1407
58.1407
58.1407
58.1407
58.1407
58.1407
58.1407
58.1407
58.1407
58.1407
58.1407
58.1407
58.1407
58.1407
58.1407
58.1407
58.1407
58.1407
58.1407
58.1407
58.1407
58.1407
58.1407
58.1407
58.1407
58.1407
58.1407
58.1407
58.1407
58.1407
58.1407
58.1407
58.1407
58.1407
58.1407
58.1407
58.1407
58.1407
58.1407
58.1407
58.1407
58.1407
58.1407
58.1407
58.1407
58.1407
58.1407
58.1407
58.1407
58.1407
58.1407
58.1407
58.1407
58.1407
58.1407
58.1407
58.1407
58.1407
58.1407
58.1407
58.1407
58.1407
58.1407
58.1407
58.1407
58.1407
58.1407
58.1407
58.1407
58.1407
58.1407
58.1407
58.1407
58.1407
58.1407
58.1407
58.1407
58.1407
58.1407
58.1407
58.1407
58.1407
58.1407
58.1407
58.1407
58.1407
58.1407
58.1407
58.1407
58.1407
58.1407
58.1407
58.1407
58.1407
58.1407
58.1407
58.1407
58.1407
58.1407
58.1407
58.1407
58.1407
58.1407
58.1407
58.1407
58.1407
58.1407
58.1407
58.1407
58.1407
58.1407
58.1407
58.1407
58.1407
58.1407
58.1407
58.1407
58.1407
58.1407
58.1407
58.1407
58.1407
58.1407
58.1407
58.1407
58.1407
58.1407
58.1407
58.1407
58.1407
58.1407
58.1407
58.1407
58.1407
58.1407
58.1407
58.1407
58.1407
58.1407
58.1407
58.1407
58.1407
58.1407
58.1407
58.1407
58.1407
58.1407
58.1407
58.1407
58.1407
58.1407
58.1407
58.1407
58.1407
58.1407
58.1407
58.1407
58.1407
58.1407
58.1407
58.1407
58.1407
58.1407
58.1407
58.1407
58.1407
58.1407
58.1407
58.1407
58.1407
58.1407
58.1407
58.1407
58.1407
58.1407
58.1407
58.1407
58.1407
58.1407
58.1407
58.1407
58.1407
58.1407
58.1407
58.1407
58.1407
58.1407
58.1407
58.1407
58.1407
58.1407
58.1407
58.1407
58.1407
58.1407
58.1407
58.1407
58.1407
58.1407
58.1407
58.1407
58.1407
58.1407
58.1407
58.1407
58.1407
58.1407
58.1407
58.1407
58.1407
58.1407
58.1407
58.1407
58.1407
58.1407
58.1407
58.1407
58.1407
58.1407
58.1407
58.1407
58.1407
58.1407
58.1407
58.1407
58.1407
58.1407
58.1407
58.1407
58.1407
58.1407
58.1407
58.1407
58.1407
58.1407
58.1407
58.1407
58.1407
58.1407
58.1407
58.1407
58.1407
58.1407
58.1407
58.1407
58.1407
58.1407
58.1407
58.1407
58.1407
58.1407
58.1407
58.1407
58.1407
58.1407
58.1407
58.1407
58.1407
58.1407
58.1407
58.1407
58.1407
58.1407
58.1407
58.1407
58.1407
58.1407
58.1407
58.1407
58.1407
58.1407
58.1407
58.1407
58.1407
58.1407
58.1407
58.1407
58.1407
58.1407
58.1407
58.1407
58.1407
58.1407
58.1407
58.1407
58.1407
58.1407
58.1407
58.1407
58.1407
58.1407
58.1407
58.1407
58.1407
58.1407
58.1407
58.1407
58.1407
58.1407
58.1407
58.1407
58.1407
58.1407
58.1407
58.1407
58.1407
58.1407
58.1407
58.1407
58.1407
58.1407
58.1407
58.1407
58.1407
58.1407
58.1407
58.1407
58.1407
58.1407
58.1407
58.1407
58.1407
58.1407
58.1407
58.1407
58.1407
58.1407
58.1407
58.1407
58.1407
58.1407
58.1407
58.1407
58.1407
58.1407
58.1407
58.1407
58.1407
58.1407
58.1407
58.1407
58.1407
58.1407
58.1407
58.1407
58.1407
58.1407
58.1407
58.1407
58.1407
58.1407
58.1407
58.1407
58.1407
58.1407
58.1407
58.1407
58.1407
58.1407
58.1407
58.1407
58.1407
58.1407
58.1407
58.1407
58.1407
58.1407
58.1407
58.1407
58.1407
58.1407
58.1407
58.1407
58.1407
58.1407
58.1407
58.1407
58.1407
58.1407
58.1407
58.1407
58.1407
58.1407
58.1407
58.1407
58.1407
58.1407
58.1407
58.1407
58.1407
58.1407
58.1407
58.1407
58.1407
58.1407
58.1407
58.1407
58.1407
58.1407
58.1407
58.1407
58.1407
58.1407
58.1407
58.1407
58.1407
58.1407
58.1407
58.1407
58.1407
58.1407
58.1407
58.1407
58.1407
58.1407
58.1407
58.1407
58.1407
58.1407
58.1407
58.1407
58.1407
58.1407
58.1407
58.1407
58.1407
58.1407
58.1407
58.1407
58.1407
58.1407
58.1407
58.1407
58.1407
58.1407
58.1407
58.1407
58.1407
58.1407
58.1407
58.1407
58.1407
58.1407
58.1407
58.1407
58.1407
58.1407
58.1407
58.1407
58.1407
58.1407
58.1407
58.1407
58.1407
58.1407
58.1407
58.1407
58.1407
58.1407
58.1407
58.1407
58.1407
58.1407
58.1407
58.1407
58.1407
58.1407
58.1407
58.1407
58.1407
58.1407
58.1407
58.1407
58.1407
58.1407
58.1407
58.1407
58.1407
58.1407
58.1407
58.1407
58.1407
58.1407
58.1407
58.1407
58.1407
58.1407
58.1407
58.1407
58.1407
58.1407
58.1407
58.1407
58.1407
58.1407
58.1407
58.1407
58.1407
58.1407
58.1407
58.1407
58.1407
58.1407
58.1407
58.1407
58.1407
58.1407
58.1407
58.1407
58.1407
58.1407
58.1407
58.1407
58.1407
58.1407
58.1407
58.1407
58.1407
58.1407
58.1407
58.1407
58.1407
58.1407
58.1407
58.1407
58.1407
58.1407
58.1407
58.1407
58.1407
58.1407
58.1407
58.1407
58.1407
58.1407
58.1407
58.1407
58.1407
58.1407
58.1407
58.1407
58.1407
58.1407
58.1407
58.1407
58.1407
58.1407
58.1407
58.1407
58.1407
58.1407
58.1407
58.1407
58.1407
58.1407
58.1407
58.1407
58.1407
58.1407
58.1407
58.1407
58.1407
58.1407
58.1407
58.1407
58.1407
58.1407
58.1407
58.1407
58.1407
58.1407
58.1407
58.1407
58.1407
58.1407
58.1407
58.1407
58.1407
58.1407
58.1407
58.1407
58.1407
58.1407
58.1407
58.1407
58.1407
58.1407
58.1407
58.1407
58.1407
58.1407
58.1407
58.1407
58.1407
58.1407
58.1407
58.1407
58.1407
58.1407
58.1407
58.1407
58.1407
58.1407
58.1407
58.1407
58.1407
58.1407
58.1407
58.1407
58.1407
58.1407
58.1407
58.1407
58.1407
58.1407
58.1407
58.1407
58.1407
58.1407
58.1407
58.1407
58.1407
58.1407
58.1407
58.1407
58.1407
58.1407
58.1407
58.1407
58.1407
58.1407
58.1407
58.1407
58.1407
58.1407
58.1407
58.1407
58.1407
58.1407
58.1407
58.1407
58.1407
58.1407
58.1407
58.1407
58.1407
58.1407
58.1407
58.1407
58.1407
58.1407
58.1407
58.1407
58.1407
58.1407
58.1407
58.1407
58.1407
58.1407
58.1407
58.1407
58.1407
58.1407
58.1407
58.1407
58.1407
58.1407
58.1407
58.1407
58.1407
58.1407
58.1407
58.1407
58.1407
58.1407
58.1407
58.1407
58.1407
58.1407
58.1407
58.1407
58.1407
58.1407
58.1407
58.1407
58.1407
58.1407
58.1407
58.1407
58.1407
58.1407
58.1407
58.1407
58.1407
58.1407
58.1407
58.1407
58.1407
58.1407
58.1407
58.1407
58.1407
58.1407
58.1407
58.1407
58.1407
58.1407
58.1407
58.1407
58.1407
58.1407
58.1407
58.1407
58.1407
58.1407
58.1407
58.1407
58.1407
58.1407
58.1407
58.1407
58.1407
58.1407
58.1407
58.1407
58.1407
58.1407
58.1407
58.1407
58.1407
58.1407
58.1407
58.1407
58.1407
58.1407
58.1407
58.1407
58.1407
58.1407
58.1407
58.1407
58.1407
58.1407
58.1407
58.1407
58.1407
58.1407
58.1407
58.1407
58.1407
58.1407
58.1407
58.1407
58.1407
58.1407
58.1407
58.1407
58.1407
58.1407
58.1407
58.1407
58.1407
58.1407
58.1407
58.1407
58.1407
58.1407
58.1407
58.1407
58.1407
58.1407
58.1407
58.1407
58.1407
58.1407
58.1407
58.1407
58.1407
58.1407
58.1407
58.1407
58.1407
58.1407
58.1407
58.1407
58.1407
58.1407
58.1407
58.1407
58.1407
58.1407
58.1407
58.1407
58.1407
58.1407
58.1407
58.1407
58.1407
58.1407
58.1407
58.1407
58.1407
58.1407
58.1407
58.1407
58.1407
58.1407
58.1407
58.1407
58.1407
58.1407
58.1407
58.1407
58.1407
58.1407
58.1407
58.1407
58.1407
58.1407
58.1407
58.1407
58.1407
58.1407
58.1407
58.1407
58.1407
58.1407
58.1407
58.1407
58.1407
58.1407
58.1407
58.1407
58.1407
58.1407
58.1407
58.1407
58.1407
58.1407
58.1407
58.1407
58.1407
58.1407
58.1407
58.1407
58.1407
58.1407
58.1407
58.1407
58.1407
58.1407
58.1407
58.1407
58.1407
58.1407
58.1407
58.1407
58.1407
58.1407
58.1407
58.1407
58.1407
58.1407
58.1407
58.1407
58.1407
58.1407
58.1407
58.1407
58.1407
58.1407
58.1407
58.1407
58.1407
58.1407
58.1407
58.1407
58.1407
58.1407
58.1407
58.1407
58.1407
58.1407
58.1407
58.1407
58.1407
58.1407
58.1407
58.1407
58.1407
58.1407
58.1407
58.1407
58.1407
58.1407
58.1407
58.1407
58.1407
58.1407
58.1407
58.1407
58.1407
58.1407
58.1407
58.1407
58.1407
58.1407
58.1407
58.1407
58.1407
58.1407
58.1407
58.1407
58.1407
58.1407
58.1407
58.1407
58.1407
58.1407
58.1407
58.1407
58.1407
58.1407
58.1407
58.1407
58.1407
58.1407
58.1407
58.1407
58.1407
58.1407
58.1407
58.1407
58.1407
58.1407
58.1407
58.1407
58.1407
58.1407
58.1407
58.1407
58.1407
58.1407
58.1407
58.1407
58.1407
58.1407
58.1407
58.1407
58.1407
58.1407
58.1407
58.1407
58.1407
58.1407
58.1407
58.1407
58.1407
58.1407
58.1407
58.1407
58.1407
58.1407
58.1407
58.1407
58.1407
58.1407
58.1407
58.1407
58.1407
58.1407
58.1407
58.1407
58.1407
58.1407
58.1407
58.1407
58.1407
58.1407
58.1407
58.1407
58.1407
58.1407
58.1407
58.1407
58.1407
58.1407
58.1407
58.1407
58.1407
58.1407
58.1407
58.1407
58.1407
58.1407
58.1407
58.1407
58.1407
58.1407
58.1407
58.1407
58.1407
58.1407
58.1407
58.1407
58.1407
58.1407
58.1407
58.1407
58.1407
58.1407
58.1407
58.1407
58.1407
58.1407
58.1407
58.1407
58.1407
58.1407
58.1407
58.1407
58.1407
58.1407
58.1407
58.1407
58.1407
58.1407
58.1407
58.1407
58.1407
58.1407
58.1407
58.1407
58.1407
58.1407
58.1407
58.1407
58.1407
58.1407
58.1407
58.1407
58.1407
58.1407
58.1407
58.1407
58.1407
58.1407
58.1407
58.1407
58.1407
58.1407
58.1407
58.1407
58.1407
58.1407
58.1407
58.1407
58.1407
58.1407
58.1407
58.1407
58.1407
58.1407
58.1407
58.1407
58.1407
58.1407
58.1407
58.1407
58.1407
58.1407
58.1407
58.1407
58.1407
58.1407
58.1407
58.1407
58.1407
58.1407
58.1407
58.1407
58.1407
58.1407
58.1407
58.1407
58.1407
58.1407
58.1407
58.1407
58.1407
58.1407
58.1407
58.1407
58.1407
58.1407
58.1407
58.1407
58.1407
58.1407
58.1407
58.1407
58.1407
58.1407
58.1407
58.1407
58.1407
58.1407
58.1407
58.1407
58.1407
58.1407
58.1407
58.1407
58.1407
58.1407
58.1407
58.1407
58.1407
58.1407
58.1407
58.1407
58.1407
58.1407
58.1407
58.1407
58.1407
58.1407
58.1407
58.1407
58.1407
58.1407
58.1407
58.1407
58.1407
58.1407
58.1407
58.1407
58.1407
58.1407
58.1407
58.1407
58.1407
58.1407
58.1407
58.1407
58.1407
58.1407
58.1407
58.1407
58.1407
58.1407
58.1407
58.1407
58.1407
58.1407
58.1407
58.1407
58.1407
58.1407
58.1407
58.1407
58.1407
58.1407
58.1407
58.1407
58.1407
58.1407
58.1407
58.1407
58.1407
58.1407
58.1407
58.1407
58.1407
58.1407
58.1407
58.1407
58.1407
58.1407
58.1407
58.1407
58.1407
58.1407
58.1407
58.1407
58.1407
58.1407
58.1407
58.1407
58.1407
58.1407
58.1407
58.1407
58.1407
58.1407
58.1407
58.1407
58.1407
58.1407
58.1407
58.1407
58.1407
58.1407
58.1407
58.1407
58.1407
58.1407
58.1407
58.1407
58.1407
58.1407
58.1407
58.1407
58.1407
58.1407
58.1407
58.1407
58.1407
58.1407
58.1407
58.1407
58.1407
58.1407
58.1407
58.1407
58.1407
58.1407
58.1407
58.1407
58.1407
58.1407
58.1407
58.1407
58.1407
58.1407
58.1407
58.1407
58.1407
58.1407
58.1407
58.1407
58.1407
58.1407
58.1407
58.1407
58.1407
58.1407
58.1407
58.1407
58.1407
58.1407
58.1407
58.1407
58.1407
58.1407
58.1407
58.1407
58.1407
58.1407
58.1407
58.1407
58.1407
58.1407
58.1407
58.1407
58.1407
58.1407
58.1407
58.1407
58.1407
58.1407
58.1407
58.1407
58.1407
58.1407
58.1407
58.1407
58.1407
58.1407
58.1407
58.1407
58.1407
58.1407
58.1407
58.1407
58.1407
58.1407
58.1407
58.1407
58.1407
58.1407
58.1407
58.1407
58.1407
58.1407
58.1407
58.1407
58.1407
58.1407
58.1407
58.1407
58.1407
58.1407
58.1407
58.1407
58.1407
58.1407
58.1407
58.1407
58.1407
58.1407
58.1407
58.1407
58.1407
58.1407
58.1407
58.1407
58.1407
58.1407
58.1407
58.1407
58.1407
58.1407
58.1407
58.1407
58.1407
58.1407
58.1407
58.1407
58.1407
58.1407
58.1407
58.1407
58.1407
58.1407
58.1407
58.1407
58.1407
58.1407
58.1407
58.1407
58.1407
58.1407
58.1407
58.1407
58.1407
58.1407
58.1407
58.1407
58.1407
58.1407
58.1407
58.1407
58.1407
58.1407
58.1407
58.1407
58.1407
58.1407
58.1407
58.1407
58.1407
58.1407
58.1407
58.1407
58.1407
58.1407
58.1407
58.1407
58.1407
58.1407
58.1407
58.1407
58.1407
58.1407
58.1407
58.1407
58.1407
58.1407
58.1407
58.1407
58.1407
58.1407
58.1407
58.1407
58.1407
58.1407
58.1407
58.1407
58.1407
58.1407
58.1407
58.1407
58.1407
58.1407
58.1407
58.1407
58.1407
58.1407
58.1407
58.1407
58.1407
58.1407
58.1407
58.1407
58.1407
58.1407
58.1407
58.1407
58.1407
58.1407
58.1407
58.1407
58.1407
58.1407
58.1407
58.1407
58.1407
58.1407
58.1407
58.1407
58.1407
58.1407
58.1407
58.1407
58.1407
58.1407
58.1407
58.1407
58.1407
58.1407
58.1407
58.1407
58.1407
58.1407
58.1407
58.1407
58.1407
58.1407
58.1407
58.1407
58.1407
58.1407
58.1407
58.1407
58.1407
58.1407
58.1407
58.1407
58.1407
58.1407
58.1407
58.1407
58.1407
58.1407
58.1407
58.1407
58.1407
58.1407
58.1407
58.1407
58.1407
58.1407
58.1407
58.1407
58.1407
58.1407
58.1407
58.1407
58.1407
58.1407
58.1407
58.1407
58.1407
58.1407
58.1407
58.1407
58.1407
58.1407
58.1407
58.1407
58.1407
58.1407
58.1407
58.1407
58.1407
58.1407
58.1407
58.1407
58.1407
58.1407
58.1407
58.1407
58.1407
58.1407
58.1407
58.1407
58.1407
58.1407
58.1407
58.1407
58.1407
58.1407
58.1407
58.1407
58.1407
58.1407
58.1407
58.1407
58.1407
58.1407
58.1407
58.1407
58.1407
58.1407
58.1407
58.1407
58.1407
58.1407
58.1407
58.1407
58.1407
58.1407
58.1407
58.1407
58.1407
58.1407
58.1407
58.1407
58.1407
58.1407
58.1407
58.1407
58.1407
58.1407
58.1407
58.1407
58.1407
58.1407
58.1407
58.1407
58.1407
58.1407
58.1407
58.1407
58.1407
58.1407
58.1407
58.1407
58.1407
58.1407
58.1407
58.1407
58.1407
58.1407
58.1407
58.1407
58.1407
58.1407
58.1407
58.1407
58.1407
58.1407
58.1407
58.1407
58.1407
58.1407
58.1407
58.1407
58.1407
58.1407
58.1407
58.1407
58.1407
58.1407
58.1407
58.1407
58.1407
58.1407
58.1407
58.1407
58.1407
58.1407
58.1407
58.1407
58.1407
58.1407
58.1407
58.1407
58.1407
58.1407
58.1407
58.1407
58.1407
58.1407
58.1407
58.1407
58.1407
58.1407
58.1407
58.1407
58.1407
58.1407
58.1407
58.1407
58.1407
58.1407
58.1407
58.1407
58.1407
58.1407
58.1407
58.1407
58.1407
58.1407
58.1407
58.1407
58.1407
58.1407
58.1407
58.1407
58.1407
58.1407
58.1407
58.1407
58.1407
58.1407
58.1407
58.1407
58.1407
58.1407
58.1407
58.1407
58.1407
58.1407
58.1407
58.1407
58.1407
58.1407
58.1407
58.1407
58.1407
58.1407
58.1407
58.1407
58.1407
58.1407
58.1407
58.1407
58.1407
58.1407
58.1407
58.1407
58.1407
58.1407
58.1407
58.1407
58.1407
58.1407
58.1407
58.1407
58.1407
58.1407
58.1407
58.1407
58.1407
58.1407
58.1407
58.1407
58.1407
58.1407
58.1407
58.1407
58.1407
58.1407
58.1407
58.1407
58.1407
58.1407
58.1407
58.1407
58.1407
58.1407
58.1407
58.1407
58.1407
58.1407
58.1407
58.1407
58.1407
58.1407
58.1407
58.1407
58.1407
58.1407
58.1407
58.1407
58.1407
58.1407
58.1407
58.1407
58.1407
58.1407
58.1407
58.1407
58.1407
58.1407
58.1407
58.1407
58.1407
58.1407
58.1407
58.1407
58.1407
58.1407
58.1407
58.1407
58.1407
58.1407
58.1407
58.1407
58.1407
58.1407
58.1407
58.1407
58.1407
58.1407
58.1407
58.1407
58.1407
58.1407
58.1407
58.1407
58.1407
58.1407
58.1407
58.1407
58.1407
58.1407
58.1407
58.1407
58.1407
58.1407
58.1407
58.1407
58.1407
58.1407
58.1407
58.1407
58.1407
58.1407
58.1407
58.1407
58.1407
58.1407
58.1407
58.1407
58.1407
58.1407
58.1407
58.1407
58.1407
58.1407
58.1407
58.1407
58.1407
58.1407
58.1407
58.1407
58.1407
58.1407
58.1407
58.1407
58.1407
58.1407
58.1407
58.1407
58.1407
58.1407
58.1407
58.1407
58.1407
58.1407
58.1407
58.1407
58.1407
58.1407
58.1407
58.1407
58.1407
58.1407
58.1407
58.1407
58.1407
58.1407
58.1407
58.1407
58.1407
58.1407
58.1407
58.1407
58.1407
58.1407
58.1407
58.1407
58.1407
58.1407
58.1407
58.1407
58.1407
58.1407
58.1407
58.1407
58.1407
58.1407
58.1407
58.1407
58.1407
58.1407
58.1407
58.1407
58.1407
58.1407
58.1407
58.1407
58.1407
58.1407
58.1407
58.1407
58.1407
58.1407
58.1407
58.1407
58.1407
58.1407
58.1407
58.1407
58.1407
58.1407
58.1407
58.1407
58.1407
58.1407
58.1407
58.1407
58.1407
58.1407
58.1407
58.1407
58.1407
58.1407
58.1407
58.1407
58.1407
58.1407
58.1407
58.1407
58.1407
58.1407
58.1407
58.1407
58.1407
58.1407
58.1407
58.1407
58.1407
58.1407
58.1407
58.1407
58.1407
58.1407
58.1407
58.1407
58.1407
58.1407
58.1407
58.1407
58.1407
58.1407
58.1407
58.1407
58.1407
58.1407
58.1407
58.1407
58.1407
58.1407
58.1407
58.1407
58.1407
58.1407
58.1407
58.1407
58.1407
58.1407
58.1407
58.1407
58.1407
58.1407
58.1407
58.1407
58.1407
58.1407
58.1407
58.1407
58.1407
58.1407
58.1407
58.1407
58.1407
58.1407
58.1407
58.1407
58.1407
58.1407
58.1407
58.1407
58.1407
58.1407
58.1407
58.1407
58.1407
58.1407
58.1407
58.1407
58.1407
58.1407
58.1407
58.1407
58.1407
58.1407
58.1407
58.1407
58.1407
58.1407
58.1407
58.1407
58.1407
58.1407
58.1407
58.1407
58.1407
58.1407
58.1407
58.1407
58.1407
58.1407
58.1407
58.1407
58.1407
58.1407
58.1407
58.1407
58.1407
58.1407
58.1407
58.1407
58.1407
58.1407
58.1407
58.1407
58.1407
58.1407
58.1407
58.1407
58.1407
58.1407
58.1407
58.1407
58.1407
58.1407
58.1407
58.1407
58.1407
58.1407
58.1407
58.1407
58.1407
58.1407
58.1407
