# best half averages
2545.46
2330.9
2182.52
2099.31
2012.32
1904.39
1800.83
1744.46
1706.49
1649.69
1598.18
1539.58
1503.56
1466.39
1426.96
1371.45
1351.89
1306.1
1280.24
1258.23
1250.44
1226.07
1213.67
1197.65
1157.89
1120.28
1074.12
1054.96
1030.95
1014.35
997.741
989.769
987.373
979.549
969.615
958.164
938.091
923.132
900.174
887.871
856.959
833.639
821.755
807.351
780.852
764.538
755.874
755.884
746.955
738.918
730.341
721.293
715.794
700.672
678.046
669.905
660.382
643.962
633.63
624.565
611.244
599.11
588.206
576.994
567.666
558.142
555.868
555.115
555.384
548.966
543.297
541.347
541.418
538.304
533.023
532.804
531.645
530.444
529.845
527.076
525.834
525.444
525.105
524.087
529.433
533.037
523.476
531.604
506.881
495.717
491.969
490.822
490.903
489.308
487.981
487.329
487.265
486.704
492.123
486.616
478.925
476.046
466.596
466.385
464.366
461.345
460.653
462.292
460.16
447.072
440.595
438.162
438.091
437.415
435.008
433.593
431.147
428.746
427.762
417.868
401.808
401.501
401.531
402.038
391.661
386.144
378.605
375.398
374.73
370.813
369.164
366.467
362.362
359.778
356.063
353.749
353.54
352.555
351.43
350.683
349.047
346.578
340.141
339.575
338.633
335.868
331.404
329.762
327.911
327.189
323.358
321.49
319.649
318.965
315.843
308.778
308.485
307.011
301.095
297.414
295.134
293.775
293.698
293.152
293.27
289.845
288.729
285.968
285.453
284.154
280.23
276.523
275.048
272.105
272.066
271.994
271.994
273.027
272.134
271.223
268.329
264.724
264.631
264.106
263.211
263.201
263.17
262.872
262.244
261.338
267.883
262.8
256.898
256.892
257.072
256.688
256.056
265.394
258.083
254.893
253.196
250.612
248.586
247.202
246.002
245.823
245.485
245.485
245.454
245.423
245.236
244.381
243.738
243.402
241.712
241.003
240.969
240.782
239.889
236.813
232.994
229.282
226.817
226.719
226.719
226.719
226.683
226.719
226.706
226.628
226.152
225.772
224.885
221.147
221.147
221.147
221.147
221.062
220.738
219.21
216.926
216.926
216.889
216.889
216.926
216.926
216.925
216.921
216.871
225.903
232.576
219.479
219.909
214.94
214.732
213.949
212.978
207.9
207.864
207.691
207.687
207.461
207.156
205.941
201.257
195.328
193.236
191.425
191.02
189.553
188.353
188.353
188.353
188.353
188.338
188.263
187.92
187.607
187.607
187.607
187.607
187.59
187.506
187.209
186.45
185.742
185.444
185.304
185.292
185.246
184.925
184.327
183.315
185.056
179.027
176.801
174.666
174.145
173.348
170.985
169.567
167.855
165.366
165.366
165.305
165.366
165.324
165.324
165.199
164.656
163.278
163.278
163.278
163.278
163.278
163.278
163.278
163.185
162.908
161.797
158.65
158.65
158.65
158.65
158.65
158.65
158.65
158.638
158.589
158.313
158.038
157.88
157.385
156.706
156.706
156.706
156.706
156.706
156.658
156.416
155.428
154.505
154.391
154.314
154.314
154.314
154.314
154.269
154.188
153.803
152.095
151.747
150.838
150.564
150.514
150.266
148.971
148.208
147.527
146.183
146.169
146.169
146.183
146.18
146.173
146.121
146.007
145.952
145.59
144.597
144.111
144.097
144.111
144.111
144.111
144.111
144.111
144.111
144.097
144.111
144.111
144.111
144.111
144.091
143.923
143.479
143.276
142.639
142.278
142.097
141.769
141.769
141.769
141.768
141.716
141.553
141.044
139.13
137.838
137.835
137.835
137.835
137.828
137.816
137.709
137.591
137.366
142.97
136.451
136.405
136.176
135.16
134.152
134.127
133.84
133.535
133.535
133.535
133.535
133.535
133.506
133.478
133.278
132.128
131.951
131.455
130.092
130.107
130.107
130.089
130.089
130.037
129.781
129.197
129.123
128.836
128.588
128.588
128.588
128.588
128.588
128.574
128.588
128.588
128.588
128.588
128.588
128.588
128.588
128.588
128.586
128.581
128.577
128.577
128.577
128.577
128.577
128.546
128.452
128.215
127.099
127.006
127.006
127.006
127.006
127.006
126.995
126.961
127.134
126.895
126.745
126.439
126.435
126.421
126.362
126.348
127.251
126.376
126.376
126.37
126.37
126.345
126.245
126.064
126.05
126.064
126.064
126.064
126.064
126.064
126.064
126.014
125.963
125.656
124.183
122.834
120.949
120.84
120.837
120.834
120.817
120.749
120.67
120.558
120.07
119.298
119.298
119.28
119.28
119.287
119.234
119.09
118.998
118.669
118.61
118.566
118.511
123.768
117.937
117.937
117.937
117.937
117.937
117.904
117.772
117.136
116.294
116.294
116.292
116.284
116.253
116.217
116.217
116.217
116.217
116.217
116.203
116.189
116.148
115.984
115.531
115.531
115.531
115.531
115.531
115.531
115.531
115.531
115.524
115.509
115.494
115.355
115.164
115.164
115.164
115.164
115.152
115.139
115.023
114.69
114.524
114.524
114.524
114.524
114.524
114.524
114.524
114.524
114.524
114.524
114.524
114.524
114.524
114.524
114.524
114.524
114.524
114.524
114.445
114.087
112.958
111.702
111.702
111.702
111.702
111.702
111.702
111.691
111.691
111.625
111.352
111.14
111.111
111.022
110.728
110.419
110.419
110.419
110.404
110.375
110.29
109.842
109.654
109.654
109.654
109.654
109.586
109.586
109.384
108.708
106.305
106.277
106.277
106.277
106.277
106.277
106.275
106.275
106.269
106.259
106.221
106.177
106.164
106.128
106.128
106.08
105.982
105.642
104.767
103.747
103.747
103.747
103.747
103.747
103.747
103.747
103.747
103.747
103.747
103.747
103.747
103.747
103.747
103.747
103.747
103.747
103.747
103.747
103.747
103.747
103.735
103.701
103.576
103.176
103.176
103.176
103.176
103.176
103.176
103.176
103.176
103.176
103.176
103.176
103.176
103.176
103.176
103.176
103.176
103.176
103.176
103.176
103.176
103.176
103.176
103.176
103.176
103.176
103.176
103.176
103.176
103.176
103.17
103.151
103.097
102.902
102.84
102.776
102.534
102.534
102.5
102.483
102.28
101.705
101.705
101.705
101.705
101.705
101.705
101.705
101.705
101.705
101.705
101.679
101.601
101.44
100.72
100.412
100.404
100.391
100.329
100.149
100.149
100.149
100.149
100.149
100.149
100.149
100.149
100.149
100.149
100.149
100.149
100.149
100.117
100.149
100.149
100.129
100.108
99.9224
99.2416
99.1178
99.1178
99.1178
99.1178
99.1178
99.1178
99.1178
99.1178
99.1178
99.1178
99.1178
99.1178
99.1178
99.1178
99.1178
99.1178
99.1178
99.1178
99.1178
99.1178
99.1178
99.1178
98.9746
98.8132
98.1224
96.045
91.9577
91.9577
91.9577
91.9577
91.9577
91.9577
91.9577
91.9577
91.9491
91.9285
91.8496
91.6928
91.1565
90.9304
90.9304
90.9304
90.9304
90.9304
90.9304
90.9304
90.9304
90.9304
90.9304
90.9304
90.9304
90.9304
90.9304
90.9304
90.9304
90.9304
90.9304
90.9304
90.9304
90.9304
90.9304
90.9304
90.9304
90.9304
90.9304
90.9304
90.9304
90.9304
90.9304
90.9304
90.9304
90.9304
90.9304
90.9304
90.9304
90.9304
90.9304
90.9304
90.8813
90.7831
90.6573
89.6542
88.4761
88.461
88.3852
88.0643
87.7131
87.6948
87.6451
87.5875
87.5875
87.5875
87.5875
87.5786
87.5698
87.5165
87.2859
87.144
87.144
87.144
87.144
87.144
87.144
87.144
87.144
87.144
87.144
87.144
87.1374
87.1045
86.9792
86.8143
86.8143
86.8143
86.8143
86.8143
86.8143
86.8143
86.8073
86.8002
86.7721
86.6383
86.4623
86.4623
86.4623
86.4623
86.4352
86.3538
86.0396
85.1065
85.1065
85.1065
85.1065
85.1065
85.1065
85.1065
85.1065
85.1065
85.1065
85.1065
85.1065
85.1065
85.1065
85.1065
85.1065
85.1065
85.1065
85.1065
85.1065
85.1039
85.1039
85.0987
85.0606
84.9667
84.9562
84.9143
84.8723
84.6731
84.4498
84.4468
84.4498
84.4468
84.4468
84.4378
84.4258
84.4138
84.3057
84.3027
84.3027
84.3027
84.3027
84.2945
84.2618
84.1142
83.893
83.893
83.893
83.893
83.893
83.893
83.893
83.893
83.893
83.893
83.893
83.893
83.893
83.893
83.893
83.893
83.893
83.859
83.7912
83.7572
83.4857
82.807
82.1962
82.1962
82.1962
82.1962
82.1962
82.1962
82.1962
82.1962
82.1962
82.1962
82.1962
82.1962
82.1962
82.1962
82.1962
82.1962
82.1962
82.1951
82.194
82.1884
82.1795
82.1485
82.1407
82.1407
82.1407
82.1407
82.1407
82.1407
82.1407
82.1407
82.1407
82.1407
82.1407
82.1407
82.1407
82.1407
82.1407
82.1407
82.1407
82.1407
82.1407
82.1407
82.1407
82.1407
82.1407
82.1407
82.1407
82.1407
82.1407
82.1407
82.1407
82.1407
82.1407
82.1407
82.1407
82.1407
82.1407
82.1407
82.1407
82.1407
82.1407
82.1407
82.1407
82.1407
82.1407
82.1407
82.1407
82.1407
82.1201
82.1198
82.098
82.0013
81.9331
81.4223
81.1157
81.1157
81.1157
81.1157
81.1104
81.0944
81.0571
80.9239
80.8493
80.8493
80.8493
80.8493
80.8493
80.8493
80.8493
80.8493
80.8493
80.842
80.806
80.6115
80.489
80.489
80.489
80.4839
80.4686
80.4227
80.2685
80.234
80.234
80.234
80.234
80.234
80.234
80.234
80.2124
80.1256
79.9305
79.1933
79.1499
79.1499
79.1499
79.1499
79.1499
79.1499
79.1499
79.1499
79.1499
79.1499
79.1499
79.1499
79.1499
79.1499
79.1499
79.1499
79.1499
79.1499
79.1499
79.1499
79.1499
79.1499
79.1499
79.1499
79.1499
79.1459
79.1459
79.1419
79.1219
79.0579
78.9498
78.9498
78.93
78.8705
78.6327
77.9983
77.9587
77.9587
77.9587
77.9587
77.9587
77.9257
77.9257
77.9257
77.8598
77.7938
77.563
76.31
76.31
76.284
76.258
76.18
75.9404
75.0597
74.4393
74.2172
74.2172
74.2172
74.2172
74.2172
74.2172
74.2172
74.2172
74.2171
74.217
74.2167
74.2167
74.2167
74.2167
74.2167
74.2167
74.2167
74.2167
74.2167
74.2167
74.2167
74.2167
74.2167
74.2167
74.2167
74.2167
74.2167
74.2167
74.2167
74.2167
74.2167
74.2167
74.2167
74.2167
74.2167
74.2167
74.2167
74.2167
74.2167
74.2167
74.1751
74.1751
74.1335
73.8424
72.9941
72.1374
72.1374
72.1374
72.1374
72.1374
72.1374
72.1374
72.1374
72.1116
72.0081
71.3875
70.8444
70.8444
70.8444
70.8444
70.8444
70.8444
70.8444
70.8444
70.8444
70.8444
70.8444
70.8444
70.8356
70.8001
70.667
70.4009
70.4009
70.4009
70.4009
70.4009
70.4009
70.4009
70.4009
70.4009
70.4009
70.4009
70.4009
70.4009
70.4009
70.4009
70.4009
70.4009
70.4009
70.4009
70.4009
70.4009
70.4009
70.4009
70.4009
70.4009
70.4009
70.4009
70.4009
70.4009
70.4009
70.4009
70.4009
70.4009
70.4009
70.4009
70.4009
70.4009
70.4009
70.4009
70.4009
70.4009
70.4009
70.3831
70.2939
70.1691
69.6343
69.5096
69.5096
69.5096
69.506
69.4919
69.4355
69.3332
69.3332
69.3332
69.3332
69.3332
69.3332
69.3332
69.3332
69.3332
69.3332
69.3332
69.3332
69.3332
69.3332
69.3332
69.3332
69.3332
69.3332
69.3332
69.3332
69.3332
69.3332
69.3332
69.3332
69.3332
69.3332
69.3332
69.3332
69.3332
69.3332
69.3332
69.3332
69.3332
69.3332
69.3332
69.3332
69.3332
69.3332
69.3332
69.3332
69.3332
69.3332
69.3332
69.3332
69.3332
69.3332
69.3332
69.3187
69.3187
69.3332
69.3332
69.3332
69.3332
69.3332
69.3332
69.3332
69.3332
69.3332
69.3332
69.3332
69.3332
69.3332
69.3332
69.3332
69.3332
69.3332
69.3332
69.3332
69.3332
69.3332
69.3332
69.3332
69.3332
69.3296
69.3188
69.3152
70.4001
69.2685
69.1535
69.1535
69.1535
69.1535
69.1535
69.1535
69.1535
69.1535
69.1535
69.1535
69.1535
69.1535
69.1535
69.1535
69.1535
69.1535
69.1535
69.1535
69.1535
69.1535
69.1535
69.1535
69.1535
69.1535
69.1535
69.1535
69.1466
69.1188
69.0283
68.8056
68.8056
68.8056
68.8056
68.8056
68.8056
68.8056
68.8056
68.8056
68.8056
68.8056
68.8056
68.8056
68.8056
68.8056
68.8056
68.8056
68.8056
68.8056
68.8056
68.8056
68.8056
68.8056
68.8056
68.8056
68.8056
68.8056
68.8056
68.8056
68.8056
68.8056
68.8056
68.8056
68.8056
68.8056
68.8056
68.8056
68.8056
68.8056
68.8056
68.8056
68.8056
68.8056
68.8056
68.8056
68.8056
68.8056
68.8056
68.8056
68.8056
68.8056
68.8056
68.8056
68.8056
68.8056
68.7945
68.7834
68.728
69.0738
68.6947
68.4286
68.2512
68.2512
68.2512
68.2512
68.2512
68.2512
68.2512
68.2512
68.2512
68.2512
68.2512
68.2512
68.2512
68.2512
68.2512
68.2512
68.2512
68.2512
68.2512
68.2512
68.2512
68.2512
68.2512
68.2512
68.2512
68.2512
68.2512
68.2512
68.2512
68.2512
68.2512
68.2512
68.2512
68.2512
68.2512
68.2512
68.2512
68.2441
68.2299
68.1872
68.0591
67.8955
67.8951
67.8914
67.8886
67.88
67.8751
67.8751
67.8751
67.8751
67.8751
67.8751
67.8751
67.8751
67.8751
67.8751
67.8751
67.8751
67.8751
67.8751
67.8751
67.8751
67.8751
67.8751
67.8751
67.8751
67.8751
67.8751
67.8751
67.8751
67.8751
67.8751
67.8751
67.8751
67.8751
67.8751
67.8751
67.8751
67.8751
67.8751
67.8751
67.8751
67.8751
67.8751
67.8751
67.8751
67.8751
67.8751
67.8751
67.8751
67.8751
67.8751
67.8751
67.8751
67.8751
67.868
67.8751
67.8751
67.8751
67.8751
67.8751
67.8751
67.8751
67.8751
67.8751
67.8751
67.8751
67.8751
67.8751
67.8751
67.8751
67.8751
67.8751
67.8751
67.8751
67.7086
67.3157
66.9648
65.9973
64.0567
62.2961
61.6964
61.4701
61.4701
61.4701
61.4701
61.4701
61.4701
61.4701
61.4701
61.4701
61.4701
61.4701
61.4701
61.4701
61.4701
61.4701
61.4701
61.4701
61.4701
61.4701
61.4701
61.4701
61.4701
61.4701
61.4701
61.4701
61.4701
61.4701
61.4701
61.4701
61.4701
61.4701
61.4701
61.4701
61.4701
61.4701
61.4701
61.4701
61.4701
61.4701
61.4701
61.4701
61.4701
61.4701
61.461
61.4336
61.297
61.0237
61.0146
61.0146
61.0146
61.0146
61.0146
61.0146
61.0146
61.0146
61.0146
61.0146
61.0146
61.0146
61.0146
61.0146
61.0146
61.0146
61.0146
61.0146
61.0146
61.0146
61.0146
61.0146
61.0146
61.0146
61.0146
61.0146
61.0146
61.0146
61.0146
61.0146
61.0146
61.0146
61.0146
61.0146
61.0146
61.0146
61.0146
61.0146
61.0146
61.0146
61.0146
61.0146
61.0146
61.0146
61.0146
61.0146
61.0146
61.0146
61.0146
61.0146
61.0146
61.0146
61.0146
61.0146
61.0146
61.0146
61.0146
61.0146
61.0146
61.0146
61.0146
61.0146
61.0146
61.0146
61.0146
61.0146
61.0146
61.0146
61.0146
61.0146
61.0146
61.0146
61.0146
61.0146
61.0146
61.0146
61.0146
61.0146
61.0146
61.0146
61.0146
61.0146
61.0146
61.0146
61.0146
61.0146
61.0146
61.0146
61.0146
61.0146
61.0146
61.0146
61.0146
61.0146
61.0146
61.0146
61.0146
61.0146
61.0146
61.0146
61.0146
61.0146
61.0146
61.0146
61.0146
61.0146
61.0146
61.0146
61.0146
61.0146
61.0146
61.0146
61.0146
61.0146
61.0146
61.0146
61.0146
61.0146
61.0146
61.0146
61.0146
61.0146
61.0146
61.0146
61.0146
61.0146
61.0146
61.0146
61.0146
61.0146
61.0146
61.0146
61.0146
61.0146
61.0146
61.0146
61.0146
61.0146
61.0146
61.0146
61.0146
61.0146
61.0146
61.0146
61.0146
61.0146
61.0088
60.9916
60.957
60.8647
60.7269
60.7269
60.7269
60.7269
60.7269
60.7269
60.7269
60.7269
60.7269
60.7269
60.7269
60.7269
60.7269
60.7269
60.7269
60.7269
60.7269
60.7269
60.7269
60.7269
60.7269
60.7269
60.7269
60.7269
60.7269
60.7269
60.7269
60.7269
60.7269
60.7269
60.7269
60.7269
60.7269
60.7269
60.7269
60.7269
60.7269
60.7269
60.7269
60.7269
60.7269
60.7269
60.7269
60.7269
60.7269
60.7269
60.7269
60.7269
60.7269
60.7269
60.7269
60.7269
60.7269
60.7269
60.7269
60.7269
60.7269
60.7269
60.7269
60.7269
60.7269
60.7269
60.7269
60.7269
60.7269
60.7269
60.7269
60.7269
60.7269
60.7269
60.7269
60.7269
60.7269
60.7269
60.7269
60.7269
60.7269
60.7269
60.7269
60.7269
60.7269
60.7269
60.7269
60.7269
60.7269
60.7269
60.7269
60.7269
60.7269
60.7269
60.7269
60.7269
60.7269
60.7269
60.7269
60.7269
60.7269
60.7269
60.7269
60.7269
60.7269
60.7269
60.7269
60.7269
60.7269
60.7269
60.7269
60.7269
60.7269
60.7269
60.7269
60.7269
60.7269
60.7269
60.7269
60.7269
60.7269
60.7269
60.7269
60.7269
60.7269
60.7269
60.7228
60.7146
60.7024
60.6697
60.5554
60.5227
60.5227
60.5227
60.5227
60.5227
60.5227
60.5227
60.5227
60.5227
60.5227
60.5227
60.5227
60.5227
60.5227
60.5227
60.5227
60.5227
60.5227
60.5227
60.5227
60.5227
60.5227
60.5227
60.5227
60.5227
60.5227
60.5227
60.5227
60.5227
60.5227
60.5227
60.5227
60.5227
60.5227
60.5227
60.5227
60.5227
60.5227
60.5227
60.5227
60.5227
60.5227
60.5227
60.5227
60.5227
60.5227
60.5227
60.5227
60.5227
60.5227
60.5227
60.5227
60.5227
60.5227
60.5227
60.5227
60.5227
60.5227
60.5227
60.5227
60.5227
60.5227
60.5227
60.5227
60.5227
60.5227
60.5227
60.5227
60.5227
60.5227
60.5227
60.5227
60.5227
60.5227
60.5227
60.5227
60.5227
60.5227
60.5227
60.5227
60.5227
60.5227
60.5227
60.5227
60.5227
60.5227
60.5227
60.5227
60.5227
60.5227
60.5227
60.5227
60.5227
60.5227
60.5227
60.5227
60.5227
60.5227
60.5227
60.5227
60.5227
60.5227
60.5227
60.5227
60.5227
60.5227
60.5227
60.5227
60.5227
60.5227
60.5227
60.5227
60.5227
60.5227
60.5227
60.5227
60.5227
60.5227
60.5227
60.5227
60.5227
60.5227
60.5227
60.5227
60.5227
60.5227
60.5227
60.5227
60.5227
60.5227
60.5227
60.5227
60.5227
60.5227
60.5227
60.5227
60.5227
60.5227
60.5227
60.5227
60.5227
60.5227
60.5227
60.5227
60.5227
60.5227
60.5227
60.5227
60.5227
60.5227
60.5227
60.5227
60.5227
60.5227
60.5227
60.5227
60.5227
60.5227
60.5227
60.5227
60.5227
60.5227
60.5227
60.5227
60.5227
60.5227
60.5227
60.5227
60.5227
60.5227
60.5227
60.5227
60.5227
60.5227
60.5227
60.5227
60.5227
60.5227
60.5227
60.5227
60.5227
60.5227
60.5227
60.5227
60.5227
60.5227
60.5227
60.5227
60.5227
60.5227
60.5227
60.5227
60.5227
60.5227
60.5227
60.5227
60.5227
60.5227
60.5227
60.5227
60.5227
60.5227
60.5227
60.5227
60.5227
60.5227
60.5227
60.5227
60.5227
60.5227
60.5227
60.5227
60.5227
60.5227
60.5227
60.5227
60.5227
60.5227
60.5227
60.5227
60.5227
60.5227
60.5227
60.5227
60.5227
60.5227
60.5227
60.5227
60.5227
60.5207
60.5188
60.509
60.4973
60.4317
60.411
60.3826
60.2902
60.07
60.07
60.07
60.07
60.07
60.07
60.07
60.07
60.07
60.07
60.07
60.07
60.07
60.07
60.07
60.07
60.07
60.07
60.07
60.07
60.07
60.07
60.07
60.07
60.07
60.07
60.07
60.07
60.07
60.07
60.07
60.07
60.07
60.07
60.07
60.07
60.07
60.07
60.07
60.07
60.07
60.07
60.07
60.07
60.07
60.07
60.07
60.07
60.07
60.07
60.07
60.07
60.07
60.07
60.07
60.07
60.07
60.07
60.07
60.07
60.07
60.07
60.07
60.07
60.07
60.07
60.07
60.07
60.07
60.07
60.07
60.07
60.07
60.07
60.07
60.07
60.07
60.07
60.07
60.07
60.07
60.07
60.07
60.07
60.07
60.07
60.07
60.07
60.07
60.07
60.07
60.07
60.07
60.07
60.07
60.07
60.07
60.07
60.07
60.07
60.07
60.07
60.07
60.07
60.07
60.07
60.07
60.07
60.07
60.07
60.07
60.07
60.07
60.07
60.07
60.07
60.07
60.07
60.07
60.07
60.07
60.07
60.07
60.07
60.07
60.07
60.07
60.07
60.07
60.07
60.07
60.07
60.07
60.07
60.07
60.07
60.07
60.07
60.07
60.07
60.07
60.07
60.07
60.07
60.07
60.07
60.07
60.07
60.07
60.07
60.07
60.07
60.07
60.07
60.07
60.07
60.07
60.07
60.07
60.07
60.07
60.07
60.07
60.07
60.07
60.07
60.07
60.07
60.07
60.07
60.07
60.07
60.07
60.07
60.07
60.07
60.07
60.07
60.07
60.07
60.07
60.07
60.07
60.07
60.07
60.07
60.07
60.07
60.07
60.07
60.07
60.07
60.07
60.07
60.07
60.07
60.07
60.07
60.0577
60.0211
59.9477
59.6543
59.4587
59.4587
59.4587
59.4587
59.4587
59.4587
59.4587
59.4587
59.4587
59.4587
59.4587
59.4587
59.4587
59.4587
59.4587
59.4587
59.4587
59.4587
59.4587
59.4587
59.4587
59.4587
59.4587
59.4587
59.4587
59.4587
59.4587
59.4587
59.4587
59.4587
59.4587
59.4587
59.4587
59.4587
59.4587
59.4587
59.4587
59.4587
59.4587
59.4587
59.4587
59.4587
59.4587
59.4587
59.4587
59.4587
59.4587
59.4587
59.4587
59.4587
59.4587
59.4587
59.4587
59.4587
59.4587
59.4587
59.4587
59.4587
59.4587
59.4587
59.4587
59.4587
59.4587
59.4587
59.4587
59.4587
59.4587
59.4587
59.4587
59.4587
59.4587
59.4587
59.4587
59.4587
59.4587
59.4587
59.4587
59.4587
59.4587
59.4587
59.4587
59.4587
59.4587
59.4587
59.4587
59.4587
59.4587
59.4587
59.4587
59.4587
59.4587
59.4587
59.4587
59.4587
59.4587
59.4587
59.4587
59.4587
59.4587
59.4587
59.4587
59.4587
59.4587
59.4587
59.4587
59.4587
59.4587
59.4587
59.4587
59.4587
59.4587
59.4587
59.4587
59.4587
59.4587
59.4587
59.4587
59.4587
59.4587
59.4587
59.4587
59.4587
59.4587
59.4587
59.4587
59.4587
59.4587
59.4587
59.4587
59.4587
59.4587
59.4587
59.4587
59.4587
59.4587
59.4587
59.4587
59.4587
59.4587
59.4587
59.4587
59.4587
59.4587
59.4587
59.4587
59.4587
59.4587
59.4587
59.4587
59.4587
59.4587
59.4587
59.4587
59.4587
59.4587
59.4587
59.4587
59.4587
59.4587
59.4587
59.4587
59.4587
59.4587
59.4587
59.4587
59.4587
59.4587
59.4587
59.4587
59.4587
59.4587
59.4587
59.4587
59.4587
59.4587
59.4587
59.4587
59.4587
59.4587
59.4587
59.4587
59.4587
59.4587
59.4587
59.4587
59.4587
59.4587
59.4587
59.4587
59.4587
59.4587
59.4587
59.4587
59.4587
59.4587
59.4587
59.4587
59.4587
59.4587
59.4587
59.4587
59.4587
59.4587
59.4587
59.4587
59.4587
59.4587
59.4587
59.4587
59.4587
59.4587
59.4587
59.4587
59.4587
59.4587
59.4587
59.4587
59.4587
59.4587
59.4587
59.4587
59.4587
59.4587
59.4587
59.4587
59.4587
59.4587
59.4587
59.4587
59.4587
59.4587
59.4587
59.4587
59.4587
59.4587
59.4587
59.4587
59.4587
59.4587
59.4587
59.4587
59.4587
59.4587
59.4587
59.4587
59.4587
59.4587
59.4587
59.4587
59.4587
59.4587
59.4587
59.4587
59.4587
59.4587
59.4587
59.4587
59.4587
59.4587
59.4587
59.4587
59.4587
59.4587
59.4587
59.4587
59.4587
59.4587
59.4587
59.4587
59.4587
59.4587
59.4587
59.4587
59.4587
59.4587
59.4587
59.4587
59.4587
59.4587
59.4587
59.4587
59.4587
59.4587
59.4587
59.4587
59.4587
59.4587
59.4587
59.4587
59.4587
59.4587
59.4587
59.4587
59.4587
59.4587
59.4587
59.4587
59.4587
59.4587
59.4587
59.4587
59.4587
59.4587
59.4587
59.4587
59.4587
59.4587
59.4587
59.4587
59.4587
59.4587
59.4587
59.4587
59.4587
59.4587
59.4587
59.4587
59.4587
59.4587
59.4587
59.4587
59.4587
59.4587
59.4587
59.4587
59.4587
59.4587
59.4587
59.4587
59.4587
59.4587
59.4587
59.4587
59.4587
59.4587
59.4587
59.4587
59.4587
59.4587
59.4587
59.4587
59.4587
59.4587
59.4587
59.4587
59.4587
59.4587
59.4587
59.4587
59.4587
59.4587
59.4587
59.4587
59.4587
59.4587
59.4587
59.4587
59.4587
59.4587
59.4587
59.4587
59.4587
59.4587
59.4587
59.4587
59.4587
59.4587
59.4587
59.4587
59.4587
59.4587
59.4587
59.4587
59.4587
59.4587
59.4587
59.4587
59.4587
59.4587
59.4587
59.4587
59.4587
59.4587
59.4587
59.4587
59.4587
59.4587
59.4587
59.4587
59.4587
59.4587
59.4587
59.4587
59.4587
59.4587
59.4587
59.4587
59.4587
59.4587
59.4587
59.4587
59.4587
59.4587
59.4587
59.4587
59.4587
59.4587
59.4587
59.4587
59.4587
59.4587
59.4587
59.4587
59.4587
59.4587
59.4587
59.4587
59.4587
59.4587
59.4587
59.4587
59.4587
59.4587
59.4587
59.4587
59.4587
59.4587
59.4587
59.4587
59.4587
59.4587
59.4587
59.4587
59.4587
59.4587
59.4587
59.4587
59.4587
59.4587
59.4587
59.4587
59.4587
59.4587
59.4587
59.4587
59.4587
59.4587
59.4587
59.4587
59.4587
59.4587
59.4587
59.4587
59.4587
59.4587
59.4587
59.4587
59.4578
59.4578
59.4587
59.4587
59.4587
59.4587
59.4587
59.4587
59.4587
59.4587
59.4587
59.4587
59.4587
59.4587
59.4587
59.4587
59.4587
59.4587
59.4587
59.4587
59.4587
59.4587
59.4587
59.4587
59.4587
59.4587
59.4587
59.4587
59.4587
59.4587
59.4587
59.4587
59.4587
59.4587
59.4587
59.4587
59.4587
59.4587
59.4587
59.4587
59.4587
59.4587
59.4587
59.4587
59.4587
59.4587
59.4587
59.4587
59.4587
59.4587
59.4587
59.4587
59.4587
59.4587
59.4587
59.4587
59.4587
59.4587
59.4587
59.4587
59.4587
59.4587
59.4587
59.4587
59.4587
59.4587
59.4587
59.4587
59.4587
59.4587
59.4587
59.4587
59.4587
59.4587
59.4587
59.4587
59.4587
59.4587
59.4587
59.4587
59.4587
59.4587
59.4587
59.4587
59.4587
59.4587
59.4587
59.4587
59.4587
59.4587
59.4587
59.4587
59.4587
59.4587
59.4587
59.4587
59.4587
59.4587
59.4587
59.4587
59.4587
59.4587
59.4587
59.4587
59.4587
59.4587
59.4587
59.4587
59.4587
59.4587
59.4587
59.4587
59.4587
59.4587
59.4587
59.4587
59.4587
59.4587
59.4587
59.4587
59.4587
59.4587
59.4587
59.4587
59.4587
59.4587
59.4587
59.4587
59.4587
59.4587
59.4587
59.4587
59.4587
59.4587
59.4587
59.4587
59.4587
59.4587
59.4587
59.4587
59.4587
59.4587
59.4587
59.4587
59.4587
59.4587
59.4587
59.4587
59.4587
59.4587
59.4587
59.4587
59.4587
59.4587
59.4587
59.4587
59.4587
59.4587
59.4587
59.4587
59.4587
59.4587
59.4587
59.4587
59.4587
59.4587
59.4587
59.4587
59.4587
59.4587
59.4587
59.4587
59.4587
59.4587
59.4587
59.4587
59.4587
59.4587
59.4587
59.4587
59.4587
59.4587
59.4587
59.4587
59.4587
59.4587
59.4587
59.4587
59.4587
59.4587
59.4587
59.4587
59.4587
59.4587
59.4587
59.4587
59.4587
59.4587
59.4587
59.4587
59.4587
59.4587
59.4587
59.4587
59.4587
59.4587
59.4587
59.4587
59.4587
59.4587
59.4587
59.4587
59.4587
59.4587
59.4587
59.4587
59.4587
59.4587
59.4587
59.4587
59.4587
59.4587
59.4587
59.4587
59.4587
59.4587
59.4587
59.4587
59.4587
59.4587
59.4587
59.4587
59.4587
59.4587
59.4587
59.4587
59.4587
59.4587
59.4587
59.4587
59.4587
59.4587
59.4587
59.4587
59.4587
59.4587
59.4587
59.4587
59.4587
59.4587
59.4587
59.4587
59.4587
59.4587
59.4587
59.4587
59.4587
59.4587
59.4587
59.4587
59.4587
59.4587
59.4587
59.4587
59.4587
59.4587
59.4587
59.4587
59.4587
59.4587
59.4587
59.4587
59.4587
59.4587
59.4587
59.4587
59.4587
59.4587
59.4587
59.4587
59.4587
59.4587
59.4587
59.4587
59.4587
59.4587
59.4587
59.4587
59.4587
59.4587
59.4587
59.4587
59.4587
59.4587
59.4587
59.4587
59.4587
59.4587
59.4587
59.4587
59.4587
59.4587
59.4587
59.4587
59.4587
59.4587
59.4587
59.4587
59.4587
59.4587
59.4587
59.4587
59.4587
59.4587
59.4587
59.4587
59.4587
59.4587
59.4587
59.4587
59.4587
59.4587
59.4587
59.4587
59.4587
59.4587
59.4587
59.4587
59.4587
59.4587
59.4587
59.4587
59.4587
59.4587
59.4587
59.4587
59.4587
59.4587
59.4587
59.4587
59.4587
59.4587
59.4587
59.4587
59.4587
59.4587
59.4587
59.4587
59.4587
59.4587
59.4587
59.4587
59.4587
59.4587
59.4587
59.4587
59.4587
59.4587
59.4587
59.4587
59.4587
59.4587
59.4587
59.4587
59.4587
59.4587
59.4587
59.4587
59.4587
59.4587
59.4587
59.4587
59.4587
59.4587
59.4587
59.4587
59.4587
59.4587
59.4587
59.4587
59.4587
59.4587
59.4587
59.4587
59.4587
59.4587
59.4587
59.4587
59.4587
59.4587
59.4587
59.4587
59.4587
59.4587
59.4587
59.4587
59.4587
59.4587
59.4587
59.4587
59.4587
59.4587
59.4587
59.4587
59.4587
59.4587
59.4587
59.4587
59.4587
59.4587
59.4587
59.4587
59.4587
59.4587
59.4587
59.4587
59.4587
59.4587
59.4587
59.4587
59.4587
59.4587
59.4587
59.4587
59.4587
59.4587
59.4587
59.4587
59.4587
59.4587
59.4587
59.4587
59.4587
59.4587
59.4587
59.4587
59.4587
59.4587
59.4587
59.4587
59.4587
59.4587
59.4587
59.4587
59.4587
59.4587
59.4587
59.4587
59.4587
59.4587
59.4587
59.4587
59.4587
59.4587
59.4587
59.4587
59.4587
59.4587
59.4587
59.4587
59.4587
59.4587
59.4587
59.4587
59.4587
59.4587
59.4587
59.4587
59.4587
59.4587
59.4587
59.4587
59.4587
59.4587
59.4587
59.4587
59.4587
59.4587
59.4587
59.4587
59.4587
59.4587
59.4587
59.4587
59.4587
59.4587
59.4587
59.4587
59.4587
59.4587
59.4587
59.4587
59.4587
59.4587
59.4587
59.4587
59.4587
59.4587
59.4587
59.4587
59.4587
59.4587
59.4587
59.4587
59.4587
59.4587
59.4587
59.4587
59.4587
59.4587
59.4587
59.4587
59.4587
59.4587
59.4587
59.4587
59.4587
59.4587
59.4587
59.4587
59.4587
59.4587
59.4587
59.4587
59.4587
59.4587
59.4587
59.4587
59.4587
59.4587
59.4587
59.4587
59.4587
59.4587
59.4587
59.4587
59.4587
59.4587
59.4587
59.4587
59.4587
59.4587
59.4587
59.4587
59.4587
59.4587
59.4587
59.4587
59.4587
59.4587
59.4587
59.4587
59.4587
59.4587
59.4587
59.4587
59.4587
59.4587
59.4587
59.4587
59.4587
59.4587
59.4587
59.4587
59.4587
59.4587
59.4587
59.4587
59.4587
59.4587
59.4587
59.4587
59.4587
59.4587
59.4587
59.4587
59.4587
59.4587
59.4587
59.4587
59.4587
59.4587
59.4587
59.4587
59.4587
59.4587
59.4587
59.4587
59.4587
59.4587
59.4587
59.4587
59.4587
59.4587
59.4587
59.4587
59.4587
59.4587
59.4587
59.4587
59.4587
59.4587
59.4587
59.4587
59.4587
59.4587
59.4587
59.4587
59.4587
59.4587
59.4587
59.4587
59.4587
59.4587
59.4587
59.4587
59.4587
59.4587
59.4587
59.4587
59.4587
59.4587
59.4587
59.4587
59.4587
59.4587
59.4587
59.4587
59.4587
59.4587
59.4587
59.4587
59.4587
59.4587
59.4587
59.4587
59.4587
59.4587
59.4587
59.4587
59.4587
59.4587
59.4587
59.4587
59.4587
59.4587
59.4587
59.4587
59.4587
59.4587
59.4587
59.4587
59.4587
59.4587
59.4587
59.4587
59.4587
59.4587
59.4587
59.4587
59.4587
59.4587
59.4587
59.4587
59.4587
59.4587
59.4587
59.4587
59.4587
59.4587
59.4587
59.4587
59.4587
59.4587
59.4587
59.4587
59.4587
59.4587
59.4587
59.4587
59.4587
59.4587
59.4587
59.4587
59.4587
59.4587
59.4587
59.4587
59.4587
59.4587
59.4587
59.4587
59.4587
59.4587
59.4587
59.4587
59.4587
59.4587
59.4587
59.4587
59.4587
59.4587
59.4587
59.4587
59.4587
59.4587
59.4587
59.4587
59.4587
59.4587
59.4587
59.4587
59.4587
59.4587
59.4587
59.4587
59.4587
59.4587
59.4587
59.4587
59.4587
59.4587
59.4587
59.4587
59.4587
59.4587
59.4587
59.4587
59.4587
59.4587
59.4587
59.4587
59.4587
59.4587
59.4587
59.4587
59.4587
59.4587
59.4587
59.4587
59.4587
59.4587
59.4587
59.4587
59.4587
59.4587
59.4587
59.4587
59.4587
59.4587
59.4587
59.4587
59.4587
59.4587
59.4587
59.4587
59.4587
59.4587
59.4587
59.4587
59.4587
59.4587
59.4587
59.4587
59.4587
59.4587
59.4587
59.4587
59.4587
59.4587
59.4587
59.4587
59.4587
59.4587
59.4587
59.4587
59.4587
59.4587
59.4587
59.4587
59.4587
59.4587
59.4587
59.4587
59.4587
59.4587
59.4587
59.4587
59.4587
59.4587
59.4587
59.4587
59.4587
59.4587
59.4587
59.4587
59.4587
59.4587
59.4587
59.4587
59.4587
59.4587
59.4587
59.4587
59.4587
59.4587
59.4587
59.4587
59.4587
59.4587
59.4587
59.4587
59.4587
59.4587
59.4587
59.4587
59.4587
59.4587
59.4587
59.4587
59.4587
59.4587
59.4587
59.4587
59.4587
59.4587
59.4587
59.4587
59.4587
59.4587
59.4587
59.4587
59.4587
59.4587
59.4587
59.4587
59.4587
59.4587
59.4587
59.4587
59.4587
59.4587
59.4587
59.4587
59.4587
59.4587
59.4587
59.4587
59.4587
59.4587
59.4587
59.4587
59.4587
59.4587
59.4587
59.4587
59.4587
59.4587
59.4587
59.4587
59.4587
59.4587
59.4587
59.4587
59.4587
59.4587
59.4587
59.4587
59.4587
59.4587
59.4587
59.4587
59.4587
59.4587
59.4587
59.4587
59.4587
59.4587
59.4587
59.4587
59.4587
59.4587
59.4587
59.4587
59.4587
59.4587
59.4587
59.4587
59.4587
59.4587
59.4587
59.4587
59.4587
59.4587
59.4587
59.4587
59.4587
59.4587
59.4587
59.4587
59.4587
59.4587
59.4587
59.4587
59.4587
59.4587
59.4587
59.4587
59.4587
59.4587
59.4587
59.4587
59.4587
59.4587
59.4587
59.4587
59.4587
59.4587
59.4587
59.4587
59.4587
59.4587
59.4587
59.4587
59.4587
59.4587
59.4587
59.4587
59.4587
59.4587
59.4587
59.4587
59.4587
59.4587
59.4587
59.4587
59.4587
59.4587
59.4587
59.4587
59.4587
59.4587
59.4587
59.4587
59.4587
59.4587
59.4587
59.4587
59.4587
59.4587
59.4587
59.4587
59.4587
59.4587
59.4587
59.4587
59.4587
59.4587
59.4587
59.4587
59.4587
59.4587
59.4587
59.4587
59.4587
59.4587
59.4587
59.4587
59.4587
59.4587
59.4587
59.4587
59.4587
59.4587
59.4587
59.4587
59.4587
59.4587
59.4587
59.4587
59.4587
59.4587
59.4587
59.4587
59.4587
59.4587
59.4587
59.4587
59.4587
59.4587
59.4587
59.4587
59.4587
59.4587
59.4587
59.4587
59.4587
59.4587
59.4587
59.4587
59.4587
59.4587
59.4587
59.4587
59.4587
59.4587
59.4587
59.4587
59.4587
59.4587
59.4587
59.4587
59.4587
59.4587
59.4587
59.4587
59.4587
59.4587
59.4587
59.4587
59.4587
59.4587
59.4587
59.4587
59.4587
59.4587
59.4587
59.4587
59.4587
59.4587
59.4587
59.4587
59.4587
59.4587
59.4587
59.4587
59.4587
59.4587
59.4587
59.4587
59.4587
59.4587
59.4587
59.4587
59.4587
59.4587
59.4587
59.4587
59.4587
59.4587
59.4587
59.4587
59.4587
59.4587
59.4587
59.4587
59.4587
59.4587
59.4587
59.4587
59.4587
59.4587
59.4587
59.4587
59.4587
59.4587
59.4587
59.4587
59.4587
59.4587
59.4587
59.4587
59.4587
59.4587
59.4587
59.4587
59.4587
59.4587
59.4587
59.4587
59.4587
59.4587
59.4587
59.4587
59.4587
59.4587
59.4587
59.4587
59.4587
59.4587
59.4587
59.4587
59.4587
59.4587
59.4587
59.4587
59.4587
59.4587
59.4587
59.4587
59.4587
59.4587
59.4587
59.4587
59.4587
59.4587
59.4587
59.4587
59.4587
59.4587
59.4587
59.4587
59.4587
59.4587
59.4587
59.4587
59.4587
59.4587
59.4587
59.4587
59.4587
59.4587
59.4587
59.4587
59.4587
59.4587
59.4587
59.4587
59.4587
59.4587
59.4587
59.4587
59.4587
59.4587
59.4587
59.4587
59.4587
59.4587
59.4587
59.4587
59.4587
59.4587
59.4587
59.4587
59.4587
59.4587
59.4587
59.4587
59.4587
59.4587
59.4587
59.4587
59.4587
59.4587
59.4587
59.4587
59.4587
59.4587
59.4587
59.4587
59.4587
59.4587
59.4587
59.4587
59.4587
59.4587
59.4587
59.4587
59.4587
59.4587
59.4587
59.4587
59.4587
59.4587
59.4587
59.4587
59.4587
59.4587
59.4587
59.4587
59.4587
59.4587
59.4587
59.4587
59.4587
59.4587
59.4587
59.4587
59.4587
59.4587
59.4587
59.4587
59.4587
59.4587
59.4587
59.4587
59.4587
59.4587
59.4587
59.4587
59.4587
59.4587
59.4587
59.4587
59.4587
59.4587
59.4587
59.4587
59.4587
59.4587
59.4587
59.4587
59.4587
59.4587
59.4587
59.4587
59.4587
59.4587
59.4587
59.4587
59.4587
59.4587
59.4587
59.4587
59.4587
59.4587
59.4587
59.4587
59.4587
59.4587
59.4587
59.4587
59.4587
59.4587
59.4587
59.4587
59.4587
59.4587
59.4587
59.4587
59.4587
59.4587
59.4587
59.4587
59.4587
59.4587
59.4587
59.4587
59.4587
59.4587
59.4587
59.4587
59.4587
59.4587
59.4587
59.4587
59.4587
59.4587
59.4587
59.4587
59.4587
59.4587
59.4587
59.4587
59.4587
59.4587
59.4587
59.4587
59.4587
59.4587
59.4587
59.4587
59.4587
59.4587
59.4587
59.4587
59.4587
59.4587
59.4587
59.4587
59.4587
59.4587
59.4587
59.4587
59.4587
59.4587
59.4587
59.4587
59.4587
59.4587
59.4587
59.4587
59.4587
59.4587
59.4587
59.4587
59.4587
59.4587
59.4587
59.4587
59.4587
59.4587
59.4587
59.4587
59.4587
59.4587
59.4587
59.4587
59.4587
59.4587
59.4587
59.4587
59.4587
59.4587
59.4587
59.4587
59.4587
59.4587
59.4587
59.4587
59.4587
59.4587
59.4587
59.4587
59.4587
59.4587
59.4587
59.4587
59.4587
59.4587
59.4587
59.4587
59.4587
59.4587
59.4587
59.4587
59.4587
59.4587
59.4587
59.4587
59.4587
59.4587
59.4587
59.4587
59.4587
59.4587
59.4587
59.4587
59.4587
59.4587
59.4587
59.4587
59.4587
59.4587
59.4587
59.4587
59.4587
59.4587
59.4587
59.4587
59.4587
59.4587
59.4587
59.4587
59.4587
59.4587
59.4587
59.4587
59.4587
59.4587
59.4587
59.4587
59.4587
59.4587
59.4587
59.4587
59.4587
59.4587
59.4587
59.4587
59.4587
59.4587
59.4587
59.4587
59.4587
59.4587
59.4587
59.4587
59.4587
59.4587
59.4587
59.4587
59.4587
59.4587
59.4587
59.4587
59.4587
59.4587
59.4587
59.4587
59.4587
59.4587
59.4587
59.4587
59.4587
59.4587
59.4587
59.4587
59.4587
59.4587
59.4587
59.4587
59.4587
59.4587
59.4587
59.4587
59.4587
59.4587
59.4587
59.4587
59.4587
59.4587
59.4587
59.4587
59.4587
59.4587
59.4587
59.4587
59.4587
59.4587
59.4587
59.4587
59.4587
59.4587
59.4587
59.4587
59.4587
59.4587
59.4587
59.4587
59.4587
59.4587
59.4587
59.4587
59.4587
59.4587
59.4587
59.4587
59.4587
59.4587
59.4587
59.4587
59.4587
59.4587
59.4587
59.4587
59.4587
59.4587
59.4587
59.4587
59.4587
59.4587
59.4587
59.4587
59.4587
59.4587
59.4587
59.4587
59.4587
59.4587
59.4587
59.4587
59.4587
59.4587
59.4587
59.4587
59.4587
59.4587
59.4587
59.4587
59.4587
59.4587
59.4587
59.4587
59.4587
59.4587
59.4587
59.4587
59.4587
59.4587
59.4587
59.4587
59.4587
59.4587
59.4587
59.4587
59.4587
59.4587
59.4587
59.4587
59.4587
59.4587
59.4587
59.4587
59.4587
59.4587
59.4587
59.4587
59.4587
59.4587
59.4587
59.4587
59.4587
59.4587
59.4587
59.4587
59.4587
59.4587
59.4587
59.4587
59.4587
59.4587
59.4587
59.4587
59.4587
59.4587
59.4587
59.4587
59.4587
59.4587
59.4587
59.4587
59.4587
59.4587
59.4587
59.4587
59.4587
59.4587
59.4587
59.4587
59.4587
59.4587
59.4587
59.4587
59.4587
59.4587
59.4587
59.4587
59.4587
59.4587
59.4587
59.4587
59.4587
59.4587
59.4587
59.4587
59.4587
59.4587
59.4587
59.4587
59.4587
59.4587
59.4587
59.4587
59.4587
59.4587
59.4587
59.4587
59.4587
59.4587
59.4587
59.4587
59.4587
59.4587
59.4587
59.4587
59.4587
59.4587
59.4587
59.4587
59.4587
59.4587
59.4587
59.4587
59.4587
59.4587
59.4587
59.4587
59.4587
59.4587
59.4587
59.4587
59.4587
59.4587
59.4587
59.4587
59.4587
59.4587
59.4587
59.4587
59.4587
59.4587
59.4587
59.4587
59.4587
59.4587
59.4587
59.4587
59.4587
59.4587
59.4587
59.4587
59.4587
59.4587
59.4587
59.4587
59.4587
59.4587
59.4587
59.4587
59.4587
59.4587
59.4587
59.4587
59.4587
59.4587
59.4587
59.4587
59.4587
59.4587
59.4587
59.4587
59.4587
59.4587
59.4587
59.4587
59.4587
59.4587
59.4587
59.4587
59.4587
59.4587
59.4587
59.4587
59.4587
59.4587
59.4587
59.4587
59.4587
59.4587
59.4587
59.4587
59.4587
59.4587
59.4587
59.4587
59.4587
59.4587
59.4587
59.4587
59.4587
59.4587
59.4587
59.4587
59.4587
59.4587
59.4587
59.4587
59.4587
59.4587
59.4587
59.4587
59.4587
59.4587
59.4587
59.4587
59.4587
59.4587
59.4587
59.4587
59.4587
59.4587
59.4587
59.4587
59.4587
59.4587
59.4587
59.4587
59.4587
59.4587
59.4587
59.4587
59.4587
59.4587
59.4587
59.4587
59.4587
59.4587
59.4587
59.4587
59.4587
59.4587
59.4587
59.4587
59.4587
59.4587
59.4587
59.4587
59.4587
59.4587
59.4587
59.4587
59.4587
59.4587
59.4587
59.4587
59.4587
59.4587
59.4587
59.4587
59.4587
59.4587
59.4587
59.4587
59.4587
59.4587
59.4587
59.4587
59.4587
59.4587
59.4587
59.4587
59.4587
59.4587
59.4587
59.4587
59.4587
59.4587
59.4587
59.4587
59.4587
59.4587
59.4587
59.4587
59.4587
59.4587
59.4587
59.4587
59.4587
59.4587
59.4587
59.4587
59.4587
59.4587
59.4587
59.4587
59.4587
59.4587
59.4587
59.4587
59.4587
59.4587
59.4587
59.4587
59.4587
59.4587
59.4587
59.4587
59.4587
59.4587
59.4587
59.4587
59.4587
59.4022
59.1958
58.8725
58.2045
58.0448
58.0448
58.0448
58.0448
58.0448
58.0448
58.0448
58.0448
58.0448
58.0448
58.0448
58.0448
58.0448
58.0448
58.0448
58.0448
58.0448
58.0448
58.0448
58.0448
58.0448
58.0448
58.0448
58.0448
58.0448
58.0448
58.0448
58.0448
58.0448
58.0448
58.0448
58.0448
58.0448
58.0448
58.0448
58.0448
58.0448
58.0448
58.0448
58.0448
58.0448
58.0448
58.0448
58.0448
58.0448
58.0448
58.0448
58.0448
58.0448
58.0448
58.0448
58.0448
58.0448
58.0448
58.0448
58.0448
58.0448
58.0448
58.0448
58.0448
58.0448
58.0448
58.0448
58.0448
58.0448
58.0448
58.0448
58.0448
58.0448
58.0448
58.0448
58.0448
58.0448
58.0448
58.0448
58.0448
58.0448
58.0448
58.0448
58.0448
58.0448
58.0448
58.0448
58.0448
58.0448
58.0448
58.0448
58.0448
58.0448
58.0448
58.0448
58.0448
58.0448
58.0448
58.0448
58.0448
58.0448
58.0448
58.0448
58.0448
58.0448
58.0448
58.0448
58.0448
58.0448
58.0448
58.0448
58.0448
58.0448
58.0448
58.0448
58.0448
58.0448
58.0448
58.0448
58.0448
58.0448
58.0448
58.0448
58.0448
58.0448
58.0448
58.0448
58.0448
58.0448
58.0448
58.0448
58.0448
58.0448
58.0448
58.0448
58.0448
58.0448
58.0448
58.0448
58.0448
58.0448
58.0448
58.0448
58.0448
58.0448
58.0448
58.0448
58.0448
58.0448
58.0448
58.0448
58.0448
58.0448
58.0448
58.0448
58.0448
58.0448
58.0448
58.0448
58.0448
58.0448
58.0448
58.0448
58.0448
58.0448
58.0448
58.0448
58.0448
58.0448
58.0448
58.0448
58.0448
58.0448
58.0448
58.0448
58.0448
58.0448
58.0448
58.0448
58.0448
58.0448
58.0448
58.0448
58.0448
58.0448
58.0448
58.0448
58.0448
58.0448
58.0448
58.0448
58.0448
58.0448
58.0448
58.0448
58.0448
58.0448
58.0448
58.0448
58.0448
58.0448
58.0448
58.0448
58.0448
58.0448
58.0448
58.0448
58.0448
58.0448
58.0448
58.0448
58.0448
58.0448
58.0448
58.0448
58.0448
58.0448
58.0448
58.0448
58.0448
58.0448
58.0448
58.0448
58.0448
58.0448
58.0448
58.0448
58.0448
58.0448
58.0448
58.0448
58.0448
58.0448
58.0448
58.0448
58.0448
58.0448
58.0448
58.0448
58.0448
58.0448
58.0448
58.0448
58.0448
58.0448
58.0448
58.0448
58.0448
58.0448
58.0448
58.0448
58.0448
58.0448
58.0448
58.0448
58.0448
58.0448
58.0448
58.0448
58.0448
58.0448
58.0448
58.0448
58.0448
58.0448
58.0448
58.0448
58.0448
58.0448
58.0448
58.0448
58.0448
58.0448
58.0448
58.0448
58.0448
58.0448
58.0448
58.0448
58.0448
58.0448
58.0448
58.0448
58.0448
58.0448
58.0448
58.0448
58.0448
58.0448
58.0448
58.0448
58.0448
58.0448
58.0448
58.0448
58.0448
58.0448
58.0448
58.0448
58.0448
58.0448
58.0448
58.0448
58.0448
58.0448
58.0448
58.0448
58.0448
58.0448
58.0448
58.0448
58.0448
58.0448
58.0448
58.0448
58.0448
58.0448
58.0448
58.0448
58.0448
58.0448
58.0448
58.0448
58.0448
58.0448
58.0448
58.0448
58.0448
58.0448
58.0448
58.0448
58.0448
58.0448
58.0448
58.0448
58.0448
58.0448
58.0448
58.0448
58.0448
58.0448
58.0448
58.0448
58.0448
58.0448
58.0448
58.0448
58.0448
58.0448
58.0448
58.0448
58.0448
58.0448
58.0448
58.0448
58.0448
58.0448
58.0448
58.0448
58.0448
58.0448
58.0448
58.0448
58.0448
58.0448
58.0448
58.0448
58.0448
58.0448
58.0448
58.0448
58.0448
58.0448
58.0448
58.0448
58.0448
58.0448
58.0448
58.0448
58.0448
58.0448
58.0448
58.0448
58.0448
58.0448
58.0448
58.0448
58.0448
58.0448
58.0448
58.0448
58.0448
58.0448
58.0448
58.0448
58.0448
58.0448
58.0448
58.0448
58.0448
58.0448
58.0448
58.0448
58.0448
58.0448
58.0448
58.0448
58.0448
58.0448
58.0448
58.0448
58.0448
58.0448
58.0448
58.0448
58.0448
58.0448
58.0448
58.0448
58.0448
58.0448
58.0448
58.0448
58.0448
58.0448
58.0448
58.0448
58.0448
58.0448
58.0448
58.0448
58.0422
58.0395
58.0315
58.0047
57.9538
57.911
57.911
57.911
57.911
57.911
57.911
57.911
57.911
57.911
57.911
57.911
57.911
57.911
57.911
57.911
57.911
57.911
57.911
57.911
57.911
57.911
57.911
57.911
57.911
57.911
57.911
57.911
57.911
57.911
57.911
57.911
57.911
57.911
57.911
57.911
57.911
57.911
57.911
57.911
57.911
57.911
57.911
57.911
57.911
57.911
57.911
57.911
57.911
57.911
57.911
57.911
57.911
57.911
57.911
57.911
57.911
57.911
57.911
57.911
57.911
57.911
57.911
57.911
57.911
57.911
57.911
57.911
57.911
57.911
57.911
57.911
57.911
57.911
57.911
57.911
57.911
57.911
57.911
57.911
57.911
57.911
57.911
57.911
57.911
57.911
57.911
57.911
57.911
57.911
57.911
57.911
57.911
57.911
57.911
57.911
57.911
57.911
57.911
57.911
57.911
57.911
57.911
57.911
57.911
57.911
57.911
57.911
57.911
57.911
57.911
57.911
57.911
57.911
57.911
57.911
57.911
57.911
57.911
57.911
57.911
57.911
57.911
57.911
57.911
57.911
57.911
57.9076
57.8834
57.8523
57.8143
57.7382
57.7382
57.7382
57.7382
57.7382
57.7382
57.7382
57.7382
57.7382
57.7382
57.7382
57.7382
57.7382
57.7382
57.7382
57.7382
57.7382
57.7382
57.7382
57.7382
57.7382
57.7382
57.7382
57.7382
57.7382
57.7382
57.7382
57.7382
57.7382
57.7382
57.7382
57.7382
57.7382
57.7382
57.7382
57.7382
57.7382
57.7382
57.7382
57.7382
57.7382
57.7382
57.7382
57.7382
57.7382
57.7382
57.7382
57.7382
57.7382
57.7382
57.7382
57.7382
57.7382
57.7382
57.7382
57.7382
57.7382
57.7382
57.7382
57.7382
57.7382
57.7382
57.7382
57.7382
57.7382
57.7382
57.7382
57.7382
57.7382
57.7382
57.7382
57.7382
57.7382
57.7382
57.7382
57.7382
57.7382
57.7382
57.7382
57.7382
57.7382
57.7382
57.7382
57.7382
57.7382
57.7382
57.7382
57.7382
57.7382
57.7382
57.7382
57.7382
57.7382
57.7382
57.7382
57.7382
57.7382
57.7382
57.7382
57.7382
57.7382
57.7382
57.7382
57.7382
57.7382
57.7382
57.7382
57.7382
57.7382
57.7382
57.7382
57.7382
57.7382
57.7382
57.7382
57.7382
57.7382
57.7382
57.7382
57.7382
57.7382
57.7382
57.7382
57.7382
57.7382
57.7382
57.7382
57.7382
57.7382
57.7382
57.7382
57.7382
57.7382
57.7382
57.7382
57.7382
57.7382
57.7382
57.7382
57.7382
57.7382
57.7382
57.7382
57.7382
57.7382
57.7382
57.7382
57.7382
57.7382
57.7382
57.7382
57.7382
57.7382
57.7382
57.7382
57.7382
57.7382
57.7382
57.7382
57.7382
57.7382
57.7382
57.7382
57.7382
57.7382
57.7382
57.7382
57.7382
57.7382
57.7382
57.7382
57.7382
57.7382
57.7382
57.7382
57.7382
57.7382
57.7382
57.7382
57.7382
57.7382
57.7382
57.7382
57.7382
57.7382
57.7382
57.7382
57.7382
57.7382
57.7382
57.7382
57.7382
57.7382
57.7382
57.7382
57.7382
57.7382
57.7382
57.7382
57.7382
57.7382
57.7382
57.7382
57.7382
57.7382
57.7382
57.7382
57.7382
57.7382
57.7382
57.7382
57.7382
57.7382
57.7382
57.7382
57.7382
57.7382
57.7382
57.7382
57.7382
57.7382
57.7382
57.7382
57.7382
57.7382
57.7382
57.7382
57.7382
57.7382
57.7382
57.7382
57.7382
57.7382
57.7382
57.7382
57.7382
57.7382
57.7382
57.7382
57.7382
57.7382
57.7382
57.7382
57.7382
57.7382
57.7382
57.7382
57.7382
57.7382
57.7382
57.7382
57.7382
57.7382
57.7382
57.7382
57.7382
57.7382
57.7382
57.7382
57.7382
57.7382
57.7382
57.7382
57.7382
57.7382
57.7382
57.7382
57.7382
57.7382
57.7382
57.7382
57.7382
57.7382
57.7382
57.7382
57.7382
57.7382
57.7382
57.7382
57.7382
57.7382
57.7382
57.7382
57.7382
57.7382
57.7382
57.7382
57.7382
57.7382
57.7382
57.7382
57.7382
57.7382
57.7382
57.7382
57.7382
57.7382
57.7382
57.7382
57.7382
57.7382
57.7382
57.7382
57.7382
57.7382
57.7382
57.7382
57.7382
57.7382
57.7382
57.7382
57.7382
57.7382
57.7382
57.7382
57.7382
57.7382
57.7382
57.7382
57.7382
57.7382
57.7382
57.7382
57.7382
57.7382
57.7382
57.7382
57.7382
57.7382
57.7382
57.7382
57.7382
57.7382
57.7382
57.7382
57.7382
57.7382
57.7382
57.7382
57.7382
57.7382
57.7382
57.7382
57.7382
57.7382
57.7382
57.7382
57.7382
57.7382
57.7382
57.7382
57.7382
57.7382
57.7382
57.7382
57.7382
57.7382
57.7382
57.7382
57.7382
57.7382
57.7382
57.7382
57.7382
57.7382
57.7382
57.7382
57.7382
57.7382
57.7382
57.7382
57.7382
57.7382
57.7382
57.7382
57.7382
57.7382
57.7382
57.7382
57.7382
57.7382
57.7382
57.7382
57.7382
57.7382
57.7382
57.7382
57.7382
57.7382
57.7382
57.7382
57.7382
57.7382
57.7382
57.7382
57.7382
57.7382
57.7382
57.7382
57.7382
57.7382
57.7382
57.7382
57.7382
57.7382
57.7382
57.7382
57.7382
57.7382
57.7382
57.7382
57.7382
57.7382
57.7382
57.7382
57.7382
57.7382
57.7382
57.7382
57.7382
57.7382
57.7382
57.7382
57.7382
57.7382
57.7382
57.7382
57.7382
57.7382
57.7382
57.7382
57.7382
57.7382
57.7382
57.7382
57.7382
57.7382
57.7382
57.7382
57.7382
57.7382
57.7382
57.7382
57.7382
57.7382
57.7382
57.7382
57.7382
57.7382
57.7382
57.7382
57.7382
57.7382
57.7382
57.7382
57.7382
57.7382
57.7382
57.7382
57.7382
57.7382
57.7382
57.7382
57.7382
57.7382
57.7382
57.7382
57.7382
57.7382
57.7382
57.7382
57.7382
57.7382
57.7382
57.7382
57.7382
57.7382
57.7382
57.7382
57.7382
57.7382
57.7382
57.7382
57.7382
57.7382
57.7382
57.7382
57.7382
57.7382
57.7382
57.7382
57.7382
57.7382
57.7382
57.7382
57.7382
57.7382
57.7382
57.7382
57.7382
57.7382
57.7382
57.7382
57.7382
57.7382
57.7382
57.7382
57.7382
57.7382
57.7382
57.7382
57.7382
57.7382
57.7382
57.7382
57.7382
57.7382
57.7382
57.7382
57.7382
57.7382
57.7382
57.7382
57.7382
57.7382
57.7382
57.7382
57.7382
57.7382
57.7382
57.7382
57.7382
57.7382
57.7382
57.7382
57.7382
57.7382
57.7382
57.7382
57.7382
57.7382
57.7382
57.7382
57.7382
57.7382
57.7382
57.7382
57.7382
57.7382
57.7382
57.7382
57.7382
57.7382
57.7382
57.7382
57.7382
57.7382
57.7382
57.7382
57.7382
57.7382
57.7382
57.7382
57.7382
57.7382
57.7382
57.7382
57.7382
57.7382
57.7382
57.7382
57.7382
57.7382
57.7382
57.7382
57.7382
57.7382
57.7382
57.7382
57.7382
57.7382
57.7382
57.7382
57.7382
57.7382
57.7382
57.7382
57.7382
57.7382
57.7382
57.7382
57.7382
57.7382
57.7382
57.7382
57.7382
57.7382
57.7382
57.7382
57.7382
57.7382
57.7382
57.7382
57.7382
57.7382
57.7382
57.7382
57.7382
57.7382
57.7382
57.7382
57.7382
57.7382
57.7382
57.7382
57.7382
57.7382
57.7382
57.7382
57.7382
57.7382
57.7382
57.7382
57.7382
57.7382
57.7382
57.7382
57.7382
57.7382
57.7382
57.7382
57.7382
57.7382
57.7382
57.7382
57.7382
57.7382
57.7382
57.7382
57.7382
57.7382
57.7382
57.7382
57.7382
57.7382
57.7382
57.7382
57.7382
57.7382
57.7382
57.7382
57.7382
57.7382
57.7382
57.7382
57.7382
57.7382
57.7382
57.7382
57.7382
57.7382
57.7382
57.7382
57.7382
57.7382
57.7382
57.7382
57.7382
57.7382
57.7382
57.7382
57.7382
57.7382
57.7382
57.7382
57.7382
57.7382
57.7382
57.7382
57.7382
57.7382
57.7382
57.7382
57.7382
57.7382
57.7382
57.7382
57.7382
57.7382
57.7382
57.7382
57.7382
57.7382
57.7382
57.7382
57.7382
57.7382
57.7382
57.7382
57.7382
57.7382
57.7382
57.7382
57.7382
57.7382
57.7382
57.7382
57.7382
57.7382
57.7382
57.7382
57.7382
57.7382
57.7382
57.7382
57.7382
57.7382
57.7382
57.7382
57.7382
57.7382
57.7382
57.7382
57.7382
57.7382
57.7382
57.7382
57.7382
57.7382
57.7382
57.7382
57.7382
57.7382
57.7382
57.7382
57.7382
57.7382
57.7382
57.7382
57.7382
57.7382
57.7382
57.7382
57.7382
57.7382
57.7382
57.7382
57.7382
57.7382
57.7382
57.7382
57.7382
57.7382
57.7382
57.7382
57.7382
57.7382
57.7382
57.7382
57.7382
57.7382
57.7382
57.7382
57.7382
57.7382
57.7382
57.7382
57.7382
57.7382
57.7382
57.7382
57.7382
57.7382
57.7382
57.7382
57.7382
57.7382
57.7382
57.7382
57.7382
57.7382
57.7382
57.7382
57.7382
57.7382
57.7382
57.7382
57.7382
57.7382
57.7382
57.7382
57.7382
57.7382
57.7382
57.7382
57.7382
57.7382
57.7382
57.7382
57.7382
57.7382
57.7382
57.7382
57.7382
57.7382
57.7382
57.7382
57.7382
57.7382
57.7382
57.7382
57.7382
57.7382
57.7382
57.7382
57.7382
57.7382
57.7382
57.7382
57.7382
57.7382
57.7382
57.7382
57.7382
57.7382
57.7382
57.7382
57.7382
57.7382
57.7382
57.7382
57.7382
57.7382
57.7382
57.7382
57.7382
57.7382
57.7382
57.7382
57.7382
57.7382
57.7382
57.7382
57.7382
57.7382
57.7382
57.7382
57.7382
57.7382
57.7382
57.7382
57.7382
57.7382
57.7382
57.7382
57.7382
57.7382
57.7382
57.7382
57.7382
57.7382
57.7382
57.7382
57.7382
57.7382
57.7382
57.7382
57.7382
57.7382
57.7382
57.7382
57.7382
57.7382
57.7382
57.7382
57.7382
57.7382
57.7382
57.7382
57.7382
57.7382
57.7382
57.7382
57.7382
57.7382
57.7382
57.7382
57.7382
57.7382
57.7382
57.7382
57.7382
57.7382
57.7382
57.7382
57.7382
57.7382
57.7382
57.7382
57.7382
57.7382
57.7382
57.7382
57.7382
57.7382
57.7382
57.7382
57.7382
57.7382
57.7382
57.7382
57.7382
57.7382
57.7382
57.7382
57.7382
57.7382
57.7382
57.7382
57.7382
57.7382
57.7382
57.7382
57.7382
57.7382
57.7382
57.7382
57.7382
57.7382
57.7382
57.7382
57.7382
57.7382
57.7382
57.7382
57.7382
57.7382
57.7382
57.7382
57.7382
57.7382
57.7382
57.7382
57.7382
57.7382
57.7382
57.7382
57.7382
57.7382
57.7382
57.7382
57.7382
57.7382
57.7382
57.7382
57.7382
57.7382
57.7382
57.7382
57.7382
57.7382
57.7382
57.7382
57.7382
57.7382
57.7382
57.7382
57.7382
57.7382
57.7382
57.7382
57.7382
57.7382
57.7382
57.7382
57.7382
57.7382
57.7382
57.7382
57.7382
57.7382
57.7382
57.7382
57.7382
57.7382
57.7382
57.7382
57.7382
57.7382
57.7382
57.7382
57.7382
57.7382
57.7382
57.7382
57.7382
57.7382
57.7382
57.7382
57.7382
57.7382
57.7382
57.7382
57.7382
57.7382
57.7382
57.7382
57.7382
57.7382
57.7382
57.7382
57.7382
57.7382
57.7382
57.7382
57.7382
57.7382
57.7382
57.7382
57.7382
57.7382
57.7382
57.7382
57.7382
57.7382
57.7382
57.7382
57.7382
57.7382
57.7382
57.7382
57.7382
57.7382
57.7382
57.7382
57.7382
57.7382
57.7382
57.7382
57.7382
57.7382
57.7382
57.7382
57.7382
57.7382
57.7382
57.7382
57.7382
57.7382
57.7382
57.7382
57.7382
57.7382
57.7382
57.7382
57.7382
57.7382
57.7382
57.7382
57.7382
57.7382
57.7382
57.7382
57.7382
57.7382
57.7382
57.7382
57.7382
57.7382
57.7382
57.7382
57.7382
57.7382
57.7382
57.7382
57.7382
57.7382
57.7382
57.7382
57.7382
57.7382
57.7382
57.7382
57.7382
57.7382
57.7382
57.7382
57.7382
57.7382
57.7382
57.7382
57.7382
57.7382
57.7382
57.7382
57.7382
57.7382
57.7382
57.7382
57.7382
57.7382
57.7382
57.7382
57.7382
57.7382
57.7382
57.7382
57.7382
57.7382
57.7382
57.7382
57.7382
57.7382
57.7382
57.7382
57.7382
57.7382
57.7382
57.7382
57.7382
57.7382
57.7382
57.7382
57.7382
57.7382
57.7382
57.7382
57.7382
57.7382
57.7382
57.7382
57.7382
57.7382
57.7382
57.7382
57.7382
57.7382
57.7382
57.7382
57.7382
57.7382
57.7382
57.7382
57.7382
57.7382
57.7382
57.7382
57.7382
57.7382
57.7382
57.7382
57.7382
57.7382
57.7382
57.7382
57.7382
57.7382
57.7382
57.7382
57.7382
57.7382
57.7382
57.7382
57.7382
57.7382
57.7382
57.7382
57.7382
57.7382
57.7382
57.7382
57.7382
57.7382
57.7382
57.7382
57.7382
57.7382
57.7382
57.7382
57.7382
57.7382
57.7382
57.7382
57.7382
57.7382
57.7382
57.7382
57.7382
57.7382
57.7382
57.7382
57.7382
57.7382
57.7382
57.7382
57.7382
57.7382
57.7382
57.7382
57.7382
57.7382
57.7382
57.7382
57.7382
57.7382
57.7382
57.7382
57.7382
57.7382
57.7382
57.7382
57.7382
57.7382
57.7382
57.7382
57.7382
57.7382
57.7382
57.7382
57.7382
57.7382
57.7382
57.7382
57.7382
57.7382
57.7382
57.7382
57.7382
57.7382
57.7382
57.7382
57.7382
57.7382
57.7382
57.7382
57.7382
57.7382
57.7382
57.7382
57.7382
57.7382
57.7382
57.7382
57.7382
57.7382
57.7382
57.7382
57.7382
57.7382
57.7382
57.7382
57.7382
57.7382
57.7382
57.7382
57.7382
57.7382
57.7382
57.7382
57.7382
57.7382
57.7382
57.7382
57.7382
57.7382
57.7382
57.7382
57.7382
57.7382
57.7382
57.7382
57.7382
57.7382
57.7382
57.7382
57.7382
57.7382
57.7382
57.7382
57.7382
57.7382
57.7382
57.7382
57.7382
57.7382
57.7382
57.7382
57.7382
57.7382
57.7382
57.7382
57.7382
57.7382
57.7382
57.7382
57.7382
57.7382
57.7382
57.7382
57.7382
57.7382
57.7382
57.7382
57.7382
57.7382
57.7382
57.7382
57.7382
57.7382
57.7382
57.7382
57.7382
57.7382
57.7382
57.7382
57.7382
57.7382
57.7382
57.7382
57.7382
57.7382
57.7382
57.7382
57.7382
57.7382
57.7382
57.7382
57.7382
57.7382
57.7382
57.7382
57.7382
57.7382
57.7382
57.7382
57.7382
57.7382
57.7382
57.7382
57.7382
57.7382
57.7382
57.7382
57.7382
57.7382
57.7382
57.7382
57.7382
57.7382
57.7382
57.7382
57.7382
57.7382
57.7382
57.7382
57.7382
57.7382
57.7382
57.7382
57.7382
57.7382
57.7382
57.7382
57.7382
57.7382
57.7382
57.7382
57.7382
57.7382
57.7382
57.7382
57.7382
57.7382
57.7382
57.7382
57.7382
57.7382
57.7382
57.7382
57.7382
57.7382
57.7382
57.7382
57.7382
57.7382
57.7382
57.7382
57.7382
57.7382
57.7382
57.7382
57.7382
57.7382
57.7382
57.7382
57.7382
57.7382
57.7382
57.7382
57.7382
57.7382
57.7382
57.7382
57.7382
57.7382
57.7382
57.7382
57.7382
57.7382
57.7382
57.7382
57.7382
57.7382
57.7382
57.7382
57.7382
57.7382
57.7382
57.7382
57.7382
57.7382
57.7382
57.7382
57.7382
57.7382
57.7382
57.7382
57.7382
57.7382
57.7382
57.7382
57.7382
57.7382
57.7382
57.7382
57.7382
57.7382
57.7382
57.7382
57.7382
57.7382
57.7382
57.7382
57.7382
57.7382
57.7382
57.7382
57.7382
57.7382
57.7382
57.7382
57.7382
57.7382
57.7382
57.7382
57.7382
57.7382
57.7382
57.7382
57.7382
57.7382
57.7382
57.7382
57.7382
57.7382
57.7382
57.7382
57.7382
57.7382
57.7382
57.7382
57.7382
57.7382
57.7382
57.7382
57.7382
57.7382
57.7382
57.7382
57.7382
57.7382
57.7382
57.7382
57.7382
57.7382
57.7382
57.7382
57.7382
57.7382
57.7382
57.7382
57.7382
57.7382
57.7382
57.7382
57.7382
57.7382
57.7382
57.7382
57.7382
57.7382
57.7382
57.7382
57.7382
57.7382
57.7382
57.7382
57.7382
57.7382
57.7382
57.7382
57.7382
57.7382
57.7382
57.7382
57.7382
57.7382
57.7382
57.7382
57.7382
57.7382
57.7382
57.7382
57.7382
57.7382
57.7382
57.7382
57.7382
57.7382
57.7382
57.7382
57.7382
57.7382
57.7382
57.7382
57.7382
57.7382
57.7382
57.7382
57.7382
57.7382
57.7382
57.7382
57.7382
57.7382
57.7382
57.7382
57.7382
57.7382
57.7382
57.7382
57.7382
57.7382
57.7382
57.7382
57.7382
57.7382
57.7382
57.7382
57.7382
57.7382
57.7382
57.7382
57.7382
57.7382
57.7382
57.7382
57.7382
57.7382
57.7382
57.7382
57.7382
57.7382
57.7382
57.7382
57.7382
57.7382
57.7382
57.7382
57.7382
57.7382
57.7382
57.7382
57.7382
57.7382
57.7382
57.7382
57.7382
57.7382
57.7382
57.7382
57.7382
57.7382
57.7382
57.7382
57.7382
57.7382
57.7382
57.7382
57.7382
57.7382
57.7382
57.7382
57.7382
57.7382
57.7382
57.7382
57.7382
57.7382
57.7382
57.7382
57.7382
57.7382
57.7382
57.7382
57.7382
57.7382
57.7382
57.7382
57.7382
57.7382
57.7382
57.7382
57.7382
57.7382
57.7382
57.7382
57.7382
57.7382
57.7382
57.7382
57.7382
57.7382
57.7382
57.7382
57.7382
57.7382
57.7382
57.7382
57.7382
57.7382
57.7382
57.7382
57.7382
57.7382
57.7382
57.7382
57.7382
57.7382
57.7382
57.7382
57.7382
57.7382
57.7382
57.7382
57.7382
57.7382
57.7382
57.7382
57.7382
57.7382
57.7382
57.7382
57.7382
57.7382
57.7382
57.7382
57.7382
57.7382
57.7382
57.7382
57.7382
57.7382
57.7382
57.7382
57.7382
57.7382
57.7382
57.7382
57.7382
57.7382
57.7382
57.7382
57.7382
57.7382
57.7382
57.7382
57.7382
57.7382
57.7382
57.7382
57.7382
57.7382
57.7382
57.7382
57.7382
57.7382
57.7382
57.7382
57.7382
57.7382
57.7382
57.7382
57.7382
57.7382
57.7382
57.7382
57.7382
57.7382
57.7382
57.7382
57.7382
57.7382
57.7382
57.7382
57.7382
57.7382
57.7382
57.7382
57.7382
57.7382
57.7382
57.7382
57.7382
57.7382
57.7382
57.7382
57.7382
57.7382
57.7382
57.7382
57.7382
57.7382
57.7382
57.7382
57.7382
57.7382
57.7382
57.7382
57.7382
57.7382
57.7382
57.7382
57.7382
57.7382
57.7382
57.7382
57.7382
57.7382
57.7382
57.7382
57.7382
57.7382
57.7382
57.7382
57.7382
57.7382
57.7382
57.7382
57.7382
57.7382
57.7382
57.7382
57.7382
57.7382
57.7382
57.7382
57.7382
57.7382
57.7382
57.7382
57.7382
57.7382
57.7382
57.7382
57.7382
57.7382
57.7382
57.7382
57.7382
57.7382
57.7382
57.7382
57.7382
57.7382
57.7382
57.7382
57.7382
57.7382
57.7382
57.7382
57.7382
57.7382
57.7382
57.7382
57.7382
57.7382
57.7382
57.7382
57.7382
57.7382
57.7382
57.7382
57.7382
57.7382
57.7382
57.7382
57.7382
57.7382
57.7382
57.7382
57.7382
57.7382
57.7382
57.7382
57.7382
57.7382
57.7382
57.7382
57.7382
57.7382
57.7382
57.7382
57.7382
57.7382
57.7382
57.7382
57.7382
57.7382
57.7382
57.7382
57.7382
57.7382
57.7382
57.7382
57.7382
57.7382
57.7382
57.7382
57.7382
57.7382
57.7382
57.7382
57.7382
57.7382
57.7382
57.7382
57.7382
57.7382
57.7382
57.7382
57.7382
57.7382
57.7382
57.7382
57.7382
57.7382
57.7382
57.7382
57.7382
57.7382
57.7382
57.7382
57.7382
57.7382
57.7382
57.7382
57.7382
57.7382
57.7382
57.7382
57.7382
57.7382
57.7382
57.7382
57.7382
57.7382
57.7382
57.7382
57.7382
57.7382
57.7382
57.7382
57.7382
57.7382
57.7382
57.7382
57.7382
57.7382
57.7382
57.7382
57.7382
57.7382
57.7382
57.7382
57.7382
57.7382
57.7382
57.7382
57.7382
57.7382
57.7382
57.7382
57.7382
57.7382
57.7382
57.7382
57.7382
57.7382
57.7382
57.7382
57.7382
57.7382
57.7382
57.7382
57.7382
57.7382
57.7382
57.7382
57.7382
57.7382
57.7382
57.7382
57.7382
57.7382
57.7382
57.7382
57.7382
57.7382
57.7382
57.7382
57.7382
57.7382
57.7382
57.7382
57.7382
57.7382
57.7382
57.7382
57.7382
57.7382
57.7382
57.7382
57.7382
57.7382
57.7382
57.7382
57.7382
57.7382
57.7382
57.7382
57.7382
57.7382
57.7382
57.7382
57.7382
57.7382
57.7382
57.7382
57.7382
57.7382
57.7382
57.7382
57.7382
57.7382
57.7382
57.7382
57.7382
57.7382
57.7382
57.7382
57.7382
57.7382
57.7382
57.7382
57.7382
57.7382
57.7382
57.7382
57.7382
57.7382
57.7382
57.7382
57.7382
57.7382
57.7382
57.7382
57.7382
57.7382
57.7382
57.7382
57.7382
57.7382
57.7382
57.7382
57.7382
57.7382
57.7382
57.7382
57.7382
57.7382
57.7382
57.7382
57.7382
57.7382
57.7382
57.7382
57.7382
57.7382
57.7382
57.7382
57.7382
57.7382
57.7382
57.7382
57.7382
57.7382
57.7382
57.7382
57.7382
57.7382
57.7382
57.7382
57.7382
57.7382
57.7382
57.7382
57.7382
57.7382
57.7382
57.7382
57.7382
57.7382
57.7382
57.7382
57.7382
57.7382
57.7382
57.7382
57.7382
57.7382
57.7382
57.7382
57.7382
57.7382
57.7382
57.7382
57.7382
57.7382
57.7382
57.7382
57.7382
57.7382
57.7382
57.7382
57.7382
57.7382
57.7382
57.7382
57.7382
57.7382
57.7382
57.7382
57.7382
57.7382
57.7382
57.7382
57.7382
57.7382
57.7382
57.7382
57.7382
57.7382
57.7382
57.7382
57.7382
57.7382
57.7382
57.7382
57.7382
57.7382
57.7382
57.7382
57.7382
57.7382
57.7382
57.7382
57.7382
57.7382
57.7382
57.7382
57.7382
57.7382
57.7382
57.7382
57.7382
57.7382
57.7382
57.7382
57.7382
57.7382
57.7382
57.7382
57.7382
57.7382
57.7382
57.7382
57.7382
57.7382
57.7382
57.7382
57.7382
57.7382
57.7382
57.7382
57.7382
57.7382
57.7382
57.7382
57.7382
57.7382
57.7382
57.7382
57.7382
57.7382
57.7382
57.7382
57.7382
57.7382
57.7382
57.7382
57.7382
57.7382
57.7382
57.7382
57.7382
57.7382
57.7382
57.7382
57.7382
57.7382
57.7382
57.7382
57.7382
57.7382
57.7382
57.7382
57.7382
57.7382
57.7382
57.7382
57.7382
57.7382
57.7382
57.7382
57.7382
57.7382
57.7382
57.7382
57.7382
57.7382
57.7382
57.7382
57.7382
57.7382
57.7382
57.7382
57.7382
57.7382
57.7382
57.7382
57.7382
57.7382
57.7382
57.7382
57.7382
57.7382
57.7382
57.7382
57.7382
57.7382
57.7382
57.7382
57.7382
57.7382
57.7382
57.7382
57.7382
57.7382
57.7382
57.7382
57.7382
57.7382
57.7382
57.7382
57.7382
57.7382
57.7382
57.7382
57.7382
57.7382
57.7382
57.7382
57.7382
57.7382
57.7382
57.7382
57.7382
57.7382
57.7382
57.7382
57.7382
57.7382
57.7382
57.7382
57.7382
57.7382
57.7382
57.7382
57.7382
57.7382
57.7382
57.7382
57.7382
57.7382
57.7382
57.7382
57.7382
57.7382
57.7382
57.7382
57.7382
57.7382
57.7382
57.7382
57.7382
57.7382
57.7382
57.7382
57.7382
57.7382
57.7382
57.7382
57.7382
57.7382
57.7382
57.7382
57.7382
57.7382
57.7382
57.7382
57.7382
57.7382
57.7382
57.7382
57.7382
57.7382
57.7382
57.7382
57.7382
57.7382
57.7382
57.7382
57.7382
57.7382
57.7382
57.7382
57.7382
57.7382
57.7382
57.7382
57.7382
57.7382
57.7382
57.7382
57.7382
57.7382
57.7382
57.7382
57.7382
57.7382
57.7382
57.7382
57.7382
57.7382
57.7382
57.7382
57.7382
57.7382
57.7382
57.7382
57.7382
57.7382
57.7382
57.7382
57.7382
57.7382
57.7382
57.7382
57.7382
57.7382
57.7382
57.7382
57.7382
57.7382
57.7382
57.7382
57.7382
57.7382
57.7382
57.7382
57.7382
57.7382
57.7382
57.7382
57.7382
57.7382
57.7382
57.7382
57.7382
57.7382
57.7382
57.7382
57.7382
57.7382
57.7382
57.7382
57.7382
57.7382
57.7382
57.7382
57.7382
57.7382
57.7382
57.7382
57.7382
57.7382
57.7382
57.7382
57.7382
57.7382
57.7382
57.7382
57.7382
57.7382
57.7382
57.7382
57.7382
57.7382
57.7382
57.7382
57.7382
57.7382
57.7382
57.7382
57.7382
57.7382
57.7382
57.7382
57.7382
57.7382
57.7382
57.7382
57.7382
57.7382
57.7382
57.7382
57.7382
57.7382
57.7382
57.7382
57.7382
57.7382
57.7382
57.7382
57.7382
57.7382
57.7382
57.7382
57.7382
57.7382
57.7382
57.7382
57.7382
57.7382
57.7382
57.7382
57.7382
57.7382
57.7382
57.7382
57.7382
57.7382
57.7382
57.7382
57.7382
57.7382
57.7382
57.7382
57.7382
57.7382
57.7382
57.7382
57.7382
57.7382
57.7382
57.7382
57.7382
57.7382
57.7382
57.7382
57.7382
57.7382
57.7382
57.7382
57.7382
57.7382
57.7382
57.7382
57.7382
57.7382
57.7382
57.7382
57.7382
57.7382
57.7382
57.7382
57.7382
57.7382
57.7382
57.7382
57.7382
57.7382
57.7382
57.7382
57.7382
57.7382
57.7382
57.7382
57.7382
57.7382
57.7382
57.7382
57.7382
57.7382
57.7382
57.7382
57.7382
57.7382
57.7382
57.7382
57.7382
57.7382
57.7382
57.7382
57.7382
57.7382
57.7382
57.7382
57.7382
57.7382
57.7382
57.7382
57.7382
57.7382
57.7382
57.7382
57.7382
57.7382
57.7382
57.7382
57.7382
57.7382
57.7382
57.7382
57.7382
57.7382
57.7382
57.7382
57.7382
57.7382
57.7382
57.7382
57.7382
57.7382
57.7382
57.7382
57.7382
57.7382
57.7382
57.7382
57.7382
57.7382
57.7382
57.7382
57.7382
57.7382
57.7382
57.7382
57.7382
57.7382
57.7382
57.7382
57.7382
57.7382
57.7382
57.7382
57.7382
57.7382
57.7382
57.7382
57.7382
57.7382
57.7382
57.7382
57.7382
57.7382
57.7382
57.7382
57.7382
57.7382
57.7382
57.7382
57.7382
57.7382
57.7382
57.7382
57.7382
57.7382
57.7382
57.7382
57.7382
57.7382
57.7382
57.7382
57.7382
57.7382
57.7382
57.7382
57.7382
57.7382
57.7382
57.7382
57.7382
57.7382
57.7382
57.7382
57.7382
57.7382
57.7382
57.7382
57.7382
57.7382
57.7382
57.7382
57.7382
57.7382
57.7382
57.7382
57.7382
57.7382
57.7382
57.7382
57.7382
57.7382
57.7382
57.7382
57.7382
57.7382
57.7382
57.7382
57.7382
57.7382
57.7382
57.7382
57.7382
57.7382
57.7382
57.7382
57.7382
57.7382
57.7382
57.7382
57.7382
57.7382
57.7382
57.7382
57.7382
57.7382
57.7382
57.7382
57.7382
57.7382
57.7382
57.7382
57.7382
57.7382
57.7382
57.7382
57.7382
57.7382
57.7382
57.7382
57.7382
57.7382
57.7382
57.7382
57.7382
57.7382
57.7382
57.7382
57.7382
57.7382
57.7382
57.7382
57.7382
57.7382
57.7382
57.7382
57.7382
57.7382
57.7382
57.7382
57.7382
57.7382
57.7382
57.7382
57.7382
57.7382
57.7382
57.7382
57.7382
57.7382
57.7382
57.7382
57.7382
57.7382
57.7382
57.7382
57.7382
57.7382
57.7382
57.7382
57.7382
57.7382
57.7382
57.7382
57.7382
57.7382
57.7382
57.7382
57.7382
57.7382
57.7382
57.7382
57.7382
57.7382
57.7382
57.7382
57.7382
57.7382
57.7382
57.7382
57.7382
57.7382
57.7382
57.7382
57.7382
57.7382
57.7382
57.7382
57.7382
57.7382
57.7382
57.7382
57.7382
57.7382
57.7382
57.7382
57.7382
57.7382
57.7382
57.7382
57.7382
57.7382
57.7382
57.7382
57.7382
57.7382
57.7382
57.7382
57.7382
57.7382
57.7382
57.7382
57.7382
57.7382
57.7382
57.7382
57.7382
57.7382
57.7382
57.7382
57.7382
57.7382
57.7382
57.7382
57.7382
57.7382
57.7382
57.7382
57.7382
57.7382
57.7382
57.7382
57.7382
57.7382
57.7382
57.7382
57.7382
57.7382
57.7382
57.7382
57.7382
57.7382
57.7382
57.7382
57.7382
57.7382
57.7382
57.7382
57.7382
57.7382
57.7382
57.7382
57.7382
57.7382
57.7382
57.7382
57.7382
57.7382
57.7382
57.7382
57.7382
57.7382
57.7382
57.7382
57.7382
57.7382
57.7382
57.7382
57.7382
57.7382
57.7382
57.7382
57.7382
57.7382
57.7382
57.7382
57.7382
57.7382
57.7382
57.7382
57.7382
57.7382
57.7382
57.7382
57.7382
57.7382
57.7382
57.7382
57.7382
57.7382
57.7382
57.7382
57.7382
57.7382
57.7382
57.7382
57.7382
57.7382
57.7382
57.7382
57.7382
57.7382
57.7382
57.7382
57.7382
57.7382
57.7382
57.7382
57.7382
57.7382
57.7382
57.7382
57.7382
57.7382
57.7382
57.7382
57.7382
57.7382
57.7382
57.7382
57.7382
57.7382
57.7382
57.7382
57.7382
57.7382
57.7382
57.7382
57.7382
57.7382
57.7382
57.7382
57.7382
57.7382
57.7382
57.7382
57.7382
57.7382
57.7382
57.7382
57.7382
57.7382
57.7382
57.7382
57.7382
57.7382
57.7382
57.7382
57.7382
57.7382
57.7382
57.7382
57.7382
57.7382
57.7382
57.7382
57.7382
57.7382
57.7382
57.7382
57.7382
57.7382
57.7382
57.7382
57.7382
57.7382
57.7382
57.7382
57.7382
57.7382
57.7382
57.7382
57.7382
57.7382
57.7382
57.7382
57.7382
57.7382
57.7382
57.7382
57.7382
57.7382
57.7382
57.7382
57.7382
57.7382
57.7382
57.7382
57.7382
57.7382
57.7382
57.7382
57.7382
57.7382
57.7382
57.7382
57.7382
57.7382
57.7382
57.7382
57.7382
57.7382
57.7382
57.7382
57.7382
57.7382
57.7382
57.7382
57.7382
57.7382
57.7382
57.7382
57.7382
57.7382
57.7382
57.7382
57.7382
57.7382
57.7382
57.7382
57.7382
57.7382
57.7382
57.7382
57.7382
57.7382
57.7382
57.7382
57.7382
57.7382
57.7382
57.7382
57.7382
57.7382
57.7382
57.7382
57.7382
57.7382
57.7382
57.7382
57.7382
57.7382
57.7382
57.7382
57.7382
57.7382
57.7382
57.7382
57.7382
57.7382
57.7382
57.7382
57.7382
57.7382
57.7382
57.7382
57.7382
57.7382
57.7382
57.7382
57.7382
57.7382
57.7382
57.7382
57.7382
57.7382
57.7382
57.7382
57.7382
57.7382
57.7382
57.7382
57.7382
57.7382
57.7382
57.7382
57.7382
57.7382
57.7382
57.7382
57.7382
57.7382
57.7382
57.7382
57.7382
57.7382
57.7382
57.7382
57.7382
57.7382
57.7382
57.7382
57.7382
57.7382
57.7382
57.7382
57.7382
57.7382
57.7382
57.7382
57.7382
57.7382
57.7382
57.7382
57.7382
57.7382
57.7382
57.7382
57.7382
57.7382
57.7382
57.7382
57.7382
57.7382
57.7382
57.7382
57.7382
57.7382
57.7382
57.7382
57.7382
57.7382
57.7382
57.7382
57.7382
57.7382
57.7382
57.7382
57.7382
57.7382
57.7382
57.7382
57.7382
57.7382
57.7382
57.7382
57.7382
57.7382
57.7382
57.7382
57.7382
57.7382
57.7382
57.7382
57.7382
57.7382
57.7382
57.7382
57.7382
57.7382
57.7382
57.7382
57.7382
57.7382
57.7382
57.7382
57.7382
57.7382
57.7382
57.7382
57.7382
57.7382
57.7382
57.7382
57.7382
57.7382
57.7382
57.7382
57.7382
57.7382
57.7382
57.7382
57.7382
57.7382
57.7382
57.7382
57.7382
57.7382
57.7382
57.7382
57.7382
57.7382
57.7382
57.7382
57.7382
57.7382
57.7382
57.7382
57.7382
57.7382
57.7382
57.7382
57.7382
57.7382
57.7382
57.7382
57.7382
57.7382
57.7382
57.7382
57.7382
57.7382
57.7382
57.7382
57.7382
57.7382
57.7382
57.7382
57.7382
57.7382
57.7382
57.7382
57.7382
57.7382
57.7382
57.7382
57.7382
57.7382
57.7382
57.7382
57.7382
57.7382
57.7382
57.7382
57.7382
57.7382
57.7382
57.7382
57.7382
57.7382
57.7382
57.7382
57.7382
57.7382
57.7382
57.7382
57.7382
57.7382
57.7382
57.7382
57.7382
57.7382
57.7382
57.7382
57.7382
57.7382
57.7382
57.7382
57.7382
57.7382
57.7382
57.7382
57.7382
57.7382
57.7382
57.7382
57.7382
57.7382
57.7382
57.7382
57.7382
57.7382
57.7382
57.7382
57.7382
57.7382
57.7382
57.7382
57.7382
57.7382
57.7382
57.7382
57.7382
57.7382
57.7382
57.7382
57.7382
57.7382
57.7382
57.7382
57.7382
57.7382
57.7382
57.7382
57.7382
57.7382
57.7382
57.7382
57.7382
57.7382
57.7382
57.7382
57.7382
57.7382
57.7382
57.7382
57.7382
57.7382
57.7382
57.7382
57.7382
57.7382
57.7382
57.7382
57.7382
57.7382
57.7382
57.7382
57.7382
57.7382
57.7382
57.7382
57.7382
57.7382
57.7382
57.7382
57.7382
57.7382
57.7382
57.7382
57.7382
57.7382
57.7382
57.7382
57.7382
57.7382
57.7382
57.7382
57.7382
57.7382
57.7382
57.7382
57.7382
57.7382
57.7382
57.7382
57.7382
57.7382
57.7382
57.7382
57.7382
57.7382
57.7382
57.7382
57.7382
57.7382
57.7382
57.7382
57.7382
57.7382
57.7382
57.7382
57.7382
57.7382
57.7382
57.7382
57.7382
57.7382
57.7382
57.7382
57.7382
57.7382
57.7382
57.7382
57.7382
57.7382
57.7382
57.7382
57.7382
57.7382
57.7382
57.7382
57.7382
57.7382
57.7382
57.7382
57.7382
57.7382
57.7382
57.7382
57.7382
57.7382
57.7382
57.7382
57.7382
57.7382
57.7382
57.7382
57.7382
57.7382
57.7382
57.7382
57.7382
57.7382
57.7382
57.7382
57.7382
57.7382
57.7382
57.7382
57.7382
57.7382
57.7382
57.7382
57.7382
57.7382
57.7382
57.7382
57.7382
57.7382
57.7382
57.7382
57.7382
57.7382
57.7382
57.7382
57.7382
57.7382
57.7382
57.7382
57.7382
57.7382
57.7382
57.7382
57.7382
57.7382
57.7382
57.7382
57.7382
57.7382
57.7382
57.7382
57.7382
57.7382
57.7382
57.7382
57.7382
57.7382
57.7382
57.7382
57.7382
57.7382
57.7382
57.7382
57.7382
57.7382
57.7382
57.7382
57.7382
57.7382
57.7382
57.7382
57.7382
57.7382
57.7382
57.7382
57.7382
57.7382
57.7382
57.7382
57.7382
57.7382
57.7382
57.7382
57.7382
57.7382
57.7382
57.7382
57.7382
57.7382
57.7382
57.7382
57.7382
57.7382
57.7382
57.7382
57.7382
57.7382
57.7382
57.7382
57.7382
57.7382
57.7382
57.7382
57.7382
57.7382
57.7382
57.7382
57.7382
57.7382
57.7382
57.7382
57.7382
57.7382
57.7382
57.7382
57.7382
57.7382
57.7382
57.7382
57.7382
57.7382
57.7382
57.7382
57.7382
57.7382
57.7382
57.7382
57.7382
57.7382
57.7382
57.7382
57.7382
57.7382
57.7382
57.7382
57.7382
57.7382
57.7382
57.7382
57.7382
57.7382
57.7382
57.7382
57.7382
57.7382
57.7382
57.7382
57.7382
57.7382
57.7382
57.7382
57.7382
57.7382
57.7382
57.7382
57.7382
57.7382
57.7382
57.7382
57.7382
57.7382
57.7382
57.7382
57.7382
57.7382
57.7382
57.7382
57.7382
57.7382
57.7382
57.7382
57.7382
57.7382
57.7382
57.7382
57.7382
57.7382
57.7382
57.7382
57.7382
57.7382
57.7382
57.7382
57.7382
57.7382
57.7382
57.7382
57.7382
57.7382
57.7382
57.7382
57.7382
57.7382
57.7382
57.7382
57.7382
57.7382
57.7382
57.7382
57.7382
57.7382
57.7382
57.7382
57.7382
57.7382
57.7382
57.7382
57.7382
57.7382
57.7382
57.7382
57.7382
57.7382
57.7382
57.7382
57.7382
57.7382
57.7382
57.7382
57.7382
57.7382
57.7382
57.7382
57.7382
57.7382
57.7382
57.7382
57.7382
57.7382
57.7382
57.7382
57.7382
57.7382
57.7382
57.7382
57.7382
57.7382
57.7382
57.7382
57.7382
57.7382
57.7382
57.7382
57.7382
57.7382
57.7382
57.7382
57.7382
57.7382
57.7382
57.7382
57.7382
57.7382
57.7382
57.7382
57.7382
57.7382
57.7382
57.7382
57.7382
57.7382
57.7382
57.7382
57.7382
57.7382
57.7382
57.7382
57.7382
57.7382
57.7382
57.7382
57.7382
57.7382
57.7382
57.7382
57.7382
57.7382
57.7382
57.7382
57.7382
57.7382
57.7382
57.7382
57.7382
57.7382
57.7382
57.7382
57.7382
57.7382
57.7382
57.7382
57.7382
57.7382
57.7382
57.7382
57.7382
57.7382
57.7382
57.7382
57.7382
57.7382
57.7382
57.7382
57.7382
57.7382
57.7382
57.7382
57.7382
57.7382
57.7382
57.7382
57.7382
57.7382
57.7382
57.7382
57.7382
57.7382
57.7382
57.7382
57.7382
57.7382
57.7382
57.7382
57.7382
57.7382
57.7382
57.7382
57.7382
57.7382
57.7382
57.7382
57.7382
57.7382
57.7382
57.7382
57.7382
57.7382
57.7382
57.7382
57.7382
57.7382
57.7382
57.7382
57.7382
57.7382
57.7382
57.7382
57.7382
57.7382
57.7382
57.7382
57.7382
57.7382
57.7382
57.7382
57.7382
57.7382
57.7382
57.7382
57.7382
57.7382
57.7382
57.7382
57.7382
57.7382
57.7382
57.7382
57.7382
57.7382
57.7382
57.7382
57.7382
57.7382
57.7382
57.7382
57.7382
57.7382
57.7382
57.7382
57.7382
57.7382
57.7382
57.7382
57.7382
57.7382
57.7382
57.7382
57.7382
57.7382
57.7382
57.7382
57.7382
57.7382
57.7382
57.7382
57.7382
57.7382
57.7382
57.7382
57.7382
57.7382
57.7382
57.7382
57.7382
57.7382
57.7382
57.7382
57.7382
57.7382
57.7382
57.7382
57.7382
57.7382
57.7382
57.7382
57.7382
57.7382
57.7382
57.7382
57.7382
57.7382
57.7382
57.7382
57.7382
57.7382
57.7382
57.7382
57.7382
57.7382
57.7382
57.7382
57.7382
57.7382
57.7382
57.7382
57.7382
57.7382
57.7382
57.7382
57.7382
57.7382
57.7382
57.7382
57.7382
57.7382
57.7382
57.7382
57.7382
57.7382
57.7382
57.7382
57.7382
57.7382
57.7382
57.7382
57.7382
57.7382
57.7382
57.7382
57.7382
57.7382
57.7382
57.7382
57.7382
57.7382
57.7382
57.7382
57.7382
57.7382
57.7382
57.7382
57.7382
57.7382
57.7382
57.7382
57.7382
57.7382
57.7382
57.7382
57.7382
57.7382
57.7382
57.7382
57.7382
57.7382
57.7382
57.7382
57.7382
57.7382
57.7382
57.7382
57.7382
57.7382
57.7382
57.7382
57.7382
57.7382
57.7382
57.7382
57.7382
57.7382
57.7382
57.7382
57.7382
57.7382
57.7382
57.7382
57.7382
57.7382
57.7382
57.7382
57.7382
57.7382
57.7382
57.7382
57.7382
57.7382
57.7382
57.7382
57.7382
57.7382
57.7382
57.7382
57.7382
57.7382
57.7382
57.7382
57.7382
57.7382
57.7382
57.7382
57.7382
57.7382
57.7382
57.7382
57.7382
57.7382
57.7382
57.7382
57.7382
57.7382
57.7382
57.7382
57.7382
57.7382
57.7382
57.7382
57.7382
57.7382
57.7382
57.7382
57.7382
57.7382
57.7382
57.7382
57.7382
57.7382
57.7382
57.7382
57.7382
57.7382
57.7382
57.7382
57.7382
57.7382
57.7382
57.7382
57.7382
57.7382
57.7382
57.7382
57.7382
57.7382
57.7382
57.7382
57.7382
57.7382
57.7382
57.7382
57.7382
57.7382
57.7382
57.7382
57.7382
57.7382
57.7382
57.7382
57.7382
57.7382
57.7382
57.7382
57.7382
57.7382
57.7382
57.7382
57.7382
57.7382
57.7382
57.7382
57.7382
57.7382
57.7382
57.7382
57.7382
57.7382
57.7382
57.7382
57.7382
57.7382
57.7382
57.7382
57.7382
57.7382
57.7382
57.7382
57.7382
57.7382
57.7382
57.7382
57.7382
57.7382
57.7382
57.7382
57.7382
57.7382
57.7382
57.7382
57.7382
57.7382
57.7382
57.7382
57.7382
57.7382
57.7382
57.7382
57.7382
57.7382
57.7382
57.7382
57.7382
57.7382
57.7382
57.7382
57.7382
57.7382
57.7382
57.7382
57.7382
57.7382
57.7382
57.7382
57.7382
57.7382
57.7382
57.7382
57.7382
57.7382
57.7382
57.7382
57.7382
57.7382
57.7382
57.7382
57.7382
57.7382
57.7382
57.7382
57.7382
57.7382
57.7382
57.7382
57.7382
57.7382
57.7382
57.7382
57.7382
57.7382
57.7382
57.7382
57.7382
57.7382
57.7382
57.7382
57.7382
57.7382
57.7382
57.7382
57.7382
57.7382
57.7382
57.7382
57.7382
57.7382
57.7382
57.7382
57.7382
57.7382
57.7382
57.7382
57.7382
57.7382
57.7382
57.7382
57.7382
57.7382
57.7382
57.7382
57.7382
57.7382
57.7382
57.7382
57.7382
57.7382
57.7382
57.7382
57.7382
57.7382
57.7382
57.7382
57.7382
57.7382
57.7382
57.7382
57.7382
57.7382
57.7382
57.7382
57.7382
57.7382
57.7382
57.7382
57.7382
57.7382
57.7382
57.7382
57.7382
57.7382
57.7382
57.7382
57.7382
57.7382
57.7382
57.7382
57.7382
57.7382
57.7382
57.7382
57.7382
57.7382
57.7382
57.7382
57.7382
57.7382
57.7382
57.7382
57.7382
57.7382
57.7382
57.7382
57.7382
57.7382
57.7382
57.7382
57.7382
57.7382
57.7382
57.7382
57.7382
57.7382
57.7382
57.7382
57.7382
57.7382
57.7382
57.7382
57.7382
57.7382
57.7382
57.7382
57.7382
57.7382
57.7382
57.7382
57.7382
57.7382
57.7382
57.7382
57.7382
57.7382
57.7382
57.7382
57.7382
57.7382
57.7382
57.7382
57.7382
57.7382
57.7382
57.7382
57.7382
57.7382
57.7382
57.7382
57.7382
57.7382
57.7382
57.7382
57.7382
57.7382
57.7382
57.7382
57.7382
57.7382
57.7382
57.7382
57.7382
57.7382
57.7382
57.7382
57.7382
57.7382
57.7382
57.7382
57.7382
57.7382
57.7382
57.7382
57.7382
57.7382
57.7382
57.7382
57.7382
57.7382
57.7382
57.7382
57.7382
57.7382
57.7382
57.7382
57.7382
57.7382
57.7382
57.7382
57.7382
57.7382
57.7382
57.7382
57.7382
57.7382
57.7382
57.7382
57.7382
57.7382
57.7382
57.7382
57.7382
57.7382
57.7382
57.7382
57.7382
57.7382
57.7382
57.7382
57.7382
57.7382
57.7382
57.7382
57.7382
57.7382
57.7382
57.7382
57.7382
57.7382
57.7382
57.7382
57.7382
57.7382
57.7382
57.7382
57.7382
57.7382
57.7382
57.7382
57.7382
57.7382
57.7382
57.7382
57.7382
57.7382
57.7382
57.7382
57.7382
57.7382
57.7382
57.7382
57.7382
57.7382
57.7382
57.7382
57.7382
57.7382
57.7382
57.7382
57.7382
57.7382
57.7382
57.7382
57.7382
57.7382
57.7382
57.7382
57.7382
57.7382
57.7382
57.7382
57.7382
57.7382
57.7382
57.7382
57.7382
57.7382
57.7382
57.7382
57.7382
57.7382
57.7382
57.7382
57.7382
57.7382
57.7382
57.7382
57.7382
57.7382
57.7382
57.7382
57.7382
57.7382
57.7382
57.7382
57.7382
57.7382
57.7382
57.7382
57.7382
57.7382
57.7382
57.7382
57.7382
57.7382
57.7382
57.7382
57.7382
57.7382
57.7382
57.7382
57.7382
57.7382
57.7382
57.7382
57.7382
57.7382
57.7382
57.7382
57.7382
57.7382
57.7382
57.7382
57.7382
57.7382
57.7382
57.7382
57.7382
57.7382
57.7382
57.7382
57.7382
57.7382
57.7382
57.7382
57.7382
57.7382
57.7382
57.7382
57.7382
57.7382
57.7382
57.7382
57.7382
57.7382
57.7382
57.7382
57.7382
57.7382
57.7382
57.7382
57.7382
57.7382
57.7382
57.7382
57.7382
57.7382
57.7382
57.7382
57.7382
57.7382
57.7382
57.7382
57.7382
57.7382
57.7382
57.7382
57.7382
57.7382
57.7382
57.7382
57.7382
57.7382
57.7382
57.7382
57.7382
57.7382
57.7382
57.7382
57.7382
57.7382
57.7382
57.7382
57.7382
57.7382
57.7382
57.7382
57.7382
57.7382
57.7382
57.7382
57.7382
57.7382
57.7382
57.7382
57.7382
57.7382
57.7382
57.7382
57.7382
57.7382
57.7382
57.7382
57.7382
57.7382
57.7382
57.7382
57.7382
57.7382
57.7382
57.7382
57.7382
57.7382
57.7382
57.7382
57.7382
57.7382
57.7382
57.7382
57.7382
57.7382
57.7382
57.7382
57.7382
57.7382
57.7382
57.7382
57.7382
57.7382
57.7382
57.7382
57.7382
57.7382
57.7382
57.7382
57.7382
57.7382
57.7382
57.7382
57.7382
57.7382
57.7382
57.7382
57.7382
57.7382
57.7382
57.7382
57.7382
57.7382
57.7382
57.7382
57.7382
57.7382
57.7382
57.7382
57.7382
57.7382
57.7382
57.7382
57.7382
57.7382
57.7382
57.7382
57.7382
57.7382
57.7382
57.7382
57.7382
57.7382
57.7382
57.7382
57.7382
57.7382
57.7382
57.7382
57.7382
57.7382
57.7382
57.7382
57.7382
57.7382
57.7382
57.7382
57.7382
57.7382
57.7382
57.7382
57.7382
57.7382
57.7382
57.7382
57.7382
57.7382
57.7382
57.7382
57.7382
57.7382
57.7382
57.7382
57.7382
57.7382
57.7382
57.7382
57.7382
57.7382
57.7382
57.7382
57.7382
57.7382
57.7382
57.7382
57.7382
57.7382
57.7382
57.7382
57.7382
57.7382
57.7382
57.7382
57.7382
57.7382
57.7382
57.7382
57.7382
57.7382
57.7382
57.7382
57.7382
57.7382
57.7382
57.7382
57.7382
57.7382
57.7382
57.7382
57.7382
57.7382
57.7382
57.7382
57.7382
57.7382
57.7382
57.7382
57.7382
57.7382
57.7382
57.7382
57.7382
57.7382
57.7382
57.7382
57.7382
57.7382
57.7382
57.7382
57.7382
57.7382
57.7382
57.7382
57.7382
57.7382
57.7382
57.7382
57.7382
57.7382
57.7382
57.7382
57.7382
57.7382
57.7382
57.7382
57.7382
57.7382
57.7382
57.7382
57.7382
57.7382
57.7382
57.7382
57.7382
57.7382
57.7382
57.7382
57.7382
57.7382
57.7382
57.7382
57.7382
57.7382
57.7382
57.7382
57.7382
57.7382
57.7382
57.7382
57.7382
57.7382
57.7382
57.7382
57.7382
57.7382
57.7382
57.7382
57.7382
57.7382
57.7382
57.7382
57.7382
57.7382
57.7382
57.7382
57.7382
57.7382
57.7382
57.7382
57.7382
57.7382
57.7382
57.7382
57.7382
57.7382
57.7382
57.7382
57.7382
57.7382
57.7382
57.7382
57.7382
57.7382
57.7382
57.7382
57.7382
57.7382
57.7382
57.7382
57.7382
57.7382
57.7382
57.7382
57.7382
57.7382
57.7382
57.7382
57.7382
57.7382
57.7382
57.7382
57.7382
57.7382
57.7382
57.7382
57.7382
57.7382
57.7382
57.7382
57.7382
57.7382
57.7382
57.7382
57.7382
57.7382
57.7382
57.7382
57.7382
57.7382
57.7382
57.7382
57.7382
57.7382
57.7382
57.7382
57.7382
57.7382
57.7382
57.7382
57.7382
57.7382
57.7382
57.7382
57.7382
57.7382
57.7382
57.7382
57.7382
57.7382
57.7382
57.7382
57.7382
57.7382
57.7382
57.7382
57.7382
57.7382
57.7382
57.7382
57.7382
57.7382
57.7382
57.7382
57.7382
57.7382
57.7382
57.7382
57.7382
57.7382
57.7382
57.7382
57.7382
57.7382
57.7382
57.7382
57.7382
57.7382
57.7382
57.7382
57.7382
57.7382
57.7382
57.7382
57.7382
57.7382
57.7382
57.7382
57.7382
57.7382
57.7382
57.7382
57.7382
57.7382
57.7382
57.7382
57.7382
57.7382
57.7382
57.7382
57.7382
57.7382
57.7382
57.7382
57.7382
57.7382
57.7382
57.7382
57.7382
57.7382
57.7382
57.7382
57.7382
57.7382
57.7382
57.7382
57.7382
57.7382
57.7382
57.7382
57.7382
57.7382
57.7382
57.7382
57.7382
57.7382
57.7382
57.7382
57.7382
57.7382
57.7382
57.7382
57.7382
57.7382
57.7382
57.7382
57.7382
57.7382
57.7382
57.7382
57.7382
57.7382
57.7382
57.7382
57.7382
57.7382
57.7382
57.7382
57.7382
57.7382
57.7382
57.7382
57.7382
57.7382
57.7382
57.7382
57.7382
57.7382
57.7382
57.7382
57.7382
57.7382
57.7382
57.7382
57.7382
57.7382
57.7382
57.7382
57.7382
57.7382
57.7382
57.7382
57.7382
57.7382
57.7382
57.7382
57.7382
57.7382
57.7382
57.7382
57.7382
57.7382
57.7382
57.7382
57.7382
57.7382
57.7382
57.7382
57.7382
57.7382
57.7382
57.7382
57.7382
57.7382
57.7382
57.7382
57.7382
57.7382
57.7382
57.7382
57.7382
57.7382
57.7382
57.7382
57.7382
57.7382
57.7382
57.7382
57.7382
57.7382
57.7382
57.7382
57.7382
57.7382
57.7382
57.7382
57.7382
57.7382
57.7382
57.7382
57.7382
57.7382
57.7382
57.7382
57.7382
57.7382
57.7382
57.7382
57.7382
57.7382
57.7382
57.7382
57.7382
57.7382
57.7382
57.7382
57.7382
57.7382
57.7382
57.7382
57.7382
57.7382
57.7382
57.7382
57.7382
57.7382
57.7382
57.7382
57.7382
57.7382
57.7382
57.7382
57.7382
57.7382
57.7382
57.7382
57.7382
57.7382
57.7382
57.7382
57.7382
57.7382
57.7382
57.7382
57.7382
57.7382
57.7382
57.7382
57.7382
57.7382
57.7382
57.7382
57.7382
57.7382
57.7382
57.7382
57.7382
57.7382
57.7382
57.7382
57.7382
57.7382
57.7382
57.7382
57.7382
57.7382
57.7382
57.7382
57.7382
57.7382
57.7382
57.7382
57.7382
57.7382
57.7382
57.7382
57.7382
57.7382
57.7382
57.7382
57.7382
57.7382
57.7382
57.7382
57.7382
57.7382
57.7382
57.7382
57.7382
57.7382
57.7382
57.7382
57.7382
57.7382
57.7382
57.7382
57.7382
57.7382
57.7382
57.7382
57.7382
57.7382
57.7382
57.7382
57.7382
57.7382
57.7382
57.7382
57.7382
57.7382
57.7382
57.7382
57.7382
57.7382
57.7382
57.7382
57.7382
57.7382
57.7382
57.7382
57.7382
57.7382
57.7382
57.7382
57.7382
57.7382
57.7382
57.7382
57.7382
57.7382
57.7382
57.7382
57.7382
57.7382
57.7382
57.7382
57.7382
57.7382
57.7382
57.7382
57.7382
57.7382
57.7382
57.7382
57.7382
57.7382
57.7382
57.7382
57.7382
57.7382
57.7382
57.7382
57.7382
57.7382
57.7382
57.7382
57.7382
57.7382
57.7382
57.7382
57.7382
57.7382
57.7382
57.7382
57.7382
57.7382
57.7382
57.7382
57.7382
57.7382
57.7382
