# best half averages
2591.67
2401.52
2302.94
2204.27
2116.41
2045.49
1960.27
1905.15
1822.4
1741.79
1691.22
1657.36
1615.07
1578.88
1536.96
1498.19
1454.68
1409.98
1369.37
1349.68
1328.52
1309.75
1295.37
1285.9
1272.87
1246.12
1229.66
1207.55
1186.96
1166.95
1161.62
1142.68
1111.29
1072.98
1026.15
997.653
983.355
965.325
955.966
944.656
931.238
925.754
919.324
906.63
892.721
869.015
857.112
846.135
837.554
811.375
797.24
791.073
782.052
776.106
753.881
738.732
711.793
689.159
684.73
674.878
662.956
652.239
643.065
634.226
626.674
622.654
603.447
598.847
594.653
578.813
566.308
558.514
558.639
541.885
541.753
544.316
535.02
547.245
538.891
518.403
505.996
503.936
502.603
495.958
488.988
478.068
475.483
466.986
442.221
432.993
432.409
429.857
427.6
424.892
421.221
417.403
414.268
408.228
405.866
398.162
386.682
381.448
372.201
369.184
364.503
362.912
362.051
359.649
356.942
354.916
353.31
350.23
349.666
349.164
348.059
350.814
342.835
338.644
338.817
347.226
348.634
333.223
331.974
329.575
328.604
328.584
328.475
327.609
324.565
315.037
303.629
301.53
299.256
299.052
298.309
294.247
294.247
294.22
295.111
294.609
292.509
292.204
291.168
289.427
288.5
282.99
280.679
278.955
274.525
272.796
270.938
270.899
270.832
270.431
268.868
267.933
267.846
267.846
267.801
267.585
278.459
273.869
264.655
262.215
261.506
260.588
259.469
258.888
257.035
253.683
251.286
248.514
246.242
244.42
243.352
243.352
243.352
243.352
243.321
243.335
243.232
243.003
246.26
238.941
238.664
237.128
233.702
232.435
232.189
230.376
228.569
228.6
228.571
228.186
226.844
225.501
222.365
221.258
220.906
220.524
220.016
219.794
219.713
219.48
218.983
218.983
218.978
218.973
218.881
219.741
219.123
216.309
216.193
216.133
216.121
215.998
215.494
215.338
214.788
213.576
213.471
212.489
209.635
207.597
206.027
206.039
206.015
205.797
205.227
203.785
203.764
203.639
203.182
202.746
202.629
202.231
199.632
196.437
195.344
197.58
195.25
193.681
193.147
192.179
191.94
191.873
191.225
189.799
189.463
189.463
189.463
189.463
189.463
189.455
189.447
189.398
189.175
188.863
188.459
188.263
188.044
188.036
187.844
187.187
185.897
185.826
185.44
185.309
188.642
184.643
184.512
184.512
184.452
184.269
183.972
182.214
180.552
178.763
178.763
178.763
178.752
178.732
178.597
178.244
178.215
178.196
178.167
178.083
182.938
176.707
176.878
176.65
176.345
175.213
174.596
174.603
174.603
174.603
174.603
174.587
174.478
174.026
173.824
173.824
173.815
173.768
173.56
172.956
172.139
171.842
171.767
173.443
170.941
170.941
170.886
170.83
170.574
171.803
168.048
167.643
165.905
163.5
159.846
159.846
159.846
159.846
159.846
159.846
159.811
159.624
158.782
156.473
154.057
154.031
153.861
153.423
153.423
153.414
153.369
153.215
152.97
152.97
152.97
152.97
152.923
152.97
152.934
152.934
152.75
151.833
151.137
151.137
151.103
151.038
150.623
149.889
149.669
149.557
149.117
148.831
148.831
148.815
148.8
148.631
148.064
148.064
148.064
148.064
148.064
148.064
148.064
148.06
148.033
147.922
147.872
147.855
147.784
147.451
146.995
146.995
146.995
146.995
146.995
146.995
146.995
146.995
146.988
146.933
146.721
145.994
145.283
145.214
145.047
144.44
142.791
142.637
142.588
142.588
142.588
142.587
142.585
142.575
142.562
142.555
142.512
142.386
142.386
142.386
142.386
142.386
142.386
142.341
142.288
141.811
140.12
139.772
139.711
139.614
139.304
138.582
137.91
137.273
135.481
135.318
135.291
135.176
134.993
134.927
134.916
134.845
134.759
134.759
134.725
134.556
138.462
133.062
133.062
133.062
133.062
133.062
133.062
133.062
133.062
133.062
133.062
133.062
133.052
133.009
132.816
132.526
132.526
132.526
132.526
132.522
132.501
132.442
132.322
132.309
132.273
132.15
131.519
130.899
130.26
128.112
128.112
128.112
128.112
128.065
128.017
127.969
127.986
127.908
131.324
127.196
125.782
125.731
125.731
125.671
125.367
124.451
122.678
122.652
122.529
122.513
122.442
122.084
121.733
121.733
121.733
121.719
121.677
121.427
121.038
121.038
121.038
121.038
121.038
121.038
121.038
121.038
121.038
121.038
121.035
121.035
121.038
121.038
121.038
121.038
121.038
121.038
121.033
121.01
120.936
120.788
120.74
120.682
120.541
120.541
120.541
120.541
120.541
120.541
120.541
120.541
120.527
120.487
120.354
119.872
119.865
119.858
119.815
119.65
119.518
119.518
119.492
119.492
119.365
119.137
118.248
118.248
118.248
118.248
118.248
118.248
118.248
118.248
118.248
118.248
118.248
118.248
118.244
118.231
118.185
118.038
118.038
118.038
118.038
118.038
118.038
118.038
118.038
118.038
117.99
118.038
118.038
118.032
118.016
117.956
117.767
117.766
117.762
117.756
117.756
117.756
117.756
117.756
117.756
117.756
117.756
117.737
117.681
117.36
116.744
116.53
115.608
113.873
113.852
113.8
113.581
113.362
113.362
113.362
113.362
113.362
113.362
113.362
113.362
113.362
113.362
113.352
113.258
112.875
112.844
112.844
112.844
112.844
112.844
112.844
112.844
112.844
112.844
112.844
112.844
112.839
112.821
112.686
112.551
112.541
112.531
112.541
112.487
112.356
112.037
112.037
112.037
112.037
112.037
112.037
112.037
112.037
112.037
112.037
112.037
112.037
112.037
112.037
112.037
112.032
112.024
111.98
111.813
111.764
111.566
111.545
111.545
111.545
111.504
111.352
111.102
111.443
109.512
109.51
109.505
109.483
109.483
109.483
109.483
109.483
109.483
109.483
109.483
109.434
109.345
109.203
108.657
108.129
108.129
108.129
108.129
108.129
108.129
108.129
108.129
108.128
108.098
108.039
107.923
107.727
107.522
106.756
106.73
106.604
106.121
105.888
105.888
105.888
105.888
105.888
105.888
105.888
105.888
105.888
105.888
105.888
105.888
105.888
105.888
105.888
105.888
105.888
105.863
105.616
104.95
104.654
104.654
104.654
104.654
104.654
104.654
104.654
104.616
104.579
104.427
103.596
102.764
102.764
102.753
102.73
102.607
102.205
102.205
102.205
102.205
102.205
102.205
102.205
102.205
102.205
102.205
102.205
102.205
102.205
102.205
102.205
102.205
102.205
102.205
102.205
102.205
102.205
102.205
102.205
102.205
102.205
102.205
102.205
102.205
102.205
102.205
102.205
102.205
102.205
102.205
102.205
102.205
102.205
102.205
102.205
102.205
102.177
102.205
102.205
102.205
102.205
102.205
102.205
102.205
102.205
102.205
102.205
102.205
102.205
102.205
102.203
102.194
102.155
102.091
102.091
102.091
102.091
102.091
102.091
102.091
102.091
102.077
102.091
102.09
102.088
102.082
102.058
102.039
102.021
101.929
101.6
101.124
101.124
101.124
101.091
101.124
101.102
101.08
100.947
100.505
100.02
100.02
100.02
100.02
100.02
100.02
100.02
100.02
100.017
100.008
99.9943
99.9021
99.8631
99.6889
99.6752
99.6752
99.6752
99.6601
99.6149
99.3287
98.9218
98.9179
98.8865
98.7977
98.7186
98.6752
98.4049
97.1472
97.0017
97.0017
97.0017
97.0017
97.0017
97.5339
97.0017
104.379
97.0793
97.0017
97.0017
97.0017
97.0017
97.0017
97.0017
97.0017
97.0017
97.0017
97.0017
97.0017
97.0017
97.0017
97.0017
97.0017
97.0017
97.0017
96.9797
96.9576
96.7884
96.2224
95.8399
95.6614
95.1557
95.1557
95.1557
95.1557
95.1557
95.1557
95.1557
95.1557
95.1557
95.1557
95.1557
95.1557
95.1557
95.1557
95.1557
95.1557
95.1557
95.1557
95.1557
95.1557
95.1557
95.1557
95.1557
95.1557
95.1557
95.1557
95.1557
95.1557
95.1557
95.1557
95.1557
95.1557
95.1557
95.1557
95.1557
95.1557
95.1557
95.1557
95.1557
95.1557
95.1557
95.1557
95.1557
95.1557
95.1557
95.1557
95.1557
95.1557
95.1557
95.1557
95.1557
95.1557
95.1557
95.1557
95.1527
95.1467
95.1315
97.3354
99.6512
95.0044
95.0044
95.0044
95.0044
95.0044
95.0044
95.0044
95.0044
95.0044
95.0044
95.0044
95.0044
95.0044
95.0044
95.0044
95.0044
95.0044
95.0044
95.0044
95.0044
95.0044
95.0044
95.0044
95.0044
95.0044
95.0044
95.0044
95.0044
95.0044
95.0044
95.0044
95.0044
95.0044
95.0044
95.0044
94.9634
94.7179
93.7356
92.958
92.958
92.958
92.958
92.958
92.958
92.958
92.958
92.958
92.958
92.958
92.958
92.958
92.958
92.958
92.958
92.958
92.958
92.958
92.958
92.958
92.958
92.958
92.958
92.958
92.958
92.958
92.958
92.958
92.958
92.958
92.958
92.958
92.958
92.958
92.958
92.958
92.958
92.958
92.958
92.1738
90.5797
89.1843
87.2098
88.247
82.445
76.0566
74.429
74.1897
74.1897
74.1897
74.1897
74.1897
74.1897
74.1644
74.0886
74.0381
73.7098
72.9268
72.9268
72.9268
72.9268
72.9268
72.9268
72.9268
72.9268
72.9268
72.9268
72.9268
72.9268
72.9161
72.8946
72.8517
72.7874
72.5015
72.3905
72.3905
72.3905
72.3905
72.3905
72.3905
72.3905
72.3905
72.3905
72.3905
72.3905
72.3905
72.3905
72.3905
72.3905
72.3905
72.3905
72.3905
72.3905
72.3905
72.3905
72.3905
72.3905
72.3905
72.3905
72.3905
72.3905
72.3905
72.3905
72.3905
72.39
72.3891
72.3872
72.3849
72.3707
72.3675
72.3675
72.3675
72.3675
72.3675
72.3675
72.3675
72.3675
72.3675
72.3675
72.3675
72.3675
72.3675
72.3675
72.3675
72.3675
72.3675
72.3674
72.3672
72.3668
72.3659
72.364
72.364
72.364
72.364
72.364
72.364
72.364
72.364
72.364
72.364
72.364
72.364
72.364
72.364
72.364
72.364
72.364
72.3935
72.364
72.364
72.364
72.364
72.364
72.364
72.364
72.364
72.364
72.364
72.364
72.364
72.364
72.3463
72.2224
71.8683
71.4787
71.4787
71.4787
71.4787
71.4787
71.4787
71.4787
71.4787
71.4761
71.4655
71.4523
71.3704
71.3467
71.3467
71.3467
71.3467
71.3467
71.3467
71.3467
71.3467
71.3467
71.3467
71.3467
71.3467
71.3467
71.3467
71.3467
71.3467
71.3467
71.3467
71.3467
71.3467
71.3467
71.3467
71.3467
71.3467
71.3467
71.3467
71.3467
71.3467
71.3467
71.3438
71.3213
71.293
71.2054
71.2054
71.2054
71.2054
71.2054
71.2054
71.2054
71.2054
71.2054
71.2054
71.2054
71.2054
71.2054
71.2054
71.2054
71.2032
71.2032
71.1923
71.1659
71.0957
71.0957
71.0957
71.0957
71.0957
71.0957
71.0957
71.0957
71.0957
71.1276
71.0957
71.0957
71.0957
71.0957
71.0957
71.0957
71.0957
71.0742
71.0312
70.9154
70.7561
70.0196
70.0196
70.0196
70.0196
70.0196
70.0196
70.0196
70.0196
70.0196
70.0196
70.0196
70.0196
70.0196
70.0196
70.0196
70.0196
70.0177
70.0196
70.0196
70.0196
70.0196
70.0196
70.0196
70.0196
70.0196
70.0196
70.0196
70.0196
70.0196
69.9979
69.8892
69.716
68.9324
68.9324
68.9324
68.9324
69.4842
68.9324
68.9324
68.9324
68.9324
68.9324
68.9324
68.9324
68.9324
68.9324
68.9324
68.9324
68.9324
68.9213
68.9213
68.899
68.8768
68.7878
68.6355
68.3764
68.3764
68.3764
68.3764
68.3764
68.3764
68.3764
68.3764
68.3764
68.3764
68.3764
68.3764
68.3764
68.3764
68.3764
68.3764
68.3764
68.3764
68.3764
68.3764
68.3764
68.3764
68.3764
68.3764
68.3764
68.3764
68.3764
68.3764
68.3738
68.3561
68.3233
68.25
68.25
68.25
68.25
68.25
68.25
68.25
68.25
68.25
68.25
68.25
68.2432
68.2432
68.25
68.25
68.25
68.25
68.25
68.25
68.25
68.25
68.25
68.25
68.25
68.25
68.25
68.25
68.25
68.25
68.2222
68.1388
67.9444
67.4359
66.8608
66.8608
66.8608
66.8608
66.8608
66.8608
66.8608
66.8608
66.8608
66.8608
66.8608
66.8608
66.8608
66.8608
66.8608
66.8608
66.8608
66.8608
66.8608
66.8608
66.8608
66.8608
66.8608
66.8608
66.8608
66.8608
66.8608
66.8608
66.8333
66.7782
66.6672
66.3375
65.4838
65.4838
65.4838
65.4838
65.4838
65.4838
65.4831
65.4802
65.4381
65.3868
65.2403
64.6894
64.3814
64.2349
63.8817
63.8652
63.8652
63.8652
63.8652
63.8652
63.8652
63.8652
63.8652
63.8652
63.8652
63.8652
63.8652
63.8652
63.8652
63.8652
63.8652
63.8652
63.8652
63.8652
63.8652
63.8652
63.8652
63.8652
63.8652
63.8652
63.8652
63.8652
63.8652
63.8652
63.8652
63.8652
63.8652
63.8652
63.8652
63.8652
63.8652
63.8652
63.8652
63.8652
63.8652
63.8652
63.8652
63.8652
63.8652
63.8652
63.8652
63.8652
63.8652
63.8652
63.8652
63.8652
63.8652
63.84
63.7896
63.6383
63.0582
62.6043
62.6043
62.6043
62.6043
62.6043
62.6043
62.603
62.6003
62.6003
62.599
62.5896
62.5722
62.5374
62.5374
62.5374
62.5374
62.5374
62.5374
62.5374
62.5374
62.5374
62.5374
62.5374
62.5374
62.5374
62.5374
62.5374
62.5374
62.5374
62.5374
62.5374
62.5374
62.5374
62.5374
62.5374
62.5286
62.5198
62.4845
62.3611
62.0841
62.0716
62.0716
62.034
61.9588
61.905
61.5755
61.4701
61.4701
61.4701
61.4701
61.4701
61.4701
61.4701
61.4701
61.4701
61.4701
61.4701
61.4701
61.4701
61.4701
61.4701
61.4701
61.4701
61.4701
61.4701
61.4701
61.4701
61.4701
61.4701
61.4701
61.4701
61.4701
61.4701
61.4701
61.4701
61.4701
61.4701
61.4701
61.4701
61.4701
61.4701
61.4701
61.4701
61.4701
61.4701
61.4701
61.4701
61.4701
61.4701
61.4701
61.4701
61.4701
61.4701
61.4701
61.4701
61.4701
61.4701
61.4701
61.4701
61.4701
61.4701
61.4701
61.4701
61.4701
61.4701
61.4701
61.4701
61.4701
61.4701
61.4701
61.4701
61.4701
61.4701
61.4701
61.4701
61.4701
61.4701
61.4701
61.4701
61.4701
61.4701
61.4701
61.4701
61.4701
61.4701
61.4701
61.4701
61.4701
61.4701
61.4701
61.4701
61.4701
61.4701
61.4701
61.4701
61.4701
61.4701
61.4701
61.4701
61.4701
61.4701
61.4701
61.4701
61.4701
61.4701
61.4701
61.4701
61.4701
61.4701
61.4701
61.4701
61.4701
61.4701
61.4701
61.4701
61.4701
61.4701
61.4701
61.4701
61.4701
61.4701
61.4701
61.4701
61.4701
61.4701
61.4701
61.4701
61.4701
61.4701
61.4701
61.4701
61.4701
61.4701
61.4701
61.4701
61.4701
61.4701
61.4701
61.4701
61.4701
61.4701
61.4701
61.4701
61.4701
61.4701
61.4701
61.4701
61.4701
61.4701
61.4701
61.4701
61.4701
61.4701
61.4701
61.4701
61.4701
61.4692
61.4683
61.4683
61.4647
61.4511
61.4258
61.4249
61.4249
61.4249
61.4249
61.4249
61.4249
61.4249
61.4249
61.4249
61.4249
61.4249
61.4249
61.4249
61.4249
61.4249
61.4249
61.4249
61.4249
61.4249
61.4249
61.4249
61.4249
61.4249
61.4249
61.4249
61.4249
61.4249
61.4249
61.4249
61.4249
61.4249
61.4249
61.4249
61.4249
61.4249
61.4249
61.4249
61.4249
61.4249
61.4249
61.4249
61.4249
61.4249
61.4249
61.4249
61.4249
61.4249
61.4249
61.4249
61.4249
61.4249
61.4249
61.4249
61.4249
61.4249
61.4249
61.4249
61.4249
61.4249
61.4249
61.4249
61.4249
61.4249
61.4249
61.4249
61.4249
61.4249
61.4249
61.4249
61.4249
61.4249
61.4249
61.4249
61.4249
61.4249
61.4249
61.4249
61.4249
61.4249
61.4249
61.4249
61.4249
61.4249
61.4249
61.4249
61.4249
61.4249
61.4249
61.4249
61.4249
61.4249
61.4249
61.4249
61.4249
61.4249
61.4249
61.4249
61.4249
61.4249
61.4249
61.4249
61.4249
61.4191
61.4076
61.3846
61.3098
61.1372
61.1372
61.1372
61.1372
61.1372
61.1372
61.1372
61.1372
61.1372
61.1372
61.1372
61.1372
61.1372
61.1372
61.1372
61.1372
61.1372
61.1372
61.1372
61.1372
61.1372
61.1372
61.1372
61.1372
61.1295
61.1295
61.1372
61.1372
61.1372
61.1372
61.1372
61.1372
61.1372
61.1372
61.1372
61.1372
61.1372
61.1372
61.1372
61.1372
61.1372
61.1372
61.1372
61.1372
61.1372
61.1372
61.1372
61.1372
61.1372
61.1372
61.1372
61.1372
61.1372
61.1372
61.1372
61.1372
61.1372
61.1372
61.1372
61.1372
61.1372
61.1372
61.1372
61.1372
61.1372
61.1372
61.1372
61.1372
61.1372
61.1372
61.1372
61.1372
61.1372
61.1372
61.1372
61.1372
61.1372
61.1372
61.1372
61.1372
61.1372
61.1372
61.1284
61.102
61.0398
60.8361
60.6976
60.6976
60.6976
60.6976
60.6976
60.6976
60.6976
60.6976
60.6976
60.6976
60.6976
60.6976
60.6976
60.6976
60.6976
60.6976
60.6976
60.6976
60.6976
60.6976
60.6976
60.6976
60.6976
60.6976
60.6976
60.6976
60.6976
60.6976
60.6976
60.6976
60.6976
60.6976
60.6976
60.6976
60.6976
60.6976
60.6976
60.6976
60.6976
60.6976
60.6976
60.6976
60.6976
60.6976
60.6976
60.6976
60.6976
60.6976
60.6976
60.6976
60.6976
60.6976
60.6976
60.6976
60.6976
60.6976
60.6976
60.6976
60.6976
60.6976
60.6976
60.6976
60.6976
60.6976
60.6976
60.6976
60.6976
60.6976
60.6976
60.6976
60.6976
60.6976
60.6976
60.6976
60.6976
60.6976
60.6976
60.6976
60.6976
60.6976
60.6976
60.6976
60.6976
60.6976
60.6976
60.6976
60.6976
60.6976
60.6976
60.6976
60.6976
60.6976
60.6976
60.6976
60.6976
60.6976
60.6976
60.6976
60.6976
60.6976
60.6976
60.6976
60.6976
60.6976
60.6976
60.6976
60.6976
60.6976
60.6976
60.6976
60.6976
60.6976
60.6976
60.6976
60.6976
60.6976
60.6976
60.6976
60.6976
60.6976
60.6976
60.6976
60.6976
60.6976
60.6976
60.6976
60.6976
60.6976
60.6976
60.6976
60.6976
60.6976
60.6976
60.6976
60.6976
60.6976
60.6976
60.6976
60.6976
60.6976
60.6976
60.6976
60.6976
60.6976
60.6976
60.6976
60.6976
60.6976
60.6976
60.6976
60.6976
60.6976
60.6976
60.6976
60.6976
60.6976
60.6976
60.6976
60.6976
60.6976
60.6976
60.6976
60.6976
60.6976
60.6976
60.6976
60.6976
60.6976
60.6976
60.6976
60.6976
60.6976
60.6976
60.6976
60.6976
60.6976
60.6976
60.6976
60.6976
60.6976
60.6976
60.6976
60.6976
60.6976
60.6976
60.6976
60.6976
60.6976
60.6976
60.6976
60.6976
60.6976
60.6976
60.6976
60.6976
60.6976
60.6976
60.6976
60.6976
60.6976
60.6976
60.6976
60.6976
60.6976
60.6976
60.6976
60.6976
60.6976
60.6976
60.6976
60.6976
60.6976
60.6976
60.6976
60.6976
60.6976
60.6976
60.6976
60.6976
60.6976
60.6976
60.6976
60.6976
60.6976
60.6976
60.6976
60.6976
60.6976
60.6976
60.6976
60.6976
60.6976
60.6976
60.6976
60.6976
60.6976
60.6976
60.6976
60.6976
60.6976
60.6976
60.6976
60.6976
60.6976
60.6976
60.6976
60.6976
60.6976
60.6976
60.6976
60.6976
60.6976
60.6976
60.6976
60.6976
60.6976
60.6976
60.6976
60.6976
60.6976
60.6976
60.6976
60.6976
60.6976
60.6976
60.6976
60.6976
60.6976
60.6976
60.6976
60.6976
60.6976
60.6976
60.6976
60.6976
60.6976
60.6976
60.6976
60.6976
60.6976
60.6976
60.6976
60.6976
60.6976
60.6976
60.6976
60.6976
60.6976
60.6976
60.6976
60.6976
60.6976
60.6976
60.6976
60.6976
60.6976
60.6976
60.6976
60.6976
60.6976
60.6976
60.6976
60.6976
60.6976
60.6976
60.6976
60.6976
60.6976
60.6976
60.6976
60.6976
60.6976
60.6976
60.6976
60.6976
60.6976
60.6976
60.6976
60.6976
60.6976
60.6976
60.6976
60.6976
60.6976
60.6976
60.6976
60.6976
60.6976
60.6976
60.6976
60.6976
60.6976
60.6976
60.6976
60.6976
60.6976
60.6976
60.6976
60.6976
60.6976
60.6976
60.6976
60.6976
60.6976
60.6976
60.6976
60.6976
60.6976
60.6976
60.6976
60.6976
60.6976
60.6976
60.6976
60.6976
60.6976
60.6976
60.6976
60.6976
60.6976
60.6976
60.6976
60.6976
60.6976
60.6976
60.6956
60.6917
60.6781
60.6242
60.5717
60.5219
60.3443
60.2449
60.2449
60.2449
60.2449
60.2449
60.2449
60.2449
60.2449
60.2449
60.2449
60.2449
60.2449
60.2449
60.2449
60.2449
60.2449
60.2449
60.2449
60.2449
60.2449
60.2449
60.2449
60.2449
60.2449
60.2449
60.2449
60.2449
60.2449
60.2449
60.2449
60.2449
60.2449
60.2449
60.2449
60.2449
60.2449
60.2449
60.2449
60.2449
60.2449
60.2449
60.2449
60.2449
60.2449
60.2449
60.2449
60.2449
60.2449
60.2449
60.2449
60.2449
60.2449
60.2449
60.2449
60.2449
60.2449
60.2449
60.2449
60.2449
60.2449
60.2449
60.2449
60.2449
60.2449
60.2449
60.2449
60.2449
60.2449
60.2449
60.2449
60.2449
60.2449
60.2449
60.2449
60.2449
60.2449
60.2449
60.2449
60.2449
60.2449
60.2449
60.2449
60.2449
60.2449
60.2449
60.2449
60.2449
60.2449
60.2449
60.2449
60.2449
60.2449
60.2449
60.2449
60.2449
60.2449
60.2449
60.2449
60.2449
60.2449
60.2449
60.2449
60.2449
60.2449
60.2449
60.2449
60.2449
60.2449
60.2449
60.2449
60.2449
60.2449
60.2449
60.2449
60.2449
60.2449
60.2449
60.2449
60.2449
60.2449
60.2449
60.2449
60.2449
60.2449
60.2449
60.2449
60.2449
60.2449
60.2449
60.2449
60.2449
60.2449
60.2449
60.2449
60.2449
60.2449
60.2449
60.2449
60.2449
60.2449
60.2449
60.2449
60.2449
60.2449
60.2449
60.2449
60.2449
60.2449
60.2449
60.2449
60.2449
60.2449
60.2449
60.2449
60.2449
60.2449
60.2449
60.2449
60.2449
60.2449
60.2449
60.2449
60.2449
60.2449
60.2449
60.2449
60.2449
60.2449
60.2449
60.2449
60.2449
60.2449
60.2449
60.2449
60.2449
60.2449
60.2449
60.2449
60.2449
60.2449
60.2449
60.2449
60.2449
60.2449
60.2449
60.2449
60.2449
60.2449
60.2449
60.2449
60.2449
60.2449
60.2449
60.2449
60.2449
60.2449
60.2449
60.2449
60.2449
60.2449
60.2449
60.2449
60.2449
60.2449
60.2449
60.2449
60.2449
60.2449
60.2449
60.2449
60.2449
60.2449
60.2449
60.2449
60.2449
60.2449
60.2449
60.2449
60.2449
60.2449
60.2449
60.2449
60.2449
60.2449
60.2449
60.2449
60.2449
60.2449
60.2449
60.2449
60.2449
60.2449
60.2449
60.2449
60.2449
60.2449
60.2449
60.2449
60.2449
60.2449
60.2449
60.2449
60.2449
60.2449
60.2449
60.2449
60.2449
60.2449
60.2449
60.2449
60.2449
60.2449
60.2449
60.2449
60.2449
60.2449
60.2449
60.2449
60.2449
60.2449
60.2449
60.2449
60.2449
60.2449
60.2449
60.2449
60.2449
60.2449
60.2449
60.2449
60.2449
60.2449
60.2449
60.2449
60.2449
60.2449
60.2449
60.2449
60.2449
60.2449
60.2449
60.2449
60.2449
60.2449
60.2449
60.2449
60.2449
60.2449
60.2449
60.2449
60.2449
60.2449
60.2449
60.2449
60.2449
60.2449
60.2449
60.2449
60.2449
60.2449
60.2449
60.2449
60.2449
60.2449
60.2449
60.2449
60.2449
60.2449
60.2449
60.2449
60.2449
60.2449
60.2449
60.2449
60.2449
60.2449
60.2449
60.2449
60.2449
60.2449
60.2449
60.2449
60.2449
60.2449
60.2449
60.2449
60.2449
60.2449
60.2449
60.2449
60.2449
60.2449
60.2449
60.2449
60.2449
60.2449
60.2449
60.2449
60.2449
60.2449
60.2449
60.2449
60.2449
60.2449
60.2449
60.2449
60.2449
60.2449
60.2449
60.2449
60.2449
60.2449
60.2449
60.2449
60.2449
60.2449
60.2449
60.2449
60.2449
60.2449
60.2449
60.2449
60.2449
60.2449
60.2449
60.2449
60.2449
60.2449
60.2449
60.2449
60.2449
60.2449
60.2449
60.2449
60.2449
60.2449
60.2449
60.2449
60.2449
60.2449
60.2449
60.2449
60.2449
60.2449
60.2449
60.2449
60.2449
60.2449
60.2449
60.2449
60.2449
60.2449
60.2449
60.2449
60.2449
60.2449
60.2449
60.2449
60.2449
60.2449
60.2449
60.2449
60.2449
60.2449
60.2449
60.2449
60.2449
60.2449
60.2449
60.2449
60.2449
60.2449
60.2449
60.2449
60.2449
60.2449
60.2449
60.2449
60.2449
60.2449
60.2449
60.2449
60.2449
60.2449
60.2449
60.2449
60.2449
60.2449
60.2449
60.2449
60.2449
60.2449
60.2449
60.2449
60.2449
60.2449
60.2449
60.2449
60.2449
60.2449
60.2449
60.2449
60.2449
60.2449
60.2449
60.2449
60.2449
60.2449
60.2449
60.2449
60.2449
60.2449
60.2449
60.2449
60.2449
60.2449
60.2449
60.2449
60.2449
60.2449
60.2449
60.2449
60.2449
60.2449
60.2449
60.2449
60.2449
60.2449
60.2449
60.2449
60.2449
60.2449
60.2449
60.2449
60.2449
60.2449
60.2449
60.2449
60.2449
60.2449
60.2449
60.2449
60.2449
60.2449
60.2449
60.2449
60.2449
60.2449
60.2449
60.2449
60.2449
60.2449
60.2449
60.2449
60.2449
60.2449
60.2449
60.2449
60.2449
60.2449
60.2449
60.2449
60.2449
60.2449
60.2449
60.2449
60.2449
60.2449
60.2449
60.2449
60.2449
60.2449
60.2449
60.2449
60.2449
60.2449
60.2449
60.2449
60.2449
60.2449
60.2449
60.2449
60.2449
60.2449
60.2449
60.2449
60.2449
60.2449
60.2449
60.2449
60.2449
60.2449
60.2449
60.2449
60.2449
60.2449
60.2449
60.2449
60.2449
60.2449
60.2449
60.2449
60.2449
60.2449
60.2449
60.2449
60.2449
60.2449
60.2449
60.2449
60.2449
60.2449
60.2449
60.2449
60.2449
60.2449
60.2449
60.2449
60.2449
60.2449
60.2449
60.2449
60.2449
60.2449
60.2449
60.2449
60.2449
60.2449
60.2449
60.2449
60.2449
60.2449
60.2449
60.2449
60.2449
60.2449
60.2449
60.2449
60.2449
60.2449
60.2449
60.2326
60.2449
60.2449
60.2449
60.2449
60.2449
60.2449
60.2449
60.2449
60.2449
60.2449
60.2449
60.2449
60.2449
60.2449
60.2449
60.2449
60.2449
60.2449
60.2449
60.2449
60.2449
60.2449
60.2449
60.2449
60.2449
60.2449
60.2449
60.2449
60.2449
60.2449
60.2449
60.2449
60.2449
60.2449
60.2449
60.2449
60.2372
60.2064
60.0912
59.8606
59.8606
59.8606
59.8606
59.8606
59.8606
59.8606
59.8606
59.8606
59.8606
59.8606
59.8606
59.8606
59.8606
59.8606
59.8606
59.8606
59.8606
59.8606
59.8606
59.8606
59.8606
59.8606
59.8606
59.8606
59.8606
59.8606
59.8606
59.8606
59.8606
59.8606
59.8606
59.8606
59.8606
59.8606
59.8606
59.8606
59.8606
59.8606
59.8606
59.8606
59.8606
59.8606
59.8606
59.8606
59.8606
59.8606
59.8606
59.8606
59.8606
59.8606
59.8606
59.8606
59.8606
59.8606
59.8606
59.8606
59.8606
59.8606
59.8606
59.8606
59.8606
59.8606
59.8606
59.8606
59.8606
59.8606
59.8606
59.8606
59.8606
59.8606
59.8606
59.8606
59.8606
59.8605
59.8604
59.8602
59.8597
59.8585
59.8566
59.8566
59.8566
59.8566
59.8566
59.8566
59.8566
59.8566
59.8566
59.8566
59.8566
59.8566
59.8566
59.8566
59.8566
59.8566
59.8566
59.8566
59.8566
59.8566
59.8566
59.8566
59.8566
59.8566
59.8566
59.8566
59.8566
59.8566
59.8566
59.8566
59.8566
59.8566
59.8566
59.8566
59.8566
59.8566
59.8566
59.8566
59.8566
59.8566
59.8566
59.8566
59.8566
59.8566
59.8566
59.8566
59.8566
59.8566
59.8566
59.8566
59.8566
59.8566
59.8566
59.8566
59.8566
59.8566
59.8566
59.8566
59.8566
59.8566
59.8566
59.8566
59.8566
59.8566
59.8566
59.8566
59.8566
59.8566
59.8566
59.8566
59.8566
59.8566
59.8566
59.8566
59.8566
59.8566
59.8566
59.8566
59.8566
59.8566
59.8566
59.8566
59.8566
59.8566
59.8566
59.8566
59.8566
59.8566
59.8566
59.8566
59.8566
59.8566
59.8566
59.8566
59.8566
59.8566
59.8566
59.8566
59.8566
59.8566
59.8566
59.8566
59.8566
59.8566
59.8566
59.8566
59.8566
59.8566
59.8566
59.8566
59.8566
59.8566
59.8566
59.8566
59.8566
59.8566
59.8566
59.8566
59.8566
59.8566
59.8566
59.8566
59.8566
59.8566
59.8566
59.8566
59.8566
59.8566
59.8566
59.8566
59.8566
59.8566
59.8566
59.8566
59.8566
59.8566
59.8566
59.8566
59.8566
59.8566
59.8566
59.8566
59.8566
59.8566
59.8566
59.8566
59.8566
59.8566
59.8566
59.8566
59.8566
59.8566
59.8566
59.8566
59.8566
59.8566
59.8566
59.8566
59.8566
59.8566
59.8566
59.8566
59.8566
59.8566
59.8566
59.8566
59.8566
59.8566
59.8566
59.8566
59.8566
59.8566
59.8566
59.8566
59.8566
59.8566
59.8566
59.8566
59.8566
59.8566
59.8566
59.8566
59.8566
59.8566
59.8566
59.8566
59.8566
59.8566
59.8566
59.8566
59.8566
59.8566
59.8566
59.8566
59.8566
59.8566
59.8566
59.8566
59.8566
59.8566
59.8566
59.8566
59.8566
59.8566
59.8566
59.8566
59.8566
59.8566
59.8566
59.8566
59.8566
59.8566
59.8566
59.8566
59.8566
59.8566
59.8566
59.8566
59.8566
59.8566
59.8566
59.8566
59.8566
59.8566
59.8566
59.8566
59.8566
59.8566
59.8566
59.8566
59.8566
59.8566
59.8566
59.8566
59.8566
59.8566
59.8566
59.8566
59.8566
59.8566
59.8566
59.8566
59.8566
59.8566
59.8566
59.8566
59.8566
59.8566
59.8566
59.8566
59.8566
59.8566
59.8566
59.8566
59.8566
59.8566
59.8566
59.8566
59.8566
59.8566
59.8566
59.8566
59.8566
59.8566
59.8566
59.8566
59.8566
59.8566
59.8566
59.8566
59.8566
59.8566
59.8566
59.8566
59.8566
59.8566
59.8566
59.8566
59.8566
59.8566
59.8566
59.8566
59.8566
59.8566
59.8566
59.8566
59.8566
59.8566
59.8566
59.8566
59.8566
59.8566
59.8566
59.8566
59.8566
59.8566
59.8566
59.8566
59.8566
59.8566
59.8566
59.8566
59.8566
59.8566
59.8566
59.8566
59.8566
59.8566
59.8566
59.8566
59.8566
59.8566
59.8566
59.8566
59.8566
59.8566
59.8566
59.8566
59.8566
59.8566
59.8566
59.8566
59.8566
59.8566
59.8566
59.8566
59.8566
59.8566
59.8566
59.8566
59.8566
59.8566
59.8566
59.8566
59.8566
59.8566
59.8566
59.8566
59.8566
59.8566
59.8566
59.8566
59.8566
59.8566
59.8566
59.8566
59.8566
59.8566
59.8566
59.8566
59.8566
59.8566
59.8566
59.8566
59.8566
59.8566
59.8566
59.8566
59.8566
59.8566
59.8566
59.8566
59.8566
59.8566
59.8566
59.8566
59.8565
59.8565
59.8561
59.8551
59.8542
59.8542
59.8542
59.8542
59.8542
59.8542
59.8542
59.8542
59.8542
59.8542
59.8542
59.8542
59.8542
59.8542
59.8542
59.8542
59.8542
59.8542
59.8542
59.8542
59.8542
59.8542
59.8542
59.8542
59.8542
59.8542
59.8542
59.8542
59.8542
59.8542
59.8542
59.8542
59.8542
59.8542
59.8542
59.8542
59.8542
59.8542
59.8542
59.8542
59.8542
59.8542
59.8542
59.8542
59.8542
59.8542
59.8542
59.8542
59.8542
59.8542
59.8542
59.8542
59.8542
59.8542
59.8542
59.8542
59.8542
59.8542
59.8542
59.8542
59.8542
59.8542
59.8542
59.8542
59.8542
59.8542
59.8542
59.8542
59.8542
59.8542
59.8542
59.8542
59.8542
59.8542
59.8542
59.8542
59.8542
59.8542
59.8542
59.8542
59.8542
59.8542
59.8542
59.8542
59.8542
59.8542
59.8542
59.8542
59.8542
59.8542
59.8542
59.8542
59.8542
59.8542
59.8542
59.8542
59.8542
59.8542
59.8542
59.8542
59.8542
59.8542
59.8542
59.8542
59.8542
59.8542
59.8542
59.8542
59.8542
59.8542
59.8542
59.8542
59.8542
59.8542
59.8542
59.8542
59.842
59.8542
59.8542
59.8542
59.8542
59.8542
59.8542
59.8542
59.8542
59.8542
59.8542
59.8542
59.8542
59.8542
59.8542
59.8542
59.8542
59.8542
59.8542
59.8542
59.8542
59.8542
59.8542
59.8542
59.8542
59.8542
59.8542
59.8542
59.8542
59.8542
59.8484
59.8542
59.8542
59.8542
59.8542
59.8542
59.8542
59.8542
59.8542
59.8542
59.8542
59.8542
59.8542
59.8542
59.8542
59.8542
59.8542
59.8542
59.8542
59.8542
59.8542
59.8542
59.8542
59.8542
59.8542
59.8542
59.8542
59.8542
59.8542
59.8542
59.8542
59.8542
59.8542
59.8542
59.8542
59.8542
59.8542
59.8542
59.8542
59.8542
59.8542
59.8542
59.8542
59.8542
59.8542
59.8542
59.8542
59.8542
59.8542
59.8542
59.8542
59.8542
59.8542
59.8542
59.8542
59.8542
59.8542
59.8542
59.8542
59.8542
59.8542
59.8542
59.8542
59.8542
59.8542
59.8542
59.8542
59.8542
59.8542
59.8542
59.8542
59.8542
59.8542
59.8542
59.8542
59.8542
59.8542
59.8542
59.8542
59.8542
59.8542
59.8542
59.8542
59.8542
59.8542
59.8542
59.8542
59.8542
59.8542
59.8542
59.8542
59.8542
59.8542
59.8542
59.8542
59.8542
59.8542
59.8542
59.8542
59.8542
59.8542
59.8542
59.8542
59.8542
59.8542
59.8542
59.8542
59.8542
59.8542
59.8542
59.8542
59.8542
59.8542
59.8542
59.8542
59.8542
59.8542
59.8542
59.8542
59.8542
59.8542
59.8542
59.8542
59.8542
59.8542
59.8542
59.8542
59.8542
59.8484
59.8308
59.7956
59.6139
59.5611
59.5611
59.5611
59.5611
59.5611
59.5611
59.5611
59.5611
59.5611
59.5611
59.5611
59.5611
59.5611
59.5611
59.5611
59.5611
59.5611
59.5611
59.5611
59.5611
59.5611
59.5611
59.5611
59.5611
59.5611
59.5611
59.5611
59.5611
59.5611
59.5611
59.5611
59.5611
59.5611
59.5611
59.5611
59.5611
59.5611
59.5611
59.5611
59.5611
59.5611
59.5611
59.5611
59.5611
59.5611
59.5611
59.5611
59.5611
59.5611
59.5611
59.5611
59.5611
59.5611
59.5611
59.5611
59.5611
59.5611
59.5611
59.5611
59.5611
59.5611
59.5611
59.5611
59.5611
59.5611
59.5611
59.5611
59.5611
59.5611
59.5611
59.5611
59.5611
59.5611
59.5611
59.5611
59.5611
59.5611
59.5611
59.5611
59.5611
59.5611
59.5611
59.5611
59.5611
59.5611
59.5611
59.5611
59.5611
59.5611
59.5611
59.5611
59.5611
59.5611
59.5611
59.5611
59.5611
59.5611
59.5611
59.5611
59.5611
59.5611
59.5611
59.5611
59.5611
59.5611
59.5611
59.5611
59.5611
59.5611
59.5611
59.5611
59.5611
59.5611
59.5611
59.5611
59.5611
59.5611
59.5611
59.5611
59.5611
59.5611
59.5611
59.5611
59.5611
59.5611
59.5611
59.5611
59.5611
59.5611
59.5611
59.5611
59.5611
59.5611
59.5611
59.5611
59.5611
59.5611
59.5611
59.5611
59.5611
59.5611
59.5611
59.5611
59.5611
59.5611
59.5611
59.5611
59.5611
59.5611
59.5611
59.5611
59.5611
59.5611
59.5611
59.5611
59.5611
59.5611
59.5611
59.5611
59.5611
59.5611
59.5611
59.5611
59.5611
59.5611
59.5611
59.5611
59.5611
59.5611
59.5611
59.5611
59.5611
59.5611
59.5611
59.5611
59.5611
59.5611
59.5611
59.5611
59.5611
59.5611
59.5611
59.5611
59.5611
59.5611
59.5611
59.5611
59.5611
59.5611
59.5611
59.5611
59.5611
59.5611
59.5611
59.5611
59.5611
59.5611
59.5611
59.5611
59.5611
59.5611
59.5611
59.5611
59.5611
59.5611
59.5611
59.5611
59.5611
59.5611
59.5611
59.5611
59.5611
59.5611
59.5611
59.5611
59.5611
59.5611
59.5611
59.5611
59.5611
59.5611
59.5611
59.5611
59.5611
59.5611
59.5611
59.5611
59.5611
59.5611
59.5611
59.5611
59.5611
59.5611
59.5611
59.5611
59.5611
59.5611
59.5611
59.5611
59.5611
59.5611
59.5611
59.5611
59.5611
59.5611
59.5611
59.5611
59.5611
59.5611
59.5611
59.5611
59.5611
59.5611
59.5611
59.5611
59.5611
59.5611
59.5611
59.5611
59.5611
59.5611
59.5611
59.5611
59.5611
59.5611
59.5611
59.5611
59.5611
59.5611
59.5611
59.5611
59.5611
59.5611
59.5611
59.5611
59.5611
59.5611
59.5611
59.5611
59.5611
59.5611
59.5611
59.5611
59.5611
59.5611
59.5611
59.5611
59.5611
59.5611
59.5611
59.5611
59.5611
59.5611
59.5611
59.5611
59.5611
59.5611
59.5611
59.5611
59.5611
59.5611
59.5611
59.5611
59.5611
59.5611
59.5611
59.5611
59.5611
59.5611
59.5611
59.5611
59.5611
59.5611
59.5611
59.5611
59.5611
59.5611
59.5611
59.5611
59.5611
59.5611
59.5611
59.5611
59.5611
59.5611
59.5611
59.5611
59.5611
59.5611
59.5611
59.5611
59.5611
59.5611
59.5611
59.5611
59.5611
59.5611
59.5611
59.5611
59.5611
59.5611
59.5611
59.5611
59.5611
59.5611
59.5611
59.5611
59.5611
59.5611
59.5611
59.5611
59.5611
59.5611
59.5611
59.5611
59.5611
59.5611
59.5611
59.5611
59.5611
59.5611
59.5611
59.5611
59.5611
59.5611
59.5611
59.5611
59.5611
59.5611
59.5611
59.5611
59.5611
59.5611
59.5611
59.5611
59.5611
59.5611
59.5611
59.5611
59.5611
59.5611
59.5611
59.5611
59.5611
59.5611
59.5611
59.5611
59.5611
59.5611
59.5611
59.5611
59.5611
59.5611
59.5611
59.5611
59.5611
59.5611
59.5611
59.5611
59.5611
59.5611
59.5611
59.5611
59.5611
59.5611
59.5611
59.5611
59.5611
59.5611
59.5606
59.5601
59.5592
59.5562
59.5443
59.5364
59.5364
59.5364
59.5364
59.5364
59.5364
59.5364
59.5364
59.5364
59.5364
59.5364
59.5364
59.5364
59.5364
59.5364
59.5364
59.5364
59.5364
59.5364
59.5364
59.5364
59.5364
59.5364
59.5364
59.5364
59.5364
59.5364
59.5364
59.5364
59.5364
59.5364
59.5364
59.5364
59.5364
59.5364
59.5364
59.5364
59.5364
59.5364
59.5364
59.5364
59.5364
59.5364
59.5364
59.5364
59.5364
59.5364
59.5364
59.5364
59.5364
59.5364
59.5364
59.5364
59.5364
59.5364
59.5364
59.5364
59.5364
59.5364
59.5364
59.5364
59.5364
59.5364
59.5364
59.5364
59.5364
59.5364
59.5364
59.5364
59.5364
59.5364
59.5364
59.5364
59.5364
59.5364
59.5364
59.5364
59.5364
59.5364
59.5364
59.5364
59.5364
59.5364
59.5364
59.5364
59.5364
59.5364
59.5364
59.5364
59.5364
59.5364
59.5364
59.5364
59.5364
59.5364
59.5364
59.5364
59.5364
59.5364
59.5364
59.5364
59.5364
59.5364
59.5364
59.5364
59.5364
59.5364
59.5364
59.5364
59.5364
59.5364
59.5364
59.5364
59.5364
59.5364
59.5364
59.5364
59.5364
59.5364
59.5364
59.5364
59.5364
59.5364
59.5364
59.5364
59.5364
59.5364
59.5364
59.5364
59.5364
59.5364
59.5364
59.5364
59.5364
59.5364
59.5364
59.5364
59.5364
59.5364
59.5364
59.5364
59.5364
59.5364
59.5364
59.5364
59.5364
59.5364
59.5364
59.5364
59.5364
59.5364
59.5364
59.5364
59.5364
59.5364
59.5364
59.5364
59.5364
59.5364
59.5364
59.5364
59.5364
59.5364
59.5364
59.5364
59.5364
59.5364
59.5364
59.5364
59.5364
59.5364
59.5364
59.5364
59.5364
59.5364
59.5364
59.5364
59.5364
59.5364
59.5364
59.5364
59.5364
59.5364
59.5364
59.5364
59.5364
59.5364
59.5364
59.5364
59.5364
59.5364
59.5364
59.5364
59.5364
59.5364
59.5364
59.5364
59.5364
59.5364
59.5364
59.5364
59.5364
59.5364
59.5364
59.5364
59.5364
59.5364
59.5364
59.5364
59.5364
59.5364
59.5364
59.5364
59.5364
59.5364
59.5364
59.5364
59.5364
59.5364
59.5364
59.5364
59.5364
59.5364
59.5364
59.5364
59.5364
59.5364
59.5364
59.5364
59.5364
59.5364
59.5364
59.5364
59.5364
59.5364
59.5364
59.5364
59.5364
59.5364
59.5364
59.5364
59.5364
59.5364
59.5364
59.5364
59.5364
59.5364
59.5364
59.5364
59.5364
59.5364
59.5364
59.5364
59.5364
59.5364
59.5364
59.5364
59.5364
59.5364
59.5364
59.5364
59.5364
59.5364
59.5364
59.5291
59.4926
59.4535
59.3733
59.1612
59.125
59.0525
59.0421
59.0421
59.0421
59.0421
59.0421
59.0421
59.0421
59.0421
59.0421
59.0421
59.0421
59.0421
59.0421
59.0421
59.0421
59.0421
59.0421
59.0421
59.0421
59.0421
59.0421
59.0421
59.0421
59.0421
59.0421
59.0421
59.0421
59.0421
59.0421
59.0421
59.0421
59.0421
59.0421
59.0421
59.0421
59.0421
59.0421
59.0421
59.0421
59.0421
59.0421
59.0421
59.0421
59.0421
59.0421
59.0421
59.0421
59.0421
59.0421
59.0421
59.0421
59.0421
59.0421
59.0421
59.0421
59.0421
59.0421
59.0421
59.0421
59.0421
59.0421
59.0421
59.0421
59.0421
59.0421
59.0421
59.0421
59.0421
59.0421
59.0421
59.0421
59.0421
59.0421
59.0421
59.0421
59.0421
59.0421
59.0421
59.0421
59.0421
59.0421
59.0421
59.0421
59.0421
59.0421
59.0421
59.0421
59.0421
59.0421
59.0421
59.0421
59.0421
59.0421
59.0421
59.0421
59.0421
59.0421
59.0421
59.0421
59.0421
59.0421
59.0421
59.0421
59.0421
59.0421
59.0421
59.0421
59.0299
59.0054
58.8221
58.4553
58.4309
58.4309
58.4309
58.4309
58.4309
58.4309
58.4309
58.4309
58.4309
58.4309
58.4309
58.4309
58.4309
58.4309
58.4309
58.4309
58.4309
58.4309
58.4309
58.4309
58.4309
58.4309
58.4309
58.4309
58.4309
58.4309
58.4309
58.4309
58.4309
58.4309
58.4309
58.4309
58.4309
58.4309
58.4309
58.4309
58.4309
58.4309
58.4309
58.4309
58.4309
58.4309
58.4309
58.4309
58.4309
58.4309
58.4309
58.4309
58.4309
58.4309
58.4309
58.4309
58.4309
58.4309
58.4309
58.4309
58.4309
58.4275
58.4275
58.4105
58.3834
58.2782
58.2612
58.2612
58.2612
58.2612
58.2612
58.2612
58.2612
58.2612
58.2612
58.2612
58.2612
58.2612
58.2612
58.2612
58.2612
58.2612
58.2612
58.2612
58.2612
58.2612
58.2612
58.2612
58.2612
58.2612
58.2612
58.2612
58.2612
58.2612
58.2612
58.2612
58.2612
58.2612
58.2612
58.2612
58.2612
58.2612
58.2612
58.2612
58.2612
58.2612
58.2612
58.2612
58.2612
58.2612
58.2612
58.2612
58.2612
58.2612
58.2612
58.2612
58.2612
58.2612
58.2612
58.2612
58.2612
58.2612
58.2612
58.2612
58.2612
58.2612
58.2612
58.2612
58.2612
58.2612
58.2612
58.2612
58.2612
58.2612
58.2612
58.2569
58.2352
58.2179
58.14
58.0448
58.0448
58.0448
58.0448
58.0448
58.0448
58.0448
58.0448
58.0448
58.0448
58.0448
58.0448
58.0448
58.0448
58.0448
58.0448
58.0448
58.0448
58.0448
58.0448
58.0448
58.0448
58.0448
58.0448
58.0448
58.0448
58.0448
58.0448
58.0448
58.0448
58.0448
58.0448
58.0448
58.0448
58.0448
58.0448
58.0448
58.0448
58.0448
58.0448
58.0448
58.0448
58.0448
58.0448
58.0448
58.0448
58.0448
58.0448
58.0448
58.0448
58.0448
58.0448
58.0448
58.0448
58.0448
58.0448
58.0448
58.0448
58.0448
58.0448
58.0448
58.0448
58.0448
58.0448
58.0448
58.0448
58.0448
58.0448
58.0448
58.0448
58.0448
58.0448
58.0448
58.0448
58.0448
58.0448
58.0448
58.0448
58.0448
58.0448
58.0448
58.0448
58.0448
58.0448
58.0448
58.0448
58.0448
58.0448
58.0448
58.0448
58.0448
58.0448
58.0448
58.0448
58.0448
58.0448
58.0448
58.0448
58.0448
58.0448
58.0448
58.0448
58.0448
58.0448
58.0448
58.0448
58.0448
58.0448
58.0448
58.0448
58.0448
58.0448
58.0448
58.0448
58.0448
58.0448
58.0448
58.0448
58.0448
58.0448
58.0448
58.0448
58.0448
58.0448
58.0448
58.0448
58.0448
58.0448
58.0448
58.0448
58.0448
58.0448
58.0448
58.0448
58.0448
58.0448
58.0448
58.0448
58.0448
58.0448
58.0448
58.0448
58.0448
58.0448
58.0448
58.0448
58.0448
58.0448
58.0448
58.0448
58.0448
58.0448
58.0448
58.0448
58.0448
58.0448
58.0448
58.0448
58.0448
58.0448
58.0448
58.0448
58.0448
58.0448
58.0448
58.0448
58.0448
58.0448
58.0448
58.0448
58.0448
58.0448
58.0448
58.0448
58.0448
58.0448
58.0448
58.0448
58.0448
58.0448
58.0448
58.0448
58.0448
58.0448
58.0448
58.0448
58.0448
58.0448
58.0448
58.0448
58.0448
58.0448
58.0448
58.0448
58.0448
58.0448
58.0448
58.0448
58.0448
58.0448
58.0448
58.0448
58.0448
58.0448
58.0448
58.0448
58.0448
58.0448
58.0448
58.0448
58.0448
58.0448
58.0448
58.0448
58.0448
58.0448
58.0448
58.0448
58.0448
58.0448
58.0448
58.0448
58.0448
58.0448
58.0448
58.0448
58.0448
58.0448
58.0448
58.0448
58.0448
58.0448
58.0448
58.0448
58.0448
58.0448
58.0448
58.0448
58.0448
58.0448
58.0448
58.0448
58.0448
58.0448
58.0448
58.0448
58.0448
58.0448
58.0448
58.0448
58.0448
58.0448
58.0448
58.0448
58.0448
58.0448
58.0448
58.0448
58.0448
58.0448
58.0448
58.0448
58.0448
58.0448
58.0448
58.0448
58.0448
58.0448
58.0448
58.0448
58.0448
58.0448
58.0448
58.0448
58.0448
58.0448
58.0448
58.0448
58.0448
58.0448
58.0448
58.0448
58.0448
58.0448
58.0448
58.0448
58.0448
58.0448
58.0448
58.0448
58.0448
58.0448
58.0448
58.0448
58.0448
58.0448
58.0448
58.0448
58.0448
58.0448
58.0448
58.0448
58.0448
58.0448
58.0448
58.0448
58.0448
58.0448
58.0448
58.0448
58.0448
58.0448
58.0448
58.0448
58.0448
58.0448
58.0448
58.0448
58.0448
58.0448
58.0448
58.0448
58.0448
58.0448
58.0448
58.0448
58.0448
58.0448
58.0448
58.0448
58.0448
58.0448
58.0448
58.0448
58.0448
58.0448
58.0448
58.0448
58.0448
58.0448
58.0448
58.0448
58.0448
58.0448
58.0448
58.0448
58.0448
58.0448
58.0448
58.0448
58.0448
58.0448
58.0448
58.0448
58.0448
58.0448
58.0448
58.0448
58.0448
58.0448
58.0448
58.0448
58.0448
58.0448
58.0448
58.0448
58.0448
58.0448
58.0448
58.0448
58.0448
58.0448
58.0448
58.0448
58.0448
58.0448
58.0448
58.0448
58.0448
58.0448
58.0448
58.0448
58.0448
58.0448
58.0448
58.0448
58.0448
58.0448
58.0448
58.0448
58.0448
58.0448
58.0448
58.0448
58.0448
58.0448
58.0448
58.0448
58.0448
58.0448
58.0448
58.0448
58.0448
58.0448
58.0448
58.0448
58.0448
58.0448
58.0448
58.0448
58.0448
58.0448
58.0448
58.0448
58.0448
58.0448
58.0448
58.0448
58.0448
58.0448
58.0448
58.0448
58.0448
58.0448
58.0448
58.0448
58.0448
58.0448
58.0448
58.0448
58.0448
58.0448
58.0448
58.0448
58.0448
58.0448
58.0448
58.0448
58.0448
58.0448
58.0448
58.0448
58.0448
58.0448
58.0448
58.0448
58.0448
58.0448
58.0448
58.0448
58.0448
58.0448
58.0448
58.0448
58.0448
58.0448
58.0448
58.0448
58.0448
58.0448
58.0448
58.0448
58.0448
58.0422
58.0395
58.0181
57.9619
57.911
57.911
57.911
57.911
57.911
57.911
57.911
57.911
57.911
57.911
57.911
57.911
57.911
57.911
57.911
57.911
57.911
57.911
57.911
57.911
57.911
57.911
57.911
57.911
57.911
57.911
57.911
57.911
57.911
57.911
57.911
57.911
57.911
57.911
57.911
57.911
57.911
57.911
57.911
57.911
57.911
57.911
57.911
57.911
57.911
57.911
57.911
57.911
57.911
57.911
57.911
57.911
57.911
57.911
57.911
57.911
57.911
57.911
57.911
57.911
57.911
57.911
57.911
57.911
57.911
57.911
57.911
57.911
57.911
57.911
57.911
57.911
57.911
57.911
57.911
57.911
57.911
57.911
57.911
57.911
57.911
57.911
57.911
57.911
57.911
57.911
57.911
57.911
57.911
57.911
57.911
57.911
57.911
57.911
57.911
57.911
57.911
57.911
57.911
57.911
57.911
57.911
57.911
57.911
57.911
57.911
57.911
57.911
57.911
57.911
57.911
57.911
57.911
57.911
57.911
57.911
57.911
57.911
57.911
57.911
57.911
57.911
57.911
57.911
57.911
57.911
57.911
57.911
57.911
57.911
57.911
57.911
57.911
57.911
57.911
57.911
57.911
57.911
57.911
57.911
57.911
57.911
57.911
57.911
57.911
57.911
57.911
57.911
57.911
57.911
57.911
57.911
57.911
57.911
57.911
57.911
57.911
57.911
57.911
57.911
57.911
57.911
57.911
57.911
57.911
57.911
57.911
57.911
57.911
57.911
57.911
57.911
57.911
57.911
57.911
57.911
57.911
57.911
57.911
57.911
57.911
57.911
57.911
57.911
57.911
57.911
57.911
57.911
57.911
57.911
57.911
57.911
57.911
57.911
57.911
57.911
57.911
57.911
57.911
57.911
57.911
57.911
57.911
57.911
57.911
57.911
57.911
57.911
57.911
57.911
57.911
57.911
57.911
57.911
57.911
57.911
57.911
57.911
57.911
57.911
57.911
57.911
57.911
57.911
57.911
57.911
57.911
57.911
57.911
57.911
57.911
57.911
57.911
57.911
57.911
57.911
57.911
57.911
57.911
57.911
57.911
57.911
57.911
57.911
57.911
57.911
57.911
57.911
57.911
57.911
57.911
57.911
57.911
57.911
57.911
57.911
57.911
57.911
57.911
57.911
57.911
57.911
57.911
57.911
57.911
57.911
57.911
57.911
57.911
57.911
57.911
57.911
57.911
57.911
57.911
57.911
57.911
57.911
57.911
57.911
57.911
57.911
57.911
57.911
57.911
57.911
57.911
57.911
57.911
57.911
57.911
57.911
57.911
57.911
57.911
57.911
57.911
57.911
57.911
57.911
57.911
57.911
57.911
57.911
57.911
57.911
57.911
57.911
57.911
57.911
57.911
57.911
57.911
57.911
57.911
57.911
57.911
57.911
57.911
57.911
57.911
57.911
57.911
57.911
57.911
57.911
57.911
57.911
57.911
57.911
57.911
57.911
57.911
57.911
57.911
57.911
57.911
57.911
57.911
57.911
57.911
57.911
57.911
57.911
57.911
57.911
57.911
57.911
57.911
57.911
57.911
57.911
57.911
57.911
57.911
57.911
57.911
57.911
57.911
57.911
57.911
57.911
57.911
57.911
57.911
57.911
57.911
57.911
57.911
57.911
57.911
57.911
57.911
57.911
57.911
57.911
57.911
57.911
57.911
57.911
57.911
57.911
57.911
57.911
57.911
57.911
57.911
57.911
57.911
57.911
57.911
57.911
57.911
57.911
57.911
57.911
57.911
57.911
57.911
57.911
57.911
57.911
57.911
57.911
57.911
57.911
57.911
57.911
57.911
57.911
57.911
57.911
57.911
57.911
57.911
57.911
57.911
57.911
57.911
57.911
57.911
57.911
57.911
57.911
57.911
57.911
57.911
57.911
57.911
57.911
57.911
57.911
57.911
57.911
57.911
57.911
57.911
57.911
57.911
57.911
57.911
57.911
57.911
57.911
57.911
57.911
57.911
57.911
57.911
57.911
57.911
57.911
57.911
57.911
57.911
57.911
57.911
57.911
57.911
57.911
57.911
57.911
57.911
57.911
57.911
57.911
57.911
57.911
57.911
57.911
57.911
57.911
57.911
57.911
57.911
57.911
57.911
57.911
57.911
57.911
57.911
57.911
57.911
57.911
57.911
57.911
57.911
57.911
57.911
57.911
57.911
57.911
57.911
57.911
57.911
57.911
57.911
57.911
57.911
57.911
57.911
57.911
57.911
57.911
57.911
57.911
57.911
57.911
57.911
57.911
57.911
57.911
57.911
57.911
57.911
57.911
57.911
57.911
57.911
57.911
57.911
57.911
57.911
57.911
57.911
57.911
57.911
57.911
57.911
57.911
57.911
57.911
57.911
57.911
57.911
57.911
57.911
57.911
57.911
57.911
57.911
57.911
57.911
57.911
57.911
57.911
57.911
57.911
57.911
57.911
57.911
57.911
57.911
57.911
57.911
57.911
57.911
57.911
57.911
57.911
57.911
57.911
57.911
57.911
57.911
57.911
57.911
57.911
57.911
57.911
57.911
57.911
57.911
57.911
57.911
57.911
57.911
57.911
57.911
57.911
57.911
57.911
57.911
57.911
57.911
57.911
57.911
57.911
57.911
57.911
57.911
57.911
57.911
57.911
57.911
57.911
57.911
57.911
57.911
57.911
57.911
57.911
57.911
57.911
57.911
57.911
57.911
57.911
57.911
57.911
57.911
57.911
57.911
57.911
57.911
57.911
57.911
57.911
57.911
57.911
57.911
57.911
57.911
57.911
57.911
57.911
57.911
57.911
57.911
57.911
57.911
57.911
57.911
57.911
57.911
57.911
57.911
57.911
57.911
57.911
57.9076
57.8938
57.8488
57.7382
57.7382
57.7382
57.7382
57.7382
57.7382
57.7382
57.7382
57.7382
57.7382
57.7382
57.7382
57.7382
57.7382
57.7382
57.7382
57.7382
57.7382
57.7382
57.7382
57.7382
57.7382
57.7382
57.7382
57.7382
57.7382
57.7382
57.7382
57.7382
57.7382
57.7382
57.7382
57.7382
57.7382
57.7382
57.7382
57.7382
57.7382
57.7382
57.7382
57.7382
57.7382
57.7382
57.7382
57.7382
57.7382
57.7382
57.7382
57.7382
57.7382
57.7382
57.7382
57.7382
57.7382
57.7382
57.7382
57.7382
57.7382
57.7382
57.7382
57.7382
57.7382
57.7382
57.7382
57.7382
57.7382
57.7382
57.7382
57.7382
57.7382
57.7382
57.7382
57.7382
57.7382
57.7382
57.7382
57.7382
57.7382
57.7382
57.7382
57.7382
57.7382
57.7382
57.7382
57.7382
57.7382
57.7382
57.7382
57.7382
57.7382
57.7382
57.7382
57.7382
57.7382
57.7382
57.7382
57.7382
57.7382
57.7382
57.7382
57.7382
57.7382
57.7382
57.7382
57.7382
57.7382
57.7382
57.7382
57.7382
57.7382
57.7382
57.7382
57.7382
57.7382
57.7382
57.7382
57.7382
57.7382
57.7382
57.7382
57.7382
57.7382
57.7382
57.7382
57.7382
57.7382
57.7382
57.7382
57.7382
57.7382
57.7382
57.7382
57.7382
57.7382
57.7382
57.7382
57.7382
57.7382
57.7382
57.7382
57.7382
57.7382
57.7382
57.7382
57.7382
57.7382
57.7382
57.7382
57.7382
57.7382
57.7382
57.7382
57.7382
57.7382
57.7382
57.7382
57.7382
57.7382
57.7382
57.7382
57.7382
57.7382
57.7382
57.7382
57.7382
57.7382
57.7382
57.7382
57.7382
57.7382
57.7382
57.7382
57.7382
57.7382
57.7382
57.7382
57.7382
57.7382
57.7382
57.7382
57.7382
57.7382
57.7382
57.7382
57.7382
57.7382
57.7382
57.7382
57.7382
57.7382
57.7382
57.7382
57.7382
57.7382
57.7382
57.7382
57.7382
57.7382
57.7382
57.7382
57.7382
57.7382
57.7382
57.7382
57.7382
57.7382
57.7382
57.7382
57.7382
57.7382
57.7382
57.7382
57.7382
57.7382
57.7382
57.7382
57.7382
57.7382
57.7382
57.7382
57.7382
57.7382
57.7382
57.7382
57.7382
57.7382
57.7382
57.7382
57.7382
57.7382
57.7382
57.7382
57.7382
57.7382
57.7382
57.7382
57.7382
57.7382
57.7382
57.7382
57.7382
57.7382
57.7382
57.7382
57.7382
57.7382
57.7382
57.7382
57.7382
57.7382
57.7382
57.7382
57.7382
57.7382
57.7382
57.7382
57.7382
57.7382
57.7382
57.7382
57.7382
57.7382
57.7382
57.7382
57.7382
57.7382
57.7382
57.7382
57.7382
57.7382
57.7382
57.7382
57.7382
57.7382
57.7382
57.7382
57.7382
57.7382
57.7382
57.7382
57.7382
57.7382
57.7382
57.7382
57.7382
57.7382
57.7382
57.7382
57.7382
57.7382
57.7382
57.7382
57.7382
57.7382
57.7382
57.7382
57.7382
57.7382
57.7382
57.7382
57.7382
57.7382
57.7382
57.7382
57.7382
57.7382
57.7382
57.7382
57.7382
57.7382
57.7382
57.7382
57.7382
57.7382
57.7382
57.7382
57.7382
57.7382
57.7382
57.7382
57.7382
57.7382
57.7382
57.7382
57.7382
57.7382
57.7382
57.7382
57.7382
57.7382
57.7382
57.7382
57.7382
57.7382
57.7382
57.7382
57.7382
57.7382
57.7382
57.7382
57.7382
57.7382
57.7382
57.7382
57.7382
57.7382
57.7382
57.7382
57.7382
57.7382
57.7382
57.7382
57.7382
57.7382
57.7382
57.7382
57.7382
57.7382
57.7382
57.7382
57.7382
57.7382
57.7382
57.7382
57.7382
57.7382
57.7382
57.7382
57.7382
57.7382
57.7382
57.7382
57.7382
57.7382
57.7382
57.7382
57.7382
57.7382
57.7382
57.7382
57.7382
57.7382
57.7382
57.7382
57.7382
57.7382
57.7382
57.7382
57.7382
57.7382
57.7382
57.7382
57.7382
57.7382
57.7382
57.7382
57.7382
57.7382
57.7382
57.7382
57.7382
57.7382
57.7382
57.7382
57.7382
57.7382
57.7382
57.7382
57.7382
57.7382
57.7382
57.7382
57.7382
57.7382
57.7382
57.7382
57.7382
57.7382
57.7382
57.7382
57.7382
57.7382
57.7382
57.7382
57.7382
57.7382
57.7382
57.7382
57.7382
57.7382
57.7382
57.7382
57.7382
57.7382
57.7382
57.7382
57.7382
57.7382
57.7382
57.7382
57.7382
57.7382
57.7382
57.7382
57.7382
57.7382
57.7382
57.7382
57.7382
57.7382
57.7382
57.7382
57.7382
57.7382
57.7382
57.7382
57.7382
57.7382
57.7382
57.7382
57.7382
57.7382
57.7382
57.7382
57.7382
57.7382
57.7382
57.7382
57.7382
57.7382
57.7382
57.7382
57.7382
57.7382
57.7382
57.7382
57.7382
57.7382
57.7382
57.7382
57.7382
57.7382
57.7382
57.7382
57.7382
57.7382
57.7382
57.7382
57.7382
57.7382
57.7382
57.7382
57.7382
57.7382
57.7382
57.7382
57.7382
57.7382
57.7382
57.7382
57.7382
57.7382
57.7382
57.7382
57.7382
57.7382
57.7382
57.7382
57.7382
57.7382
57.7382
57.7382
57.7382
57.7382
57.7382
57.7382
57.7382
57.7382
57.7382
57.7382
57.7382
57.7382
57.7382
57.7382
57.7382
57.7382
57.7382
57.7382
57.7382
57.7382
57.7382
57.7382
57.7382
57.7382
57.7382
57.7382
57.7382
57.7382
57.7382
57.7382
57.7382
57.7382
57.7382
57.7382
57.7382
57.7382
57.7382
57.7382
57.7382
57.7382
57.7382
57.7382
57.7382
57.7382
57.7382
57.7382
57.7382
57.7382
57.7382
57.7382
57.7382
57.7382
57.7382
57.7382
57.7382
57.7382
57.7382
57.7382
57.7382
57.7382
57.7382
57.7382
57.7382
57.7382
57.7382
57.7382
57.7382
57.7382
57.7382
57.7382
57.7382
57.7382
57.7382
57.7382
57.7382
57.7382
57.7382
57.7382
57.7382
57.7382
57.7382
57.7382
57.7382
57.7382
57.7382
57.7382
57.7382
57.7382
57.7382
57.7382
57.7382
57.7382
57.7382
57.7382
57.7382
57.7382
57.7382
57.7382
57.7382
57.7382
57.7382
57.7382
57.7382
57.7382
57.7382
57.7382
57.7382
57.7382
57.7382
57.7382
57.7382
57.7382
57.7382
57.7382
57.7382
57.7382
57.7382
57.7382
57.7382
57.7382
57.7382
57.7382
57.7382
57.7382
57.7382
57.7382
57.7382
57.7382
57.7382
57.7382
57.7382
57.7382
57.7382
57.7382
57.7382
57.7382
57.7382
57.7382
57.7382
57.7382
57.7382
57.7382
57.7382
57.7382
57.7382
57.7382
57.7382
57.7382
57.7382
57.7382
57.7382
57.7382
57.7382
57.7382
57.7382
57.7382
57.7382
57.7382
57.7382
57.7382
57.7382
57.7382
57.7382
57.7382
57.7382
57.7382
57.7382
57.7382
57.7382
57.7382
57.7382
57.7382
57.7382
57.7382
57.7382
57.7382
57.7382
57.7382
57.7382
57.7382
57.7382
57.7382
57.7382
57.7382
57.7382
57.7382
57.7382
57.7382
57.7382
57.7382
57.7382
57.7382
57.7382
57.7382
57.7382
57.7382
57.7382
57.7382
57.7382
57.7382
57.7382
57.7382
57.7382
57.7382
57.7382
57.7382
57.7382
57.7382
57.7382
57.7382
57.7549
57.7382
57.7382
57.7382
57.7382
57.7382
57.7382
57.7382
57.7382
57.7382
57.7382
57.7382
57.7382
57.7382
57.7382
57.7382
57.7382
57.7382
57.7382
57.7382
57.7382
57.7382
57.7382
57.7382
57.7382
57.7382
57.7382
57.7382
57.7382
57.7382
57.7382
57.7382
57.7382
57.7382
57.7382
57.7382
57.7382
57.7382
57.7382
57.7382
57.7382
57.7382
57.7382
57.7382
57.7382
57.7382
57.7382
57.7382
57.7382
57.7382
57.7382
57.7382
57.7382
57.7382
57.7382
57.7382
57.7382
57.7382
57.7382
57.7382
57.7382
57.7382
57.7382
57.7382
57.7382
57.7382
57.7382
57.7382
57.7382
57.7382
57.7382
57.7382
57.7382
57.7382
57.7382
57.7382
57.7382
57.7382
57.7382
57.7382
57.7382
57.7382
57.7382
57.7382
57.7382
57.7382
57.7382
57.7382
57.7382
57.7382
57.7382
57.7382
57.7382
57.7382
57.7382
57.7382
57.7382
57.7382
57.7382
57.7382
57.7382
57.7382
57.7382
57.7382
57.7382
57.7382
57.7382
57.7382
57.7382
57.7382
57.7382
57.7382
57.7382
57.7382
57.7382
57.7382
57.7382
57.7382
57.7382
57.7382
57.7382
57.7382
57.7382
57.7382
57.7382
57.7382
57.7382
57.7382
57.7382
57.7382
57.7382
57.7382
57.7382
57.7382
57.7382
57.7382
57.7382
57.7382
57.7382
57.7382
57.7382
57.7382
57.7382
57.7382
57.7382
57.7382
57.7382
57.7382
57.7382
57.7382
57.7382
57.7382
57.7382
57.7382
57.7382
57.7382
57.7382
57.7382
57.7382
57.7382
57.7382
57.7382
57.7382
57.7382
57.7382
57.7382
57.7382
57.7382
57.7382
57.7382
57.7382
57.7382
57.7382
57.7382
57.7382
57.7382
57.7382
57.7382
57.7382
57.7382
57.7382
57.7382
57.7382
57.7382
57.7382
57.7382
57.7382
57.7382
57.7382
57.7382
57.7382
57.7382
57.7382
57.7382
57.7382
57.7382
57.7382
57.7382
57.7382
57.7382
57.7382
57.7382
57.7382
57.7382
57.7382
57.7382
57.7382
57.7382
57.7382
57.7382
57.7382
57.7382
57.7382
57.7382
57.7382
57.7382
57.7382
57.7382
57.7382
57.7382
57.7382
57.7382
57.7382
57.7382
57.7382
57.7382
57.7382
57.7382
57.7382
57.7382
57.7382
57.7382
57.7382
57.7382
57.7382
57.7382
57.7382
57.7382
57.7382
57.7382
57.7382
57.7382
57.7382
57.7382
57.7382
57.7382
57.7382
57.7382
57.7382
57.7382
57.7382
57.7382
57.7382
57.7382
57.7382
57.7382
57.7382
57.7382
57.7382
57.7382
57.7382
57.7382
57.7382
57.7382
57.7382
57.7382
57.7382
57.7382
57.7382
57.7382
57.7382
57.7382
57.7382
57.7382
57.7382
57.7382
57.7382
57.7382
57.7382
57.7382
57.7382
57.7382
57.7382
57.7382
57.7382
57.7382
57.7382
57.7382
57.7382
57.7382
57.7382
57.7382
57.7382
57.7382
57.7382
57.7382
57.7382
57.7382
57.7382
57.7382
57.7382
57.7382
57.7382
57.7382
57.7382
57.7382
57.7382
57.7382
57.7382
57.7382
57.7382
57.7382
57.7382
57.7382
57.7382
57.7382
57.7382
57.7382
57.7382
57.7382
57.7382
57.7382
57.7382
57.7382
57.7382
57.7382
57.7382
57.7382
57.7382
57.7382
57.7382
57.7382
57.7382
57.7382
57.7382
57.7382
57.7382
57.7382
57.7382
57.7382
57.7382
57.7382
57.7382
57.7382
57.7382
57.7382
57.7382
57.7382
57.7382
57.7382
57.7382
57.7382
57.7382
57.7382
57.7382
57.7382
57.7382
57.7382
57.7382
57.7382
57.7382
57.7382
57.7382
57.7382
57.7382
57.7382
57.7382
57.7382
57.7382
57.7382
57.7382
57.7382
57.7382
57.7382
57.7382
57.7382
57.7382
57.7382
57.7382
57.7382
57.7382
57.7382
57.7382
57.7382
57.7382
57.7382
57.7382
57.7382
57.7382
57.7382
57.7382
57.7382
57.7382
57.7382
57.7382
57.7382
57.7382
57.7382
57.7382
57.7382
57.7382
57.7382
57.7382
57.7382
57.7382
57.7382
57.7382
57.7382
57.7382
57.7382
57.7382
57.7382
57.7382
57.7382
57.7382
57.7382
57.7382
57.7382
57.7382
57.7382
57.7382
57.7382
57.7382
57.7382
57.7382
57.7382
57.7382
57.7382
57.7382
57.7382
57.7382
57.7382
57.7382
57.7382
57.7382
57.7382
57.7382
57.7382
57.7382
57.7382
57.7382
57.7382
57.7382
57.7382
57.7382
57.7382
57.7382
57.7382
57.7382
57.7382
57.7382
57.7382
57.7382
57.7382
57.7382
57.7382
57.7382
57.7382
57.7382
57.7382
57.7382
57.7382
57.7382
57.7382
57.7382
57.7382
57.7382
57.7382
57.7382
57.7382
57.7382
57.7382
57.7382
57.7382
57.7382
57.7382
57.7382
57.7382
57.7382
57.7382
57.7382
57.7382
57.7382
57.7382
57.7382
57.7382
57.7382
57.7382
57.7382
57.7382
57.7382
57.7382
57.7382
57.7382
57.7382
57.7382
57.7382
57.7382
57.7382
57.7382
57.7382
57.7382
57.7382
57.7382
57.7382
57.7382
57.7382
57.7382
57.7382
57.7382
57.7382
57.7382
57.7382
57.7382
57.7382
57.7382
57.7382
57.7382
57.7382
57.7382
57.7382
57.7382
57.7382
57.7382
57.7382
57.7382
57.7382
57.7382
57.7382
57.7382
57.7382
57.7382
57.7382
57.7382
57.7382
57.7382
57.7382
57.7382
57.7382
57.7382
57.7382
57.7382
57.7382
57.7382
57.7382
57.7382
57.7382
57.7382
57.7382
57.7382
57.7382
57.7382
57.7382
57.7382
57.7382
57.7382
57.7382
57.7382
57.7382
57.7382
57.7382
57.7382
57.7382
57.7382
57.7382
57.7382
57.7382
57.7382
57.7382
57.7382
57.7382
57.7382
57.7382
57.7382
57.7382
57.7382
57.7382
57.7382
57.7382
57.7382
57.7382
57.7382
57.7382
57.7382
57.7382
57.7382
57.7382
57.7382
57.7382
57.7382
57.7382
57.7382
57.7382
57.7382
57.7382
57.7382
57.7382
57.7382
57.7382
57.7382
57.7382
57.7382
57.7382
57.7382
57.7382
57.7382
57.7382
57.7382
57.7382
57.7382
57.7382
57.7382
57.7382
57.7382
57.7382
57.7382
57.7382
57.7382
57.7382
57.7382
57.7382
57.7382
57.7382
57.7382
57.7382
57.7382
57.7382
57.7382
57.7382
57.7382
57.7382
57.7382
57.7382
57.7382
57.7382
57.7382
57.7382
57.7382
57.7382
57.7382
57.7382
57.7382
57.7382
57.7382
57.7382
57.7382
57.7382
57.7382
57.7382
57.7382
57.7382
57.7382
57.7382
57.7382
57.7382
57.7382
57.7382
57.7382
57.7382
57.7382
57.7382
57.7382
57.7382
57.7382
57.7382
57.7382
57.7382
57.7382
57.7382
57.7382
57.7382
57.7382
57.7382
57.7382
57.7382
57.7382
57.7382
57.7382
57.7382
57.7382
57.7382
57.7382
57.7382
57.7382
57.7382
57.7382
57.7382
57.7382
57.7382
57.7382
57.7382
57.7382
57.7382
57.7382
57.7382
57.7382
57.7382
57.7382
57.7382
57.7382
57.7382
57.7382
57.7382
57.7382
57.7382
57.7382
57.7382
57.7382
57.7382
57.7382
57.7382
57.7382
57.7382
57.7382
57.7382
57.7382
57.7382
57.7382
57.7382
57.7382
57.7382
57.7382
57.7382
57.7382
57.7382
57.7382
57.7382
57.7382
57.7382
57.7382
57.7382
57.7382
57.7382
57.7382
57.7382
57.7382
57.7382
57.7382
57.7382
57.7382
57.7382
57.7382
57.7382
57.7382
57.7382
57.7382
57.7382
57.7382
57.7382
57.7382
57.7382
57.7382
57.7382
57.7382
57.7382
57.7382
57.7382
57.7382
57.7382
57.7382
57.7382
57.7382
57.7382
57.7382
57.7382
57.7382
57.7382
57.7382
57.7382
57.7382
57.7382
57.7382
57.7382
57.7382
57.7382
57.7382
57.7382
57.7382
57.7382
57.7382
57.7382
57.7382
57.7382
57.7382
57.7382
57.7382
57.7382
57.7382
57.7382
57.7382
57.7382
57.7382
57.7382
57.7382
57.7382
57.7382
57.7382
57.7382
57.7382
57.7382
57.7382
57.7382
57.7382
57.7382
57.7382
57.7382
57.7382
57.7382
57.7382
57.7382
57.7382
57.7382
57.7382
57.7382
57.7382
57.7382
57.7382
57.7382
57.7382
57.7382
57.7382
57.7382
57.7382
57.7382
57.7382
57.7382
57.7382
57.7382
57.7382
57.7382
57.7382
57.7382
57.7382
57.7382
57.7382
57.7382
57.7382
57.7382
57.7382
57.7382
57.7382
57.7382
57.7382
57.7382
57.7382
57.7382
57.7382
57.7382
57.7382
57.7382
57.7382
57.7382
57.7382
57.7382
57.7382
57.7382
57.7382
57.7382
57.7382
57.7382
57.7382
57.7382
57.7382
57.7382
57.7382
57.7382
57.7382
57.7382
57.7382
57.7382
57.7382
57.7382
57.7382
57.7382
57.7382
57.7382
57.7382
57.7382
57.7382
57.7382
57.7382
57.7382
57.7382
57.7382
57.7382
57.7382
57.7382
57.7382
57.7382
57.7382
57.7382
57.7382
57.7382
57.7382
57.7382
57.7382
57.7382
57.7382
57.7382
57.7382
57.7382
57.7382
57.7382
57.7382
57.7382
57.7382
57.7382
57.7382
57.7382
57.7382
57.7382
57.7382
57.7382
57.7382
57.7382
57.7382
57.7382
57.7382
57.7382
57.7382
57.7382
57.7382
57.7382
57.7382
57.7382
57.7382
57.7382
57.7382
57.7382
57.7382
57.7382
57.7382
57.7382
57.7382
57.7382
57.7382
57.7382
57.7382
57.7382
57.7382
57.7382
57.7382
57.7382
57.7382
57.7382
57.7382
57.7382
57.7382
57.7382
57.7382
57.7382
57.7382
57.7382
57.7382
57.7382
57.7382
57.7382
57.7382
57.7382
57.7382
57.7382
57.7382
57.7382
57.7382
57.7382
57.7382
57.7382
57.7382
57.7382
57.7382
57.7382
57.7382
57.7382
57.7382
57.7382
57.7382
57.7382
57.7382
57.7382
57.7382
57.7382
57.7382
57.7382
57.7382
57.7382
57.7382
57.7382
57.7382
57.7382
57.7382
57.7382
57.7382
57.7382
57.7382
57.7382
57.7382
57.7382
57.7382
57.7382
57.7382
57.7382
57.7382
57.7382
57.7382
57.7382
57.7382
57.7382
57.7382
57.7382
57.7382
57.7382
57.7382
57.7382
57.7382
57.7382
57.7382
57.7382
57.7382
57.7382
57.7382
57.7382
57.7382
57.7382
57.7382
57.7382
57.7382
57.7382
57.7382
57.7382
57.7382
57.7382
57.7382
57.7382
57.7382
57.7382
57.7382
57.7382
57.7382
57.7382
57.7382
57.7382
57.7382
57.7382
57.7382
57.7382
57.7382
57.7382
57.7382
57.7382
57.7382
57.7382
57.7382
57.7382
57.7382
57.7382
57.7382
57.7382
57.7382
57.7382
57.7382
57.7382
57.7382
57.7382
57.7382
57.7382
57.7382
57.7382
57.7382
57.7382
57.7382
57.7382
57.7382
57.7382
57.7382
57.7382
57.7382
57.7382
57.7382
57.7382
57.7382
57.7382
57.7382
57.7382
57.7382
57.7382
57.7382
57.7382
57.7382
57.7382
57.7382
57.7382
57.7382
57.7382
57.7382
57.7382
57.7382
57.7382
57.7382
57.7382
57.7382
57.7382
57.7382
57.7382
57.7382
57.7382
57.7382
57.7382
57.7382
57.7382
57.7382
57.7382
57.7382
57.7382
57.7382
57.7382
57.7382
57.7382
57.7382
57.7382
57.7382
57.7382
57.7382
57.7382
57.7382
57.7382
57.7382
57.7382
57.7382
57.7382
57.7382
57.7382
57.7382
57.7382
57.7382
57.7382
57.7382
57.7382
57.7382
57.7382
57.7382
57.7382
57.7382
57.7382
57.7382
57.7382
57.7382
57.7382
57.7382
57.7382
57.7382
57.7382
57.7382
57.7382
57.7382
57.7382
57.7382
57.7382
57.7382
57.7382
57.7382
57.7382
57.7382
57.7382
57.7382
57.7382
57.7382
57.7382
57.7382
57.7382
57.7382
57.7382
57.7382
57.7382
57.7382
57.7382
57.7382
57.7382
57.7382
57.7382
57.7382
57.7382
57.7382
57.7382
57.7382
57.7382
57.7382
57.7382
57.7382
57.7382
57.7382
57.7382
57.7382
57.7382
57.7382
57.7382
57.7382
57.7382
57.7382
57.7382
57.7382
57.7382
57.7382
57.7382
57.7382
57.7382
57.7382
57.7382
57.7382
57.7382
57.7382
57.7382
57.7382
57.7382
57.7382
57.7382
57.7382
57.7382
57.7382
57.7382
57.7382
57.7382
57.7382
57.7382
57.7382
57.7382
57.7382
57.7382
57.7382
57.7382
57.7382
57.7382
57.7382
57.7382
57.7382
57.7382
57.7382
57.7382
57.7382
57.7382
57.7382
57.7382
57.7382
57.7382
57.7382
57.7382
57.7382
57.7382
57.7382
57.7382
57.7382
57.7382
57.7382
57.7382
57.7382
57.7382
57.7382
57.7382
57.7382
57.7382
57.7382
57.7382
57.7382
57.7382
57.7382
57.7382
57.7382
57.7382
57.7382
57.7382
57.7382
57.7382
57.7382
57.7382
57.7382
57.7382
57.7382
57.7382
57.7382
57.7382
57.7382
57.7382
57.7382
57.7382
57.7382
57.7382
57.7382
57.7382
57.7382
57.7382
57.7382
57.7382
57.7382
57.7382
57.7382
57.7382
57.7382
57.7382
57.7382
57.7382
57.7382
57.7382
57.7382
57.7382
57.7382
57.7382
57.7382
57.7382
57.7382
57.7382
57.7382
57.7382
57.7382
57.7382
57.7382
57.7382
57.7382
57.7382
57.7382
57.7382
57.7382
57.7382
57.7382
57.7382
57.7382
57.7382
57.7382
57.7382
57.7382
57.7382
57.7382
57.7382
57.7382
57.7382
57.7382
57.7382
57.7382
57.7382
57.7382
57.7382
57.7382
57.7382
57.7382
57.7382
57.7382
57.7382
57.7382
57.7382
57.7382
57.7382
57.7382
57.7382
57.7382
57.7382
57.7382
57.7382
57.7382
57.7382
57.7382
57.7382
57.7382
57.7382
57.7382
57.7382
57.7382
57.7382
57.7382
57.7382
57.7382
57.7382
57.7382
57.7382
57.7382
57.7382
57.7382
57.7382
57.7382
57.7382
57.7382
57.7382
57.7382
57.7382
57.7382
57.7382
57.7382
57.7382
57.7382
57.7382
57.7382
57.7382
57.7382
57.7382
57.7382
57.7382
57.7382
57.7382
57.7382
57.7382
57.7382
57.7382
57.7382
57.7382
57.7382
57.7382
57.7382
57.7382
57.7382
57.7382
57.7382
57.7382
57.7382
57.7382
57.7382
57.7382
57.7382
57.7382
57.7382
57.7382
57.7382
57.7382
57.7382
57.7382
57.7382
57.7382
57.7382
57.7382
57.7382
57.7382
57.7382
57.7382
57.7382
57.7382
57.7382
57.7382
57.7382
57.7382
57.7382
57.7382
57.7382
57.7382
57.7382
57.7382
57.7382
57.7382
57.7382
57.7382
57.7382
57.7382
57.7382
57.7382
57.7382
57.7382
57.7382
57.7382
57.7382
57.7382
57.7382
57.7382
57.7382
57.7382
57.7382
57.7382
57.7382
57.7382
57.7382
57.7382
57.7382
57.7382
57.7382
57.7382
57.7382
57.7382
57.7382
57.7382
57.7382
57.7382
57.7382
57.7382
57.7382
57.7382
57.7382
57.7382
57.7382
57.7382
57.7382
57.7382
57.7382
57.7382
57.7382
57.7382
57.7382
57.7382
57.7382
57.7382
57.7382
57.7382
57.7382
57.7382
57.7382
57.7382
57.7382
57.7382
57.7382
57.7382
57.7382
57.7382
57.7382
57.7382
57.7382
57.7382
57.7382
57.7382
57.7382
57.7382
57.7382
57.7382
57.7382
57.7382
57.7382
57.7382
57.7382
57.7382
57.7382
57.7382
57.7382
57.7382
57.7382
57.7382
57.7382
57.7382
57.7382
57.7382
57.7382
57.7382
57.7382
57.7382
57.7382
57.7382
57.7382
57.7382
57.7382
57.7382
57.7382
57.7382
57.7382
57.7382
57.7382
57.7382
57.7382
57.7382
57.7382
57.7382
57.7382
57.7382
57.7382
57.7382
57.7382
57.7382
57.7382
57.7382
57.7382
57.7382
57.7382
57.7382
57.7382
57.7382
57.7382
57.7382
57.7382
57.7382
57.7382
57.7382
57.7382
57.7382
57.7382
57.7382
57.7382
57.7382
57.7382
57.7382
57.7382
57.7382
57.7382
57.7382
57.7382
57.7382
57.7382
57.7382
57.7382
57.7382
57.7382
57.7382
57.7382
57.7382
57.7382
57.7382
57.7382
57.7382
57.7382
57.7382
57.7382
57.7382
57.7382
57.7382
57.7382
57.7382
57.7382
57.7382
57.7382
57.7382
57.7382
57.7382
57.7382
57.7382
57.7382
57.7382
57.7382
57.7382
57.7382
57.7382
57.7382
57.7382
57.7382
57.7382
57.7382
57.7382
57.7382
57.7382
57.7382
57.7382
57.7382
57.7382
57.7382
57.7382
57.7382
57.7382
57.7382
57.7382
57.7382
57.7382
57.7382
57.7382
57.7382
57.7382
57.7382
57.7382
57.7382
57.7382
57.7382
57.7382
57.7382
57.7382
57.7382
57.7382
57.7382
57.7382
57.7382
57.7382
57.7382
57.7382
57.7382
57.7382
57.7382
57.7382
57.7382
57.7382
57.7382
57.7382
57.7382
57.7382
57.7382
57.7382
57.7382
57.7382
57.7382
57.7382
57.7382
57.7382
57.7382
57.7382
57.7382
57.7382
57.7382
57.7382
57.7382
57.7382
57.7382
57.7382
57.7382
57.7382
57.7382
57.7382
57.7382
57.7382
57.7382
57.7382
57.7382
57.7382
57.7382
57.7382
57.7382
57.7382
57.7382
57.7382
57.7382
57.7382
57.7382
57.7382
57.7382
57.7382
57.7382
57.7382
57.7382
57.7382
57.7382
57.7382
57.7382
57.7382
57.7382
57.7382
57.7382
57.7382
57.7382
57.7382
57.7382
57.7382
57.7382
57.7382
57.7382
57.7382
57.7382
57.7382
57.7382
57.7382
57.7382
57.7382
57.7382
57.7382
57.7382
57.7382
57.7382
57.7382
57.7382
57.7382
57.7382
57.7382
57.7382
57.7382
57.7382
57.7382
57.7382
57.7382
57.7382
57.7382
57.7382
57.7382
57.7382
57.7382
57.7382
57.7382
57.7382
57.7382
57.7382
57.7382
57.7382
57.7382
57.7382
57.7382
57.7382
57.7382
57.7382
57.7382
57.7382
57.7382
57.7382
57.7382
57.7382
57.7382
57.7382
57.7382
57.7382
57.7382
57.7382
57.7382
57.7382
57.7382
57.7382
57.7382
57.7382
57.7382
57.7382
57.7382
57.7382
57.7382
57.7382
57.7382
57.7382
57.7382
57.7382
57.7382
57.7382
57.7382
57.7382
57.7382
57.7382
57.7382
57.7382
57.7382
57.7382
57.7382
57.7382
57.7382
57.7382
57.7382
57.7382
57.7382
57.7382
57.7382
57.7382
57.7382
57.7382
57.7382
57.7382
57.7382
57.7382
57.7382
57.7382
57.7382
57.7382
57.7382
57.7382
57.7382
57.7382
57.7382
57.7382
57.7382
57.7382
57.7382
57.7382
57.7382
57.7382
57.7382
57.7382
57.7382
57.7382
57.7382
57.7382
57.7382
57.7382
57.7382
57.7382
57.7382
57.7382
57.7382
57.7382
57.7382
57.7382
57.7382
57.7382
57.7382
57.7382
57.7382
57.7382
57.7382
57.7382
57.7382
57.7382
57.7382
57.7382
57.7382
57.7382
57.7382
57.7382
57.7382
57.7382
57.7382
57.7382
57.7382
57.7382
57.7382
57.7382
57.7382
57.7382
57.7382
57.7382
57.7382
57.7382
57.7382
57.7382
57.7382
57.7382
57.7382
57.7382
57.7382
57.7382
57.7382
57.7382
57.7382
57.7382
57.7382
57.7382
57.7382
57.7382
57.7382
57.7382
57.7382
57.7382
57.7382
57.7382
57.7382
57.7382
57.7382
57.7382
57.7382
57.7382
57.7382
57.7382
57.7382
57.7382
57.7382
57.7382
57.7382
57.7382
57.7382
57.7382
57.7382
57.7382
57.7382
57.7382
57.7382
57.7382
57.7382
57.7382
57.7382
57.7382
57.7382
57.7382
57.7382
57.7382
57.7382
57.7382
57.7382
57.7382
57.7382
57.7382
57.7382
57.7382
57.7382
57.7382
57.7382
57.7382
57.7382
57.7382
57.7382
57.7382
57.7382
57.7382
57.7382
57.7382
57.7382
57.7382
57.7382
57.7382
57.7382
57.7382
57.7382
57.7382
57.7382
57.7382
57.7382
57.7382
57.7382
57.7382
57.7382
57.7382
57.7382
57.7382
57.7382
57.7382
57.7382
57.7382
57.7382
57.7382
57.7382
57.7382
57.7382
57.7382
57.7382
57.7382
57.7382
57.7382
57.7382
57.7382
57.7382
57.7382
57.7382
57.7382
57.7382
57.7382
57.7382
57.7382
57.7382
57.7382
57.7382
57.7382
57.7382
57.7382
57.7382
57.7382
57.7382
57.7382
57.7382
57.7382
57.7382
57.7382
57.7382
57.7382
57.7382
57.7382
57.7382
57.7382
57.7382
57.7382
57.7382
57.7382
57.7382
57.7382
57.7382
57.7382
57.7382
57.7382
57.7382
57.7382
57.7382
57.7382
57.7382
57.7382
57.7382
57.7382
57.7382
57.7382
57.7382
57.7382
57.7382
57.7382
57.7382
57.7382
57.7382
57.7382
57.7382
57.7382
57.7382
57.7382
57.7382
57.7382
57.7382
57.7382
57.7382
57.7382
57.7382
57.7382
57.7382
57.7382
57.7382
57.7382
57.7382
57.7382
57.7382
57.7382
57.7382
57.7382
57.7382
57.7382
57.7382
57.7382
57.7382
57.7382
57.7382
57.7382
57.7382
57.7382
57.7382
57.7382
57.7382
57.7382
57.7382
57.7382
57.7382
57.7382
57.7382
57.7382
57.7382
57.7382
57.7382
57.7382
57.7382
57.7382
57.7382
57.7382
57.7382
57.7382
57.7382
57.7382
57.7382
57.7382
57.7382
57.7382
57.7382
57.7382
57.7382
57.7382
57.7382
57.7382
57.7382
57.7382
57.7382
57.7382
57.7382
57.7382
57.7382
57.7382
57.7382
57.7382
57.7382
57.7382
57.7382
57.7382
57.7382
57.7382
57.7382
57.7382
57.7382
57.7382
57.7382
57.7382
57.7382
57.7382
57.7382
57.7382
57.7382
57.7382
57.7382
57.7382
57.7382
57.7382
57.7382
57.7382
57.7382
57.7382
57.7382
57.7382
57.7382
57.7382
57.7382
57.7382
57.7382
57.7382
57.7382
57.7382
57.7382
57.7382
57.7382
57.7382
57.7382
57.7382
57.7382
57.7382
57.7382
57.7382
57.7382
57.7382
57.7382
57.7382
57.7382
57.7382
57.7382
57.7382
57.7382
57.7382
57.7382
57.7382
57.7382
57.7382
57.7382
57.7382
57.7382
57.7382
57.7382
57.7382
57.7382
57.7382
57.7382
57.7382
57.7382
57.7382
57.7382
57.7382
57.7382
57.7382
57.7382
57.7382
57.7382
57.7382
57.7382
57.7382
57.7382
57.7382
57.7382
57.7382
57.7382
57.7382
57.7382
57.7382
57.7382
57.7382
57.7382
57.7382
57.7382
57.7382
57.7382
57.7382
57.7382
57.7382
57.7382
57.7382
57.7382
57.7382
57.7382
57.7382
57.7382
57.7382
57.7382
57.7382
57.7382
57.7382
57.7382
57.7382
57.7382
57.7382
57.7382
57.7382
57.7382
57.7382
57.7382
57.7382
57.7382
57.7382
57.7382
57.7382
57.7382
57.7382
57.7382
57.7382
57.7382
57.7382
57.7382
57.7382
57.7382
57.7382
57.7382
57.7382
57.7382
57.7382
57.7382
57.7382
57.7382
57.7382
57.7382
57.7382
57.7382
57.7382
57.7382
57.7382
57.7382
57.7382
57.7382
57.7382
57.7382
57.7382
57.7382
57.7382
57.7382
57.7382
57.7382
57.7382
57.7382
57.7382
57.7382
57.7382
57.7382
57.7382
57.7382
57.7382
57.7382
57.7382
57.7382
57.7382
57.7382
57.7382
57.7382
57.7382
57.7382
57.7382
57.7382
57.7382
57.7382
57.7382
57.7382
57.7382
57.7382
57.7382
57.7382
57.7382
57.7382
57.7382
57.7382
57.7382
57.7382
57.7382
57.7382
57.7382
57.7382
57.7382
57.7382
57.7382
57.7382
57.7382
57.7382
57.7382
57.7382
57.7382
57.7382
57.7382
57.7382
57.7382
57.7382
57.7382
57.7382
57.7382
57.7382
57.7382
57.7382
57.7382
57.7382
57.7382
57.7382
57.7382
57.7382
57.7382
57.7382
57.7382
57.7382
57.7382
57.7382
57.7382
57.7382
57.7382
57.7382
57.7382
57.7382
57.7382
57.7382
57.7382
57.7382
57.7382
57.7382
57.7382
57.7382
57.7382
57.7382
57.7382
57.7382
57.7382
57.7382
57.7382
57.7382
57.7382
57.7382
57.7382
57.7382
57.7382
57.7382
57.7382
57.7382
57.7382
57.7382
57.7382
57.7382
57.7382
57.7382
57.7382
57.7382
57.7382
57.7382
57.7382
57.7382
57.7382
57.7382
57.7382
57.7382
57.7382
57.7382
57.7382
57.7382
57.7382
57.7382
57.7382
57.7382
57.7382
57.7382
57.7382
57.7382
57.7382
57.7382
57.7382
57.7382
57.7382
57.7382
57.7382
57.7382
57.7382
57.7382
57.7382
57.7382
57.7382
57.7382
57.7382
57.7382
57.7382
57.7382
57.7382
57.7382
57.7382
57.7382
57.7382
57.7382
57.7382
57.7382
57.7382
57.7382
57.7382
57.7382
57.7382
57.7382
57.7382
57.7382
57.7382
57.7382
57.7382
57.7382
57.7382
57.7382
57.7382
57.7382
57.7382
57.7382
57.7382
57.7382
57.7382
57.7382
57.7382
57.7382
57.7382
57.7382
57.7382
57.7382
57.7382
57.7382
57.7382
57.7382
57.7382
57.7382
57.7382
57.7382
57.7382
57.7382
57.7382
57.7382
57.7382
57.7382
57.7382
57.7382
57.7382
57.7382
57.7382
57.7382
57.7382
57.7382
57.7382
57.7382
57.7382
57.7382
57.7382
57.7382
57.7382
57.7382
57.7382
57.7382
57.7382
57.7382
57.7382
57.7382
57.7382
57.7382
57.7382
57.7382
57.7382
57.7382
57.7382
57.7382
57.7382
57.7382
57.7382
57.7382
57.7382
57.7382
57.7382
57.7382
57.7382
57.7382
57.7382
57.7382
57.7382
57.7382
57.7382
57.7382
57.7382
57.7382
57.7382
57.7382
57.7382
57.7382
57.7382
57.7382
57.7382
57.7382
57.7382
57.7382
57.7382
57.7382
57.7382
57.7382
57.7382
57.7382
57.7382
57.7382
57.7382
57.7382
57.7382
57.7382
57.7382
57.7382
57.7382
57.7382
57.7382
57.7382
57.7382
57.7382
57.7382
57.7382
57.7382
57.7382
57.7382
57.7382
57.7382
57.7382
57.7382
57.7382
57.7382
57.7382
57.7382
57.7382
57.7382
57.7382
57.7382
57.7382
57.7382
57.7382
57.7382
57.7382
57.7382
57.7382
57.7382
57.7382
57.7382
57.7382
57.7382
57.7382
57.7382
57.7382
57.7382
57.7382
57.7382
57.7382
57.7382
57.7382
57.7382
57.7382
57.7382
57.7382
57.7382
57.7382
57.7382
57.7382
57.7382
57.7382
57.7382
57.7382
57.7382
57.7382
57.7382
57.7382
57.7382
57.7382
57.7382
57.7382
57.7382
57.7382
57.7382
57.7382
57.7382
57.7382
57.7382
57.7382
57.7382
57.7382
57.7382
57.7382
57.7382
57.7382
57.7382
57.7382
57.7382
57.7382
57.7382
57.7382
57.7382
57.7382
57.7382
57.7382
57.7382
57.7382
57.7382
57.7382
57.7382
57.7382
57.7382
57.7382
57.7382
57.7382
57.7382
57.7382
57.7382
57.7382
57.7382
57.7382
57.7382
57.7382
57.7382
57.7382
57.7382
57.7382
57.7382
57.7382
57.7382
57.7382
57.7382
57.7382
57.7382
57.7382
57.7382
57.7382
57.7382
57.7382
57.7382
57.7382
57.7382
57.7382
57.7382
57.7382
57.7382
57.7382
57.7382
57.7382
57.7382
57.7382
57.7382
57.7382
57.7382
57.7382
57.7382
57.7382
57.7382
57.7382
57.7382
57.7382
57.7382
57.7382
57.7382
57.7382
57.7382
57.7382
57.7382
57.7382
57.7382
57.7382
57.7382
57.7382
57.7382
57.7382
57.7382
57.7382
57.7382
57.7382
57.7382
57.7382
57.7382
57.7382
57.7382
57.7382
57.7382
57.7382
57.7382
57.7382
57.7382
57.7382
57.7382
57.7382
57.7382
57.7382
57.7382
57.7382
57.7382
57.7382
57.7382
57.8008
57.7382
57.7382
57.7382
57.7382
57.7382
57.7382
57.7382
57.7382
57.7382
57.7382
57.7382
57.7382
57.7382
57.7382
57.7382
57.7382
57.7382
57.7382
57.7382
57.7382
57.7382
57.7382
57.7382
57.7382
57.7382
57.7382
57.7382
57.7382
57.7382
57.7382
57.7382
57.7382
57.7382
57.7382
57.7382
57.7382
57.7382
57.7382
57.7382
57.7382
57.7382
57.7382
57.7382
57.7382
57.7382
57.7382
57.7382
57.7382
57.7382
57.7382
57.7382
57.7382
57.7382
57.7382
57.7382
57.7382
57.7382
57.7382
57.7382
57.7382
57.7382
57.7382
57.7382
57.7382
57.7382
57.7382
57.7382
57.7382
57.7382
57.7382
57.7382
57.7382
57.7382
57.7382
57.7382
57.7382
57.7382
57.7382
57.7382
57.7382
57.7382
57.7382
57.7382
57.7382
57.7382
57.7382
57.7382
57.7382
57.7382
57.7382
57.7382
57.7382
57.7382
57.7382
57.7382
57.7382
57.7382
57.7382
57.7382
57.7382
57.7382
57.7382
57.7382
57.7382
57.7382
57.7382
57.7382
57.7382
57.7382
57.7382
57.7382
57.7382
57.7382
57.7382
57.7382
57.7382
57.7382
57.7382
57.7382
57.7382
57.7382
57.7382
57.7382
57.7382
57.7382
57.7382
57.7382
57.7382
57.7382
57.7382
57.7382
57.7382
57.7382
57.7382
57.7382
57.7382
57.7382
57.7382
57.7382
57.7382
57.7382
57.7382
57.7382
57.7382
57.7382
57.7382
57.7382
57.7382
57.7382
57.7382
57.7382
57.7382
57.7382
57.7382
57.7382
57.7382
57.7382
57.7382
57.7382
57.7382
57.7382
57.7382
57.7382
57.7382
57.7382
57.7382
57.7382
57.7382
57.7382
57.7382
57.7382
57.7382
57.7382
57.7382
57.7382
57.7382
57.7382
57.7382
57.7382
57.7382
57.7382
57.7382
57.7382
57.7382
57.7382
57.7382
57.7382
57.7382
57.7382
57.7382
57.7382
57.7382
57.7382
57.7382
57.7382
57.7382
57.7382
57.7382
57.7382
57.7382
57.7382
57.7382
57.7382
57.7382
57.7382
57.7382
57.7382
57.7382
57.7382
57.7382
57.7382
57.7382
57.7382
57.7382
57.7382
57.7382
57.7382
57.7382
57.7382
57.7382
57.7382
57.7382
57.7382
57.7382
57.7382
57.7382
57.7382
57.7382
57.7382
57.7382
57.7382
57.7382
57.7382
57.7382
57.7382
57.7382
57.7382
57.7382
57.7382
57.7382
57.7382
57.7382
57.7382
57.7382
57.7382
57.7382
57.7382
57.7382
57.7382
57.7382
57.7382
57.7382
57.7382
57.7382
57.7382
57.7382
57.7382
57.7382
57.7382
57.7382
57.7382
57.7382
57.7382
57.7382
57.7382
57.7382
57.7382
57.7382
57.7382
57.7382
57.7382
57.7382
57.7382
57.7382
57.7382
57.7382
57.7382
57.7382
57.7382
57.7382
57.7382
57.7382
57.7382
57.7382
57.7382
57.7382
57.7382
57.7382
57.7382
57.7382
57.7382
57.7382
57.7382
57.7382
57.7382
57.7382
57.7382
57.7382
57.7382
57.7382
57.7382
57.7382
57.7382
57.7382
57.7382
57.7382
57.7382
57.7382
57.7382
57.7382
57.7382
57.7382
57.7382
57.7382
57.7382
57.7382
57.7382
57.7382
57.7382
57.7382
57.7382
57.7382
57.7382
57.7382
57.7382
57.7382
57.7382
57.7382
57.7382
57.7382
57.7382
57.7382
57.7382
57.7382
57.7382
57.7382
57.7382
57.7382
57.7382
57.7382
57.7382
57.7382
57.7382
57.7382
57.7382
57.7382
57.7382
57.7382
57.7382
57.7382
57.7382
57.7382
57.7382
57.7382
57.7382
57.7382
57.7382
57.7382
57.7382
57.7382
57.7382
57.7382
57.7382
57.7382
57.7382
57.7382
57.7382
57.7382
57.7382
57.7382
57.7382
57.7382
57.7382
57.7382
57.7382
57.7382
57.7382
57.7382
57.7382
57.7382
57.7382
57.7382
57.7382
57.7382
57.7382
57.7382
57.7382
57.7382
57.7382
57.7382
57.7382
57.7382
57.7382
57.7382
57.7382
57.7382
57.7382
57.7382
57.7382
57.7382
57.7382
57.7382
57.7382
57.7382
57.7382
57.7382
57.7382
57.7382
57.7382
57.7382
57.7382
57.7382
57.7382
57.7382
57.7382
57.7382
57.7382
57.7382
57.7382
57.7382
57.7382
57.7382
57.7382
57.7382
57.7382
57.7382
57.7382
57.7382
57.7382
57.7382
57.7382
57.7382
57.7382
57.7382
57.7382
57.7382
57.7382
57.7382
57.7382
57.7382
57.7382
57.7382
57.7382
57.7382
57.7382
57.7382
57.7382
57.7382
57.7382
57.7382
57.7382
57.7382
57.7382
57.7382
57.7382
57.7382
57.7382
57.7382
57.7382
57.7382
57.7382
57.7382
57.7382
57.7382
57.7382
57.7382
57.7382
57.7382
57.7382
57.7382
57.7382
57.7382
57.7382
57.7382
57.7382
57.7382
57.7382
57.7382
57.7382
57.7382
57.7382
57.7382
57.7382
57.7382
57.7382
57.7382
57.7382
57.7382
57.7382
57.7382
57.7382
57.7382
57.7382
57.7382
57.7382
57.7382
57.7382
57.7382
57.7382
57.7382
57.7382
57.7382
57.7382
57.7382
57.7382
57.7382
57.7382
57.7382
57.7382
57.7382
57.7382
57.7382
57.7382
57.7382
57.7382
57.7382
57.7382
57.7382
57.7382
57.7382
57.7382
57.7382
57.7382
57.7382
57.7382
57.7382
57.7382
57.7382
57.7382
57.7382
57.7382
57.7382
57.7382
57.7382
57.7382
57.7382
57.7382
57.7382
57.7382
57.7382
57.7382
57.7382
57.7382
57.7382
57.7382
57.7382
57.7382
57.7382
57.7382
57.7382
57.7382
57.7382
57.7382
57.7382
57.7382
57.7382
57.7382
57.7382
57.7382
57.7382
57.7382
57.7382
57.7382
57.7382
57.7382
57.7382
57.7382
57.7382
57.7382
57.7382
57.7382
57.7382
57.7382
57.7382
57.7382
57.7382
57.7382
57.7382
57.7382
57.7382
57.7382
57.7382
57.7382
57.7382
57.7382
57.7382
57.7382
57.7382
57.7382
57.7382
57.7382
57.7382
57.7382
57.7382
57.7382
57.7382
57.7382
57.7382
57.7382
57.7382
57.7382
57.7382
57.7382
57.7382
57.7382
57.7382
57.7382
57.7382
57.7382
57.7382
57.7382
57.7382
57.7382
57.7382
57.7382
57.7382
57.7382
57.7382
57.7382
57.7382
57.7382
57.7382
57.7382
57.7382
57.7382
57.7382
57.7382
57.7382
57.7382
57.7382
57.7382
57.7382
57.7382
57.7382
57.7382
57.7382
57.7382
57.7382
57.7382
57.7382
57.7382
57.7382
57.7382
57.7382
57.7382
57.7382
57.7382
57.7382
57.7382
57.7382
57.7382
57.7382
57.7382
57.7382
57.7382
57.7382
57.7382
57.7382
57.7382
57.7382
57.7382
57.7382
57.7382
57.7382
57.7382
57.7382
57.7382
57.7382
57.7382
57.7382
57.7382
57.7382
57.7382
57.7382
57.7382
57.7382
57.7382
57.7382
57.7382
57.7382
57.7382
57.7382
57.7382
57.7382
57.7382
57.7382
57.7382
57.7382
57.7382
57.7382
57.7382
57.7382
57.7382
57.7382
57.7382
57.7382
57.7382
57.7382
57.7382
57.7382
57.7382
57.7382
57.7382
57.7382
57.7382
57.7382
57.7382
57.7382
57.7382
57.7382
57.7382
57.7382
57.7382
57.7382
57.7382
57.7382
57.7382
57.7382
57.7382
57.7382
57.7382
57.7382
57.7382
57.7382
57.8879
57.7382
57.7382
57.7382
57.7382
57.7382
57.7382
57.7382
57.7382
57.7382
57.7382
57.7382
57.7382
57.7382
57.7382
57.7382
57.7382
57.7382
57.7382
57.7382
57.7382
57.7382
57.7382
57.7382
57.7382
57.7382
57.7382
57.7382
57.7382
57.7382
57.7382
57.7382
57.7382
57.7382
57.7382
57.7382
57.7382
57.7382
57.7382
57.7382
57.7382
57.7382
57.7382
57.7382
57.7382
57.7382
57.7382
57.7382
57.7382
57.7382
57.7382
57.7382
57.7382
57.7382
57.7382
57.7382
57.7382
57.7382
57.7382
57.7382
57.7382
57.7382
57.7382
57.7382
57.7382
57.7382
57.7382
57.7382
57.7382
57.7382
57.7382
57.7382
57.7382
57.7382
57.7382
57.7382
57.7382
57.7382
57.7382
57.7382
57.7382
57.7382
57.7382
57.7382
57.7382
57.7382
57.7382
57.7382
57.7382
57.7382
57.7382
57.7382
57.7382
57.7382
57.7382
57.7382
57.7382
57.7382
57.7382
57.7382
57.7382
57.7382
57.7382
57.7382
57.7382
57.7382
57.7382
57.7382
57.7382
57.7382
57.7382
57.7382
57.7382
57.7382
57.7382
57.7382
57.7382
57.7382
57.7382
57.7382
57.7382
57.7382
57.7382
57.7382
57.7382
57.7382
57.7382
57.7382
57.7382
57.7382
57.7382
57.7382
57.7382
57.7382
57.7382
57.7382
57.7382
57.7382
57.7382
57.7382
57.7382
57.7382
57.7382
57.7382
57.7382
57.7382
57.7382
57.7382
57.7382
57.7382
57.7382
57.7382
57.7382
57.7382
57.7382
57.7382
57.7382
57.7382
57.7382
57.7382
57.7382
57.7382
57.7382
57.7382
57.7382
57.7382
57.7382
57.7382
57.7382
57.7382
57.7382
57.7382
57.7382
57.7382
57.7382
57.7382
57.7382
57.7382
57.7382
57.7382
57.7382
57.7382
57.7382
57.7382
57.7382
57.7382
57.7382
57.7382
57.7382
57.7382
57.7382
57.7382
57.7382
57.7382
57.7382
57.7382
57.7382
57.7382
57.7382
57.7382
57.7382
57.7382
57.7382
57.7382
57.7382
57.7382
57.7382
57.7382
57.7382
57.7382
57.7382
57.7382
57.7382
57.7382
57.7382
57.7382
57.7382
57.7382
57.7382
57.7382
57.7382
57.7382
57.7382
57.7382
57.7382
57.7382
57.7382
57.7382
57.7382
57.7382
57.7382
57.7382
57.7382
57.7382
57.7382
