# best half averages
9.70039
8.82893
8.11559
7.75276
7.24632
6.85633
6.43448
5.99774
5.70109
5.35804
5.02884
4.61744
4.24696
3.98762
3.88941
3.75854
3.40094
3.1655
3.10058
3.01439
2.91682
2.8863
2.85971
2.80448
2.77008
2.64313
2.59173
2.54516
2.53581
2.53172
2.50598
2.47537
2.46844
2.43318
2.41782
2.4127
2.48337
2.50862
2.38116
2.41072
2.37311
2.36897
2.33384
2.29741
2.29722
2.2954
2.28048
2.19513
2.0087
1.9723
1.96439
1.94216
1.94216
1.94216
1.94216
1.94197
1.94093
1.94188
1.93275
1.92769
1.89841
1.79929
1.68846
1.71043
1.7501
1.68218
1.67561
1.72849
1.71434
1.67859
1.67095
1.67095
1.6682
1.66537
1.66035
1.64336
1.57541
1.53383
1.53383
1.53383
1.53383
1.53301
1.53056
1.51752
1.49295
1.49068
1.48209
1.46251
1.40894
1.40682
1.4258
1.41449
1.46695
1.40682
1.40682
1.40624
1.40448
1.39509
1.3775
1.3775
1.3775
1.3775
1.3775
1.3775
1.3775
1.37637
1.36402
1.32132
1.32113
1.32094
1.32094
1.32017
1.31824
1.32748
1.39756
1.2827
1.28269
1.28266
1.28264
1.28229
1.28034
1.27846
1.27284
1.22601
1.18855
1.18855
1.18732
1.18468
1.17715
1.15185
1.12738
1.12738
1.12738
1.12738
1.12738
1.12738
1.12738
1.12738
1.12758
1.12738
1.12738
1.12738
1.12738
1.12719
1.12738
1.12738
1.12738
1.12738
1.12738
1.12738
1.12738
1.12738
1.12738
1.12738
1.12738
1.12738
1.127
1.12719
1.127
1.127
1.12719
1.127
1.12719
1.127
1.12681
1.12662
1.12613
1.12479
1.14021
1.11634
1.11155
1.10286
1.10286
1.10286
1.10286
1.10286
1.10286
1.10286
1.10286
1.10286
1.10286
1.10286
1.10286
1.10286
1.10286
1.10286
1.10286
1.10286
1.10286
1.10286
1.10286
1.10286
1.10286
1.10286
1.10286
1.10286
1.10286
1.10286
1.10286
1.10286
1.10286
1.10286
1.10286
1.10286
1.10286
1.10286
1.10286
1.10286
1.10286
1.10286
1.10286
1.10286
1.10286
1.10286
1.10286
1.10286
1.10286
1.10286
1.10286
1.10286
1.10286
1.10286
1.10286
1.10286
1.10286
1.10286
1.10286
1.10286
1.10286
1.10286
1.10286
1.10286
1.10286
1.10286
1.10286
1.10286
1.10286
1.10286
1.10286
1.10286
1.10286
1.10286
1.10286
1.10286
1.10286
1.10286
1.10286
1.10286
1.10286
1.10286
1.10286
1.10286
1.10286
1.10286
1.10286
1.10286
1.10286
1.10286
1.10286
1.10286
1.10286
1.10286
1.10286
1.10286
1.10286
1.10277
1.10231
1.10064
1.09822
1.09822
1.09822
1.09822
1.09822
1.09822
1.09822
1.09822
1.09822
1.09822
1.09822
1.09822
1.09822
1.09822
1.09822
1.09822
1.09822
1.09822
1.09822
1.09822
1.09822
1.09822
1.09822
1.09822
1.09822
1.09822
1.09822
1.09822
1.09822
1.09822
1.09822
1.09822
1.09822
1.09822
1.09822
1.09822
1.09822
1.09822
1.09822
1.09822
1.09822
1.09822
1.09822
1.09822
1.09822
1.09822
1.09822
1.0976
1.09697
1.09071
1.06693
1.06693
1.06693
1.06693
1.06693
1.06693
1.06693
1.06693
1.06693
1.06693
1.06693
1.06693
1.06693
1.06693
1.06693
1.06693
1.06693
1.06693
1.06693
1.06693
1.06693
1.06693
1.06693
1.06693
1.06693
1.06693
1.06693
1.06693
1.06693
1.06693
1.06693
1.06693
1.06693
1.06693
1.06693
1.06693
1.06693
1.06693
1.06693
1.06693
1.06693
1.06693
1.06693
1.06693
1.06693
1.06693
1.06693
1.06693
1.06693
1.06693
1.06693
1.06693
1.06693
1.06693
1.06693
1.06693
1.06693
1.0657
1.06323
1.06076
1.03975
1.0052
1.0052
1.0052
1.0052
1.0052
1.0052
1.0052
1.0052
1.0052
1.0052
1.0052
1.0052
1.0052
1.0052
1.0052
1.0052
1.0052
1.0052
1.0052
1.0052
1.0052
1.0052
1.0052
1.0052
1.0052
1.0052
1.00514
1.00493
1.00423
1.00251
1.00251
1.00251
1.00251
1.00251
1.00251
1.00251
1.00251
1.00251
1.00251
1.00251
1.00251
1.00251
1.00251
1.00251
1.00251
1.00251
1.00251
1.00251
1.00251
1.00251
1.00251
1.00251
1.00251
1.00251
1.00251
1.00251
1.00251
1.00251
1.00251
1.00251
1.00251
1.00251
1.00251
1.00251
1.00251
1.00251
1.00251
1.00251
1.00251
1.00251
1.00251
1.00251
1.00251
1.00251
1.00251
1.00251
1.00251
1.00251
1.00251
1.00251
1.00251
1.00251
1.00251
1.00251
1.00251
1.00251
1.00251
1.00251
1.00251
1.00251
1.00251
1.00251
1.00251
1.00251
1.00251
1.00251
1.00251
1.00251
1.00251
1.00251
1.00251
1.00251
1.00251
1.00251
1.00251
1.00251
1.00251
1.00251
1.00251
1.00251
1.00251
1.00251
1.00251
1.00251
1.00251
1.00251
1.00251
1.00251
1.00251
1.00251
1.00251
1.00251
1.00251
1.00251
1.00251
1.00251
1.00251
1.00251
1.00251
1.00251
1.00251
1.00251
1.00251
1.00251
1.00251
1.00251
1.00251
1.00251
1.00251
1.00251
1.00251
1.00251
1.00251
1.00251
1.00251
1.00251
1.00251
1.00251
1.00251
1.00251
1.00251
1.00251
1.00251
1.00251
1.00251
1.00251
1.00251
1.00251
1.00251
1.00251
1.00251
1.00251
1.00251
1.00251
1.00251
1.00251
1.00251
1.00251
1.00251
1.00251
1.00251
1.00251
1.00251
1.00251
1.00251
1.00251
1.00251
1.00251
1.00251
1.00251
1.00251
1.00251
1.00251
1.00251
1.00251
1.00251
1.00251
1.00251
1.00251
1.00251
1.00251
1.00251
1.00251
1.00251
1.00251
1.00251
1.00251
1.00251
1.00251
1.00251
1.00251
1.00251
1.00251
1.00251
1.00251
1.00251
1.00251
1.00251
1.00251
1.00251
1.00251
1.00251
1.00251
1.00251
1.00251
1.00251
1.00251
1.00251
1.00251
1.00251
1.00251
1.00549
1.00251
1.00251
1.00251
1.00251
1.00251
1.00251
1.00251
1.00251
1.00251
1.00251
1.00251
1.00251
1.00251
1.00251
1.00251
1.00251
1.00251
1.00251
1.00251
1.00251
1.00251
1.00251
1.00251
1.00251
1.00251
1.00251
1.00251
1.00251
1.00251
1.00251
1.00251
1.00251
1.00251
1.00251
1.00251
1.00251
1.00251
1.00251
1.00251
1.00251
1.00251
1.00251
1.00251
1.00251
1.00251
1.00251
1.00251
1.00251
1.00251
1.00251
1.00251
1.00251
1.00251
1.00251
1.00251
1.00251
1.00251
1.00251
1.00251
1.00251
1.00251
1.00251
1.00251
1.00251
1.05165
1.00251
1.00251
1.00251
1.00251
1.00251
1.00251
1.00251
1.00251
1.00251
1.00251
1.00251
1.00251
1.00251
1.00251
1.00251
1.00269
1.00251
1.00251
1.00251
1.00251
1.00251
1.00251
1.00251
1.00251
1.00251
1.00251
1.00251
1.00251
1.00251
1.00251
1.00251
1.00251
1.00251
1.00251
1.00251
1.00251
1.00251
1.00251
1.00251
1.00251
1.00251
1.00251
1.00251
1.00251
1.00251
1.00251
1.00251
1.00251
1.00251
1.00251
1.00251
1.00251
1.00251
1.00251
1.00251
1.00251
1.00251
1.00251
1.00251
1.00251
1.00251
1.00251
1.00251
1.00251
1.00251
1.00251
1.00251
1.00251
1.00251
1.00251
1.00251
1.00251
1.00251
1.00251
1.00251
1.00251
1.00251
1.00251
1.00251
1.00251
1.00251
1.00251
1.00251
1.00251
1.00251
1.00251
1.00251
1.00251
1.00251
1.00251
1.00251
1.00251
1.00251
1.00251
1.00251
1.00251
1.00251
1.00251
1.00251
1.00251
1.00251
1.00251
1.00251
1.00251
1.00251
1.00251
1.00251
1.00251
1.00251
1.00251
1.00251
1.00251
1.00251
1.00251
1.00251
1.00251
1.00251
1.00251
1.00251
1.00251
1.00251
1.00251
1.00251
1.00251
1.00251
1.00251
1.00251
1.00251
1.00251
1.00251
1.00251
1.00251
1.00251
1.00251
1.00251
1.00251
1.00251
1.00251
1.00251
1.00251
1.00251
1.00251
1.00251
1.00251
1.00251
1.00251
1.00251
1.00251
1.00251
1.00251
1.00251
1.00251
1.00251
1.00251
1.00251
1.00251
1.00251
1.00251
1.00251
1.00251
1.00251
1.00251
1.00251
1.00251
1.00251
1.00251
1.00251
1.00251
1.00251
1.00251
1.00251
1.00251
1.00251
1.00251
1.00251
1.00251
1.00251
1.00251
1.00251
1.00251
1.00251
1.00251
1.00251
1.00251
1.00251
1.00251
1.00251
1.00251
1.00251
1.00251
1.00251
1.00251
1.00251
1.00251
1.00251
1.00251
1.00251
1.00251
1.00251
1.00251
1.00251
1.00251
1.00251
1.00251
1.00251
1.00251
1.00251
1.00251
1.00251
1.00251
1.00251
1.00251
1.00251
1.00251
1.00251
1.00251
1.00251
1.00251
1.00251
1.00251
1.00251
1.00251
1.00251
1.00251
1.00251
1.00251
1.00251
1.00251
1.00251
1.00251
1.00251
1.00251
1.00251
1.00251
1.00251
1.00251
1.00251
1.00251
1.00251
1.00251
1.00251
1.00251
1.00251
1.00251
1.00251
1.00251
1.00251
1.00251
1.00251
1.00251
1.00251
1.00251
1.00251
1.00251
1.00251
1.00251
1.00251
1.00251
1.00251
1.00251
1.00251
1.00251
1.00251
1.00251
1.00251
1.00251
1.00251
1.00251
1.00251
1.00251
1.00251
1.00251
1.00251
1.00251
1.00251
1.00251
1.00251
1.00251
1.00251
1.00251
1.00251
1.00251
1.00251
1.00251
1.00251
1.00251
1.00251
1.00251
1.00251
1.00251
1.00251
1.00251
1.00251
1.00251
1.00251
1.00251
1.00251
1.00251
1.00251
1.00251
1.00251
1.00251
1.00251
1.00251
1.00251
1.00251
1.00251
1.00251
1.00251
1.00251
1.00251
1.00251
1.00251
1.00251
1.00251
1.00251
1.00251
1.00251
1.00251
1.00251
1.00251
1.00251
1.00251
1.00251
1.00251
1.00251
1.00251
1.00251
1.00251
1.00251
1.00251
1.00251
1.00251
1.00251
