# best half averages
9.84538
8.95842
7.82562
7.2202
6.58923
6.13786
5.80354
5.48235
5.03788
4.68954
4.38823
4.29743
4.0184
3.83139
3.62732
3.50566
3.39547
3.24014
3.17245
3.1505
3.1302
3.08228
3.05052
3.04392
3.00925
2.99972
2.99131
2.97278
2.87673
2.89741
2.72899
2.68463
2.64712
2.51139
2.50377
2.4581
2.43316
2.42355
2.41662
2.35766
2.34939
2.35146
2.37336
2.50014
2.41856
2.33769
2.32652
2.31983
2.25623
2.22337
2.16383
2.16348
2.16251
2.19031
2.17731
2.22669
2.11519
2.08759
2.01289
1.873
1.85988
1.8571
1.85645
1.85401
1.8412
1.80864
1.80031
1.80031
1.80006
1.79828
1.78864
1.73706
1.70885
1.69858
1.65236
1.58302
1.58302
1.58273
1.582
1.57533
1.56829
1.56829
1.56829
1.56829
1.56829
1.56829
1.56726
1.56241
1.54298
1.54182
1.54182
1.54151
1.53849
1.5293
1.52217
1.51162
1.49897
1.49426
1.47228
1.3835
1.3835
1.3835
1.3835
1.3835
1.3835
1.3835
1.3835
1.3835
1.3835
1.3835
1.38167
1.37687
1.35625
1.33384
1.33384
1.33384
1.33384
1.33437
1.33356
1.33252
1.33037
1.33037
1.33037
1.49975
1.43598
1.33037
1.33037
1.33037
1.33037
1.33037
1.33037
1.33037
1.33037
1.33037
1.33037
1.33037
1.33037
1.33037
1.33037
1.33037
1.33037
1.33037
1.33037
1.33037
1.33025
1.32977
1.32812
1.32446
1.32446
1.32446
1.32446
1.3227
1.32068
1.31087
1.27208
1.23654
1.23654
1.23654
1.23654
1.23654
1.23654
1.23654
1.23654
1.23654
1.23654
1.23654
1.23654
1.23654
1.23654
1.23585
1.23308
1.22823
1.20765
1.2019
1.2019
1.2019
1.20249
1.2019
1.2019
1.2019
1.2019
1.2019
1.20314
1.2019
1.21025
1.2019
1.31418
1.22025
1.25191
1.2019
1.2019
1.2019
1.2019
1.2019
1.2019
1.2019
1.2019
1.2019
1.2019
1.2019
1.2019
1.2019
1.20071
1.19833
1.19239
1.18052
1.14251
1.14251
1.14251
1.14251
1.14251
1.14251
1.14251
1.14251
1.14251
1.14251
1.14251
1.14251
1.14251
1.14239
1.14138
1.13898
1.1362
1.1362
1.1362
1.1362
1.1362
1.1362
1.1362
1.1362
1.1362
1.1362
1.1362
1.1362
1.1362
1.1362
1.1362
1.1362
1.1362
1.1362
1.1362
1.1362
1.1362
1.1362
1.13618
1.13615
1.13601
1.13553
1.13541
1.13541
1.13541
1.13541
1.13541
1.13541
1.13541
1.13724
1.13541
1.13541
1.13537
1.13541
1.13541
1.13541
1.13541
1.13541
1.13541
1.13541
1.13541
1.13541
1.13541
1.13541
1.13541
1.13541
1.13541
1.13541
1.13541
1.13541
1.13541
1.13534
1.13507
1.13386
1.13204
1.13204
1.13204
1.13204
1.13204
1.13204
1.13204
1.132
1.13175
1.13106
1.13023
1.12985
1.1284
1.11728
1.09876
1.09604
1.09604
1.09604
1.09604
1.09604
1.09604
1.09604
1.09604
1.09604
1.09604
1.09604
1.09604
1.09604
1.09604
1.09604
1.09604
1.09604
1.09604
1.09604
1.09604
1.09604
1.09604
1.09604
1.09604
1.09604
1.09604
1.09604
1.09604
1.09604
1.09604
1.09604
1.09604
1.09604
1.09604
1.09604
1.09604
1.09604
1.09604
1.09604
1.09604
1.09604
1.09604
1.09604
1.09604
1.09604
1.09604
1.09604
1.09604
1.09604
1.09604
1.09604
1.09604
1.09604
1.09604
1.09604
1.09604
1.09604
1.09604
1.09604
1.09604
1.09604
1.09604
1.09604
1.09604
1.09604
1.09604
1.09604
1.09604
1.09604
1.09604
1.09604
1.09604
1.09604
1.09604
1.09604
1.09604
1.09604
1.09604
1.09604
1.09604
1.09604
1.09604
1.09604
1.09604
1.09604
1.09603
1.09587
1.0954
1.09382
1.09007
1.09007
1.09007
1.09007
1.09007
1.09007
1.09007
1.09007
1.09007
1.09007
1.09007
1.09007
1.09007
1.09007
1.09007
1.09007
1.09007
1.09007
1.09007
1.09007
1.09007
1.09007
1.09007
1.09007
1.09007
1.09007
1.09007
1.09007
1.09007
1.09007
1.09007
1.09007
1.09007
1.09007
1.09007
1.09007
1.09007
1.09007
1.09007
1.09007
1.09007
1.09007
1.09007
1.09007
1.09007
1.09007
1.09007
1.09007
1.09007
1.09007
1.09007
1.09007
1.09007
1.09007
1.09007
1.09007
1.09007
1.09007
1.09007
1.09007
1.09007
1.09007
1.09007
1.09007
1.09007
1.09007
1.09007
1.09007
1.09007
1.09007
1.09007
1.09007
1.09007
1.09007
1.09007
1.09007
1.09007
1.09007
1.09007
1.09007
1.09007
1.09007
1.09007
1.09007
1.09007
1.09007
1.09007
1.09007
1.09007
1.09007
1.09007
1.09007
1.09007
1.09007
1.09007
1.09007
1.09007
1.09007
1.09007
1.09007
1.09007
1.09007
1.09007
1.09007
1.09007
1.09007
1.09007
1.09007
1.09007
1.09007
1.09007
1.09007
1.09007
1.09007
1.09007
1.09007
1.09007
1.09007
1.09007
1.09007
1.09007
1.09007
1.09007
1.09007
1.09007
1.09007
1.09007
1.09007
1.09007
1.09007
1.09007
1.09007
1.09007
1.09007
1.09007
1.09007
1.09007
1.09007
1.09007
1.09007
1.09007
1.09007
1.09007
1.09007
1.09007
1.09007
1.09007
1.09007
1.09007
1.09007
1.09007
1.09007
1.09007
1.09007
1.09007
1.09007
1.09007
1.09007
1.09007
1.09007
1.09007
1.09007
1.09007
1.09007
1.09007
1.09007
1.09007
1.09007
1.09007
1.09007
1.09007
1.09007
1.09007
1.09007
1.09007
1.09007
1.09007
1.09007
1.09007
1.09007
1.09007
1.09007
1.09007
1.09007
1.09007
1.09007
1.09007
1.09007
1.09007
1.09007
1.09007
1.09007
1.09007
1.09007
1.09007
1.09007
1.09007
1.09007
1.09007
1.09007
1.09007
1.09007
1.09007
1.09007
1.09007
1.09007
1.09007
1.09007
1.09007
1.09007
1.09007
1.09007
1.09007
1.09007
1.09007
1.09007
1.09007
1.09007
1.09007
1.09007
1.09007
1.09007
1.09007
1.09007
1.09007
1.09007
1.09007
1.09007
1.09007
1.09007
1.09007
1.09007
1.09007
1.09007
1.09007
1.09007
1.09007
1.09007
1.09007
1.09007
1.09007
1.09007
1.09007
1.09007
1.09007
1.09007
1.09007
1.09007
1.09007
1.09007
1.09007
1.09007
1.09007
1.09007
1.09007
1.09007
1.09007
1.09007
1.09007
1.09007
1.09007
1.09007
1.09007
1.09007
1.09007
1.09007
1.09007
1.09007
1.09007
1.09007
1.09007
1.09007
1.09007
1.09007
1.09007
1.09007
1.09007
1.09007
1.09007
1.09007
1.09007
1.09007
1.09007
1.09007
1.09007
1.09007
1.09007
1.09007
1.09007
1.09007
1.09007
1.09007
1.09007
1.09007
1.09007
1.09007
1.09007
1.09007
1.09007
1.09007
1.09007
1.09007
1.09007
1.09007
1.09007
1.09007
1.09007
1.09007
1.09007
1.09007
1.09007
1.09007
1.09007
1.09007
1.09007
1.09007
1.09007
1.09007
1.09007
1.09007
1.09007
1.09007
1.09007
1.09007
1.09007
1.09007
1.09007
1.09007
1.09007
1.09007
1.09007
1.09007
1.09007
1.09007
1.09007
1.09007
1.09007
1.09007
1.09007
1.09007
1.09007
1.09007
1.09007
1.09007
1.09007
1.09007
1.09007
1.09007
1.09007
1.09007
1.09007
1.09007
1.09007
1.09007
1.09007
1.09007
1.09007
1.09007
1.09007
1.09007
1.09007
1.09007
1.09007
1.09007
1.09007
1.09007
1.09007
1.09007
1.09007
1.09007
1.09007
1.09007
1.09007
1.09007
1.09007
1.09007
1.09007
1.09007
1.09007
1.09007
1.09007
1.09007
1.09007
1.09007
1.09007
1.09007
1.09007
1.09007
1.09007
1.09007
1.09007
1.09007
1.09007
1.09007
1.09007
1.09007
1.09007
1.09007
1.09007
1.09007
1.09007
1.09007
1.09007
1.09007
1.09007
1.09007
1.09007
1.09007
1.09007
1.09007
1.09007
1.09007
1.09007
1.09007
1.09007
1.09007
1.09007
1.09007
1.09007
1.09007
1.09007
1.09007
1.09007
1.09007
1.09007
1.09007
1.09007
1.09007
1.09007
1.09007
1.09007
1.09007
1.09007
1.09007
1.09007
1.09007
1.09007
1.09007
1.09007
1.09007
1.09007
1.09007
1.09007
1.09007
1.09007
1.09007
1.09007
1.09007
1.09007
1.09007
1.09007
1.09007
1.09007
1.09007
1.09007
1.09007
1.09007
1.09007
1.09007
1.09007
1.09007
1.09007
1.09007
1.09007
1.09007
1.09007
1.09007
1.09007
1.09007
1.09007
1.09007
1.09007
1.09007
1.09007
1.09007
1.09007
1.09007
1.09007
1.09007
1.09007
1.09007
1.09007
1.09007
1.09007
1.09007
1.09007
1.09007
1.09007
1.09007
1.09007
1.09007
1.09007
1.09007
1.09007
1.09007
1.09007
1.09007
1.09007
1.09007
1.09007
1.09007
1.09007
1.09007
1.09007
1.09007
1.09007
1.09007
1.09007
1.09007
1.09007
1.09007
1.09007
1.09007
1.09007
1.09007
1.09007
1.09007
1.09007
1.09007
1.09007
1.09007
1.09007
1.09007
1.09007
1.09007
1.09007
1.09007
1.09007
1.09007
1.09007
1.09007
1.09007
1.09007
1.09007
1.09007
1.09007
1.09007
1.09007
1.09007
1.09007
1.09007
1.09007
1.09007
1.09007
1.09007
1.09007
1.09007
1.09007
1.09007
1.09007
1.09007
1.09007
1.09007
1.09007
1.09007
1.09007
1.09007
1.09007
1.09007
1.09007
1.09007
1.09007
1.09007
1.09007
1.09007
1.09007
1.09007
1.09007
1.09007
1.09007
1.09007
1.09007
1.09007
1.09007
1.09007
1.09007
1.09007
1.09007
1.09007
1.09007
1.09007
1.09007
1.09007
1.09007
1.09007
1.09007
1.09007
1.09007
1.09007
1.09007
1.09007
1.09007
1.09007
1.09007
1.09007
1.09007
1.09007
1.09007
1.09007
1.09007
1.09007
1.09007
1.09007
1.09007
1.09007
1.09007
1.09007
1.09007
1.09007
1.09007
1.09007
1.09007
1.09007
1.09007
1.09007
1.09007
