# best half averages
9.61702
8.52694
7.88598
7.34649
6.97548
6.24748
5.62135
4.98822
4.7285
4.38873
4.22075
4.10923
4.00378
3.87803
3.85386
3.81122
3.68639
3.55945
3.3236
3.16268
3.16618
3.13842
3.08289
3.05111
2.94335
2.79305
2.70415
2.69994
2.69765
2.68701
2.65792
2.63377
2.51063
2.38583
2.36249
2.28298
2.21585
2.13132
2.05938
2.05938
2.05938
2.05938
2.05938
2.05938
2.05938
2.05938
2.05938
2.05938
2.05938
2.05938
2.05938
2.05938
2.05938
2.05938
2.05938
2.05938
2.05938
2.05938
2.05938
2.05938
2.05938
2.05938
2.05938
2.05938
2.05925
2.0573
2.04948
2.02379
1.97842
1.92835
1.88461
1.86686
1.858
1.83931
1.83931
1.83931
1.83931
1.83931
1.83931
1.84135
1.83931
1.83931
1.83931
1.83931
1.83931
1.83931
1.83931
1.8392
1.83909
1.83876
1.83688
1.83379
1.83379
1.83379
1.83379
1.83379
1.83294
1.83209
1.82442
1.79593
1.78661
1.75963
1.7026
1.56129
1.5591
1.55499
1.55487
1.55476
1.59913
1.55385
1.59924
1.58424
1.54248
1.54248
1.54248
1.54248
1.54248
1.54248
1.54248
1.54212
1.54141
1.53855
1.52571
1.52464
1.52464
1.52464
1.52456
1.52449
1.52456
1.52464
1.52464
1.52464
1.52464
1.52464
1.52464
1.52464
1.52464
1.52464
1.52464
1.52464
1.52464
1.52401
1.52401
1.52464
1.52456
1.52464
1.52464
1.52464
1.52464
1.52464
1.52464
1.52464
1.52464
1.52464
1.52456
1.52464
1.52464
1.52464
1.52456
1.52464
1.52464
1.52464
1.52464
1.52464
1.52464
1.52464
1.52464
1.52464
1.52464
1.52464
1.52456
1.52449
1.52456
1.52456
1.52456
1.52464
1.52464
1.52464
1.52464
1.52464
1.52464
1.52464
1.52464
1.52464
1.52464
1.52464
1.52464
1.52464
1.52464
1.52464
1.52464
1.52464
1.52393
1.5233
1.53427
1.61457
1.52952
1.49317
1.49317
1.49317
1.49317
1.49317
1.49317
1.49317
1.49317
1.49317
1.49317
1.49317
1.49317
1.49317
1.49317
1.50873
1.49755
1.49317
1.49317
1.49317
1.49317
1.49317
1.49317
1.49317
1.49317
1.49317
1.49317
1.49269
1.49016
1.47788
1.44933
1.42931
1.41379
1.41379
1.41379
1.41379
1.41379
1.41379
1.41379
1.41379
1.41379
1.41379
1.41379
1.41379
1.41379
1.41379
1.41379
1.41379
1.41379
1.41379
1.41379
1.41379
1.41379
1.41379
1.41379
1.41379
1.41379
1.41379
1.41379
1.41379
1.41379
1.41379
1.41379
1.41379
1.41379
1.41379
1.41379
1.41379
1.41379
1.41379
1.41379
1.41379
1.41379
1.41379
1.41379
1.41379
1.41379
1.41379
1.41376
1.41354
1.4128
1.41202
1.41202
1.41202
1.41202
1.41202
1.41202
1.41202
1.41202
1.41202
1.41202
1.41202
1.41202
1.41202
1.41202
1.41202
1.41202
1.41202
1.41202
1.41202
1.41202
1.41202
1.41202
1.41202
1.41202
1.41202
1.41202
1.41202
1.41202
1.41202
1.41539
1.44084
1.41202
1.41202
1.41202
1.41202
1.41202
1.41202
1.41202
1.41202
1.41125
1.4097
1.40507
1.38234
1.37152
1.36028
1.32656
1.27973
1.27973
1.27973
1.27973
1.27973
1.27973
1.27973
1.27973
1.27953
1.27934
1.27798
1.2731
1.26904
1.26432
1.26055
1.23356
1.2228
1.2228
1.22042
1.2228
1.2228
1.2228
1.2228
1.2228
1.2228
1.2228
1.2228
1.2228
1.2228
1.2228
1.2228
1.2228
1.2228
1.2228
1.2228
1.2228
1.2228
1.2228
1.2228
1.2228
1.2228
1.2228
1.2228
1.2228
1.22042
1.2228
1.2228
1.2228
1.2228
1.2228
1.2228
1.2228
1.2228
1.2228
1.2228
1.22267
1.22204
1.22051
1.21626
1.20273
1.19024
1.19008
1.19008
1.19008
1.19008
1.19008
1.19008
1.19008
1.19008
1.19008
1.19008
1.19008
1.19008
1.18957
1.18804
1.18449
1.17102
1.15946
1.12551
1.10294
1.10294
1.10294
1.10294
1.10294
1.10294
1.10294
1.10294
1.10294
1.10294
1.10294
1.10294
1.10294
1.10294
1.10294
1.10294
1.10294
1.10294
1.10294
1.10294
1.10294
1.10294
1.10294
1.10294
1.10294
1.10294
1.10294
1.10294
1.10294
1.10294
1.10294
1.10294
1.10294
1.10294
1.10294
1.10294
1.10294
1.10294
1.10294
1.10294
1.10294
1.10294
1.10294
1.10294
1.10294
1.10294
1.10294
1.10294
1.10294
1.10294
1.10294
1.10294
1.10294
1.10294
1.10294
1.10294
1.10294
1.10294
1.10294
1.10294
1.10294
1.10294
1.10294
1.1029
1.10257
1.10145
1.1006
1.1006
1.1006
1.1006
1.1006
1.1006
1.1006
1.1006
1.1006
1.1006
1.1006
1.1006
1.1006
1.1006
1.1006
1.1006
1.1006
1.1006
1.1006
1.1006
1.1006
1.1006
1.1006
1.1006
1.1006
1.1006
1.1006
1.1006
1.1006
1.1006
1.1006
1.1006
1.1006
1.1006
1.1006
1.1006
1.1006
1.1006
1.1006
1.1006
1.1006
1.1006
1.1006
1.1006
1.1006
1.1006
1.1006
1.1006
1.1006
1.1006
1.1006
1.1006
1.1006
1.1006
1.1006
1.1006
1.1006
1.1006
1.1006
1.1006
1.1006
1.1006
1.1006
1.1006
1.1006
1.1006
1.1006
1.1006
1.1006
1.1006
1.1006
1.1006
1.1006
1.1006
1.1006
1.1006
1.1006
1.1006
1.1006
1.1006
1.1006
1.1006
1.1006
1.1006
1.1006
1.1006
1.1006
1.1006
1.1006
1.1006
1.1006
1.1006
1.1006
1.1006
1.1006
1.1006
1.1006
1.1006
1.1006
1.1006
1.1006
1.1006
1.1006
1.1006
1.1006
1.1006
1.1006
1.1006
1.1006
1.1006
1.1006
1.1006
1.1006
1.1006
1.1006
1.1006
1.1006
1.1006
1.1006
1.1006
1.1006
1.1006
1.1006
1.1006
1.1006
1.1006
1.1006
1.1006
1.1006
1.1006
1.1006
1.1006
1.1006
1.1006
1.1006
1.1006
1.1006
1.1006
1.1006
1.1006
1.1006
1.1006
1.1006
1.1006
1.1006
1.1006
1.1006
1.1006
1.1006
1.1006
1.1006
1.1006
1.1006
1.1006
1.1006
1.1006
1.1006
1.1006
1.1006
1.1006
1.1006
1.1006
1.1006
1.1006
1.1006
1.1006
1.1006
1.1006
1.1006
1.1006
1.1006
1.1006
1.1006
1.1006
1.1006
1.1006
1.1006
1.1006
1.1006
1.1006
1.1006
1.1006
1.1006
1.1006
1.1006
1.1006
1.1006
1.1006
1.1006
1.1006
1.1006
1.1006
1.1006
1.1006
1.1006
1.1006
1.1006
1.1006
1.1006
1.1006
1.1006
1.1006
1.1006
1.1006
1.1006
1.1006
1.1006
1.1006
1.1006
1.1006
1.1006
1.1006
1.1006
1.1006
1.1006
1.1006
1.1006
1.1006
1.1006
1.1006
1.1006
1.1006
1.1006
1.1006
1.1006
1.1006
1.1006
1.1006
1.1006
1.1006
1.1006
1.1006
1.1006
1.1006
1.1006
1.1006
1.1006
1.1006
1.1006
1.1006
1.1006
1.1006
1.1006
1.1006
1.1006
1.1006
1.1006
1.1006
1.1006
1.1006
1.1006
1.1006
1.1006
1.1006
1.1006
1.1006
1.1006
1.1006
1.1006
1.1006
1.1006
1.1006
1.1006
1.1006
1.1006
1.1006
1.1006
1.1006
1.1006
1.1006
1.1006
1.1006
1.1006
1.1006
1.1006
1.1006
1.1006
1.1006
1.1006
1.1006
1.1006
1.1006
1.1006
1.1006
1.1006
1.1006
1.1006
1.1006
1.1006
1.1006
1.1006
1.1006
1.1006
1.1006
1.1006
1.1006
1.1006
1.1006
1.1006
1.1006
1.1006
1.1006
1.1006
1.1006
1.1006
1.1006
1.1006
1.1006
1.1006
1.1006
1.1006
1.1006
1.1006
1.1006
1.1006
1.1006
1.1006
1.1006
1.1006
1.1006
1.1006
1.1006
1.1006
1.1006
1.1006
1.1006
1.1006
1.1006
1.1006
1.1006
1.1006
1.1006
1.1006
1.1006
1.1006
1.1006
1.1006
1.1006
1.1006
1.1006
1.1006
1.1006
1.1006
1.1006
1.1006
1.1006
1.1006
1.1006
1.1006
1.1006
1.1006
1.1006
1.1006
1.1006
1.1006
1.1006
1.1006
1.1006
1.1006
1.1006
1.1006
1.1006
1.1006
1.1006
1.1006
1.1006
1.1006
1.1006
1.1006
1.1006
1.1006
1.1006
1.1006
1.1006
1.1006
1.1006
1.1006
1.1006
1.1006
1.1006
1.1006
1.1006
1.1006
1.1006
1.1006
1.1006
1.1006
1.1006
1.1006
1.1006
1.1006
1.1006
1.1006
1.1006
1.1006
1.1006
1.1006
1.1006
1.1006
1.1006
1.1006
1.1006
1.1006
1.1006
1.1006
1.1006
1.1006
1.1006
1.1006
1.10058
1.10048
1.10015
1.09974
1.09974
1.09974
1.09974
1.09974
1.09974
1.09974
1.09974
1.09974
1.09974
1.09974
1.09974
1.09974
1.09974
1.09974
1.09974
1.09974
1.09974
1.09974
1.09974
1.09974
1.09974
1.09974
1.09974
1.09974
1.09974
1.09974
1.09974
1.09974
1.09974
1.09929
1.09957
1.09888
1.09594
1.09111
1.09111
1.09111
1.09111
1.09111
1.09111
1.09111
1.09111
1.09111
1.09111
1.09111
1.09111
1.09111
1.09111
1.09111
1.09111
1.09111
1.09111
1.09111
1.09111
1.09111
1.09111
1.09111
1.09111
1.09111
1.09111
1.09111
1.09111
1.09111
1.09111
1.09111
1.09111
1.09111
1.09111
1.09111
1.09111
1.09111
1.09111
1.09111
1.09111
1.09111
1.09111
1.09111
1.09111
1.09111
1.09111
1.09111
1.09111
1.09111
1.09111
1.09111
1.09111
1.09111
1.09111
1.09111
1.09111
1.09082
1.08995
1.08621
1.07671
1.07671
1.07671
1.07671
1.07671
1.07671
1.07671
1.07671
1.07671
1.07671
1.07671
1.07671
1.07671
1.07671
1.07671
1.07671
1.07671
1.07671
1.07671
1.07671
1.07671
1.07671
1.07671
1.07671
1.07671
1.07671
1.07671
