# best half averages
2593.42
2416.14
2291.79
2202.19
2097.93
1934.25
1836.23
1777.77
1757.04
1706.73
1647.77
1596.25
1538.02
1465.47
1466.6
1413.39
1361.15
1316.06
1277.24
1206.73
1170.61
1108.54
1092.01
1072.95
1061.02
1023.96
999.954
966.493
948.849
933.286
919.99
895.67
858.597
824.898
799.396
784.823
761.563
753.079
748.163
738.278
717.388
683.719
674.331
669.275
656.598
648.513
635.453
618.873
602.242
593.923
589.83
580.256
570.949
566.595
558.942
549.913
531.992
531.414
526.862
534.643
519.138
511.958
511.755
499.524
490.49
480.321
470.697
462.56
456.805
447.349
442.109
438.619
425.708
421.053
413.723
399.363
394.181
389.477
381.304
380.156
378.947
378.294
370.326
367.878
365.836
365.75
365.062
361.664
361.291
364.874
364.465
368.737
365.949
362.297
353.853
348.529
347.918
339.169
329.339
329.863
322.943
322.798
321.313
319.586
318.739
318.418
318.952
318.734
315.604
314.847
314.722
314.104
310.105
308.534
306.315
292.212
289.805
289.64
288.809
288.644
288.575
288.548
288.14
287.506
287.581
287.383
308.709
285.722
288.162
278.592
275.69
275.452
278.735
282.09
274.424
271.55
268.699
271.02
268.296
250.785
236.954
232.844
227.639
223.723
219.642
215.964
207.448
205.763
204.127
201.134
200.298
199.808
197.267
195.279
195.279
195.279
195.279
195.279
195.043
194.019
189.937
185.554
184.364
184.319
184.235
183.975
182.868
180.271
173.677
172.698
172.068
170.952
170.606
170.598
170.469
170.18
168.966
167.353
166.34
166.34
166.213
165.916
164.309
162.475
160.307
158.769
158.662
158.282
157.214
156.778
156.765
156.732
156.154
155.596
155.943
151.492
150.721
149.32
148.879
148.389
147.925
146.71
146.289
145.596
146.085
144.706
144.276
141.934
141.748
141.748
141.738
141.578
140.956
138.667
137.427
144.176
137.427
137.503
143.944
137.423
137.414
137.401
137.559
137.199
137.186
137.083
137.04
137.006
136.874
137.037
136.901
136.992
136.841
136.69
137.436
135.821
134.99
128.731
127.469
127.066
126.182
126.182
125.972
125.294
124.631
124.487
124.069
123.964
123.659
123.169
123.169
123.169
123.169
123.169
123.021
122.73
121.893
121.672
121.639
121.344
120.302
120.035
119.914
119.389
118.89
118.202
117.73
116.549
116.549
116.549
116.479
116.409
116.479
116.549
116.549
116.549
116.539
116.511
116.35
116.076
116.076
116.076
116.076
116.076
116.076
116.076
115.834
115.49
113.742
112.998
112.852
112.846
112.675
112.146
110.22
110.22
110.158
110.014
109.194
109.194
109.028
108.76
107.463
107.108
107.122
107.122
107.107
107.078
106.622
105.566
104.437
104.421
104.326
104.269
104.037
103.66
102.836
102.357
101.99
101.545
101.291
101.081
100.475
100.347
100.038
99.6768
99.1787
99.1786
99.1786
99.1786
99.1786
99.1786
99.1786
99.1786
99.1711
99.1786
99.1481
99.1671
99.059
98.6321
98.5153
97.7761
97.7366
97.6464
97.2719
96.5383
94.9808
94.9808
94.9719
94.9317
94.711
94.4556
93.9886
93.6011
92.6086
92.5907
92.5215
92.4444
92.3816
92.1038
91.8857
91.8757
91.8395
91.679
91.5263
91.5061
91.3512
91.046
90.482
90.3844
90.0432
89.5531
89.5531
89.5531
89.5531
89.5531
89.537
89.5209
89.514
89.4518
91.2291
89.0728
88.7825
90.7693
88.5017
88.3057
87.6975
87.5775
87.5152
87.3637
86.967
86.5606
86.5606
86.5606
86.5606
86.5606
86.5432
86.4996
86.3306
86.3062
86.1438
85.6475
85.0745
85.0745
85.0745
85.0745
85.0392
85.0126
84.8089
84.6231
84.6141
84.4962
84.1539
84.1039
83.92
83.8837
83.6752
83.4757
83.4757
83.4757
83.4757
83.4757
83.4757
83.4757
83.4757
83.4757
83.4757
83.4757
83.4757
83.4757
83.4675
83.4592
83.415
83.3293
83.242
83.1899
83.0689
82.9678
82.638
82.638
82.638
82.638
82.638
82.638
82.638
82.638
82.638
82.638
82.638
82.638
82.574
82.5065
82.3425
81.8516
81.8432
81.8181
81.8181
81.8181
81.814
81.8017
81.7553
81.8901
81.4867
81.1919
80.4617
80.3633
80.3295
80.2069
80.1688
80.1688
80.1688
80.1688
80.1688
80.1688
80.1688
80.1688
80.1612
80.1308
80.0849
79.9058
79.7023
79.5925
79.5631
79.4933
79.4088
79.4088
79.3642
79.3725
79.2609
79.0857
78.7914
78.6088
78.4719
78.4719
78.4719
78.4719
78.4719
78.4719
78.4719
78.4719
78.4719
78.4719
78.4485
78.4251
78.322
77.9238
77.1579
77.0145
77.0145
77.0145
77.0145
77.0145
77.0145
77.0145
77.0145
77.0145
77.0145
77.0145
77.0145
77.0145
77.0145
77.0145
77.0145
77.0145
77.0145
77.0145
77.0145
77.0145
77.0145
77.0145
77.0145
77.0145
77.0062
76.9727
76.8387
76.5958
76.5958
76.5958
76.5958
76.5958
76.5958
76.5958
76.5958
76.5756
76.5148
76.3122
75.6745
75.5827
75.5827
75.5827
75.5827
75.5827
75.5827
75.5827
75.5827
75.5827
75.5827
75.5827
75.5827
75.5827
75.5827
75.5827
75.5827
75.5827
75.5827
75.5827
75.571
75.5827
75.5827
75.5827
75.5827
75.5827
75.5592
75.5592
75.9797
75.5827
75.571
75.5827
75.5592
75.5475
79.4256
75.5357
75.5357
75.5475
75.524
75.4389
83.1107
74.9958
74.9958
74.9958
74.9958
74.9958
74.9958
74.9958
74.9954
74.9946
74.9809
74.9522
74.8234
74.5071
74.3899
74.3899
74.3899
74.3899
74.3899
74.3899
74.3412
74.2159
74.042
74.042
74.042
74.042
74.042
74.042
74.042
74.042
74.042
74.042
74.042
74.042
74.042
74.042
74.042
74.042
74.042
74.042
74.042
74.042
74.042
74.042
74.042
74.042
74.0362
74.0304
74.0131
73.9784
73.8744
73.753
73.7374
73.7296
73.6593
73.5577
73.5577
73.5577
73.5577
73.5577
73.5577
73.5577
73.5577
73.5577
73.5577
73.5577
73.5577
73.5577
73.5577
73.5577
73.5577
73.5577
73.5577
73.5577
73.5577
73.5577
73.5577
73.5577
73.5577
73.5577
73.5577
73.5577
73.5495
73.5495
73.5455
73.5332
78.1118
73.5132
73.3534
73.3534
73.3534
73.3534
73.3534
73.3534
73.3342
73.2894
73.0911
73.0336
73.0336
73.0336
73.0336
73.0336
73.0336
73.0336
73.0336
73.0336
73.0336
73.0336
73.0336
73.0336
73.0336
73.0336
73.0336
73.0336
73.0336
73.0336
73.0336
73.0336
73.0336
73.0336
73.0336
73.0336
73.0336
73.0336
73.0336
73.0336
73.0336
73.0336
73.0336
73.0336
73.0336
73.0336
73.0176
72.976
72.8569
72.8069
72.7069
72.7069
72.7069
72.7069
72.7069
72.7069
72.7069
72.7069
72.7069
72.7069
72.7069
72.7069
72.7069
72.7069
72.7069
72.7069
72.7069
72.7069
72.7069
72.7069
72.7069
72.7069
72.7069
72.7068
72.7063
72.7057
72.6893
72.6868
72.6102
72.342
72.0044
72.0044
72.0044
72.0044
72.0044
72.0044
72.0044
72.0044
72.0044
72.0044
72.0044
72.0044
72.0044
72.0044
72.0044
72.0044
71.9835
71.9
71.6566
71.6566
71.6539
71.6446
71.6234
71.6234
71.6234
71.6234
71.6234
71.6234
71.6234
71.6234
71.6234
71.6234
71.6234
71.6234
71.6234
71.6234
71.6234
71.6234
71.6234
71.6234
71.6234
71.6234
71.6234
71.6234
71.6234
71.6234
71.6234
71.6234
71.6234
71.6234
71.6234
71.6234
71.6234
71.6234
71.6234
71.6234
71.6067
71.5899
71.4727
71.2047
71.2047
71.2047
71.2047
71.2047
71.2047
71.2047
71.2047
71.2047
71.2047
71.2047
71.2047
71.2047
71.2047
71.2047
71.1919
71.1643
71.0982
71.0982
71.0982
71.0982
71.0982
71.0982
71.0982
71.0982
71.0982
71.0982
71.0982
71.0982
71.0982
71.0982
71.0982
71.0982
71.0982
71.0982
71.0982
71.0982
71.0982
71.0982
71.0982
71.0982
71.0982
71.0982
71.0982
71.0982
71.0982
71.0982
71.094
71.0954
71.0912
71.176
71.0613
71.0273
71.0273
71.0273
71.0273
71.0273
71.0273
71.0273
71.0273
71.0273
71.0273
71.0273
71.0273
71.0273
71.0273
71.0273
71.0273
71.0273
71.0273
71.0273
71.0273
71.0273
71.0273
71.0273
71.0273
71.0273
71.0273
71.0273
71.0273
71.0273
71.0148
71.0076
71.4943
73.258
70.8424
70.7164
70.7164
70.7164
70.7164
70.7164
70.7164
70.7164
70.7164
70.7164
70.6923
70.6561
71.4021
70.4149
70.4149
70.4149
70.4149
70.4149
70.4149
70.4149
70.4149
70.4149
70.4149
70.4149
70.4149
70.4149
70.4149
70.4149
70.4096
70.4028
70.3769
70.3769
70.3769
70.3769
70.3769
70.3769
70.3769
70.3769
70.3769
70.3769
70.3769
70.3769
70.3769
70.3769
70.3769
70.3769
70.3769
70.3769
70.3769
70.3769
70.3769
70.3769
70.3769
70.3769
70.3769
70.3769
70.3769
70.3769
70.3769
70.3769
70.3769
70.3769
70.3769
70.3769
70.3769
70.3769
70.3769
70.3769
70.3769
70.3769
70.3769
70.3769
70.3769
70.3769
70.3769
70.3769
70.3769
70.3769
70.3769
70.3769
70.3769
70.3769
70.3769
70.3769
70.3769
70.3769
70.3715
70.3608
70.3126
70.2431
70.2431
70.2431
70.2431
70.2431
70.2431
70.2431
70.2431
70.2431
70.2431
70.2431
70.2431
70.2431
70.2431
70.2431
70.2431
70.2431
70.2431
70.2431
70.2431
70.2431
70.2431
70.2431
70.2431
70.2431
70.2431
70.2431
70.2431
70.2431
70.2431
70.2431
70.2431
70.2431
70.2431
70.2431
70.2431
70.2431
70.2431
70.2431
70.2431
70.2431
70.2431
70.2431
70.2431
70.2431
70.2431
70.2431
70.2431
70.2431
70.2431
70.2431
70.2431
70.2431
70.2431
70.2431
70.2431
70.2431
70.2431
70.2431
70.2431
70.2431
70.2431
70.2431
70.2431
70.2431
70.2431
70.2431
70.2431
70.2431
70.2431
70.2431
70.2431
70.2431
70.2431
70.2431
70.2431
70.2431
70.2431
70.2431
70.2431
70.2431
70.2431
70.2431
70.2431
70.2431
70.2431
70.2431
70.2431
70.2431
70.2431
70.2431
70.2431
70.2431
70.2431
70.2431
70.2431
70.2431
70.2431
70.2431
70.2431
70.2431
70.2431
70.2431
70.2431
70.2431
70.2431
70.2431
70.2431
70.2431
70.2431
70.2431
70.2431
70.2431
70.2431
70.2431
70.2431
70.2431
70.2431
70.2431
70.2431
70.2431
70.2431
70.2431
70.2431
70.2431
70.2431
70.2431
70.2431
70.2431
70.2431
70.2431
70.2431
70.2431
70.2431
70.2431
70.2431
70.2431
70.2431
70.2431
70.2431
70.2431
70.2431
70.2431
70.2431
70.2431
70.2431
70.2431
70.2431
70.2431
70.2431
70.2431
70.2431
70.2431
70.2431
70.2431
70.2431
70.2431
70.2431
70.2431
70.2431
70.2431
70.2431
70.2431
70.2431
70.2431
70.2431
70.2431
70.2431
70.2431
70.2431
70.2431
70.2431
70.2431
70.2431
70.2431
70.2431
70.2431
70.2431
70.2431
70.2431
70.2431
70.2431
70.2431
70.2431
70.2431
70.2431
70.2431
70.2431
70.2431
70.2431
70.2431
70.2431
70.2431
70.2431
70.2431
70.2431
70.2431
70.2431
70.2431
70.2431
70.2431
70.2431
70.2431
70.2431
70.2431
70.2431
70.2431
70.2431
70.2431
70.2431
70.2431
70.2431
70.2431
70.2431
70.2431
70.2431
70.2431
70.2431
70.2431
70.2431
70.2431
70.2431
70.2431
70.2431
70.2431
70.2288
70.2098
70.1244
70.0057
70.0057
70.0057
70.0057
70.0057
70.0057
70.0057
70.0057
70.0057
70.0057
70.0057
70.0057
70.0057
70.0057
70.0057
70.0057
70.0057
70.0057
70.0057
70.0057
70.0057
70.0057
70.0057
70.0057
70.0057
70.0057
70.0057
70.0057
70.0057
70.0057
70.0057
70.0057
70.0057
70.0057
70.0057
70.0057
70.0057
70.0057
70.0057
70.0057
70.0057
70.0057
70.0057
70.0057
70.0057
70.0057
70.0057
70.0057
70.0057
70.0057
70.0057
70.0057
70.0057
70.0057
70.0057
70.0057
70.0057
70.0057
70.0057
70.0057
70.0057
70.0057
70.0057
70.0057
70.0057
70.0057
70.0057
70.0057
70.0057
70.0057
70.0057
70.0057
70.0057
70.0057
70.0057
70.0057
70.0057
70.0057
70.0057
70.0057
70.0057
70.0057
70.0057
70.0057
70.0057
70.0057
70.0057
70.0057
70.0057
70.0057
70.0057
70.0057
70.0057
70.0057
70.0057
70.0057
70.0057
70.0057
70.0057
70.0057
70.0057
70.0057
70.0057
70.0057
70.0057
70.0057
70.0057
70.0057
70.0057
70.0057
70.0057
70.0057
70.0057
70.0057
70.0057
70.0057
70.0057
70.0057
70.0057
70.0057
70.0057
70.0057
70.0057
70.0057
70.0057
70.0057
70.0057
70.0057
70.0057
70.0057
70.0057
70.0057
70.0057
70.0057
70.0057
70.0057
70.0057
70.0057
70.0057
70.0057
70.0057
70.0057
70.0057
70.0057
70.0057
70.0057
70.0057
70.0057
70.0057
70.0057
70.0057
70.0057
70.0057
70.0057
70.0057
70.0057
70.0057
70.0057
70.0057
70.0057
70.0057
70.0057
70.0057
70.0057
70.0057
70.0057
70.0057
70.0057
70.0057
70.0057
70.0057
70.0057
70.0057
70.0057
70.0057
70.0057
70.0057
70.0057
70.0057
70.0057
70.0057
70.0057
70.0057
70.0057
70.0057
70.0057
70.0057
70.0057
70.0057
70.0057
70.0057
70.0057
70.0057
70.0057
70.0057
70.0057
70.0057
70.0057
70.0057
70.0057
70.0057
70.0057
70.0057
70.0057
70.0057
70.0057
70.0057
70.0057
70.0057
70.0057
70.0057
70.0057
70.0057
70.0057
70.0057
70.0057
70.0057
70.0057
70.0057
70.0057
70.0057
70.0057
70.0057
70.0057
70.0057
70.0057
70.0057
70.0057
70.0057
70.0057
70.0057
70.0057
70.0057
70.0057
70.0057
70.0057
70.0057
70.0057
70.0057
70.0057
70.0057
70.0057
70.0057
70.0057
70.0057
70.0057
70.0057
70.0057
70.0057
70.0057
70.0057
70.0057
70.0057
70.0057
70.0057
70.0057
70.0057
70.0057
70.0057
70.0057
70.0057
70.0057
70.0057
70.0057
70.0057
70.0057
70.0057
70.0057
70.0057
70.0057
70.0057
70.0057
70.0057
70.0057
70.0057
70.0057
70.0057
70.0057
70.0057
70.0057
70.0057
70.0057
70.0057
70.0057
70.0057
70.0057
70.0057
70.0057
70.0057
70.0057
70.0057
70.0057
70.0057
70.0057
70.0057
70.0057
70.0057
70.0057
70.0057
70.0057
70.0057
70.0057
70.0057
70.0057
70.0057
70.0057
70.0057
70.0057
70.0057
70.0057
70.0057
70.0057
70.0057
70.0057
70.0057
70.0057
70.0057
70.0057
70.0057
70.0057
70.0057
70.0057
70.0057
70.0057
70.0057
70.0057
70.0057
70.0057
70.0057
70.0057
70.0057
70.0057
70.0057
70.0057
70.0057
70.0057
70.0057
70.0057
70.0057
70.0057
70.0057
70.0057
70.0057
70.0057
70.0057
70.0057
70.0057
70.0057
70.0057
70.0057
70.0057
70.0057
70.0057
70.0057
70.0057
70.0057
70.0057
70.0057
70.0057
70.0057
70.0057
70.0057
70.0057
70.0057
70.0057
70.0057
70.0057
70.0057
70.0057
70.0057
70.0057
70.0057
70.0057
70.0057
70.0057
70.0057
70.0057
70.0057
70.0057
70.0057
70.0057
70.0057
70.0057
70.0057
70.0057
70.0057
70.0057
70.0057
70.0057
70.0057
70.0057
70.0057
70.0057
70.0057
70.0057
70.0057
70.0057
70.0057
70.0057
70.0057
70.0057
70.0057
70.0057
70.0057
70.0057
70.0057
70.0057
70.0057
70.0057
70.0057
70.0057
70.0057
70.0057
70.0057
70.0057
70.0057
70.0057
70.0057
70.0057
70.0057
70.0057
70.0057
70.0057
70.0057
70.0057
70.0057
70.0057
70.0057
70.0057
70.0057
70.0057
70.0057
70.0057
70.0057
70.0057
70.0057
70.0057
70.0057
70.0057
70.0057
70.0057
70.0057
70.0057
70.0057
70.0057
70.0057
70.0057
70.0057
70.0057
70.0057
70.0057
70.0057
70.0057
70.0057
70.0057
70.0057
70.0057
70.0057
70.0057
70.0057
70.0057
70.0057
70.0057
70.0057
70.0057
70.0057
70.0057
70.0057
70.0057
70.0057
70.0057
70.0057
70.0057
70.0057
70.0057
70.0057
70.0057
70.0057
70.0057
70.0057
70.0057
70.0057
70.0057
70.0057
70.0057
70.0057
70.0057
70.0057
70.0057
70.0057
70.0057
70.0057
70.0057
70.0057
70.0057
70.0057
70.0057
70.0057
70.0057
70.0057
70.0057
69.9991
69.9847
69.9505
69.9505
69.9505
69.9505
69.9505
69.9505
69.9505
69.9505
69.9505
69.9505
69.9505
69.9505
69.9505
69.9505
69.9505
69.9505
69.9505
69.9505
69.9505
69.9505
69.9505
69.9505
69.9505
69.9505
69.9505
69.9505
69.9505
69.9505
69.9505
69.9505
69.9505
69.9505
69.9505
69.9505
69.9505
69.9505
69.9505
69.9505
69.9505
69.9505
69.9505
69.9505
69.9505
69.9505
69.9505
69.9505
69.9505
69.9505
69.9505
69.9505
69.9505
69.9505
69.9505
69.9505
69.9505
69.9505
69.9505
69.9505
69.9505
69.9505
69.9505
69.9505
69.9505
69.9505
69.9505
69.9505
69.9505
69.9505
69.9505
69.9505
69.9505
69.9505
69.9505
69.9505
69.9505
69.9505
69.9505
69.9505
69.9505
69.9505
69.9505
69.9505
69.9505
69.9505
69.9505
69.9505
69.9505
69.9505
69.9505
69.9505
69.9505
69.9505
69.9505
69.9505
69.9505
69.9505
69.9505
69.9505
69.9505
69.9505
69.9505
69.9505
69.9505
69.9505
69.9505
69.9505
69.9505
69.9505
69.9505
69.9505
69.9505
69.9505
69.9505
69.9505
69.9505
69.9505
69.9284
69.8888
69.7301
69.7301
69.7301
69.7301
69.7301
69.7301
69.7301
69.7301
69.7301
69.7301
69.6844
69.5931
69.2582
68.969
68.975
68.969
68.969
68.969
68.969
68.969
68.969
68.969
68.969
68.969
68.969
68.969
68.969
68.9624
68.9492
68.9295
68.8438
68.6395
68.6395
68.6395
68.6395
68.6395
68.6395
68.6395
68.6395
68.6395
68.6395
68.6395
68.6395
68.6395
68.6395
68.6395
68.6395
68.6395
68.6395
68.6395
68.6395
68.6395
68.6395
68.6395
68.6395
68.6395
68.6395
68.6395
68.6395
68.6395
68.6395
68.6395
68.6395
68.6395
68.6395
68.6395
68.6395
68.6395
68.6395
68.6395
68.6395
68.6395
68.6395
68.6395
68.6395
68.6395
68.6395
68.6395
68.6395
68.6395
68.6395
68.6395
68.6395
68.6395
68.6395
68.6395
68.6395
68.6395
68.6395
68.6395
68.6395
68.6395
68.6395
68.6395
68.6395
68.6395
68.6395
68.6395
68.6395
68.6395
68.6395
68.6395
68.6395
68.6395
68.6173
68.5667
68.4813
68.4813
68.4813
68.4813
68.4813
68.4813
68.4813
68.4813
68.4813
68.4813
68.4813
68.4813
68.4813
68.4813
68.4813
68.4813
68.4813
68.4813
68.4813
68.4813
68.4813
68.4813
68.4813
68.4813
68.4813
68.4813
68.4813
68.4813
68.4813
68.4813
68.4813
68.4813
68.4813
68.4813
68.4813
68.4813
68.4813
68.4813
68.4813
68.4813
68.4813
68.4813
68.4813
68.4813
68.4813
68.4813
68.4813
68.4813
68.4813
68.4813
68.4813
68.4813
68.4813
68.4813
68.4813
68.4813
68.4813
68.4813
68.4813
68.4813
68.4813
68.4813
68.4813
68.4813
68.4813
68.4813
68.4813
68.4813
68.4813
68.4813
68.4813
68.4813
68.4813
68.4813
68.4813
68.4813
68.4813
68.4813
68.4813
68.4813
68.4813
68.4813
68.4813
68.4813
68.4813
68.4813
68.4813
68.4813
68.4813
68.4813
68.4813
68.4813
68.4813
68.4813
68.4813
68.4813
68.4813
68.4813
68.4813
68.4813
68.4813
68.4813
68.4813
68.4813
68.4813
68.4813
68.4813
68.4813
68.4813
68.4813
68.4813
68.4813
68.4813
68.4813
68.4813
68.4813
68.4813
68.4813
68.4813
68.4813
68.4813
68.4813
68.4813
68.4813
68.4813
68.4813
68.4813
68.4813
68.4813
68.4813
68.4813
68.4813
68.7681
68.4813
68.4813
68.4813
68.4813
68.4813
68.4813
68.4813
68.4813
68.4813
68.4813
68.4813
68.4813
68.4813
68.4813
68.4813
68.4813
68.4813
68.4813
68.4813
68.4813
68.4813
68.4813
68.4813
68.4813
68.4813
68.4813
68.4813
68.4813
68.4813
68.4813
68.4813
68.4813
68.4813
68.4813
68.4813
68.4813
68.4813
68.4813
68.4813
68.4813
68.4813
68.4813
68.4813
68.4813
68.4813
68.4813
68.4813
68.4813
68.4813
68.4813
68.4813
68.4813
68.4813
68.4813
68.4813
68.4813
68.4813
68.4813
68.4813
68.4813
68.4813
68.4813
68.4813
68.4813
68.4813
68.4813
68.4813
68.4813
68.4813
68.4813
68.4813
68.4813
68.4813
68.4813
68.4813
68.4813
68.4813
68.4813
68.4813
68.4813
68.4813
68.4813
68.4813
68.4813
68.4813
68.4813
68.4813
68.4813
68.4813
68.4813
68.4813
68.4813
68.4813
68.4813
68.4813
68.4813
68.4813
68.4813
68.4813
68.4813
68.4813
68.4813
68.4813
68.4813
68.4813
68.4813
68.4813
68.4813
68.4813
68.4813
68.4813
68.4813
68.4813
68.4813
68.4813
68.4813
68.4813
68.4813
68.4813
68.4813
68.4813
68.4813
68.4813
68.4813
68.4813
68.4813
68.4813
68.4813
68.4813
68.4813
68.4813
68.4813
68.4813
68.4813
68.4813
68.4813
68.4813
68.4813
68.4813
68.4813
68.4813
68.4813
68.4813
68.4813
68.4813
68.4813
68.4813
68.4813
68.4813
68.4813
68.4813
68.4813
68.4813
68.4813
68.4813
68.4813
68.4813
68.4813
68.4813
68.4813
68.4813
68.4813
68.4813
68.4813
68.4813
68.4813
68.4813
68.4813
68.4813
68.4813
68.4813
68.4813
68.4813
68.4813
68.4813
68.4813
68.4813
68.4813
68.4813
68.4813
68.4813
68.4813
68.4813
68.4813
68.4813
68.4813
68.4813
68.4813
68.4813
68.4813
68.4813
68.4813
68.4813
68.4785
68.473
68.4535
68.4117
68.4101
68.407
68.3943
68.3721
68.3721
68.3721
68.3721
68.3721
68.3721
68.3721
68.3721
68.3721
68.3721
68.3721
68.3721
68.3721
68.3721
68.3721
68.3721
68.3721
68.3721
68.3721
68.3721
68.3721
68.3721
68.3721
68.3721
68.3721
68.3721
68.3721
68.3721
68.3721
68.3721
68.3721
68.3721
68.3721
68.3721
68.3721
68.3721
68.3721
68.3721
68.3721
68.3721
68.3721
68.3721
68.3721
68.3721
68.3721
68.3721
68.3721
68.3721
68.3721
68.3721
68.3721
68.3721
68.3721
68.3721
68.3721
68.3721
68.3721
68.3721
68.3721
68.3721
68.3721
68.3721
68.3721
68.3721
68.3721
68.3721
68.3721
68.3721
68.3721
68.3721
68.3721
68.3721
68.3721
68.3721
68.3721
68.3721
68.3721
68.3721
68.3721
68.3721
68.3721
68.3721
68.3721
68.3721
68.3721
68.3721
68.3721
68.3721
68.3721
68.3721
68.3721
68.3721
68.3721
68.3721
68.3721
68.3721
68.3721
68.3721
68.3721
68.3721
68.3721
68.3721
68.3721
68.3721
68.3721
68.3721
68.3721
68.3721
68.3721
68.3721
68.3721
68.3721
68.3721
68.3721
68.3721
68.3721
68.3721
68.3721
68.3721
68.3721
68.3721
68.3721
68.3721
68.3721
68.3721
68.3721
68.3721
68.3721
68.3721
68.3721
68.3721
68.3721
68.3721
68.3721
68.3721
68.3721
68.3721
68.3721
68.3721
68.3721
68.3721
68.3721
68.3721
68.3721
68.3721
68.3721
68.3721
68.3721
68.3721
68.3721
68.3721
68.3721
68.3721
68.3721
68.3721
68.3721
68.3721
68.3721
68.3721
68.3721
68.3721
68.3721
68.3721
68.3721
68.3721
68.3721
68.3721
68.3721
68.3721
68.3721
68.3721
68.3721
68.3721
68.3721
68.3721
68.3721
68.3721
68.3721
68.3721
68.3721
68.3721
68.3721
68.3721
68.3721
68.3721
68.3721
68.3721
68.3721
68.3721
68.3721
68.3721
68.3721
68.3721
68.3721
68.3721
68.3721
68.3721
68.3721
68.3721
68.3721
68.3721
68.3721
68.3721
68.3721
68.3721
68.3721
68.3721
68.3721
68.3721
68.3721
68.3721
68.3721
68.3721
68.3721
68.3721
68.3721
68.3721
68.3721
68.3721
68.3721
68.3721
68.3721
68.3721
68.3721
68.3721
68.3721
68.3721
68.3721
68.3721
68.3721
68.3721
68.3721
68.3721
68.3721
68.3721
68.3721
68.3721
68.3721
68.3721
68.3721
68.3721
68.3721
68.3721
68.3721
68.3721
68.3721
68.3721
68.3721
68.3721
68.3721
68.3721
68.3721
68.3721
68.3721
68.3721
68.3721
68.3721
68.3721
68.3721
68.3721
68.3721
68.3721
68.3721
68.3721
68.3721
68.3721
68.3721
68.3721
68.3721
68.3721
68.3721
68.3721
68.3721
68.3721
68.3721
68.3721
68.3721
68.3721
68.3721
68.3721
68.3721
68.3721
68.3721
68.3721
68.3721
68.3721
68.3721
68.3721
68.3721
68.3721
68.3721
68.3721
68.3721
68.3721
68.3721
68.3721
68.3721
68.3721
68.3721
68.3721
68.3721
68.3721
68.3721
68.3721
68.3721
68.3721
68.3721
68.3721
68.3721
68.3721
68.3721
68.3721
68.3721
68.3721
68.3721
68.3721
68.3721
68.3721
68.3721
68.3721
68.3721
68.3721
68.3721
68.3721
68.3721
68.3721
68.3721
68.3721
68.3721
68.3721
68.3721
68.3721
68.3721
68.3721
68.3721
68.3721
68.3721
68.3721
68.3721
68.3721
68.3721
68.3721
68.3721
68.3721
68.3721
68.3721
68.3721
68.3721
68.3721
68.3721
68.3721
68.3721
68.3721
68.3721
68.3721
68.3721
68.3721
68.3721
68.3721
68.3721
68.3721
68.3721
68.3721
68.3721
68.3721
68.3721
68.3721
68.3721
68.3721
68.3721
68.3721
68.3721
68.3721
68.3721
68.3721
68.3721
68.3721
68.3721
68.3721
68.3721
68.3721
68.3721
68.3721
68.3721
68.3721
68.3721
68.3721
68.3721
68.3721
68.3721
68.3721
68.3721
68.3721
68.3721
68.3721
68.3721
68.3721
68.3721
68.3721
68.3721
68.3721
68.3721
68.3721
68.3721
68.3721
68.3721
68.3721
68.3721
68.3721
68.3721
68.3721
68.3721
68.3721
68.3721
68.3721
68.3721
68.3721
68.3721
68.3721
68.3721
68.3721
68.3721
68.3721
68.3721
68.3721
68.3721
68.3721
68.3721
68.3721
68.3721
68.3721
68.3721
68.3721
68.3721
68.3721
68.3721
68.3721
68.3721
68.3721
68.3721
68.3721
68.3721
68.3721
68.3721
68.3721
68.3721
68.3721
68.3721
68.3721
68.3721
68.3721
68.3721
68.3721
68.3721
68.3721
68.3721
68.3721
68.3721
68.3721
68.3721
68.3721
68.3721
68.3721
68.3721
68.3721
68.3721
68.3721
68.3721
68.3721
68.3721
68.3721
68.3721
68.3721
68.3721
68.3721
68.3721
68.3721
68.3721
68.3721
68.3721
68.3721
68.3721
68.3721
68.3721
68.3721
68.3721
68.3721
68.3721
68.3721
68.3721
68.3721
68.3721
68.3721
68.3721
68.3721
68.3721
68.3721
68.3721
68.3721
68.3721
68.3721
68.3721
68.3721
68.3721
68.3721
68.3721
68.3721
68.3721
68.3721
68.3721
68.3721
68.3721
68.3721
68.3721
68.3721
68.3721
68.3721
68.3721
68.3721
68.3721
68.3721
68.3721
68.3721
68.3721
68.3721
68.3721
68.3721
68.3721
68.3721
68.3721
68.3721
68.3721
68.3721
68.3721
68.3721
68.3721
68.3721
68.3721
68.3721
68.3721
68.3721
68.3721
68.3721
68.3721
68.3721
68.3721
68.3721
68.3721
68.3721
68.3721
68.3721
68.3721
68.3721
68.3721
68.3721
68.3721
68.3721
68.3721
68.3721
68.3721
68.3721
68.3721
68.3721
68.3721
68.3721
68.3721
68.3721
68.3721
68.3721
68.3721
68.3721
68.3721
68.3721
68.3721
68.3721
68.3721
68.3721
68.3721
68.3721
68.3721
68.3721
68.3721
68.3721
68.3721
68.3721
68.3721
68.3721
68.3721
68.3721
68.3721
68.3721
68.3721
68.3721
68.3721
68.3721
68.3721
68.3721
68.3721
68.3721
68.3721
68.3721
68.3721
68.3721
68.3721
68.3721
68.3721
68.3721
68.3721
68.3721
68.3721
68.3721
68.3721
68.3721
68.3721
68.3721
68.3721
68.3721
68.3721
68.3721
68.3721
68.3721
68.3721
68.3721
68.3721
68.3721
68.3721
68.3721
68.3721
68.3721
68.3721
68.3721
68.3721
68.3721
68.3721
68.3721
68.3721
68.3721
68.3721
68.3721
68.3721
68.3721
68.3721
68.3721
68.3721
68.3721
68.3721
68.3721
68.3721
68.3721
68.3721
68.3721
68.3721
68.3721
68.3721
68.3721
68.3721
68.3721
68.3721
68.3721
68.3721
68.3721
68.3721
68.3721
68.3721
68.3721
68.3721
68.3721
68.3721
68.3721
68.3721
68.3721
68.3721
68.3721
68.3721
68.3721
68.3721
68.3721
68.3721
68.3721
68.3721
68.3721
68.3721
68.3721
68.3721
68.3721
68.3721
68.3721
68.3721
68.3721
68.3721
68.3721
68.3721
68.3721
68.3721
68.3721
68.3721
68.3721
68.3721
68.3721
68.3721
68.3721
68.3721
68.3721
68.3721
68.3721
68.3721
68.3721
68.3721
68.3721
68.3721
68.3721
68.3721
68.3721
68.3721
68.3721
68.3721
68.3721
68.3721
68.3721
68.3721
68.3721
68.3721
68.3721
68.3721
68.3721
68.3721
68.3721
68.3721
68.3721
68.3721
68.3721
68.3721
68.3721
68.3721
68.3721
68.3721
68.3721
68.3721
68.3721
68.3721
68.3721
68.3721
68.3721
68.3721
68.3721
68.3721
68.3721
68.3721
68.3721
68.3721
68.3721
68.3721
68.3721
68.3721
68.3721
68.3721
68.3721
68.3721
68.3721
68.3721
68.3721
68.4853
68.3721
68.3721
68.3721
68.3721
68.3721
68.3721
68.3721
68.3721
68.3721
68.3721
68.3721
68.3721
68.3721
68.3721
68.3721
68.3721
68.3721
68.3721
68.3721
68.3721
68.3721
68.3721
68.3721
68.3721
68.3721
68.3721
68.3721
68.3721
68.3721
68.3721
68.3721
68.3721
68.3721
68.3721
68.3721
68.3721
68.3721
68.3721
68.3721
68.3721
68.3721
68.3721
68.3721
68.3721
68.3721
68.3721
68.3721
68.3721
68.3721
68.3721
68.3721
68.3721
68.3721
68.3721
68.3721
68.3721
68.3721
68.3721
68.3721
68.3721
68.3721
68.3721
68.3721
68.3721
68.3721
68.3721
68.3721
68.3721
68.3721
68.3721
68.3721
68.3721
68.3721
68.3721
68.3721
68.3721
68.3721
68.3721
68.3721
68.3721
68.3721
68.3721
68.3721
68.3721
68.3721
68.3721
68.3721
68.3721
68.3721
68.3721
68.3721
68.3721
68.3721
68.3721
68.3721
68.3721
68.3721
68.3721
68.3721
68.3721
68.3721
68.3721
68.3721
68.3721
68.3721
68.3721
68.3721
68.3721
68.3721
68.3721
68.3721
68.3721
68.3721
68.3721
68.3721
68.3721
68.3721
68.3721
68.3721
68.3721
68.3721
68.3721
68.3721
68.3721
68.3721
68.3721
68.3721
68.3721
68.3721
68.3721
68.3721
68.3721
68.3721
68.3721
68.3721
68.3721
68.3721
68.3721
68.3721
68.3721
68.3721
68.3721
68.3721
68.3721
68.3721
68.3721
68.3721
68.3721
68.3721
68.3721
68.3721
68.3721
68.3721
68.3721
68.3721
68.3721
68.3721
68.3721
68.3721
68.3721
68.3721
68.3721
68.3721
68.3721
68.3721
68.3721
68.3721
68.3721
68.3721
68.3721
68.3721
68.3721
68.3721
68.3721
68.3721
68.3721
68.3721
68.3721
68.3721
68.3721
68.3721
68.3721
68.3721
68.3721
68.3721
68.3721
68.3721
68.3721
68.3721
68.3721
68.3721
68.3721
68.3721
68.3721
68.3721
68.3721
68.3721
68.3721
68.3721
68.3721
68.3721
68.3721
68.3721
68.3721
68.3721
68.3721
68.3721
68.3721
68.3721
68.3721
68.3721
68.3721
68.3721
68.3721
68.3721
68.3721
68.3721
68.3721
68.3721
68.3721
68.3721
68.3721
68.3721
68.3721
68.3721
68.3721
68.3721
68.3721
68.3721
68.3721
68.3721
68.3721
68.3721
68.3721
68.3721
68.3721
68.3721
68.3721
68.3721
68.3721
68.3721
68.3721
68.3721
68.3721
68.3721
68.3721
68.3721
68.3721
68.3721
68.3721
68.3721
68.3721
68.3721
68.3721
68.3721
68.3721
68.3721
68.3721
68.3721
68.3721
68.3721
68.3721
68.3721
68.3721
68.3721
68.3721
68.3721
68.3721
68.3721
68.3721
68.3721
68.3721
68.3721
68.3721
68.3721
68.3721
68.3721
68.3721
68.3721
68.3721
68.3721
68.3721
68.3721
68.3721
68.3721
68.3721
68.3721
68.3721
68.3721
68.3721
68.3721
68.3721
68.3721
68.3721
68.3721
68.3721
68.3721
68.3721
68.3721
68.3721
68.3721
68.3721
68.3721
68.3721
68.3721
68.3721
68.3721
68.3721
68.3721
68.3721
68.3721
68.3721
68.3721
68.3721
68.3721
68.3721
68.3721
68.3721
68.3721
68.3721
68.3721
68.3721
68.3721
68.3721
68.3721
68.3721
68.3721
68.3721
68.3721
68.3721
68.3721
68.3721
68.3721
68.3721
68.3721
68.3721
68.3721
68.3721
68.3721
68.3721
68.3721
68.3721
68.3721
68.3721
68.3721
68.3721
68.3721
68.3721
68.3721
68.3721
68.3721
68.3721
68.3721
68.3721
68.3721
68.3721
68.3721
68.3721
68.3721
68.3721
68.3721
68.3721
68.3721
68.3721
68.3721
68.3721
68.3721
68.3721
68.3721
68.3721
68.3721
68.3721
68.3721
68.3721
68.3721
68.3721
68.3721
68.3721
68.3721
68.3721
68.3721
68.3721
68.3721
68.3721
68.3721
68.3721
68.3721
68.3721
68.3721
68.3721
68.3721
68.3721
68.3721
68.3721
68.3721
68.3721
68.3721
68.3721
68.3721
68.3721
68.3721
68.3721
68.3721
68.3721
68.3721
68.3721
68.3721
68.3721
68.3721
68.3721
68.3721
68.3721
68.3721
68.3721
68.3721
68.3721
68.3721
68.3721
68.3721
68.3721
68.3721
68.3721
68.3721
68.3721
68.3721
68.3721
68.3721
68.3721
68.3721
68.3721
68.3721
68.3721
68.3721
68.3721
68.3721
68.3721
68.3721
68.3721
68.3721
68.3721
68.3721
68.3721
68.3721
68.3721
68.3721
68.3721
68.3721
68.3721
68.3721
68.3721
68.3721
68.3721
68.3721
68.3721
68.3721
68.3721
68.3721
68.3721
68.3721
68.3721
68.3721
68.3721
68.3721
68.3721
68.3721
68.3721
68.3721
68.3721
68.3721
68.3721
68.3721
68.3721
68.3721
68.3721
68.3721
68.3721
68.3721
68.3721
68.3721
68.3721
68.3721
68.3721
68.3721
68.3721
68.3721
68.3721
68.3721
68.3721
68.3721
68.3721
68.3721
68.3721
68.3721
68.3721
68.3721
68.3721
68.3721
68.3721
68.3721
68.3721
68.3721
68.3721
68.3721
68.3721
68.3721
68.3721
68.3721
68.3721
68.3721
68.3721
68.3721
68.3721
68.3721
68.3721
68.3721
68.3721
68.3721
68.3721
68.3721
68.3721
68.3721
68.3721
68.3721
68.3721
68.3721
68.3721
68.3721
68.3721
68.3721
68.3721
68.3721
68.3721
68.3721
68.3721
68.3721
68.3721
68.3721
68.3721
68.3721
68.3721
68.3721
68.3721
68.3721
68.3721
68.3721
68.3721
68.3721
68.3721
68.3721
68.3721
68.3721
68.3721
68.3721
68.3721
68.3721
68.3721
68.3721
68.3721
68.3721
68.3721
68.3721
68.3721
68.3721
68.3721
68.3721
68.3721
68.3721
68.3721
68.3721
68.3721
68.3721
68.3721
68.3721
68.3721
68.3721
68.3721
68.3721
68.3721
68.3721
68.3721
68.3721
68.3721
68.3721
68.3721
68.3721
68.3721
68.3721
68.3721
68.3721
68.3721
68.3721
68.3721
68.3721
68.3721
68.3721
68.3721
68.3721
68.3721
68.3721
68.3721
68.3721
68.3721
68.3721
68.3721
68.3721
68.3721
68.3721
68.3721
68.3721
68.3721
68.3721
68.3721
68.3721
68.3721
68.3721
68.3721
68.3721
68.3721
68.3721
68.3721
68.3721
68.3721
68.3721
68.3721
68.3721
68.3721
68.3721
68.3721
68.3721
68.3721
68.3721
68.3721
68.3721
68.3721
68.3721
68.3721
68.3721
68.3721
68.3721
68.3721
68.3721
68.3721
68.3721
68.3721
68.3721
68.3721
68.3721
68.3721
68.3721
68.3721
68.3721
68.3721
68.3721
68.3721
68.3721
68.3721
68.3721
68.3721
68.3721
68.3721
68.3721
68.3721
68.3721
68.3721
68.3721
68.3721
68.3721
68.3721
68.3721
68.3721
68.3721
68.3721
68.3721
68.3721
68.3721
68.3721
68.3721
68.3721
68.3721
68.3721
68.3721
68.3721
68.3721
68.3721
68.3721
68.3721
68.3721
68.3721
68.3721
68.3721
68.3721
68.3721
68.3721
68.3721
68.3721
68.3721
68.3721
68.3721
68.3721
68.3721
68.3721
68.3721
68.3721
68.3721
68.3721
68.3721
68.3721
68.3721
68.3721
68.3721
68.3721
68.3721
68.3721
68.3721
68.3721
68.3721
68.3721
68.3721
68.3721
68.3721
68.3721
68.3721
68.3721
68.3721
68.3721
68.3721
68.3721
68.3721
68.3721
68.3721
68.3721
68.3721
68.3721
68.3721
68.3721
68.3721
68.3721
68.3721
68.3721
68.3721
68.3721
68.3721
68.3721
68.3721
68.3721
68.3721
68.3721
68.3721
68.3721
68.3721
68.3721
68.3721
68.3721
68.3721
68.3721
68.3721
68.3721
68.3721
68.3721
68.3721
68.3721
68.3721
68.3721
68.3721
68.3721
68.4571
68.3721
68.3721
68.3721
68.3721
68.3721
68.3721
68.3721
68.3721
68.3721
68.3721
68.3721
68.3721
68.3721
68.3721
68.3721
68.3721
68.3721
68.3721
68.3721
68.3721
68.3721
68.3721
68.3721
68.3721
68.3721
68.3721
68.3721
68.3721
68.3721
68.3721
68.3721
68.3721
68.3721
68.3721
68.3721
68.3721
68.3721
68.3721
68.3721
68.3721
68.3721
68.3721
68.3721
68.3721
68.3721
68.3721
68.3721
68.3721
68.3721
68.3721
68.3721
68.3721
68.3721
68.3721
68.3721
68.3721
68.3721
68.3721
68.3721
68.3721
68.3721
68.3721
68.3721
68.3721
68.3721
68.3721
68.3721
68.3721
68.3721
68.3721
68.3721
68.3721
68.3721
68.3721
68.3721
68.3721
68.3721
68.3721
68.3721
68.3721
68.3721
68.3721
68.3721
68.3721
68.3721
68.3721
68.3721
68.3721
68.3721
68.3721
68.3721
68.3721
68.3721
68.3721
68.3721
68.3721
68.3721
68.3721
68.3721
68.3721
68.3721
68.3721
68.3721
68.3721
68.3721
68.3721
68.3721
68.3721
68.3721
68.3721
68.3721
68.3721
68.3721
68.3721
68.3721
68.3721
68.3721
68.3721
68.3721
68.3721
68.3721
68.3721
68.3721
68.3721
68.3721
68.3721
68.3721
68.3721
68.3721
68.3721
68.3721
68.3721
68.3721
68.3721
68.3721
68.3721
68.3721
68.3721
68.3721
68.3721
68.3721
68.3721
68.3721
68.3721
68.3721
68.3721
68.3721
68.3721
68.3721
68.3721
68.3721
68.3721
68.3721
68.3721
68.3721
68.3721
68.3721
68.3721
68.3721
68.3721
68.3721
68.3721
68.3721
68.3721
68.3721
68.3721
68.3721
68.3721
68.3721
68.3721
68.3721
68.3721
68.3721
68.3721
68.3721
68.3721
68.3721
68.3721
68.3721
68.3721
68.3721
68.3721
68.3721
68.3721
68.3721
68.3721
68.3721
68.3721
68.3721
68.3721
68.3721
68.3721
68.3721
68.3721
68.3721
68.3721
68.3721
68.3721
68.3721
68.3721
68.3721
68.3721
68.3721
68.3721
68.3721
68.3721
68.3721
68.3721
68.3721
68.3721
68.3721
68.3721
68.3721
68.3721
68.3721
68.3721
68.3721
68.3721
68.3721
68.3721
68.3721
68.3721
68.3721
68.3721
68.3721
68.3721
68.3721
68.3721
68.3721
68.3721
68.3721
68.3721
68.3721
68.3721
68.3721
68.3721
68.3721
68.3721
68.3721
68.3721
68.3721
68.3721
68.3721
68.3721
68.3721
68.3721
68.3721
68.3721
68.3721
68.3721
68.3721
68.3721
68.3721
68.3721
68.3721
68.3721
68.3721
68.3721
68.3721
68.3721
68.3721
68.3721
68.3721
68.3721
68.3721
68.3721
68.3721
68.3721
68.3721
68.3721
68.3721
68.3721
68.3721
68.3721
68.3721
68.3721
68.3721
68.3721
68.3721
68.3721
68.3721
68.3721
68.3721
68.3721
68.3721
68.3721
68.3721
68.3721
68.3721
68.3721
68.3721
68.3721
68.3721
68.3721
68.3721
68.3721
68.3721
68.3721
68.3721
68.3721
68.3721
68.3721
68.3721
68.3721
68.3721
68.3721
68.3721
68.3721
68.3721
68.3721
68.3721
68.3721
68.3721
68.3721
68.3721
68.3721
68.3721
68.3721
68.3721
68.3721
68.3721
68.3721
68.3721
68.3721
68.3721
68.3721
68.3721
68.3721
68.3721
68.3721
68.3721
68.3721
68.3721
68.3721
68.3721
68.3721
68.3721
68.3721
68.3721
68.3721
68.3721
68.3721
68.3721
68.3721
68.3721
68.3721
68.3721
68.3721
68.3721
68.3721
68.3721
68.3721
68.3721
68.3721
68.3721
68.3721
68.3721
68.3721
68.3721
68.3721
68.3721
68.3721
68.3721
68.3721
68.3721
68.3721
68.3721
68.3721
68.3721
68.3721
68.3721
68.3721
68.3721
68.3721
68.3721
68.3721
68.3721
68.3721
68.3721
68.3721
68.3721
68.3721
68.3721
68.3721
68.3721
68.3721
68.3721
68.3721
68.3721
68.3721
68.3721
68.3721
68.3721
68.3721
68.3721
68.3721
68.3721
68.3721
68.3721
68.3721
68.3721
68.3721
68.3721
68.3721
68.3721
68.3721
68.3721
68.3721
68.3721
68.3721
68.3721
68.3721
68.3721
68.3721
68.3721
68.3721
68.3721
68.3721
68.3721
68.3721
68.3721
68.3721
68.3721
68.3721
68.3721
68.3721
68.3721
68.3721
68.3721
68.3721
68.3721
68.3721
68.3721
68.3721
68.3721
68.3721
68.3721
68.3721
68.3721
68.3721
68.3721
68.3721
68.3721
68.3721
68.3721
68.3721
68.3721
68.3721
68.3721
68.3721
68.3721
68.3721
68.3721
68.3721
68.3721
68.3721
68.3721
68.3721
68.3721
68.3721
68.3721
68.3721
68.3721
68.3721
68.3721
68.3721
68.3721
68.3721
68.3721
68.3721
68.3721
68.3721
68.3721
68.3721
68.3721
68.3721
68.3721
68.3721
68.3721
68.3721
68.3721
68.3721
68.3721
68.3721
68.3721
68.3721
68.3721
68.3721
68.3721
68.3721
68.3721
68.3721
68.3721
68.3721
68.3721
68.3721
68.3721
68.3721
68.3721
68.3721
68.3721
68.3721
68.3721
68.3721
68.3721
68.3721
68.3721
68.3721
68.3721
68.3721
68.3721
68.3721
68.3721
68.3721
68.3721
68.3721
68.3721
68.3721
68.3721
68.3721
68.3721
68.3721
68.3721
68.3721
68.3721
68.3721
68.3721
68.3721
68.3721
68.3721
68.3721
68.3721
68.3721
68.3721
68.3721
68.3721
68.3721
68.3721
68.3721
68.3721
68.3721
68.3721
68.3721
68.3721
68.3721
68.3721
68.3721
68.3721
68.3721
68.3721
68.3721
68.3721
68.3721
68.3721
68.3721
68.3721
68.3721
68.3721
68.3721
68.3721
68.3721
68.3721
68.3721
68.3721
68.3721
68.3721
68.3721
68.3721
68.3721
68.3721
68.3721
68.3721
68.3721
68.3721
68.3721
68.3721
68.3721
68.3721
68.3721
68.3721
68.3721
68.3721
68.3721
68.3721
68.3721
68.3721
68.3721
68.3721
68.3721
68.3721
68.3721
68.3721
68.3721
68.3721
68.3721
68.3721
68.3721
68.3721
68.3721
68.3721
68.3721
68.3721
68.3721
68.3721
68.3721
68.3721
68.3721
68.3721
68.3721
68.3721
68.3721
68.3721
68.3721
68.3721
68.3721
68.3721
68.3721
68.3721
68.3721
68.3721
68.3721
68.3721
68.3721
68.3721
68.3721
68.3721
68.3721
68.3721
68.3721
68.3721
68.3721
68.3721
68.3721
68.3721
68.3721
68.3721
68.3721
68.3721
68.3721
68.3721
68.3721
68.3721
68.3721
68.3721
68.3721
68.3721
68.3721
68.3721
68.3721
68.3721
68.3721
68.3721
68.3721
68.3721
68.3721
68.3721
68.3721
68.3721
68.3721
68.3721
68.3721
68.3721
68.3721
68.3721
68.3721
68.3721
68.3721
68.3721
68.3721
68.3721
68.3721
68.3721
68.3721
68.3721
68.3721
68.3721
68.3721
68.3721
68.3721
68.3721
68.3721
68.3721
68.3721
68.3721
68.3721
68.3721
68.3721
68.3721
68.3721
68.3721
68.3721
68.3721
68.3721
68.3721
68.3721
68.3721
68.3721
68.3721
68.3721
68.3721
68.3721
68.3721
68.3721
68.3721
68.3721
68.3721
68.3721
68.3721
68.3721
68.3721
68.3721
68.3721
68.3721
68.3721
68.3721
68.3721
68.3721
68.3721
68.3721
68.3721
68.3721
68.3721
68.3721
68.3721
68.3721
68.3721
68.3721
68.3721
68.3721
68.3721
68.3721
68.3721
68.3721
68.3721
68.3721
68.3721
68.3721
68.3721
68.3721
68.3721
68.3721
68.3721
68.3721
68.3721
68.3721
68.3721
68.3721
68.3721
68.3721
68.3721
68.3721
68.3721
68.3721
68.3721
68.3721
68.3721
68.3721
68.3721
68.3721
68.3721
68.3721
68.3721
68.3721
68.3721
68.3721
68.3721
68.3721
68.3721
68.3721
68.3721
68.3721
68.3721
68.3721
68.3721
68.3721
68.3721
68.3721
68.3721
68.3721
68.3721
68.3721
68.3721
68.3721
68.3721
68.3721
68.3721
68.3721
68.3721
68.3721
68.3721
68.3721
68.3721
68.3721
68.3721
68.3721
68.3721
68.3721
68.3721
68.3721
68.3721
68.3721
68.3721
68.3721
68.3721
68.3721
68.3721
68.3721
68.3721
68.3721
68.3721
68.3721
68.3721
68.3721
68.3721
68.3721
68.3721
68.3721
68.3721
68.3721
68.3721
68.3721
68.3721
68.3721
68.3721
68.3721
68.3721
68.3721
68.3721
68.3721
68.3721
68.3721
68.3721
68.3721
68.3721
68.3721
68.3721
68.3721
68.3721
68.3721
68.3721
68.3721
68.3721
68.3721
68.3721
68.3721
68.3721
68.3721
68.3721
68.3721
68.3721
68.3721
68.3721
68.3721
68.3721
68.3721
68.3721
68.3721
68.343
68.3042
68.1491
67.8872
67.8872
67.8872
67.8872
67.8872
67.8872
67.8872
67.8872
67.8872
67.8872
67.8872
67.8872
67.8872
67.8872
67.8872
67.8872
67.8872
67.8872
67.8872
67.8872
68.1039
67.8872
67.8872
67.8872
67.8872
67.8872
67.8872
67.8872
67.8872
67.8872
67.8872
67.8872
67.8872
67.8872
67.8872
67.8872
67.8872
67.8872
67.8872
67.8872
67.8872
67.8872
67.8872
67.8872
67.8872
67.8872
67.8872
67.8872
67.8872
67.8872
67.8872
67.8872
67.8872
67.8872
67.8872
67.8872
67.8872
67.8872
67.8872
67.8872
67.8872
67.8872
67.8872
67.8872
67.8872
67.8872
67.8872
67.8872
67.8872
67.8872
67.8872
67.8872
67.8872
67.8872
67.8872
67.8872
67.8872
67.8872
67.8872
67.8872
67.8872
67.8872
67.8872
67.8872
67.8872
67.8872
67.8872
67.8872
67.8872
67.8872
67.8872
67.8872
67.8872
67.8872
67.8872
67.8872
67.8872
67.8872
67.8872
67.8872
67.8872
67.8872
67.8872
67.8872
67.8872
67.8872
67.8872
67.8872
67.8872
67.8872
67.8872
67.8872
67.8872
67.8872
67.8872
67.8872
67.8872
67.8872
67.8872
67.8872
67.8872
67.8872
67.8872
67.8872
67.8872
67.8872
67.8872
67.8872
67.8872
67.8872
67.8872
67.8872
67.8872
67.8872
67.8872
67.8872
67.8872
67.8872
67.8872
67.8872
67.8872
67.8872
67.8872
67.8872
67.8872
67.8872
67.8872
67.8872
67.8872
67.8872
67.8872
67.8872
67.8872
67.8872
67.8872
67.8872
67.8872
67.8872
67.8872
67.8872
67.8872
67.8872
67.8872
67.8872
67.8872
67.8872
67.8872
67.8872
67.8872
67.8872
67.8872
67.8872
67.8872
67.8872
67.8872
67.8872
67.8872
67.8872
67.8872
67.8872
67.8872
67.8872
67.8872
67.8872
67.8872
67.8872
67.8872
67.8872
67.8872
67.8872
67.8872
67.8872
67.8872
67.8872
67.8872
67.7953
67.405
66.7391
66.7391
66.7391
66.7391
66.7391
66.7391
66.7391
66.7391
66.7391
66.7391
66.7391
66.7391
66.7391
66.7391
66.7391
66.7391
66.7391
66.7391
66.7391
66.7391
66.7391
66.7391
66.7391
66.7391
66.7391
66.7391
66.7391
66.7391
66.7391
66.7391
66.7391
66.7391
66.7391
66.7391
66.7391
66.7391
66.7391
66.7391
66.7391
66.7391
66.7391
66.7391
66.7391
66.7391
66.7391
66.7391
66.7281
66.6898
66.5202
66.4654
66.4654
66.4654
66.4654
66.4654
66.4654
66.4654
66.4654
66.4654
66.4654
66.4654
66.4654
66.4654
66.4654
66.4654
66.4654
66.4654
66.4654
66.4654
66.4654
66.4654
66.4654
66.4654
66.4654
66.4654
66.4654
66.4654
66.4654
66.4654
66.4654
66.4654
66.4654
66.4654
66.4654
66.4654
66.4654
66.4654
66.4654
66.4654
66.4654
66.4654
66.4654
66.4654
66.4654
66.4654
66.4654
66.4654
66.4654
66.4654
66.4654
66.4654
66.4654
66.4654
66.4654
66.4654
66.4654
66.4654
66.4654
66.4654
66.4654
66.4654
66.4654
66.4654
66.4654
66.4654
66.4654
66.4654
66.4654
66.4654
66.4654
66.4654
66.4654
66.4654
66.4654
66.4654
66.4654
66.4654
66.4654
66.4654
66.5365
66.4654
66.4654
66.4654
66.4654
66.4654
66.4654
66.4654
66.4654
66.4654
75.8884
66.4654
66.6486
66.4654
66.8108
66.4654
66.4654
66.4654
66.4654
66.4654
72.9594
69.16
66.4654
66.4654
66.4654
66.4654
66.4654
66.4654
66.4654
66.4654
66.4654
66.4654
66.4654
66.4654
66.4654
66.4654
66.4654
66.4654
66.4654
66.4654
66.4654
66.4654
66.4654
66.4654
66.4654
66.4654
66.4654
66.65
66.4654
66.4654
67.9514
67.51
66.4654
69.6607
68.7481
70.6095
66.4654
66.4654
66.4654
66.4654
66.4654
66.4654
66.4654
66.4654
66.4654
66.4654
66.4654
66.4654
66.4654
66.4654
66.4654
66.4654
66.4654
66.4654
66.4654
66.4654
66.4654
66.4654
66.4654
66.4654
66.4654
66.4654
66.4654
66.4654
66.4654
66.4654
66.4654
66.4654
66.4654
66.4654
66.4654
66.4654
66.4654
66.4654
66.4654
66.4654
66.4654
66.4654
66.4654
66.4654
66.4654
66.4654
66.4654
66.4654
66.4654
66.4654
66.4654
66.4654
66.4654
66.4654
66.4654
66.4654
66.4654
66.4654
66.4654
66.4654
66.4654
66.4654
66.4654
66.4654
66.4654
66.4654
66.4654
66.4654
66.4654
66.4654
66.4654
66.4654
66.4654
66.4654
66.4654
66.4654
66.4654
66.4654
66.4654
66.4654
66.4654
66.4654
66.4654
66.4654
66.4654
66.4654
66.4654
66.4654
66.4654
66.4654
66.4654
66.4654
66.4654
66.4654
66.4654
66.4654
66.4654
66.4654
66.4654
66.4654
66.4654
66.4654
66.4654
66.4654
66.4654
66.4654
66.4654
66.4654
66.4654
66.4654
66.4654
66.4654
66.4654
66.4654
66.4654
66.4654
66.4654
66.4654
66.4654
66.4654
66.4654
66.4654
66.4654
66.4654
66.4654
66.4654
66.4654
66.4654
66.4654
66.4654
66.4654
66.4654
66.4654
66.4654
66.4654
66.4654
66.4654
66.4654
66.4654
66.4654
66.4654
66.4654
66.4654
66.4654
66.4654
66.4654
66.4654
66.4654
66.4654
66.4654
66.4654
66.4654
66.4654
66.4654
66.4654
66.4654
66.4654
66.4654
66.4654
66.4654
66.4654
66.4654
66.4654
66.4654
66.4654
66.4654
66.4654
66.4654
66.4654
66.4654
66.4654
66.4654
66.4654
66.4654
66.4654
66.4654
66.4654
66.4654
66.4654
66.4654
66.4654
66.4654
66.4654
66.4654
66.4654
66.4654
66.4654
66.4654
66.4654
66.4654
66.4654
66.4654
66.4654
66.4654
66.4654
66.4654
66.4654
66.4654
66.4654
66.4654
66.4654
66.4654
66.4654
66.4654
66.4654
66.4654
66.4654
66.4654
66.4654
66.4654
66.4654
66.4654
66.4654
66.4654
66.4654
66.4654
66.4654
66.4654
66.4654
66.4654
66.4654
66.4654
66.4654
66.4654
66.4654
66.4654
66.4654
66.4654
66.4654
66.4654
66.4654
66.4654
66.4654
66.4654
66.4654
66.4654
66.4654
66.4654
66.4654
66.4654
66.4654
66.4654
66.4654
66.4654
66.4654
66.4654
66.4654
66.4654
66.4654
66.4654
66.4654
66.4654
66.4654
66.4654
66.4654
66.4654
66.4654
66.4654
66.4654
66.4654
66.4654
66.4654
66.4654
66.4654
66.4654
66.4654
66.4654
66.4654
66.4654
66.4654
66.4654
66.4654
66.4654
66.4654
66.4654
66.4654
66.4654
66.4654
66.4654
66.4654
66.4654
66.4654
66.4654
66.4654
66.4654
66.4654
66.4654
66.4654
66.4654
66.4654
66.4654
66.4654
66.4654
66.4654
66.4654
66.4654
66.4654
66.4654
66.4654
66.4654
66.4654
66.4654
66.4654
66.4654
66.4654
66.4654
66.4654
66.4654
66.4654
66.4654
66.4654
66.4654
66.4654
66.4654
66.4654
66.4654
66.4654
66.4654
66.4654
66.4654
66.4654
66.4654
66.4654
66.4654
66.4654
66.4654
66.4654
66.4654
66.4654
66.4654
66.4654
66.4654
66.4654
66.4654
66.4654
66.4654
66.4654
66.4654
66.4654
66.4654
66.4654
66.4654
66.4654
66.4654
66.4654
66.4654
66.4654
66.4654
66.4654
66.4654
66.4654
66.4654
66.4654
66.4654
66.4654
66.4654
66.4654
66.4654
66.4654
66.4654
66.4654
66.4654
66.4654
66.4654
66.4654
66.4654
66.4654
66.4654
66.4654
66.4654
66.4654
66.4654
66.4654
66.4654
66.4654
66.4654
66.4654
66.4654
66.4654
66.4654
66.4654
66.4654
66.4654
66.4654
66.4654
66.4654
66.4654
66.4654
66.4654
66.4654
66.464
66.4599
66.4447
66.4309
66.4309
66.4309
66.4309
66.4309
66.4309
66.4309
66.4309
66.4309
66.4309
66.4309
66.4309
66.4309
66.4309
66.4309
66.4309
66.4309
66.4309
66.4309
66.4309
66.4309
66.4309
66.4309
66.4309
66.4309
66.4309
66.4309
66.4309
66.4309
66.4309
66.4309
66.4309
66.4309
66.4309
66.4309
66.4309
66.4309
66.4309
66.4309
66.4309
66.4309
66.4309
66.4309
66.4309
66.4309
66.4309
66.4309
66.4309
66.4309
66.4309
66.4309
66.4309
66.4309
66.4309
66.4309
66.4309
66.4309
66.4309
66.4309
66.4309
66.4309
66.4309
66.4309
66.4309
66.4309
66.4309
66.4309
66.4309
66.4309
66.4309
66.4309
66.4309
66.4309
66.4309
66.4309
66.4309
66.4309
66.4309
66.4309
66.4309
66.4309
66.4309
66.4309
66.4309
66.4309
66.4309
66.4309
66.4309
66.4309
66.4309
66.4309
66.4309
66.4309
66.4309
66.4309
66.4309
66.4309
66.4309
66.4309
66.4309
66.4309
66.4309
66.4309
66.4309
66.4309
66.4309
66.4309
66.4309
66.4309
66.4309
66.4309
66.4309
66.4309
66.4309
66.4309
66.4309
66.4309
66.4228
66.4012
66.3012
66.2958
66.2958
66.2958
66.2958
66.2958
66.2958
66.2955
66.2958
66.2958
66.2958
66.2958
66.2958
66.2958
66.2958
66.2958
66.2958
66.2958
66.2944
66.2901
66.2821
66.2821
66.2821
66.2821
66.2821
66.2821
66.2821
66.2821
66.2821
66.2821
66.2821
66.2821
66.2821
66.2821
66.2821
66.2821
66.2821
66.2821
66.2821
66.2821
66.2821
66.2821
66.2821
66.2821
66.2821
66.2821
66.2821
66.2821
66.2821
66.2821
66.2821
66.2821
66.2821
66.2821
66.2821
66.2821
66.2821
66.2821
66.2821
66.2821
66.2821
66.2821
66.2821
66.2821
66.2821
66.2821
66.2821
66.2821
66.2821
66.2821
66.2821
66.2821
66.2821
66.2821
66.2821
66.2821
66.2821
66.2821
66.2821
66.2821
66.2821
66.2821
66.2821
66.2821
66.2821
66.2821
66.2821
66.2821
66.2821
66.2821
66.2821
66.2821
66.2821
66.2821
66.2821
66.2821
66.2821
66.2821
66.2821
66.2821
66.2821
66.2821
66.2821
66.2821
66.2821
66.2821
66.2821
66.2821
66.2821
66.2821
66.2821
66.2821
66.2821
66.2821
66.2821
66.2821
66.2821
66.2821
66.2821
66.2821
66.2821
66.2821
66.2821
66.2821
66.2821
66.2821
66.2821
66.2821
66.2821
66.2821
66.2821
66.2821
66.2821
66.2821
66.2821
66.2821
66.2821
66.2821
66.2821
66.2821
66.2821
66.2821
66.2821
66.2821
66.2821
66.2821
66.2821
66.2821
66.2821
66.2821
66.2821
66.2821
66.2821
66.2821
66.2821
66.2821
66.2821
66.2821
66.2821
66.2821
66.2821
66.2821
66.2821
66.2821
66.2821
66.2821
66.2821
66.2821
66.2821
66.2821
66.2821
66.2821
66.2821
66.2821
66.2821
66.2821
66.2821
66.2821
66.2821
66.2821
66.2821
66.2821
66.2821
66.2821
66.2821
66.2821
66.2821
66.2821
66.2821
66.2821
66.2821
66.2821
66.2821
66.2821
66.2821
66.2821
66.2821
66.2821
66.2821
66.2821
66.2821
66.2821
66.2821
66.2821
66.2821
66.2821
66.2821
66.2821
66.2821
66.2821
66.2821
66.2821
66.2821
66.2821
66.2821
66.2821
66.2821
66.2821
66.2821
66.2821
66.2821
66.2821
66.2821
66.2821
66.2821
66.2821
66.2821
66.2821
66.2821
66.2821
66.2821
66.2821
66.2821
66.2821
66.2648
66.2128
66.0338
65.9933
65.9933
65.9933
65.9933
65.9933
65.9933
65.9933
65.9933
65.9933
65.9933
65.9933
65.9933
65.9933
65.9933
65.9933
65.9933
65.9933
65.9933
65.9933
65.9933
65.9933
65.9933
65.9933
65.9933
65.9933
65.9933
65.9933
65.9933
65.9933
65.9933
65.9933
65.9933
65.9933
65.9933
65.9933
65.9933
65.9933
65.9933
65.9933
65.9933
65.9933
65.9933
65.9933
65.9933
65.9933
65.9933
65.9933
65.9933
65.9933
65.9933
65.9933
65.9933
65.9933
65.9933
65.9933
65.9933
65.9933
65.9933
65.9933
65.9933
65.9933
65.9933
65.9933
65.9933
65.9933
65.9933
65.9933
65.9933
65.9933
65.9933
65.9933
65.9933
65.9933
65.9933
65.9933
65.9933
65.9933
65.9933
65.9933
65.9933
65.9933
65.9933
65.9933
65.9933
65.9933
65.9933
65.9933
65.9933
65.9933
65.9933
65.9933
65.9933
65.9933
65.9904
65.9882
65.9773
65.9569
65.9569
65.9569
65.9569
65.9569
65.9569
65.9569
65.9569
65.9569
65.9569
65.9569
65.9569
65.9569
65.9569
65.9569
65.9569
65.9569
65.9569
65.9569
65.9569
65.9569
65.9569
65.9569
65.9569
65.9569
65.9569
65.9569
65.9569
65.9569
65.9569
65.9569
65.9569
65.9569
65.9569
65.9569
65.9569
65.9569
65.9569
65.9569
65.9569
65.9569
65.9569
65.9569
65.9569
65.9569
65.9569
65.9569
65.9569
65.9569
65.9569
65.9569
65.9569
65.9569
65.9569
65.9569
65.9569
65.9569
65.9569
65.9569
65.9569
65.9569
65.9569
65.9569
65.9569
65.9569
65.9569
65.9569
65.9569
65.9569
65.9569
65.9569
65.9569
65.9569
65.9569
65.9569
65.9569
65.9569
65.9569
65.9569
65.9569
65.9569
65.9569
65.9569
65.9112
65.7832
65.4997
65.4997
65.4997
65.4997
65.4997
65.4997
65.4997
65.4997
65.4997
65.4997
65.4997
65.4997
65.4997
65.4997
65.4997
65.4997
65.4997
65.4997
65.4997
65.4997
65.4997
65.4997
65.4997
65.4997
65.4997
65.4997
65.4997
65.4997
65.4997
65.4997
65.4997
65.4997
65.4997
65.4997
65.4997
65.4997
65.4997
65.4997
65.4997
65.4997
65.4997
65.4997
65.4997
65.4997
65.4997
65.4997
65.4997
65.4997
65.4997
65.4997
65.4997
65.4997
65.4997
65.4997
65.4997
65.4997
65.4997
65.4997
65.4997
65.4997
65.4997
65.4997
65.4997
65.4997
65.4997
65.4997
65.4997
65.4997
65.4997
65.4997
65.4997
65.4997
65.4997
65.4997
65.4997
65.4997
65.4997
65.4997
65.4997
65.4997
65.4997
65.4997
65.4997
65.4997
65.4997
65.4997
65.4997
65.4997
65.4997
65.4997
65.4997
65.4997
65.4997
65.4997
65.4997
65.4997
65.4997
65.4997
65.4997
65.4997
65.4997
65.4997
65.4997
65.4997
65.4997
65.4997
65.4997
65.4997
65.4997
65.4997
65.4997
65.4997
65.4997
65.4997
65.4997
65.4997
65.4997
65.4997
65.4997
65.4997
65.4997
65.4997
65.4997
65.4997
65.4997
65.4997
65.4997
65.4997
65.4997
65.4997
65.4997
65.4997
65.4997
65.4997
65.4997
65.4997
65.4997
65.4997
65.4997
65.4997
65.4997
65.4997
65.4997
65.4997
65.4997
65.4997
65.4997
65.4997
65.4997
65.4997
65.4997
65.4997
65.4997
65.4997
65.4997
65.4997
65.4997
65.4997
65.4997
65.4997
65.4997
65.4997
65.4997
65.4997
65.4997
65.4997
65.4997
65.4997
65.4997
65.4997
65.4997
65.4997
65.4997
65.4997
65.4997
65.4997
65.4997
65.4997
65.4997
65.4997
65.4997
65.4997
65.4997
65.4997
65.4997
65.4997
65.4997
65.4997
65.4997
65.4997
65.4997
65.4997
65.4997
65.4997
65.4997
65.4997
65.4997
65.4997
65.4997
65.4997
65.4997
65.4997
65.4997
65.4997
65.4997
65.4997
65.4997
65.4997
65.4997
65.4997
65.4997
65.4997
65.4997
65.4997
65.4997
65.4997
65.4997
65.4997
65.4997
65.4997
65.4997
65.4997
65.4997
65.4997
65.4997
65.4997
65.4997
65.4997
65.4997
65.4997
65.4997
65.4997
65.4997
65.4997
65.4997
65.4997
65.4997
65.4997
65.4997
65.4997
65.4997
65.4997
65.4997
65.4997
65.4997
65.4997
65.4997
65.4997
65.4997
65.4997
65.4997
65.4997
65.4997
65.4997
65.4997
65.4997
65.4997
65.4997
65.4997
65.4997
65.4997
65.4997
65.4997
65.4997
65.4997
65.4997
65.4997
65.4997
65.4997
65.4997
65.4997
65.4997
65.4997
65.4997
65.4997
65.4997
65.4997
65.4997
65.4997
65.4997
65.4997
65.4997
65.4997
65.4997
65.4997
65.4997
65.4997
65.4997
65.4997
65.4997
65.4997
65.4997
65.4997
65.4997
65.4997
65.4997
65.4997
65.4997
65.4997
65.4997
65.4997
65.4997
65.4997
65.4997
65.4997
65.4997
65.4997
65.4997
65.4997
65.4997
65.4997
65.4997
65.4997
65.4997
65.4997
65.4997
65.4997
65.4997
65.4997
65.4997
65.4997
65.4997
65.4997
65.4997
65.4997
65.4997
65.4997
65.4997
65.4997
65.4997
65.4997
65.4997
65.4997
65.4997
65.4997
65.4997
65.4997
65.4997
65.4997
65.4997
65.4997
65.4997
65.4997
65.4997
65.4997
65.4997
65.4997
65.4997
65.4997
65.4997
65.4997
65.4997
65.4997
65.4997
65.4997
65.4997
65.4997
65.4997
65.4997
65.4997
65.4997
65.4997
65.4997
65.4997
65.4997
65.4997
65.4997
65.4997
65.4997
65.4997
65.4997
65.4997
65.4997
65.4997
65.4997
65.4997
65.4997
65.4997
65.4997
65.4997
65.4997
65.4997
65.4997
65.4997
65.4997
65.4997
65.4997
65.4997
65.4997
65.4997
65.4997
65.4997
65.4997
65.4997
65.4997
65.4997
65.4997
65.4997
65.4997
65.4997
65.4997
65.4997
65.4997
65.4997
65.4997
65.4997
65.4997
65.4997
65.4997
65.4997
65.4997
65.4997
65.4997
65.4997
65.4997
65.4997
65.4997
65.4997
65.4997
65.4997
65.4997
65.4997
65.4997
65.4997
65.4997
65.4997
65.4997
65.4997
65.4997
65.4997
65.4997
65.4997
65.4997
65.4997
65.4997
65.4997
65.4997
65.4997
65.4997
65.4997
65.4997
65.4997
65.4997
65.4997
65.4997
65.4997
65.4997
65.4997
65.4997
65.4997
65.4997
65.4997
65.4997
65.4997
65.4997
65.4997
65.4997
65.4997
65.4997
65.4997
65.4997
65.4997
65.4997
65.4997
65.4997
65.4997
65.4997
65.4997
65.4997
65.4997
65.4997
65.4997
65.4997
65.4997
65.4997
65.4997
65.4997
65.4997
65.4997
65.4997
65.4997
65.4997
65.4997
65.4997
65.4997
65.4997
65.4997
65.4997
65.4997
65.4997
65.4997
65.4997
65.4997
65.4997
65.4997
65.4997
65.4997
65.4997
65.4997
65.4997
65.4997
65.4997
65.4997
65.4997
65.4997
65.4997
65.4997
65.4997
65.4997
65.4997
65.4997
65.4997
65.4997
65.4997
65.4997
65.4997
65.4997
65.4997
65.4997
65.4997
65.4997
65.4997
65.4997
65.4997
65.4997
65.4997
65.4997
65.4997
65.4997
65.4997
65.4997
65.4997
65.4997
65.4997
65.4997
65.4997
65.4997
65.4997
65.4997
65.4997
65.4997
65.4997
65.4997
65.4997
65.4997
65.4997
65.4997
65.4997
65.4997
65.4997
65.4997
65.4997
65.4997
65.4997
65.4997
65.4997
65.4997
65.4997
65.4997
65.4997
65.4997
65.4997
65.4997
65.4997
65.4997
65.4997
65.4997
65.4997
65.4997
65.4997
65.4997
65.4997
65.4997
65.4997
65.4997
65.4997
65.4997
65.4997
65.4997
65.4997
65.4997
65.4997
65.4997
65.4997
65.4997
65.4997
65.4997
65.4997
65.4997
65.4997
65.4997
65.4997
65.4997
65.4997
65.4997
65.4997
65.4997
65.4997
65.4997
65.4997
65.4997
65.4997
65.4997
65.4997
65.4997
65.4997
65.4997
65.4997
65.4997
65.4997
65.4997
65.4997
65.4997
65.4997
65.4997
65.4997
65.4997
65.4997
65.4997
65.4997
65.4997
65.4997
65.4997
65.4997
65.4997
65.4997
65.4997
65.4997
65.4997
65.4997
65.4997
65.4997
65.4997
65.4997
65.4997
65.4997
65.4997
65.4997
65.4997
65.4997
65.4997
65.4997
65.4997
65.4997
65.4997
65.4997
65.4997
65.4997
65.4997
65.4997
65.4997
65.4997
65.4997
65.4997
65.4997
65.4997
65.4997
65.4997
65.4997
65.4997
65.4997
65.4997
65.4997
65.4997
65.4997
65.4997
65.4997
65.4997
65.4997
65.4997
65.4997
65.4997
65.4997
65.4997
65.4997
65.4997
65.4997
65.4997
65.4997
65.4997
65.4997
65.4997
65.4997
65.4997
65.4997
65.4997
65.4997
65.4997
65.4997
65.4997
65.4997
65.4997
65.4997
65.4997
65.4997
65.4997
65.4997
65.4997
65.4997
65.4997
65.4997
65.4997
65.4997
65.4997
65.4997
65.4997
65.4997
65.4997
65.4997
65.4997
65.4997
65.4997
65.4997
65.4997
65.4997
65.4997
65.4997
65.4997
65.4997
65.4997
65.4997
65.4997
65.4997
65.4997
65.4997
65.4997
65.4997
65.4997
65.4997
65.4997
65.4997
65.4997
65.4997
65.4997
65.4997
65.4997
65.4997
65.4997
65.4997
65.4997
65.4997
65.4997
65.4997
65.4997
65.4997
65.4997
65.4997
65.4997
65.4997
65.4997
65.4997
65.4997
65.4997
65.4997
65.4997
65.4997
65.4997
65.4997
65.4997
65.4997
65.4997
65.4997
65.4997
65.4997
65.4997
65.4997
65.4997
65.4997
65.4997
65.4997
65.4997
65.4997
65.4997
65.4997
65.4997
65.4997
65.4997
65.4997
65.4997
65.4997
65.4997
65.4997
65.4997
65.4997
65.4997
65.4997
65.4997
65.4997
65.4997
65.4997
65.4997
65.4997
65.4997
65.4997
65.4997
65.4997
65.4997
65.4997
65.4997
65.4997
65.4997
65.4997
65.4997
65.4997
65.4997
65.4997
65.4997
65.4997
65.4997
65.4997
65.4997
65.4997
65.4997
65.4997
65.4997
65.4997
65.4997
65.4997
65.4997
65.4997
65.4997
65.4997
65.4997
65.4997
65.4997
65.4997
65.4997
65.4997
65.4997
65.4997
65.4997
65.4997
65.4997
65.4997
65.4997
65.4997
65.4997
65.4997
65.4997
65.4997
65.4997
65.4997
65.4997
65.4997
65.4997
65.4997
65.4997
65.4997
65.4997
65.4997
65.4997
65.4997
65.4997
65.4997
65.4997
65.4997
65.4997
65.4997
65.4997
65.4997
65.4997
65.4997
65.4997
65.4997
65.4997
65.4997
65.4997
65.4997
65.4997
65.4997
65.4997
65.4997
65.4997
65.4997
65.4997
65.4997
65.4997
65.4997
65.4997
65.4997
65.4997
65.4997
65.4997
65.4997
65.4997
65.4997
65.4997
65.4997
65.4997
65.4997
65.4997
65.4997
65.4997
65.4997
65.4997
65.4997
65.4997
65.4997
65.4997
65.4997
65.4997
65.4997
65.4997
65.4997
65.4997
65.4997
65.4997
65.4997
65.4997
65.4997
65.4997
65.4997
65.4997
65.4997
65.4997
65.4997
65.4997
65.4997
65.4997
65.4997
65.4997
65.4997
65.4997
65.4997
65.4997
65.4997
65.4997
65.4997
65.4997
65.4997
65.4997
65.4997
65.4997
65.4997
65.4997
65.4997
65.4997
65.4997
65.4997
65.4997
65.4997
65.4997
65.4997
65.4997
65.4997
65.4997
65.4997
65.4997
65.4997
65.4997
65.4997
65.4997
65.4997
65.4997
65.4997
65.4997
65.4997
65.4997
65.4997
65.4997
65.4997
65.4997
65.4997
65.4997
65.4997
65.4997
65.4997
65.4997
65.4997
65.4997
65.4997
65.4997
65.4997
65.4997
65.4997
65.4997
65.4997
65.4997
65.4997
65.4997
65.4997
65.4997
65.4997
65.4997
65.4997
65.4997
65.4997
65.4997
65.4997
65.4997
65.4997
65.4997
65.4997
65.4997
65.4997
65.4997
65.4997
65.4997
65.4997
65.4997
65.4997
65.4997
65.4997
65.4997
65.4997
65.4997
65.4997
65.4997
65.4997
65.4997
65.4997
65.4997
65.4997
65.4997
65.4997
65.4997
65.4997
65.4997
65.4997
65.4997
65.4997
65.4997
65.4997
65.4997
65.4997
65.4997
65.4997
65.4997
65.4997
65.4997
65.4997
65.4997
65.4997
65.4997
65.4997
65.4997
65.4997
65.4997
65.4997
65.4997
65.4997
65.4997
65.4997
65.4997
65.4997
65.4997
65.4997
65.4997
65.4997
65.4997
65.4997
65.4997
65.4997
65.4997
65.4997
65.4997
65.4997
65.4997
65.4997
65.4997
65.4997
65.4997
65.4997
65.4997
65.4997
65.4997
65.4997
65.4997
65.4997
65.4997
65.4997
65.4997
65.4997
65.4997
65.4997
65.4997
65.4997
65.4997
65.4997
65.4997
65.4997
65.4997
65.4997
65.4997
65.4997
65.4997
65.4997
65.4997
65.4997
65.4997
65.4997
65.4997
65.4997
65.4997
65.4997
65.4997
65.4997
65.4997
65.4997
65.4997
65.4997
65.4997
65.4997
65.4997
65.4997
65.4997
65.4997
65.4997
65.4997
65.4997
65.4997
65.4997
65.4997
65.4997
65.4997
65.4997
65.4997
65.4997
65.4997
65.4997
65.4997
65.4997
65.4997
65.4997
65.4997
65.4997
65.4997
65.4997
65.4997
65.4997
65.4997
65.4997
65.4997
65.4997
65.4997
65.4997
65.4997
65.4997
65.4997
65.4997
65.4997
65.4997
65.4997
65.4997
65.4997
65.4997
65.4997
65.4997
65.4997
65.4997
65.4997
65.4997
65.4997
65.4997
65.4997
65.4997
65.4997
65.4997
65.4997
65.4997
65.4997
65.4997
65.4997
65.4997
65.4997
65.4997
65.4997
65.4997
65.4997
65.4997
65.4997
65.4997
65.4997
65.4997
65.4997
65.4997
65.4997
65.4997
65.4997
65.4997
65.4997
65.4997
65.4997
65.4997
65.4997
65.4997
65.4997
65.4997
65.4997
65.4997
65.4997
65.4997
65.4997
65.4997
65.4997
65.4997
65.4997
65.4997
65.4997
65.4997
65.4997
65.4997
65.4997
65.4997
65.4997
65.4997
65.4997
65.4997
65.4997
65.4997
65.4997
65.4997
65.4997
65.4997
65.4997
65.4997
65.4997
65.4997
65.4997
65.4997
65.4997
65.4997
65.4997
65.4997
65.4997
65.4997
65.4997
65.4997
65.4997
65.4997
65.4997
65.4997
65.4997
65.4997
65.4997
65.4997
65.4997
65.4997
65.4997
65.4997
65.4997
65.4997
65.4997
65.4997
65.4997
65.4997
65.4997
65.4997
65.4997
65.4997
65.4997
65.4997
65.4997
65.4997
65.4997
65.4997
65.4997
65.4997
65.4997
65.4997
65.4997
65.4997
65.4997
65.4997
65.4997
65.4997
65.4997
65.4997
65.4997
65.4997
65.4997
65.4997
65.4997
65.4997
65.4997
65.4997
65.4997
65.4997
65.4997
65.4997
65.4997
65.4997
65.4997
65.4997
65.4997
65.4997
65.4997
65.4997
65.4997
65.4997
65.4997
65.4997
65.4997
65.4997
65.4997
65.4997
65.4997
65.4997
65.4997
65.4997
65.4997
65.4997
65.4997
65.4997
65.4997
65.4997
65.4997
65.4997
65.4997
65.4997
65.4997
65.4997
65.4997
65.4997
65.4997
65.4997
65.4997
65.4997
65.4997
65.4997
65.4997
65.4997
65.4997
65.4997
65.4997
65.4997
65.4997
65.4997
65.4997
65.4997
65.4997
65.4997
65.4997
65.4997
65.4997
65.4997
65.4997
65.4997
65.4997
65.4997
65.4997
65.4997
65.4997
65.4997
65.4997
65.4997
65.4997
65.4997
65.4997
65.4997
65.4997
65.4997
65.4997
65.4997
65.4997
65.4997
65.4997
65.4997
65.4997
65.4997
65.4997
65.4997
65.4997
65.4997
65.4997
65.4997
65.4997
65.4997
65.4997
65.4997
65.4997
65.4997
65.4997
65.4997
65.4997
65.4997
65.4997
65.4997
65.4997
65.4997
65.4997
65.4997
65.4997
65.4997
65.4997
65.4997
65.4997
65.4997
65.4997
65.4997
65.4997
65.4997
65.4997
65.4997
65.4997
65.4997
65.4997
65.4997
65.4997
65.4997
65.4997
65.4997
65.4997
65.4997
65.4997
65.4997
65.4997
65.4997
65.4997
65.4997
65.4997
65.4997
65.4997
65.4997
65.4997
65.4997
65.4997
65.4997
65.4997
65.4997
65.4997
65.4997
65.4997
65.4997
65.4997
65.4997
65.4997
65.4997
65.4997
65.4997
65.4997
65.4997
65.4997
65.4997
65.4997
65.4997
65.4997
65.4997
65.4997
65.4997
65.4997
65.4997
65.4997
65.4997
65.4997
65.4997
65.4997
65.4997
65.4997
65.4997
65.4997
65.4997
65.4997
65.4997
65.4997
65.4997
65.4997
65.4997
65.4997
65.4997
65.4997
65.4997
65.4997
65.4997
65.4997
65.4997
65.4997
65.4997
65.4997
65.4997
65.4997
65.4997
65.4997
65.4997
65.4997
65.4997
65.4997
65.4997
65.4997
65.4997
65.4997
65.4997
65.4997
65.4997
65.4997
65.4997
65.4997
65.4997
65.4997
65.4997
65.4997
65.4997
65.4997
65.4997
65.4997
65.4997
65.4997
65.4997
65.4997
65.4997
65.4997
65.4997
65.4997
65.4997
65.4997
65.4997
65.4997
65.4997
65.4997
65.4997
65.4997
65.4997
65.4997
65.4997
65.4997
65.4997
65.4997
65.4997
65.4997
65.4997
65.4997
65.4997
65.4997
65.4997
65.4997
65.4997
65.4997
65.4997
65.4997
65.4997
65.4997
65.4997
65.4997
65.4997
65.4997
65.4997
65.4997
65.4997
65.4997
65.4997
65.4997
65.4997
65.4997
65.4997
65.4997
65.4997
65.4997
65.4997
65.4997
65.4997
65.4997
65.4997
65.4997
65.4997
65.4997
65.4997
65.4997
65.4997
65.4997
65.4997
65.4997
65.4997
65.4997
65.4997
65.4997
65.4997
65.4997
65.4997
65.4997
65.4997
65.4997
65.4997
65.4997
65.4997
65.4997
65.4997
65.4997
65.4997
65.4997
65.4997
65.4997
65.4997
65.4997
65.4997
65.4997
65.4997
65.4997
65.4997
65.4997
65.4997
65.4997
65.4997
65.4997
65.4997
65.4997
65.4997
65.4997
65.4997
65.4997
65.4997
65.4997
65.4997
65.4997
65.4997
65.4997
65.4997
65.4997
65.4997
65.4997
65.4997
65.4997
65.4997
65.4997
65.4997
65.4997
65.4997
65.4997
65.4997
65.4997
65.4997
65.4997
65.4997
65.4997
65.4997
65.4997
65.4997
65.4997
65.4997
65.4997
65.4997
65.4997
65.4997
65.4997
65.4997
65.4997
65.4997
65.4997
65.4997
65.4997
65.4997
65.4997
65.4997
65.4997
65.4997
65.4997
65.4997
65.4997
65.4997
65.4997
65.4997
65.4997
65.4997
65.4997
65.4997
65.4997
65.4997
65.4997
65.4997
65.4997
65.4997
65.4997
65.4997
65.4997
65.4997
65.4997
65.4997
65.4997
65.4997
65.4997
65.4997
65.4997
65.4997
65.4997
65.4997
65.4997
65.4997
65.4997
65.4997
65.4997
65.4997
65.4997
65.4997
65.4997
65.4997
65.4997
65.4997
65.4997
65.4997
65.4997
65.4997
65.4997
65.4997
65.4997
65.4997
65.4997
65.4997
65.4997
65.4997
65.4997
65.4997
65.4997
65.4997
65.4997
65.4997
65.4997
65.4997
65.4997
65.4997
65.4997
65.4997
65.4997
65.4997
65.4997
65.4997
65.4997
65.4997
65.4997
65.4997
65.4997
65.4997
65.4997
65.4997
65.4997
65.4997
65.4997
65.4997
65.4997
65.4997
65.4997
65.4997
65.4997
65.4997
65.4997
65.4997
65.4997
65.4997
65.4997
65.4997
65.4997
65.4997
65.4997
65.4997
65.4997
65.4997
65.4997
65.4997
65.4997
65.4997
65.4997
65.4997
65.4997
65.4997
65.4997
65.4997
65.4997
65.4997
65.4997
65.4997
65.4997
65.4997
65.4997
65.4997
65.4997
65.4997
65.4997
65.4997
65.4997
65.4997
65.4997
65.4997
65.4997
65.4997
65.4997
65.4997
65.4997
65.4997
65.4997
65.4997
65.4997
65.4997
65.4997
65.4997
65.4997
65.4997
65.4997
65.4997
65.4997
65.4997
65.4997
65.4997
65.4997
65.4997
65.4997
65.4997
65.4997
65.4997
65.4997
65.4997
65.4997
65.4997
65.4997
65.4997
65.4997
65.4997
65.4997
65.4997
65.4997
65.4997
65.4997
65.4997
65.4997
65.4997
65.4997
65.4997
65.4997
65.4997
65.4997
65.4997
65.4997
65.4997
65.4997
65.4997
65.4997
65.4997
65.4997
65.4997
65.4997
65.4997
65.4997
65.4997
65.4997
65.4997
65.4997
65.4997
65.4997
65.4997
65.4997
65.4997
65.4997
65.4997
65.4997
65.4997
65.4997
65.4997
65.4997
65.4997
65.4997
65.4997
65.4997
65.4997
65.4997
65.4997
65.4997
65.4997
65.4997
65.4997
65.4997
65.4997
65.4997
65.4997
65.4997
65.4997
65.4997
65.4997
65.4997
65.4997
65.4997
65.4997
65.4997
65.4997
65.4997
65.4997
65.4997
65.4997
65.4997
65.4997
65.4997
65.4997
65.4997
65.4997
65.4997
65.4997
65.4997
65.4997
65.4997
65.4997
65.4997
65.4997
65.4997
65.4997
65.4997
65.4997
65.4997
65.4997
65.4997
65.4997
65.4997
65.4997
65.4997
65.4997
65.4997
65.4997
65.4997
65.4997
65.4997
65.4997
65.4997
65.4997
65.4997
65.4997
65.4997
65.4997
65.4997
65.4997
65.4997
65.4997
65.4997
65.4997
65.4997
65.4997
65.4997
65.4997
65.4997
65.4997
65.4997
65.4997
65.4997
65.4997
65.4997
65.4997
65.4997
65.4997
65.4997
65.4997
65.4997
65.4997
65.4997
65.4997
65.4997
65.4997
65.4997
65.4997
65.4997
65.4997
65.4997
65.4997
65.4997
65.4997
65.4997
65.4997
65.4997
65.4997
65.4997
65.4997
65.4997
65.4997
65.4997
65.4997
65.4997
65.4997
65.4997
65.4997
65.4997
65.4997
65.4997
65.4997
65.4997
65.4997
65.4997
65.4997
65.4997
65.4997
65.4997
65.4997
65.4997
65.4997
65.4997
65.4997
65.4997
65.4997
65.4997
65.4997
65.4997
65.4997
65.4997
65.4997
65.4997
65.4997
65.4997
65.4997
65.4997
65.4997
65.4997
65.4997
65.4997
65.4997
65.4997
65.4997
65.4997
65.4997
65.4997
65.4997
65.4827
65.4614
65.3848
65.287
65.287
65.287
65.287
65.287
65.287
65.287
65.287
65.287
65.287
65.287
65.287
65.287
65.287
65.287
65.287
65.287
65.287
65.287
65.287
65.287
65.287
65.287
65.287
65.287
65.287
65.287
65.287
65.287
65.287
65.287
65.287
65.287
65.287
65.287
65.287
65.287
65.287
65.287
65.287
65.287
65.287
65.287
65.287
65.287
65.287
65.287
65.287
65.287
65.287
65.287
65.287
65.287
65.287
65.287
65.287
65.287
65.287
65.287
65.287
65.287
65.287
65.287
65.287
65.287
65.287
65.287
65.287
65.287
65.287
65.287
65.287
65.287
65.287
65.287
65.287
65.287
65.287
65.287
65.287
65.287
65.287
65.287
65.287
65.287
65.287
65.287
65.287
65.287
65.287
65.287
65.287
65.287
65.287
65.287
65.287
65.287
65.287
65.287
65.287
65.287
65.287
65.287
65.287
65.287
65.287
65.287
65.287
65.287
65.287
65.287
65.287
65.287
65.287
65.287
65.287
65.287
65.287
65.287
65.287
65.287
65.287
65.287
65.287
65.287
65.287
65.287
65.287
65.287
65.287
65.287
65.287
65.287
65.287
65.287
65.287
65.287
65.287
65.287
65.287
65.287
65.287
65.287
65.287
65.287
65.287
65.287
65.287
65.287
65.287
65.287
65.287
65.287
65.287
65.287
65.287
65.287
65.287
65.287
65.287
65.287
65.287
65.287
65.287
65.287
65.287
65.287
65.287
65.287
65.287
65.287
65.287
65.287
65.287
65.287
65.287
65.287
65.287
65.287
65.287
65.287
65.287
65.287
65.287
65.287
65.287
65.287
65.287
65.287
65.287
65.287
65.287
65.287
65.287
65.287
65.287
65.287
65.287
65.287
65.287
65.287
65.287
65.287
65.287
65.287
65.287
65.287
65.287
65.287
65.287
65.287
65.287
65.287
65.287
65.287
65.287
65.287
65.287
65.287
65.287
65.287
65.287
65.287
65.287
65.287
65.287
65.287
65.287
65.287
65.287
65.287
65.287
65.287
65.287
65.287
65.287
65.287
65.287
65.287
65.287
65.287
65.287
65.287
65.287
65.287
65.287
65.287
65.287
65.287
65.287
65.287
65.287
65.287
65.287
65.287
65.287
65.287
65.287
65.287
65.287
65.287
65.287
65.287
65.287
65.287
65.287
65.287
65.287
65.287
65.287
65.287
65.287
65.287
65.287
65.287
65.287
65.287
65.287
65.287
65.287
65.287
65.287
65.287
65.287
65.287
65.287
65.287
65.287
65.287
65.287
65.287
65.287
65.287
65.287
65.287
65.287
65.287
65.287
65.287
65.287
65.287
65.287
65.287
65.287
65.287
65.287
65.287
65.287
65.287
65.287
65.287
65.287
65.287
65.287
65.287
65.287
65.287
65.287
65.287
65.287
65.287
65.287
65.287
65.287
65.287
65.287
65.287
65.287
65.287
65.287
65.287
65.287
65.287
65.287
65.287
65.287
65.287
65.287
65.287
65.287
65.287
65.287
65.287
65.287
65.287
65.287
65.287
65.287
65.287
65.287
65.287
65.287
65.287
65.287
65.287
65.287
65.287
65.287
65.287
65.287
65.287
65.287
65.287
65.287
65.287
65.287
65.287
65.287
65.287
65.287
65.287
65.287
65.287
65.287
65.287
65.287
65.287
65.287
65.287
65.287
65.287
65.287
65.287
65.287
65.287
65.287
65.287
65.287
65.287
65.287
65.287
65.287
65.287
65.287
65.287
65.287
65.287
65.287
65.287
65.287
65.287
65.287
65.287
65.287
65.287
65.287
65.287
65.287
65.287
65.287
65.287
65.287
65.287
65.287
65.287
65.287
65.287
65.287
65.287
65.287
65.287
65.287
65.287
65.287
65.287
65.287
65.287
65.287
65.287
65.287
65.287
65.287
65.287
65.287
65.287
65.287
65.287
65.287
65.287
65.287
65.287
65.287
65.287
65.287
65.287
65.287
65.287
65.287
65.287
65.287
65.287
65.287
65.287
65.287
65.287
65.287
65.287
65.287
65.287
65.287
65.287
65.287
65.287
65.287
65.287
65.287
65.287
65.287
65.287
65.287
65.287
65.287
65.287
65.287
65.287
65.287
65.287
65.287
65.287
65.287
65.287
65.287
65.287
65.287
65.287
65.287
65.287
65.287
65.287
65.287
65.287
65.287
65.287
65.287
65.287
65.287
65.287
65.287
65.287
65.287
65.287
65.287
65.287
65.287
65.287
65.287
65.287
65.287
65.287
65.287
65.287
65.287
65.287
65.287
65.287
65.287
65.287
65.287
65.287
65.287
65.287
65.287
65.287
65.287
65.287
65.287
65.287
65.287
65.287
65.287
65.287
65.287
65.287
65.287
65.287
65.287
65.287
65.287
65.287
65.287
65.287
65.287
65.287
65.287
65.287
65.287
65.287
65.287
65.287
65.287
65.287
65.287
65.287
65.287
65.287
65.287
65.287
65.287
65.287
65.287
65.287
65.287
65.287
65.287
65.287
65.287
65.287
65.287
65.287
65.287
65.287
65.287
65.287
65.287
65.287
65.287
65.287
65.287
65.287
65.287
65.287
65.287
65.287
65.287
65.287
65.287
65.287
65.287
65.287
65.287
65.287
65.287
65.287
65.287
65.287
65.287
65.287
65.287
65.287
65.287
65.287
65.287
65.287
65.287
65.287
65.287
65.287
65.287
65.287
65.287
65.287
65.287
65.287
65.287
65.287
65.287
65.287
65.287
65.287
65.287
65.287
65.287
65.287
65.287
65.287
65.287
65.287
65.287
65.287
65.287
65.287
65.287
65.287
65.287
65.287
65.287
65.287
65.287
65.287
65.287
65.287
65.287
65.287
65.287
65.287
65.287
65.287
65.287
65.287
65.287
65.287
65.287
65.287
65.287
65.287
65.287
65.287
65.287
65.287
65.287
65.287
65.287
65.287
65.287
65.287
65.287
65.287
65.287
65.287
65.287
65.287
65.287
65.287
65.287
65.287
65.287
65.287
65.287
65.287
65.287
65.287
65.287
65.287
65.287
65.287
65.287
65.287
65.287
65.287
65.287
65.287
65.287
65.287
65.287
65.287
65.287
65.287
65.287
65.287
65.287
65.287
65.287
65.287
65.287
65.287
65.287
65.287
65.287
65.287
65.287
65.287
65.287
65.287
65.287
65.287
65.287
65.287
65.287
65.287
65.287
65.287
65.287
65.287
65.287
65.287
65.287
65.287
65.287
65.287
65.287
65.287
65.287
65.287
65.287
65.287
65.287
65.287
65.287
65.287
65.287
65.287
65.287
65.287
65.287
65.287
65.287
65.287
65.287
65.287
65.287
65.287
65.287
65.287
65.287
65.287
65.287
65.287
65.287
65.287
65.287
65.287
65.287
65.287
65.287
65.287
65.287
65.287
65.287
65.287
65.287
65.287
65.287
65.287
65.287
65.287
65.287
65.287
65.287
65.287
65.287
65.287
65.287
65.287
65.287
65.287
65.287
65.287
65.287
65.287
65.287
65.287
65.287
65.287
65.287
65.287
65.287
65.287
65.287
65.287
65.287
65.287
65.287
65.287
65.287
65.287
65.287
65.287
65.287
65.287
65.287
65.287
65.287
65.287
65.287
65.287
65.287
65.287
65.287
65.287
65.287
65.287
65.287
65.287
65.287
65.287
65.287
65.287
65.287
65.287
65.287
65.287
65.287
65.287
65.287
65.287
65.287
65.287
65.287
65.287
65.287
65.287
65.287
65.287
65.287
65.287
65.287
65.287
65.287
65.287
65.287
65.287
65.287
65.287
65.287
65.287
65.287
65.287
65.287
65.287
65.287
65.287
65.287
65.287
65.287
65.287
65.287
65.287
65.287
65.287
65.287
65.287
65.287
65.287
65.287
65.287
65.287
65.318
65.287
65.287
65.287
65.287
65.287
65.287
65.287
65.287
65.287
65.287
65.287
65.287
65.287
65.287
65.287
65.287
65.287
65.287
65.287
65.287
65.287
65.287
65.287
65.287
65.287
65.287
65.287
65.287
65.287
65.287
65.287
65.287
65.287
65.287
65.287
65.287
65.287
65.287
65.287
65.287
65.287
65.287
65.287
65.287
65.287
65.287
65.287
65.287
65.287
65.287
65.287
65.287
65.287
65.287
65.287
65.287
65.287
65.287
65.287
65.287
65.287
65.287
65.287
65.287
65.287
65.287
65.287
65.287
65.287
65.287
65.287
65.287
65.287
65.287
65.287
65.287
65.287
65.287
65.287
65.287
65.287
65.287
65.287
65.287
65.287
65.287
65.287
65.287
65.287
65.287
65.287
65.287
65.287
65.287
65.287
65.287
65.287
65.287
65.287
65.287
65.287
65.287
65.287
65.287
65.287
65.287
65.287
65.287
65.287
65.287
65.287
65.287
65.287
65.287
65.287
65.287
65.287
65.287
65.287
65.287
65.287
65.287
65.287
65.287
65.287
65.287
65.287
65.287
65.287
65.287
65.287
65.287
65.287
65.287
65.287
65.287
65.287
65.287
65.287
65.287
65.287
65.287
65.287
65.287
65.287
65.287
65.287
65.287
65.287
65.287
65.287
65.287
65.287
65.287
65.287
65.287
65.287
65.287
65.287
65.287
65.287
65.287
65.287
65.287
65.287
65.287
65.287
65.287
65.287
65.287
65.287
65.287
65.287
65.287
65.287
65.287
65.287
65.287
65.287
65.287
65.287
65.287
65.287
65.287
65.287
65.287
65.287
65.287
65.287
65.287
65.287
65.287
65.287
65.287
65.287
65.287
65.287
65.287
65.287
65.287
65.287
65.287
65.287
65.287
65.287
65.287
65.287
65.287
65.287
65.287
65.287
65.287
65.287
65.287
65.287
65.287
65.287
65.287
65.287
65.287
65.287
65.287
65.287
65.287
65.287
65.287
65.287
65.287
65.287
65.287
65.287
65.287
65.287
65.287
65.287
65.287
65.287
65.287
65.287
65.287
65.287
65.287
65.287
65.287
65.287
65.287
65.287
65.287
65.287
65.287
65.287
65.287
65.287
65.287
65.287
65.287
65.287
65.287
65.287
65.287
65.287
65.287
65.287
65.287
65.287
65.287
65.287
65.287
65.287
65.287
65.287
65.287
65.287
65.287
65.287
65.287
65.287
65.287
65.287
65.287
65.287
65.287
65.287
65.287
65.287
65.287
65.287
65.287
65.287
65.287
65.287
65.287
65.287
65.287
65.287
65.287
65.287
65.287
65.287
65.287
65.287
65.287
65.287
65.287
65.287
65.287
65.287
65.287
65.287
65.287
65.287
65.287
65.287
65.287
65.287
65.287
65.287
65.287
65.287
65.287
65.287
65.287
65.287
65.287
65.287
65.287
65.287
65.287
65.287
65.287
65.287
65.287
65.287
65.287
65.287
65.287
65.287
65.287
65.287
65.287
65.287
65.287
65.287
65.287
65.287
65.287
65.287
65.287
65.287
65.287
65.287
65.287
65.287
65.287
65.287
65.287
65.287
65.287
65.287
65.287
65.287
65.287
65.287
65.287
65.287
65.287
65.287
65.287
65.287
65.287
65.287
65.287
65.287
65.287
65.287
65.287
65.287
65.287
65.287
65.287
65.287
65.287
65.287
65.287
65.287
65.287
65.287
65.287
65.287
65.287
65.287
65.287
65.287
65.287
65.287
65.287
65.287
65.287
65.287
65.287
65.287
65.287
65.287
65.287
65.287
65.287
65.287
65.287
65.287
65.287
65.287
65.287
65.287
65.287
65.287
65.287
65.287
65.287
65.287
65.287
65.287
65.287
65.287
65.287
65.287
65.287
65.287
65.287
65.287
65.287
65.287
65.287
65.287
65.287
65.287
65.287
65.287
65.287
65.287
65.287
65.287
65.287
65.287
65.287
65.287
65.287
65.287
65.287
65.287
65.287
65.287
65.287
65.287
65.287
65.287
65.287
65.287
65.287
65.287
65.287
65.287
65.287
65.287
65.287
65.287
65.287
65.287
65.287
65.287
65.287
65.287
65.287
65.287
65.287
65.287
65.287
65.287
65.287
65.287
65.287
65.287
65.287
65.287
65.287
65.287
65.287
65.287
65.287
65.287
65.287
65.287
65.287
65.287
65.287
65.287
65.287
65.287
65.287
65.287
65.287
65.287
65.287
65.287
65.287
65.287
65.287
65.287
65.287
65.287
65.287
65.287
65.287
65.287
65.287
65.287
65.287
65.287
65.287
65.287
65.287
65.287
65.287
65.287
65.287
65.287
65.287
65.287
65.287
65.287
65.287
65.287
65.287
65.287
65.287
65.287
65.287
65.287
65.287
65.287
65.287
65.287
65.287
65.287
65.287
65.287
65.287
65.287
65.287
65.287
65.287
65.287
65.287
65.287
65.287
65.287
65.287
65.287
65.287
65.287
65.287
65.287
65.287
65.287
65.287
65.287
65.287
65.287
65.287
65.287
65.287
65.287
65.287
65.287
65.287
65.287
65.287
65.287
65.287
65.287
65.287
65.287
65.287
65.287
65.287
65.287
65.287
65.287
65.287
65.287
65.287
65.287
65.287
65.287
65.287
65.287
65.287
65.287
65.287
65.287
65.287
65.287
65.287
65.287
65.287
65.287
65.287
65.287
65.287
65.287
65.287
65.287
65.287
65.287
65.287
65.287
65.287
65.287
65.287
65.287
65.287
65.287
65.287
65.287
65.287
65.287
65.287
65.287
65.287
65.287
65.287
65.287
65.287
65.287
65.287
65.287
65.287
65.287
65.287
65.287
65.287
65.287
65.287
65.287
65.287
65.287
65.287
65.287
65.287
65.287
65.287
65.287
65.287
65.287
65.287
65.287
65.287
65.287
65.287
65.287
65.287
65.287
65.287
65.287
65.287
65.287
65.287
65.287
65.287
65.287
65.287
65.287
65.287
65.287
65.287
65.287
65.287
65.287
65.287
65.287
65.287
65.287
65.287
65.287
65.287
65.287
65.287
65.287
65.287
65.287
65.287
65.287
65.287
65.287
65.287
65.287
65.287
65.287
65.287
65.287
65.287
65.287
65.287
65.287
65.287
65.287
65.287
65.287
65.287
65.287
65.287
65.287
65.287
65.287
65.287
65.287
65.287
65.287
65.287
65.287
65.287
65.287
65.287
65.287
65.287
65.287
65.287
65.287
65.287
65.287
65.287
65.287
65.287
65.287
65.287
65.287
65.287
65.287
65.287
65.287
65.287
65.287
65.287
65.287
65.287
65.287
65.287
65.287
65.287
65.287
65.287
65.287
65.287
65.287
65.287
65.287
65.287
65.287
65.287
65.287
65.287
65.287
65.287
65.287
65.287
65.287
65.287
65.287
65.287
65.287
65.287
65.287
65.287
65.287
65.287
65.287
65.287
65.287
65.287
65.287
65.287
65.287
65.287
65.287
65.287
65.287
65.287
65.287
65.287
65.287
65.287
65.287
65.287
65.287
65.287
65.287
65.287
65.287
65.287
65.287
65.287
65.287
65.287
65.287
65.287
65.287
65.287
65.287
65.287
65.287
65.287
65.287
65.287
65.287
65.287
65.287
65.287
65.287
65.287
65.287
65.287
65.287
65.287
65.287
65.287
65.287
65.287
65.287
65.287
65.287
65.287
65.287
65.287
65.287
65.287
65.287
65.287
65.287
65.287
65.287
65.287
65.287
65.287
65.287
65.287
65.287
65.287
65.287
65.287
65.287
65.287
65.287
65.287
65.287
65.287
65.287
65.287
65.287
65.287
65.287
65.287
65.287
65.287
65.287
65.287
65.287
65.287
65.287
65.287
65.287
65.287
65.287
65.287
65.287
65.287
65.287
65.287
65.287
65.287
65.287
65.287
65.287
65.287
65.287
65.287
65.287
65.287
65.287
65.287
65.287
65.287
65.287
65.287
65.287
65.287
65.287
65.287
65.287
65.287
65.287
65.287
65.287
65.287
65.287
65.287
65.287
65.287
65.287
65.287
65.287
65.287
65.287
65.287
65.287
65.287
65.287
65.287
65.287
65.287
65.287
65.287
65.287
65.287
65.287
65.287
65.287
65.287
65.287
65.287
65.287
65.287
65.287
65.287
65.287
65.287
65.287
65.287
65.287
65.287
65.287
65.287
65.287
65.287
65.287
65.287
65.287
65.287
65.287
65.287
65.287
65.287
65.287
65.287
65.287
65.287
65.287
65.287
65.287
65.287
65.287
65.287
65.287
65.287
65.287
65.287
65.287
65.287
65.287
65.287
65.287
65.287
65.287
65.287
65.287
65.287
65.287
65.287
65.287
65.287
65.287
65.287
65.287
65.287
65.287
65.287
65.287
65.287
65.287
65.287
65.287
65.287
65.287
65.287
65.287
65.287
65.287
65.287
65.287
65.287
65.287
65.287
65.287
65.287
65.287
65.287
65.287
65.287
65.287
65.287
65.287
65.287
65.287
65.287
65.287
65.287
65.287
65.287
65.287
65.287
65.287
65.287
65.287
65.287
65.287
65.287
65.287
65.287
65.287
65.287
65.287
65.287
65.287
65.287
65.287
65.287
65.287
65.287
65.287
65.287
65.287
65.287
65.287
65.287
65.287
65.287
65.287
65.287
65.287
65.287
65.287
65.287
65.287
65.287
65.287
65.287
65.287
65.287
65.287
65.287
65.287
65.287
65.287
65.287
65.287
65.287
65.287
65.287
65.287
65.287
65.287
65.287
65.287
65.287
65.287
65.287
65.287
65.287
65.287
65.287
65.287
65.287
65.287
65.287
65.287
65.287
65.287
65.287
65.287
65.287
65.287
65.287
65.287
65.287
65.287
65.287
65.287
65.287
65.287
65.287
65.287
65.287
65.287
65.287
65.287
65.287
65.287
65.287
65.287
65.287
65.287
65.287
65.287
65.287
65.287
65.287
65.287
65.287
65.287
65.287
65.287
65.287
65.287
65.287
65.287
65.287
65.287
65.287
65.287
65.287
65.287
65.287
65.287
65.287
65.287
65.287
65.287
65.287
65.287
65.287
65.287
65.287
65.287
65.287
65.287
65.287
65.287
65.287
