# best half averages
2601.62
2419.96
2282.12
2089
1829.9
1742.14
1677.15
1626.56
1577.57
1529.67
1474.62
1440.72
1391.79
1347.91
1301.95
1275.87
1239.04
1196.81
1154.91
1139.22
1118.89
1094.29
1082.34
1064.29
1033.84
1013.15
1012.59
989.072
973.49
959.55
937.511
912.911
877.845
867.646
853.931
824.96
794.707
783.895
783.61
774.696
753.066
742.836
728.908
718.901
678.582
671.141
648.788
637.537
634.394
625.848
609.821
586.251
577.359
573.1
568.798
562.318
560.063
561.017
558.891
549.555
529.929
522.69
514.72
507.68
495.677
495.69
472.824
467.676
458.181
458.086
455.458
455.584
440.834
432.242
422.822
410.984
401.611
392.261
389.11
386.089
386.783
382.448
367.879
363.451
362.838
361.005
355.934
355.115
353.582
353.486
353.143
352.611
350.478
353.763
346.124
344.981
343.661
343.307
341.28
338.562
334.611
333.943
331.442
328.032
319.05
314.885
315.962
318.476
315.725
308.052
306.421
305.639
305.561
305.552
325.153
305.646
300.835
299.567
299.232
297.43
295.403
286.778
283.03
282.288
278.428
276.158
275.992
275.7
275.328
275.051
272.87
284.598
266.878
262.115
264.341
258.018
247.325
244.813
240.154
241.508
236.653
233.811
227.833
222.527
220.32
217.671
214.917
212.442
209.086
204.375
202.189
198.391
194.582
190.719
190.687
190.207
188.796
186.365
181.625
180.502
180.464
180.349
180.059
178.637
178.617
178.558
178.214
178.133
178.044
177.745
177.018
175.831
174.591
172.273
172.146
171.967
172.227
170.43
169.768
168.352
167.058
166.545
166.233
165.537
161.406
160.661
159.461
158.309
157.709
157.323
156.43
155.451
152.373
150.19
150.19
150.19
150.182
150.159
150.548
149.797
149.547
148.525
145.912
144.87
144.862
144.813
144.642
144.484
144.27
143.788
143.148
142.762
142.59
141.755
138.825
138.979
137.021
134.945
134.26
131.661
131.278
131.278
131.275
131.26
131.18
131.124
131.124
131.124
131.124
131.124
131.124
131.119
131.063
130.888
130.888
130.888
130.851
130.8
131.182
138.2
128.494
128.188
127.068
126.034
125.681
125.448
125.448
125.448
125.394
125.387
125.117
125.459
123.419
131.527
124.794
124.25
122.764
122.583
122.211
122.211
122.211
122.211
122.077
122.09
122.115
121.291
119.632
122.846
117.546
117.542
117.408
117.044
116.549
116.549
116.409
116.479
116.269
115.768
113.966
113.051
113.035
113.023
112.792
112.243
111.362
110.595
110.22
110.22
110.202
110.166
109.881
109.327
109.327
109.327
109.327
109.327
109.257
109.051
108.555
108.106
108.104
108.095
108.011
107.801
107.394
106.689
105.85
105.725
105.632
105.288
104.944
104.882
104.525
104.358
104.122
102.895
102.45
102.45
102.45
102.45
102.406
102.337
102.016
101.307
101.125
101.02
100.426
99.707
99.1786
99.1786
99.1786
99.1786
99.1786
99.1786
99.1786
99.1786
99.1362
99.0236
98.9596
98.9596
98.9453
98.9195
98.7445
98.4243
97.7471
97.5585
97.2157
97.0604
96.767
96.1193
93.988
93.8466
93.4265
93.0774
93.0774
93.0728
92.9993
92.7647
92.1982
91.2945
90.9372
90.9372
90.9372
90.9372
90.9372
90.9372
90.87
90.7355
90.0861
89.7436
89.5531
89.5497
89.529
89.4877
89.381
89.381
89.2884
89.0946
88.5236
88.4375
88.4375
88.4375
88.4375
88.4375
88.3871
88.2864
87.9821
87.5412
87.5031
87.313
86.5956
86.4833
86.2155
86.2155
86.2155
86.2155
86.1466
86.0089
85.3544
85.3544
85.3544
85.3544
85.3544
85.3544
85.3208
85.2648
85.0579
85.0062
84.8908
84.8908
84.8856
84.8908
84.8196
84.7484
84.4352
84.1789
84.1508
84.1086
83.8414
83.4757
83.4757
83.4757
83.4716
83.4675
83.4385
83.3681
83.2687
83.2687
83.2687
83.2687
83.2687
83.2687
83.2607
83.2406
83.1591
83.0224
83.0112
82.9833
82.7962
82.7074
82.3922
82.2684
82.2684
82.2684
82.2684
82.2684
82.2684
82.2684
82.2684
82.2598
82.2343
82.1066
81.8396
81.8299
81.8398
81.8364
81.8245
81.8181
81.8181
81.8181
81.8181
81.8181
81.8105
81.8023
81.7778
82.4698
81.5396
81.3975
80.7523
80.3633
80.2872
80.1573
80.1296
80.1087
80.0601
79.9182
79.4241
79.1974
78.8522
78.8522
78.8522
78.8522
78.8522
78.8522
78.8522
78.8522
78.8522
78.8522
78.8522
78.8522
78.8061
78.7831
78.7054
78.4269
77.665
77.1836
77.1138
77.0145
77.0145
77.0145
77.0145
77.0145
77.0145
77.0145
77.0145
77.0145
79.6809
77.0145
77.0145
77.1476
77.0145
83.8904
87.3641
81.0763
77.0145
77.0145
77.0145
77.0145
77.0145
77.0145
77.0145
77.0145
77.0145
76.9997
76.9255
76.7919
76.2724
76.2724
76.2724
76.2724
76.2724
76.2724
76.2724
76.2724
76.2724
76.2724
76.2724
76.2724
76.2724
76.2724
76.2724
76.2724
76.2554
76.2042
76.1019
75.7779
75.4198
75.4198
75.4198
75.4198
75.4198
75.4198
75.4198
75.4198
75.4198
75.4198
75.4198
75.4198
75.4198
75.4198
75.4198
75.4198
75.4198
75.4198
75.4198
75.4198
75.4198
75.4198
75.4198
75.4198
75.4198
75.4198
75.4198
75.4198
75.415
75.4102
75.3909
75.2997
75.1795
75.1795
75.1795
75.1791
75.1783
75.1747
75.1638
75.1521
75.1223
75.053
74.9801
74.9486
74.9233
74.8349
74.5647
74.3899
74.3899
74.3899
74.3899
74.3899
74.3899
74.3899
74.3899
74.3899
74.3899
74.3899
74.3899
74.3899
74.3899
74.3829
74.3551
74.2646
74.042
74.0362
74.0246
74.0127
75.558
74.0073
76.3029
73.8224
73.753
73.753
73.753
73.753
73.753
73.753
73.753
73.753
73.753
73.753
73.753
73.753
73.753
73.753
73.753
73.753
73.753
73.753
73.753
73.753
73.753
73.753
73.753
73.753
73.753
73.753
73.7491
73.7491
73.7218
73.6437
73.5577
73.5577
73.5577
73.5577
73.5577
73.5577
73.5577
73.5577
73.5577
73.5577
73.5577
73.5577
73.5577
73.5577
73.5577
73.5577
73.5577
73.5577
73.5577
73.5577
73.5577
73.5577
73.5577
73.5577
73.5577
73.5577
73.5577
73.5577
73.5577
73.5577
73.5495
73.7791
75.2097
73.6016
75.8961
73.3616
73.347
73.3342
73.283
73.1551
73.0336
73.0336
73.0336
73.0336
73.0336
73.0336
73.0336
73.0336
73.0336
73.0336
73.0336
73.0336
73.0336
73.0336
73.0336
73.0336
73.0336
73.0336
73.0336
73.0336
73.0336
73.0336
73.0336
73.0304
73.0272
73.0208
72.972
72.8736
72.8736
72.8736
72.8736
72.8736
72.8736
72.8736
72.8736
72.8736
72.8636
72.8569
72.8036
72.7069
72.7069
72.7069
72.7069
72.7069
72.7069
72.7069
72.7069
72.7069
72.7069
72.7069
72.7069
72.7069
72.7069
72.7069
72.7069
72.7069
72.7069
72.7069
72.7069
72.7069
72.7069
72.7069
72.7059
72.7042
72.6729
72.659
72.464
72.0044
72.0044
72.0044
72.0044
72.0044
71.9765
71.9278
71.7401
71.6559
71.6506
71.644
71.6234
71.6234
71.6234
71.6234
71.6234
71.6234
71.6234
71.6234
71.6234
71.6234
71.6234
71.6234
71.6234
71.6234
71.6234
71.6234
71.6234
71.6234
71.6234
71.6234
71.6234
71.6234
71.6234
71.6234
71.6234
71.6234
71.6234
71.6234
71.6234
71.6234
71.6234
71.6234
71.6234
71.6234
71.6234
71.6234
71.6234
71.6234
71.6234
71.6234
71.6234
71.6234
71.6234
71.6234
71.6234
71.6234
71.615
71.6234
71.5899
71.4978
71.2047
71.2047
71.2047
71.2047
71.2047
71.2047
71.2047
71.2047
71.2047
71.2047
71.2047
71.2047
71.2047
71.2047
71.1983
71.1834
71.1238
71.0982
71.0982
71.0982
71.0982
71.0982
71.0982
71.0982
71.0982
71.0982
71.0982
71.0982
71.0982
71.0982
71.0982
71.0982
71.094
71.0869
71.0514
71.0273
71.0273
71.0273
71.0273
71.0273
71.0273
71.0273
71.0273
71.0273
71.0273
71.0273
71.0273
71.0273
71.0273
71.0273
71.0273
71.0273
71.0273
71.0273
71.0273
71.0273
71.0273
71.0273
71.0273
71.0273
71.0273
71.0273
71.0273
71.0273
71.0273
71.0273
71.0273
71.0273
71.0273
71.0273
71.0273
71.0273
71.0273
71.0273
71.0273
71.0273
71.021
71.0148
71.021
71.0273
71.0273
71.0273
71.0273
71.0273
71.0273
71.0273
71.021
71.0273
71.0072
71.089
70.9997
70.9857
70.9971
70.925
70.7908
70.7164
70.7044
70.6983
70.6742
70.638
71.0354
70.4142
70.4142
70.4119
70.4089
70.3929
70.3769
70.3769
70.3769
70.3769
70.3769
70.3769
70.3769
70.3769
70.3769
70.3769
70.3769
70.3769
70.3769
70.3769
70.3769
70.3769
70.3769
70.3769
70.3769
70.3769
70.3769
70.3769
70.3769
70.3769
70.3769
70.3769
70.3769
70.3769
70.3769
70.3769
70.3769
70.3769
70.3769
70.3769
70.3769
70.3769
70.3769
70.3769
70.3769
70.3769
70.3769
70.3769
70.3769
70.3769
70.3769
70.3769
70.3769
70.3769
70.3769
70.3769
70.3769
70.3769
70.3769
70.3769
70.3769
70.3769
70.3769
70.3769
70.3769
70.3769
70.3769
70.3769
70.3769
70.3769
70.3635
70.3394
70.2618
70.2431
70.2431
70.2431
70.2431
70.2431
70.2431
70.2431
70.2431
70.2431
70.2431
70.2431
70.2431
70.2431
70.2431
70.2431
70.2431
70.2431
70.2431
70.2431
70.2431
70.2431
70.2431
70.2431
70.2431
70.2431
70.2431
70.2431
70.2431
70.2431
70.2431
70.2431
70.2431
70.2431
70.2431
70.2431
70.2431
70.2431
70.2431
70.2431
70.2431
70.2431
70.2431
70.2431
70.2431
70.2431
70.2431
70.2431
70.2431
70.2431
70.2431
70.2431
70.2431
70.2431
70.2431
70.2431
70.2431
70.2431
70.2431
70.2431
70.2431
70.2431
70.2431
70.2431
70.2431
70.2431
70.2431
70.2431
70.2431
70.2431
70.2431
70.2431
70.2431
70.2431
70.2431
70.2431
70.2431
70.2431
70.2431
70.2431
70.2431
70.2431
70.2431
70.2431
70.2431
70.2431
70.2431
70.2431
70.2431
70.2431
70.2431
70.2431
70.2431
70.2431
70.2431
70.2431
70.2431
70.2431
70.2431
70.2431
70.2431
70.2431
70.2431
70.2431
70.2431
70.2431
70.2431
70.2431
70.2431
70.2431
70.2431
70.2431
70.2431
70.2431
70.2431
70.2431
70.2431
70.2431
70.2431
70.2431
70.2431
70.2431
70.2431
70.2431
70.2431
70.2431
70.2431
70.2431
70.2431
70.2431
70.2431
70.2431
70.2431
70.2431
70.2431
70.2431
70.2431
70.2431
70.2431
70.2431
70.2431
70.2431
70.2431
70.2431
70.2431
70.2431
70.2431
70.2431
70.2431
70.2431
70.2431
70.2431
70.2431
70.2431
70.2431
70.2431
70.2431
70.2431
70.2431
70.2431
70.2431
70.2431
70.2431
70.2431
70.2431
70.2431
70.2431
70.2431
70.2431
70.2431
70.2431
70.2431
70.2431
70.2431
70.2431
70.2431
70.2431
70.2431
70.2431
70.2431
70.2431
70.2431
70.2431
70.2431
70.2431
70.2431
70.2431
70.2431
70.2431
70.2431
70.2431
70.2431
70.2431
70.2431
70.2431
70.2431
70.2431
70.2431
70.2431
70.2431
70.2431
70.2431
70.2431
70.2431
70.2431
70.2431
70.2431
70.2431
70.2431
70.2431
70.2431
70.2431
70.2431
70.2431
70.2431
70.2431
70.2431
70.2431
70.2431
70.2431
70.2431
70.2431
70.2431
70.2431
70.2431
70.2431
70.2098
70.1434
70.0057
70.0057
70.0057
70.0057
70.0057
70.0057
70.0057
70.0057
70.0057
70.0057
70.0057
70.0057
70.0057
70.0057
70.0057
70.0057
70.0057
70.0057
70.0057
70.0057
70.0057
70.0057
70.0057
70.0057
70.0057
70.0057
70.0057
70.0057
70.0057
70.0057
70.0057
70.0057
70.0057
70.0057
70.0057
70.0057
70.0057
70.0057
70.0057
70.0057
70.0057
70.0057
70.0057
70.0057
70.0057
70.0057
70.0057
70.0057
70.0057
70.0057
70.0057
70.0057
70.0057
70.0057
70.0057
70.0057
70.0057
70.0057
70.0057
70.0057
70.0057
70.0057
70.0057
70.0057
70.0057
70.0057
70.0057
70.0057
70.0057
70.0057
70.0057
70.0057
70.0057
70.0057
70.0057
70.0057
70.0057
70.0057
70.0057
70.0057
70.0057
70.0057
70.0057
70.0057
70.0057
70.0057
70.0057
70.0057
70.0057
70.0057
70.0057
70.0057
70.0057
70.0057
70.0057
70.0057
70.0057
70.0057
70.0057
70.0057
70.0057
70.0057
70.0057
70.0057
70.0057
70.0057
70.0057
70.0057
70.0057
70.0057
70.0057
70.0057
70.0057
70.0057
70.0057
70.0057
70.0057
70.0057
70.0057
70.0057
70.0057
70.0057
70.0057
70.0057
70.0057
70.0057
70.0057
70.0057
70.0057
70.0057
70.0057
70.0057
70.0057
70.0057
70.0057
70.0057
70.0057
70.0057
70.0057
70.0057
70.0057
70.0057
70.0057
70.0057
70.0057
70.0057
70.0057
70.0057
70.0057
70.0057
70.0057
70.0057
70.0057
70.0057
70.0057
70.0057
70.0057
70.0057
70.0057
70.0057
70.0057
70.0057
70.0057
70.0057
70.0057
70.0057
70.0057
70.0057
70.0057
70.0057
70.0057
70.0057
70.0057
70.0057
70.0057
70.0057
70.0057
70.0057
70.0057
70.0057
70.0057
70.0057
70.0057
70.0057
70.0057
70.0057
70.0057
70.0057
70.0057
70.0057
70.0057
70.0057
70.0057
70.0057
70.0057
70.0057
70.0057
70.0057
70.0057
70.0057
70.0057
70.0057
70.0057
70.0057
70.0057
70.0057
70.0057
70.0057
70.0057
70.0057
70.0057
70.0057
70.0057
70.0057
70.0057
70.0057
70.0057
70.0057
70.0057
70.0057
70.0057
70.0057
70.0057
70.0057
70.0057
70.0057
70.0057
70.0057
70.0057
70.0057
70.0057
70.0057
70.0057
70.0057
70.0057
70.0057
70.0057
70.0057
70.0057
70.0057
70.0057
70.0057
70.0057
70.0057
70.0057
70.0057
70.0057
70.0057
70.0057
70.0057
70.0057
70.0057
70.0057
70.0057
70.0057
70.0057
70.0057
70.0057
70.0057
70.0057
70.0057
70.0057
70.0057
70.0057
70.0057
70.0057
70.0057
70.0057
70.0057
70.0057
70.0057
70.0057
70.0057
70.0057
70.0057
70.0057
70.0057
70.0057
70.0057
70.0057
70.0057
70.0057
70.0057
70.0057
70.0057
70.0057
70.0057
70.0057
70.0057
70.0057
70.0057
70.0057
70.0057
70.0057
70.0057
70.0057
70.0057
70.0057
70.0057
70.0057
70.0057
70.0057
70.0057
70.0057
70.0057
70.0057
70.0057
70.0057
70.0057
70.0057
70.0057
70.0057
70.0057
70.0057
70.0057
70.0057
70.0057
70.0057
70.0057
70.0057
70.0057
70.0057
70.0057
70.0057
70.0057
70.0057
70.0057
70.0057
70.0057
70.0057
70.0057
70.0057
70.0057
70.0057
70.0057
70.0057
70.0057
70.0057
70.0057
70.0057
70.0057
70.0057
70.0057
70.0057
70.0057
70.0057
70.0057
70.0057
70.0057
70.0057
70.0057
70.0057
70.0057
70.0057
70.0057
70.0057
70.0057
70.0057
70.0057
70.0057
70.0057
70.0057
70.0057
70.0057
70.0057
70.0057
70.0057
70.0057
70.0057
70.0057
70.0057
70.0057
70.0057
70.0057
70.0057
70.0057
70.0057
70.0057
70.0057
70.0057
70.0057
70.0057
70.0057
70.0057
70.0057
70.0057
70.0057
70.0057
70.0057
70.0057
70.0057
70.0057
70.0057
70.0057
70.0057
70.0057
70.0057
70.0057
70.0057
70.0057
70.0057
70.0057
70.0057
70.0057
70.0057
70.0057
70.0057
70.0057
70.0057
70.0057
70.0057
70.0057
70.0057
70.0057
70.0057
70.0057
70.0057
70.0057
70.0057
70.0057
70.0057
70.0057
70.0057
70.0057
70.0057
70.0057
70.0057
70.0057
70.0057
70.0057
70.0057
70.0057
70.0057
70.0057
70.0057
70.0057
70.0057
70.0057
70.0057
70.0057
70.0057
70.0057
70.0057
70.0057
70.0057
70.0057
70.0057
70.0057
70.0057
70.0057
70.0057
70.0057
70.0057
70.0057
70.0057
70.0057
70.0057
70.0057
70.0057
70.0057
70.0057
70.0057
70.0057
70.0057
70.0057
70.0057
70.0057
70.0057
70.0057
70.0057
70.0057
70.0057
70.0057
70.0057
70.0057
70.0057
70.0057
70.0057
70.0057
70.0057
70.0057
70.0057
70.0057
70.0057
70.0057
70.0057
70.0057
70.0057
70.0035
69.9957
69.9715
69.9505
69.9505
69.9505
69.9505
69.9505
69.9505
69.9505
69.9505
69.9505
69.9505
69.9505
69.9505
69.9505
69.9505
69.9505
69.9505
69.9505
69.9505
69.9505
69.9505
69.9505
69.9505
69.9505
69.9505
69.9505
69.9505
69.9505
69.9505
69.9505
69.9505
69.9505
69.9505
69.9505
69.9505
69.9505
69.9505
69.9505
69.9505
69.9505
69.9505
69.9505
69.9505
69.9505
69.9505
69.9505
69.9505
69.9505
69.9505
69.9505
69.9505
69.9505
69.9505
69.9505
69.9505
69.9505
69.9505
69.9505
69.9505
69.9505
69.9505
69.9505
69.9505
69.9505
69.9505
69.9505
69.9505
69.9505
69.9505
69.9505
69.9505
69.9505
69.9505
69.9505
69.9505
69.9505
69.9505
69.9505
69.9505
69.9505
69.9505
69.9505
69.9505
69.9505
69.9505
69.9505
69.9505
69.9505
69.9505
69.9505
69.9505
69.9505
69.9505
69.9505
69.9505
69.9505
69.9505
69.9505
69.9505
69.9505
69.9505
69.9505
69.9505
69.9505
69.9505
69.9505
69.9505
69.9505
69.9505
69.9505
69.9505
69.9505
69.9505
69.9505
69.9505
69.9505
69.9505
69.9505
69.9461
69.9284
69.8447
69.7301
69.7301
69.7301
69.7301
69.7301
69.7301
69.7301
69.7301
69.7301
69.7301
69.7301
69.7301
69.7301
69.7301
69.7301
69.7301
69.7301
69.7301
69.7301
69.7301
69.7301
69.6844
69.6388
69.38
68.969
68.969
68.969
68.969
68.969
68.969
68.969
68.969
68.969
68.969
68.969
68.969
68.969
68.9492
68.9097
68.679
68.6395
68.6395
68.6395
68.6395
68.6395
68.6395
68.6395
68.6395
68.6395
68.6395
68.6395
68.6395
68.6395
68.6395
68.6395
68.6395
68.6395
68.6395
68.6395
68.6395
68.6395
68.6395
68.6395
68.6395
68.6395
68.6395
68.6395
68.6395
68.6395
68.6395
68.6395
68.6395
68.6395
68.6395
68.6395
68.6395
68.6395
68.6395
68.6395
68.6395
68.6395
68.6395
68.6395
68.6395
68.6395
68.6395
68.6395
68.6395
68.6395
68.6395
68.6395
68.6395
68.6395
68.6395
68.6395
68.6395
68.6395
68.6395
68.6395
68.6395
68.6395
68.6395
68.6395
68.6395
68.6395
68.6395
68.6395
68.6395
68.6395
68.6395
68.6395
68.6395
68.6395
68.6395
68.6395
68.6205
68.5636
68.4813
68.4813
68.4813
68.4813
68.4813
68.4813
68.4813
68.4813
68.4813
68.4813
68.4813
68.4813
68.4813
68.4813
68.4813
68.4813
68.4813
68.4813
68.4813
68.4813
68.4813
68.4813
68.4813
68.4813
68.4813
68.4813
68.4813
68.4813
68.4813
68.4813
68.4813
68.4813
68.4813
68.4813
68.4813
68.4813
68.4813
68.4813
68.4813
68.4813
68.4813
68.4813
68.4813
68.4813
68.4813
68.4813
68.4813
68.4813
68.4813
68.4813
68.4813
68.4813
68.4813
68.4813
68.4813
68.4813
68.4813
68.4813
68.4813
68.4813
68.4813
68.4813
68.4813
68.4813
68.4813
68.4813
68.4813
68.4813
68.4813
68.4813
68.4813
68.4813
68.4813
68.4813
68.4813
68.4813
68.4813
68.4813
68.4813
68.4813
68.4813
68.4813
68.4813
68.4813
68.4813
68.4813
68.4813
68.4813
68.4813
68.4813
68.4813
68.4813
68.4813
68.4813
68.4813
68.4813
68.4813
68.4813
68.4813
68.4813
68.4813
68.4813
68.4813
68.4813
68.4813
68.4813
68.4813
68.4813
68.4813
68.4813
68.4813
68.4813
68.4813
68.4813
68.4813
68.4813
68.4813
68.4813
68.4813
68.4813
68.4813
68.4813
68.4813
68.4813
68.4813
68.4813
68.4813
68.4813
68.4813
68.4813
68.4813
68.4813
68.4813
68.4813
68.4813
68.4813
68.4813
68.4813
68.4813
68.4813
68.4813
68.4813
68.4813
68.4813
68.4813
68.4813
68.4813
68.4813
68.4813
68.4813
68.4813
68.4813
68.4813
68.4813
68.4813
68.4813
68.4813
68.4813
68.4813
68.4813
68.4813
68.4813
68.4813
68.4813
68.4813
68.4813
68.4813
68.4813
68.4813
68.4813
68.4813
68.4813
68.4813
68.4813
68.4813
68.4813
68.4813
68.4813
68.4813
68.4813
68.4813
68.4813
68.4813
68.4813
68.4813
68.4813
68.4813
68.4813
68.4813
68.4813
68.4813
68.4813
68.4813
68.4813
68.4813
68.4813
68.4813
68.4813
68.4813
68.4813
68.4813
68.4813
68.4813
68.4813
68.4813
68.4813
68.4813
68.4813
68.4813
68.4813
68.4813
68.4813
68.4813
68.4813
68.4813
68.4813
68.4813
68.4813
68.4813
68.4813
68.4813
68.4813
68.4813
68.4813
68.4813
68.4813
68.4813
68.4813
68.4813
68.4813
68.4813
68.4813
68.4813
68.4813
68.4813
68.4813
68.4813
68.4813
68.4813
68.4813
68.4813
68.4813
68.4813
68.4813
68.4813
68.4813
68.4813
68.4813
68.4813
68.4813
68.4813
68.4813
68.4813
68.4813
68.4813
68.4813
68.4813
68.4813
68.4813
68.4813
68.4813
68.4813
68.4813
68.4813
68.4813
68.4813
68.4813
68.4813
68.4813
68.4813
68.4813
68.4813
68.4813
68.4813
68.4813
68.4813
68.4813
68.4813
68.4813
68.4813
68.4813
68.4813
68.4813
68.4813
68.4813
68.4813
68.4813
68.4813
68.4813
68.4813
68.4813
68.4813
68.4813
68.4813
68.4813
68.4813
68.4813
68.4813
68.4813
68.4813
68.4813
68.4813
68.4813
68.4813
68.4813
68.4813
68.4813
68.4813
68.4813
68.4813
68.4813
68.4813
68.4813
68.4813
68.4813
68.4813
68.4813
68.4813
68.4813
68.4813
68.4813
68.4813
68.4813
68.4813
68.4813
68.4813
68.4799
68.4785
68.473
68.4577
68.407
68.3951
68.3721
68.3721
68.3721
68.3721
68.3721
68.3721
68.3721
68.3721
68.3721
68.3721
68.3721
68.3721
68.3721
68.3721
68.3721
68.3721
68.3721
68.3721
68.3721
68.3721
68.3721
68.3721
68.3721
68.3721
68.3721
68.3721
68.3721
68.3721
68.3721
68.3721
68.3721
68.3721
68.3721
68.3721
68.3721
68.3721
68.3721
68.3721
68.3721
68.3721
68.3721
68.3721
68.3721
68.3721
68.3721
68.3721
68.3721
68.3721
68.3721
68.3721
68.3721
68.3721
68.3721
68.3721
68.3721
68.3721
68.3721
68.3721
68.3721
68.3721
68.3721
68.3721
68.3721
68.3721
68.3721
68.3721
68.3721
68.3721
68.3721
68.3721
68.3721
68.3721
68.3721
68.3721
68.3721
68.3721
68.3721
68.3721
68.3721
68.3721
68.3721
68.3721
68.3721
68.3721
68.3721
68.3721
68.3721
68.3721
68.3721
68.3721
68.3721
68.3721
68.3721
68.3721
68.3721
68.3721
68.3721
68.3721
68.3721
68.3721
68.3721
68.3721
68.3721
68.3721
68.3721
68.3721
68.3721
68.3721
68.3721
68.3721
68.3721
68.3721
68.3721
68.3721
68.3721
68.3721
68.3721
68.3721
68.3721
68.3721
68.3721
68.3721
68.3721
68.3721
68.3721
68.3721
68.3721
68.3721
68.3721
68.3721
68.3721
68.3721
68.3721
68.3721
68.3721
68.3721
68.3721
68.3721
68.3721
68.3721
68.3721
68.3721
68.3721
68.3721
68.3721
68.3721
68.3721
68.3721
68.3721
68.3721
68.3721
68.3721
68.3721
68.3721
68.3721
68.3721
68.3721
68.3721
68.3721
68.3721
68.3721
68.3721
68.3721
68.3721
68.3721
68.3721
68.3721
68.3721
68.3721
68.3721
68.3721
68.3721
68.3721
68.3721
68.3721
68.3721
68.3721
68.3721
68.3721
68.3721
68.3721
68.3721
68.3721
68.3721
68.3721
68.3721
68.3721
68.3721
68.3721
68.3721
68.3721
68.3721
68.3721
68.3721
68.3721
68.3721
68.3721
68.3721
68.3721
68.3721
68.3721
68.3721
68.3721
68.3721
68.3721
68.3721
68.3721
68.3721
68.3721
68.3721
68.3721
68.3721
68.3721
68.3721
68.3721
68.3721
68.3721
68.3721
68.3721
68.3721
68.3721
68.3721
68.3721
68.3721
68.3721
68.3721
68.3721
68.3721
68.3721
68.3721
68.3721
68.3721
68.3721
68.3721
68.3721
68.3721
68.3721
68.3721
68.3721
68.3721
68.3721
68.3721
68.3721
68.3721
68.3721
68.3721
68.3721
68.3721
68.3721
68.3721
68.3721
68.3721
68.3721
68.3721
68.3721
68.3721
68.3721
68.3721
68.3721
68.3721
68.3721
68.3721
68.3721
68.3721
68.3721
68.3721
68.3721
68.3721
68.3721
68.3721
68.3721
68.3721
68.3721
68.3721
68.3721
68.3721
68.3721
68.3721
68.3721
68.3721
68.3721
68.3721
68.3721
68.3721
68.3721
68.3721
68.3721
68.3721
68.3721
68.3721
68.3721
68.3721
68.3721
68.3721
68.3721
68.3721
68.3721
68.3721
68.3721
68.3721
68.3721
68.3721
68.3721
68.3721
68.3721
68.3721
68.3721
68.3721
68.3721
68.3721
68.3721
68.3721
68.3721
68.3721
68.3721
68.3721
68.3721
68.3721
68.3721
68.3721
68.3721
68.3721
68.3721
68.3721
68.3721
68.3721
68.3721
68.3721
68.3721
68.3721
68.3721
68.3721
68.3721
68.3721
68.3721
68.3721
68.3721
68.3721
68.3721
68.3721
68.3721
68.3721
68.3721
68.3721
68.3721
68.3721
68.3721
68.3721
68.3721
68.3721
68.3721
68.3721
68.3721
68.3721
68.3721
68.3721
68.3721
68.3721
68.3721
68.3721
68.3721
68.3721
68.3721
68.3721
68.3721
68.3721
68.3721
68.3721
68.3721
68.3721
68.3721
68.3721
68.3721
68.3721
68.3721
68.3721
68.3721
68.3721
68.3721
68.3721
68.3721
68.3721
68.3721
68.3721
68.3721
68.3721
68.3721
68.3721
68.3721
68.3721
68.3721
68.3721
68.3721
68.3721
68.3721
68.3721
68.3721
68.3721
68.3721
68.3721
68.3721
68.3721
68.3721
68.3721
68.3721
68.3721
68.3721
68.3721
68.3721
68.3721
68.3721
68.3721
68.3721
68.3721
68.3721
68.3721
68.3721
68.3721
68.3721
68.3721
68.3721
68.3721
68.3721
68.3721
68.3721
68.3721
68.3721
68.3721
68.3721
68.3721
68.3721
68.3721
68.3721
68.3721
68.3721
68.3721
68.3721
68.3721
68.3721
68.3721
68.3721
68.3721
68.3721
68.3721
68.3721
68.3721
68.3721
68.3721
68.3721
68.3721
68.3721
68.3721
68.3721
68.3721
68.3721
68.3721
68.3721
68.3721
68.3721
68.3721
68.3721
68.3721
68.3721
68.3721
68.3721
68.3721
68.3721
68.3721
68.3721
68.3721
68.3721
68.3721
68.3721
68.3721
68.3721
68.3721
68.3721
68.3721
68.3721
68.3721
68.3721
68.3721
68.3721
68.3721
68.3721
68.3721
68.3721
68.3721
68.3721
68.3721
68.3721
68.3721
68.3721
68.3721
68.3721
68.3721
68.3721
68.3721
68.3721
68.3721
68.3721
68.3721
68.3721
68.3721
68.3721
68.3721
68.3721
68.3721
68.3721
68.3721
68.3721
68.3721
68.3721
68.3721
68.3721
68.3721
68.3721
68.3721
68.3721
68.3721
68.3721
68.3721
68.3721
68.3721
68.3721
68.3721
68.3721
68.3721
68.3721
68.3721
68.3721
68.3721
68.3721
68.3721
68.3721
68.3721
68.3721
68.3721
68.3721
68.3721
68.3721
68.3721
68.3721
68.3721
68.3721
68.3721
68.3721
68.3721
68.3721
68.3721
68.3721
68.3721
68.3721
68.3721
68.3721
68.3721
68.3721
68.3721
68.3721
68.3721
68.3721
68.3721
68.3721
68.3721
68.3721
68.3721
68.3721
68.3721
68.3721
68.3721
68.3721
68.3721
68.3721
68.3721
68.3721
68.3721
68.3721
68.3721
68.3721
68.3721
68.3721
68.3721
68.3721
68.3721
68.3721
68.3721
68.3721
68.3721
68.3721
68.3721
68.3721
68.3721
68.3721
68.3721
68.3721
68.3721
68.3721
68.3721
68.3721
68.3721
68.3721
68.3721
68.3721
68.3721
68.3721
68.3721
68.3721
68.3721
68.3721
68.3721
68.3721
68.3721
68.3721
68.3721
68.3721
68.3721
68.3721
68.3721
68.3721
68.3721
68.3721
68.3721
68.3721
68.3721
68.3721
68.3721
68.3721
68.3721
68.3721
68.3721
68.3721
68.3721
68.3721
68.3721
68.3721
68.3721
68.3721
68.3721
68.3721
68.3721
68.3721
68.3721
68.3721
68.3721
68.3721
68.3721
68.3721
68.3721
68.3721
68.3721
68.3721
68.3721
68.3721
68.3721
68.3721
68.3721
68.3721
68.3721
68.3721
68.3721
68.3721
68.3721
68.3721
68.3721
68.3721
68.3721
68.3721
68.3721
68.3721
68.3721
68.3721
68.3721
68.3721
68.3721
68.3721
68.3721
68.3721
68.3721
68.3721
68.3721
68.3721
68.3721
68.3721
68.3721
68.3721
68.3721
68.3721
68.3721
68.3721
68.3721
68.3721
68.3721
68.3721
68.3721
68.3721
68.3721
68.3721
68.3721
68.3721
68.3721
68.3721
68.3721
68.3721
68.3721
68.3721
68.3721
68.3721
68.3721
68.3721
68.3721
68.3721
68.3721
68.3721
68.3721
68.3721
68.3721
68.3721
68.3721
68.3721
68.3721
68.3721
68.3721
68.3721
68.3721
68.3721
68.3721
68.3721
68.3721
68.3721
68.3721
68.3721
68.3721
68.3721
68.3721
68.3721
68.3721
68.3721
68.3721
68.3721
68.3721
68.3721
68.3721
68.3721
68.3721
68.3721
68.3721
68.3721
68.3721
68.3721
68.3721
68.3721
68.3721
68.3721
68.3721
68.3721
68.3721
68.3721
68.3721
68.3721
68.3721
68.3721
68.3721
68.3721
68.3721
68.3721
68.3721
68.3721
68.3721
68.3721
68.3721
68.3721
68.3721
68.3721
68.3721
68.3721
68.3721
68.3721
68.3721
68.3721
68.3721
68.3721
68.3721
68.3721
68.3721
68.3721
68.3721
68.3721
68.3721
68.3721
68.3721
68.3721
68.3721
68.3721
68.3721
68.3721
68.3721
68.3721
68.3721
68.3721
68.3721
68.3721
68.3721
68.3721
68.3721
68.3721
68.3721
68.3721
68.3721
68.3721
68.3721
68.3721
68.3721
68.3721
68.3721
68.3721
68.3721
68.3721
68.3721
68.3721
68.3721
68.3721
68.3721
68.3721
68.3721
68.3721
68.3721
68.3721
68.3721
68.3721
68.3721
68.3721
68.3721
68.3721
68.3721
68.3721
68.3721
68.3721
68.3721
68.3721
68.3721
68.3721
68.3721
68.3721
68.3721
68.3721
68.3721
68.3721
68.3721
68.3721
68.3721
68.3721
68.3721
68.3721
68.3721
68.3721
68.3721
68.3721
68.3721
68.3721
68.3721
68.3721
68.3721
68.3721
68.3721
68.3721
68.3721
68.3721
68.3721
68.3721
68.3721
68.3721
68.3721
68.3721
68.3721
68.3721
68.3721
68.3721
68.3721
68.3721
68.3721
68.3721
68.3721
68.3721
68.3721
68.3721
68.3721
68.3721
68.3721
68.3721
68.3721
68.3721
68.3721
68.3721
68.3721
68.3721
68.3721
68.3721
68.3721
68.3721
68.3721
68.3721
68.3721
68.3721
68.3721
68.3721
68.3721
68.3721
68.3721
68.3721
68.3721
68.3721
68.3721
68.3721
68.3721
68.3721
68.3721
68.3721
68.3721
68.3721
68.3721
68.3721
68.3721
68.3721
68.3721
68.3721
68.3721
68.3721
68.3721
68.3721
68.3721
68.3721
68.3721
68.3721
68.3721
68.3721
68.3721
68.3721
68.3721
68.3721
68.3721
68.3721
68.3721
68.3721
68.3721
68.3721
68.3721
68.3721
68.3721
68.3721
68.3721
68.3721
68.3721
68.3721
68.3721
68.3721
68.3721
68.3721
68.3721
68.3721
68.3721
68.3721
68.3721
68.3721
68.3721
68.3721
68.3721
68.3721
68.3721
68.3721
68.3721
68.3721
68.3721
68.3721
68.3721
68.3721
68.3721
68.3721
68.3721
68.3721
68.3721
68.3721
68.3721
68.3721
68.3721
68.3721
68.3721
68.3721
68.3721
68.3721
68.3721
68.3721
68.3721
68.3721
68.3721
68.3721
68.3721
68.3721
68.3721
68.3721
68.3721
68.3721
68.3721
68.3721
68.3721
68.3721
68.3721
68.3721
68.3721
68.3721
68.3721
68.3721
68.3721
68.3721
68.3721
68.3721
68.3721
68.3721
68.3721
68.3721
68.3721
68.3721
68.3721
68.3721
68.3721
68.3721
68.3721
68.3721
68.3721
68.3721
68.3721
68.3721
68.3721
68.3721
68.3721
68.3721
68.3721
68.3721
68.3721
68.3721
68.3721
68.3721
68.3721
68.3721
68.3721
68.3721
68.3721
68.3721
68.3721
68.3721
68.3721
68.3721
68.3721
68.3721
68.3721
68.3721
68.3721
68.3721
68.3721
68.3721
68.3721
68.3721
68.3721
68.3721
68.3721
68.3721
68.3721
68.3721
68.3721
68.3721
68.3721
68.3721
68.3721
68.3721
68.3721
68.3721
68.3721
68.3721
68.3721
68.3721
68.3721
68.3721
68.3721
68.3721
68.3721
68.3721
68.3721
68.3721
68.3721
68.3721
68.3721
68.3721
68.3721
68.3721
68.3721
68.3721
68.3721
68.3721
68.3721
68.3721
68.3721
68.3721
68.3721
68.3721
68.3721
68.3721
68.3721
68.3721
68.3721
68.3721
68.3721
68.3721
68.3721
68.3721
68.3721
68.3721
68.3721
68.3721
68.3721
68.3721
68.3721
68.3721
68.3721
68.3721
68.3721
68.3721
68.3721
68.3721
68.3721
68.3721
68.3721
68.3721
68.3721
68.3721
68.3721
68.3721
68.3721
68.3721
68.3721
68.3721
68.3721
68.3721
68.3721
68.3721
68.3721
68.3721
68.3721
68.3721
68.3721
68.3721
68.3721
68.3721
68.3721
68.3721
68.3721
68.3721
68.3721
68.3721
68.3721
68.3721
68.3721
68.3721
68.3721
68.3721
68.3721
68.3721
68.3721
68.3721
68.3721
68.3721
68.3721
68.3721
68.3721
68.3721
68.3721
68.3721
68.3721
68.3721
68.3721
68.3721
68.3721
68.3721
68.3721
68.3721
68.3721
68.3721
68.3721
68.3721
68.3721
68.3721
68.3721
68.3721
68.3721
68.3721
68.3721
68.3721
68.3721
68.3721
68.3721
68.3721
68.3721
68.3721
68.3721
68.3721
68.3721
68.3721
68.3721
68.3721
68.3721
68.3721
68.3721
68.3721
68.3721
68.3721
68.3721
68.3721
68.3721
68.3721
68.3721
68.3721
68.3721
68.3721
68.3721
68.3721
68.3721
68.3721
68.3721
68.3721
68.3721
68.3721
68.3721
68.3721
68.3721
68.3721
68.3721
68.3721
68.3721
68.3721
68.3721
68.3721
68.3721
68.3721
68.3721
68.3721
68.3721
68.3721
68.3721
68.3721
68.3721
68.3721
68.3721
68.3721
68.3721
68.3721
68.3721
68.3721
68.3721
68.3721
68.3721
68.3721
68.3721
68.3721
68.3721
68.3721
68.3721
68.3721
68.3721
68.3721
68.3721
68.3721
68.3721
68.3721
68.3721
68.3721
68.3721
68.3721
68.3721
68.3721
68.3721
68.3721
68.3721
68.3721
68.3721
68.3721
68.3721
68.3721
68.3721
68.3721
68.3721
68.3721
68.3721
68.3721
68.3721
68.3721
68.3721
68.3721
68.3721
68.3721
68.3721
68.3721
68.3721
68.3721
68.3721
68.3721
68.3721
68.3721
68.3721
68.3721
68.3721
68.3721
68.3721
68.3721
68.3721
68.3721
68.3721
68.3721
68.3721
68.3721
68.3721
68.3721
68.3721
68.3721
68.3721
68.3721
68.3721
68.3721
68.3721
68.3721
68.3721
68.3721
68.3721
68.3721
68.3721
68.3721
68.3721
68.3721
68.3721
68.3721
68.3721
68.3721
68.3721
68.3721
68.3721
68.3721
68.3721
68.3721
68.3721
68.3721
68.3721
68.3721
68.3721
68.3721
68.3721
68.3721
68.3721
68.3721
68.3721
68.3721
68.3721
68.3721
68.3721
68.3721
68.3721
68.3721
68.3721
68.3721
68.3721
68.3721
68.3721
68.3721
68.3721
68.3721
68.3721
68.3721
68.3721
68.3721
68.3721
68.3721
68.3721
68.3721
68.3721
68.3721
68.3721
68.3721
68.3721
68.3721
68.3721
68.3721
68.3721
68.3721
68.3721
68.3721
68.3721
68.3721
68.3721
68.3721
68.3721
68.3721
68.3721
68.3721
68.3721
68.3721
68.3721
68.3721
68.3721
68.3721
68.3721
68.3721
68.3721
68.3721
68.3721
68.3721
68.3721
68.3721
68.3721
68.3721
68.3721
68.3721
68.3721
68.3721
68.3721
68.3721
68.3721
68.3721
68.3721
68.3721
68.3721
68.3721
68.3721
68.3721
68.3721
68.3721
68.3721
68.3721
68.3721
68.3721
68.3721
68.3721
68.3721
68.3721
68.3721
68.3721
68.3721
68.3721
68.3721
68.3721
68.3721
68.3721
68.3721
68.3721
68.3721
68.3721
68.3721
68.3721
68.3721
68.3721
68.3721
68.3721
68.3721
68.3721
68.3721
68.3721
68.3721
68.3721
68.3721
68.3721
68.3721
68.3721
68.3721
68.3721
68.3721
68.3721
68.3721
68.3721
68.3721
68.3721
68.3721
68.3721
68.3721
68.3721
68.3721
68.3721
68.3721
68.3721
68.3721
68.3721
68.3721
68.3721
68.3721
68.3721
68.3721
68.3721
68.3721
68.3721
68.3721
68.3721
68.3721
68.3721
68.3721
68.3721
68.3721
68.3721
68.3721
68.3721
68.3721
68.3721
68.3721
68.3721
68.3721
68.3721
68.3721
68.3721
68.3721
68.3721
68.3721
68.3721
68.3721
68.3721
68.3721
68.3721
68.3721
68.3721
68.3721
68.3721
68.3721
68.3721
68.3721
68.3721
68.3721
68.3721
68.3721
68.3721
68.3721
68.3721
68.3721
68.3721
68.3721
68.3721
68.3721
68.3721
68.3721
68.3721
68.3721
68.3721
68.3721
68.3721
68.3721
68.3721
68.3721
68.3721
68.3721
68.3721
68.3721
68.3721
68.3721
68.3721
68.3721
68.3721
68.3721
68.3721
68.3721
68.3721
68.3721
68.3721
68.3721
68.3721
68.3721
68.3721
68.3721
68.3721
68.3721
68.3721
68.3721
68.3721
68.3721
68.3721
68.3721
68.3721
68.3721
68.3721
68.3721
68.3721
68.3721
68.3721
68.3721
68.3721
68.3721
68.3721
68.3721
68.3721
68.3721
68.3721
68.3721
68.3721
68.3721
68.3721
68.3721
68.3721
68.3721
68.3721
68.3721
68.3721
68.3721
68.3721
68.3721
68.3721
68.3721
68.3721
68.3721
68.3721
68.3721
68.3721
68.3721
68.3721
68.3721
68.3721
68.3721
68.3721
68.3721
68.3721
68.3721
68.3721
68.3721
68.3721
68.3721
68.3721
68.3721
68.3721
68.3721
68.3721
68.3721
68.3721
68.3721
68.3721
68.3721
68.3721
68.3721
68.3721
68.3721
68.3721
68.3721
68.3721
68.3721
68.3721
68.3721
68.3721
68.3721
68.3721
68.3721
68.3721
68.3721
68.3721
68.3721
68.3721
68.3721
68.3721
68.3721
68.3721
68.3721
68.3721
68.3721
68.3721
68.3721
68.3721
68.3721
68.3721
68.3721
68.3721
68.3721
68.3721
68.3721
68.3721
68.3721
68.3721
68.3721
68.3721
68.3721
68.3721
68.3721
68.3721
68.3721
68.3721
68.3721
68.3721
68.3721
68.3721
68.3721
68.3721
68.3721
68.3721
68.3721
68.3721
68.3721
68.3721
68.3721
68.3721
68.3721
68.3721
68.3721
68.3721
68.3721
68.3721
68.3721
68.3721
68.3721
68.3721
68.3721
68.3721
68.3721
68.3721
68.3721
68.3721
68.3721
68.3721
68.3721
68.3721
68.3721
68.3721
68.3721
68.3721
68.3721
68.3721
68.3721
68.3721
68.3721
68.3721
68.3721
68.3721
68.3721
68.3721
68.3721
68.3721
68.3721
68.3721
68.3721
68.3721
68.3721
68.3721
68.3721
68.3721
68.3721
68.3721
68.3721
68.3721
68.3721
68.3721
68.3721
68.3721
68.3721
68.3721
68.3721
68.3721
68.3721
68.3721
68.3721
68.3721
68.3721
68.3721
68.3721
68.3721
68.3721
68.3721
68.3721
68.3721
68.3721
68.3721
68.3721
68.3721
68.3721
68.3721
68.3721
68.3721
68.3721
68.3721
68.3721
68.3721
68.3721
68.3721
68.3721
68.3721
68.3721
68.3721
68.3721
68.3721
68.3721
68.3721
68.3721
68.3721
68.3721
68.3721
68.3721
68.3721
68.3721
68.3721
68.3721
68.3721
68.3721
68.3721
68.3721
68.3721
68.3721
68.3721
68.3721
68.3721
68.3721
68.3721
68.3721
68.3721
68.3721
68.3721
68.3721
68.3721
68.3721
68.3721
68.3721
68.3721
68.3721
68.3721
68.3721
68.3721
68.3721
68.3721
68.3721
68.3721
68.3721
68.3721
68.3721
68.3721
68.3721
68.3721
68.3721
68.3721
68.3721
68.3721
68.3721
68.3721
68.3721
68.3721
68.3721
68.3721
68.3721
68.3721
68.3721
68.3721
68.3721
68.3721
68.3721
68.3721
68.3721
68.3721
68.3721
68.3721
68.3721
68.3721
68.3721
68.3721
68.3721
68.3721
68.3721
68.3721
68.3721
68.3721
68.3721
68.3721
68.3721
68.3721
68.3721
68.3721
68.3721
68.3721
68.3721
68.3721
68.3721
68.3721
68.3721
68.3721
68.3721
68.3721
68.3721
68.3721
68.3721
68.3721
68.3721
68.3721
68.3721
68.3721
68.3721
68.3721
68.3721
68.3721
68.3721
68.3721
68.3721
68.3721
68.3721
68.3721
68.3721
68.3721
68.3721
68.3721
68.3721
68.3721
68.3721
68.3721
68.3721
68.3721
68.3721
68.3721
68.3721
68.3721
68.3721
68.3721
68.3721
68.3721
68.3721
68.3721
68.3721
68.3721
68.3721
68.3721
68.3721
68.3721
68.3721
68.3721
68.3721
68.3721
68.3721
68.3721
68.3721
68.3721
68.3721
68.3721
68.3721
68.3721
68.3721
68.3721
68.3721
68.3721
68.3721
68.3721
68.3721
68.3721
68.3721
68.3721
68.3721
68.3721
68.3721
68.3721
68.3721
68.3721
68.3721
68.3721
68.3721
68.3721
68.3721
68.3721
68.3721
68.3721
68.3721
68.3721
68.3721
68.3721
68.3721
68.3721
68.3721
68.3721
68.3721
68.3721
68.3721
68.3721
68.3721
68.3721
68.3721
68.3721
68.3721
68.3721
68.3721
68.3721
68.3721
68.3721
68.3721
68.3721
68.3721
68.3721
68.3721
68.3721
68.3721
68.3721
68.3721
68.3721
68.3721
68.3721
68.3721
68.3721
68.3721
68.3721
68.3721
68.3721
68.3721
68.3721
68.3721
68.3721
68.3721
68.3721
68.3721
68.3721
68.3721
68.3721
68.3721
68.3721
68.3721
68.3721
68.3721
68.3721
68.3721
68.3721
68.3721
68.3721
68.3721
68.3721
68.3721
68.3721
68.3721
68.3721
68.3721
68.3721
68.3721
68.3721
68.3721
68.3721
68.3721
68.3721
68.3721
68.3721
68.3721
68.3721
68.3721
68.3721
68.3721
68.3721
68.3721
68.3721
68.3721
68.3721
68.3721
68.3721
68.3721
68.3721
68.3721
68.3721
68.3721
68.3721
68.3721
68.3721
68.3721
68.3721
68.3721
68.3721
68.3721
68.3721
68.3721
68.3721
68.3721
68.3721
68.3721
68.3721
68.3721
68.3721
68.3721
68.3721
68.3721
68.3721
68.3721
68.3721
68.3721
68.3721
68.3721
68.3721
68.3721
68.3721
68.3721
68.3721
68.3721
68.3721
68.3721
68.3721
68.3721
68.3721
68.3721
68.3721
68.3721
68.3721
68.3721
68.3721
68.3721
68.3721
68.3721
68.3721
68.3721
68.3721
68.3721
68.3721
68.3721
68.3721
68.3721
68.3721
68.3721
68.3721
68.3721
68.3721
68.3721
68.3721
68.3721
68.3721
68.3721
68.3721
68.3721
68.3721
68.3721
68.3721
68.3721
68.3721
68.3721
68.3721
68.3721
68.3721
68.3721
68.3721
68.3721
68.3721
68.3721
68.3721
68.3721
68.3721
68.3721
68.3721
68.3721
68.3721
68.3721
68.3721
68.3721
68.3721
68.3721
68.3721
68.3721
68.3721
68.3721
68.3721
68.3721
68.3721
68.3721
68.3721
68.3721
68.3721
68.3721
68.3721
68.3721
68.3721
68.3721
68.3721
68.3721
68.3721
68.3721
68.3721
68.3721
68.3721
68.3721
68.3721
68.3721
68.3721
68.3721
68.3721
68.3721
68.3721
68.3721
68.3721
68.3721
68.3721
68.3721
68.3721
68.3721
68.3721
68.3721
68.3721
68.3721
68.3721
68.3721
68.3721
68.3721
68.3721
68.3721
68.3721
68.3721
68.3721
68.3721
68.3721
68.3721
68.3721
68.3721
68.3721
68.3721
68.3721
68.3721
68.3721
68.3721
68.3721
68.3721
68.3721
68.3721
68.3721
68.3721
68.3721
68.3721
68.3721
68.3721
68.3721
68.3721
68.3721
68.3721
68.3721
68.3721
68.3721
68.3721
68.3721
68.3721
68.3721
68.3721
68.3721
68.3721
68.3721
68.3721
68.3721
68.3721
68.3721
68.3721
68.3721
68.3721
68.3721
68.3721
68.3721
68.3721
68.3721
68.3721
68.3721
68.3721
68.3721
68.3721
68.3721
68.3721
68.3721
68.3721
68.3721
68.3721
68.3721
68.3721
68.3721
68.3721
68.3721
68.3721
68.3721
68.3721
68.3721
68.3721
68.3721
68.3721
68.3721
68.3721
68.3721
68.3721
68.3721
68.3721
68.3721
68.3721
68.3721
68.3721
68.3721
68.3721
68.3721
68.3721
68.3721
68.3721
68.3721
68.3721
68.3721
68.3721
68.3721
68.3721
68.3721
68.3721
68.3721
68.3721
68.3721
68.3721
68.3721
68.3721
68.3721
68.3721
68.3721
68.3721
68.3721
68.3721
68.3721
68.3721
68.3721
68.3721
68.3721
68.3721
68.3721
68.3721
68.3721
68.3721
68.3721
68.3721
68.3721
68.3721
68.3721
68.3721
68.3721
68.3721
68.3721
68.3721
68.3721
68.3721
68.3721
68.3721
68.3721
68.3721
68.3721
68.3721
68.3721
68.3721
68.3721
68.3721
68.3721
68.3721
68.3721
68.3721
68.3721
68.3721
68.3721
68.3721
68.3721
68.3721
68.3721
68.3721
68.3721
68.3721
68.3721
68.3721
68.3721
68.3721
68.3721
68.3721
68.3721
68.3721
68.3721
68.3721
68.3721
68.3721
68.3721
68.3721
68.3721
68.3721
68.3721
68.3721
68.3721
68.3721
68.3721
68.3721
68.3721
68.3721
68.3721
68.3721
68.3721
68.3721
68.3721
68.3721
68.3721
68.3721
68.3721
68.3721
68.3721
68.3721
68.3721
68.3721
68.3721
68.3721
68.3721
68.3721
68.3721
68.3721
68.343
68.3333
68.1684
67.8872
67.8872
67.8872
67.8872
67.8872
67.8872
67.8872
67.8872
67.8872
67.8872
67.8872
67.8872
67.8872
67.8872
67.8872
67.8872
67.8872
67.8872
67.8872
67.8872
67.8872
67.8872
67.8872
67.8872
67.8872
67.8872
67.8872
67.8872
67.8872
67.8872
67.8872
67.8872
67.8872
67.8872
67.8872
67.8872
67.8872
67.8872
67.8872
67.8872
67.8872
67.8872
67.8872
67.8872
67.8872
67.8872
67.8872
67.8872
67.8872
67.8872
67.8872
67.8872
67.8872
67.8872
67.8872
67.8872
67.8872
67.8872
67.8872
67.8872
67.8872
67.8872
67.8872
67.8872
67.8872
67.8872
67.8872
67.8872
67.8872
67.8872
67.8872
67.8872
67.8872
67.8872
67.8872
67.8872
67.8872
67.8872
67.8872
67.8872
67.8872
67.8872
67.8872
67.8872
67.8872
67.8872
67.8872
67.8872
67.8872
67.8872
67.8872
67.8872
67.8872
67.8872
67.8872
67.8872
67.8872
67.8872
67.8872
67.8872
67.8872
67.8872
67.8872
67.8872
67.8872
67.8872
67.8872
67.8872
67.8872
67.8872
67.8872
67.8872
67.8872
67.8872
67.8872
67.8872
67.8872
67.8872
67.8872
67.8872
67.8872
67.8872
67.8872
67.8872
67.8872
67.8872
67.8872
67.8872
67.8872
67.8872
67.8872
67.8872
67.8872
67.8872
67.8872
67.8872
67.8872
67.8872
67.8872
67.8872
67.8872
67.8872
67.8872
67.8872
67.8872
67.8872
67.8872
67.8872
67.8872
67.8872
67.8872
67.8872
67.8872
67.8872
67.8872
67.8872
67.8872
67.8872
67.8872
67.8872
67.8872
67.8872
67.8872
67.8872
67.8872
67.8872
67.8872
67.8872
67.8872
67.8872
67.8872
67.8872
67.8872
67.8872
67.8642
67.8183
67.6116
66.9687
66.7391
66.7391
66.7391
66.7391
66.7391
66.7391
66.7391
66.7391
66.7391
66.7391
66.7391
66.7391
66.7391
66.7391
66.7391
66.7391
66.7391
66.7391
66.7391
66.7645
66.7391
68.4614
66.7391
66.7391
67.126
66.7391
66.7391
66.7391
66.7391
66.7391
66.7391
66.7391
66.7391
66.7391
66.7391
66.7391
66.7391
66.7391
66.7391
66.7391
66.7391
66.7391
66.7391
66.7391
66.7391
66.7972
66.7391
66.7391
66.7391
66.7336
66.7281
66.6953
66.6022
66.4654
66.4654
66.4654
66.4654
66.4654
66.4654
66.4654
66.4654
66.4654
66.4654
66.4654
66.4654
66.4654
66.4654
66.4654
66.4654
66.4654
66.4654
66.4654
66.4654
66.4654
66.4654
66.4654
66.4654
66.4654
66.4654
66.4654
66.4654
66.4654
66.4654
66.4654
66.4654
66.4654
66.4654
66.4654
66.4654
66.4654
66.4654
66.4654
66.4654
66.4654
66.9714
66.4654
66.4654
66.4654
66.4654
66.4654
66.4654
66.4654
66.4654
66.4654
66.4654
66.4654
66.4654
66.4654
66.4654
66.4654
66.4654
66.4654
66.4654
66.4654
66.4654
66.4654
66.4654
66.4654
66.4654
66.4654
66.4654
66.4654
66.4654
66.4654
66.4654
66.4654
66.4654
66.4654
66.4654
66.4654
66.4654
66.4654
66.4654
66.4654
66.4654
66.4654
66.4654
66.4654
66.4654
66.4654
66.4654
66.4654
66.4654
66.4654
66.4654
66.4654
66.4654
66.4654
66.4654
66.4654
66.4654
66.4654
66.4654
66.4654
67.8292
66.4654
66.4742
66.4654
66.4654
66.4654
66.4654
66.4654
66.4654
66.4654
66.4654
66.4654
66.4654
66.4654
66.4654
66.4654
66.4654
66.4654
66.4654
66.4654
66.4654
66.4654
66.4654
66.4654
66.4654
66.4654
66.4654
66.4654
66.4654
72.3882
67.8878
74.9695
66.4654
66.4654
66.4654
66.4654
66.4654
66.4654
71.1085
66.6632
75.9652
66.4654
66.4654
66.4654
66.4654
66.4654
66.4654
66.4654
66.4654
66.4654
66.4654
66.4654
66.4654
66.4654
66.4654
66.4654
66.4654
66.4654
66.4654
66.4654
66.4654
66.4654
66.4654
66.4654
66.4654
66.4654
66.4654
66.4654
66.4654
66.4654
66.4654
66.4654
66.4654
66.4654
66.4654
66.4654
66.4654
66.4654
66.4654
66.4654
66.4654
66.4654
66.4654
66.4654
66.4654
66.4654
66.4654
66.4654
66.4654
66.4654
66.4654
66.4654
66.4654
66.4654
66.4654
66.4654
66.4654
66.4654
66.4654
66.4654
66.4654
66.4654
66.4654
66.4654
66.4654
66.4654
66.4654
66.4654
66.4654
66.4654
66.4654
66.4654
66.4654
66.4654
66.4654
66.4654
66.4654
66.4654
66.4654
66.4654
66.4654
66.4654
66.4654
66.4654
66.4654
66.4654
66.4654
66.4654
66.4654
66.4654
66.4654
66.4654
66.4654
66.4654
66.4654
66.4654
66.4654
66.4654
66.4654
66.4654
66.4654
66.4654
66.4654
66.4654
66.4654
66.4654
66.4654
66.4654
66.4654
66.4654
66.4654
66.4654
66.4654
66.4654
66.4654
66.4654
66.4654
66.4654
66.4654
66.4654
66.4654
66.4654
66.4654
66.4654
66.4654
66.4654
66.4654
66.4654
66.4654
66.4654
66.4654
66.4654
66.4654
66.4654
66.4654
66.4654
66.4654
66.4654
66.4654
66.4654
66.4654
66.4654
66.4654
66.4654
66.4654
66.4654
66.4654
66.4654
66.4654
66.4654
66.4654
66.4654
66.4654
66.4654
66.4654
66.4654
66.4654
66.4654
66.4654
66.4654
66.4654
66.4654
66.4654
66.4654
66.4654
66.4654
66.4654
66.4654
66.4654
66.4654
66.4654
66.4654
66.4654
66.4654
66.4654
66.4654
66.4654
66.4654
66.4654
66.4654
66.4654
66.4654
66.4654
66.4654
66.4654
66.4654
66.4654
66.4654
66.4654
66.4654
66.4654
66.4654
66.4654
66.4654
66.4654
66.4654
66.4654
66.4654
66.4654
66.4654
66.4654
66.4654
66.4654
66.4654
66.4654
66.4654
66.4654
66.4654
66.4654
66.4654
66.4654
66.4654
66.4654
66.4654
66.4654
66.4654
66.4654
66.4654
66.4654
66.4654
66.4654
66.4654
66.4654
66.4654
66.4654
66.4654
66.4654
66.4654
66.4654
66.4654
66.4654
66.4654
66.4654
66.4654
66.4654
66.4654
66.4654
66.4654
66.4654
66.4654
66.4654
66.4654
66.4654
66.4654
66.4654
66.4654
66.4654
66.4654
66.4654
66.4654
66.4654
66.4654
66.4654
66.4654
66.4654
66.4654
66.4654
66.4654
66.4654
66.4654
66.4654
66.4654
66.4654
66.4654
66.4654
66.4654
66.4654
66.4654
66.4654
66.4654
66.4654
66.4654
66.4654
66.4654
66.4654
66.4654
66.4654
66.4654
66.4654
66.4654
66.4654
66.4654
66.4654
66.4654
66.4654
66.4654
66.4654
66.4654
66.4654
66.4654
66.4654
66.4654
66.4654
66.4654
66.4654
66.4654
66.4654
66.4654
66.4654
66.4654
66.4654
66.4654
66.4654
66.4654
66.4654
66.4654
66.4654
66.4654
66.4654
66.4654
66.4654
66.4654
66.4654
66.4654
66.4654
66.4654
66.4654
66.4654
66.4654
66.4654
66.4654
66.4654
66.4654
66.4654
66.4654
66.4654
66.4654
66.4654
66.4654
66.4654
66.4654
66.4654
66.4654
66.4654
66.4654
66.4654
66.4654
66.4654
66.4654
66.4654
66.4654
66.4654
66.4654
66.4654
66.4654
66.4654
66.4654
66.4654
66.4654
66.4654
66.4654
66.4654
66.4654
66.4654
66.4654
66.4654
66.4654
66.4654
66.4654
66.4654
66.4654
66.4654
66.4654
66.4654
66.4654
66.4654
66.4654
66.4654
66.4654
66.4654
66.4654
66.4654
66.4654
66.4654
66.4654
66.4654
66.4654
66.4654
66.4654
66.4654
66.4654
66.4654
66.4654
66.4654
66.4654
66.4654
66.4654
66.4654
66.4654
66.4654
66.4654
66.4654
66.4654
66.4654
66.4654
66.4634
66.4634
66.4585
66.4454
66.4309
66.4309
66.4309
66.4309
66.4309
66.4309
66.4309
66.4309
66.4309
66.4309
66.4309
66.4309
66.4309
66.4309
66.4309
66.4309
66.4309
66.4309
66.4309
66.4309
66.4309
66.4309
66.4309
66.4309
66.4309
66.4309
66.4309
66.4309
66.4309
66.4309
66.4309
66.4309
66.4309
66.4309
66.4309
66.4309
66.4309
66.4309
66.4309
66.4309
66.4309
66.4309
66.4309
66.4309
66.4309
66.4309
66.4309
66.4309
66.4309
66.4309
66.4309
66.4309
66.4309
66.4309
66.4309
66.4309
66.4309
66.4309
66.4309
66.4309
66.4309
66.4309
66.4309
66.4309
66.4309
66.4309
66.4309
66.4309
66.4309
66.4309
66.4309
66.4309
66.4309
66.4309
66.4309
66.4309
66.4309
66.4309
66.4309
66.4309
66.4309
66.4309
66.4309
66.4309
66.4309
66.4309
66.4309
66.4309
66.4309
66.4309
66.4309
66.4309
66.4309
66.4309
66.4309
66.4309
66.4309
66.4309
66.4309
66.4309
66.4309
66.4309
66.4309
66.4309
66.4309
66.4309
66.4309
66.4309
66.4309
66.4309
66.4309
66.4309
66.4309
66.4309
66.4309
66.4309
66.4228
66.4201
66.3985
66.3633
66.2958
66.2958
66.2958
66.2958
66.2936
66.2868
66.2821
66.2821
66.2821
66.2821
66.2821
66.2821
66.2821
66.2821
66.2821
66.2821
66.2821
66.2821
66.2821
66.2821
66.2821
66.2821
66.2821
66.2821
66.2821
66.2821
66.2821
66.2821
66.2821
66.2821
66.2821
66.2821
66.2821
66.2821
66.2821
66.2821
66.2821
66.2821
66.2821
66.2821
66.2821
66.2821
66.2821
66.2821
66.2821
66.2821
66.2821
66.2821
66.2821
66.2821
66.2821
66.2821
66.2821
66.2821
66.2821
66.2821
66.2821
66.2821
66.2821
66.2821
66.2821
66.2821
66.2821
66.2821
66.2821
66.2821
66.2821
66.2821
66.2821
66.2821
66.2821
66.2821
66.2821
66.2821
66.2821
66.2821
66.2821
66.2821
66.2821
66.2821
66.2821
66.2821
66.2821
66.2821
66.2821
66.2821
66.2821
66.2821
66.2821
66.2821
66.2821
66.2821
66.2821
66.2821
66.2821
66.2821
66.2821
66.2821
66.2821
66.2821
66.2821
66.2821
66.2821
66.2821
66.2821
66.2821
66.2821
66.2821
66.2821
66.2821
66.2821
66.2821
66.2821
66.2821
66.2821
66.2821
66.2821
66.2821
66.2821
66.2821
66.2821
66.2821
66.2821
66.2821
66.2821
66.2821
66.2821
66.2821
66.2821
66.2821
66.2821
66.2821
66.2821
66.2821
66.2821
66.2821
66.2821
66.2821
66.2821
66.2821
66.2821
66.2821
66.2821
66.2821
66.2821
66.2821
66.2821
66.2821
66.2821
66.2821
66.2821
66.2821
66.2821
66.2821
66.2821
66.2821
66.2821
66.2821
66.2821
66.2821
66.2821
66.2821
66.2821
66.2821
66.2821
66.2821
66.2821
66.2821
66.2821
66.2821
66.2821
66.2821
66.2821
66.2821
66.2821
66.2821
66.2821
66.2821
66.2821
66.2821
66.2821
66.2821
66.2821
66.2821
66.2821
66.2821
66.2821
66.2821
66.2821
66.2821
66.2821
66.2821
66.2821
66.2821
66.2821
66.2821
66.2821
66.2821
66.2821
66.2821
66.2821
66.2821
66.2821
66.2821
66.2821
66.2821
66.2821
66.2821
66.2821
66.2821
66.2821
66.2821
66.2821
66.2821
66.2821
66.2821
66.2821
66.2821
66.2821
66.2821
66.2821
66.2821
66.2821
66.2821
66.2821
66.2821
66.2821
66.2821
66.2821
66.2821
66.2821
66.2821
66.259
66.1955
65.9933
65.9933
65.9933
65.9933
65.9933
65.9933
65.9933
65.9933
65.9933
65.9933
65.9933
65.9933
65.9933
65.9933
65.9933
65.9933
65.9933
65.9933
65.9933
65.9933
65.9933
65.9933
65.9933
65.9933
65.9933
65.9933
65.9933
65.9933
65.9933
65.9933
65.9933
65.9933
65.9933
65.9933
65.9933
65.9933
65.9933
65.9933
65.9933
65.9933
65.9933
65.9933
65.9933
65.9933
65.9933
65.9933
65.9933
65.9933
65.9933
65.9933
65.9933
65.9933
65.9933
65.9933
65.9933
65.9933
65.9933
65.9933
65.9933
65.9933
65.9933
65.9933
65.9933
65.9933
65.9933
65.9933
65.9933
65.9933
65.9933
65.9933
65.9933
65.9933
65.9933
65.9933
65.9933
65.9933
65.9933
65.9933
65.9933
65.9933
65.9933
65.9933
65.9926
65.9897
65.9788
65.9569
65.9569
65.9569
65.9569
65.9569
65.9569
65.9569
65.9569
65.9569
65.9569
65.9569
65.9569
65.9569
65.9569
65.9569
65.9569
65.9569
65.9569
65.9569
65.9569
65.9569
65.9569
65.9569
65.9569
65.9569
65.9569
65.9569
65.9569
65.9569
65.9569
65.9569
65.9569
65.9569
65.9569
65.9569
65.9569
65.9569
65.9569
65.9569
65.9569
65.9569
65.9569
65.9569
65.9569
65.9569
65.9569
65.9569
65.9569
65.9569
65.9569
65.9569
65.9569
65.9569
65.9569
65.9569
65.9569
65.9569
65.9569
65.9569
65.9569
65.9569
65.9569
65.9569
65.9569
65.9569
65.9569
65.9569
65.9569
65.9569
65.9569
65.9569
65.9569
65.9569
65.9569
65.9569
65.9569
65.9569
65.9569
65.9569
65.9569
65.9569
65.9569
65.9569
65.9569
65.9478
65.9478
65.9478
65.8838
65.6735
65.4997
65.4997
65.4997
65.4997
65.4997
65.4997
65.4997
65.4997
65.4997
65.4997
65.4997
65.4997
65.4997
65.4997
65.4997
65.4997
65.4997
65.4997
65.4997
65.4997
65.4997
65.4997
65.4997
65.4997
65.4997
65.4997
65.4997
65.4997
65.4997
65.4997
65.4997
65.4997
65.4997
65.4997
65.4997
65.4997
65.4997
65.4997
65.4997
65.4997
65.4997
65.4997
65.4997
65.4997
65.4997
65.4997
65.4997
65.4997
65.4997
65.4997
65.4997
65.4997
65.4997
65.4997
65.4997
65.4997
65.4997
65.4997
65.4997
65.4997
65.4997
65.4997
65.4997
65.4997
65.4997
65.4997
65.4997
65.4997
65.4997
65.4997
65.4997
65.4997
65.4997
65.4997
65.4997
65.4997
65.4997
65.4997
65.4997
65.4997
65.4997
65.4997
65.4997
65.4997
65.4997
65.4997
65.4997
65.4997
65.4997
65.4997
65.4997
65.4997
65.4997
65.4997
65.4997
65.4997
65.4997
65.4997
65.4997
65.4997
65.4997
65.4997
65.4997
65.4997
65.4997
65.4997
65.4997
65.4997
65.4997
65.4997
65.4997
65.4997
65.4997
65.4997
65.4997
65.4997
65.4997
65.4997
65.4997
65.4997
65.4997
65.4997
65.4997
65.4997
65.4997
65.4997
65.4997
65.4997
65.4997
65.4997
65.4997
65.4997
65.4997
65.4997
65.4997
65.4997
65.4997
65.4997
65.4997
65.4997
65.4997
65.4997
65.4997
65.4997
65.4997
65.4997
65.4997
65.4997
65.4997
65.4997
65.4997
65.4997
65.4997
65.4997
65.4997
65.4997
65.4997
65.4997
65.4997
65.4997
65.4997
65.4997
65.4997
65.4997
65.4997
65.4997
65.4997
65.4997
65.4997
65.4997
65.4997
65.4997
65.4997
65.4997
65.4997
65.4997
65.4997
65.4997
65.4997
65.4997
65.4997
65.4997
65.4997
65.4997
65.4997
65.4997
65.4997
65.4997
65.4997
65.4997
65.4997
65.4997
65.4997
65.4997
65.4997
65.4997
65.4997
65.4997
65.4997
65.4997
65.4997
65.4997
65.4997
65.4997
65.4997
65.4997
65.4997
65.6569
65.4997
65.4997
65.4997
65.4997
65.4997
65.4997
65.4997
65.4997
65.4997
65.4997
65.4997
65.4997
65.4997
65.4997
65.4997
65.4997
65.4997
65.4997
65.4997
65.4997
65.4997
65.4997
65.4997
65.4997
65.4997
65.4997
65.4997
65.4997
65.4997
65.4997
65.4997
65.4997
65.4997
65.4997
65.4997
65.4997
65.4997
65.4997
65.4997
65.4997
65.4997
65.4997
65.4997
65.4997
65.4997
65.4997
65.4997
65.4997
65.4997
65.4997
65.4997
65.4997
65.4997
65.4997
65.4997
65.4997
65.4997
65.4997
65.4997
65.4997
65.4997
65.4997
65.4997
65.4997
65.4997
65.4997
65.4997
65.4997
65.4997
65.4997
65.4997
65.4997
65.4997
65.4997
65.4997
65.4997
65.4997
65.4997
65.4997
65.4997
65.4997
65.4997
65.4997
65.4997
65.4997
65.4997
65.4997
65.4997
65.4997
65.4997
65.4997
65.4997
65.4997
65.4997
65.4997
65.4997
65.4997
65.4997
65.4997
65.4997
65.4997
65.4997
65.4997
65.4997
65.4997
65.4997
65.4997
65.4997
65.4997
65.4997
65.4997
65.4997
65.4997
65.4997
65.4997
65.4997
65.4997
65.4997
65.4997
65.4997
65.4997
65.4997
65.4997
65.4997
65.4997
65.4997
65.4997
65.4997
65.4997
65.4997
65.4997
65.4997
65.4997
65.4997
65.4997
65.4997
65.4997
65.4997
65.4997
65.4997
65.4997
65.4997
65.4997
65.4997
65.4997
65.4997
65.4997
65.4997
65.4997
65.4997
65.4997
65.4997
65.4997
65.4997
65.4997
65.4997
65.4997
65.4997
65.4997
65.4997
65.4997
65.4997
65.4997
65.4997
65.4997
65.4997
65.4997
65.4997
65.4997
65.4997
65.4997
65.4997
65.4997
65.4997
65.4997
65.4997
65.4997
65.4997
65.4997
65.4997
65.4997
65.4997
65.4997
65.4997
65.4997
65.4997
65.4997
65.4997
65.4997
65.4997
65.4997
65.4997
65.4997
65.4997
65.4997
65.4997
65.4997
65.4997
65.4997
65.4997
65.4997
65.4997
65.4997
65.4997
65.4997
65.4997
65.4997
65.4997
65.4997
65.4997
65.4997
65.4997
65.4997
65.4997
65.4997
65.4997
65.4997
65.4997
65.4997
65.4997
65.4997
65.4997
65.4997
65.4997
65.4997
65.4997
65.4997
65.4997
65.4997
65.4997
65.4997
65.4997
65.4997
65.4997
65.4997
65.4997
65.4997
65.4997
65.4997
65.4997
65.4997
65.4997
65.4997
65.4997
65.4997
65.4997
65.4997
65.4997
65.4997
65.4997
65.4997
65.4997
65.4997
65.4997
65.4997
65.4997
65.4997
65.4997
65.4997
65.4997
65.4997
65.4997
65.4997
65.4997
65.4997
65.4997
65.4997
65.4997
65.4997
65.4997
65.4997
65.4997
65.4997
65.4997
65.4997
65.4997
65.4997
65.4997
65.4997
65.4997
65.4997
65.4997
65.4997
65.4997
65.4997
65.4997
65.4997
65.4997
65.4997
65.4997
65.4997
65.4997
65.4997
65.4997
65.4997
65.4997
65.4997
65.4997
65.4997
65.4997
65.4997
65.4997
65.4997
65.4997
65.4997
65.4997
65.4997
65.4997
65.4997
65.4997
65.4997
65.4997
65.4997
65.4997
65.4997
65.4997
65.4997
65.4997
65.4997
65.4997
65.4997
65.4997
65.4997
65.4997
65.4997
65.4997
65.4997
65.4997
65.4997
65.4997
65.4997
65.4997
65.4997
65.4997
65.4997
65.4997
65.4997
65.4997
65.4997
65.4997
65.4997
65.4997
65.4997
65.4997
65.4997
65.4997
65.4997
65.4997
65.4997
65.4997
65.4997
65.4997
65.4997
65.4997
65.4997
65.4997
65.4997
65.4997
65.4997
65.4997
65.4997
65.4997
65.4997
65.4997
65.4997
65.4997
65.4997
65.4997
65.4997
65.4997
65.4997
65.4997
65.4997
65.4997
65.4997
65.4997
65.4997
65.4997
65.4997
65.4997
65.4997
65.4997
65.4997
65.4997
65.4997
65.4997
65.4997
65.4997
65.4997
65.4997
65.4997
65.4997
65.4997
65.4997
65.4997
65.4997
65.4997
65.4997
65.4997
65.4997
65.4997
65.4997
65.4997
65.4997
65.4997
65.4997
65.4997
65.4997
65.4997
65.4997
65.4997
65.4997
65.4997
65.4997
65.4997
65.4997
65.4997
65.4997
65.4997
65.4997
65.4997
65.4997
65.4997
65.4997
65.4997
65.4997
65.4997
65.4997
65.4997
65.4997
65.4997
65.4997
65.4997
65.4997
65.4997
65.4997
65.4997
65.4997
65.4997
65.4997
65.4997
65.4997
65.4997
65.4997
65.4997
65.4997
65.4997
65.4997
65.4997
65.4997
65.4997
65.4997
65.4997
65.4997
65.4997
65.4997
65.4997
65.4997
65.4997
65.4997
65.4997
65.4997
65.4997
65.4997
65.4997
65.4997
65.4997
65.4997
65.4997
65.4997
65.4997
65.4997
65.4997
65.4997
65.4997
65.4997
65.4997
65.4997
65.4997
65.4997
65.4997
65.4997
65.4997
65.4997
65.4997
65.4997
65.4997
65.4997
65.4997
65.4997
65.4997
65.4997
65.4997
65.4997
65.4997
65.4997
65.4997
65.4997
65.4997
65.4997
65.4997
65.4997
65.4997
65.4997
65.4997
65.4997
65.4997
65.4997
65.4997
65.4997
65.4997
65.4997
65.4997
65.4997
65.4997
65.4997
65.4997
65.4997
65.4997
65.4997
65.4997
65.4997
65.4997
65.4997
65.4997
65.4997
65.4997
65.4997
65.4997
65.4997
65.4997
65.4997
65.4997
65.4997
65.4997
65.4997
65.4997
65.4997
65.4997
65.4997
65.4997
65.4997
65.4997
65.4997
65.4997
65.4997
65.4997
65.4997
65.4997
65.4997
65.4997
65.4997
65.4997
65.4997
65.4997
65.4997
65.4997
65.4997
65.4997
65.4997
65.4997
65.4997
65.4997
65.4997
65.4997
65.4997
65.4997
65.4997
65.4997
65.4997
65.4997
65.4997
65.4997
65.4997
65.4997
65.4997
65.4997
65.4997
65.4997
65.4997
65.4997
65.4997
65.4997
65.4997
65.4997
65.4997
65.4997
65.4997
65.4997
65.4997
65.4997
65.4997
65.4997
65.4997
65.4997
65.4997
65.4997
65.4997
65.4997
65.4997
65.4997
65.4997
65.4997
65.4997
65.4997
65.4997
65.4997
65.4997
65.4997
65.4997
65.4997
65.4997
65.4997
65.4997
65.4997
65.4997
65.4997
65.4997
65.4997
65.4997
65.4997
65.4997
65.4997
65.4997
65.4997
65.4997
65.4997
65.4997
65.4997
65.4997
65.4997
65.4997
65.4997
65.4997
65.4997
65.4997
65.4997
65.4997
65.4997
65.4997
65.4997
65.4997
65.4997
65.4997
65.4997
65.4997
65.4997
65.4997
65.4997
65.4997
65.4997
65.4997
65.4997
65.4997
65.4997
65.4997
65.4997
65.4997
65.4997
65.4997
65.4997
65.4997
65.4997
65.4997
65.4997
65.4997
65.4997
65.4997
65.4997
65.4997
65.4997
65.4997
65.4997
65.4997
65.4997
65.4997
65.4997
65.4997
65.4997
65.4997
65.4997
65.4997
65.4997
65.4997
65.4997
65.4997
65.4997
65.4997
65.4997
65.4997
65.4997
65.4997
65.4997
65.4997
65.4997
65.4997
65.4997
65.4997
65.4997
65.4997
65.4997
65.4997
65.4997
65.4997
65.4997
65.4997
65.4997
65.4997
65.4997
65.4997
65.4997
65.4997
65.4997
65.4997
65.4997
65.4997
65.4997
65.4997
65.4997
65.4997
65.4997
65.4997
65.4997
65.4997
65.4997
65.4997
65.4997
65.4997
65.4997
65.4997
65.4997
65.4997
65.4997
65.4997
65.4997
65.4997
65.4997
65.4997
65.4997
65.4997
65.4997
65.4997
65.4997
65.4997
65.4997
65.4997
65.4997
65.4997
65.4997
65.4997
65.4997
65.4997
65.4997
65.4997
65.4997
65.4997
65.4997
65.4997
65.4997
65.4997
65.4997
65.4997
65.4997
65.4997
65.4997
65.4997
65.4997
65.4997
65.4997
65.4997
65.4997
65.4997
65.4997
65.4997
65.4997
65.4997
65.4997
65.4997
65.4997
65.4997
65.4997
65.4997
65.4997
65.4997
65.4997
65.4997
65.4997
65.4997
65.4997
65.4997
65.4997
65.4997
65.4997
65.4997
65.4997
65.4997
65.4997
65.4997
65.4997
65.4997
65.4997
65.4997
65.4997
65.4997
65.4997
65.4997
65.4997
65.4997
65.4997
65.4997
65.4997
65.4997
65.4997
65.4997
65.4997
65.4997
65.4997
65.4997
65.4997
65.4997
65.4997
65.4997
65.4997
65.4997
65.4997
65.4997
65.4997
65.4997
65.4997
65.4997
65.4997
65.4997
65.4997
65.4997
65.4997
65.4997
65.4997
65.4997
65.4997
65.4997
65.4997
65.4997
65.4997
65.4997
65.4997
65.4997
65.4997
65.4997
65.4997
65.4997
65.4997
65.4997
65.4997
65.4997
65.4997
65.4997
65.4997
65.4997
65.4997
65.4997
65.4997
65.4997
65.4997
65.4997
65.4997
65.4997
65.4997
65.4997
65.4997
65.4997
65.4997
65.4997
65.4997
65.4997
65.4997
65.4997
65.4997
65.4997
65.4997
65.4997
65.4997
65.4997
65.4997
65.4997
65.4997
65.4997
65.4997
65.4997
65.4997
65.4997
65.4997
65.4997
65.4997
65.4997
65.4997
65.4997
65.4997
65.4997
65.4997
65.4997
65.4997
65.4997
65.4997
65.4997
65.4997
65.4997
65.4997
65.4997
65.4997
65.4997
65.4997
65.4997
65.4997
65.4997
65.4997
65.4997
65.4997
65.4997
65.4997
65.4997
65.4997
65.4997
65.4997
65.4997
65.4997
65.4997
65.4997
65.4997
65.4997
65.4997
65.4997
65.4997
65.4997
65.4997
65.4997
65.4997
65.4997
65.4997
65.4997
65.4997
65.4997
65.4997
65.4997
65.4997
65.4997
65.4997
65.4997
65.4997
65.4997
65.4997
65.4997
65.4997
65.4997
65.4997
65.4997
65.4997
65.4997
65.4997
65.4997
65.4997
65.4997
65.4997
65.4997
65.4997
65.4997
65.4997
65.4997
65.4997
65.4997
65.4997
65.4997
65.4997
65.4997
65.4997
65.4997
65.4997
65.4997
65.4997
65.4997
65.4997
65.4997
65.4997
65.4997
65.4997
65.4997
65.4997
65.4997
65.4997
65.4997
65.4997
65.4997
65.4997
65.4997
65.4997
65.4997
65.4997
65.4997
65.4997
65.4997
65.4997
65.4997
65.4997
65.4997
65.4997
65.4997
65.4997
65.4997
65.4997
65.4997
65.4997
65.4997
65.4997
65.4997
65.4997
65.4997
65.4997
65.4997
65.4997
65.4997
65.4997
65.4997
65.4997
65.4997
65.4997
65.4997
65.4997
65.4997
65.4997
65.4997
65.4997
65.4997
65.4997
65.4997
65.4997
65.4997
65.4997
65.4997
65.4997
65.4997
65.4997
65.4997
65.4997
65.4997
65.4997
65.4997
65.4997
65.4997
65.4997
65.4997
65.4997
65.4997
65.4997
65.4997
65.4997
65.4997
65.4997
65.4997
65.4997
65.4997
65.4997
65.4997
65.4997
65.4997
65.4997
65.4997
65.4997
65.4997
65.4997
65.4997
65.4997
65.4997
65.4997
65.4997
65.4997
65.4997
65.4997
65.4997
65.4997
65.4997
65.4997
65.4997
65.4997
65.4997
65.4997
65.4997
65.4997
65.4997
65.4997
65.4997
65.4997
65.4997
65.4997
65.4997
65.4997
65.4997
65.4997
65.4997
65.4997
65.4997
65.4997
65.4997
65.4997
65.4997
65.4997
65.4997
65.4997
65.4997
65.4997
65.4997
65.4997
65.4997
65.4997
65.4997
65.4997
65.4997
65.4997
65.4997
65.4997
65.4997
65.4997
65.4997
65.4997
65.4997
65.4997
65.4997
65.4997
65.4997
65.4997
65.4997
65.4997
65.4997
65.4997
65.4997
65.4997
65.4997
65.4997
65.4997
65.4997
65.4997
65.4997
65.4997
65.4997
65.4997
65.4997
65.4997
65.4997
65.4997
65.4997
65.4997
65.4997
65.4997
65.4997
65.4997
65.4997
65.4997
65.4997
65.4997
65.4997
65.4997
65.4997
65.4997
65.4997
65.4997
65.4997
65.4997
65.4997
65.4997
65.4997
65.4997
65.4997
65.4997
65.4997
65.4997
65.4997
65.4997
65.4997
65.4997
65.4997
65.4997
65.4997
65.4997
65.4997
65.4997
65.4997
65.4997
65.531
65.4997
65.4997
65.4997
65.4997
65.4997
65.4997
65.4997
65.4997
65.4997
65.4997
65.4997
65.4997
65.4997
65.4997
65.4997
65.4997
65.4997
65.4997
65.4997
65.4997
65.4997
65.4997
65.4997
65.4997
65.4997
65.4997
65.4997
65.4997
65.4997
65.4997
65.4997
65.4997
65.4997
65.4997
65.4997
65.4997
65.4997
65.4997
65.4997
65.4997
65.4997
65.4997
65.4997
65.4997
65.4997
65.4997
65.4997
65.4997
65.4997
65.4997
65.4997
65.4997
65.4997
65.4997
65.4997
65.4997
65.4997
65.4997
65.4997
65.4997
65.4997
65.4997
65.4997
65.4997
65.4997
65.4997
65.4997
65.4997
65.4997
65.4997
65.4997
65.4997
65.4997
65.4997
65.4997
65.4997
65.4997
65.4997
65.4997
65.4997
65.4997
65.4997
65.4997
65.4997
65.4997
65.4997
65.4997
65.4997
65.4997
65.4997
65.4997
65.4997
65.4997
65.4997
65.4997
65.4997
65.4997
65.4997
65.4997
65.4997
65.4997
65.4997
65.4997
65.4997
65.4997
65.4997
65.4997
65.4997
65.4997
65.4997
65.4997
65.4997
65.4997
65.4997
65.4997
65.4997
65.4997
65.4997
65.4997
65.4997
65.4997
65.4997
65.4997
65.4997
65.4997
65.4997
65.4997
65.4997
65.4997
65.4997
65.4997
65.4997
65.4997
65.4997
65.4997
65.4997
65.4997
65.4997
65.4997
65.4997
65.4997
65.4997
65.4997
65.4997
65.4997
65.4997
65.4997
65.4997
65.4997
65.4997
65.4997
65.4997
65.4997
65.4997
65.4997
65.4997
65.4997
65.4997
65.4997
65.4997
65.4997
65.4997
65.4997
65.4997
65.4997
65.4997
65.4997
65.4997
65.4997
65.4997
65.4997
65.4997
65.4997
65.4997
65.4997
65.4997
65.4997
65.4997
65.4997
65.4997
65.4997
65.4997
65.4997
65.4997
65.4997
65.4997
65.4997
65.4997
65.4997
65.4997
65.4997
65.4997
65.4997
65.4997
65.4997
65.4997
65.4997
65.4997
65.4997
65.4997
65.4997
65.4997
65.4997
65.4997
65.4997
65.4997
65.4997
65.4997
65.4997
65.4997
65.4997
65.4997
65.4997
65.4997
65.4997
65.4997
65.4997
65.4997
65.4997
65.4997
65.4997
65.4997
65.4997
65.4997
65.4997
65.4997
65.4997
65.4997
65.4997
65.4997
65.4997
65.4997
65.4997
65.4997
65.4997
65.4997
65.4997
65.4997
65.4997
65.4997
65.4997
65.4997
65.4997
65.4997
65.4997
65.4997
65.4997
65.4997
65.4997
65.4997
65.4997
65.4997
65.4997
65.4997
65.4997
65.4997
65.4997
65.4997
65.4997
65.4997
65.4997
65.4997
65.4997
65.4997
65.4997
65.4997
65.4997
65.4997
65.4997
65.4997
65.4997
65.4997
65.4997
65.4997
65.4997
65.4997
65.4997
65.4997
65.4997
65.4997
65.4997
65.4997
65.4997
65.4997
65.4997
65.4997
65.4997
65.4997
65.4997
65.4997
65.4997
65.4997
65.4997
65.4997
65.4997
65.4997
65.4997
65.4997
65.4997
65.4997
65.4997
65.4997
65.4997
65.4997
65.4997
65.4997
65.4997
65.4997
65.4997
65.4997
65.4997
65.4997
65.4997
65.4997
65.4997
65.4997
65.4997
65.4997
65.4997
65.4997
65.4997
65.4997
65.4997
65.4997
65.4997
65.4997
65.4997
65.4997
65.4997
65.4997
65.4997
65.4997
65.4997
65.4997
65.4997
65.4997
65.4997
65.4997
65.4997
65.4997
65.4997
65.4997
65.4997
65.4997
65.4997
65.4997
65.4997
65.4997
65.4997
65.4997
65.4997
65.4997
65.4997
65.4997
65.4997
65.4997
65.4997
65.4997
65.4997
65.4997
65.4997
65.4997
65.4997
65.4997
65.4997
65.4997
65.4997
65.4997
65.4997
65.4997
65.4997
65.4997
65.4997
65.4997
65.4997
65.4997
65.4997
65.4997
65.4997
65.4997
65.4997
65.4997
65.4997
65.4997
65.4997
65.4997
65.4997
65.4997
65.4997
65.4997
65.4997
65.4997
65.4997
65.4997
65.4997
65.4997
65.4997
65.4997
65.4997
65.4997
65.4997
65.4997
65.4997
65.4997
65.4997
65.4997
65.4997
65.4997
65.4997
65.4997
65.4997
65.4997
65.4997
65.4997
65.4997
65.4997
65.4997
65.4997
65.4997
65.4997
65.4997
65.4997
65.4997
65.4997
65.4997
65.4997
65.4997
65.4997
65.4997
65.4997
65.4997
65.4997
65.4997
65.4997
65.4997
65.4997
65.4997
65.4997
65.4997
65.4997
65.4997
65.4997
65.4997
65.4997
65.4997
65.4997
65.4997
65.4997
65.4997
65.4997
65.4997
65.4997
65.4997
65.4997
65.4997
65.4997
65.4997
65.4997
65.4997
65.4997
65.4997
65.4997
65.4997
65.4997
65.4997
65.4997
65.4997
65.4997
65.4997
65.4997
65.4997
65.4997
65.4997
65.4997
65.4997
65.4997
65.4997
65.4997
65.4997
65.4997
65.4997
65.4997
65.4997
65.4997
65.4997
65.4997
65.4997
65.4997
65.4997
65.4997
65.4997
65.4997
65.4997
65.4997
65.4997
65.4997
65.4997
65.4997
65.4997
65.4997
65.4997
65.4997
65.4997
65.4997
65.4997
65.4997
65.4997
65.4997
65.4997
65.4997
65.4997
65.4997
65.4997
65.4997
65.4997
65.4997
65.4997
65.4997
65.4997
65.4997
65.4997
65.4997
65.4997
65.4997
65.4997
65.4997
65.4997
65.4997
65.4997
65.4997
65.4997
65.4997
65.4997
65.4997
65.4997
65.4997
65.4997
65.4997
65.4997
65.4997
65.4997
65.4997
65.4997
65.4997
65.4997
65.4997
65.4997
65.4997
65.4997
65.4997
65.4997
65.4997
65.4997
65.4997
65.4997
65.4997
65.4997
65.4997
65.4997
65.4997
65.4997
65.4997
65.4997
65.4997
65.4997
65.4997
65.4997
65.4997
65.4997
65.4997
65.4997
65.4997
65.4997
65.4997
65.4997
65.4997
65.4997
65.4997
65.4997
65.4997
65.4997
65.4997
65.4997
65.4997
65.4997
65.4997
65.4997
65.4997
65.4997
65.4997
65.4997
65.4997
65.4997
65.4997
65.4997
65.4997
65.4997
65.4997
65.4997
65.4997
65.4997
65.4997
65.4997
65.4997
65.4955
65.4827
65.4231
65.287
65.287
65.287
65.287
65.287
65.287
65.287
65.287
65.287
65.287
65.287
65.287
65.287
65.287
65.287
65.287
65.287
65.287
65.287
65.287
65.287
65.287
65.287
65.287
65.287
65.287
65.287
65.287
65.287
65.287
65.287
65.287
65.287
65.287
65.287
65.287
65.287
65.287
65.287
65.287
65.287
65.287
65.287
65.287
65.287
65.287
65.309
65.287
65.287
65.287
65.287
65.287
65.287
65.287
65.287
65.287
65.287
65.287
65.287
65.287
65.287
65.287
65.287
65.287
65.287
65.287
65.287
65.287
65.287
65.287
65.287
65.287
65.287
65.287
65.287
65.287
65.287
65.287
65.287
65.287
65.287
65.287
65.287
65.287
65.287
65.287
65.287
65.287
65.287
65.287
65.287
65.287
65.287
65.287
65.287
65.287
65.287
65.287
65.287
65.287
65.287
65.287
65.287
65.287
65.287
65.287
65.287
65.287
65.287
65.287
65.287
65.287
65.287
65.287
65.287
65.287
65.287
65.287
65.287
65.287
65.287
65.287
65.287
65.287
65.287
65.287
65.287
65.287
65.287
65.287
65.287
65.287
65.287
65.287
65.287
65.287
65.287
65.287
65.287
65.287
65.287
65.287
65.287
65.287
65.287
65.287
65.287
65.287
65.287
65.287
65.287
65.287
65.287
65.287
65.287
65.287
65.287
65.287
65.287
65.287
65.287
65.287
65.287
65.287
65.287
65.287
65.287
65.287
65.287
65.287
65.287
65.287
65.287
65.287
65.287
65.287
65.287
65.287
65.287
65.287
65.287
65.287
65.287
65.287
65.287
65.287
65.287
65.287
65.287
65.287
65.287
65.287
65.287
65.287
65.287
65.287
65.287
65.287
65.287
65.287
65.287
65.287
65.287
65.287
65.287
65.287
65.287
65.287
65.287
65.287
65.287
65.287
65.287
65.287
65.287
65.287
65.287
65.287
65.287
65.287
65.287
65.287
65.287
65.287
65.287
65.287
65.287
65.287
65.287
65.287
65.287
65.287
65.287
65.287
65.287
65.287
65.287
65.287
65.287
65.287
65.287
65.287
65.287
65.287
65.287
65.287
65.287
65.287
65.287
65.287
65.287
65.287
65.287
65.287
65.287
65.287
65.287
65.287
65.287
65.287
65.287
65.287
65.287
65.287
65.287
65.287
65.287
65.287
65.287
65.287
65.287
65.287
65.287
65.287
65.287
65.287
65.287
65.287
65.287
65.287
65.287
65.287
65.287
65.287
65.287
65.287
65.287
65.287
65.287
65.287
65.287
65.287
65.287
65.287
65.287
65.287
65.287
65.287
65.287
65.287
65.287
65.287
65.287
65.287
65.287
65.287
65.287
65.287
65.287
65.287
65.287
65.287
65.287
65.287
65.287
65.287
65.287
65.287
65.287
65.287
65.287
65.287
65.287
65.287
65.287
65.287
65.287
65.287
65.287
65.287
65.287
65.287
65.287
65.287
65.287
65.287
65.287
65.287
65.287
65.287
65.287
65.287
65.287
65.287
65.287
65.287
65.287
65.287
65.287
65.287
65.287
65.287
65.287
65.287
65.287
65.287
65.287
65.287
65.287
65.287
65.287
65.287
65.287
65.287
65.287
65.287
65.287
65.287
65.287
65.287
65.287
65.287
65.287
65.287
65.287
65.287
65.287
65.287
65.287
65.287
65.287
65.287
65.287
65.287
65.287
65.287
65.287
65.287
65.287
65.287
65.287
65.287
65.287
65.287
65.287
65.287
65.287
65.287
65.287
65.287
65.287
65.287
65.287
65.287
65.287
65.287
65.287
65.287
65.287
65.287
65.287
65.287
65.287
65.287
65.287
65.287
65.287
65.287
65.287
65.287
65.287
65.287
65.287
65.287
65.287
65.287
65.287
65.287
65.287
65.287
65.287
65.287
65.287
65.287
65.287
65.287
65.287
65.287
65.287
65.287
65.287
65.287
65.287
65.287
65.287
65.287
65.287
65.287
65.287
65.287
65.287
65.287
65.287
65.287
65.287
65.287
65.287
65.287
65.287
65.287
65.287
65.287
65.287
65.287
65.287
65.287
65.287
65.287
65.287
65.287
65.287
65.287
65.287
65.287
65.287
65.287
65.287
65.287
65.287
65.287
65.287
65.287
65.287
65.287
65.287
65.287
65.287
65.287
65.287
65.287
65.287
65.287
65.287
65.287
65.287
65.287
65.287
65.287
65.287
65.287
65.287
65.287
65.287
65.287
65.287
65.287
65.287
65.287
65.287
65.287
65.287
65.287
65.287
65.287
65.287
65.287
65.287
65.287
65.287
65.287
65.287
65.287
65.287
65.287
65.287
65.287
65.287
65.287
65.287
65.287
65.287
65.287
65.287
65.287
65.287
65.287
65.287
65.287
65.287
65.287
65.287
65.287
65.287
65.287
65.287
65.287
65.287
65.287
65.287
65.287
65.287
65.287
65.287
65.287
65.287
65.287
65.287
65.287
65.287
65.287
65.287
65.287
65.287
65.287
65.287
65.287
65.287
65.287
65.287
65.287
65.287
65.287
65.287
65.287
65.287
65.287
65.287
65.287
65.287
65.287
65.287
65.287
65.287
65.287
65.287
65.287
65.287
65.287
65.287
65.287
65.287
65.287
65.287
65.287
65.287
65.287
65.287
65.287
65.287
65.287
65.287
65.287
65.287
65.287
65.287
65.287
65.287
65.287
65.287
65.287
65.287
65.287
65.287
65.287
65.287
65.287
65.287
65.287
65.287
65.287
65.287
65.287
65.287
65.287
65.287
65.287
65.287
65.287
65.287
65.287
65.287
65.287
65.287
65.287
65.287
65.287
65.287
65.287
65.287
65.287
65.287
65.287
65.287
65.287
65.287
65.287
65.287
65.287
65.287
65.287
65.287
65.287
65.287
65.287
65.287
65.287
65.287
65.287
65.287
65.287
65.287
65.287
65.287
65.287
65.287
65.287
65.287
65.287
65.287
65.287
65.287
65.287
65.287
65.287
65.287
65.287
65.287
65.287
65.287
65.287
65.287
65.287
65.287
65.287
65.287
65.287
65.287
65.287
65.287
65.287
65.287
65.287
65.287
65.287
65.287
65.287
65.287
65.287
65.287
65.287
65.287
65.287
65.287
65.287
65.287
65.287
65.287
65.287
65.287
65.287
65.287
65.287
65.287
65.287
65.287
65.287
65.287
65.287
65.287
65.287
65.287
65.287
65.287
65.287
65.287
65.287
65.287
65.287
65.287
65.287
65.287
65.287
65.287
65.287
65.287
65.287
65.287
65.287
65.287
65.287
65.287
65.287
65.287
65.287
65.287
65.287
65.287
65.287
65.287
65.287
65.287
65.287
65.287
65.287
65.287
65.287
65.287
65.287
65.287
65.287
65.287
65.287
65.287
65.287
65.287
65.287
65.287
65.287
65.287
65.287
65.287
65.287
65.287
65.287
65.287
65.287
65.287
65.287
65.287
65.287
65.287
65.287
65.287
65.287
65.287
65.287
65.287
65.287
65.287
65.287
65.287
65.287
65.287
65.287
65.287
65.287
65.287
65.287
65.287
65.287
65.287
65.287
65.287
65.287
65.287
65.287
65.287
65.287
65.287
65.287
65.287
65.287
65.287
65.287
65.287
65.287
65.287
65.287
65.287
65.287
65.287
65.287
65.287
65.287
65.287
65.287
65.287
65.287
65.287
65.287
65.287
65.287
65.287
65.287
65.287
65.287
65.287
65.287
65.287
65.287
65.287
65.287
65.287
65.287
65.287
65.287
65.287
65.287
65.287
65.287
65.287
65.287
65.287
65.287
65.287
65.287
65.287
65.287
65.287
65.287
65.287
65.287
65.287
65.287
65.287
65.287
65.287
65.287
65.287
65.287
65.287
65.287
65.287
65.287
65.287
65.287
65.287
65.287
65.287
65.287
65.287
65.287
65.287
65.287
65.287
65.287
65.287
65.287
65.287
65.287
65.287
65.287
65.287
65.287
65.287
65.287
65.287
65.287
65.287
65.287
65.287
65.287
65.287
65.287
65.287
65.287
65.287
65.287
65.287
65.287
65.287
65.287
65.287
65.287
65.287
65.287
65.287
65.287
65.287
65.287
65.287
65.287
65.287
65.287
65.287
65.287
65.287
65.287
65.287
65.287
65.287
65.287
65.287
65.287
65.287
65.287
65.287
65.287
65.287
65.287
65.287
65.287
65.287
65.287
65.287
65.287
65.287
65.287
65.287
65.287
65.287
65.287
65.287
65.287
65.287
65.287
65.287
65.287
65.287
65.287
65.287
65.287
65.287
65.287
65.287
65.287
65.287
65.287
65.287
65.287
65.287
65.287
65.287
65.287
65.287
65.287
65.287
65.287
65.287
65.287
65.287
65.287
65.287
65.287
65.287
65.287
65.287
65.287
65.287
65.287
65.287
65.287
65.287
65.287
65.287
65.287
65.287
65.287
65.287
65.287
65.287
65.287
65.287
65.287
65.287
65.287
65.287
65.287
65.287
65.287
65.287
65.287
65.287
65.287
65.287
65.287
65.287
65.287
65.287
65.287
65.287
65.287
65.287
65.287
65.287
65.287
65.287
65.287
65.287
65.287
65.287
65.287
65.287
65.287
65.287
65.287
65.287
65.287
65.287
65.287
65.287
65.287
65.287
65.287
65.287
65.287
65.287
65.287
65.287
65.287
65.287
65.287
65.287
65.287
65.287
65.287
65.287
65.287
65.287
65.287
65.287
65.287
65.287
65.287
65.287
65.287
65.287
65.287
65.287
65.287
65.287
65.287
65.287
65.287
65.287
65.287
65.287
65.287
65.287
65.287
65.287
65.287
65.287
65.287
65.287
65.287
65.287
65.287
65.287
65.287
65.287
65.287
65.287
65.287
65.287
65.287
65.287
65.287
65.287
65.287
65.287
65.287
65.287
65.287
65.287
65.287
65.287
65.287
65.287
65.287
65.287
65.287
65.287
65.287
65.287
65.287
65.287
65.287
65.287
65.287
65.287
65.287
65.287
65.287
65.287
65.287
65.287
65.287
65.287
65.287
65.287
65.287
65.287
65.287
65.287
65.287
65.287
65.287
65.287
65.287
65.287
65.287
65.287
65.287
65.287
65.287
65.287
65.287
65.287
65.287
65.287
65.287
65.287
65.287
65.287
65.287
65.287
65.287
65.287
65.287
65.287
65.287
65.287
65.287
65.287
65.287
65.287
65.287
65.287
65.287
65.287
65.287
65.287
65.287
65.287
65.287
65.287
65.287
65.287
65.287
65.287
65.287
65.287
65.287
65.287
65.287
65.287
65.287
65.287
65.287
65.287
65.287
65.287
65.287
65.287
65.287
65.287
65.287
65.287
65.287
65.287
65.287
65.287
65.287
65.287
65.287
65.287
65.287
65.287
65.287
65.287
65.287
65.287
65.287
65.287
65.287
65.287
65.287
65.287
65.287
65.287
65.287
65.287
65.287
65.287
65.287
65.287
65.287
65.287
65.287
65.287
65.287
65.287
65.287
65.287
65.287
65.287
65.287
65.287
65.287
65.287
65.287
65.287
65.287
65.287
65.287
65.287
65.287
65.287
65.287
65.287
65.287
65.287
65.287
65.287
65.287
65.287
65.287
65.287
65.287
65.287
65.287
65.287
65.287
65.287
65.287
65.287
65.287
65.287
65.287
65.287
65.287
65.287
65.287
65.287
65.287
65.287
65.287
65.287
65.287
65.287
65.287
65.287
65.287
65.287
65.287
65.287
65.287
65.287
65.287
65.287
65.287
65.287
65.287
65.287
65.287
65.287
65.287
65.287
65.287
65.287
65.287
65.287
65.287
65.287
65.287
65.287
65.287
65.287
65.287
65.287
65.287
65.287
65.287
65.287
65.287
65.287
65.287
65.287
65.287
65.287
65.287
65.287
65.287
65.287
65.287
65.287
65.287
65.287
65.287
65.287
65.287
65.287
65.287
65.287
65.287
65.287
65.287
65.287
65.287
65.287
65.287
65.287
65.287
65.287
65.287
65.287
65.287
65.287
65.287
65.287
65.287
65.287
65.287
65.287
65.287
65.287
65.287
65.287
65.287
65.287
65.287
65.287
65.287
65.287
65.287
65.287
65.287
65.287
65.287
65.287
65.287
65.287
65.287
65.287
65.287
65.287
65.287
65.287
65.287
65.287
65.287
65.287
65.287
65.287
65.287
65.287
65.287
65.287
65.287
65.287
65.287
65.287
65.287
65.287
65.287
65.287
65.287
65.287
65.287
65.287
65.287
65.287
65.287
65.287
65.287
65.287
65.287
65.287
65.287
65.287
65.287
65.287
65.287
65.287
65.287
65.287
65.287
65.287
65.287
65.287
65.287
65.287
65.287
65.287
65.287
65.287
65.287
65.287
65.287
65.287
65.287
65.287
65.287
65.287
65.287
65.287
65.287
65.287
65.287
65.287
65.287
65.287
65.287
65.287
65.287
65.287
65.287
65.287
65.287
65.287
65.287
65.287
65.287
65.287
65.287
65.287
65.287
65.287
65.287
65.287
65.287
65.287
65.287
65.287
65.287
65.287
65.287
65.287
65.287
65.287
65.287
65.287
65.287
65.287
65.287
65.287
65.287
65.287
65.287
65.287
65.287
65.287
65.287
65.287
65.287
65.287
65.287
65.287
65.287
65.287
65.287
65.287
65.287
65.287
65.287
65.287
65.287
65.287
65.287
65.287
65.287
65.287
65.287
65.287
65.287
65.287
65.287
65.287
65.287
65.287
65.287
65.287
65.287
65.287
65.287
65.287
65.287
65.287
65.287
65.287
65.287
65.287
65.287
65.287
65.287
65.287
65.287
65.287
65.287
65.287
65.287
65.287
65.287
65.287
65.287
65.287
65.287
65.287
65.287
65.287
65.287
65.287
65.287
65.287
65.287
65.287
65.287
65.287
65.287
65.287
65.287
65.287
65.287
65.287
65.287
65.287
65.287
65.287
65.287
65.287
65.287
65.287
65.287
65.287
65.287
65.287
65.287
65.287
65.287
65.287
65.287
65.287
65.287
65.287
65.287
65.287
65.287
65.287
65.287
65.287
65.287
65.287
65.287
65.287
65.287
65.287
65.287
65.287
65.287
65.287
65.287
65.287
65.287
65.287
65.287
65.287
65.287
65.287
65.287
65.287
65.287
65.287
65.287
65.287
65.287
65.287
65.287
65.287
65.287
65.287
65.287
65.287
65.287
65.287
65.287
65.287
65.287
65.287
65.287
65.287
65.287
65.287
65.287
65.287
65.287
65.287
65.287
65.287
65.287
65.287
65.287
65.287
65.287
65.287
65.287
65.287
65.287
65.287
65.287
65.287
65.287
65.287
65.287
65.287
65.287
65.287
65.287
65.287
65.287
65.287
65.287
65.287
65.287
65.287
65.287
65.287
65.287
65.287
65.287
65.287
65.287
65.287
65.287
65.287
65.287
65.287
65.287
65.287
65.287
65.287
65.287
65.287
65.287
65.287
65.287
65.287
65.287
65.287
65.287
65.287
65.287
65.287
65.287
65.287
65.287
65.287
65.287
65.287
65.287
65.287
65.287
65.287
65.287
65.287
65.287
65.287
65.287
65.287
65.287
65.287
65.287
65.287
65.287
65.287
65.287
65.287
65.287
65.287
65.287
65.287
65.287
65.287
65.287
65.287
65.287
65.287
65.287
65.287
65.287
65.287
65.287
65.287
65.287
65.287
65.287
65.287
65.287
65.287
65.287
65.287
65.287
65.287
65.287
65.287
65.287
65.287
65.287
65.287
65.287
65.287
65.287
65.287
65.287
65.287
65.287
65.287
65.287
65.287
65.287
65.287
65.287
65.287
65.287
65.287
65.287
65.287
65.287
65.287
65.287
65.287
65.287
65.287
65.287
65.287
65.287
65.287
65.287
65.287
65.287
65.287
65.287
65.287
65.287
65.287
65.287
65.287
65.287
65.287
65.287
65.287
65.287
65.287
65.287
65.287
65.287
65.287
65.287
65.287
65.287
65.287
65.287
65.287
65.287
65.287
65.287
65.287
65.287
65.287
65.287
65.287
65.287
65.287
65.287
65.287
65.287
65.287
65.287
65.287
65.287
65.287
65.287
65.287
65.287
65.287
65.287
65.287
65.287
65.287
65.287
65.287
65.287
65.287
65.287
65.287
65.287
65.287
65.287
65.287
65.287
65.287
65.287
65.287
65.287
65.287
65.287
65.287
65.287
65.287
65.287
65.287
65.287
65.287
65.287
65.287
65.287
65.287
65.287
65.287
65.287
65.287
65.287
65.287
65.287
65.287
65.287
65.287
65.287
65.287
65.287
65.287
65.287
65.287
65.287
65.287
65.287
65.287
65.287
65.287
65.287
65.287
65.287
65.287
65.287
65.287
65.287
65.287
65.287
65.287
65.287
65.287
65.287
65.287
65.287
65.287
65.287
65.287
65.287
65.287
65.287
65.287
65.287
65.287
65.287
65.287
65.287
65.287
65.287
65.287
65.287
65.287
65.287
65.287
65.287
65.287
65.287
65.287
65.287
65.287
65.287
65.287
65.287
65.287
65.287
65.287
65.287
65.287
65.287
65.287
65.287
65.287
65.287
65.287
65.287
65.287
65.287
65.287
65.287
65.287
65.287
65.287
65.287
65.287
65.287
65.287
65.287
65.287
65.287
65.287
65.287
65.287
65.287
65.287
65.287
65.287
65.287
65.287
65.287
65.287
65.287
65.287
65.287
65.287
65.287
65.287
65.287
65.287
65.287
65.287
65.287
65.287
65.287
65.287
65.287
65.287
65.287
65.287
65.287
65.287
65.287
65.287
65.287
65.287
65.287
65.287
65.287
65.287
65.287
65.287
65.287
65.287
65.287
65.287
65.287
65.287
65.287
65.287
65.287
65.287
65.287
65.287
65.287
65.287
65.287
65.287
65.287
65.287
65.287
65.287
65.287
65.287
65.287
65.287
65.287
65.287
65.287
65.287
65.287
65.287
65.287
65.287
65.287
65.287
65.287
65.287
65.287
65.287
65.287
65.287
65.287
65.287
65.287
65.287
65.287
65.287
65.287
65.287
65.287
65.287
65.287
65.287
