# best half averages
2656.46
2515.41
2418.75
2258.43
2122.87
1980.61
1903.2
1849.43
1765.22
1666.5
1589.65
1489.58
1452.63
1411.94
1372.98
1335.53
1302.89
1270.2
1230.47
1178.65
1143.51
1104.23
1063.42
1061.88
1039.17
990.636
978.327
951.18
926.419
922.442
914.239
891.315
862.739
852.982
833.858
821.55
814.066
805.324
794.224
774.838
754.368
748.201
744.559
735.914
717.074
697.607
685.282
674.631
661.447
644.032
629.118
625.065
616.408
593.703
585.178
558.691
534.615
550.673
524.113
519.359
514.612
499.497
497.319
497.017
489.004
486.455
478.324
473.92
470.029
471.079
456.774
448.216
449.789
437.245
426.087
417.091
413.416
406.442
410.092
404.3
404.149
392.547
383.556
382.955
378.902
379.02
368.525
370.098
369.534
387.077
362.307
376.307
358.724
350.816
347.984
347.976
343.084
334.942
330.476
330.076
328.79
327.482
320.671
318.867
318.664
317.939
316.767
316.074
313.543
304.814
296.262
294.145
292.767
291.241
289.825
289.825
289.795
289.685
290.4
288.07
287.488
287.551
310.672
284.059
283.621
300.981
282.473
280.993
280.625
279.066
273.497
269.123
257.349
255.295
253.56
249.737
247.63
244.254
239.007
230.64
224.27
221.592
219.908
218.091
214.248
208.22
206.228
206.204
205.875
205.311
203.688
203.64
202.905
205.495
198.476
198.476
197.644
193.83
192.086
186.362
185.032
184.576
184.394
184.336
183.13
181.27
176.11
174.626
172.5
172.486
172.347
171.748
171.148
170.157
169.848
168.828
168.038
168.003
167.484
166.447
165.517
164.667
163.539
160.998
160.516
160.219
160.104
159.667
158.263
158.05
157.509
154.802
152.817
151.535
151.381
150.335
149.461
149.461
149.337
149.139
148.18
147.762
147.228
146.006
145.047
144.551
143.98
142.969
142.969
142.939
142.704
141.795
141.485
141.485
141.463
141.418
141.104
140.16
139.529
137.934
134.996
135.589
138.151
131.39
131.379
131.358
131.245
131.147
131.047
130.984
130.617
130.161
129.357
129.236
128.466
128.291
127.591
127.591
127.591
127.591
127.458
127.03
126.005
124.976
124.151
124.091
124.091
124.082
124.091
124.091
124.091
124.091
124.091
124.061
123.881
123.193
122.581
122.594
122.574
122.53
122.186
121.741
120.125
119.172
117.63
117.029
116.645
116.549
116.549
116.549
116.549
116.549
116.549
116.549
116.549
116.549
116.549
116.549
116.549
116.549
116.507
116.549
116.409
117.066
116.098
114.786
113.051
113.039
112.825
112.269
111.425
110.996
110.22
110.22
110.138
109.672
109.194
109.194
109.036
108.528
107.66
107.122
107.122
107.122
107.11
107.122
107.025
106.891
106.486
104.789
104.434
104.381
104.167
103.752
103.216
103.125
102.999
102.986
102.825
102.075
100.628
100.462
100.453
100.38
100.16
100.014
100.014
100.014
100.014
100.014
99.8688
99.4571
98.8033
98.8033
98.7342
98.5154
98.2191
98.1809
98.1002
97.7939
97.6959
97.4146
96.9473
96.7488
96.3316
95.6773
94.9763
94.954
94.8696
94.7276
94.4611
93.9739
93.7264
93.4261
92.6596
92.5406
92.435
92.2905
92.1672
91.9654
91.8781
91.8653
91.8259
91.7155
91.5517
91.4305
91.1271
90.7585
90.5648
90.5648
90.5648
90.5648
90.5199
90.4002
89.9638
89.8079
89.7934
89.737
89.5783
89.3474
89.2131
88.7432
88.5313
88.4874
88.3871
88.2528
87.5982
87.5982
87.5952
87.5922
87.5772
87.4969
87.32
86.8634
86.6529
86.5683
86.3427
86.3306
86.239
86.018
85.5189
85.344
85.0569
85.0745
85.0657
85.0569
84.9949
85.7422
84.6322
84.6322
84.5619
84.3369
83.929
83.929
83.929
83.929
83.929
83.929
83.929
83.929
83.929
83.929
83.9018
83.793
83.4757
83.4757
83.4757
83.4757
83.4633
83.4178
83.2687
83.2687
83.2687
83.2687
83.2687
83.2687
83.2687
83.2687
83.2466
83.2096
82.9878
82.8991
82.8991
82.8991
82.8664
82.7247
82.354
82.354
82.3341
82.2644
82.0419
81.8561
81.8561
81.8561
81.8545
82.3933
81.8335
81.8107
81.7053
81.6129
81.5815
81.4802
81.2193
81.1104
80.6456
80.3803
80.3803
80.3803
80.3803
80.3803
80.3803
80.3803
80.3803
80.3803
80.3676
80.3219
80.139
80.031
79.6636
79.5374
79.4161
79.4088
79.4088
79.4088
79.3976
79.3865
79.3268
79.2746
78.8682
78.4719
78.4719
78.4719
78.4719
78.4719
78.4719
78.4719
78.4719
78.4719
78.4719
78.4719
78.4251
78.441
78.3174
78.0875
77.3632
77.0833
77.0145
77.0145
77.0145
77.0145
77.0145
77.0145
77.0145
77.0145
77.0145
77.0145
77.0145
77.0145
77.0145
77.0145
77.0145
77.0145
77.0145
77.0145
77.0145
77.0145
77.0145
77.0145
77.0145
77.0145
76.9978
76.9978
76.9392
76.8219
76.5958
76.5958
76.5958
76.5958
76.5958
76.5958
76.5958
76.5958
76.5958
76.5958
76.5829
76.5958
76.5958
76.5958
76.5958
76.5958
76.5958
76.5958
76.5958
76.5958
76.5958
76.5958
76.5638
76.5958
76.5958
76.5958
76.5958
76.5958
81.2559
76.5958
76.5638
76.5554
78.0809
76.777
76.5318
76.4678
76.3078
83.5603
85.7342
76.796
74.9958
74.9958
74.9958
74.9958
74.9958
74.9958
74.9958
74.9958
74.9958
74.9958
74.9958
74.9958
74.9958
74.9958
74.9958
74.9958
74.9958
74.9958
74.995
74.993
75.0068
74.8997
74.7297
74.3899
74.3899
74.3899
74.3899
74.3899
74.3899
74.3899
74.3273
74.2577
74.042
74.042
74.042
74.042
74.042
74.042
74.042
74.042
74.042
74.042
74.042
74.042
74.042
74.042
74.042
74.042
74.042
74.042
74.2352
74.042
74.042
74.042
74.042
74.042
74.0304
74.0304
74.0189
73.99
73.8744
73.753
73.7491
73.7374
73.7068
73.615
73.5577
73.5577
73.5577
73.5577
73.5577
73.5577
73.5577
73.5577
73.5577
73.5577
73.5577
73.5577
73.5577
73.5577
73.5577
73.5577
73.5577
73.5577
73.5577
73.5577
73.5577
73.5577
73.5577
73.5577
73.5577
73.5577
73.5536
73.5536
73.5495
73.5414
73.5455
73.5455
73.5373
73.5814
73.3575
73.3534
73.3534
73.3534
73.3214
73.2255
73.0336
73.0336
73.0336
73.0336
73.0336
73.0336
73.0336
73.0336
73.0336
73.0336
73.0336
73.0336
73.0336
73.0336
73.0336
73.0336
73.0336
73.0336
73.0336
73.0336
73.0336
73.0336
73.0336
73.0336
73.0336
73.0336
73.0336
73.0336
73.0336
73.0336
73.0336
73.0336
73.0336
73.0336
73.0336
73.0336
73.024
73.0112
72.9598
72.8703
72.8669
72.8469
72.7836
72.7069
72.7069
72.7069
72.7069
72.7069
72.7069
72.7069
72.7069
72.7069
72.7069
72.7069
72.7069
72.7069
72.7069
72.7069
72.7069
72.7069
72.7069
72.7069
72.7069
72.7069
72.7069
72.7069
72.7069
72.7069
72.7069
72.7069
72.7069
72.7069
72.7069
72.7069
72.7069
72.7069
72.7069
72.7069
72.7069
72.7069
72.6929
72.6226
72.4399
72.0044
72.0044
72.0044
71.9974
71.9974
71.9696
71.907
71.6533
71.6407
71.6234
71.6234
71.6234
71.6234
71.6234
71.6234
71.6234
71.6234
71.6234
71.6234
71.6234
71.6234
71.6234
71.6234
71.6234
71.6234
71.6234
71.6234
71.6234
71.6234
71.6234
71.6234
71.6234
71.6234
71.6234
71.6234
71.6234
71.6234
71.6234
71.6234
71.6234
71.6234
71.6234
71.6234
71.5983
71.5899
71.4978
71.2131
71.2047
71.2047
71.2047
71.2047
71.2047
71.2047
71.2047
71.2047
71.2047
71.2047
71.2047
71.2047
71.2047
71.2047
71.2004
71.2004
71.1855
71.1472
71.0982
71.0982
71.0982
71.0982
71.0982
71.0982
71.0982
71.0982
71.0982
71.0982
71.0982
71.0982
71.0982
71.0982
71.0982
71.0982
71.0982
71.0982
71.0982
71.0982
71.0982
71.0982
71.0982
71.0982
71.0982
71.0982
71.0954
71.094
71.0926
71.0841
71.9471
71.0273
71.0273
71.0273
71.0273
71.0273
71.0273
71.0273
71.0273
71.0273
71.0273
71.0273
71.0273
71.0273
71.0273
71.0273
71.0273
71.0273
71.0273
71.0273
71.0273
71.0273
71.0273
71.0273
71.0273
71.0273
71.0273
71.0273
71.0273
71.0273
71.0273
71.0273
70.9962
73.7542
70.8656
70.7164
70.7164
70.7164
70.7164
70.7164
70.7164
70.7164
70.7164
70.7164
70.7164
70.7164
70.6983
70.6923
70.8283
70.6561
72.433
70.4149
70.4149
70.4149
70.4149
70.4149
70.4149
70.4149
70.4149
70.4149
70.4149
70.4149
70.4149
70.4149
70.4104
70.3997
70.3769
70.3769
70.3769
70.3769
70.3769
70.3769
70.3769
70.3769
70.3769
70.3769
70.3769
70.3769
70.3769
70.3769
70.3769
70.3769
70.3769
70.3769
70.3769
70.3769
70.3769
70.3769
70.3769
70.3769
70.3769
70.3769
70.3769
70.3769
70.3769
70.3769
70.3769
70.3769
70.3769
70.3769
70.3769
70.3769
70.3769
70.3769
70.3769
70.3769
70.3769
70.3769
70.3769
70.3769
70.3769
70.3769
70.3769
70.3769
70.3769
70.3769
70.3762
70.3769
70.3769
70.3769
70.3769
70.3769
70.3635
70.3555
70.3126
70.2431
70.2431
70.2431
70.2431
70.2431
70.2431
70.2431
70.2431
70.2431
70.2431
70.2431
70.2431
70.2431
70.2431
70.2431
70.2431
70.2431
70.2431
70.2431
70.2431
70.2431
70.2431
70.2431
70.2431
70.2431
70.2431
70.2431
70.2431
70.2431
70.2431
70.2431
70.2431
70.2431
70.2431
70.2431
70.2431
70.2431
70.2431
70.2431
70.2431
70.2431
70.2431
70.2431
70.2431
70.2431
70.2431
70.2431
70.2431
70.2431
70.2431
70.2431
70.2431
70.2431
70.2431
70.2431
70.2431
70.2431
70.2431
70.2431
70.2431
70.2431
70.2431
70.2431
70.2431
70.2431
70.2431
70.2431
70.2431
70.2431
70.2431
70.2431
70.2431
70.2431
70.2431
70.2431
70.2431
70.2431
70.2431
70.2431
70.2431
70.2431
70.2431
70.2431
70.2431
70.2431
70.2431
70.2431
70.2431
70.2431
70.2431
70.2431
70.2431
70.2431
70.2431
70.2431
70.2431
70.2431
70.2431
70.2431
70.2431
70.2431
70.2431
70.2431
70.2431
70.2431
70.2431
70.2431
70.2431
70.2431
70.2431
70.2431
70.2431
70.2431
70.2431
70.2431
70.2431
70.2431
70.2431
70.2431
70.2431
70.2431
70.2431
70.2431
70.2431
70.2431
70.2431
70.2431
70.2431
70.2431
70.2431
70.2431
70.2431
70.2431
70.2431
70.2431
70.2431
70.2431
70.2431
70.2431
70.2431
70.2431
70.2431
70.2431
70.2431
70.2431
70.2431
70.2431
70.2431
70.2431
70.2431
70.2431
70.2431
70.2431
70.2431
70.2431
70.2431
70.2431
70.2431
70.2431
70.2431
70.2431
70.2431
70.2431
70.2431
70.2431
70.2431
70.2431
70.2431
70.2431
70.2431
70.2431
70.2431
70.2431
70.2431
70.2431
70.2431
70.2431
70.2431
70.2431
70.2431
70.2431
70.2431
70.2431
70.2431
70.2431
70.2431
70.2431
70.2431
70.2431
70.2431
70.2431
70.2431
70.2431
70.2431
70.2431
70.2431
70.2431
70.2431
70.2431
70.2431
70.2431
70.2431
70.2431
70.2431
70.2431
70.2431
70.2431
70.2431
70.2431
70.2431
70.2431
70.2431
70.2431
70.2431
70.2431
70.2431
70.2431
70.2431
70.2431
70.2431
70.2431
70.2431
70.2431
70.2431
70.2431
70.2383
70.2383
70.2288
70.2288
70.2003
70.1244
70.0057
70.0057
70.0057
70.0057
70.0057
70.0057
70.0057
70.0057
70.0057
70.0057
70.0057
70.0057
70.0057
70.0057
70.0057
70.0057
70.0057
70.0057
70.0057
70.0057
70.0057
70.0057
70.0057
70.0057
70.0057
70.0057
70.0057
70.0057
70.0057
70.0057
70.0057
70.0057
70.0057
70.0057
70.0057
70.0057
70.0057
70.0057
70.0057
70.0057
70.0057
70.0057
70.0057
70.0057
70.0057
70.0057
70.0057
70.0057
70.0057
70.0057
70.0057
70.0057
70.0057
70.0057
70.0057
70.0057
70.0057
70.0057
70.0057
70.0057
70.0057
70.0057
70.0057
70.0057
70.0057
70.0057
70.0057
70.0057
70.0057
70.0057
70.0057
70.0057
70.0057
70.0057
70.0057
70.0057
70.0057
70.0057
70.0057
70.0057
70.0057
70.0057
70.0057
70.0057
70.0057
70.0057
70.0057
70.0057
70.0057
70.0057
70.0057
70.0057
70.0057
70.0057
70.0057
70.0057
70.0057
70.0057
70.0057
70.0057
70.0057
70.0057
70.0057
70.0057
70.0057
70.0057
70.0057
70.0057
70.0057
70.0057
70.0057
70.0057
70.0057
70.0057
70.0057
70.0057
70.0057
70.0057
70.0057
70.0057
70.0057
70.0057
70.0057
70.0057
70.0057
70.0057
70.0057
70.0057
70.0057
70.0057
70.0057
70.0057
70.0057
70.0057
70.0057
70.0057
70.0057
70.0057
70.0057
70.0057
70.0057
70.0057
70.0057
70.0057
70.0057
70.0057
70.0057
70.0057
70.0057
70.0057
70.0057
70.0057
70.0057
70.0057
70.0057
70.0057
70.0057
70.0057
70.0057
70.0057
70.0057
70.0057
70.0057
70.0057
70.0057
70.0057
70.0057
70.0057
70.0057
70.0057
70.0057
70.0057
70.0057
70.0057
70.0057
70.0057
70.0057
70.0057
70.0057
70.0057
70.0057
70.0057
70.0057
70.0057
70.0057
70.0057
70.0057
70.0057
70.0057
70.0057
70.0057
70.0057
70.0057
70.0057
70.0057
70.0057
70.0057
70.0057
70.0057
70.0057
70.0057
70.0057
70.0057
70.0057
70.0057
70.0057
70.0057
70.0057
70.0057
70.0057
70.0057
70.0057
70.0057
70.0057
70.0057
70.0057
70.0057
70.0057
70.0057
70.0057
70.0057
70.0057
70.0057
70.0057
70.0057
70.0057
70.0057
70.0057
70.0057
70.0057
70.0057
70.0057
70.0057
70.0057
70.0057
70.0057
70.0057
70.0057
70.0057
70.0057
70.0057
70.0057
70.0057
70.0057
70.0057
70.0057
70.0057
70.0057
70.0057
70.0057
70.0057
70.0057
70.0057
70.0057
70.0057
70.0057
70.0057
70.0057
70.0057
70.0057
70.0057
70.0057
70.0057
70.0057
70.0057
70.0057
70.0057
70.0057
70.0057
70.0057
70.0057
70.0057
70.0057
70.0057
70.0057
70.0057
70.0057
70.0057
70.0057
70.0057
70.0057
70.0057
70.0057
70.0057
70.0057
70.0057
70.0057
70.0057
70.0057
70.0057
70.0057
70.0057
70.0057
70.0057
70.0057
70.0057
70.0057
70.0057
70.0057
70.0057
70.0057
70.0057
70.0057
70.0057
70.0057
70.0057
70.0057
70.0057
70.0057
70.0057
70.0057
70.0057
70.0057
70.0057
70.0057
70.0057
70.0057
70.0057
70.0057
70.0057
70.0057
70.0057
70.0057
70.0057
70.0057
70.0057
70.0057
70.0057
70.0057
70.0057
70.0057
70.0057
70.0057
70.0057
70.0057
70.0057
70.0057
70.0057
70.0057
70.0057
70.0057
70.0057
70.0057
70.0057
70.0057
70.0057
70.0057
70.0057
70.0057
70.0057
70.0057
70.0057
70.0057
70.0057
70.0057
70.0057
70.0057
70.0057
70.0057
70.0057
70.0057
70.0057
70.0057
70.0057
70.0057
70.0057
70.0057
70.0057
70.0057
70.0057
70.0057
70.0057
70.0057
70.0057
70.0057
70.0057
70.0057
70.0057
70.0057
70.0057
70.0057
70.0057
70.0057
70.0057
70.0057
70.0057
70.0057
70.0057
70.0057
70.0057
70.0057
70.0057
70.0057
70.0057
70.0057
70.0057
70.0057
70.0057
70.0057
70.0057
70.0057
70.0057
70.0057
70.0057
70.0057
70.0057
70.0057
70.0057
70.0057
70.0057
70.0057
70.0057
70.0057
70.0057
70.0057
70.0057
70.0057
70.0057
70.0057
70.0057
70.0057
70.0057
70.0057
70.0057
70.0057
70.0057
70.0057
70.0057
70.0057
70.0057
70.0057
70.0057
70.0057
70.0057
70.0057
70.0057
70.0057
70.0057
70.0057
70.0057
70.0057
70.0057
70.0057
70.0057
70.0057
70.0057
70.0057
70.0057
70.0057
70.0057
70.0057
70.0057
70.0057
70.0057
70.0057
70.0057
70.0057
70.0057
70.0057
70.0057
70.0057
70.0057
70.0057
70.0057
70.0057
70.0057
70.0057
70.0057
70.0057
70.0057
70.0057
70.0057
70.0057
70.0057
70.0057
70.0057
70.0057
70.0057
70.0057
70.0057
70.0057
70.0057
70.0057
70.0057
70.0057
70.0057
70.0057
70.0057
70.0057
70.0057
70.0057
70.0057
70.0057
70.0057
70.0057
70.0057
70.0046
70.0002
69.9836
69.9505
69.9505
69.9505
69.9505
69.9505
69.9505
69.9505
69.9505
69.9505
69.9505
69.9505
69.9505
69.9505
69.9505
69.9505
69.9505
69.9505
69.9505
69.9505
69.9505
69.9505
69.9505
69.9505
69.9505
69.9505
69.9505
69.9505
69.9505
69.9505
69.9505
69.9505
69.9505
69.9505
69.9505
69.9505
69.9505
69.9505
69.9505
69.9505
69.9505
69.9505
69.9505
69.9505
69.9505
69.9505
69.9505
69.9505
69.9505
69.9505
69.9505
69.9505
69.9505
69.9505
69.9505
69.9505
69.9505
69.9505
69.9505
69.9505
69.9505
69.9505
69.9505
69.9505
69.9505
69.9505
69.9505
69.9505
69.9505
69.9505
69.9505
69.9505
69.9505
69.9505
69.9505
69.9505
69.9505
69.9505
69.9505
69.9505
69.9505
69.9505
69.9505
69.9505
69.9505
69.9505
69.9505
69.9505
69.9505
69.9505
69.9505
69.9505
69.9505
69.9505
69.9505
69.9505
69.9505
69.9505
69.9505
69.9505
69.9505
69.9505
69.9505
69.9505
69.9505
69.9505
69.9505
69.9505
69.9505
69.9505
69.9505
69.9505
69.9505
69.9505
69.9505
69.9505
69.9505
69.9505
69.9328
69.9152
69.8183
69.7301
69.7301
69.7301
69.7301
69.7301
69.7301
69.7301
69.7301
69.7301
69.6692
69.6244
69.3191
68.969
68.969
68.969
68.969
68.969
68.969
68.969
68.969
68.969
68.969
68.969
68.969
68.969
68.969
68.969
68.969
68.969
68.969
68.969
68.969
68.969
68.969
68.969
68.969
68.969
68.9558
68.9163
68.7318
68.6395
68.6395
68.6395
68.6395
68.6395
68.6395
68.6395
68.6395
68.6395
68.6395
68.6395
68.6395
68.6395
68.6395
68.6395
68.6395
68.6395
68.6395
68.6395
68.6395
68.6395
68.6395
68.6395
68.6395
68.6395
68.6395
68.6395
68.6395
68.6395
68.6395
68.6395
68.6395
68.6395
68.6395
68.6395
68.6395
68.6395
68.6395
68.6395
68.6395
68.6395
68.6395
68.6395
68.6395
68.6395
68.6395
68.6395
68.6395
68.6395
68.6395
68.6395
68.6395
68.6395
68.6395
68.6395
68.6395
68.6395
68.6395
68.6395
68.6395
68.6395
68.6395
68.6395
68.6237
68.592
68.4813
68.4813
68.4813
68.4813
68.4813
68.4813
68.4813
68.4813
68.4813
68.4813
68.4813
68.4813
68.4813
68.4813
68.4813
68.4813
68.4813
68.4813
68.4813
68.4813
68.4813
68.4813
68.4813
68.4813
68.4813
68.4813
68.4813
68.4813
68.4813
68.4813
68.4813
68.4813
68.4813
68.4813
68.4813
68.4813
68.4813
68.4813
68.4813
68.4813
68.4813
68.4813
68.4813
68.4813
68.4813
68.4813
68.4813
68.4813
68.4813
68.4813
68.4813
68.4813
68.4861
68.4813
68.4813
68.4813
68.4813
68.4813
68.4813
68.4813
68.4813
68.4813
68.4813
68.4813
68.4813
68.4813
68.4813
68.4813
68.4813
68.4813
68.4813
68.4813
68.4813
68.4813
68.4813
68.4813
68.4813
68.4813
68.4813
68.4813
68.4813
68.4813
68.4813
68.4813
68.4813
68.4813
68.4813
68.4813
68.4813
68.4813
68.4813
68.4813
68.4813
68.4813
68.4813
68.4813
68.4813
68.4813
68.4813
68.4813
68.4813
68.4813
68.4813
68.4813
68.4813
68.4813
68.4813
68.4813
68.4813
68.4813
68.4813
68.4813
68.4813
68.4813
68.4813
68.4813
68.4813
68.4813
68.4813
68.4813
68.4813
68.4813
68.4813
68.4813
68.4813
68.4813
68.4813
68.4813
68.4813
68.4813
68.4813
68.4813
68.4813
68.4813
68.4813
68.4813
68.4813
68.4813
68.4813
68.4813
68.4813
68.4813
68.4813
68.4813
68.4813
68.4813
68.4813
68.4813
68.4813
68.4813
68.4813
68.4813
68.4813
68.4813
68.4813
68.4813
68.4813
68.4813
68.4813
68.4813
68.4813
68.4813
68.4813
68.4813
68.4813
68.4813
68.4813
68.4813
68.4813
68.4813
68.4813
68.4813
68.4813
68.4813
68.4813
70.6186
68.4813
68.4813
68.4813
68.4813
68.4813
68.4813
68.4813
68.4813
68.4813
68.4813
68.4813
68.4813
68.4813
68.4813
68.4813
68.4813
68.4813
68.4813
68.4813
68.4813
68.4813
68.4813
68.4813
68.4813
68.4813
68.4813
68.4813
68.4813
68.4813
68.4813
68.4813
68.4813
68.4813
68.4813
68.4813
68.4813
68.4813
68.4813
68.4813
68.4813
68.4813
68.4813
68.4813
68.4813
68.4813
68.4813
68.4813
68.4813
68.4813
68.4813
68.4813
68.4813
68.4813
68.4813
68.4813
68.4813
68.4813
68.4813
68.4813
68.4813
68.4813
68.4813
68.4813
68.4813
68.4813
68.4813
68.4813
68.4813
68.4813
68.4813
68.4813
68.4813
68.4813
68.4813
68.4813
68.4813
68.4813
68.4813
68.4813
68.4813
68.4813
68.4813
68.4813
68.4813
68.4813
68.4813
68.4813
68.4813
68.4813
68.4813
68.4813
68.4813
68.4813
68.4813
68.4813
68.4813
68.4813
68.4813
68.4813
68.4813
68.4813
68.4813
68.4813
68.4813
68.4813
68.4813
68.4813
68.4813
68.4813
68.4813
68.4813
68.4813
68.4813
68.4813
68.4813
68.4813
68.4813
68.4813
68.4813
68.4813
68.4813
68.4813
68.4813
68.4813
68.4813
68.4813
68.4813
68.4813
68.4813
68.4813
68.4813
68.4813
68.4813
68.4813
68.4813
68.4813
68.4813
68.4813
68.4813
68.4813
68.4813
68.4813
68.4813
68.4813
68.4813
68.4813
68.4813
68.4813
68.4813
68.4813
68.473
68.4563
68.4117
68.4117
68.4117
68.4109
68.4101
68.4078
68.3959
68.3729
68.3721
68.3721
68.3721
68.3721
68.3721
68.3721
68.3721
68.3721
68.3721
68.3721
68.3721
68.3721
68.3721
68.3721
68.3721
68.3721
68.3721
68.3721
68.3721
68.3721
68.3721
68.3721
68.3721
68.3721
68.3721
68.3721
68.3721
68.3721
68.3721
68.3721
68.3721
68.3721
68.3721
68.3721
68.3721
68.3721
68.3721
68.3721
68.3721
68.3721
68.3721
68.3721
68.3721
68.3721
68.3721
68.3721
68.3721
68.3721
68.3721
68.3721
68.3721
68.3721
68.3721
68.3721
68.3721
68.3721
68.3721
68.3721
68.3721
68.3721
68.3721
68.3721
68.3721
68.3721
68.3721
68.3721
68.3721
68.3721
68.3721
68.3721
68.3721
68.3721
68.3721
68.3721
68.3721
68.3721
68.3721
68.3721
68.3721
68.3721
68.3721
68.3721
68.3721
68.3721
68.3721
68.3721
68.3721
68.3721
68.3721
68.3721
68.3721
68.3721
68.3721
68.3721
68.3721
68.3721
68.3721
68.3721
68.3721
68.3721
68.3721
68.3721
68.3721
68.3721
68.3721
68.3721
68.3721
68.3721
68.3721
68.3721
68.3721
68.3721
68.3721
68.3721
68.3721
68.3721
68.3721
68.3721
68.3721
68.3721
68.3721
68.3721
68.3721
68.3721
68.3721
68.3721
68.3721
68.3721
68.3721
68.3721
68.3721
68.3721
68.3721
68.3721
68.3721
68.3721
68.3721
68.3721
68.3721
68.3721
68.3721
68.3721
68.3721
68.3721
68.3721
68.3721
68.3721
68.3721
68.3721
68.3721
68.3721
68.3721
68.3721
68.3721
68.3721
68.3721
68.3721
68.3721
68.3721
68.3721
68.3721
68.3721
68.3721
68.3721
68.3721
68.3721
68.3721
68.3721
68.3721
68.3721
68.3721
68.3721
68.3721
68.3721
68.3721
68.3721
68.3721
68.3721
68.3721
68.3721
68.3721
68.3721
68.3721
68.3721
68.3721
68.3721
68.3721
68.3721
68.3721
68.3721
68.3721
68.3721
68.3721
68.3721
68.3721
68.3721
68.3721
68.3721
68.3721
68.3721
68.3721
68.3721
68.3721
68.3721
68.3721
68.3721
68.3721
68.3721
68.3721
68.3721
68.3721
68.3721
68.3721
68.3721
68.3721
68.3721
68.3721
68.3721
68.3721
68.3721
68.3721
68.3721
68.3721
68.3721
68.3721
68.3721
68.3721
68.3721
68.3721
68.3721
68.3721
68.3721
68.3721
68.3721
68.3721
68.3721
68.3721
68.3721
68.3721
68.3721
68.3721
68.3721
68.3721
68.3721
68.3721
68.3721
68.3721
68.3721
68.3721
68.3721
68.3721
68.3721
68.3721
68.3721
68.3721
68.3721
68.3721
68.3721
68.3721
68.3721
68.3721
68.3721
68.3721
68.3721
68.3721
68.3721
68.3721
68.3721
68.3721
68.3721
68.3721
68.3721
68.3721
68.3721
68.3721
68.3721
68.3721
68.3721
68.3721
68.3721
68.3721
68.3721
68.3721
68.3721
68.3721
68.3721
68.3721
68.3721
68.3721
68.3721
68.3721
68.3721
68.3721
68.3721
68.3721
68.3721
68.3721
68.3721
68.3721
68.3721
68.3721
68.3721
68.3721
68.3721
68.3721
68.3721
68.3721
68.3721
68.3721
68.3721
68.3721
68.3721
68.3721
68.3721
68.3721
68.3721
68.3721
68.3721
68.3721
68.3721
68.3721
68.3721
68.3721
68.3721
68.3721
68.3721
68.3721
68.3721
68.3721
68.3721
68.3721
68.3721
68.3721
68.3721
68.3721
68.3721
68.3721
68.3721
68.3721
68.3721
68.3721
68.3721
68.3721
68.3721
68.3721
68.3721
68.3721
68.3721
68.3721
68.3721
68.3721
68.3721
68.3721
68.3721
68.3721
68.3721
68.3721
68.3721
68.3721
68.3721
68.3721
68.3721
68.3721
68.3721
68.3721
68.3721
68.3721
68.3721
68.3721
68.3721
68.3721
68.3721
68.3721
68.3721
68.3721
68.3721
68.3721
68.3721
68.3721
68.3721
68.3721
68.3721
68.3721
68.3721
68.3721
68.3721
68.3721
68.3721
68.3721
68.3721
68.3721
68.3721
68.3721
68.3721
68.3721
68.3721
68.3721
68.3721
68.3721
68.3721
68.3721
68.3721
68.3721
68.3721
68.3721
68.3721
68.3721
68.3721
68.3721
68.3721
68.3721
68.3721
68.3721
68.3721
68.3721
68.3721
68.3721
68.3721
68.3721
68.3721
68.3721
68.3721
68.3721
68.3721
68.3721
68.3721
68.3721
68.3721
68.3721
68.3721
68.3721
68.3721
68.3721
68.3721
68.3721
68.3721
68.3721
68.3721
68.3721
68.3721
68.3721
68.3721
68.3721
68.3721
68.3721
68.3721
68.3721
68.3721
68.3721
68.3721
68.3721
68.3721
68.3721
68.3721
68.3721
68.3721
68.3721
68.3721
68.3721
68.3721
68.3721
68.3721
68.3721
68.3721
68.3721
68.3721
68.3721
68.3721
68.3721
68.3721
68.3721
68.3721
68.3721
68.3721
68.3721
68.3721
68.3721
68.3721
68.3721
68.3721
68.3721
68.3721
68.3721
68.3721
68.3721
68.3721
68.3721
68.3721
68.3721
68.3721
68.3721
68.3721
68.3721
68.3721
68.3721
68.3721
68.3721
68.3721
68.3721
68.3721
68.3721
68.3721
68.3721
68.3721
68.3721
68.3721
68.3721
68.3721
68.3721
68.3721
68.3721
68.3721
68.3721
68.3721
68.3721
68.3721
68.3721
68.3721
68.3721
68.3721
68.3721
68.3721
68.3721
68.3721
68.3721
68.3721
68.3721
68.3721
68.3721
68.3721
68.3721
68.3721
68.3721
68.3721
68.3721
68.3721
68.3721
68.3721
68.3721
68.3721
68.3721
68.3721
68.3721
68.3721
68.3721
68.3721
68.3721
68.3721
68.3721
68.3721
68.3721
68.3721
68.3721
68.3721
68.3721
68.3721
68.3721
68.3721
68.3721
68.3721
68.3721
68.3721
68.3721
68.3721
68.3721
68.3721
68.3721
68.3721
68.3721
68.3721
68.3721
68.3721
68.3721
68.3721
68.3721
68.3721
68.3721
68.3721
68.3721
68.3721
68.3721
68.3721
68.3721
68.3721
68.3721
68.3721
68.3721
68.3721
68.3721
68.3721
68.3721
68.3721
68.3721
68.3721
68.3721
68.3721
68.3721
68.3721
68.3721
68.3721
68.3721
68.3721
68.3721
68.3721
68.3721
68.3721
68.3721
68.3721
68.3721
68.3721
68.3721
68.3721
68.3721
68.3721
68.3721
68.3721
68.3721
68.3721
68.3721
68.3721
68.3721
68.3721
68.3721
68.3721
68.3721
68.3721
68.3721
68.3721
68.3721
68.3721
68.3721
68.3721
68.3721
68.3721
68.3721
68.3721
68.3721
68.3721
68.3721
68.3721
68.3721
68.3721
68.3721
68.3721
68.3721
68.3721
68.3721
68.3721
68.3721
68.3721
68.3721
68.3721
68.3721
68.3721
68.3721
68.3721
68.3721
68.3721
68.3721
68.3721
68.3721
68.3721
68.3721
68.3721
68.3721
68.3721
68.3721
68.3721
68.3721
68.3721
68.3721
68.3721
68.3721
68.3721
68.3721
68.3721
68.3721
68.3721
68.3721
68.3721
68.3721
68.3721
68.3721
68.3721
68.3721
68.3721
68.3721
68.3721
68.3721
68.3721
68.3721
68.3721
68.3721
68.3721
68.3721
68.3721
68.3721
68.3721
68.3721
68.3721
68.3721
68.3721
68.3721
68.3721
68.3721
68.3721
68.3721
68.3721
68.3721
68.3721
68.3721
68.3721
68.3721
68.3721
68.3721
68.3721
68.3721
68.3721
68.3721
68.3721
68.3721
68.3721
68.3721
68.3721
68.3721
68.3721
68.3721
68.3721
68.3721
68.3721
68.3721
68.3721
68.3721
68.3721
68.3721
68.3721
68.3721
68.3721
68.3721
68.3721
68.3721
68.3721
68.3721
68.3721
68.3721
68.3721
68.3721
68.3721
68.3721
68.3721
68.3721
68.3721
68.3721
68.3721
68.3721
68.3721
68.3721
68.3721
68.3721
68.3721
68.3721
68.3721
68.3721
68.3721
68.3721
68.3721
68.3721
68.3721
68.3721
68.3721
68.3721
68.3721
68.3721
68.3721
68.3721
68.3721
68.3721
68.3721
68.3721
68.3721
68.3721
68.3721
68.3721
68.3721
68.3721
68.3721
68.3721
68.3721
68.3721
68.3721
68.3721
68.3721
68.3721
68.3721
68.3721
68.3721
68.3721
68.3721
68.3721
68.3721
68.3721
68.3721
68.3721
68.3721
68.3721
68.3721
68.3721
68.3721
68.3721
68.3721
68.3721
68.3721
68.3721
68.3721
68.3721
68.3721
68.3721
68.3721
68.3721
68.3721
68.3721
68.3721
68.3721
68.3721
68.3721
68.3721
68.3721
68.3721
68.3721
68.3721
68.3721
68.3721
68.3721
68.3721
68.3721
68.3721
68.3721
68.3721
68.3721
68.3721
68.3721
68.3721
68.3721
68.3721
68.3721
68.3721
68.3721
68.3721
68.3721
68.3721
68.3721
68.3721
68.3721
68.3721
68.3721
68.3721
68.3721
68.3721
68.3721
68.3721
68.3721
68.3721
68.3721
68.3721
68.3721
68.3721
68.3721
68.3721
68.3721
68.3721
68.3721
68.3721
68.3721
68.3721
68.3721
68.3721
68.3721
68.3721
68.3721
68.3721
68.3721
68.3721
68.3721
68.3721
68.3721
68.3721
68.3721
68.3721
68.3721
68.3721
68.3721
68.3721
68.3721
68.3721
68.3721
68.3721
68.3721
68.3721
68.3721
68.3721
68.3721
68.3721
68.3721
68.3721
68.3721
68.3721
68.3721
68.3721
68.3721
68.3721
68.3721
68.3721
68.3721
68.3721
68.3721
68.3721
68.3721
68.3721
68.3721
68.3721
68.3721
68.3721
68.3721
68.3721
68.3721
68.3721
68.3721
68.3721
68.3721
68.3721
68.3721
68.3721
68.3721
68.3721
68.3721
68.3721
68.3721
68.3721
68.3721
68.3721
68.3721
68.3721
68.3721
68.3721
68.3721
68.3721
68.3721
68.3721
68.3721
68.3721
68.3721
68.3721
68.3721
68.3721
68.3721
68.3721
68.3721
68.3721
68.3721
68.3721
68.3721
68.3721
68.3721
68.3721
69.346
68.3721
68.3721
68.3721
68.3721
68.3721
68.3721
68.3721
68.3721
68.3721
68.3721
68.3721
68.3721
68.3721
68.3721
68.3721
68.3721
68.3721
68.3721
68.3721
68.3721
68.3721
68.3721
68.3721
68.3721
68.3721
68.3721
68.3721
68.3721
68.3721
68.3721
68.3721
68.3721
68.3721
68.3721
68.3721
68.3721
68.3721
68.3721
68.3721
68.3721
68.3721
68.3721
68.3721
68.3721
68.3721
68.3721
68.3721
68.3721
68.3721
68.3721
68.3721
68.3721
68.3721
68.3721
68.3721
68.3721
68.3721
68.3721
68.3721
68.3721
68.3721
68.3721
68.3721
68.3721
68.3721
68.3721
68.3721
68.3721
68.3721
68.3721
68.3721
68.3721
68.3721
68.3721
68.3721
68.3721
68.3721
68.3721
68.3721
68.3721
68.3721
68.3721
68.3721
68.3721
68.3721
68.3721
68.3721
68.3721
68.3721
68.3721
68.3721
68.3721
68.3721
68.3721
68.3721
68.3721
68.3721
68.3721
68.3721
68.3721
68.3721
68.3721
68.3721
68.3721
68.3721
68.3721
68.3721
68.3721
68.3721
68.3721
68.3721
68.3721
68.3721
68.3721
68.3721
68.3721
68.3721
68.3721
68.3721
68.3721
68.3721
68.3721
68.3721
68.3721
68.3721
68.3721
68.3721
68.3721
68.3721
68.3721
68.3721
68.3721
68.3721
68.3721
68.3721
68.3721
68.3721
68.3721
68.3721
68.3721
68.3721
68.3721
68.3721
68.3721
68.3721
68.3721
68.3721
68.3721
68.3721
68.3721
68.3721
68.3721
68.3721
68.3721
68.3721
68.3721
68.3721
68.3721
68.3721
68.3721
68.3721
68.3721
68.3721
68.3721
68.3721
68.3721
68.3721
68.3721
68.3721
68.3721
68.3721
68.3721
68.3721
68.3721
68.3721
68.3721
68.3721
68.3721
68.3721
68.3721
68.3721
68.3721
68.3721
68.3721
68.3721
68.3721
68.3721
68.3721
68.3721
68.3721
68.3721
68.3721
68.3721
68.3721
68.3721
68.3721
68.3721
68.3721
68.3721
68.3721
68.3721
68.3721
68.3721
68.3721
68.3721
68.3721
68.3721
68.3721
68.3721
68.3721
68.3721
68.3721
68.3721
68.3721
68.3721
68.3721
68.3721
68.3721
68.3721
68.3721
68.3721
68.3721
68.3721
68.3721
68.3721
68.3721
68.3721
68.3721
68.3721
68.3721
68.3721
68.3721
68.3721
68.3721
68.3721
68.3721
68.3721
68.3721
68.3721
68.3721
68.3721
68.3721
68.3721
68.3721
68.3721
68.3721
68.3721
68.3721
68.3721
68.3721
68.3721
68.3721
68.3721
68.3721
68.3721
68.3721
68.3721
68.3721
68.3721
68.3721
68.3721
68.3721
68.3721
68.3721
68.3721
68.3721
68.3721
68.3721
68.3721
68.3721
68.3721
68.3721
68.3721
68.3721
68.3721
68.3721
68.3721
68.3721
68.3721
68.3721
68.3721
68.3721
68.3721
68.3721
68.3721
68.3721
68.3721
68.3721
68.3721
68.3721
68.3721
68.3721
68.3721
68.3721
68.3721
68.3721
68.3721
68.3721
68.3721
68.3721
68.3721
68.3721
68.3721
68.3721
68.3721
68.3721
68.3721
68.3721
68.3721
68.3721
68.3721
68.3721
68.3721
68.3721
68.3721
68.3721
68.3721
68.3721
68.3721
68.3721
68.3721
68.3721
68.3721
68.3721
68.3721
68.3721
68.3721
68.3721
68.3721
68.3721
68.3721
68.3721
68.3721
68.3721
68.3721
68.3721
68.3721
68.3721
68.3721
68.3721
68.3721
68.3721
68.3721
68.3721
68.3721
68.3721
68.3721
68.3721
68.3721
68.3721
68.3721
68.3721
68.3721
68.3721
68.3721
68.3721
68.3721
68.3721
68.3721
68.3721
68.3721
68.3721
68.3721
68.3721
68.3721
68.3721
68.3721
68.3721
68.3721
68.3721
68.3721
68.3721
68.3721
68.3721
68.3721
68.3721
68.3721
68.3721
68.3721
68.3721
68.3721
68.3721
68.3721
68.3721
68.3721
68.3721
68.3721
68.3721
68.3721
68.3721
68.3721
68.3721
68.3721
68.3721
68.3721
68.3721
68.3721
68.3721
68.3721
68.3721
68.3721
68.3721
68.3721
68.3721
68.3721
68.3721
68.3721
68.3721
68.3721
68.3721
68.3721
68.3721
68.3721
68.3721
68.3721
68.3721
68.3721
68.3721
68.3721
68.3721
68.3721
68.3721
68.3721
68.3721
68.3721
68.3721
68.3721
68.3721
68.3721
68.3721
68.3721
68.3721
68.3721
68.3721
68.3721
68.3721
68.3721
68.3721
68.3721
68.3721
68.3721
68.3721
68.3721
68.3721
68.3721
68.3721
68.3721
68.3721
68.3721
68.3721
68.3721
68.3721
68.3721
68.3721
68.3721
68.3721
68.3721
68.3721
68.3721
68.3721
68.3721
68.3721
68.3721
68.3721
68.3721
68.3721
68.3721
68.3721
68.3721
68.3721
68.3721
68.3721
68.3721
68.3721
68.3721
68.3721
68.3721
68.3721
68.3721
68.3721
68.3721
68.3721
68.3721
68.3721
68.3721
68.3721
68.3721
68.3721
68.3721
68.3721
68.3721
68.3721
68.3721
68.3721
68.3721
68.3721
68.3721
68.3721
68.3721
68.3721
68.3721
68.3721
68.3721
68.3721
68.3721
68.3721
68.3721
68.3721
68.3721
68.3721
68.3721
68.3721
68.3721
68.3721
68.3721
68.3721
68.3721
68.3721
68.3721
68.3721
68.3721
68.3721
68.3721
68.3721
68.3721
68.3721
68.3721
68.3721
68.3721
68.3721
68.3721
68.3721
68.3721
68.3721
68.3721
68.3721
68.3721
68.3721
68.3721
68.3721
68.3721
68.3721
68.3721
68.3721
68.3721
68.3721
68.3721
68.3721
68.3721
68.3721
68.3721
68.3721
68.3721
68.3721
68.3721
68.3721
68.3721
68.3721
68.3721
68.3721
68.3721
68.3721
68.3721
68.3721
68.3721
68.3721
68.3721
68.3721
68.3721
68.3721
68.3721
68.3721
68.3721
68.3721
68.3721
68.3721
68.3721
68.3721
68.3721
68.3721
68.3721
68.3721
68.3721
68.3721
68.3721
68.3721
68.3721
68.3721
68.3721
68.3721
68.3721
68.3721
68.3721
68.3721
68.3721
68.3721
68.3721
68.3721
68.3721
68.3721
68.3721
68.3721
68.3721
68.3721
68.3721
68.3721
68.3721
68.3721
68.3721
68.3721
68.3721
68.3721
68.3721
68.3721
68.3721
68.3721
68.3721
68.3721
68.3721
68.3721
68.3721
68.3721
68.3721
68.3721
68.3721
68.3721
68.3721
68.3721
68.3721
68.3721
68.3721
68.3721
68.3721
68.3721
68.3721
68.3721
68.3721
68.3721
68.3721
68.3721
68.3721
68.3721
68.3721
68.3721
68.3721
68.3721
68.3721
68.3721
68.3721
68.3721
68.3721
68.3721
68.3721
68.3721
68.3721
68.3721
68.3721
68.3721
68.3721
68.3721
68.3721
68.3721
68.3721
68.3721
68.3721
68.3721
68.3721
68.3721
68.3721
68.3721
68.3721
68.3721
68.3721
68.3721
68.3721
68.3721
68.3721
68.3721
68.3721
68.3721
68.3721
68.3721
68.3721
68.3721
68.3721
68.3721
68.3721
68.3721
68.3721
68.3721
68.3721
68.3721
68.3721
68.3721
68.3721
68.3721
68.3721
68.3721
68.3721
68.3721
68.3721
68.3721
68.3721
68.3721
68.3721
68.3721
68.3721
68.3721
68.3721
68.3721
68.3721
68.3721
68.3721
68.3721
68.3721
68.3721
68.3721
68.3721
68.3721
68.3721
68.3721
68.3721
68.3721
68.3721
68.3721
68.3721
68.3721
68.3721
68.3721
68.3721
68.3721
68.3721
68.3721
68.3721
68.3721
68.3721
68.3721
68.3721
68.3721
68.3721
68.3721
68.3721
68.3721
68.3721
68.3721
68.3721
68.3721
68.3721
68.3721
68.3721
68.3721
68.3721
68.3721
68.3721
68.3721
68.3721
68.3721
68.3721
68.3721
68.3721
68.3721
68.3721
68.3721
68.3721
68.3721
68.3721
68.3721
68.3721
68.3721
68.3721
68.3721
68.3721
68.3721
68.3721
68.3721
68.3721
68.3721
68.3721
68.3721
68.3721
68.3721
68.3721
68.3721
68.3721
68.3721
68.3721
68.3721
68.3721
68.3721
68.3721
68.3721
68.3721
68.3721
68.3721
68.3721
68.3721
68.3721
68.3721
68.3721
68.3721
68.3721
68.3721
68.3721
68.3721
68.3721
68.3721
68.3721
68.3721
68.3721
68.3721
68.3721
68.3721
68.3721
68.3721
68.3721
68.3721
68.3721
68.3721
68.3721
68.3721
68.3721
68.3721
68.3721
68.3721
68.3721
68.3721
68.3721
68.3721
68.3721
68.3721
68.3721
68.3721
68.3721
68.3721
68.3721
68.3721
68.3721
68.3721
68.3721
68.3721
68.3721
68.3721
68.3721
68.3721
68.3721
68.3721
68.3721
68.3721
68.3721
68.3721
68.3721
68.3721
68.3721
68.3721
68.3721
68.3721
68.3721
68.3721
68.3721
68.3721
68.3721
68.3721
68.3721
68.3721
68.3721
68.3721
68.3721
68.3721
68.3721
68.3721
68.3721
68.3721
68.3721
68.3721
68.3721
68.3721
68.3721
68.3721
68.3721
68.3721
68.3721
68.3721
68.3721
68.3721
68.3721
68.3721
68.3721
68.3721
68.3721
68.3721
68.3721
68.3721
68.3721
68.3721
68.3721
68.3721
68.3721
68.3721
68.3721
68.3721
68.3721
68.3721
68.3721
68.3721
68.3721
68.3721
68.3721
68.3721
68.3721
68.3721
68.3721
68.3721
68.3721
68.3721
68.3721
68.3721
68.3721
68.3721
68.3721
68.3721
68.3721
68.3721
68.3721
68.3721
68.3721
68.3721
68.3721
68.3721
68.3721
68.3721
68.3721
68.3721
68.3721
68.3721
68.3721
68.3721
68.3721
68.3721
68.3721
68.3721
68.3721
68.3721
68.3721
68.3721
68.3721
68.3721
68.3721
68.3721
68.3721
68.3721
68.3721
68.3721
68.3721
68.3721
68.3721
68.3721
68.3721
68.3721
68.3721
68.3721
68.3721
68.3721
68.3721
68.3721
68.3721
68.3721
68.3721
68.3721
68.3721
68.3721
68.3721
68.3721
68.3721
68.3721
68.3721
68.3721
68.3721
68.3721
68.3721
68.3721
68.3721
68.3721
68.3721
68.3721
68.3721
68.3721
68.3721
68.3721
68.3721
68.3721
68.3721
68.3721
68.3721
68.3721
68.3721
68.3721
68.3721
68.3721
68.3721
68.3721
68.3721
68.3721
68.3721
68.3721
68.3721
68.3721
68.3721
68.3721
68.3721
68.3721
68.3721
68.3721
68.3721
68.3721
68.3721
68.3721
68.3721
68.3721
68.3721
68.3721
68.3721
68.3721
68.3721
68.3721
68.3721
68.3721
68.3721
68.3721
68.3721
68.3721
68.3721
68.3721
68.3721
68.3721
68.3721
68.3721
68.3721
68.3721
68.3721
68.3721
68.3721
68.3721
68.3721
68.3721
68.3721
68.3721
68.3721
68.3721
68.3721
68.3721
68.3721
68.3721
68.3721
68.3721
68.3721
68.3721
68.3721
68.3721
68.3721
68.3721
68.3721
68.3721
68.3721
68.3721
68.3721
68.3721
68.3721
68.3721
68.3721
68.3721
68.3721
68.3721
68.3721
68.3721
68.3721
68.3721
68.3721
68.3721
68.3721
68.3721
68.3721
68.3721
68.3721
68.3721
68.3721
68.3721
68.3721
68.3721
68.3721
68.3721
68.3721
68.3721
68.3721
68.3721
68.3721
68.3721
68.3721
68.3721
68.3721
68.3721
68.3721
68.3721
68.3721
68.3721
68.3721
68.3721
68.3721
68.3721
68.3721
68.3721
68.3721
68.3721
68.3721
68.3721
68.3721
68.3721
68.3721
68.3721
68.3721
68.3721
68.3721
68.3721
68.3721
68.3721
68.3721
68.3721
68.3721
68.3721
68.3721
68.3721
68.3721
68.3721
68.3721
68.3721
68.3721
68.3721
68.3721
68.3721
68.3721
68.3721
68.3721
68.3721
68.3721
68.3721
68.3721
68.3721
68.3721
68.3721
68.3721
68.3721
68.3721
68.3721
68.3721
68.3721
68.3721
68.3721
68.3721
68.3721
68.3721
68.3721
68.3721
68.3721
68.3721
68.3721
68.3721
68.3721
68.3721
68.3721
68.3721
68.3721
68.3721
68.3721
68.3721
68.3721
68.3721
68.3721
68.3721
68.3721
68.3721
68.3721
68.3721
68.3721
68.3721
68.3721
68.3721
68.3721
68.3721
68.3721
68.3721
68.3721
68.3721
68.3721
68.3721
68.3721
68.3721
68.3721
68.3721
68.3721
68.3721
68.3721
68.3721
68.3721
68.3721
68.3721
68.3721
68.3721
68.3721
68.3721
68.3721
68.3721
68.3721
68.3721
68.3721
68.3721
68.3721
68.3721
68.3721
68.3721
68.3721
68.3721
68.3721
68.3721
68.3721
68.3721
68.3721
68.3721
68.3721
68.3721
68.3721
68.3721
68.3721
68.3721
68.3721
68.3721
68.4231
68.3721
68.3721
68.3721
68.3721
68.3721
68.3721
68.3721
68.3721
68.3721
68.3721
68.3721
68.3721
68.3721
68.3721
68.3721
68.3721
68.3721
68.3721
68.3721
68.3721
68.3721
68.3721
68.3721
68.3721
68.3721
68.3721
68.3721
68.3721
68.3721
68.3721
68.3721
68.3721
68.3721
68.3721
68.3721
68.3721
68.3721
68.3721
68.3721
68.3721
68.3721
68.3721
68.3721
68.3721
68.3721
68.3721
68.3721
68.3721
68.3721
68.3721
68.3721
68.3721
68.3721
68.3721
68.3721
68.3721
68.3721
68.3721
68.3721
68.3721
68.3721
68.3721
68.3721
68.3721
68.3721
68.3721
68.3721
68.3721
68.3721
68.3721
68.3721
68.3721
68.3721
68.3721
68.3721
68.3721
68.3721
68.3721
68.3721
68.3721
68.3721
68.3721
68.3721
68.3721
68.3721
68.3721
68.3721
68.3721
68.3721
68.3721
68.3721
68.3721
68.3721
68.3721
68.3721
68.3721
68.3721
68.3721
68.3721
68.3721
68.3721
68.3721
68.3721
68.3721
68.3721
68.3721
68.3721
68.3721
68.3721
68.3721
68.3721
68.3721
68.3721
68.3721
68.3721
68.3721
68.3721
68.3721
68.3721
68.3721
68.3721
68.3721
68.3721
68.3721
68.3721
68.3721
68.3721
68.3721
68.3721
68.3721
68.3721
68.3721
68.3721
68.3721
68.3721
68.3721
68.3721
68.3721
68.3721
68.3721
68.3721
68.3721
68.3721
68.3721
68.3721
68.3721
68.3721
68.3721
68.3721
68.3721
68.3721
68.3721
68.3721
68.3721
68.3721
68.3721
68.3721
68.3721
68.3721
68.3721
68.3721
68.3721
68.3721
68.3721
68.3721
68.3721
68.3721
68.3721
68.3721
68.3721
68.3721
68.3721
68.3721
68.3721
68.3721
68.3721
68.3721
68.3721
68.3721
68.3721
68.3721
68.3721
68.3527
68.3236
68.2072
67.8872
67.8872
67.8872
67.8872
67.8872
67.8872
67.8872
67.8872
67.8872
67.8872
67.8872
67.8872
67.8872
67.8872
67.8872
67.8872
67.8872
67.8872
67.8872
67.8872
67.8872
67.8872
67.8872
67.8872
67.8872
67.8872
67.8872
67.8872
67.8872
67.8872
67.8872
67.8872
67.8872
67.8872
67.8872
67.8872
67.8872
67.8872
67.8872
67.8872
67.8872
67.8872
67.8872
67.8872
67.8872
67.8872
67.8872
67.8872
67.8872
67.8872
67.8872
67.8872
67.8872
67.8872
67.8872
67.8872
67.8872
67.8872
67.8872
67.8872
67.8872
67.8872
67.8872
67.8872
67.8872
67.8872
67.8872
67.8872
67.8872
67.8872
67.8872
67.8872
67.8872
67.8872
67.8872
67.8872
67.8872
67.8872
67.8872
67.8872
67.8872
67.8872
67.8872
67.8872
67.8872
67.8872
67.8872
67.8872
67.8872
67.8872
67.8872
67.8872
67.8872
67.8872
67.8872
67.8872
67.8872
67.8872
67.8872
67.8872
67.8872
67.8872
67.8872
67.8872
67.8872
67.8872
67.8872
67.8872
67.8872
67.8872
67.8872
67.8872
67.8872
67.8872
67.8872
67.8872
67.8872
67.8872
67.8872
67.8872
67.8872
67.8872
67.8872
67.8872
67.8872
67.8872
67.8872
67.8872
67.8872
67.8872
67.8872
67.8872
67.8872
67.8872
67.8872
67.8872
67.8872
67.8872
67.8872
67.8872
67.8872
67.8872
67.8872
67.8872
67.8872
67.8872
67.8872
67.8872
67.8872
67.8872
67.8872
67.8872
67.8872
67.8872
67.8872
67.8872
67.8872
67.8872
67.8872
67.8872
67.8872
67.8872
67.8872
67.8872
67.8872
67.8872
67.8872
67.8872
67.8872
67.8872
67.8872
67.8872
67.8872
67.8872
67.8872
67.8872
67.8872
67.8872
67.8872
67.8872
67.8872
67.8872
67.8872
67.8872
67.8872
67.8872
67.8872
67.8872
67.8872
67.8872
67.8872
67.8872
67.8872
67.8872
67.8872
67.8642
67.8183
67.6576
67.074
66.7391
66.7391
66.7391
66.7391
66.7391
66.7391
66.7391
66.7391
66.7391
66.7391
66.7391
66.7391
66.7391
66.7391
66.7391
66.7391
66.7391
66.7391
66.7391
66.7391
66.7391
66.7391
66.7391
66.7391
66.7391
66.7391
66.7391
66.7391
66.7391
66.7391
66.7391
66.7391
66.7391
66.7391
66.7391
66.7391
66.7391
66.7391
66.7391
66.7391
66.7391
70.824
76.2952
69.9019
66.8429
67.5552
72.6599
69.9225
80.6664
67.3847
66.4654
66.4654
66.4654
66.4654
66.4654
66.4654
66.4654
66.4654
66.4654
66.4654
66.4654
66.4654
66.4654
66.4654
67.7417
66.4654
66.4654
66.4654
66.4654
66.4654
66.4654
66.4654
66.4654
66.4654
66.4654
66.4654
66.7496
77.1112
66.9007
66.8682
66.5834
66.4654
82.0164
66.4654
67.2138
66.4654
66.4654
66.4654
66.4654
66.4654
66.4654
66.4654
66.4654
66.4654
66.4654
66.4654
66.4654
66.4654
66.4654
66.4654
66.4654
66.4654
66.4654
66.4654
66.4654
66.4654
66.5371
66.4654
66.4654
66.9181
68.6838
68.6688
66.4654
66.4654
66.4654
66.4654
66.4654
66.4654
66.4654
66.4654
66.4654
66.4654
66.4654
66.4654
66.4654
66.4654
66.4654
66.4654
66.4654
66.4654
66.4654
66.4654
66.4654
66.4654
66.4654
66.4654
66.4654
66.4654
66.4654
66.4654
66.4654
66.4654
66.4654
66.4654
66.4654
66.4654
66.4654
66.4654
66.4654
66.4654
66.4654
66.4654
66.4654
66.4654
66.4654
66.4654
66.4654
66.4654
66.4654
66.4654
66.4654
66.4654
66.4654
66.4654
66.4654
66.4654
66.4654
66.4654
66.4654
66.4654
66.4654
66.4654
66.4654
66.4654
66.4654
66.4654
66.4654
66.4654
66.4654
66.4654
66.4654
66.4654
66.4654
66.4654
66.4654
66.4654
66.4654
66.4654
66.4654
66.4654
66.4654
66.4654
66.4654
66.4654
66.4654
66.4654
66.4654
66.4654
66.4654
66.4654
66.4654
66.4654
66.4654
66.4654
66.4654
66.4654
66.4654
66.4654
66.4654
66.4654
66.4654
66.4654
66.4654
66.4654
66.4654
66.4654
66.4654
66.4654
66.4654
66.4654
66.4654
66.4654
66.4654
66.4654
66.4654
66.4654
66.4654
66.4654
66.4654
66.4654
66.4654
66.4654
66.4654
66.4654
66.4654
66.4654
66.4654
66.4654
66.4654
66.4654
66.4654
66.4654
66.4654
66.4654
66.4654
66.4654
66.4654
66.4654
66.4654
66.4654
66.4654
66.4654
66.4654
66.4654
66.4654
66.4654
66.4654
66.4654
66.4654
66.4654
66.4654
66.4654
66.4654
66.4654
66.4654
66.4654
66.4654
66.4654
66.4654
66.4654
66.4654
66.4654
66.4654
66.4654
66.4654
66.4654
66.4654
66.4654
66.4654
66.4654
66.4654
66.4654
66.4654
66.4654
66.4654
66.4654
66.4654
66.4654
66.4654
66.4654
66.4654
66.4654
66.4654
66.4654
66.4654
66.4654
66.4654
66.4654
66.4654
66.4654
66.4654
66.4654
66.4654
66.4654
66.4654
66.4654
66.4654
66.4654
66.4654
66.4654
66.4654
66.4654
66.4654
66.4654
66.4654
66.4654
66.4654
66.4654
66.4654
66.4654
66.4654
66.4654
66.4654
66.4654
66.4654
66.4654
66.4654
66.4654
66.4654
66.4654
66.4654
66.4654
66.4654
66.4654
66.4654
66.4654
66.4654
66.4654
66.4654
66.4654
66.4654
66.4654
66.4654
66.4654
66.4654
66.4654
66.4654
66.4654
66.4654
66.4654
66.4654
66.4654
66.4654
66.4654
66.4654
66.4654
66.4654
66.4654
66.4654
66.4654
66.4654
66.4654
66.4654
66.4654
66.4654
66.4654
66.4654
66.4654
66.4654
66.4654
66.4654
66.4654
66.4654
66.4654
66.4654
66.4654
66.4654
66.4654
66.4654
66.4654
66.4654
66.4654
66.4654
66.4654
66.4654
66.4654
66.4654
66.4654
66.4654
66.4654
66.4654
66.4654
66.4654
66.4654
66.4654
66.4654
66.4654
66.4654
66.4654
66.4654
66.4654
66.4654
66.4654
66.4654
66.4654
66.4654
66.4654
66.4654
66.4654
66.4654
66.4654
66.4654
66.4654
66.4654
66.4654
66.4654
66.4654
66.4654
66.4654
66.4654
66.4654
66.4654
66.4654
66.4654
66.4654
66.4654
66.4654
66.4654
66.4654
66.4654
66.4654
66.4654
66.4654
66.4654
66.4654
66.4654
66.4654
66.4654
66.4654
66.4654
66.4654
66.4654
66.4654
66.4654
66.4654
66.4654
66.4654
66.4654
66.4654
66.4654
66.4654
66.4654
66.4654
66.4654
66.4654
66.4654
66.4654
66.4654
66.4654
66.4654
66.4654
66.4654
66.4654
66.4654
66.4654
66.4654
66.4654
66.4654
66.4654
66.4654
66.4654
66.4654
66.4654
66.4654
66.4654
66.4654
66.4654
66.4654
66.4654
66.4654
66.4654
66.4654
66.4654
66.4654
66.4654
66.4654
66.4654
66.4654
66.4654
66.4654
66.4654
66.4654
66.4654
66.4654
66.4654
66.4654
66.4654
66.4654
66.4654
66.4654
66.4654
66.4654
66.4654
66.4654
66.4654
66.4654
66.4654
66.4654
66.4654
66.4654
66.4654
66.4654
66.4654
66.4654
66.4654
66.4654
66.4654
66.4654
66.4654
66.4654
66.4654
66.4654
66.4654
66.4654
66.4654
66.4654
66.4654
66.4654
66.4654
66.4654
66.4654
66.4654
66.4654
66.4654
66.4654
66.4654
66.4654
66.4654
66.4654
66.4654
66.4654
66.4654
66.4654
66.4654
66.4654
66.4654
66.4654
66.4654
66.4654
66.4654
66.4654
66.4654
66.4654
66.4654
66.4654
66.4654
66.4654
66.4654
66.4654
66.4654
66.4654
66.4654
66.4654
66.4654
66.4654
66.4654
66.4654
66.4654
66.4654
66.4654
66.4654
66.4654
66.4654
66.4647
66.4634
66.4585
66.4509
66.4309
66.4309
66.4309
66.4309
66.4309
66.4309
66.4309
66.4309
66.4309
66.4309
66.4309
66.4309
66.4309
66.4309
66.4309
66.4309
66.4309
66.4309
66.4309
66.4309
66.4309
66.4309
66.4309
66.4309
66.4309
66.4309
66.4309
66.4309
66.4309
66.4309
66.4309
66.4309
66.4309
66.4309
66.4309
66.4309
66.4309
66.4309
66.4309
66.4309
66.4309
66.4309
66.4309
66.4309
66.4309
66.4309
66.4309
66.4309
66.4309
66.4309
66.4309
66.4309
66.4309
66.4309
66.4309
66.4309
66.4309
66.4309
66.4309
66.4309
66.4309
66.4309
66.4309
66.4309
66.4309
66.4309
66.4309
66.4309
66.4309
66.4309
66.4309
66.4309
66.4309
66.4309
66.4309
66.4309
66.4309
66.4309
66.4309
66.4309
66.4309
66.4309
66.4309
66.4309
66.4309
66.4309
66.4309
66.4309
66.4309
66.4309
66.4309
66.4309
66.4309
66.4309
66.4309
66.4309
66.4309
66.4309
66.4309
66.4309
66.4309
66.4309
66.4309
66.4309
66.4309
66.4309
66.4309
66.4309
66.4309
66.4309
66.4309
66.4309
66.4309
66.4309
66.4309
66.4174
66.3985
66.3255
66.2958
66.2958
66.2958
66.2958
66.2958
66.2958
66.2958
66.2958
66.2958
66.2958
66.2958
66.2958
66.2958
66.2958
66.2958
66.2958
66.2958
66.2953
66.2933
66.2862
66.2821
66.2821
66.2821
66.2821
66.2821
66.2821
66.2821
66.2821
66.2821
66.2821
66.2821
66.2821
66.2821
66.2821
66.2821
66.2821
66.2821
66.2821
66.2821
66.2821
66.2821
66.2821
66.2821
66.2821
66.2821
66.2821
66.2821
66.2821
66.2821
66.2821
66.2821
66.2821
66.2821
66.2821
66.2821
66.2821
66.2821
66.2821
66.2821
66.2821
66.2821
66.2821
66.2821
66.2821
66.2821
66.2821
66.2821
66.2821
66.2821
66.2821
66.2821
66.2821
66.2821
66.2821
66.2821
66.2821
66.2821
66.2821
66.2821
66.2821
66.2821
66.2821
66.2821
66.2821
66.2821
66.2821
66.2821
66.2821
66.2821
66.2821
66.2821
66.2821
66.2821
66.2821
66.2821
66.2821
66.2821
66.2821
66.2821
66.2821
66.2821
66.2821
66.2821
66.2821
66.2821
66.2821
66.2821
66.2821
66.2821
66.2821
66.2821
66.2821
66.2821
66.2821
66.2821
66.2821
66.2821
66.2821
66.2821
66.2821
66.2821
66.2821
66.2821
66.2821
66.2821
66.2821
66.2821
66.2821
66.2821
66.2821
66.2821
66.2821
66.2821
66.2821
66.2821
66.2821
66.2821
66.2821
66.2821
66.2821
66.2821
66.2821
66.2821
66.2821
66.2821
66.2821
66.2821
66.2821
66.2821
66.2821
66.2821
66.2821
66.2821
66.2821
66.2821
66.2821
66.2821
66.2821
66.2821
66.2821
66.2821
66.2821
66.2821
66.2821
66.2821
66.2821
66.2821
66.2821
66.2821
66.2821
66.2821
66.2821
66.2821
66.2821
66.2821
66.2821
66.2821
66.2821
66.2821
66.2821
66.2821
66.2821
66.2821
66.2821
66.2821
66.2821
66.2821
66.2821
66.2821
66.2821
66.2821
66.2821
66.2821
66.2821
66.2821
66.2821
66.2821
66.2821
66.2821
66.2821
66.2821
66.2821
66.2821
66.2821
66.2821
66.2821
66.2821
66.2821
66.2821
66.2821
66.2821
66.2821
66.2821
66.2821
66.2821
66.2821
66.4932
66.2821
66.2821
66.2821
66.2821
66.2821
66.2821
66.2821
66.2821
66.2821
66.2821
66.2821
66.2821
66.2821
66.2821
66.2821
66.2821
66.2821
66.2763
66.2648
66.1781
66.0338
65.9933
65.9933
65.9933
65.9933
65.9933
65.9933
65.9933
65.9933
65.9933
65.9933
65.9933
65.9933
65.9933
65.9933
65.9933
65.9933
65.9933
65.9933
65.9933
65.9933
65.9933
65.9933
65.9933
65.9933
65.9933
65.9933
65.9933
65.9933
65.9933
65.9933
65.9933
65.9933
65.9933
65.9933
65.9933
65.9933
65.9933
65.9933
65.9933
65.9933
65.9933
65.9933
65.9933
65.9933
65.9933
65.9933
65.9933
65.9933
65.9933
65.9933
65.9933
65.9933
65.9933
65.9933
65.9933
65.9933
65.9933
65.9933
65.9933
65.9933
65.9933
65.9933
65.9933
65.9933
65.9933
65.9933
65.9933
65.9933
65.9933
65.9933
65.9933
65.9933
65.9933
65.9933
65.9933
65.9933
65.9933
65.9933
65.9933
65.9933
65.9933
65.9933
65.9933
65.9933
65.9933
65.9933
65.9933
65.9933
65.9933
65.9933
65.9933
65.9911
65.9846
65.9671
65.9569
65.9569
65.9569
65.9569
65.9569
65.9569
65.9569
65.9569
65.9569
65.9569
65.9569
65.9569
65.9569
65.9569
65.9569
65.9569
65.9569
65.9569
65.9569
65.9569
65.9569
65.9569
65.9569
65.9569
65.9569
65.9569
65.9569
65.9569
65.9569
65.9569
65.9569
65.9569
65.9569
65.9569
65.9569
65.9569
65.9569
65.9569
65.9569
65.9569
65.9569
65.9569
65.9569
65.9569
65.9569
65.9569
65.9569
65.9569
65.9569
65.9569
65.9569
65.9569
65.9569
65.9569
65.9569
65.9569
65.9569
65.9569
65.9569
65.9569
65.9569
65.9569
65.9569
65.9569
65.9569
65.9569
65.9569
65.9569
65.9569
65.9569
65.9569
65.9569
65.9569
65.9569
65.9569
65.9569
65.9569
65.9569
65.9569
65.9569
65.9569
65.9569
65.9569
65.9387
65.9204
65.7923
65.4997
65.4997
65.4997
65.4997
65.4997
65.4997
65.4997
65.4997
65.4997
65.4997
65.4997
65.4997
65.4997
65.4997
65.4997
65.4997
65.4997
65.4997
65.4997
65.4997
65.4997
65.4997
65.4997
65.4997
65.4997
65.4997
65.4997
65.4997
65.4997
65.4997
65.4997
65.4997
65.4997
65.4997
65.4997
65.4997
65.4997
65.4997
65.4997
65.4997
65.4997
65.4997
65.4997
65.4997
65.4997
65.4997
65.4997
65.4997
65.4997
65.4997
65.4997
65.4997
65.4997
65.4997
65.4997
65.4997
65.4997
65.4997
65.4997
65.4997
65.4997
65.4997
65.4997
65.4997
65.4997
65.4997
65.4997
65.4997
65.4997
65.4997
65.4997
65.4997
65.4997
65.4997
65.4997
65.4997
65.4997
65.4997
65.4997
65.4997
65.4997
65.4997
65.4997
65.4997
65.4997
65.4997
65.4997
65.4997
65.4997
65.4997
65.4997
65.4997
65.4997
65.4997
65.4997
65.4997
65.4997
65.4997
65.4997
65.4997
65.4997
65.4997
65.4997
65.4997
65.4997
65.4997
65.4997
65.4997
65.4997
65.4997
65.4997
65.4997
65.4997
65.4997
65.4997
65.4997
65.4997
65.4997
65.4997
65.4997
65.4997
65.4997
65.4997
65.4997
65.4997
65.4997
65.4997
65.4997
65.4997
65.4997
65.4997
65.4997
65.4997
65.4997
65.4997
65.4997
65.4997
65.4997
65.4997
65.4997
65.4997
65.4997
65.4997
65.4997
65.4997
65.4997
65.4997
65.4997
65.4997
65.4997
65.4997
65.4997
65.4997
65.4997
65.4997
65.4997
65.4997
65.4997
65.4997
65.4997
65.4997
65.4997
65.4997
65.4997
65.4997
65.4997
65.4997
65.4997
65.4997
65.4997
65.4997
65.4997
65.4997
65.4997
65.4997
65.4997
65.4997
65.4997
65.4997
65.4997
65.4997
65.4997
65.4997
65.4997
65.4997
65.4997
65.4997
65.4997
65.4997
65.4997
65.4997
65.4997
65.4997
65.4997
65.4997
65.4997
65.4997
65.4997
65.4997
65.4997
65.4997
65.4997
65.4997
65.4997
65.4997
65.4997
65.4997
65.4997
65.4997
65.4997
65.4997
65.4997
65.4997
65.4997
65.4997
65.4997
65.4997
65.4997
65.4997
65.4997
65.4997
65.4997
65.4997
65.4997
65.4997
65.4997
65.4997
65.4997
65.4997
65.4997
65.4997
65.4997
65.4997
65.4997
65.4997
65.4997
65.4997
65.4997
65.4997
65.4997
65.4997
65.4997
65.4997
65.4997
65.4997
65.4997
65.4997
65.4997
65.4997
65.4997
65.4997
65.4997
65.4997
65.4997
65.4997
65.4997
65.4997
65.4997
65.4997
65.4997
65.4997
65.4997
65.4997
65.4997
65.4997
65.4997
65.4997
65.4997
65.4997
65.4997
65.4997
65.4997
65.4997
65.4997
65.4997
65.4997
65.4997
65.4997
65.4997
65.4997
65.4997
65.4997
65.4997
65.4997
65.4997
65.4997
65.4997
65.4997
65.4997
65.4997
65.4997
65.4997
65.4997
65.4997
65.4997
65.4997
65.4997
65.4997
65.4997
65.4997
65.4997
65.4997
65.4997
65.4997
65.4997
65.4997
65.4997
65.4997
65.4997
65.4997
65.4997
65.4997
65.4997
65.4997
65.4997
65.4997
65.4997
65.4997
65.4997
65.4997
65.4997
65.4997
65.4997
65.4997
65.4997
65.4997
65.4997
65.4997
65.4997
65.4997
65.4997
65.4997
65.4997
65.4997
65.4997
65.4997
65.4997
65.4997
65.4997
65.4997
65.4997
65.4997
65.4997
65.4997
65.4997
65.4997
65.4997
65.4997
65.4997
65.4997
65.4997
65.4997
65.4997
65.4997
65.4997
65.4997
65.4997
65.4997
65.4997
65.4997
65.4997
65.4997
65.4997
65.4997
65.4997
65.4997
65.4997
65.4997
65.4997
65.4997
65.4997
65.4997
65.4997
65.4997
65.4997
65.4997
65.4997
65.4997
65.4997
65.4997
65.4997
65.4997
65.4997
65.4997
65.4997
65.4997
65.4997
65.4997
65.4997
65.4997
65.4997
65.4997
65.4997
65.4997
65.4997
65.4997
65.4997
65.4997
65.4997
65.4997
65.4997
65.4997
65.4997
65.4997
65.4997
65.4997
65.4997
65.4997
65.4997
65.4997
65.4997
65.4997
65.4997
65.4997
65.4997
65.4997
65.4997
65.4997
65.4997
65.4997
65.4997
65.4997
65.4997
65.4997
65.4997
65.4997
65.4997
65.4997
65.4997
65.4997
65.4997
65.4997
65.4997
65.4997
65.4997
65.4997
65.4997
65.4997
65.4997
65.4997
65.4997
65.4997
65.4997
65.4997
65.4997
65.4997
65.4997
65.4997
65.4997
65.4997
65.4997
65.4997
65.4997
65.4997
65.4997
65.4997
65.4997
65.4997
65.4997
65.4997
65.4997
65.4997
65.4997
65.4997
65.4997
65.4997
65.4997
65.4997
65.4997
65.4997
65.4997
65.4997
65.4997
65.4997
65.4997
65.4997
65.4997
65.4997
65.4997
65.4997
65.4997
65.4997
65.4997
65.4997
65.4997
65.4997
65.4997
65.4997
65.4997
65.4997
65.4997
65.4997
65.4997
65.4997
65.4997
65.4997
65.4997
65.4997
65.4997
65.4997
65.4997
65.4997
65.4997
65.4997
65.4997
65.4997
65.4997
65.4997
65.4997
65.4997
65.4997
65.4997
65.4997
65.4997
65.4997
65.4997
65.4997
65.4997
65.4997
65.4997
65.4997
65.4997
65.4997
65.4997
65.4997
65.4997
65.4997
65.4997
65.4997
65.4997
65.4997
65.4997
65.4997
65.4997
65.4997
65.4997
65.4997
65.4997
65.4997
65.4997
65.4997
65.4997
65.4997
65.4997
65.4997
65.4997
65.4997
65.4997
65.4997
65.4997
65.4997
65.4997
65.4997
65.4997
65.4997
65.4997
65.4997
65.4997
65.4997
65.4997
65.4997
65.4997
65.4997
65.4997
65.4997
65.4997
65.4997
65.4997
65.4997
65.4997
65.4997
65.4997
65.4997
65.4997
65.4997
65.4997
65.4997
65.4997
65.4997
65.4997
65.4997
65.4997
65.4997
65.4997
65.4997
65.4997
65.4997
65.4997
65.4997
65.4997
65.4997
65.4997
65.4997
65.4997
65.4997
65.4997
65.4997
65.4997
65.4997
65.4997
65.4997
65.4997
65.4997
65.4997
65.4997
65.4997
65.4997
65.4997
65.4997
65.4997
65.4997
65.4997
65.4997
65.4997
65.4997
65.4997
65.4997
65.4997
65.4997
65.4997
65.4997
65.4997
65.4997
65.4997
65.4997
65.4997
65.4997
65.4997
65.4997
65.4997
65.4997
65.4997
65.4997
65.4997
65.4997
65.4997
65.4997
65.4997
65.4997
65.4997
65.4997
65.4997
65.4997
65.4997
65.4997
65.4997
65.4997
65.4997
65.4997
65.4997
65.4997
65.4997
65.4997
65.4997
65.4997
65.4997
65.4997
65.4997
65.4997
65.4997
65.4997
65.4997
65.4997
65.4997
65.4997
65.4997
65.4997
65.4997
65.4997
65.4997
65.4997
65.4997
65.4997
65.4997
65.4997
65.4997
65.4997
65.4997
65.4997
65.4997
65.4997
65.4997
65.4997
65.4997
65.4997
65.4997
65.4997
65.4997
65.4997
65.4997
65.4997
65.4997
65.4997
65.4997
65.4997
65.4997
65.4997
65.4997
65.4997
65.4997
65.4997
65.4997
65.4997
65.4997
65.4997
65.4997
65.4997
65.4997
65.4997
65.4997
65.4997
65.4997
65.4997
65.4997
65.4997
65.4997
65.4997
65.4997
65.4997
65.4997
65.4997
65.4997
65.4997
65.4997
65.4997
65.4997
65.4997
65.4997
65.4997
65.4997
65.4997
65.4997
65.4997
65.4997
65.4997
65.4997
65.4997
65.4997
65.4997
65.4997
65.4997
65.4997
65.4997
65.4997
65.4997
65.4997
65.4997
65.4997
65.4997
65.4997
65.4997
65.4997
65.4997
65.4997
65.4997
65.4997
65.4997
65.4997
65.4997
65.4997
65.4997
65.4997
65.4997
65.4997
65.4997
65.4997
65.4997
65.4997
65.4997
65.4997
65.4997
65.4997
65.4997
65.4997
65.4997
65.4997
65.4997
65.4997
65.4997
65.4997
65.4997
65.4997
65.4997
65.4997
65.4997
65.4997
65.4997
65.4997
65.4997
65.4997
65.4997
65.4997
65.4997
65.4997
65.4997
65.4997
65.4997
65.4997
65.4997
65.4997
65.4997
65.4997
65.4997
65.4997
65.4997
65.4997
65.4997
65.4997
65.4997
65.4997
65.4997
65.4997
65.4997
65.4997
65.4997
65.4997
65.4997
65.4997
65.4997
65.4997
65.4997
65.4997
65.4997
65.4997
65.4997
65.4997
65.4997
65.4997
65.4997
65.4997
65.4997
65.4997
65.4997
65.4997
65.4997
65.4997
65.4997
65.4997
65.4997
65.4997
65.4997
65.4997
65.4997
65.4997
65.4997
65.4997
65.4997
65.4997
65.4997
65.4997
65.4997
65.4997
65.4997
65.4997
65.4997
65.4997
65.4997
65.4997
65.4997
65.4997
65.4997
65.4997
65.4997
65.4997
65.4997
65.4997
65.4997
65.4997
65.4997
65.4997
65.4997
65.4997
65.4997
65.4997
65.4997
65.4997
65.4997
65.4997
65.4997
65.4997
65.4997
65.4997
65.4997
65.4997
65.4997
65.4997
65.4997
65.4997
65.4997
65.4997
65.4997
65.4997
65.4997
65.4997
65.4997
65.4997
65.4997
65.4997
65.4997
65.4997
65.4997
65.4997
65.4997
65.4997
65.4997
65.4997
65.4997
65.4997
65.4997
65.4997
65.4997
65.4997
65.4997
65.4997
65.4997
65.4997
65.4997
65.4997
65.4997
65.4997
65.4997
65.4997
65.4997
65.4997
65.4997
65.4997
65.4997
65.4997
65.4997
65.4997
65.4997
65.4997
65.4997
65.4997
65.4997
65.4997
65.4997
65.4997
65.4997
65.4997
65.4997
65.4997
65.4997
65.4997
65.4997
65.4997
65.4997
65.4997
65.4997
65.4997
65.4997
65.4997
65.4997
65.4997
65.4997
65.4997
65.4997
65.4997
65.4997
65.4997
65.4997
65.4997
65.4997
65.4997
65.4997
65.4997
65.4997
65.4997
65.4997
65.4997
65.4997
65.4997
65.4997
65.4997
65.4997
65.4997
65.4997
65.4997
65.4997
65.4997
65.4997
65.4997
65.4997
65.4997
65.4997
65.4997
65.4997
65.4997
65.4997
65.4997
65.4997
65.4997
65.4997
65.4997
65.4997
65.4997
65.4997
65.4997
65.4997
65.4997
65.4997
65.4997
65.4997
65.4997
65.4997
65.4997
65.4997
65.4997
65.4997
65.4997
65.4997
65.4997
65.4997
65.4997
65.4997
65.4997
65.4997
65.4997
65.4997
65.4997
65.4997
65.4997
65.4997
65.4997
65.4997
65.4997
65.4997
65.4997
65.4997
65.4997
65.4997
65.4997
65.4997
65.4997
65.4997
65.4997
65.4997
65.4997
65.4997
65.4997
65.4997
65.4997
65.4997
65.4997
65.4997
65.4997
65.4997
65.4997
65.4997
65.4997
65.4997
65.4997
65.4997
65.4997
65.4997
65.4997
65.4997
65.4997
65.4997
65.4997
65.4997
65.4997
65.4997
65.4997
65.4997
65.4997
65.4997
65.4997
65.4997
65.4997
65.4997
65.4997
65.4997
65.4997
65.4997
65.4997
65.4997
65.4997
65.4997
65.4997
65.4997
65.4997
65.4997
65.4997
65.4997
65.4997
65.4997
65.4997
65.4997
65.4997
65.4997
65.4997
65.4997
65.4997
65.4997
65.4997
65.4997
65.4997
65.4997
65.4997
65.4997
65.4997
65.4997
65.4997
65.4997
65.4997
65.4997
65.4997
65.4997
65.4997
65.4997
65.4997
65.4997
65.4997
65.4997
65.4997
65.4997
65.4997
65.4997
65.4997
65.4997
65.4997
65.4997
65.4997
65.4997
65.4997
65.4997
65.4997
65.4997
65.4997
65.4997
65.4997
65.4997
65.4997
65.4997
65.4997
65.4997
65.4997
65.4997
65.4997
65.4997
65.4997
65.4997
65.4997
65.4997
65.4997
65.4997
65.4997
65.4997
65.4997
65.4997
65.4997
65.4997
65.4997
65.4997
65.4997
65.4997
65.4997
65.4997
65.4997
65.4997
65.4997
65.4997
65.4997
65.4997
65.4997
65.4997
65.4997
65.4997
65.4997
65.4997
65.4997
65.4997
65.4997
65.4997
65.4997
65.4997
65.4997
65.4997
65.4997
65.4997
65.4997
65.4997
65.4997
65.4997
65.4997
65.4997
65.4997
65.4997
65.4997
65.4997
65.4997
65.4997
65.4997
65.4997
65.4997
65.4997
65.4997
65.4997
65.4997
65.4997
65.4997
65.4997
65.4997
65.4997
65.4997
65.4997
65.4997
65.4997
65.4997
65.4997
65.4997
65.4997
65.4997
65.4997
65.4997
65.4997
65.4997
65.4997
65.4997
65.4997
65.4997
65.4997
65.4997
65.4997
65.4997
65.4997
65.4997
65.4997
65.4997
65.4997
65.4997
65.4997
65.4997
65.4997
65.4997
65.4997
65.4997
65.4997
65.4997
65.4997
65.4997
65.4997
65.4997
65.4997
65.4997
65.4997
65.4997
65.4997
65.4997
65.4997
65.4997
65.4997
65.4997
65.4997
65.4997
65.4997
65.4997
65.4997
65.4997
65.4997
65.4997
65.4997
65.4997
65.4997
65.4997
65.4997
65.4997
65.4997
65.4997
65.4997
65.4997
65.4997
65.4997
65.4997
65.4997
65.4997
65.4997
65.4997
65.4997
65.4997
65.4997
65.4997
65.4997
65.4997
65.4997
65.4997
65.4997
65.4997
65.4997
65.4997
65.4997
65.4997
65.4997
65.4997
65.4997
65.4997
65.4997
65.4997
65.4997
65.4997
65.4997
65.4997
65.4997
65.4997
65.4997
65.4997
65.4997
65.4997
65.4997
65.4997
65.4997
65.4997
65.4997
65.4997
65.4997
65.4997
65.4997
65.4997
65.4997
65.4997
65.4997
65.4997
65.4997
65.4997
65.4997
65.4997
65.4997
65.4997
65.4997
65.4997
65.4997
65.4997
65.4997
65.4997
65.4997
65.4997
65.4997
65.4997
65.4997
65.4997
65.4997
65.4997
65.4997
65.4997
65.4997
65.4997
65.4997
65.4997
65.4997
65.4997
65.4997
65.4997
65.4997
65.4997
65.4997
65.4997
65.4997
65.4997
65.4997
65.4997
65.4997
65.4997
65.4997
65.4997
65.4997
65.4997
65.4997
65.4997
65.4997
65.4997
65.4997
65.4997
65.4997
65.4997
65.4997
65.4997
65.4997
65.4997
65.4997
65.4997
65.4997
65.4997
65.4997
65.4997
65.4997
65.4997
65.4997
65.4997
65.4997
65.4997
65.4997
65.4997
65.4997
65.4997
65.4997
65.4997
65.4997
65.4997
65.4997
65.4997
65.4997
65.4997
65.4997
65.4997
65.4997
65.4997
65.4997
65.4997
65.4997
65.4997
65.4997
65.4997
65.4997
65.4997
65.4997
65.4997
65.4997
65.4997
65.4997
65.4997
65.4997
65.4997
65.4997
65.4997
65.4997
65.4997
65.4997
65.4997
65.4997
65.4997
65.4997
65.4997
65.4997
65.4997
65.4997
65.4997
65.4997
65.4997
65.4997
65.4997
65.4997
65.4997
65.4997
65.4997
65.4997
65.4997
65.4997
65.4997
65.4997
65.4997
65.4997
65.4997
65.4997
65.4997
65.4997
65.4997
65.4997
65.4997
65.4997
65.4997
65.4997
65.4997
65.4997
65.4997
65.4997
65.4997
65.4997
65.4997
65.4997
65.4997
65.4997
65.4997
65.4997
65.4997
65.4997
65.4997
65.4997
65.4997
65.4997
65.4997
65.4997
65.4997
65.4997
65.4997
65.4997
65.4997
65.4997
65.4997
65.4997
65.4997
65.4997
65.4997
65.4997
65.4997
65.4997
65.4997
65.4997
65.4997
65.4997
65.4997
65.4997
65.4997
65.4997
65.4997
65.4997
65.4997
65.4997
65.4997
65.4997
65.4997
65.4997
65.4997
65.4997
65.4997
65.4997
65.4997
65.4997
65.4997
65.4997
65.4997
65.4997
65.4997
65.4997
65.4997
65.4997
65.4997
65.4997
65.4997
65.4997
65.4997
65.4997
65.4997
65.4997
65.4997
65.4997
65.4997
65.4997
65.4997
65.4997
65.4997
65.4997
65.4997
65.4997
65.4997
65.4997
65.4997
65.4997
65.4997
65.4997
65.4997
65.4997
65.4997
65.4997
65.4997
65.4997
65.4997
65.4997
65.4997
65.4997
65.4997
65.4997
65.4997
65.4997
65.4997
65.4997
65.4997
65.4997
65.4997
65.4997
65.4997
65.4997
65.4997
65.4997
65.4997
65.4997
65.4997
65.4997
65.4997
65.4997
65.4997
65.4997
65.4997
65.4997
65.4997
65.4997
65.4997
65.4997
65.4997
65.4997
65.4997
65.4997
65.4997
65.4997
65.4997
65.4997
65.4997
65.4997
65.4997
65.4997
65.4997
65.4997
65.4997
65.4997
65.4997
65.4997
65.4997
65.4997
65.4997
65.4997
65.4997
65.4997
65.4997
65.4997
65.4997
65.4997
65.4997
65.4997
65.4997
65.4997
65.4997
65.4997
65.4997
65.4997
65.4997
65.4997
65.4997
65.4997
65.4997
65.4997
65.4997
65.4997
65.4997
65.4997
65.4997
65.4997
65.4997
65.4997
65.4997
65.4997
65.4997
65.4997
65.4997
65.4997
65.4997
65.4997
65.4997
65.4997
65.4997
65.4997
65.4997
65.4997
65.4997
65.4997
65.4997
65.4997
65.4997
65.4997
65.4997
65.4997
65.4997
65.4997
65.4997
65.4997
65.4997
65.4997
65.4997
65.4997
65.4997
65.4997
65.4997
65.4997
65.4997
65.4997
65.4997
65.4997
65.4997
65.4997
65.4997
65.4997
65.4997
65.4997
65.4997
65.4997
65.4997
65.4997
65.4997
65.4997
65.4997
65.4997
65.4997
65.4997
65.4997
65.4997
65.4997
65.4997
65.4997
65.4997
65.4997
65.4997
65.4997
65.4997
65.4997
65.4997
65.4997
65.4997
65.4997
65.4997
65.4997
65.4997
65.4997
65.4997
65.4997
65.4997
65.4997
65.4997
65.4997
65.4997
65.4997
65.4997
65.4997
65.4997
65.4997
65.4997
65.4997
65.4997
65.4997
65.4997
65.4997
65.4997
65.4997
65.4997
65.4997
65.4997
65.4997
65.4997
65.4997
65.4997
65.4997
65.4997
65.4997
65.4997
65.4997
65.4997
65.4997
65.4997
65.4997
65.4997
65.4997
65.4997
65.4997
65.4997
65.4997
65.4997
65.4997
65.4997
65.4997
65.4997
65.4997
65.4997
65.4997
65.4997
65.4997
65.4997
65.4997
65.4997
65.4997
65.4997
65.4997
65.4997
65.4997
65.4997
65.4997
65.4997
65.4997
65.4997
65.4997
65.4997
65.4997
65.4997
65.4997
65.4997
65.4997
65.4997
65.4997
65.4997
65.4997
65.4997
65.4997
65.4997
65.4997
65.4997
65.4997
65.4997
65.4997
65.4997
65.4997
65.4997
65.4997
65.4997
65.4997
65.4997
65.4997
65.4997
65.4997
65.4997
65.4997
65.4997
65.4997
65.4997
65.4997
65.4997
65.4997
65.4997
65.4997
65.4997
65.4997
65.4997
65.4997
65.4997
65.4997
65.4997
65.4997
65.4997
65.4997
65.4997
65.4997
65.4997
65.4997
65.4997
65.4997
65.4997
65.4997
65.4997
65.4997
65.4997
65.4997
65.4997
65.4997
65.4997
65.4997
65.4997
65.4997
65.4997
65.4997
65.4997
65.4997
65.4997
65.4997
65.4997
65.4997
65.4997
65.4997
65.4997
65.4997
65.4997
65.4997
65.4997
65.4997
65.4997
65.4997
65.4997
65.4997
65.4997
65.4997
65.4997
65.4997
65.4997
65.4997
65.4997
65.4997
65.4997
65.4997
65.4997
65.4997
65.4997
65.4997
65.4997
65.4997
65.4997
65.4997
65.4997
65.4997
65.4997
65.4997
65.4997
65.4997
65.4997
65.4997
65.4997
65.4997
65.4997
65.4997
65.4997
65.4997
65.4997
65.4997
65.4997
65.4997
65.4997
65.4997
65.4997
65.4997
65.4997
65.4997
65.4997
65.4997
65.4997
65.4997
65.4997
65.4997
65.4997
65.4997
65.4997
65.4997
65.4997
65.4997
65.4997
65.4997
65.4997
65.4997
65.4997
65.4997
65.4997
65.4997
65.4997
65.4997
65.4997
65.4997
65.4997
65.4997
65.4997
65.4997
65.4997
65.4997
65.4997
65.4997
65.4997
65.4997
65.4997
65.4997
65.4997
65.4997
65.4997
65.4997
65.4997
65.4997
65.4997
65.4997
65.4997
65.4997
65.4997
65.4997
65.4997
65.4997
65.4997
65.4997
65.4997
65.4997
65.4997
65.4997
65.4997
65.4997
65.4997
65.4997
65.4997
65.4997
65.4997
65.4997
65.4997
65.4997
65.4997
65.4997
65.4997
65.4997
65.4997
65.4997
65.4997
65.4997
65.4997
65.4997
65.4997
65.4997
65.4997
65.4997
65.4997
65.4997
65.4997
65.4997
65.4997
65.4997
65.4997
65.4997
65.4997
65.4997
65.4997
65.4997
65.4997
65.4997
65.4997
65.4997
65.487
65.4401
65.287
65.287
65.287
65.287
65.287
65.287
65.287
65.287
65.287
65.287
65.287
65.287
65.287
65.287
65.287
65.287
65.287
65.287
65.287
65.287
65.287
65.287
65.287
65.287
65.287
65.287
65.287
65.287
65.287
65.287
65.287
65.287
65.287
65.287
65.287
65.287
65.287
65.287
65.287
65.287
65.287
65.287
65.287
65.287
65.287
65.287
65.287
65.287
65.287
65.287
65.287
65.287
65.287
65.287
65.287
65.287
65.287
65.287
65.287
65.287
65.287
65.287
65.287
65.287
65.287
65.287
65.287
65.287
65.287
65.287
65.287
65.287
65.287
65.287
65.287
65.287
65.287
65.287
65.287
65.287
65.287
65.287
65.287
65.287
65.287
65.287
65.287
65.287
65.287
65.287
65.287
65.287
65.287
65.287
65.287
65.287
65.287
65.287
65.287
65.287
65.287
65.287
65.287
65.287
65.287
65.287
65.287
65.287
65.287
65.287
65.287
65.287
65.287
65.287
65.287
65.287
65.287
65.287
65.287
65.287
65.287
65.287
65.287
65.287
65.287
65.287
65.287
65.287
65.287
65.287
65.287
65.287
65.287
65.287
65.287
65.287
65.287
65.287
65.287
65.287
65.287
65.287
65.287
65.287
65.287
65.287
65.287
65.287
65.287
65.287
65.287
65.287
65.287
65.287
65.287
65.287
65.287
65.287
65.287
65.287
65.287
65.287
65.287
65.287
65.287
65.287
65.287
65.287
65.287
65.287
65.287
65.287
65.287
65.287
65.287
65.287
65.287
65.287
65.287
65.287
65.287
65.287
65.287
65.287
65.287
65.287
65.287
65.287
65.287
65.287
65.287
65.287
65.287
65.287
65.287
65.287
65.287
65.287
65.287
65.287
65.287
65.287
65.287
65.287
65.287
65.287
65.287
65.287
65.287
65.287
65.287
65.287
65.287
65.287
65.287
65.287
65.287
65.287
65.287
65.287
65.287
65.287
65.287
65.287
65.287
65.287
65.287
65.287
65.287
65.287
65.287
65.287
65.287
65.287
65.287
65.287
65.287
65.287
65.287
65.287
65.287
65.287
65.287
65.287
65.287
65.287
65.287
65.287
65.287
65.287
65.287
65.287
65.287
65.287
65.287
65.287
65.287
65.287
65.287
65.287
65.287
65.287
65.287
65.287
65.287
65.287
65.287
65.287
65.287
65.287
65.287
65.287
65.287
65.287
65.287
65.287
65.287
65.287
65.287
65.287
65.287
65.287
65.287
65.287
65.287
65.287
65.287
65.287
65.287
65.287
65.287
65.287
65.287
65.287
65.287
65.287
65.287
65.287
65.287
65.287
65.287
65.287
65.287
65.287
65.287
65.287
65.287
65.287
65.287
65.287
65.287
65.287
65.287
65.287
65.287
65.287
65.287
65.287
65.287
65.287
65.287
65.287
65.287
65.287
65.287
65.287
65.287
65.287
65.287
65.287
65.287
65.287
65.287
65.287
65.287
65.287
65.287
65.287
65.287
65.287
65.287
65.287
65.287
65.287
65.287
65.287
65.287
65.287
65.287
65.287
65.287
65.287
65.287
65.287
65.287
65.287
65.287
65.287
65.287
65.287
65.287
65.287
65.287
65.287
65.287
65.287
65.287
65.287
65.287
65.287
65.287
65.287
65.287
65.287
65.287
65.287
65.287
65.287
65.287
65.287
65.287
65.287
65.287
65.287
65.287
65.287
65.287
65.287
65.287
65.287
65.287
65.287
65.287
65.287
65.287
65.287
65.287
65.287
65.287
65.287
65.287
65.287
65.287
65.287
65.287
65.287
65.287
65.287
65.287
65.287
65.287
65.287
65.287
65.287
65.287
65.287
65.287
65.287
65.287
65.287
65.287
65.287
65.287
65.287
65.287
65.287
65.287
65.287
65.287
65.287
65.287
65.287
65.287
65.287
65.287
65.287
65.287
65.287
65.287
65.287
65.287
65.287
65.287
65.287
65.287
65.287
65.287
65.287
65.287
65.287
65.287
65.287
65.287
65.287
65.287
65.287
65.287
65.287
65.287
65.287
65.287
65.287
65.287
65.287
65.287
65.287
65.287
65.287
65.287
65.287
65.287
65.287
65.287
65.287
65.287
65.287
65.287
65.287
65.287
65.287
65.287
65.287
65.287
65.287
65.287
65.287
65.287
65.287
65.287
65.287
65.287
65.287
65.287
65.287
65.287
65.287
65.287
65.287
65.287
65.287
65.287
65.287
65.287
65.287
65.287
65.287
65.287
65.287
65.287
65.287
65.287
65.287
65.287
65.287
65.287
65.287
65.287
65.287
65.287
65.287
65.287
65.287
65.287
65.287
65.287
65.287
65.287
65.287
65.287
65.287
65.287
65.287
65.287
65.287
65.287
65.287
65.287
65.287
65.287
65.287
65.287
65.287
65.287
65.287
65.287
65.287
65.287
65.287
65.287
65.287
65.287
65.287
65.287
65.287
65.287
65.287
65.287
65.287
65.287
65.287
65.287
65.287
65.287
65.287
65.287
65.287
65.287
65.287
65.287
65.287
65.287
65.287
65.287
65.287
65.287
65.287
65.287
65.287
65.287
65.287
65.287
65.287
65.287
65.287
65.287
65.287
65.287
65.287
65.287
65.287
65.287
65.287
65.287
65.287
65.287
65.287
65.287
65.287
65.287
65.287
65.287
65.287
65.287
65.287
65.287
65.287
65.287
65.287
65.287
65.287
65.287
65.287
65.287
65.287
65.287
65.287
65.287
65.287
65.287
65.287
65.287
65.287
65.287
65.287
65.287
65.287
65.287
65.287
65.287
65.287
65.287
65.287
65.287
65.287
65.287
65.287
65.287
65.287
65.287
65.287
65.287
65.287
65.287
65.287
65.287
65.287
65.287
65.287
65.287
65.287
65.287
65.287
65.287
65.287
65.287
65.287
65.287
65.287
65.287
65.287
65.287
65.287
65.287
65.287
65.287
65.287
65.287
65.287
65.287
65.287
65.287
65.287
65.287
65.287
65.287
65.287
65.287
65.287
65.287
65.287
65.287
65.287
65.287
65.287
65.287
65.287
65.287
65.287
65.287
65.287
65.287
65.287
65.287
65.287
65.287
65.287
65.287
65.287
65.287
65.287
65.287
65.287
65.287
65.287
65.287
65.287
65.287
65.287
65.287
65.287
65.287
65.287
65.287
65.287
65.287
65.287
65.287
65.287
65.287
65.287
65.287
65.287
65.287
65.287
65.287
65.287
65.287
65.287
65.287
65.287
65.287
65.287
65.287
65.287
65.287
65.287
65.287
65.287
65.287
65.287
65.287
65.287
65.287
65.287
65.287
65.287
65.287
65.287
65.287
65.287
65.287
65.287
65.287
65.287
65.287
65.287
65.287
65.287
65.287
65.287
65.287
65.287
65.287
65.287
65.287
65.287
65.287
65.287
65.287
65.287
65.287
65.287
65.287
65.287
65.287
65.287
65.287
65.287
65.287
65.287
65.287
65.287
65.287
65.287
65.287
65.287
65.287
65.287
65.287
65.287
65.287
65.287
65.287
65.287
65.287
65.287
65.287
65.287
65.287
65.287
65.287
65.287
65.287
65.287
65.287
65.287
65.287
65.287
65.287
65.287
65.287
65.287
65.287
65.287
65.287
65.287
65.287
65.287
65.287
65.287
65.287
65.287
65.287
65.287
65.287
65.287
65.287
65.287
65.287
65.287
65.287
65.287
65.287
65.287
65.287
65.287
65.287
65.287
65.287
65.287
65.287
65.287
65.287
65.287
65.287
65.287
65.287
65.287
65.287
65.287
65.287
65.287
65.287
65.287
65.287
65.287
65.287
65.287
65.287
65.287
65.287
65.287
65.287
65.287
65.287
65.287
65.287
65.287
65.287
65.287
65.287
65.287
65.287
65.287
65.287
65.287
65.287
65.287
65.287
65.287
65.287
65.287
65.287
65.287
65.287
65.287
65.287
65.287
65.287
65.287
65.287
65.287
65.287
65.287
65.287
65.287
65.287
65.287
65.287
65.287
65.287
65.287
65.287
65.287
65.287
65.287
65.287
65.287
65.287
65.287
65.287
65.287
65.287
65.287
65.287
65.287
65.287
65.287
65.287
65.287
65.287
65.287
65.287
65.287
65.287
65.287
65.287
65.287
65.287
65.287
65.287
65.287
65.287
65.287
65.287
65.287
65.287
65.287
65.287
65.287
65.287
65.287
65.287
65.287
65.287
65.287
65.287
65.287
65.287
65.287
65.287
65.287
65.287
65.287
65.287
65.287
65.287
65.287
65.287
65.287
65.287
65.287
65.287
65.287
65.287
65.287
65.287
65.287
65.287
65.287
65.287
65.287
65.287
65.287
65.287
65.287
65.287
65.287
65.287
65.287
65.287
65.287
65.287
65.287
65.287
65.287
65.287
65.287
65.287
65.287
65.287
65.287
65.287
65.287
65.287
65.287
65.287
65.287
65.287
65.287
65.287
65.287
65.287
65.287
65.287
65.287
65.287
65.287
65.287
65.287
65.287
65.287
65.287
65.287
65.287
65.287
65.287
65.287
65.287
65.287
65.287
65.287
65.287
65.287
65.287
65.287
65.287
65.287
65.287
65.287
65.287
65.287
65.287
65.287
65.287
65.287
65.287
65.287
65.287
65.287
65.287
65.287
65.287
65.287
65.287
65.287
65.287
65.287
65.287
65.287
65.287
65.287
65.287
65.287
65.287
65.287
65.287
65.287
65.287
65.287
65.287
65.287
65.287
65.287
65.287
65.287
65.287
65.287
65.287
65.287
65.287
65.287
65.287
65.287
65.287
65.287
65.287
65.287
65.287
65.287
65.287
65.287
65.287
65.287
65.287
65.287
65.287
65.287
65.287
65.287
65.287
65.287
65.287
65.287
65.287
65.287
65.287
65.287
65.287
65.287
65.287
65.287
65.287
65.287
65.287
65.287
65.287
65.287
65.287
65.287
65.287
65.287
65.287
65.287
65.287
65.287
65.287
65.287
65.287
65.287
65.287
65.287
65.287
65.287
65.287
65.287
65.287
65.287
65.287
65.287
65.287
65.287
65.287
65.287
65.287
65.287
65.287
65.287
65.287
65.287
65.287
65.287
65.287
65.287
65.287
65.287
65.287
65.287
65.287
65.287
65.287
65.287
65.287
65.287
65.287
65.287
65.287
65.287
65.287
65.287
65.287
65.287
65.287
65.287
65.287
65.287
65.287
65.287
65.287
65.287
65.287
65.287
65.287
65.287
65.287
65.287
65.287
65.287
65.287
65.287
65.287
65.287
65.287
65.287
65.287
65.287
65.287
65.287
65.287
65.287
65.287
65.287
65.287
65.287
65.287
65.287
65.287
65.287
65.287
65.287
65.287
65.287
65.287
65.287
65.287
65.287
65.287
65.287
65.287
65.287
65.287
65.287
65.287
65.287
65.287
65.287
65.287
65.287
65.287
65.287
65.287
65.287
65.287
65.287
65.287
65.287
65.287
65.287
65.287
65.287
65.287
65.287
65.287
65.287
65.287
65.287
65.287
65.287
65.287
65.287
65.287
65.287
65.287
65.287
65.287
65.287
65.287
65.287
65.287
65.287
65.287
65.287
65.287
65.287
65.287
65.287
65.287
65.287
65.287
65.287
65.287
65.287
65.287
65.287
65.287
65.287
65.287
65.287
65.287
65.287
65.287
65.287
65.287
65.287
65.287
65.287
65.287
65.287
65.287
65.287
65.287
65.287
65.287
65.287
65.287
65.287
65.287
65.287
65.287
65.287
65.287
65.287
65.287
65.287
65.287
65.287
65.287
65.287
65.287
65.287
65.287
65.287
65.287
65.287
65.287
65.287
65.287
65.287
65.287
65.287
65.287
65.287
65.287
65.287
65.287
65.287
65.287
65.287
65.287
65.287
65.287
65.287
65.287
65.287
65.287
65.287
65.287
65.287
65.287
65.287
65.287
65.287
65.287
65.287
65.287
65.287
65.287
65.287
65.287
65.287
65.287
65.287
65.287
65.287
65.287
65.287
65.287
65.287
65.287
65.287
65.287
65.287
65.287
65.287
65.287
65.287
65.287
65.287
65.287
65.287
65.287
65.287
65.287
65.287
65.287
65.287
65.287
65.287
65.287
65.287
65.287
65.287
65.287
65.287
65.287
65.287
65.287
65.287
65.287
65.287
65.287
65.287
65.287
65.287
65.287
65.287
65.287
65.287
65.287
65.287
65.287
65.287
65.287
65.287
65.287
65.287
65.287
65.287
65.287
65.287
65.287
65.287
65.287
65.287
65.287
65.287
65.287
65.287
65.287
65.287
65.287
65.287
65.287
65.287
65.287
65.287
65.287
65.287
65.287
65.287
65.287
65.287
65.287
65.287
65.287
65.287
65.287
65.287
65.287
65.287
65.287
65.287
65.287
65.287
65.287
65.287
65.287
65.287
65.287
65.287
65.287
65.287
65.287
65.287
65.287
65.287
65.287
65.287
65.287
65.287
65.287
65.287
65.287
65.287
65.287
65.287
65.287
65.287
65.287
65.287
65.287
65.287
65.287
65.287
65.287
65.287
65.287
65.287
65.287
65.287
65.287
65.287
65.287
65.287
65.287
65.287
65.287
65.287
65.287
65.287
65.287
65.287
65.287
65.287
65.287
65.287
65.287
65.287
65.287
65.287
65.287
65.287
65.287
65.287
65.287
65.287
65.287
65.287
65.287
65.287
65.287
65.287
65.287
65.287
65.287
65.287
65.287
65.287
65.287
65.287
65.287
65.287
65.287
65.287
65.287
65.287
65.287
65.287
65.287
65.287
65.287
65.287
65.287
65.287
65.287
65.287
65.287
65.287
65.287
65.287
65.287
65.287
65.287
65.287
65.287
65.287
65.287
65.287
65.287
65.287
65.287
65.287
65.287
65.287
65.287
65.287
65.287
65.287
65.287
65.287
65.287
65.287
65.287
65.287
65.287
65.287
65.287
65.287
65.287
65.287
65.287
65.287
65.287
65.287
65.287
65.287
65.287
65.287
65.287
65.287
65.287
65.287
65.287
65.287
65.287
65.287
65.287
65.287
65.287
65.287
65.287
65.287
65.287
65.287
65.287
65.287
65.287
65.287
65.287
65.287
65.287
65.287
65.287
65.287
65.287
65.287
65.287
65.287
65.287
65.287
65.287
65.287
65.287
65.287
65.287
65.287
65.287
65.287
65.287
65.287
65.287
65.287
65.287
65.287
65.287
65.287
65.287
65.287
65.287
65.287
65.287
65.287
65.287
65.287
65.287
65.287
65.287
65.287
65.287
65.287
65.287
65.287
65.287
65.287
65.287
65.287
65.287
65.287
65.287
65.287
65.287
65.287
65.287
65.287
65.287
65.287
65.287
65.287
65.287
65.287
65.287
65.287
65.287
65.287
65.287
65.287
65.287
65.287
65.287
65.287
65.287
65.287
65.287
65.287
65.287
65.287
65.287
65.287
65.287
65.287
65.287
65.287
65.287
65.287
65.287
65.287
65.287
65.287
65.287
65.287
65.287
65.287
65.287
65.287
65.287
65.287
65.287
65.287
65.287
65.287
65.287
65.287
65.287
65.287
65.287
65.287
65.287
65.287
65.287
65.287
65.287
65.287
65.287
65.287
65.287
65.287
65.287
65.287
65.287
65.287
65.287
65.287
65.287
65.287
65.287
65.287
65.287
65.287
65.287
65.287
65.287
65.287
65.287
65.287
65.287
65.287
65.287
65.287
65.287
65.287
65.287
65.287
65.287
65.287
65.287
65.287
65.287
65.287
65.287
65.287
65.287
65.287
65.287
65.287
65.287
65.287
65.287
65.287
65.287
65.287
65.287
65.287
65.287
65.287
65.287
65.287
65.287
65.287
65.287
65.287
65.287
65.287
65.287
65.287
65.287
65.287
65.287
65.287
65.287
65.287
65.287
65.287
65.287
65.287
65.287
65.287
65.287
65.287
65.287
65.287
65.287
65.287
65.287
65.287
65.287
65.287
65.287
65.287
65.287
65.287
65.287
65.287
65.287
65.287
65.287
65.287
65.287
65.287
65.287
65.287
65.287
65.287
65.287
65.287
65.287
65.287
65.287
65.287
65.287
65.287
65.287
65.287
65.287
65.287
65.287
65.287
65.287
65.287
65.287
65.287
65.287
65.287
65.287
65.287
65.287
65.287
65.287
65.287
65.287
65.287
65.287
65.287
65.287
65.287
65.287
65.287
65.287
65.287
65.287
65.287
65.287
65.287
65.287
65.287
65.287
65.287
65.287
65.287
65.287
65.287
65.287
65.287
65.287
65.287
65.287
65.287
65.287
65.287
65.287
65.287
65.287
65.287
65.287
65.287
65.287
65.287
65.287
65.287
65.287
65.287
65.287
65.287
65.287
65.287
65.287
65.287
65.287
65.287
65.287
65.287
65.287
65.287
65.287
65.287
65.287
65.287
65.287
65.287
65.287
65.287
65.287
65.287
65.287
65.287
65.287
65.287
65.287
65.287
65.287
65.287
65.287
65.287
65.287
65.287
65.287
65.287
65.287
65.287
65.287
65.287
65.287
65.287
65.287
65.287
65.287
65.287
65.287
65.287
65.287
65.287
65.287
65.287
65.287
65.287
65.287
65.287
65.287
65.287
65.287
65.287
65.287
65.287
65.287
65.287
65.287
65.287
65.287
65.287
65.287
65.287
65.287
65.287
65.287
65.287
65.287
65.287
65.287
65.287
65.287
65.287
65.287
65.287
65.287
65.287
65.287
65.287
65.287
65.287
65.287
65.287
65.287
65.287
65.287
65.287
65.287
65.287
65.287
65.287
65.287
65.287
65.287
65.287
65.287
65.287
65.287
65.287
65.287
65.287
65.287
65.287
65.287
65.287
65.287
65.287
65.287
65.287
65.287
65.287
65.287
65.287
65.287
65.287
65.287
65.287
65.287
65.287
65.287
65.287
65.287
65.287
65.287
65.287
65.287
65.287
65.287
65.287
65.287
65.287
65.287
65.287
65.287
65.287
65.287
65.287
65.287
65.287
65.287
65.287
65.287
65.287
65.287
65.287
65.287
65.287
65.287
65.287
