# best half averages
2593.42
2416.14
2290.25
2190.12
2088.88
1996
1879.93
1692.77
1657.99
1602.1
1524.61
1428.07
1368.49
1325
1272.81
1237.21
1205.46
1185.98
1169.03
1148.74
1131.94
1103.46
1104.08
1048.79
1008.08
978.653
939.174
907.333
891.562
860.664
854.006
839.207
794.715
763.534
751.472
745.168
723.989
709.776
703.202
694.559
685.536
675.763
667.424
662.741
658.536
648.829
645.898
644.016
639.831
632.94
627.928
620.898
641.446
620.159
601.156
593.132
591.398
584.494
581.893
579.827
567.247
557.269
552.504
548.178
547.488
545.576
540.607
536.87
536.295
542.73
532.315
514.124
501.507
496.761
480.891
489.932
488.857
470.409
467.578
470.194
458.329
451.912
441.53
441.276
440.618
436.611
435.166
433.54
427.392
425.01
420.557
412.953
403.661
402.89
399.374
389.877
390.744
399.432
385.267
368.157
364.276
359.049
350.68
346.494
333.681
323.822
321.613
315.548
313.458
307.793
304.962
303.7
298.949
291.409
290.289
287.295
284.878
282.246
277.329
276.401
274.674
273.622
272.218
268.043
265.07
263.654
262.471
261.126
260.266
258.582
258.275
258.954
257.395
256.475
255.324
255.645
254.118
253.201
252.825
252.006
250.789
245.646
244.912
259.792
234.6
233.265
229.721
227.258
224.962
222.067
220.131
218.173
216.519
214.594
213.34
209.623
207.277
208.412
205.796
205.133
203.168
202.215
201.864
200.84
200.673
199.949
200.328
194.632
191.822
191.795
191.606
190.643
190.192
189.661
188.602
187.742
186.714
186.209
184.848
184.737
184.737
184.689
184.643
189.693
184.419
182.531
189.603
181.92
182.623
181.957
181.873
181.776
180.824
182.359
185.333
180.845
180.768
180.358
180.358
180.357
180.352
180.232
179.998
179.331
177.291
174.422
175.045
162.9
162.784
162.183
161.735
161.66
161.375
160.992
162.481
160.353
159.828
159.828
159.789
159.702
159.27
157.896
157.896
157.856
157.817
157.737
157.526
155.916
155.916
155.916
155.916
155.916
155.916
155.916
155.916
155.916
155.916
155.916
155.907
155.865
155.749
155.243
153.845
153.565
152.692
152.255
152.224
152.008
151.001
150.712
150.705
150.705
150.591
150.884
150.876
149.704
148.93
147.106
155.45
138.768
134.788
132.321
132.321
132.301
132.272
132.159
131.793
131.398
131.775
131.252
131.861
129.57
128.874
128.145
128.145
128.145
128.081
128.063
127.884
127.499
127.127
125.951
124.765
124.41
123.478
123.243
122.702
122.093
122.046
121.984
121.982
121.973
121.943
121.876
121.876
121.836
121.755
121.232
119.865
119.865
119.865
119.865
119.865
119.789
127.907
129.979
119.105
118.046
117.941
117.675
117.148
115.56
112.335
111.516
110.503
110.007
109.806
110.073
109.287
109.287
109.287
109.033
108.683
107.57
106.892
106.957
106.904
106.809
106.803
106.695
106.577
106.058
105.531
107.392
104.32
103.915
102.736
102.611
102.19
101.498
100.077
97.7517
97.6606
97.2562
96.608
96.4118
95.9949
95.2199
94.636
94.3007
94.1026
93.865
93.7442
93.4408
92.8968
92.8821
92.8379
92.7554
92.7554
92.7554
92.6852
92.582
92.0197
91.6301
91.6301
91.6301
91.5518
91.4395
90.892
89.4865
89.4271
89.4271
89.4075
89.3684
89.0947
88.3697
88.157
87.442
87.0382
86.7268
86.3006
86.2879
86.2879
86.2118
86.0468
85.6661
85.6661
85.612
85.5578
85.5947
85.6119
85.4947
85.2028
84.913
84.6435
84.3509
84.0185
83.7281
83.1956
82.7759
82.7759
82.7759
82.7312
82.627
82.5771
82.0313
82.0313
82.0313
82.0313
82.0313
82.0313
82.0313
82.0313
82.0313
81.9831
81.9101
82.5714
81.4282
81.4282
81.4289
81.4289
81.4289
81.4289
81.3249
81.1896
80.6838
80.098
80.1286
80.1286
80.0442
79.9291
79.5301
79.1855
79.0154
78.5715
78.5213
78.4343
78.3176
78.2072
77.94
77.7009
81.6235
77.5364
76.3911
76.3911
76.3911
76.3911
76.3911
76.3911
76.3911
76.3911
76.3911
76.3911
76.3911
76.3911
76.3911
76.3911
76.3911
76.3911
76.3544
76.3177
79.1683
76.6712
75.768
75.7622
76.2559
75.7257
75.6411
75.1742
74.722
74.722
74.6087
74.3822
73.7026
73.5894
73.5894
73.5774
73.5346
73.4953
73.4319
73.3789
72.9659
73.7059
79.2341
73.1447
76.0693
72.8214
72.8214
72.8214
72.8214
72.8214
72.8214
72.8214
72.8214
72.8214
72.8214
72.8214
72.8214
72.8214
72.8214
72.8214
72.8214
72.8214
72.8169
72.8078
72.7751
72.719
72.5569
72.5381
72.542
72.5122
72.4675
72.3631
71.9384
71.7964
71.7964
71.7964
71.7964
71.7964
71.7964
71.7964
71.7964
71.7569
71.6447
71.4666
71.4666
71.4666
71.4666
71.4507
71.4092
71.3071
71.2489
71.1034
70.8172
70.8222
70.8222
70.8222
70.8222
70.8222
70.8222
70.8222
70.8222
70.8222
70.8222
70.8222
70.8222
70.8222
70.8102
70.8102
70.7982
70.8102
70.7742
70.6782
70.4622
70.2223
70.2223
70.2223
70.2223
70.2184
70.2203
70.2223
70.2184
70.2145
70.2027
70.3716
70.1188
70.1131
70.0958
70.0736
70.0694
70.0494
70.0243
70.0243
70.0243
70.0243
70.0243
70.0243
70.0243
70.0243
70.0243
70.0243
70.0243
70.0243
70.0243
70.0243
70.0243
70.0243
70.0243
70.0243
70.0243
70.0243
70.0243
70.0243
70.0243
70.0243
70.0243
70.0243
70.0243
70.0243
70.0243
70.0243
70.0243
70.0193
70.0193
70.0243
70.0243
70.0077
69.9727
69.9005
69.9005
69.9005
69.9005
69.9005
69.9005
69.9005
69.9005
69.9005
69.9005
69.9005
69.9005
69.9005
69.8961
69.8939
69.8873
70.0271
69.8698
72.1867
69.7909
69.7909
69.7909
69.7909
69.7909
69.7909
69.7909
69.7909
69.7909
69.7909
69.7909
69.7909
69.7909
69.7909
69.7909
69.7909
69.7909
69.7909
69.7909
69.7909
69.7909
69.7909
69.7909
69.7909
69.7909
69.7909
69.7909
69.7909
69.7909
69.7909
69.7909
69.7909
69.7909
69.7909
69.7909
69.7909
69.7909
69.7909
69.7909
69.7909
69.7909
69.7909
69.7252
69.4952
68.9036
68.1478
68.1478
68.1478
68.1478
68.1478
68.1478
68.1478
68.1478
68.1478
68.1478
68.1478
68.1478
68.1478
68.1418
68.1297
68.0935
67.9306
67.8461
67.8461
67.8461
67.8461
67.8099
67.8461
67.8461
67.828
67.8461
67.8461
67.8461
67.8461
67.8461
67.8461
67.8461
67.8461
67.8461
67.8461
67.8461
67.7838
67.833
67.8461
67.8461
67.8461
67.8461
67.815
70.7503
67.8461
67.8461
67.8461
67.8349
67.7486
69.6111
67.7682
67.6348
67.3478
67.2901
67.2901
67.2901
67.2901
67.2372
67.2901
67.2901
67.2901
67.2901
67.2901
67.1843
67.2372
67.2372
67.3149
67.2901
67.2901
67.2901
67.2901
67.2901
67.2901
67.2901
67.2901
67.2901
67.2901
67.2901
67.1804
67.1804
67.2352
67.2901
67.2901
67.2901
67.2901
67.2901
67.2901
67.2901
67.2901
67.281
67.2629
67.2376
67.149
66.6531
66.5721
67.3832
66.1924
64.7944
64.5324
64.5324
64.5324
64.5324
64.5324
64.5324
64.5324
64.5324
64.5324
64.5324
64.5324
64.5324
64.5324
64.5324
64.5324
64.5324
64.4622
64.3685
64.1109
63.3579
63.3619
63.3619
63.3619
63.3619
63.3619
63.3619
63.3619
63.3619
63.3619
63.3619
63.3619
63.3619
63.3619
63.3619
63.3619
63.3619
63.3619
63.3619
63.3619
63.3619
63.3619
63.3619
63.3619
63.3619
63.3619
63.3619
63.3619
63.3619
63.3619
63.3619
63.3619
63.3619
63.3619
63.3619
63.3619
63.3619
63.3619
63.3619
63.3349
63.2911
63.1935
63.1935
63.1935
63.1935
63.1935
63.1935
63.1935
63.1935
63.1935
63.1935
63.1935
63.1935
63.1935
63.1935
63.1935
63.1935
63.1935
63.1935
63.1935
63.1875
63.1845
63.1575
63.0525
63.0435
63.0435
63.0423
63.0383
63.0259
63.0235
63.0235
63.0235
63.0235
63.0235
63.0235
63.0163
63.0163
63.009
62.9438
64.4107
62.6974
62.6611
62.6611
62.6611
62.6611
62.6611
62.6611
62.6611
62.6611
62.6611
62.6611
62.6611
62.6611
62.6611
62.6611
62.6611
67.8522
62.6611
77.8223
63.0727
64.4672
77.7191
62.9953
62.6611
62.6611
62.6611
62.6611
62.6611
62.6611
62.6611
62.6611
62.6611
62.6611
62.6611
62.6611
62.6611
62.6611
62.6611
62.6611
62.6611
62.6611
62.6611
62.6611
62.6611
62.6611
62.6611
62.6611
62.6611
62.6611
62.6611
62.6611
62.6611
62.6611
62.6611
62.6611
62.6611
62.6611
62.6611
62.6611
62.6611
62.6611
62.6354
62.5761
62.5727
66.0164
62.6709
62.018
62.018
62.018
62.018
62.018
62.018
62.018
62.018
62.018
62.018
62.018
62.018
62.018
62.018
62.018
62.018
62.018
62.018
62.018
62.013
62.018
62.018
62.018
62.018
62.018
62.018
62.018
62.018
62.018
62.018
62.018
62.018
62.0154
62.0128
61.9923
61.9588
61.8894
61.8894
61.8894
61.8894
61.8894
61.8894
61.8894
61.8894
61.8894
61.8894
61.8894
61.8894
61.8894
61.8894
61.8894
61.8894
61.8832
61.8863
61.8894
61.8894
61.8894
61.8894
61.8894
61.8894
61.8894
61.8894
61.8894
61.8894
61.8894
61.8894
61.8894
61.8894
61.8894
61.8894
61.8894
61.8894
61.8894
61.8894
61.8894
61.8894
61.8894
61.8894
61.8894
61.8894
61.8894
61.8894
61.8894
61.8894
61.8894
61.8894
61.8894
61.8894
61.8863
61.8894
61.8894
61.8894
61.8894
61.8894
61.8832
61.8824
61.8894
61.8894
61.8894
61.8894
61.8894
61.8894
61.8805
61.8695
63.7713
61.8776
61.8518
65.6076
61.8658
61.8619
62.8171
62.8822
61.7055
61.6928
61.6928
61.6928
61.6928
61.6928
61.6928
61.6928
61.6928
61.6928
61.6928
61.6928
61.6928
61.6928
61.6928
61.6928
61.6928
61.6928
61.6928
61.6928
61.6928
61.6928
61.6928
61.6928
61.6928
61.6928
61.6928
61.6928
61.6928
61.6928
61.6928
61.6928
61.6928
61.6928
61.6928
61.6928
61.6928
61.6928
61.6928
61.6928
61.6928
61.6928
61.6928
61.6928
61.6928
61.6928
61.6928
61.6928
61.6928
61.6928
61.6928
61.6928
61.6928
61.6928
61.6928
61.6928
61.6928
61.6928
61.6928
61.6928
61.6928
61.6928
61.6928
61.6928
61.6928
61.6928
61.6928
61.6928
61.6928
61.6928
61.6928
61.6928
61.6928
61.6928
61.6928
61.6846
61.6928
61.6928
61.6928
61.6928
61.6928
61.6928
61.6928
61.6928
61.6928
61.6928
61.6928
61.6928
61.6928
61.6928
61.6928
61.6928
61.6928
61.6928
61.6928
61.6928
61.6928
61.6928
61.6928
61.6928
61.6928
61.6928
61.6928
61.6928
61.6928
61.6928
61.6928
61.6928
61.6928
61.6928
61.6928
61.6928
61.6928
61.6928
61.6856
61.6784
61.6712
61.6676
61.6849
61.6533
64.6885
62.5884
61.4027
61.1059
61.089
61.089
61.089
61.089
61.089
61.089
61.089
61.089
61.089
61.089
61.089
61.089
61.089
61.089
61.089
61.089
61.089
61.089
61.089
61.089
61.089
61.089
61.089
61.089
61.089
61.089
61.089
61.089
61.0851
61.0851
61.0812
61.0499
61.0343
60.9561
60.8936
60.8936
60.8936
60.8936
60.8936
60.8936
60.8936
60.8936
60.8936
60.8936
60.8936
60.8936
60.8936
60.8936
60.8936
60.8936
60.8936
60.8936
60.8936
60.8936
60.8936
60.8936
60.8936
60.8936
60.8936
60.8936
60.8936
60.8936
60.8936
60.8936
60.8936
60.887
60.8826
60.887
60.8693
60.823
60.7833
60.7833
60.7833
60.7833
60.7833
60.7833
60.7833
60.7833
60.7833
60.7833
60.7833
60.7833
60.7833
60.7833
60.7833
60.7833
60.7833
60.7833
60.7833
60.7833
60.7833
60.7833
60.7833
60.7833
60.7833
60.7833
60.7833
60.7833
60.7833
60.7833
60.7833
60.7833
60.7833
60.7833
60.7833
60.7833
60.7833
60.7833
60.7833
60.7833
60.7833
60.7833
60.7833
60.7833
60.7833
60.7833
60.7833
60.7833
60.7833
60.7833
60.7833
60.7833
60.7833
60.7833
60.7833
60.7833
60.7833
60.7833
60.7833
60.7833
60.7833
60.7833
60.7833
60.7833
60.7833
60.7833
60.7833
60.7833
60.7833
60.7833
60.7833
60.7833
60.7833
60.7833
60.7833
60.7833
60.7833
60.7833
60.7833
60.7833
60.7833
60.7833
60.7833
60.7833
60.7833
60.7833
60.7833
60.7833
60.7833
60.7833
60.7833
60.7833
60.7833
60.7833
60.7833
60.7833
60.7833
60.7833
60.7833
60.7833
60.7833
60.7833
60.7833
60.7833
60.7833
60.7833
60.7833
60.7833
60.7833
60.7833
60.7833
60.7833
60.7833
60.7833
60.7833
60.7833
60.7833
60.7833
60.7833
60.7833
60.7833
60.7833
60.7833
60.7833
60.7833
60.7833
60.7833
60.7833
60.7833
60.7833
60.7833
60.7833
60.7833
60.7833
60.7833
60.7833
60.7833
60.7833
60.7833
60.7833
60.7833
60.7833
60.7833
60.7833
60.7833
60.7833
60.7833
60.7833
60.7833
60.7833
60.7833
60.7643
60.7166
60.6308
60.383
60.3067
60.3067
60.3067
60.3067
60.3067
60.3067
60.3067
60.3067
60.3067
60.3067
60.3067
60.3067
60.3067
60.3067
60.3067
60.3067
60.3067
60.3067
60.3067
60.3067
60.3067
60.3067
60.3067
60.3067
60.3067
60.3067
60.3067
60.3067
60.3067
60.3067
60.3067
60.3067
60.3067
60.3067
60.3067
60.3067
60.3067
60.3067
60.2998
60.2928
60.2719
60.2168
60.0701
59.9588
59.9588
59.9588
59.9588
59.9549
59.9588
59.9588
59.9588
59.9588
59.9588
59.9588
59.9588
59.9588
59.9588
59.9588
59.9588
59.9588
59.9588
59.9588
59.9588
59.9588
59.9588
59.9588
59.9588
59.9588
59.9588
59.9588
59.9588
59.9588
59.9588
59.9588
59.9588
59.9588
59.9588
59.9588
59.9588
59.9588
59.9588
59.9588
59.9588
59.9588
59.9588
59.9588
59.9588
59.9588
59.9588
59.9588
59.9588
59.9588
59.9588
59.9588
59.9588
59.9588
59.9588
59.9588
59.9588
59.9588
59.9588
59.9588
59.9588
59.9588
59.9588
59.9588
59.9588
59.9588
59.9588
59.9588
59.9588
59.9588
59.9588
59.9588
59.9588
59.9588
59.9588
59.9588
60.3179
59.9588
59.9588
59.9588
59.9588
59.9588
59.9588
59.9588
59.9588
59.9588
59.9588
59.9588
59.9588
59.9588
59.9588
59.9588
59.9588
59.9588
59.9588
59.9588
59.9588
59.9588
59.9588
59.9588
59.9588
59.9588
59.9588
59.9588
59.9588
59.9549
59.9588
59.9588
59.9588
59.9588
59.9588
59.9588
59.9588
59.9588
59.9588
59.9588
59.9588
59.9588
59.9588
59.9588
59.9588
59.9588
59.9588
59.9588
59.9588
59.9588
59.9588
59.9588
59.9588
59.9588
59.9588
59.9588
59.9588
59.9588
59.9588
59.9588
59.9588
59.9588
59.9588
59.9588
59.9588
59.9588
59.9588
59.9588
59.9588
59.9588
59.9588
59.9588
59.9588
59.9588
59.9588
59.9588
59.9588
59.9588
59.9588
59.9588
59.9588
59.9588
59.9588
59.9588
59.9588
59.9588
59.9588
59.9588
59.9588
59.9588
59.9588
59.9588
59.9588
59.9588
59.9588
59.9588
59.9588
59.9588
59.9588
59.9588
59.9588
59.9588
59.9588
59.9588
59.9588
59.9588
59.9509
59.9431
59.9783
59.9588
59.9588
59.9588
59.9588
59.9588
59.9588
59.9588
59.9588
59.9588
59.9588
59.9588
59.9588
59.9588
59.9588
59.9588
59.9588
59.9549
59.9588
59.9588
59.9588
59.9588
59.9588
59.9588
59.9588
59.9588
59.9588
59.9588
59.9588
59.9588
59.9588
59.9588
59.9588
59.9588
59.9588
59.9588
59.9588
59.9588
59.9588
59.9588
59.9588
59.9588
59.9588
59.9588
59.9588
59.9588
59.9588
59.9588
59.9588
59.9588
59.9588
59.9588
59.9588
59.9588
59.9588
59.9588
59.9588
59.9588
59.9588
59.9588
59.9588
59.9588
59.9588
59.9588
59.9588
59.9588
59.9588
59.9588
59.9588
59.9588
59.9588
59.9588
59.9588
59.9588
59.9588
59.9588
59.9588
59.9588
59.9588
59.9588
59.9588
59.9588
59.9549
59.9588
59.9588
59.9588
59.9588
59.9588
59.9588
59.9588
59.9588
59.9588
59.9588
59.9588
59.9588
59.9588
59.9588
59.9588
59.9588
59.9588
59.9588
59.9588
59.9588
59.9588
59.9588
59.9588
59.9588
59.9588
59.9588
59.9588
59.9588
59.9588
59.9588
59.9588
59.9588
59.9588
59.9588
59.9588
59.9588
59.9588
59.9588
59.9588
59.9588
59.9588
59.9164
59.8316
59.5603
59.5348
59.5348
59.5348
59.5348
59.5348
59.5348
59.5348
59.5348
59.5348
59.5348
59.5348
59.5348
59.5348
59.5348
59.5348
59.5348
59.5348
59.5348
59.5348
59.5348
59.5348
59.5348
59.5348
59.5348
59.5348
59.5348
59.5348
59.5348
59.5348
59.5348
59.5348
59.5348
59.5348
59.5348
59.5348
59.5348
59.5348
59.5348
59.5348
59.5348
59.5348
59.5348
59.5348
59.5348
59.5348
59.5348
59.5348
59.5348
59.5348
59.5348
59.5348
59.5348
59.5348
59.5348
59.5309
59.5348
59.5348
59.5348
59.5348
59.5348
59.5348
59.5348
59.5309
59.5348
59.5348
59.5348
59.5348
59.5309
59.5348
59.5348
59.5348
59.5348
59.5348
59.5348
59.5348
59.5348
59.5348
59.5348
59.5348
59.5348
59.5348
59.5348
59.5348
59.5348
59.5348
59.5348
59.5348
59.5348
59.5309
59.5348
59.5348
59.5348
59.5348
59.5348
59.5348
59.5348
59.5348
59.5348
59.5348
59.5348
59.5348
59.5348
59.5348
59.5348
59.5348
59.5348
59.5348
59.5348
59.5348
59.5348
59.5348
59.5348
59.5348
59.5348
59.5348
59.5348
59.5348
59.5348
59.5348
59.5348
59.5348
59.5348
59.5348
59.5348
59.5348
59.5348
59.5348
59.5348
59.5348
59.5348
59.5348
59.5348
59.5348
59.5348
59.5348
59.5348
59.5348
59.5348
59.5348
59.5348
59.5348
59.5348
59.5348
59.5348
59.5348
59.5348
59.5348
59.5348
59.5348
59.5348
59.5348
59.5348
59.5348
59.5348
59.5348
59.5348
59.5348
59.5348
59.5348
59.5348
59.5348
59.5348
59.5348
59.5348
59.5348
59.5348
59.5348
59.5348
59.5348
59.5348
59.5348
59.5348
59.5348
59.5348
59.5348
59.5348
59.5348
59.5348
59.5348
59.5348
59.5348
59.5348
59.5348
59.5348
59.5348
59.5348
59.5348
59.5348
59.5348
59.5348
59.5348
59.5348
59.5348
59.5348
59.5348
59.5348
59.5348
59.5348
59.5348
59.5348
59.5348
59.5348
59.5348
59.5348
59.5348
59.5348
59.5348
59.5348
59.5348
59.5348
59.5348
59.5348
59.5348
59.5348
59.5348
59.5348
59.5348
59.5348
59.5348
59.5348
59.5348
59.5348
59.5348
59.5348
59.5348
59.5348
59.5348
59.5348
59.5348
59.5348
59.5348
59.5348
59.5348
59.5348
59.5348
59.5348
59.5348
59.5348
59.5348
59.5348
59.5348
59.5348
59.5348
59.5348
59.5348
59.5348
59.5348
59.5348
59.5348
59.5348
59.5348
59.5348
59.5348
59.5348
59.5348
59.5348
59.5348
59.5348
59.5348
59.5348
59.5348
59.5348
59.5348
59.5348
59.5348
59.5348
59.5348
59.5348
59.5348
59.5348
59.5348
59.5348
59.5348
59.5348
59.5348
59.5348
59.5348
59.5348
59.5348
59.5309
59.5348
59.5348
59.5348
59.5348
59.5348
59.5348
59.5348
59.5348
59.5348
59.5348
59.5313
59.5313
59.5278
59.5313
59.5348
59.5348
59.5348
59.5348
59.5348
59.5348
59.5348
59.5348
59.5348
59.5348
59.5348
59.5348
59.5348
59.5348
59.5348
59.5348
59.5348
59.5348
59.5348
59.5348
59.5348
59.5348
59.5348
59.5348
59.5348
59.5348
59.5348
59.5348
59.5348
59.5348
59.5348
59.5348
59.5348
59.5348
59.5348
59.5348
59.5348
59.5348
59.5348
59.5348
59.5348
59.5348
59.5348
59.5348
59.5348
59.5348
59.5348
59.5348
59.5348
59.5348
59.5348
59.5348
59.5348
59.5348
59.5348
59.5348
59.5348
59.5348
59.5348
59.5348
59.5348
59.5348
59.5348
59.5348
59.5348
59.5348
59.5309
59.5348
59.5348
59.5348
59.5348
59.5348
59.5309
59.5309
59.5348
59.5348
59.5348
59.5348
59.5348
59.5348
59.5348
59.5348
59.5348
59.5348
59.5348
59.5348
59.5348
59.5348
59.5348
59.5348
59.5348
59.5348
59.5348
59.5348
59.5348
59.5348
59.5348
59.5348
59.5348
59.5348
59.5348
59.5348
59.527
61.3205
59.5348
59.5348
59.5348
59.5348
59.527
59.5309
59.527
59.5191
59.5348
59.5348
59.5348
59.5348
59.5348
59.527
59.5348
59.5348
59.5348
59.5348
59.5348
59.5309
59.5348
59.5348
59.5348
59.5348
59.5348
59.5348
59.5348
59.5348
59.5048
59.5348
59.5348
59.5198
59.5348
59.5348
59.4897
59.8287
59.5348
59.5048
59.5348
59.5348
59.5348
59.5348
59.5348
59.5348
59.5348
59.5348
59.5348
59.5348
59.5348
59.5348
59.5348
59.5348
59.5348
59.5348
59.5348
59.5348
59.5348
59.5348
59.5348
59.5348
59.5348
59.5348
59.5348
59.5348
59.5348
59.5348
59.5348
59.5348
59.5348
59.5348
59.5348
59.5348
59.5348
59.5348
59.5348
59.5348
59.5348
59.5348
59.5348
59.5348
59.5348
59.5348
59.5048
62.6667
59.5348
59.5348
59.5348
59.5348
59.5348
59.5348
59.5348
59.5348
59.5348
59.5348
59.5348
59.5348
59.5348
59.5348
59.5348
59.5348
59.5348
59.5348
59.5348
59.5348
59.5348
59.5348
59.5048
59.5348
59.5348
59.5348
59.5348
59.5348
59.4897
59.5348
59.5348
59.4747
59.4597
60.0274
59.5198
59.5348
59.5348
59.5348
59.5348
59.5348
59.5348
59.5348
59.5348
59.5348
59.5348
59.5348
59.5348
59.5348
59.5348
59.5348
59.5348
59.5348
59.5348
59.5348
59.5348
59.5198
59.5048
59.5198
59.5348
59.5348
59.5348
59.5048
59.5048
59.5198
59.5048
59.485
59.5348
59.5348
59.5348
59.5348
59.5348
59.5348
59.5348
59.5048
59.5198
59.5348
59.5348
59.5348
59.5348
59.5198
59.5198
59.4747
59.5048
59.5348
59.5348
59.5198
59.5348
59.5348
59.5198
59.5048
59.5348
59.5348
59.5348
59.5348
59.5348
59.5348
59.5348
59.5348
59.5348
59.5348
59.5048
59.4897
59.4897
59.5348
59.5348
59.5348
59.5348
59.5348
59.5348
59.5048
59.5198
59.5048
59.3845
76.358
64.4871
75.3546
60.5658
59.5348
59.5348
59.5348
59.5348
59.5048
59.5048
59.4897
59.506
65.8454
59.5348
59.5198
59.5348
59.5348
59.5348
59.5348
59.5348
59.5048
59.4897
59.5348
59.5348
59.5348
59.5348
59.5348
59.5348
59.5348
59.5348
59.5348
59.5348
59.5348
59.5348
59.5348
59.4897
59.5048
59.5348
59.5198
59.5198
59.5348
59.5348
59.5348
59.5348
59.5348
59.5348
59.5348
59.5048
59.4897
59.5348
59.5198
59.5048
59.5048
59.5198
59.5348
59.5348
59.5539
59.5348
59.5348
59.5048
59.4897
62.2087
59.7819
59.5841
59.4897
59.581
59.8546
59.5048
59.5198
59.5348
59.5348
59.5348
59.5348
59.5348
59.5348
59.5348
59.5348
59.5198
59.5348
59.5348
59.5348
59.5348
59.5348
59.5348
59.5348
59.5348
59.5348
59.5348
59.5348
59.5348
59.5348
59.5348
59.4597
61.4299
69.6939
59.596
68.4482
59.9894
58.7834
58.7834
58.7834
58.7834
58.7834
58.7834
58.7834
58.7834
58.7834
58.7834
58.7834
58.7834
58.7834
58.7834
58.7834
58.7834
58.7834
58.7834
58.7834
58.7834
58.7834
58.7834
58.7834
58.7834
58.7834
58.7834
58.7834
58.7834
58.7834
58.7834
58.7834
58.7834
58.7834
58.7834
58.7834
58.7834
58.7834
58.7834
58.7834
58.7834
58.7834
58.7834
58.7834
58.7834
58.7834
58.7834
58.7834
58.7834
58.7834
58.7834
58.7834
58.7834
58.7834
58.7834
58.7834
58.7834
58.7834
58.7834
58.7834
58.7834
58.7834
58.7834
58.7834
58.7834
58.7834
58.7834
58.7834
58.7834
58.7834
58.7834
58.7834
58.7834
58.7834
58.7834
58.7834
58.7834
58.7834
58.7834
58.7834
58.7834
58.7834
58.7834
58.7834
58.7834
58.7834
58.7834
58.7834
58.7834
58.7834
58.7834
58.7834
58.7834
58.7834
58.7834
58.7834
58.7834
58.7834
58.7834
58.7834
58.7834
58.7834
58.7834
58.7834
58.7834
58.7834
58.7834
58.7834
58.7834
58.7834
58.7834
58.7834
58.7834
58.7834
58.7834
58.7834
58.7834
58.7834
58.7834
58.7834
58.7834
58.7834
58.7834
58.7834
58.7834
58.7834
58.7834
58.7834
58.7834
58.7834
58.7834
58.7834
58.7834
58.7834
58.7834
58.7834
58.7834
58.7834
58.7834
58.7834
58.7834
58.7834
58.7834
58.7834
58.7834
58.7834
58.7834
58.7834
58.7834
58.7834
58.7834
58.7834
58.7834
58.7834
58.7834
58.7834
58.7834
58.7834
58.7834
58.7834
58.7834
58.7834
58.7834
58.7834
58.7834
58.7834
58.7834
58.7834
58.7834
58.7834
58.7834
58.7834
58.7834
58.7834
58.7834
58.7834
58.7834
58.7834
58.7834
58.7834
58.7834
58.7834
58.7834
58.7834
58.7834
58.7834
58.7834
58.7834
58.7834
58.7834
58.7834
58.7834
58.7834
58.7834
58.7834
58.7834
58.7834
58.7834
58.7834
58.7834
58.7834
58.7834
58.7834
58.7834
58.7834
58.7834
58.7834
58.7834
58.7834
58.7834
58.7834
58.7834
58.7834
58.7834
58.7834
58.7834
58.7834
58.7834
58.7834
58.7834
58.7834
58.7834
58.7834
58.7834
58.7834
58.7834
58.7834
58.7834
58.7834
58.7834
58.7834
58.7834
58.7834
58.7834
58.7834
58.7834
58.7834
58.7834
58.7834
58.7834
58.7834
58.7834
58.7834
58.7834
58.7834
58.7834
58.7834
58.7834
58.7834
58.7834
58.7834
58.7834
58.7834
58.7834
58.7834
58.7834
58.7834
58.7834
58.7834
58.7834
58.7834
58.7834
58.7834
58.7834
58.7834
58.7834
58.7834
58.7834
58.7834
58.7834
58.7834
58.7834
58.7834
58.7834
58.7834
58.7834
58.7834
58.7834
58.7834
58.7834
58.7834
58.7834
58.7834
58.7834
58.7834
58.7834
58.7834
58.7834
58.7834
58.7834
58.7834
58.7834
58.7834
58.7834
58.7834
58.7834
58.7834
58.7834
58.7834
58.7834
58.7834
58.7834
58.7834
58.7834
58.7834
58.7834
58.7834
58.7834
58.7834
58.7834
58.7834
58.7834
58.7834
58.7834
58.7834
58.7834
58.7834
58.7834
58.7834
58.7834
58.7834
58.7834
58.7834
58.7834
58.7834
58.7834
58.7834
58.7834
58.7834
58.7834
58.7834
58.7834
58.7834
58.7834
58.7834
58.7834
58.7834
58.7834
58.7834
58.7834
58.7834
58.7834
58.7834
58.7834
58.7834
58.7834
58.7834
58.7834
58.7834
58.7834
58.7834
58.7834
58.7834
58.7834
58.7834
58.7834
58.7834
58.7834
58.7834
58.7834
58.7834
58.7834
58.7834
58.7834
58.7834
58.7834
58.7834
58.7834
58.7834
58.7834
58.7834
58.7834
58.7834
58.7834
58.7834
58.7834
58.7834
58.7834
58.7834
58.7834
58.7834
58.7834
58.7834
58.7834
58.7834
58.7834
58.7834
58.7834
58.7834
58.7834
58.7834
58.7834
58.7834
58.7834
58.7834
58.7834
58.7834
58.7834
58.7834
58.7834
58.7834
58.7834
58.7834
58.7834
58.7834
58.7834
58.7834
58.7834
58.7834
58.7834
58.7834
58.7834
58.7834
58.7834
58.7834
58.7834
58.7834
58.7834
58.7834
58.7834
58.7834
58.7834
58.7834
58.7834
58.7834
58.7834
58.7834
58.7834
58.7834
58.7834
58.7834
58.7834
58.7834
58.7834
58.7834
58.7834
58.7834
58.7834
58.7834
58.7834
58.7834
58.7834
58.7834
58.7834
58.7834
58.7834
58.7834
58.7834
58.7834
58.7834
58.7834
58.7834
58.7834
58.7834
58.7834
58.7834
58.7834
58.7834
58.7834
58.7834
58.7834
58.7834
58.7834
58.7834
58.7834
58.7834
58.7834
58.7834
58.7834
58.7834
58.7834
58.7834
58.7834
58.7834
58.7834
58.7834
58.7834
58.7834
58.7834
58.7834
58.7834
58.7834
58.7834
58.7834
58.7834
58.7834
58.7834
58.7834
58.7834
58.7834
58.7834
58.7834
58.7834
58.7834
58.7834
58.7834
58.7834
58.7834
58.7834
58.7834
58.7834
58.7834
58.7834
58.7834
58.7834
58.7834
58.7834
58.7834
58.7834
58.7834
58.7834
58.7834
58.7834
58.7834
58.7834
58.7834
58.7834
58.7834
58.7834
58.7834
58.7834
58.7834
58.7834
58.7834
58.7834
58.7834
58.7834
58.7834
58.7834
58.7834
58.7834
58.7834
58.7834
58.7834
58.7834
58.7834
58.7834
58.7834
58.7834
58.7834
58.7834
58.7834
58.7834
58.7834
58.7834
58.7834
58.7834
58.7834
58.7834
58.7834
58.7834
58.7834
58.7834
58.7834
58.7834
58.7834
58.7834
58.7834
58.7834
58.7834
58.7834
58.7834
58.7834
58.7834
58.7834
58.7834
58.7834
58.7834
58.7834
58.7834
58.7834
58.7834
58.7834
58.7834
58.7834
58.7834
58.7834
58.7834
58.7834
58.7834
58.7834
58.7834
58.7834
58.7834
58.7834
58.7834
58.7834
58.7834
58.7834
58.7834
58.7834
58.7834
58.7834
58.7834
58.7834
58.7834
58.7834
58.7834
58.7834
58.7834
58.7834
58.7834
58.7834
58.7834
58.7834
58.7834
58.7834
58.7834
58.7834
58.7834
58.7834
58.7834
58.7834
58.7834
58.7834
58.7834
58.7834
58.7834
58.7834
58.7834
58.7834
58.7834
58.7834
58.7834
58.7834
58.7834
58.7834
58.7834
58.7834
58.7834
58.7834
58.7834
58.7834
58.7834
58.7834
58.7834
58.7834
58.7834
58.7834
58.7834
58.7834
58.7834
58.7834
58.7834
58.7834
58.7834
58.7834
58.7834
58.7834
58.7834
58.7834
58.7834
58.7834
58.7834
58.7834
58.7834
58.7834
58.7834
58.7834
58.7834
58.7834
58.7834
58.7834
58.7834
58.7834
58.7834
58.7834
58.7834
58.7834
58.7834
58.7834
58.7834
58.7834
58.7834
58.7834
58.7834
58.7834
58.7834
58.7834
58.7834
58.7834
58.7834
58.7834
58.7834
58.7834
58.7834
58.7834
58.7834
58.7834
58.7834
58.7834
58.7834
58.7834
58.7834
58.7834
58.7834
58.7834
58.7834
58.7834
58.7834
58.7834
58.7834
58.7834
58.7834
58.7834
58.7834
58.7834
58.7834
58.7834
58.7834
58.7834
58.7834
58.7834
58.7834
58.7834
58.7834
58.7834
58.7834
58.7834
58.7834
58.7834
58.7834
58.7834
58.7834
58.7834
58.7834
58.7834
58.7834
58.7834
58.7834
58.7834
58.7834
58.7834
58.7834
58.7834
58.7834
58.7834
58.7834
58.7834
58.7834
58.7834
58.7834
58.7834
58.7834
58.7834
58.7834
58.7834
58.7834
58.7834
58.7834
58.7834
58.7834
58.7834
58.7834
58.7834
58.7834
58.7834
58.7834
58.7834
58.7834
58.7834
58.7834
58.7834
58.7834
58.7834
58.7834
58.7834
58.7834
58.7834
58.7834
58.7834
58.7834
58.7834
58.7834
58.7834
58.7834
58.7834
58.7834
58.7834
58.7834
58.7834
58.7834
58.7834
58.7834
58.7834
58.7834
58.7834
58.7834
58.7834
58.7834
58.7834
58.7834
58.7834
58.7834
58.7834
58.7834
58.7834
58.7834
58.7834
58.7834
58.7834
58.7834
58.7834
58.7834
58.7834
58.7834
58.7834
58.7834
58.7834
58.7834
58.7834
58.7834
58.7834
58.7834
58.7834
58.7834
58.7834
58.7834
58.7834
58.7834
58.7834
58.7834
58.7834
58.7834
58.7834
58.7834
58.7834
58.7834
58.7834
58.7834
58.7834
58.7834
58.7834
58.7834
58.7834
58.7834
58.7834
58.7834
58.7834
58.7834
58.7834
58.7834
58.7834
58.7834
58.7834
58.7834
58.7834
58.7834
58.7834
58.7834
58.7834
58.7834
58.7834
58.7834
58.7834
58.7834
58.7834
58.7834
58.7834
58.7834
58.7834
58.7834
58.7834
58.7834
58.7834
58.7834
58.7834
58.7834
58.7834
58.7834
58.7834
58.7834
58.7834
58.7834
58.7834
58.7834
58.7834
58.7834
58.7834
58.7834
58.7834
58.7834
58.7834
58.7834
58.7834
58.7834
58.7834
58.7834
58.7834
58.7834
58.7834
58.7834
58.7834
58.7834
58.7834
58.7834
58.7834
58.7834
58.7834
58.7834
58.7834
58.7834
58.7834
58.7834
58.7834
58.7834
58.7834
58.7834
58.7834
58.7834
58.7834
58.7834
58.7834
58.7834
58.7834
58.7834
58.7834
58.7834
58.7834
58.7834
58.7834
58.7834
58.7834
58.7834
58.7834
58.7834
58.7834
58.7834
58.7834
58.7834
58.7834
58.7834
58.7834
58.7834
58.7834
58.7834
58.7834
58.7834
58.7834
58.7834
58.7834
58.7834
58.7834
58.7834
58.7834
58.7834
58.7834
58.7834
58.7834
58.7834
58.7834
58.7834
58.7834
58.7834
58.7834
58.7834
58.7834
58.7834
58.7834
58.7834
58.7834
58.7834
58.7834
58.7834
58.7834
58.7834
58.7834
58.7834
58.7834
58.7834
58.7834
58.7834
58.7834
58.7834
58.7834
58.7834
58.7834
58.7834
58.7834
58.7834
58.7834
58.7834
58.7834
58.7834
58.7834
58.7834
58.7834
58.7834
58.7834
58.7834
58.7834
58.7834
58.7834
58.7834
58.7834
58.7834
58.7834
58.7834
58.7834
58.7834
58.7834
58.7834
58.7834
58.7834
58.7834
58.7834
58.7834
58.7834
58.7834
58.7834
58.7834
58.7834
58.7834
58.7834
58.7834
58.7834
58.7834
58.7834
58.7834
58.7834
58.7834
58.7834
58.7834
58.7834
58.7834
58.7834
58.7834
58.7834
58.7834
58.7834
58.7834
58.7834
58.7834
58.7834
58.7834
58.7834
58.7834
58.7834
58.7834
58.7834
58.7834
58.7834
58.7834
58.7834
58.7834
58.7834
58.7834
58.7834
58.7834
58.7834
58.7834
58.7834
58.7834
58.7834
58.7834
58.7834
58.7834
58.7834
58.7834
58.7834
58.7834
58.7834
58.7834
58.7834
58.7834
58.7834
58.7834
58.7834
58.7834
58.7834
58.7834
58.7834
58.7834
58.7834
58.7834
58.7834
58.7834
58.7834
58.7834
58.7834
58.7834
58.7834
58.7834
58.7834
58.7834
58.7834
58.7834
58.7834
58.7834
58.7834
58.7834
58.7834
58.7834
58.7834
58.7834
58.7834
58.7834
58.7834
58.7834
58.7834
58.7834
58.7834
58.7834
58.7834
58.7834
58.7834
58.7834
58.7834
58.7834
58.7834
58.7834
58.7834
58.7834
58.7834
58.7834
58.7834
58.7834
58.7834
58.7834
58.7834
58.7834
58.7834
58.7834
58.7834
58.7834
58.7834
58.7834
58.7834
58.7834
58.7834
58.7834
58.7834
58.7834
58.7834
58.7834
58.7834
58.7834
58.7834
58.7834
58.7834
58.7834
58.7834
58.7834
58.7834
58.7834
58.7834
58.7834
58.7834
58.7834
58.7834
58.7834
58.7834
58.7834
58.7834
58.7834
58.7834
58.7834
58.7834
58.7834
58.7834
58.7834
58.7834
58.7834
58.7834
58.7834
58.7834
58.7834
58.7834
58.7834
58.7834
58.7834
58.7834
58.7834
58.7834
58.7834
58.7834
58.7834
58.7834
58.7834
58.7834
58.7834
58.7834
58.7834
58.7834
58.7834
58.7834
58.7834
58.7834
58.7834
58.7834
58.7834
58.7834
58.7834
58.7834
58.7834
58.7834
58.7834
58.7834
58.7834
58.7834
58.7834
58.7834
58.7834
58.7834
58.7834
58.7834
58.7834
58.7834
58.7834
58.7834
58.7834
58.7834
58.7834
58.7834
58.7834
58.7834
58.7834
58.7834
58.7834
58.7834
58.7834
58.7834
58.7834
58.7834
58.7834
58.7834
58.7834
58.7834
58.7834
58.7834
58.7834
58.7834
58.7834
58.7834
58.7834
58.7834
58.7834
58.7834
58.7834
58.7834
58.7834
58.7834
58.7834
58.7834
58.7834
58.7834
58.7834
58.7834
58.7834
58.7834
58.7834
58.7834
58.7834
58.7834
58.7834
58.7834
58.7834
58.7834
58.7834
58.7834
58.7834
58.7834
58.7834
58.7834
58.7834
58.7834
58.7834
58.7834
58.7834
58.7834
58.7834
58.7834
58.7834
58.7834
58.7834
58.7834
58.7834
58.7834
58.7834
58.7834
58.7834
58.7834
58.7834
58.7834
58.7834
58.7834
58.7834
58.7834
58.7834
58.7834
58.7834
58.7834
58.7834
58.7834
58.7834
58.7834
58.7834
58.7834
58.7834
58.7834
58.7834
58.7834
58.7834
58.7834
58.7834
58.7834
58.7834
58.7834
58.7834
58.7834
58.7834
58.7834
58.7834
58.7834
58.7834
58.7834
58.7834
58.7834
58.7834
58.7834
58.7834
58.7834
58.7834
58.7834
58.7834
58.7834
58.7834
58.7834
58.7834
58.7834
58.7834
58.7834
58.7834
58.7834
58.7834
58.7834
58.7834
58.7834
58.7834
58.7834
58.7834
58.7834
58.7834
58.7834
58.7834
58.7834
58.7834
58.7834
58.7834
58.7834
58.7834
58.7834
58.7834
58.7834
58.7834
58.7834
58.7834
58.7834
58.7834
58.7834
58.7834
58.7834
58.7834
58.7834
58.7834
58.7834
58.7834
58.7834
58.7834
58.7834
58.7834
58.7834
58.7834
58.7834
58.7834
58.7834
58.7834
58.7834
58.7834
58.7834
58.7834
58.7834
58.7834
58.7834
58.7834
58.7834
58.7834
58.7834
58.7834
58.7834
58.7834
58.7834
58.7834
58.7834
58.7834
58.7834
58.7834
58.7834
58.7834
58.7834
58.7834
58.7834
58.7834
58.7834
58.7834
58.7834
58.7834
58.7834
58.7834
58.7834
58.7834
58.7834
58.7834
58.7834
58.7834
58.7834
58.7834
58.7834
58.7834
58.7834
58.7834
58.7834
58.7834
58.7834
58.7834
58.7834
58.7834
58.7834
58.7834
58.7834
58.7834
58.7834
58.7834
58.7834
58.7834
58.7834
58.7834
58.7834
58.7834
58.7834
58.7834
58.7834
58.7834
58.7834
58.7834
58.7834
58.7834
58.7834
58.7834
58.7834
58.7834
58.7834
58.7834
58.7834
58.7834
58.7834
58.7834
58.7834
58.7834
58.7834
58.7834
58.7834
58.7834
58.7834
58.7834
58.7834
58.7834
58.7834
58.7834
58.7834
58.7834
58.7834
58.7834
58.7834
58.7834
58.7834
58.7834
58.7834
58.7834
58.7834
58.7834
58.7834
58.7834
58.7834
58.7834
58.7834
58.7834
58.7834
58.7834
58.7834
58.7834
58.7834
58.7834
58.7834
58.7834
58.7834
58.7834
58.7834
58.7834
58.7834
58.7834
58.7834
58.7834
58.7834
58.7834
58.7834
58.7834
58.7834
58.7834
58.7834
58.7834
58.7834
58.7834
58.7834
58.7834
58.7834
58.7834
58.7834
58.7834
58.7834
58.7834
58.7834
58.7834
58.7834
58.7834
58.7834
58.7834
58.7834
58.7834
58.7834
58.7834
58.7834
58.7834
58.7834
58.7834
58.7834
58.7834
58.7834
58.7834
58.7834
58.7834
58.7834
58.7834
58.7834
58.7834
58.7834
58.7834
58.7834
58.7834
58.7834
58.7834
58.7834
58.7834
58.7834
58.7834
58.7834
58.7834
58.7834
58.7834
58.7834
58.7834
58.7834
58.7834
58.7834
58.7834
58.7834
58.7834
58.7834
58.7834
58.7834
58.7834
58.7834
58.7834
58.7834
58.7834
58.7834
58.7834
58.7834
58.7834
58.7834
58.7834
58.7834
58.7834
58.7834
58.7834
58.7834
58.7834
58.7834
58.7834
59.4537
58.7834
58.7834
58.7834
58.7834
58.7834
58.7834
58.7834
58.7834
58.7834
58.7834
58.7834
58.7834
58.7834
58.7834
58.7834
58.7834
58.7834
58.7834
58.7834
58.7834
58.7834
58.7834
58.7834
58.7834
58.7834
58.7834
58.7834
58.7834
58.7834
58.7834
58.7834
58.7834
58.7834
58.7834
58.7834
58.7834
58.7834
58.7834
58.7834
58.7834
58.7834
58.7834
58.7834
58.7834
58.7834
58.7834
58.7834
58.7834
58.7834
58.7834
58.7834
58.7834
58.7834
58.7834
58.7834
58.7834
58.7834
58.7834
58.7834
58.7834
58.7834
58.7834
58.7834
58.7834
58.7834
58.7834
58.7834
58.7834
58.7834
58.7834
58.7834
58.7834
58.7834
58.7834
58.7834
58.7834
58.7834
58.7834
58.7834
58.7834
58.7834
58.7834
58.7834
58.7834
58.7834
58.7834
58.7834
58.7834
58.7834
58.7834
58.7834
58.7834
58.7834
58.7834
58.7834
58.7834
58.7834
58.7834
58.7834
58.7834
58.7834
58.7834
58.7834
58.7834
58.7834
58.7834
58.7834
58.7834
58.7834
58.7834
58.7834
58.7834
58.7834
58.7834
58.7834
58.7834
58.7834
58.7834
58.7834
58.7834
58.7834
58.7834
58.7834
58.7834
58.7834
58.7834
58.7834
58.7834
58.7834
58.7834
58.7834
58.7834
58.7834
58.7834
58.7834
58.7834
58.7834
58.7834
58.7834
58.7834
58.7834
58.7834
58.7834
58.7834
58.7834
58.7834
58.7834
58.7834
58.7834
58.7834
58.7834
58.7834
58.7834
58.7834
58.7834
58.7834
58.7834
58.7834
58.7834
58.7834
58.7834
58.7834
58.7834
58.7834
58.7834
58.7834
58.7834
58.7834
58.7834
58.7834
58.7834
58.7834
58.7834
58.7834
58.7834
58.7834
58.7834
58.7834
58.7834
58.7834
58.7834
58.7834
58.7834
58.7834
58.7834
58.7834
58.7834
58.7834
58.7834
58.7834
58.7834
58.7834
58.7834
58.7834
58.7834
58.7834
58.7834
58.7834
58.7834
58.7834
58.7834
58.7834
58.7834
58.7834
58.7834
58.7834
58.7834
58.7834
58.7834
58.7834
58.7834
58.7834
58.7834
58.7834
58.7834
58.7834
58.7834
58.7834
58.7834
58.7834
58.7834
58.7834
58.7834
58.7834
58.7834
58.7834
58.7834
58.7834
58.7834
58.7834
58.7834
58.7834
58.7834
58.7834
58.7834
58.7834
58.7834
58.7834
58.7834
58.7834
58.7834
58.7834
58.7834
58.7834
58.7834
58.7834
58.7834
58.7834
58.7834
58.7834
58.7834
58.7834
58.7834
58.7834
58.7834
58.7834
58.7834
58.7834
58.7834
58.7834
58.7834
58.7834
58.7834
58.7834
58.7834
58.7834
58.7834
58.7834
58.7834
58.7834
58.7834
58.7834
58.7834
58.7834
58.7834
58.7834
58.7834
58.7834
58.7834
58.7834
58.7834
58.7834
58.7834
58.7834
58.7834
58.7834
58.7834
58.7834
58.7834
58.7834
58.7834
58.7834
58.7834
58.7834
58.7834
58.7834
58.7834
58.7834
58.7834
58.7834
58.7834
58.7834
58.7834
58.7834
58.7834
58.7834
58.7834
58.7834
58.7834
58.7834
58.7834
58.7834
58.7834
58.7834
58.7834
58.7834
58.7834
58.7834
58.7834
58.7834
58.7834
58.7834
58.7834
58.7834
58.7834
58.7834
58.7834
58.7834
58.7834
58.7834
58.7834
58.7834
58.7834
58.7834
58.7834
58.7834
58.7834
58.7834
58.7834
58.7834
58.7834
58.7834
58.7834
58.7834
58.7834
58.7834
58.7834
58.7834
58.7834
58.7834
58.7834
58.7834
58.7834
58.7834
58.7834
58.7834
58.7834
58.7834
58.7834
58.7834
58.7834
58.7834
58.7834
58.7834
58.7834
58.7834
58.7834
58.7834
58.7834
58.7834
58.7834
58.7834
58.7834
58.7834
58.7834
58.7834
58.7834
58.7834
58.7834
58.7834
58.7834
58.7834
58.7834
58.7834
58.7834
58.7834
58.7834
58.7834
58.7834
58.7834
58.7834
58.7834
58.7834
58.7834
58.7834
58.7834
58.7834
58.7834
58.7834
58.7834
58.7834
58.7834
58.7834
58.7834
58.7834
58.7834
58.7834
58.7834
58.7834
58.7834
58.7834
58.7834
58.7834
58.7834
58.7834
58.7834
58.7834
58.7834
58.7834
58.7834
58.7834
58.7834
58.7834
58.7834
58.7834
58.7834
58.7834
58.7834
58.7834
58.7834
58.7834
58.7834
58.7834
58.7834
58.7834
58.7834
58.7834
58.7834
58.7834
58.7834
58.7834
58.7834
58.7834
58.7834
58.7834
58.7834
58.7834
58.7834
58.7834
58.7834
58.7834
58.7834
58.7834
58.7834
58.7834
58.7834
58.7834
58.7834
58.7834
58.7834
58.7834
58.7834
58.7834
58.7834
58.7834
58.7834
58.7834
58.7834
58.7834
58.7834
58.7834
58.7834
58.7834
58.7834
58.7834
58.7834
58.7834
58.7834
58.7834
58.7834
58.7834
58.7834
58.7834
58.7834
58.7834
58.7834
58.7834
58.7834
58.7834
58.7834
58.7834
58.7834
58.7834
58.7834
58.7834
58.7834
58.7834
58.7834
58.7834
58.7834
58.7834
58.7834
58.7834
58.7834
58.7834
58.7834
58.7834
58.7834
58.7834
58.7834
58.7834
58.7834
58.7834
58.7834
58.7834
58.7834
58.7834
58.7834
58.7834
58.7834
58.7834
58.7834
58.7834
58.7834
58.7834
58.7834
58.7834
58.7834
58.7834
58.7834
58.7834
58.7834
58.7834
58.7834
58.7834
58.7834
58.7834
58.7834
58.7834
58.7834
58.7834
58.7834
58.7834
58.7834
58.7834
58.7834
58.7834
58.7834
58.7834
58.7834
58.7834
58.7834
58.7834
58.7834
58.7834
58.7834
58.7834
58.7834
58.7834
58.7834
58.7834
58.7834
58.7834
58.7834
58.7834
58.7834
58.7834
58.7834
58.7834
58.7834
58.7834
58.7834
58.7834
58.7834
58.7834
58.7834
58.7834
58.7834
58.7834
58.7834
58.7834
58.7834
58.7834
58.7834
58.7834
58.7834
58.7834
58.7834
58.7834
58.7834
58.7834
58.7834
58.7834
58.7834
58.7834
58.7834
58.7834
58.7834
58.7834
58.7834
58.7834
58.7834
58.7834
58.7834
58.7834
58.7834
58.7834
58.7834
58.7834
58.7834
58.7834
58.7834
58.7834
58.7834
58.7834
58.7834
58.7834
58.7834
58.7834
58.7834
58.7834
58.7834
58.7834
58.7834
58.7834
58.7834
58.7834
58.7834
58.7834
58.7834
58.7834
58.7834
58.7834
58.7834
58.7834
58.7834
58.7834
58.7834
58.7834
58.7834
58.7834
58.7834
58.7834
58.7834
58.7834
58.7834
58.7834
58.7834
58.7834
58.7834
58.7834
58.7834
58.7834
58.7834
58.7834
58.7834
58.7834
58.7834
58.7834
58.7834
58.7834
58.7834
58.7834
58.7834
58.7834
58.7834
58.7834
58.7834
58.7834
58.7834
58.7834
58.7834
58.7834
58.7834
58.7834
58.7834
58.7834
58.7834
58.7834
58.7834
58.7834
58.7834
58.7834
58.7834
58.7834
58.7834
58.7834
58.7834
58.7834
58.7834
58.7834
58.7834
58.7834
58.7834
58.7834
58.7834
58.7834
58.7834
58.7834
58.7834
58.7834
58.7834
58.7834
58.7834
58.7834
58.7834
58.7834
58.7834
58.7834
58.7834
58.7834
58.7834
58.7834
58.7834
58.7834
58.7834
58.7834
58.7834
58.7834
58.7834
58.7834
58.7834
58.7834
58.7834
58.7834
58.7834
58.7834
58.7834
58.7834
58.7834
58.7834
58.7834
58.7834
58.7834
58.7834
58.7834
58.7834
58.7834
58.7834
58.7834
58.7834
58.7834
58.7834
58.7834
58.7834
58.7834
58.7834
58.7834
58.7834
58.7834
58.7834
58.7834
58.7834
58.7834
58.7834
58.7834
58.7834
58.7834
58.7834
58.7834
58.7834
58.7834
58.7834
58.7834
58.7834
58.7834
58.7834
58.7834
58.7834
58.7834
58.7834
58.7834
58.7834
58.7834
58.7834
58.7834
58.7834
58.7834
58.7834
58.7834
58.7834
58.7834
58.7834
58.7834
58.7834
58.7834
58.7834
58.7834
58.7834
58.7834
58.7834
58.7834
58.7834
58.7834
58.7834
58.7834
58.7834
58.7834
58.7834
58.7834
58.7834
58.7834
58.7834
58.7834
58.7834
58.7834
58.7834
58.7834
58.7834
58.7834
58.7834
58.7834
58.7834
58.7834
58.7834
58.7834
58.7834
58.7834
58.7834
58.7834
58.7834
58.7834
58.7834
58.7834
58.7834
58.7834
58.7834
58.7834
58.7834
58.7834
58.7834
58.7834
58.7834
58.7834
58.7834
58.7834
58.7834
58.7834
58.7834
58.7834
58.7834
58.7834
58.7834
58.7834
58.7834
58.7834
58.7834
58.7834
58.7834
58.7834
58.7834
58.7834
58.7834
58.7834
58.7834
58.7834
58.7834
58.7834
58.7834
58.7834
58.7834
58.7834
58.7834
58.7834
58.7834
58.7834
58.7834
58.7834
58.7834
58.7834
58.7834
58.7834
58.7834
58.7834
58.7834
58.7834
58.7834
58.7834
58.7834
58.7834
58.7834
58.7834
58.7834
58.7834
58.7834
58.7834
58.7834
58.7834
58.7834
58.7834
58.7834
58.7834
58.7834
58.7834
58.7834
58.7834
58.7834
58.7834
58.7834
58.7834
58.7834
58.7834
58.7834
58.7834
58.7834
58.7834
58.7834
58.7834
58.7834
58.7834
58.7834
58.7834
58.7834
58.7834
58.7834
58.7834
58.7834
58.7834
58.7834
58.7834
58.7834
58.7834
58.7834
58.7834
58.7834
58.7834
58.7834
58.7834
58.7834
58.7834
58.7834
58.7834
58.7834
58.7834
58.7834
58.7834
58.7834
58.7834
58.7834
58.7834
58.7834
58.7834
58.7834
58.7834
58.7834
58.7834
58.7834
58.7834
58.7834
58.7834
58.7834
58.7834
58.7834
58.7834
58.7834
58.7834
58.7834
58.7834
58.7834
58.7834
58.7834
58.7834
58.7834
58.7834
58.7834
58.7834
58.7834
58.7834
58.7834
58.7834
58.7834
58.7834
58.7834
58.7834
58.7834
58.7834
58.7834
58.7834
58.7834
58.7834
58.7834
58.7834
58.7834
58.7834
58.7834
58.7834
58.7834
58.7834
58.7834
58.7834
58.7834
58.7834
58.7834
58.7834
58.7834
58.7834
58.7834
58.7834
58.7834
58.7834
58.7834
58.7834
58.7834
58.7834
58.7834
58.7834
58.7834
58.7834
58.7834
58.7834
58.7834
58.7834
58.7834
58.7834
58.7834
58.7834
58.7834
58.7834
58.7834
58.7834
58.7834
58.7834
58.7834
58.7834
58.7834
58.7834
58.7834
58.7834
58.7834
58.7834
58.7834
58.7834
58.7834
58.7834
58.7834
58.7834
58.7834
58.7834
58.7834
58.7834
58.7834
58.7834
58.7834
58.7834
58.7834
58.7834
58.7834
58.7834
58.7834
58.7834
58.7834
58.7834
58.7834
58.7834
58.7834
58.7834
58.7834
58.7834
58.7834
58.7834
58.7834
58.7834
58.7834
58.7834
58.7834
58.7834
58.7834
58.7834
58.7834
58.7834
58.7834
58.7834
58.7834
58.7834
58.7834
58.7834
58.7834
58.7834
58.7834
58.7834
58.7834
58.7834
58.7834
58.7834
58.7834
58.7834
58.7834
58.7834
58.7834
58.7834
58.7834
58.7834
58.7834
58.7834
58.7834
58.7834
58.7834
58.7834
58.7834
58.7834
58.7834
58.7834
58.7834
58.7834
58.7834
58.7834
58.7834
58.7834
58.7834
58.7834
58.7834
58.7834
58.7834
58.7834
58.7834
58.7834
58.7834
58.7834
58.7834
58.7834
58.7834
58.7834
58.7834
58.7834
58.7834
58.7834
58.7834
58.7834
58.7834
58.7834
58.7834
58.7834
58.7834
58.7834
58.7834
58.7834
58.7834
58.7834
58.7834
58.7834
58.7834
58.7834
58.7834
58.7834
58.7834
58.7834
58.7834
58.7834
58.7834
58.7834
58.7834
58.7834
58.7834
58.7834
58.7834
58.7834
58.7834
58.7834
58.7834
58.7834
58.7834
58.7834
58.7834
58.7834
58.7834
58.7834
58.7834
58.7834
58.7834
58.7834
58.7834
58.7834
58.7834
58.7834
58.7834
58.7834
58.7834
58.7834
58.7834
58.7834
58.7834
58.7834
58.7834
58.7834
58.7834
58.7834
58.7834
58.7834
58.7834
58.7834
58.7834
58.7834
58.7834
58.7834
58.7834
58.7834
58.7834
58.7834
58.7834
58.7834
58.7834
58.7834
58.7834
58.7834
58.7834
58.7834
58.7834
58.7834
58.7834
58.7834
58.7834
58.7834
58.7834
58.7834
58.7834
58.7834
58.7834
58.7834
58.7834
58.7834
58.7834
58.7834
58.7834
58.7834
58.7834
58.7834
58.7834
58.7834
58.7834
58.7834
58.7834
58.7834
58.7834
58.7834
58.7834
58.7834
58.7834
58.7834
58.7834
58.7834
58.7834
58.7834
58.7834
58.7834
58.7834
58.7834
58.7834
58.7834
58.7834
58.7834
58.7834
58.7834
58.7834
58.7834
58.7834
58.7834
58.7834
58.7834
58.7834
58.7834
58.7834
58.7834
58.7834
58.7834
58.7834
58.7834
58.7834
58.7834
58.7834
58.7834
58.7834
58.7834
58.7834
58.7834
58.7834
58.7834
58.7834
58.7834
58.7834
58.7834
58.7834
58.7834
58.7834
58.7834
58.7834
58.7834
58.7834
58.7834
58.7834
58.7834
58.7834
58.7834
58.7834
58.7834
58.7834
58.7834
58.7834
58.7834
58.7834
58.7834
58.7834
58.7834
58.7834
58.7834
58.7834
58.7834
58.7834
58.7834
58.7834
58.7834
58.7834
58.7834
58.7834
58.7834
58.7834
58.7834
58.7834
58.7834
58.7834
58.7834
58.7834
58.7834
58.7834
58.7834
58.7834
58.7834
58.7834
58.7834
58.7834
58.7834
58.7834
58.7834
58.7834
58.7834
58.7834
58.7834
58.7834
58.7834
58.7834
58.7834
58.7834
58.7834
58.7834
58.7834
58.7834
58.7834
58.7834
58.7834
58.7834
58.7834
58.7834
58.7834
58.7834
58.7834
58.7834
58.7834
58.7834
58.7834
58.7834
58.7834
58.7834
58.7834
58.7834
58.7834
58.7834
58.7834
58.7834
58.7834
58.7834
58.7834
58.7834
58.7834
58.7834
58.7834
58.7834
58.7834
58.7834
58.7834
58.7834
58.7834
58.7834
58.7834
58.7834
58.7834
58.7834
58.7834
58.7834
58.7834
58.7834
58.7834
58.7834
58.7834
58.7834
58.7834
58.7834
58.7834
58.7834
58.7834
58.7834
58.7834
58.7834
58.7834
58.7834
58.7834
58.7834
58.7834
58.7834
58.7834
58.7834
58.7834
58.7834
58.7834
58.7834
58.7834
58.7834
58.7834
58.7834
58.7834
58.7834
58.7834
58.7834
58.7834
58.7834
58.7834
58.7834
58.7834
58.7834
58.7834
58.7834
58.7834
58.7834
58.7834
58.7834
58.7834
58.7834
58.7834
58.7834
58.7834
58.7834
58.7834
58.7834
58.7834
58.7834
58.7834
58.7834
58.7834
58.7834
58.7834
58.7834
58.7834
58.7834
58.7834
58.7834
58.7834
58.7834
58.7834
58.7834
58.7834
58.7834
58.7834
58.7834
58.7834
58.7834
58.7834
58.7834
58.7834
58.7834
58.7834
58.7834
58.7834
58.7834
58.7834
58.7834
58.7834
58.7834
58.7834
58.7834
58.7834
58.7834
58.7834
58.7834
58.7834
58.7834
58.7834
58.7834
58.7834
58.8123
58.7834
58.7834
58.7834
58.7834
58.7834
58.7834
58.7834
58.7834
58.7834
58.7834
58.7834
58.7834
58.7834
58.7834
58.7834
58.7834
58.7834
58.7834
58.7834
58.7834
58.7834
58.7834
58.7834
58.7834
58.7834
58.7834
58.7834
58.7834
58.7834
58.7834
58.7834
58.7834
58.7834
58.7834
58.7834
58.7834
58.7834
58.7834
58.7834
58.7834
58.7834
58.7834
58.7834
58.7834
58.7834
58.7834
58.7834
58.7834
58.7834
58.7834
58.7834
58.7834
58.7834
58.7834
58.7834
58.7834
58.7834
58.7834
58.7834
58.7834
58.7834
58.7834
58.7834
58.7834
58.7834
58.7834
58.7834
58.7834
58.7834
58.7834
58.7834
58.7834
58.7834
58.7834
58.7834
58.7834
58.7834
58.7834
58.7834
58.7834
58.7834
58.7834
58.7834
58.7834
58.7834
58.7834
58.7834
58.7834
58.7834
58.7834
58.7834
58.7834
58.7834
58.7834
58.7834
58.7834
58.7834
58.7834
58.7834
58.7834
58.7834
58.7834
58.7834
58.7834
58.7834
58.7834
58.7834
58.7834
58.7834
58.7834
58.7834
58.7834
58.7834
58.7834
58.7834
58.7834
58.7834
58.7834
58.7834
58.7834
58.7834
58.7834
58.7834
58.7834
58.7834
58.7834
58.7834
58.7834
58.7834
58.7834
58.7834
58.7834
58.7834
58.7834
58.7834
58.7834
58.7834
58.7834
58.7834
58.7834
58.7834
58.7834
58.7834
58.7834
58.7834
58.7834
58.7834
58.7834
58.7834
58.7834
58.7834
58.7834
58.7834
58.7834
58.7834
58.7834
58.7834
58.7834
58.7834
58.7834
58.7834
58.7834
58.7834
58.7834
58.7834
58.7834
58.7834
58.7834
58.7834
58.7834
58.7834
58.7834
58.7834
58.7834
58.7834
58.7834
58.7834
58.7834
58.7834
58.7834
58.7834
58.7834
58.7834
58.7834
58.7834
58.7834
58.7834
58.7834
58.7834
58.7834
58.7834
58.7834
58.7834
58.7834
58.7834
58.7834
58.7834
58.7834
58.7834
58.7834
58.7834
58.7834
58.7834
58.7834
58.7834
58.7834
58.7834
58.7834
58.7834
58.7834
58.7834
58.7834
58.7834
58.7834
58.7834
58.7834
58.7834
58.7834
58.7834
58.7834
58.7834
58.7834
58.7834
58.7834
58.7834
58.7834
58.7834
58.7834
58.7834
58.7834
58.7834
58.7834
58.7834
58.7834
58.7834
58.7834
58.7834
58.7834
58.7834
58.7834
58.7834
58.7834
58.7834
58.7834
58.7834
58.7834
58.7834
58.7834
58.7834
58.7834
58.7834
58.7834
58.7834
58.7834
58.7834
58.7834
58.7834
58.7834
58.7834
58.7834
58.7834
58.7834
58.7834
58.7834
58.7834
58.7834
58.7834
58.7834
58.7834
58.7834
58.7834
58.7834
58.7834
58.7834
58.7834
58.7834
58.7834
58.7834
58.7834
58.7834
58.7834
58.7834
58.7834
58.7834
58.7834
58.7834
58.7834
58.7834
58.7834
58.7834
58.7834
58.7834
58.7834
58.7834
58.7834
58.7834
58.7834
58.7834
58.7834
58.7834
58.7834
58.7834
58.7834
58.7834
58.7834
58.7834
58.7834
58.7834
58.7834
58.7834
58.7834
58.7834
58.7834
58.7834
58.7834
58.7834
58.7834
58.7834
58.7834
58.7834
58.7834
58.7834
58.7834
58.7834
58.7834
58.7834
58.7834
58.7834
58.7834
58.7834
58.7834
58.7834
58.7834
58.7834
58.7834
58.7834
58.7834
58.7834
58.7834
58.7834
58.7834
58.7834
58.7834
58.7834
58.7834
58.7834
58.7834
58.7834
58.7834
58.7834
58.7834
58.7834
58.7834
58.7834
58.7834
58.7834
58.7834
58.7834
58.7834
58.7834
58.7834
58.7834
58.7834
58.7834
58.7834
58.7834
58.7834
58.7834
58.7834
58.7834
58.7834
58.7834
58.7834
58.7834
58.7834
58.7834
58.7834
58.7834
58.7834
58.7834
58.7834
58.7834
58.7834
58.7834
58.7834
58.7834
58.7834
58.7834
58.7834
58.7834
58.7834
58.7834
58.7834
58.7834
58.7834
58.7834
58.7834
58.7834
58.7834
58.7834
58.7834
58.7834
58.7834
58.7834
58.7834
58.7834
58.7834
58.7834
58.7834
58.7834
58.7834
58.7834
58.7834
58.7834
58.7834
58.7834
58.7834
58.7834
58.7834
58.7834
58.7834
58.7834
58.7834
58.7834
58.7834
58.7834
58.7834
58.7834
58.7834
58.7834
58.7834
58.7834
58.7834
58.7834
58.7834
58.7834
58.7834
58.7834
58.7834
58.7834
58.7834
58.7834
58.7834
58.7834
58.7834
58.7834
58.7834
58.7834
58.7834
58.7834
58.7834
58.7834
58.7834
58.7834
58.7834
58.7834
58.7834
58.7834
58.7834
58.7834
58.7834
58.7834
58.7834
58.7834
58.7834
58.7834
58.7834
58.7834
58.7834
58.7834
58.7834
58.7834
58.7834
58.7834
58.7834
58.7834
58.7834
58.7834
58.7834
58.7834
58.7834
58.7834
58.7834
58.7834
58.7834
58.7834
58.7834
58.7834
58.7834
58.7834
58.7834
58.7834
58.7834
58.7834
58.7834
58.7834
58.7834
58.7834
58.7834
58.7834
58.7834
58.7834
58.7834
58.7834
58.7834
58.7834
58.7834
58.7834
58.7834
58.7834
58.7834
58.7834
58.7834
58.7834
58.7834
58.7834
58.7834
58.7834
58.7834
58.7834
58.7834
58.7834
58.7834
58.7834
58.7834
58.7834
58.7834
58.7834
58.7834
58.7834
58.7834
58.7834
58.7834
58.7834
58.7834
58.7834
58.7834
58.7834
58.7834
58.7834
58.7834
58.7834
58.7834
58.7834
58.7834
58.7834
58.7834
58.7834
58.7834
58.7834
58.7834
58.7834
58.7834
58.7834
58.7834
58.7834
58.7834
58.7834
58.7834
58.7834
58.7834
58.7834
58.7834
58.7834
58.7834
58.7834
58.7834
58.7834
58.7834
58.7834
58.7834
58.7834
58.7834
58.7834
58.7834
58.7834
58.7834
58.7834
58.7834
58.7834
58.7834
58.7834
58.7834
58.7834
58.7834
58.7834
58.7834
58.7834
58.7834
58.7834
58.7834
58.7834
58.7834
58.7834
58.7834
58.7834
58.7834
58.7834
58.7834
58.7834
58.7834
58.7834
58.7834
58.7834
58.7834
58.7834
58.7834
58.7834
58.7834
58.7834
58.7834
58.7834
58.7834
58.7834
58.7834
58.7834
58.7834
58.7834
58.7834
58.7834
58.7834
58.7834
58.7834
58.7834
58.7834
58.7834
58.7834
58.7834
58.7834
58.7834
58.7834
58.7834
58.7834
58.7834
58.7834
58.7834
58.7834
58.7834
58.7834
58.7834
58.7834
58.7834
58.7834
58.7834
58.7834
58.7834
58.7834
58.7834
58.7834
58.7834
58.7834
58.7834
58.7834
58.7834
58.7834
58.7834
58.7834
58.7834
58.7834
58.7834
58.7834
58.7834
58.7834
58.7834
58.7834
58.7834
58.7834
58.7834
58.7834
58.7834
58.7834
58.7834
58.7834
58.7834
58.7834
58.7834
58.7834
58.7834
58.7834
58.7834
58.7834
58.7834
58.7834
58.7834
58.7834
58.7834
58.7834
58.7834
58.7834
58.7834
58.7834
58.7834
58.7834
58.7834
58.7834
58.7834
58.7834
58.7834
58.7834
58.7834
58.7834
58.7834
58.7834
58.7834
58.7834
58.7834
58.7834
58.7834
58.7834
58.7834
58.7834
58.7834
58.7834
58.7834
58.7834
58.7834
58.7834
58.7834
58.7834
58.7834
58.7834
58.7834
58.7834
58.7834
58.7834
58.7834
58.7834
58.7834
58.7834
58.7834
58.7834
58.7834
58.7834
58.7834
58.7834
58.7834
58.7834
58.7834
58.7834
58.7834
58.7834
58.7834
58.7834
58.7834
58.7834
58.7834
58.7834
58.7834
58.7834
58.7834
58.7834
58.7834
58.7834
58.7834
58.7834
58.7834
58.7834
58.7834
58.7834
58.7834
58.7834
58.7834
58.7834
58.7834
58.7834
58.7834
58.7834
58.7834
58.7834
58.7834
58.7834
58.7834
58.7834
58.7834
58.7834
58.7834
58.7834
58.7834
58.7834
58.7834
58.7834
58.7834
58.7834
58.7834
58.7834
58.7834
58.7834
58.7834
58.7834
58.7834
58.7834
58.7834
58.7834
58.7834
58.7834
58.7834
58.7834
58.7834
58.7834
58.7834
58.7834
58.7834
58.7834
58.7834
58.7834
58.7834
58.7834
58.7834
58.7834
58.7834
58.7834
58.7834
58.7834
58.7834
58.7834
58.783
58.782
58.7802
58.7768
58.766
58.766
58.766
58.766
58.766
58.766
58.766
58.766
58.766
58.766
58.766
58.766
58.766
58.766
58.766
58.766
58.766
58.766
58.766
58.766
58.766
58.766
58.766
58.766
58.766
58.766
58.766
58.766
58.766
58.766
58.766
58.766
58.766
58.766
58.766
58.766
58.766
58.766
58.766
58.766
58.766
58.766
58.766
58.766
58.766
58.766
58.766
58.766
58.766
58.766
58.766
58.766
58.766
58.766
58.766
58.766
58.766
58.766
58.766
58.766
58.766
58.766
58.766
58.766
58.766
58.766
58.766
58.766
58.766
58.766
58.766
58.766
58.766
58.766
58.766
58.766
58.766
58.766
58.766
58.766
58.766
58.766
58.766
58.766
58.766
58.766
58.766
58.766
58.766
58.766
58.766
58.766
58.766
58.766
58.766
58.766
58.766
58.766
58.766
58.766
58.766
58.766
58.766
58.766
58.766
58.766
58.766
58.766
58.766
58.766
58.766
58.766
58.766
58.766
58.766
58.766
58.766
58.766
58.766
58.766
58.766
58.766
58.766
58.766
58.766
58.766
58.766
58.766
58.766
58.766
58.766
58.766
58.766
58.766
58.766
58.766
58.766
58.766
58.766
58.766
58.766
58.766
58.766
58.766
58.766
58.766
58.766
58.766
58.766
58.766
58.766
58.766
58.766
58.766
58.766
58.766
58.766
58.766
58.766
58.766
58.766
58.766
58.766
58.766
58.766
58.766
58.766
58.766
58.766
58.766
58.766
58.766
58.766
58.766
58.766
58.766
58.766
58.766
58.766
58.766
58.766
58.766
58.766
58.766
58.766
58.766
58.766
58.766
58.766
58.766
58.766
58.766
58.766
58.766
58.766
58.766
58.766
58.766
58.766
58.766
58.766
58.766
58.766
58.766
58.766
58.766
58.766
58.766
58.766
58.766
58.766
58.766
58.766
58.766
58.766
58.766
58.766
58.766
58.766
58.766
58.766
58.766
58.766
58.766
58.766
58.766
58.766
58.766
58.766
58.766
58.766
58.766
58.766
58.766
58.766
58.766
58.766
58.766
58.766
58.766
58.766
58.766
58.766
58.766
58.766
58.766
58.766
58.766
58.766
58.766
58.766
58.766
58.766
58.766
58.766
58.766
58.766
58.766
58.766
58.766
58.766
58.766
58.766
58.766
58.766
58.766
58.766
58.766
58.766
58.766
58.766
58.766
58.766
58.766
58.766
58.766
58.766
58.766
58.766
58.766
58.766
58.766
58.766
58.766
58.766
58.766
58.766
58.766
58.766
58.766
58.766
58.766
58.766
58.766
58.766
58.766
58.766
58.766
58.766
58.766
58.766
58.766
58.766
58.766
58.766
58.766
58.766
58.766
58.766
58.766
58.766
58.766
58.766
58.766
58.766
58.766
58.766
58.766
58.766
58.766
58.766
58.766
58.766
58.766
58.766
58.766
58.766
58.766
58.766
58.766
58.766
58.766
58.766
58.766
58.766
58.766
58.766
58.766
58.766
58.766
58.766
58.766
58.766
58.766
58.766
58.766
58.766
58.766
58.766
58.766
58.766
58.766
58.766
58.766
58.766
58.766
58.766
58.766
58.766
58.766
58.766
58.766
58.766
58.766
58.766
58.766
58.766
58.766
58.766
58.766
58.766
58.766
58.766
58.766
58.766
58.766
58.766
58.766
58.766
58.766
58.766
58.766
58.766
58.766
58.766
58.766
58.766
58.766
58.766
58.766
58.766
58.766
58.766
58.766
58.766
58.766
58.766
58.766
58.766
58.766
58.766
58.766
58.766
58.766
58.766
58.766
58.766
58.766
58.766
58.766
58.766
58.766
58.766
58.766
58.766
58.766
58.766
58.766
58.766
58.766
58.766
58.766
58.766
58.766
58.766
58.766
58.766
58.766
58.766
58.766
58.766
58.766
58.766
58.766
58.766
58.766
58.766
58.766
58.766
58.766
58.766
58.766
58.766
58.766
58.766
58.766
58.766
58.766
58.766
58.766
58.766
58.766
58.766
58.766
58.766
58.766
58.766
58.766
58.766
58.766
58.766
58.766
58.766
58.766
58.766
58.766
58.766
58.766
58.766
58.766
58.766
58.766
58.766
58.766
58.766
58.766
58.766
58.766
58.766
58.766
58.766
58.766
58.766
58.766
58.766
58.766
58.766
58.766
58.766
58.766
58.766
58.766
58.766
58.766
58.766
58.766
58.766
58.766
58.766
58.766
58.766
58.766
58.766
58.766
58.766
58.766
58.766
58.766
58.766
58.766
58.766
58.766
58.766
58.766
58.766
58.766
58.766
58.766
58.766
58.766
58.766
58.766
58.766
58.766
58.766
58.766
58.766
58.766
58.766
58.766
58.766
58.766
58.766
58.766
58.766
58.766
58.766
58.766
58.766
58.766
58.766
58.766
58.766
58.766
58.766
58.766
58.766
58.766
58.766
58.766
58.766
58.766
58.766
58.766
58.766
58.766
58.766
58.766
58.766
58.766
58.766
58.766
58.766
58.766
58.766
58.766
58.766
58.766
58.766
58.766
58.766
58.766
58.766
58.766
58.766
58.766
58.766
58.766
58.766
58.766
58.766
58.766
58.766
58.766
58.766
58.766
58.766
58.766
58.766
58.766
58.766
58.766
58.766
58.766
58.766
58.766
58.766
58.766
58.766
58.766
58.766
58.766
58.766
58.766
58.766
58.766
58.766
58.766
58.766
58.766
58.766
58.766
58.766
58.766
58.766
58.766
58.766
58.766
58.766
58.766
58.766
58.766
58.766
58.766
58.766
58.766
58.766
58.766
58.766
58.766
58.766
58.766
58.766
58.766
58.766
58.766
58.766
58.766
58.766
58.766
58.766
58.766
58.766
58.766
58.766
58.766
58.766
58.766
58.93
58.766
58.766
58.766
58.766
58.766
58.766
58.766
58.766
58.766
58.766
58.766
58.766
58.766
58.766
58.766
58.766
58.766
58.766
58.766
58.766
58.766
58.766
58.766
58.766
58.766
58.766
58.766
58.766
58.766
58.766
58.766
58.766
58.766
58.766
58.766
58.766
58.766
58.766
58.766
58.766
58.766
58.766
58.766
58.766
58.766
58.766
58.766
58.766
58.766
58.766
58.766
58.766
58.766
58.766
58.766
58.766
58.766
58.766
58.766
58.766
58.766
58.766
58.766
58.766
58.766
58.766
58.766
58.766
58.766
58.766
58.766
58.766
58.766
58.766
58.766
58.766
58.766
58.766
58.766
58.766
58.766
58.766
58.766
58.766
58.766
58.766
58.766
58.766
58.766
58.766
58.766
58.766
58.766
58.766
58.766
58.766
58.766
58.766
58.766
58.766
58.766
58.766
58.766
58.766
58.766
58.766
58.766
58.766
58.766
58.766
58.766
58.766
58.766
58.766
58.766
58.766
58.766
58.766
58.766
58.766
58.766
58.766
58.766
58.766
58.766
58.766
58.766
58.766
58.766
58.766
58.766
58.766
58.766
58.766
58.766
58.766
58.766
58.766
58.766
58.766
58.766
58.766
58.766
58.766
58.766
58.766
58.766
58.766
58.766
58.766
58.766
58.766
58.766
58.766
58.766
58.766
58.766
58.766
58.766
58.766
58.766
58.766
58.766
58.766
58.766
58.766
58.766
58.766
58.766
58.766
58.766
58.766
58.766
58.766
58.766
58.766
58.766
58.766
58.766
58.766
58.766
58.766
58.766
58.766
58.766
58.766
58.766
58.766
58.766
58.766
58.766
58.766
58.766
58.766
58.766
58.766
58.766
58.766
58.766
58.766
58.766
58.766
58.766
58.766
58.766
58.766
58.766
58.766
58.766
58.766
58.766
58.766
58.766
58.766
58.766
58.766
58.766
58.766
58.766
58.766
58.766
58.766
58.766
58.766
58.766
58.766
58.766
58.766
58.766
58.766
58.766
58.766
58.766
58.766
58.766
58.766
58.766
58.766
58.766
58.766
58.766
58.766
58.766
58.766
58.766
58.766
58.766
58.766
58.766
58.766
58.766
58.766
58.766
58.766
58.766
58.766
58.766
58.766
58.766
58.766
58.766
58.766
58.766
58.766
58.766
58.766
58.766
58.766
58.766
58.766
58.766
58.766
58.766
58.766
58.766
58.766
58.766
58.766
58.766
58.766
58.766
58.766
58.766
58.766
58.766
58.766
58.766
58.766
58.766
58.766
58.766
58.766
58.766
58.766
58.766
58.766
58.766
58.766
58.766
58.766
58.766
58.766
58.766
58.766
58.766
58.766
58.766
58.766
58.766
58.766
58.766
58.766
58.766
58.766
58.766
58.766
58.766
58.766
58.766
58.766
58.766
58.766
58.766
58.766
58.766
58.766
58.766
58.766
58.766
58.766
58.766
58.766
58.766
58.766
58.766
58.766
58.766
58.766
58.766
58.766
58.766
58.766
58.766
58.766
58.766
58.766
58.766
58.766
58.766
58.766
58.766
58.766
58.766
58.766
58.766
58.766
58.766
58.766
58.766
58.766
58.766
58.766
58.766
58.766
58.766
58.766
58.766
58.766
58.766
58.766
58.766
58.766
58.766
58.766
58.766
58.766
58.766
58.766
58.766
58.766
58.766
58.766
58.766
58.766
58.766
58.766
58.766
58.766
58.766
58.766
58.766
58.766
58.766
58.766
58.766
58.766
58.766
58.766
58.766
58.766
58.766
58.766
58.766
58.766
58.766
58.766
58.766
58.766
58.766
58.766
58.766
58.766
58.766
58.766
58.766
58.766
58.766
58.766
58.766
58.766
58.766
58.766
58.766
58.766
58.766
58.766
58.766
58.766
58.766
58.766
58.766
58.766
58.766
58.766
58.766
58.766
58.766
58.766
58.766
58.766
58.766
58.766
58.766
58.766
58.766
58.766
58.766
58.766
58.766
58.766
58.766
58.766
58.766
58.766
58.766
58.766
58.766
58.766
58.766
58.766
58.766
58.766
58.766
58.766
58.766
58.766
58.766
58.766
58.766
58.766
58.766
58.766
58.766
58.766
58.766
58.766
58.766
58.766
58.766
58.766
58.766
58.766
58.766
58.766
58.766
58.766
58.766
58.766
58.766
58.766
58.766
58.766
58.766
58.766
58.766
58.766
58.766
58.766
58.766
58.766
58.766
58.766
58.766
58.766
58.766
58.766
58.766
58.766
58.766
58.766
58.766
58.766
58.766
58.766
58.766
58.766
58.766
58.766
58.766
58.766
58.766
58.766
58.766
58.766
58.766
58.766
58.766
58.766
58.766
58.766
58.766
58.766
58.766
58.766
58.766
58.766
58.766
58.766
58.766
58.766
58.766
58.766
58.766
58.766
58.766
58.766
58.766
58.766
58.766
58.766
58.766
58.766
58.766
58.766
58.766
58.766
58.766
58.766
58.766
58.766
58.766
58.766
58.766
58.766
58.766
58.766
58.766
58.766
58.766
58.766
58.766
58.766
58.766
58.766
58.766
58.766
58.766
58.766
58.766
58.766
58.766
58.766
58.766
58.766
58.766
58.766
58.766
58.766
58.766
58.766
58.766
58.766
58.766
58.766
58.766
58.766
58.766
58.766
58.766
58.766
58.766
58.766
58.766
58.766
58.766
58.766
58.766
58.766
58.766
58.766
58.766
58.766
58.766
58.766
58.766
58.766
58.766
58.766
58.766
58.766
58.766
58.766
58.766
58.766
58.766
58.766
58.766
58.766
58.766
58.766
58.766
58.766
58.766
58.766
58.766
58.766
58.766
58.766
58.766
58.766
58.766
58.766
58.766
58.766
58.766
58.766
58.766
58.766
58.766
58.766
58.766
58.766
58.766
58.766
58.766
58.766
58.766
58.766
58.766
58.766
58.766
58.766
58.766
58.766
58.766
58.766
58.766
58.766
58.766
58.766
58.766
58.766
58.766
58.766
58.766
58.766
58.766
58.766
58.766
58.766
58.766
58.766
58.766
58.766
58.766
58.766
58.766
58.766
58.766
58.766
58.766
58.766
58.766
58.766
58.766
58.766
58.766
58.766
58.766
58.766
58.766
58.766
58.766
58.766
58.766
58.766
58.766
58.766
58.766
58.766
58.766
58.766
58.766
58.766
58.766
58.766
58.766
58.766
58.766
58.766
58.766
58.766
58.766
58.766
58.766
58.766
58.766
58.766
58.766
58.766
58.766
58.766
58.766
58.766
58.7625
58.7557
58.7385
58.7202
58.6111
58.5943
58.5943
58.5943
58.5943
58.5943
58.5943
58.5943
58.5943
58.5943
58.5943
58.5943
58.5943
58.5943
58.5943
58.5943
58.5943
58.5943
58.5943
58.5943
58.5943
58.5943
58.5943
58.5943
58.5943
58.5943
58.5943
58.5943
58.5943
58.5943
58.5943
58.5943
58.5943
58.5943
58.5943
58.5943
58.5943
58.5943
58.5943
58.5943
58.5943
58.5943
58.5943
58.5943
58.5943
58.5943
58.5943
58.5943
58.5943
58.5943
58.5943
58.5943
58.5943
58.5943
58.5943
58.5943
58.5943
58.5943
58.5943
58.5943
58.5943
58.5943
58.5943
58.5943
58.5943
58.5943
58.5943
58.5943
58.5943
58.5943
58.5943
58.5943
58.5943
58.5943
58.5943
58.5943
58.5943
58.5943
58.5943
58.5943
58.5943
58.5943
58.5943
58.5943
58.5943
58.5943
58.5943
58.5943
58.5943
58.5943
58.5943
58.5943
58.5943
58.5943
58.5943
58.5943
58.5943
58.5943
58.5943
58.5943
58.5943
58.5943
58.5943
58.5943
58.5943
58.5943
58.5943
58.5943
58.5943
58.5943
58.5943
58.5943
58.5943
58.5943
58.5943
58.5943
58.5943
58.5943
58.5943
58.5943
58.5943
58.5943
58.5943
58.5943
58.5943
58.5943
58.5943
58.5943
58.5943
58.5943
58.5943
58.5943
58.5943
58.5943
58.5943
58.5943
58.5943
58.5943
58.5943
58.5943
58.5943
58.5943
58.5943
58.5943
58.5943
58.5943
58.5943
58.5943
58.5943
58.5943
58.5943
58.5943
58.5943
58.5943
58.5943
58.5943
58.5943
58.5943
58.5943
58.5943
58.5943
58.5943
58.5943
58.5943
58.5943
58.5943
58.5943
58.5943
58.5943
58.5943
58.5943
58.5943
58.5943
58.5943
58.5943
58.5943
58.5943
58.5943
58.5943
58.5943
58.5943
58.5943
58.5943
58.5943
58.5943
58.5943
58.5943
58.5943
58.5943
58.5943
58.5943
58.5943
58.5943
58.5943
58.5943
58.5943
58.5943
58.5943
58.5943
58.5943
58.5943
58.5943
58.5943
58.5943
58.5943
58.5943
58.5943
58.5943
58.5943
58.5943
58.5943
58.5943
58.5943
58.5943
58.5943
58.5943
58.5943
58.5943
58.5943
58.5943
58.5943
58.5943
58.5943
58.5943
58.5943
58.5943
58.5943
58.5943
58.5943
58.5943
58.5943
58.5943
58.5943
58.5943
58.5943
58.5943
58.5943
58.5943
58.5943
58.5943
58.5943
58.5943
58.5943
58.5943
58.5943
58.5943
58.5943
58.5943
58.5943
58.5943
58.5943
58.5943
58.5943
58.5943
58.5943
58.5943
58.5943
58.5943
58.5943
58.5943
58.5943
58.5943
58.5943
58.5943
58.5943
58.5943
58.5943
58.5943
58.5943
58.5943
58.5943
58.5943
58.5943
58.5943
58.5943
58.5943
58.5943
58.5943
58.5943
58.5943
58.5943
58.5943
58.5943
58.5943
58.5943
58.5943
58.5943
58.5943
58.5943
58.5943
58.5943
58.5943
58.5943
58.5943
58.5943
58.5943
58.5943
58.5943
58.5943
58.5943
58.5943
58.5943
58.5943
58.5943
58.5943
58.5943
58.5943
58.5943
58.5943
58.5943
58.5943
58.5943
58.5943
58.5943
58.5943
58.5943
58.5943
58.5943
58.5943
58.5943
58.5943
58.5943
58.5943
58.5943
58.5943
58.5943
58.5943
58.5943
58.5943
58.5943
58.5943
58.5943
58.5943
58.5943
58.5943
58.5943
58.5943
58.5943
58.5943
58.5943
58.5943
58.5943
58.5943
58.5943
58.5943
58.5943
58.5943
58.5943
58.5943
58.5943
58.5943
58.5943
58.5943
58.5943
58.5943
58.5943
58.5943
58.5943
58.5943
58.5943
58.5943
58.5943
58.5943
58.5943
58.5943
58.5943
58.5943
58.5943
58.5943
58.5943
58.5943
58.5943
58.5943
58.5943
58.5943
58.5943
58.5943
58.5943
58.5943
58.5943
58.5943
58.5943
58.5943
58.5943
58.5943
58.5943
58.5943
58.5943
58.5943
58.5943
58.5943
58.5943
58.5943
58.5943
58.5943
58.5943
58.5943
58.5943
58.5943
58.5943
58.5943
58.5943
58.5943
58.5943
58.5943
58.5943
58.5943
58.5943
58.5943
58.5943
58.5943
58.5943
58.5943
58.5943
58.5943
58.5943
58.5943
58.5943
58.5943
58.5943
58.5943
58.5943
58.5943
58.5943
58.5943
58.5943
58.5943
58.5943
58.5943
58.5943
58.5943
58.5943
58.5943
58.5943
58.5943
58.5943
58.5943
58.5943
58.5943
58.5943
58.5943
58.5943
58.5943
58.5943
58.5943
58.5943
58.5943
58.5943
58.5943
58.5943
58.5943
58.5943
58.5943
58.5943
58.5943
58.5943
58.5943
58.5943
58.5943
58.5943
58.5943
58.5943
58.5943
58.5943
58.5943
58.5943
58.5943
58.5943
58.5943
58.5943
58.5943
58.5943
58.5943
58.5943
58.5943
58.5943
58.5943
58.5943
58.5943
58.5943
58.5943
58.5943
58.5943
58.5943
58.5943
58.5943
58.5943
58.5943
58.5943
58.5943
58.5943
58.5943
58.5943
58.5943
58.5943
58.5943
58.5943
58.5943
58.5943
58.5943
58.5943
58.5943
58.5943
58.5943
58.5943
58.5943
58.5943
58.5943
58.5943
58.5943
58.5943
58.5943
58.5943
58.5943
58.5943
58.5943
58.5943
58.5943
58.5943
58.5943
58.5943
58.5943
58.5943
58.5943
58.5943
58.5943
58.5943
58.5943
58.5943
58.5943
58.5943
58.5943
58.5943
58.5943
58.5943
58.5943
58.5943
58.5943
58.5943
58.5943
58.5943
58.5943
58.5943
58.5943
58.5943
58.5943
58.5943
58.5943
58.5943
58.5943
58.5943
58.5943
58.5943
58.5943
58.5943
58.5943
58.5943
58.5943
58.5943
58.5943
58.5943
58.5943
58.5943
58.5943
58.5943
58.5943
58.5943
58.5943
58.5943
58.5943
58.5943
58.5943
58.5943
58.5943
58.5943
58.5943
58.5943
58.5943
58.5943
58.5943
58.5943
58.5943
58.5943
58.5943
58.5943
58.5943
58.5943
58.5943
58.5943
58.5943
58.5943
58.5943
58.5943
58.5943
58.5943
58.5943
58.5943
58.5943
58.5943
58.5943
58.5943
58.5943
58.5943
58.5943
58.5943
58.5943
58.5943
58.5943
58.5943
58.5943
58.5943
58.5943
58.5943
58.5943
58.5943
58.5943
58.5943
58.5943
58.5943
58.5943
58.5943
58.5943
58.5943
58.5943
58.5943
58.5943
58.5943
58.5943
58.5943
58.5943
58.5943
58.5943
58.5943
58.5943
58.5943
58.5943
58.5943
58.5943
58.5943
58.5943
58.5943
58.5943
58.5943
58.5943
58.5943
58.5943
58.5943
58.5943
58.5943
58.5943
58.5943
58.5943
58.5943
58.5943
58.5943
58.5943
58.5943
58.5943
58.5943
58.5943
58.5943
58.5943
58.5943
58.5943
58.5943
58.5943
58.5943
58.5943
58.5943
58.5943
58.5943
58.5943
58.5943
58.5943
58.5943
58.5943
58.5943
58.5943
58.5943
58.5943
58.5943
58.5943
58.5943
58.5943
58.5943
58.5943
58.5943
58.5943
58.5943
58.5943
58.5943
58.5943
58.5943
58.5943
58.5943
58.5943
58.5943
58.5943
58.5943
58.5943
58.5943
58.5943
58.5943
58.5943
58.5943
58.5943
58.5943
58.5943
58.5943
58.5943
58.5943
58.5943
58.5943
58.5943
58.5943
58.5943
58.5943
58.5943
58.5943
58.5943
58.5943
58.5943
58.5943
58.5943
58.5943
58.5943
58.5943
58.5943
58.5943
58.5943
58.5943
58.5943
58.5943
58.5943
58.5943
58.5943
58.5943
58.5943
58.5943
58.5943
58.5943
58.5943
58.5943
58.5943
58.5943
58.5943
58.5943
58.5943
58.5943
58.5943
58.5943
58.5943
58.5943
58.5943
58.5943
58.5943
58.5943
58.5943
58.5943
58.5943
58.5943
58.5943
58.5943
58.5943
58.5943
58.5943
58.5943
58.5943
58.5943
58.5943
58.5943
58.5943
58.5943
58.5943
58.5943
58.5943
58.5943
58.5943
58.5943
58.5943
58.5943
58.5943
58.5943
58.5943
58.5943
58.5943
58.5943
58.5943
58.5943
58.5943
58.5943
58.5943
58.5943
58.5943
58.5943
58.5943
58.5943
58.5943
58.5943
58.5943
58.5943
58.5943
58.5943
58.5943
58.5943
58.5943
58.5943
58.5943
58.5943
58.5943
58.5943
58.5943
58.5943
58.5943
58.5943
58.5943
58.5943
58.5943
58.5943
58.5943
58.5943
58.5943
58.5943
58.5943
58.5943
58.5943
58.5943
58.5943
58.5943
58.5943
58.5943
58.5943
58.5943
58.5943
58.5943
58.5943
58.5943
58.5943
58.5943
58.5943
58.5943
58.5943
58.5943
58.5943
58.5943
58.5943
58.5943
58.5943
58.5943
58.5943
58.5943
58.5943
58.5943
58.5943
58.5943
58.5943
58.5943
58.5943
58.5943
58.5943
58.5943
58.5943
58.5943
58.5943
58.5943
58.5943
58.5943
58.5943
58.5943
58.5943
58.5943
58.5943
58.5943
58.5943
58.5943
58.5943
58.5943
58.5943
58.5943
58.5943
58.5943
58.5943
58.5943
58.5943
58.5943
58.5943
58.5943
58.5943
58.5943
58.5943
58.5943
58.5943
58.5943
58.5943
58.5943
58.5943
58.5943
58.5943
58.5943
58.5943
58.5943
58.5943
58.5943
58.5943
58.5943
58.5943
58.5943
58.5943
58.5943
58.5943
58.5943
58.5943
58.5943
58.5943
58.5943
58.5943
58.5943
58.5943
58.5943
58.5943
58.5943
58.5943
58.5943
58.5943
58.5943
58.5943
58.5943
58.5943
58.5943
58.5943
58.5943
58.5943
58.5943
58.5943
58.5943
58.5943
58.5943
58.5943
58.5943
58.5943
58.5943
58.5943
58.5943
58.5943
58.5943
58.5943
58.5943
58.5943
58.5943
58.5943
58.5943
58.5943
58.5943
58.5943
58.5943
58.5943
58.5943
58.5943
58.5943
58.5943
58.5943
58.5943
58.5943
58.5943
58.5943
58.5943
58.5943
58.5943
58.5943
58.5943
58.5943
58.5943
58.5943
58.5943
58.5943
58.5943
58.5943
58.5943
58.5943
58.5943
58.5943
58.5943
58.5943
58.5943
58.5943
58.5943
58.5943
58.5943
58.5943
58.5943
58.5943
58.5943
58.5943
58.5943
58.5943
58.5943
58.5943
58.5943
58.5943
58.5943
58.5943
58.5943
58.5943
58.5943
58.5943
58.5943
58.5943
58.5943
58.5943
58.5943
58.5943
58.5943
58.5943
58.5943
58.5943
58.5943
58.5943
58.5943
58.5943
58.5943
58.5943
58.5943
58.5943
58.5943
58.5943
58.5943
58.5943
58.5943
58.5943
58.5943
58.5943
58.5943
58.5943
58.5943
58.5943
58.5943
58.5943
58.5943
58.5943
58.5943
58.5943
58.5943
58.5943
58.5943
58.5943
58.5943
58.5943
58.5943
58.5943
58.5943
58.5943
58.5943
58.5943
58.5943
58.5943
58.5943
58.5943
58.5943
58.5943
58.5943
58.5943
58.5943
58.5943
58.5943
58.5943
58.5943
58.5943
58.5943
58.5943
58.5943
58.5943
58.5943
58.5943
58.5943
58.5943
58.5943
58.5943
58.5943
58.5943
58.5943
58.5943
58.5943
58.5943
58.5943
58.5943
58.5943
58.5943
58.5943
58.5943
58.5943
58.5943
58.5943
58.5943
58.5943
58.5943
58.5943
58.5943
58.5943
58.5943
58.5943
58.5943
58.5943
58.5943
58.5943
58.5943
58.5943
58.5943
58.5943
58.5943
58.5943
58.5943
58.5943
58.5943
58.5943
58.5943
58.5943
58.5943
58.5943
58.5943
58.5943
58.5943
58.5943
58.5943
58.5943
58.5943
58.5943
58.5943
58.5943
58.5943
58.5943
58.5943
58.5943
58.7054
58.5943
58.5943
58.5943
58.5943
58.5943
58.5943
58.5943
58.5943
58.5943
58.5943
58.5943
58.5943
58.5943
58.5943
58.5943
58.5943
58.5943
58.5943
58.5943
58.5943
58.5943
58.5943
58.5943
58.5943
58.5943
58.5943
58.5943
58.5943
58.5943
58.5943
58.5943
58.5943
58.5943
58.5943
58.5943
58.5943
58.5943
58.5943
58.5943
58.5943
58.5943
58.5943
58.5943
58.5943
58.5943
58.5943
58.5943
58.5943
58.5943
58.5943
58.5943
58.5943
58.5943
58.5943
58.5943
58.5943
58.5943
58.5943
58.5943
58.5943
58.5943
58.5943
58.5943
58.5943
58.5943
58.5943
58.5943
58.5943
58.5943
58.5943
58.5943
58.5943
58.5943
58.5943
58.5943
58.5943
58.5943
58.5943
58.5943
58.5943
58.5943
58.5943
58.5943
58.5943
58.5943
58.5943
58.5943
58.5943
58.5943
58.5943
58.5943
58.5943
58.5943
58.5943
58.5943
58.5943
58.5943
58.5943
58.5943
58.5943
58.5943
58.5943
58.5943
58.5943
58.5943
58.5943
58.5943
58.5943
58.5943
58.5943
58.5943
58.5943
58.5943
58.5943
58.5943
58.5943
58.5943
58.5943
58.5943
58.5943
58.5943
58.5943
58.5943
58.5943
58.5943
58.5943
58.5943
58.5943
58.5943
58.5943
58.5943
58.5943
58.5943
58.5943
58.5943
58.5943
58.5943
58.5943
58.5943
58.5943
58.5943
58.5943
58.5943
58.5943
58.5943
58.5943
58.5943
58.5943
58.5943
58.5943
58.5943
58.5943
58.5943
58.5943
58.5943
58.5943
58.5943
58.5943
58.5943
58.5943
58.5943
58.5943
58.5943
58.5943
58.5943
58.5943
58.5943
58.5943
58.5943
58.5943
58.5943
58.5943
58.5943
58.5943
58.5943
58.5943
58.5943
58.5943
58.5943
58.5943
58.5943
58.5943
58.5943
58.5943
58.5943
58.5943
58.5943
58.5943
58.5943
58.5943
58.5943
58.5943
58.5943
58.5943
58.5943
58.5943
58.5943
58.5943
58.5943
58.5943
58.5943
58.5943
58.5943
58.5943
58.5943
58.5943
58.5943
58.5943
58.5943
58.5943
58.5943
58.5943
58.5943
58.5943
58.5943
58.5943
58.5943
58.5943
58.5943
58.5943
58.5943
58.5943
58.5943
58.5943
58.5943
58.5943
58.5943
58.5943
58.5943
58.5943
58.5943
58.5943
58.5943
58.5943
58.5943
58.5943
58.5943
58.5943
58.5943
58.5943
58.5943
58.5943
58.5943
58.5943
58.5943
58.5943
58.5943
58.5943
58.5943
58.5943
58.5943
58.5943
58.5943
58.5943
58.5943
58.5943
58.5943
58.5943
58.5943
58.5943
58.5943
58.5943
58.5943
58.5943
58.5943
58.5943
58.5943
58.5943
58.5943
58.5943
58.5943
58.5943
58.5943
58.5943
58.5943
58.5943
58.5943
58.5943
58.5943
58.5943
58.5943
58.5943
58.5943
58.5943
58.5943
58.5943
58.5943
58.5943
58.5943
58.5943
58.5943
58.5943
58.5943
58.5943
58.5943
58.5943
58.5943
58.5943
58.5943
58.5943
58.5943
58.5943
58.5943
58.5943
58.5943
58.5943
58.5943
58.5943
58.5943
58.5943
58.5943
58.5943
58.5943
58.5943
58.5943
58.5943
58.5943
58.5943
58.5943
58.5943
58.5943
58.5943
58.5943
58.5943
58.5943
58.5943
58.5943
58.5943
58.5943
58.5943
58.5943
58.5943
58.5943
58.5943
58.5943
58.5943
58.5943
58.5943
58.5943
58.5943
58.5943
58.5943
58.5943
58.5943
58.5943
58.5943
58.5943
58.5943
58.5943
58.5943
58.5943
58.5943
58.5943
58.5943
58.5943
58.5943
58.5943
58.5943
58.5943
58.5943
58.5943
58.5943
58.5943
58.5943
58.5943
58.5943
58.5943
58.5943
58.5943
58.5943
58.5943
58.5943
58.5943
58.5943
58.5943
58.5943
58.5943
58.5943
58.5943
58.5943
58.5943
58.5943
58.5943
58.5943
58.5943
58.5943
58.5943
58.5943
58.5943
58.5943
58.5943
58.5943
58.5943
58.5943
58.5943
58.5943
58.5943
58.5943
58.5943
58.5943
58.5943
58.5943
58.5943
58.5943
58.5943
58.5943
58.5943
58.5943
58.5943
58.5943
58.5943
58.5943
58.5943
58.5943
58.5943
58.5943
58.5943
58.5943
58.5943
58.5943
58.5943
58.5943
58.5943
58.5943
58.5943
58.5943
58.5943
58.5943
58.5943
58.5943
58.5943
58.5943
58.5943
58.5943
58.5943
58.5943
58.5943
58.5943
58.5943
58.5943
58.5943
58.5943
58.5943
58.5943
58.5943
58.5943
58.5943
58.5943
58.5943
58.5943
58.5943
58.5943
58.5943
58.5943
58.5943
58.5943
58.5943
58.5943
58.5943
58.5943
58.5943
58.5943
58.5943
58.5943
58.5943
58.5943
58.5943
58.5943
58.5943
58.5943
58.5943
58.5943
58.5943
58.5943
58.5943
58.5943
58.5943
58.5943
58.5943
58.5943
58.5943
58.5943
58.5943
58.5943
58.5943
58.5943
58.5943
58.5943
58.5943
58.5943
58.5943
58.5943
58.5943
58.5943
58.5943
58.5943
58.5943
58.5943
58.5943
58.5943
58.5943
58.5943
58.5943
58.5943
58.5943
58.5943
58.5943
58.5943
58.5943
58.5943
58.5943
58.5943
58.5943
58.5943
58.5943
58.5943
58.5943
58.5943
58.5943
58.5943
58.5943
58.5943
58.5943
58.5943
58.5943
58.5943
58.5943
58.5943
58.5943
58.5943
58.5943
58.5943
58.5943
58.5943
58.5943
58.5943
58.5943
58.5943
58.5943
58.5943
58.5943
58.5943
58.5943
58.5943
58.5943
58.5943
58.5943
58.5943
58.5943
58.5943
58.5943
58.5943
58.5943
58.5943
58.5943
58.5943
58.5943
58.5943
58.5943
58.5943
58.5943
58.5943
58.5943
58.5943
58.5943
58.5943
58.5943
58.5943
58.5943
58.5943
58.5943
58.5943
58.5943
58.5943
58.5943
58.5943
58.5943
58.5943
58.5943
58.5943
58.5943
58.5943
58.5943
58.5943
58.5943
58.5943
58.5943
58.5943
58.5943
58.5943
58.5943
58.5943
58.5943
58.5943
58.5943
58.5943
58.5943
58.5943
58.5943
58.5943
58.5943
58.5943
58.5943
58.5943
58.5943
58.5943
58.5943
58.5943
58.5943
58.5943
58.5943
58.5943
58.5943
58.5943
58.5943
58.5943
58.5943
58.5943
58.5943
58.5943
58.5943
58.5943
58.5943
58.5943
58.5943
58.5943
58.5943
58.5943
58.5943
58.5943
58.5943
58.5943
58.5943
58.5943
58.5943
58.5943
58.5943
58.5943
58.5943
58.5943
58.5943
58.5943
58.5943
58.5943
58.5943
58.5943
59.3594
58.5943
58.5943
58.5943
58.5943
58.5943
58.5943
58.5943
58.5943
58.5943
58.5943
58.5943
58.5943
58.5943
58.5943
58.5943
58.5943
58.5943
58.5943
58.5943
58.5943
58.5943
58.5943
58.5943
58.5943
58.5943
58.5943
58.5943
58.5943
58.5943
58.5943
58.5943
58.5943
58.5943
58.5943
58.5943
58.5943
58.5943
58.5943
58.5943
58.5943
58.5943
58.5943
58.5943
58.5943
58.5943
58.5943
58.5943
58.5943
58.5943
58.5943
58.5943
58.5943
58.5943
58.5943
58.5943
58.5943
58.5943
58.5943
58.5943
58.5943
58.5943
58.5943
58.5943
58.5943
58.5943
58.5943
58.5943
58.5943
58.5943
58.5943
58.5943
58.5943
58.5943
58.5943
58.5943
58.5943
58.5943
58.5943
58.5943
58.5943
58.5943
58.5943
58.5943
58.5943
58.5943
58.5943
58.5943
58.5943
58.5943
58.5943
58.5943
58.5943
58.5943
58.5943
58.5943
58.5943
58.5943
58.5943
58.5943
58.5943
58.5943
58.5943
58.5943
58.5943
58.5943
58.5943
58.5943
58.5943
58.5943
58.5943
58.5943
58.5943
58.5943
58.5943
58.5943
58.5943
58.5943
58.5943
58.5943
58.5943
58.5943
58.5943
58.5943
58.5943
58.5943
58.5943
58.5943
58.5943
58.5943
58.5943
58.5943
58.5943
58.5943
58.5943
58.5943
58.5943
58.5943
58.5943
58.5943
58.5943
58.5943
58.5943
58.5943
58.5943
58.5943
58.5943
58.5943
58.5943
58.5943
58.5943
58.5943
58.5943
58.5943
58.5943
58.5943
58.5943
58.5943
58.5943
58.5943
58.5943
58.5943
58.5943
58.5943
58.5943
58.5943
58.5943
58.5943
58.5943
58.5943
58.5943
58.5943
58.5943
58.5943
58.5943
58.5943
58.5943
58.5943
58.5943
58.5943
58.5943
58.5943
58.5943
58.5943
58.5943
58.5943
58.5943
58.5943
58.5943
58.5943
58.5943
58.5943
58.5943
58.5943
58.5943
58.5943
58.5943
58.5943
58.5943
58.5943
58.5943
58.5943
58.5943
58.5943
58.5943
58.5943
58.5943
58.5943
58.5943
58.5943
58.5943
58.5943
58.5943
58.5943
58.5943
58.5943
58.5943
58.5943
58.5943
58.5943
58.5943
58.5943
58.5943
58.5943
58.5943
58.5943
58.5943
58.5943
58.5943
58.5943
58.5943
58.5943
58.5943
58.5943
58.5943
58.5943
58.5943
58.5943
58.5943
58.5943
58.5943
58.5943
58.5943
58.5943
58.5943
58.5943
58.5943
58.5943
58.5943
58.5943
58.5943
58.5943
58.5943
58.5943
58.5943
58.5943
58.5943
58.5943
58.5943
58.5943
58.5943
58.5943
58.5943
58.5943
58.5943
58.5943
58.5943
58.5943
58.5943
58.5943
58.5943
58.5943
58.5943
58.5943
58.5943
58.5943
58.5943
58.5943
58.5943
58.5943
58.5943
58.5943
58.5943
58.5943
58.5943
58.5943
58.5943
58.5943
58.5943
58.5943
58.5943
58.5943
58.5943
58.5943
58.5943
58.5943
58.5943
58.5943
58.5943
58.5943
58.5943
58.5943
58.5943
58.5943
58.5943
58.5943
58.5943
58.5943
58.5943
58.5943
58.5943
58.5943
58.5943
58.5943
58.5943
58.5943
58.5943
58.5943
58.5943
58.5943
58.5943
58.5943
58.5943
58.5943
58.5943
58.5943
58.5943
58.5943
58.5943
58.5943
58.5943
58.5943
58.5943
58.5943
58.5943
58.5943
58.5943
58.5943
58.5943
58.5943
58.5943
58.5943
58.5943
58.5943
58.5943
58.5943
58.5943
58.5943
58.5943
58.5943
58.5943
58.5943
58.5943
58.5943
58.5943
58.5943
58.5943
58.5943
58.5943
58.5943
58.5943
58.5943
58.5943
58.5943
58.5943
58.5943
58.5943
58.5943
58.5943
58.5943
58.5943
58.5943
58.5943
58.5943
58.5943
58.5943
58.5943
58.5943
58.5943
58.5943
58.5943
58.5943
58.5943
58.5943
58.5943
58.5943
58.5943
58.5943
58.5943
58.5943
58.5943
58.5943
58.5943
58.5943
58.5943
58.5943
58.5943
58.5943
58.5943
58.5943
58.5943
58.5943
58.5943
58.5943
58.5943
58.5943
58.5943
58.5943
58.5943
58.5943
58.5943
58.5943
58.5943
58.5943
58.5943
58.5943
58.5943
58.5943
58.5943
58.5943
58.5943
58.5943
58.5943
58.5943
58.5943
58.5943
58.5943
58.5943
58.5943
58.5943
58.5943
58.5943
58.5943
58.5943
58.5943
58.5943
58.5943
58.5943
58.5943
58.5943
58.5943
58.5943
58.5943
58.5943
58.5943
58.5943
58.5943
58.5943
58.5943
58.5943
58.5943
58.5943
58.5943
58.5943
58.5943
58.5943
58.5943
58.5943
58.5943
58.5943
58.5943
58.5943
58.5943
58.5943
58.5943
58.5943
58.5943
58.5943
58.5943
58.5943
58.5943
58.5943
58.5943
58.5943
58.5943
58.5943
58.5943
58.5943
58.5943
58.5943
58.5943
58.5943
58.5943
58.5943
58.5943
58.5943
58.5943
58.5943
58.5943
58.5943
58.5943
58.5943
58.5943
58.5943
58.5943
58.5943
58.5943
