# best half averages
54.5153
47.5135
43.3574
40.8075
36.8308
34.1051
32.8591
30.8266
30.3984
28.6408
26.8686
25.1543
23.8596
23.5201
23.395
23.3712
23.312
22.783
21.5731
19.3684
18.5616
17.3302
17.2911
17.27
17.2497
17.1603
16.9402
16.3807
15.6053
14.6819
14.5227
14.2258
13.1541
12.365
12.2905
11.8476
11.1752
11.1734
11.1682
11.142
11.0825
11.0661
11.0112
10.7789
10.74
10.3434
9.53257
9.39642
9.22868
9.20502
9.10258
8.95447
8.51303
7.78674
7.38751
7.01866
6.80756
6.60528
5.82996
5.60902
5.59788
5.56171
5.51987
5.51987
5.51987
5.51987
5.51987
5.51964
5.51941
5.51873
5.51509
5.50528
5.49226
5.4498
5.34789
5.34789
5.34789
5.34789
5.34789
5.34789
5.34359
5.30488
5.1765
5.13044
5.12038
5.06517
4.89978
4.71875
4.60804
4.46859
4.29711
4.28288
4.25443
4.12285
4.12285
4.12285
4.12285
4.12285
4.12231
4.12072
4.11382
4.10054
4.09629
4.09629
4.09629
4.09606
4.09576
4.0931
4.08611
4.08488
4.08488
4.08488
4.0795
4.06336
4.03108
3.91811
3.81589
3.81589
3.81589
3.81589
3.81589
3.81589
3.81589
3.81589
3.80979
3.79252
3.76305
3.67624
3.52622
3.49563
3.46481
3.33968
3.25719
3.25719
3.25719
3.25719
3.25719
3.25446
3.24626
3.23532
3.18337
3.12049
3.12049
3.12049
3.12049
3.12049
3.12049
3.12049
3.12014
3.12049
3.12049
3.12049
3.12049
3.12049
3.12049
3.12049
3.12049
3.12049
3.12049
3.10751
3.09454
3.10751
3.08157
3.03974
2.93886
2.73419
2.47182
2.47182
2.47182
2.47182
2.47182
2.47182
2.47182
2.4717
2.47095
2.47046
2.46922
2.46566
2.46559
2.46558
2.46551
2.46528
2.46505
2.46505
2.46505
2.46505
2.46505
2.46505
2.46505
2.46505
2.46505
2.46505
2.46505
2.46505
2.46505
2.46505
2.46505
2.46505
2.46505
2.46505
2.46505
2.46505
2.46505
2.46505
2.46505
2.46505
2.46505
2.46505
2.46505
2.46505
2.46505
2.46505
2.46505
2.46505
2.46505
2.46505
2.46505
2.46505
2.46505
2.46485
2.46386
2.46346
2.46306
2.45808
2.45509
2.45509
2.45509
2.45509
2.45509
2.45509
2.45509
2.45509
2.45509
2.45509
2.45509
2.45509
2.45509
2.45509
2.45509
2.45509
2.45509
2.47713
2.45509
2.45509
2.45509
2.45509
2.45509
2.45509
2.45509
2.45509
2.45509
2.45509
2.45509
2.45509
2.45509
2.45509
2.45509
2.45509
2.45509
2.45509
2.45509
2.45509
2.45509
2.45509
2.45509
2.45509
2.45509
2.45509
2.45509
2.45509
2.45509
2.45509
2.45509
2.45509
2.45509
2.45509
2.45509
2.45509
2.45509
2.45509
2.45509
2.45509
2.45509
2.45509
2.45509
2.45509
2.45508
2.45508
2.45509
2.45509
2.45509
2.45509
2.45509
2.45509
2.45509
2.45509
2.45509
2.45509
2.45509
2.45509
2.45509
2.45509
2.45509
2.45509
2.45509
2.45509
2.45509
2.45509
2.45509
2.45509
2.45509
2.45509
2.45509
2.45509
2.45509
2.45509
2.45509
2.45509
2.45509
2.45509
2.45509
2.45509
2.45509
2.45509
2.45509
2.45509
2.45509
2.45509
2.45509
2.45509
2.45509
2.45509
2.45509
2.45509
2.45509
2.45509
2.45509
2.45509
2.45509
2.45509
2.45509
2.45509
2.45509
2.45509
2.45509
2.45509
2.45509
2.45509
2.45509
2.45509
2.45509
2.45509
2.45509
2.45509
2.45509
2.45509
2.45509
2.45509
2.45509
2.45508
2.45504
2.45499
2.45474
2.45436
2.45426
2.45426
2.45426
2.45426
2.45426
2.45426
2.46379
2.45426
2.45426
2.45426
2.45426
2.45426
2.45426
2.45426
2.45426
2.45426
2.45426
2.45426
2.45426
2.45426
2.45426
2.45426
2.45426
2.45426
2.45426
2.45426
2.45426
2.45426
2.45426
2.45426
2.45426
2.45426
2.45426
2.45426
2.45426
2.45426
2.45426
2.45426
2.45426
2.45426
2.45426
2.45426
2.45426
2.45426
2.45426
2.45426
2.45426
2.45426
2.45426
2.45426
2.45426
2.45426
2.45426
2.45426
2.45426
2.45426
2.45426
2.45426
2.45426
2.45426
2.45426
2.45426
2.45426
2.45426
2.45426
2.45426
2.45426
2.44357
2.42221
2.41152
2.42221
2.45426
2.45426
2.45426
2.45426
2.45426
2.45426
2.45426
2.45426
2.45426
2.45426
2.45426
2.45426
2.45426
2.45426
2.45426
2.45993
2.45426
2.47349
2.45426
2.45426
2.45714
2.45426
2.45426
2.45426
2.45426
2.45426
2.45426
2.44357
2.43289
2.40293
2.3376
2.2065
2.06426
1.92244
1.92008
1.92008
1.92008
1.92008
1.92008
1.92008
1.92008
1.92008
1.92008
1.92008
1.92008
1.92008
1.92008
1.92008
1.92008
1.92008
1.92008
1.92008
1.92008
1.92008
1.92008
1.92008
1.92008
1.92008
1.92008
1.92008
1.92008
1.92008
1.92008
1.92008
1.9524
1.92008
1.92008
1.92008
1.92008
1.92008
1.92008
1.92008
1.92008
1.92008
1.92008
1.92008
1.92008
1.92008
1.92008
1.92008
1.92008
1.92008
1.92008
1.92008
1.92008
1.92008
1.92008
1.92008
1.92008
1.92008
1.92008
1.92008
1.92008
1.92008
1.92008
1.92008
1.92008
1.92008
1.92008
1.92008
1.92008
1.92008
1.92008
1.92008
1.92008
1.92008
1.92008
1.92008
1.92008
1.92008
1.92008
1.92008
1.92008
1.92008
1.92008
1.92008
1.92008
1.92008
1.92008
1.92008
1.92008
1.92008
1.92008
1.92008
1.92008
1.92008
1.92008
1.92008
1.92008
1.92008
1.92008
1.92008
1.92008
1.92008
1.92008
1.92008
1.92008
1.92008
1.92008
1.92008
1.92008
1.92008
1.92008
1.92008
1.92008
1.92008
1.92008
1.92008
1.92008
1.92008
1.92008
1.92008
1.9926
1.92008
1.92008
1.92008
1.92008
1.92008
1.92008
1.92008
1.92008
1.92008
1.92008
1.92008
1.92008
1.92008
1.92008
1.92008
1.92008
1.92008
1.92008
1.92008
1.92008
1.92008
1.92008
1.92008
1.92008
1.92008
1.92008
1.92008
1.92008
1.92008
1.92008
1.92008
1.92008
1.92008
1.92008
1.92008
1.92008
1.92008
1.92008
1.92008
1.92008
1.92008
1.92008
1.92008
1.92008
1.92008
1.92008
1.92008
1.92008
1.92008
1.92008
1.92008
1.92008
1.92008
1.92008
1.92008
1.92008
1.92008
1.92008
1.92008
1.92008
1.92008
1.92008
1.92008
1.92008
1.92008
1.92008
1.92008
1.92008
1.92008
1.92008
1.92008
1.92008
1.92008
1.92008
1.92008
1.92008
1.92008
1.92008
1.92008
1.92008
1.92008
1.92008
1.92008
1.92008
1.92008
1.92008
1.92008
1.92008
1.92008
1.92008
1.92008
1.92008
1.92008
1.92008
1.92008
1.92008
1.92008
1.92008
1.92008
1.92008
1.92008
1.92008
1.92008
1.92008
1.92008
1.92008
1.92008
1.92008
1.92008
1.92008
1.92008
1.92008
1.92008
1.92008
1.92008
1.92008
1.92008
1.92008
1.92008
1.92008
1.92008
1.92008
1.92008
1.92008
1.92008
1.92008
1.92008
1.92008
1.92008
1.92008
1.92008
1.92008
1.92008
1.92008
1.92008
1.92008
1.92008
1.92008
1.92008
1.92008
1.92008
1.92008
1.92008
1.92008
1.92008
1.92008
1.92008
1.92008
1.92008
1.92008
1.92008
1.92008
1.92008
1.92008
1.92008
1.92008
1.92008
1.92008
1.92008
1.92008
1.92008
1.92008
1.92008
1.92008
1.92008
1.92008
1.92008
1.92008
1.92008
1.92008
1.92008
1.92008
1.92008
1.92008
1.92008
1.92008
1.92008
1.92008
1.92008
1.92008
1.92008
1.92008
1.92008
1.92008
1.92008
1.92008
1.92008
1.92008
1.92008
1.92008
1.92008
1.92008
1.92008
1.92008
1.92008
1.92008
1.92008
1.92008
1.92008
1.92008
1.92008
1.92008
1.92008
1.92008
1.92008
1.92008
1.92008
1.92008
1.92008
1.92008
1.92008
1.92008
1.92008
1.92008
1.92008
1.92008
1.92008
1.92008
1.92008
1.92008
1.92008
1.92008
1.92008
1.92008
1.92008
1.92008
1.92008
1.92008
1.92008
1.92008
1.92008
1.92008
1.92008
1.92008
1.92008
1.92008
1.92008
1.92008
1.92008
1.92008
1.92008
1.92008
1.92008
1.92008
1.92008
1.92008
1.92008
1.92008
1.92008
1.92008
1.92008
1.92008
1.92008
1.92008
1.92008
1.92008
1.92008
1.92008
1.92008
1.92008
1.92008
1.92008
1.92008
1.92008
1.92008
1.92008
1.92008
1.92008
1.92008
1.92008
1.92008
1.92008
1.92008
1.92008
1.92008
1.92008
1.92008
1.92008
1.92008
1.92008
1.92008
1.92008
1.92008
1.92008
1.92008
1.92008
1.92008
1.92008
1.92008
1.92008
1.92008
1.92008
1.92008
1.92008
1.92008
1.92008
1.92008
1.92008
1.92008
1.92008
1.92008
1.92008
1.92008
1.92008
1.92008
1.92008
1.92008
1.92008
1.92008
1.92008
1.92008
1.92008
1.92008
1.92008
1.92008
1.92008
1.92008
1.92008
1.92008
1.92008
1.92008
1.92008
1.92008
1.92008
1.92008
1.92008
1.92008
1.92008
1.92008
1.92008
1.92008
1.92008
1.92008
1.92008
1.92008
1.92008
1.92008
1.92008
1.92008
1.92008
1.92008
1.92008
1.92008
1.92008
1.92008
1.92008
1.92008
1.92008
1.92008
1.92008
1.92008
1.92008
1.92008
1.92008
1.92008
1.92008
1.92008
1.92008
1.92008
1.92008
1.92008
1.92008
1.92008
1.92008
1.92008
1.92008
1.92008
1.92008
1.92008
1.92008
1.92008
1.92008
1.92008
1.92008
1.92008
1.92008
1.92008
1.92008
1.92008
1.92008
1.92008
1.92008
1.92008
1.92008
1.92008
1.92008
1.92008
1.92008
1.92008
1.92008
1.92008
1.92008
1.92008
1.92008
1.92008
1.92008
1.92008
1.92008
1.92008
1.92008
1.92008
1.92008
1.92008
1.92008
1.92008
1.92008
1.92008
1.92008
1.92008
1.92008
1.92008
1.92008
