# best half averages
53.783
49.3697
46.1174
42.4853
38.6636
35.4252
34.0753
33.7585
32.535
30.1064
28.1327
27.1082
26.6712
24.5708
23.0461
20.9873
20.7294
20.2723
19.6611
18.6412
17.4853
16.9048
15.951
14.1764
13.0708
11.5782
11.4967
11.8166
11.3759
11.1784
11.1153
11.0119
11.0115
11.0067
10.9545
10.7124
10.37
9.80187
9.66695
9.30114
9.2078
9.20592
9.20622
9.20147
9.22843
9.13025
9.12842
9.12794
9.12505
9.11152
9.08565
8.94937
8.86355
8.8474
8.80924
8.67338
8.50522
8.40055
8.39803
8.38123
8.35938
8.35868
8.35868
8.35727
8.34877
8.32404
8.29546
8.22059
8.18032
8.1802
8.17995
8.17857
8.17408
8.17408
8.17408
8.17338
8.16544
8.11679
8.07161
7.70766
7.26106
7.26106
7.26106
7.26106
7.26033
7.2596
7.25332
7.23846
7.21009
7.18001
7.15503
7.11231
6.98951
6.689
6.689
6.689
6.689
6.689
6.689
6.689
6.689
6.68883
6.68848
6.68677
6.68031
6.68009
6.67944
6.67705
6.67273
6.67498
6.67146
6.66441
6.6354
6.51024
6.49755
6.49178
6.48862
6.48862
6.48862
6.48862
6.48862
6.48862
6.48862
6.48862
6.48752
6.47766
6.44568
6.42813
6.40503
6.32381
6.3129
6.3129
6.3129
6.3129
6.31279
6.31245
6.3104
6.3072
6.3072
6.3072
6.3072
6.3072
6.3072
6.3072
6.3072
6.3072
6.3072
6.30708
6.30657
6.30564
6.30148
6.30089
6.30089
6.29985
6.29882
6.29455
6.28001
6.24454
6.2399
6.22196
6.20703
6.20703
6.20489
6.20276
6.19617
6.17479
6.10012
6.10012
6.10012
6.10012
6.10012
6.10012
6.10012
6.10012
6.10012
6.10012
6.09889
6.09766
6.11063
6.42389
6.15462
6.16883
6.04915
6.03842
6.03842
6.03842
6.03842
6.09622
6.18563
6.03842
6.03842
6.03842
6.03842
6.03842
6.03842
6.03842
6.03842
6.03725
6.03375
6.01626
5.9801
5.9801
5.9801
5.9801
5.9801
5.9801
5.9801
5.9801
5.9801
5.9801
5.9801
5.9801
5.9801
5.9801
5.9801
5.9801
5.9801
5.9801
5.9801
5.9801
5.9801
5.9801
5.9801
5.9801
5.9801
5.9801
5.9801
5.9801
5.9801
5.9801
5.98002
5.97986
5.97962
5.97828
5.97614
5.97614
5.97614
5.97614
5.97614
5.97614
5.97614
5.97614
5.97614
5.97614
5.97614
5.97614
5.97614
5.97614
5.97614
5.97614
5.97614
5.97614
5.97614
5.97614
5.97614
5.97614
5.97614
5.97614
5.97614
5.97614
5.97614
5.97614
5.97614
5.97614
5.97614
5.97614
5.97614
5.97614
5.97614
5.97614
5.97614
5.97614
5.97614
5.97614
5.97614
5.97614
5.97614
5.97614
5.97614
5.97614
5.97614
5.97614
5.97614
5.97614
5.97614
5.97614
5.97614
5.97614
5.97614
5.97614
5.97614
5.97614
5.97614
5.97614
5.97614
5.97614
5.97614
5.97614
5.97614
5.97614
5.97614
5.97614
5.97614
5.97614
5.97614
5.97614
5.97614
5.97614
5.97614
5.97614
5.97614
5.97614
5.97614
5.97614
5.97614
5.97614
5.97614
5.97614
5.97614
5.97614
5.97614
5.97614
5.97614
5.97614
5.97614
5.97614
5.97614
5.97614
5.97614
5.97614
5.97614
5.97614
5.97614
5.97614
5.97614
5.97614
5.97614
5.97614
5.97614
5.97614
5.97614
5.97614
5.97614
5.97614
5.97614
5.97614
5.97614
5.97614
5.97614
5.97614
5.97614
5.97614
5.97614
5.97614
5.97614
5.97614
5.97614
5.97614
5.97614
5.97614
5.97614
5.97614
5.97614
5.97614
5.97614
5.97614
5.97614
5.97614
5.97614
5.97614
5.97614
5.97614
5.97614
5.97614
5.97614
5.97614
5.97614
5.97614
5.97614
5.97614
5.97614
5.97614
5.97614
5.97614
5.97614
5.97614
5.97614
5.97614
5.97614
5.97614
5.97614
5.97614
5.97614
5.97614
5.97614
5.97614
5.97614
5.97614
5.97614
5.97614
5.97614
5.97614
5.97614
5.97614
5.97614
5.97614
5.97614
5.97614
5.97614
5.97614
5.97614
5.97614
5.97614
5.97614
5.97614
5.97614
5.97614
5.97614
5.97614
5.97614
5.97614
5.97614
5.97614
5.97614
5.97614
5.97614
5.97614
5.97614
5.97614
5.97614
5.97614
5.97614
5.97614
5.97614
5.97614
5.97614
5.97614
5.97614
5.97614
5.97614
5.97614
5.97614
5.97614
5.97614
5.97614
5.96136
5.94658
5.91702
5.86455
5.79299
5.45303
5.2371
5.2371
5.2371
5.2371
5.2371
5.2371
5.2371
5.2371
5.2371
5.2371
5.2371
5.2371
5.2371
5.2371
5.2371
5.2371
5.2371
5.2371
5.2371
5.2371
5.2371
5.2371
5.2371
5.2371
5.2371
5.2371
5.2371
5.2371
5.2371
5.2371
5.2371
5.2371
5.2371
5.2371
5.2371
5.2371
5.2371
5.2371
5.2371
5.2371
5.2371
5.2371
5.2371
5.2371
5.2371
5.2371
5.2371
5.2371
5.2371
5.2371
5.2371
5.2371
5.2371
5.2371
5.2371
5.2371
5.2371
5.2371
5.2371
5.2371
5.2371
5.2371
5.2371
5.2371
5.2371
5.2371
5.2371
5.2371
5.2371
5.2371
5.2371
5.2371
5.2371
5.2371
5.2371
5.2371
5.2371
5.2371
5.2371
5.2371
5.2371
5.2371
5.2371
5.2371
5.2371
5.2371
5.2371
5.2371
5.2371
5.2371
5.2371
5.2371
5.2371
5.2371
5.2371
5.2371
5.2371
5.2371
5.2371
5.2371
5.2371
5.2371
5.2371
5.2371
5.2371
5.2371
5.2371
5.2371
5.2371
5.2371
5.2371
5.2371
5.2371
5.2371
5.2371
5.2371
5.2371
5.2371
5.2371
5.2371
5.2371
5.2371
5.2371
5.2371
5.2371
5.2371
5.2371
5.2371
5.2371
5.2371
5.2371
5.2371
5.2371
5.2371
5.2371
5.2371
5.2371
5.2371
5.2371
5.2371
5.2371
5.2371
5.2371
5.2371
5.2371
5.2371
5.2371
5.2371
5.2371
5.2371
5.2371
5.2371
5.2371
5.2371
5.2371
5.2371
5.2371
5.2371
5.2371
5.2371
5.2371
5.2371
5.2371
5.2371
5.2371
5.2371
5.2371
5.2371
5.2371
5.2371
5.2371
5.2371
5.2371
5.2371
5.2371
5.2371
5.2371
5.2371
5.2371
5.2371
5.2371
5.2371
5.2371
5.2371
5.2371
5.2371
5.2371
5.2371
5.2371
5.2371
5.2371
5.2371
5.2371
5.2371
5.2371
5.2371
5.2371
5.2371
5.2371
5.2371
5.2371
5.2371
5.2371
5.2371
5.2371
5.2371
5.2371
5.2371
5.2371
5.2371
5.2371
5.2371
5.2371
5.2371
5.2371
5.2371
5.2371
5.2371
5.2371
5.2371
5.2371
5.2371
5.2371
5.2371
5.2371
5.2371
5.2371
5.2371
5.2371
5.2371
5.2371
5.2371
5.2371
5.2371
5.2371
5.2371
5.2371
5.2371
5.2371
5.2371
5.2371
5.2371
5.2371
5.2371
5.2371
5.2371
5.2371
5.2371
5.2371
5.2371
5.2371
5.2371
5.2371
5.2371
5.2371
5.2371
5.2371
5.2371
5.2371
5.2371
5.2371
5.2371
5.2371
5.2371
5.2371
5.2371
5.2371
5.2371
5.2371
5.2371
5.2371
5.2371
5.2371
5.2371
5.2371
5.2371
5.2371
5.2371
5.2371
5.2371
5.2371
5.2371
5.2371
5.2371
5.2371
5.2371
5.2371
5.2371
5.2371
5.2371
5.2371
5.2371
5.2371
5.2371
5.2371
5.2371
5.2371
5.2371
5.2371
5.2371
5.2371
5.2371
5.2371
5.2371
5.2371
5.2371
5.2371
5.2371
5.2371
5.2371
5.2371
5.2371
5.2371
5.2371
5.2371
5.2371
5.2371
5.2371
5.2371
5.2371
5.2371
5.2371
5.2371
5.2371
5.2371
5.2371
5.2371
5.2371
5.2371
5.2371
5.2371
5.2371
5.2371
5.2371
5.2371
5.2371
5.2371
5.2371
5.2371
5.2371
5.2371
5.2371
5.2371
5.2371
5.2371
5.2371
5.2371
5.2371
5.2371
5.2371
5.2371
5.2371
5.2371
5.2371
5.2371
5.2371
5.2371
5.2371
5.2371
5.2371
5.2371
5.2371
5.2371
5.2371
5.2371
5.2371
5.2371
5.2371
5.2371
5.2371
5.2371
5.2371
5.2371
5.2371
5.2371
5.2371
5.2371
5.2371
5.2371
5.2371
5.2371
5.2371
5.2371
5.2371
5.2371
5.2371
5.2371
5.2371
5.2371
5.2371
5.2371
5.2371
5.2371
5.2371
5.2371
5.2371
5.2371
5.2371
5.2371
5.2371
5.2371
5.2371
5.2371
5.2371
5.2371
5.2371
5.2371
5.2371
5.2371
5.2371
5.2371
5.2371
5.2371
5.2371
5.2371
5.2371
5.2371
5.2371
5.2371
5.2371
5.2371
5.2371
5.2371
5.2371
5.2371
5.2371
5.2371
5.2371
5.2371
5.2371
5.2371
5.2371
5.2371
5.2371
5.2371
5.2371
5.2371
5.2371
5.2371
5.2371
5.2371
5.2371
5.2371
5.2371
5.2371
5.2371
5.2371
5.2371
5.2371
5.2371
5.2371
5.2371
5.2371
5.2371
5.2371
5.2371
5.2371
5.2371
5.2371
5.2371
5.2371
5.2371
5.2371
5.2371
5.2371
5.2371
5.2371
5.2371
5.2371
5.2371
5.2371
5.2371
5.2371
5.2371
5.2371
5.2371
5.2371
5.2371
5.2371
5.2371
5.2371
5.2371
5.2371
5.2371
5.2371
5.2371
5.2371
5.2371
5.2371
5.2371
5.2371
5.2371
5.2371
5.2371
5.2371
5.2371
5.2371
5.2371
5.2371
5.2371
5.2371
5.2371
5.2371
5.2371
5.2371
5.2371
5.2371
5.2371
5.2371
5.2371
5.2371
5.2371
5.2371
5.2371
5.2371
5.2371
5.2371
5.2371
5.2371
5.2371
5.2371
5.2371
5.2371
5.2371
5.2371
5.2371
5.2371
5.2371
5.2371
5.2371
5.2371
5.2371
5.2371
5.2371
5.2371
5.2371
5.2371
5.2371
5.2371
5.2371
5.2371
5.2371
5.2371
5.2371
5.2371
5.2371
5.2371
5.2371
5.2371
