# best half averages
54.0363
47.4553
43.1295
37.5935
34.4323
31.6857
29.6159
26.9237
25.4843
24.069
22.3459
21.217
19.0481
16.8188
14.7724
13.6966
12.4941
12.0367
11.6921
11.5843
11.5742
11.5524
11.5259
11.2248
10.7416
10.3686
10.1493
9.84941
9.68788
9.64714
9.64714
9.64714
9.63181
9.62805
9.57065
9.47708
9.4537
9.42933
9.29375
9.29139
9.28982
9.28356
9.25693
9.21307
9.21307
9.21307
9.21307
9.21307
9.21307
9.21307
9.21307
9.21307
9.19556
9.06002
8.82553
8.48706
8.48706
8.47213
8.41219
8.24319
8.24279
8.24076
8.231
8.22059
8.21377
8.29485
8.75494
7.99312
7.97334
7.92229
7.83391
7.81892
8.23716
8.37762
7.83799
7.67477
7.61391
7.38887
7.38292
7.36113
7.51449
7.11692
7.07776
7.05617
7.04213
6.97025
6.90023
6.89956
6.89956
6.89142
6.89142
6.87514
6.82629
6.62274
6.49246
6.49246
6.49246
6.48518
6.52448
6.50062
6.51431
6.48037
6.46828
6.46828
6.46828
6.46491
6.44806
6.40089
6.29982
6.298
6.29254
6.27617
6.20885
6.20885
6.20885
6.20415
6.18756
6.11025
5.97409
5.97409
5.97409
6.0018
5.97409
5.97159
5.97159
5.9665
5.93896
5.8489
5.8489
5.8489
5.84886
5.84861
5.84822
5.85013
5.84646
5.84228
5.83722
5.81742
5.74083
5.69374
5.69374
5.69374
5.69374
5.69374
5.69757
5.69374
5.76321
5.69374
5.69374
5.69374
5.69374
5.69374
5.69374
5.69374
5.69374
5.69374
5.69374
5.69374
5.69374
5.69366
5.69358
5.69183
5.68278
5.68127
5.62468
5.62322
5.62322
5.62322
5.62322
5.62322
5.62322
5.62322
5.62322
5.62322
5.62322
5.62322
5.62322
5.62322
5.62201
5.62081
5.61118
5.58228
5.56302
5.56302
5.56302
5.56302
5.56298
5.56298
5.56295
5.56285
5.56247
5.56121
5.56105
5.56046
5.55909
5.55711
5.55711
5.55711
5.55711
5.55688
5.55577
5.55399
5.54597
5.54597
5.54597
5.54597
5.54597
5.54597
5.54597
5.54597
5.54597
5.54597
5.54597
5.54597
5.54597
5.54597
5.54597
5.54597
5.54597
5.54597
5.54597
5.54597
5.54597
5.54597
5.54597
5.54597
5.54597
5.54597
5.54597
5.54597
5.54597
5.54597
5.54597
5.54597
5.54597
5.54597
5.54597
5.54597
5.54597
5.54597
5.54597
5.54597
5.54597
5.54597
5.54597
5.54597
5.54597
5.54597
5.54597
5.54597
5.54597
5.54597
5.54597
5.54597
5.54597
5.54597
5.54597
5.54597
5.54597
5.54597
5.54597
5.54597
5.54597
5.54597
5.54597
5.54597
5.54597
5.54597
5.54597
5.54597
5.54597
5.54597
5.54597
5.54597
5.54597
5.54597
5.54597
5.54597
5.54597
5.54597
5.54597
5.54597
5.54597
5.54597
5.54597
5.54597
5.54597
5.54597
5.54597
5.54597
5.54597
5.54597
5.54597
5.54597
5.54597
5.54597
5.54597
5.54597
5.54597
5.54597
5.54597
5.54597
5.54597
5.54597
5.54597
5.54597
5.54597
5.54597
5.54597
5.54597
5.54597
5.54597
5.54597
5.54597
5.54597
5.54597
5.54597
5.54597
5.54597
5.54597
5.54597
5.54597
5.54597
5.54597
5.54597
5.54597
5.54597
5.54597
5.54597
5.54597
5.54597
5.54597
5.54597
5.54597
5.54597
5.54597
5.54597
5.54597
5.54597
5.54597
5.54597
5.54597
5.54597
5.54597
5.54597
5.54597
5.54597
5.54597
5.54597
5.54597
5.54597
5.54597
5.54597
5.54597
5.54597
5.54597
5.54597
5.54597
5.54597
5.54597
5.54597
5.54597
5.54597
5.54597
5.54597
5.54597
5.54597
5.54597
5.54597
5.54597
5.54597
5.54597
5.54597
5.54597
5.54597
5.54597
5.54597
5.54597
5.54597
5.54597
5.54597
5.54597
5.54597
5.54597
5.54597
5.54597
5.54597
5.54597
5.54597
5.54597
5.54597
5.54597
5.54597
5.54597
5.54597
5.54597
5.54597
5.54597
5.54597
5.54597
5.54597
5.54597
5.54597
5.54597
5.54597
5.54597
5.54597
5.54597
5.54597
5.54597
5.54597
5.54597
5.54597
5.54597
5.54597
5.54597
5.54597
5.54597
5.54597
5.54597
5.54597
5.54597
5.54597
5.54597
5.54597
5.54597
5.54597
5.54597
5.54597
5.54597
5.54597
5.54597
5.54597
5.54597
5.54597
5.54597
5.54597
5.54597
5.54597
5.54597
5.54597
5.54597
5.54597
5.54597
5.54597
5.54597
5.54597
5.54597
5.54597
5.54221
5.54221
5.52716
5.51287
5.46923
5.35782
5.35782
5.35782
5.35782
5.35782
5.35782
5.35782
5.34799
5.35782
5.35782
5.35782
5.35782
5.35782
5.35782
5.35782
5.35683
5.35303
5.33848
5.30832
5.30832
5.30832
5.30832
5.30832
5.30832
5.30832
5.30832
5.30832
5.30832
5.30461
5.3009
5.28235
5.20948
5.12288
5.12288
5.12288
5.11293
5.0831
4.98559
4.95714
4.95714
4.95714
4.95532
4.94986
4.94008
4.90232
4.86616
4.86616
4.86616
4.86616
4.86616
4.86616
4.86616
4.86616
4.86616
4.86616
4.86616
4.86616
4.86616
4.86616
4.86616
4.86616
4.86616
4.86616
4.86616
4.86616
4.86616
4.86616
4.86616
4.86616
4.86616
4.86616
4.86616
4.86616
4.86616
4.86616
4.86616
4.86616
4.86616
4.86616
4.86616
4.86616
4.86616
4.86616
4.86616
4.86616
4.86616
4.86616
4.86616
4.86616
4.86616
4.86616
4.86616
4.86616
4.86616
4.86616
4.86616
4.86616
4.86616
4.86616
4.86616
4.86616
4.86616
4.86616
4.86616
4.86616
4.86616
4.86616
4.86616
4.86616
4.86616
4.86616
4.86616
4.86616
4.86616
4.86616
4.86616
4.86616
4.86616
4.86616
4.86616
4.86616
4.86616
4.86616
4.86616
4.86616
4.86616
4.86616
4.86616
4.86616
4.86616
4.86616
4.86616
4.86616
4.86616
4.86616
4.86616
4.86616
4.86616
4.86616
4.86616
4.86616
4.86616
4.86616
4.86616
4.86616
4.86616
4.86616
4.86616
4.86616
4.86616
4.86616
4.86616
4.86616
4.86616
4.86616
4.86616
4.86616
4.86616
4.86616
4.86616
4.86616
4.86616
4.86616
4.86616
4.86616
4.86616
4.86616
4.86616
4.86616
4.86616
4.86616
4.86616
4.86616
4.86616
4.86616
4.86616
4.86616
4.86616
4.86616
4.86616
4.86616
4.86616
4.86616
4.86616
4.86616
4.86616
4.86616
4.86616
4.86616
4.86616
4.86616
4.86616
4.86616
4.86616
4.86616
4.86616
4.86616
4.86616
4.86616
4.86616
4.86616
4.86616
4.86616
4.86616
4.86616
4.86616
4.86616
4.86616
4.86616
4.86616
4.86616
4.86616
4.86616
4.86616
4.86616
4.86616
4.86616
4.86616
4.86616
4.86616
4.86616
4.86616
4.86616
4.86616
4.86616
4.86616
4.86616
4.86616
4.86616
4.86616
4.86616
4.86616
4.86616
4.86616
4.86616
4.86616
4.86616
4.86616
4.86616
4.86616
4.86616
4.86616
4.86616
4.86616
4.86616
4.86616
4.86616
4.86616
4.86616
4.86616
4.86616
4.86616
4.86616
4.86616
4.86616
4.86616
4.86616
4.86616
4.86616
4.86616
4.86616
4.86616
4.86616
4.86616
4.86616
4.86616
4.86616
4.86616
4.86616
4.86616
4.86616
4.86616
4.86616
4.86616
4.86616
4.86616
4.86616
4.86616
4.86616
4.86616
4.86616
4.86616
4.86616
4.86616
4.86616
4.86616
4.86616
4.86616
4.86616
4.86616
4.86616
4.86616
4.86616
4.86616
4.86616
4.86616
4.86616
4.86616
4.86616
4.86616
4.86616
4.86616
4.86616
4.86616
4.86616
4.86616
4.86616
4.86616
4.86616
4.86616
4.86616
4.86616
4.86616
4.86616
4.86616
4.86616
4.86616
4.86616
4.86616
4.86616
4.86616
4.86616
4.86616
4.86616
4.86616
4.86616
4.86616
4.86616
4.86616
4.86616
4.86616
4.86616
4.86616
4.86616
4.86616
4.86616
4.86616
4.86616
4.86616
4.86616
4.86616
4.86616
4.86616
4.86616
4.86616
4.86616
4.86616
4.86616
4.86616
4.86616
4.86616
4.86616
4.86616
4.86616
4.86616
4.86616
4.86616
4.86616
4.86616
4.86616
4.86616
4.86616
4.86616
4.86616
4.86616
4.86616
4.86616
4.86616
4.86616
4.86616
4.86616
4.86616
4.86616
4.86616
4.86616
4.86616
4.86616
4.86616
4.86616
4.86616
4.86616
4.86616
4.86616
4.86616
4.86616
4.86616
4.86616
4.86616
4.86616
4.86616
4.86616
4.86616
4.86616
4.86616
4.86616
4.86616
4.86616
4.86616
4.86616
4.86616
4.86616
4.86616
4.86616
4.86616
4.86616
4.86616
4.86616
4.86616
4.86616
4.86616
4.86616
4.86616
4.86616
4.86616
4.86616
4.86616
4.86616
4.86616
4.86616
4.86616
4.86616
4.86616
4.86616
4.86616
4.86616
4.86616
4.86616
4.86616
4.86616
4.86616
4.86616
4.86616
4.86616
4.86616
4.86616
4.86616
4.86616
4.86616
4.86616
4.86616
4.86616
4.86616
4.86616
4.86616
4.86616
4.86616
4.86616
4.86616
4.86616
4.86616
4.86616
4.86616
4.86616
4.86616
4.86616
4.86616
4.86616
4.86616
4.86616
4.86616
4.86616
4.86616
4.86616
4.86616
4.86616
4.86616
4.86616
4.86616
4.86616
4.86616
4.86616
4.86616
4.86616
4.86616
4.86616
4.86616
4.86616
4.86616
4.86616
4.86616
4.86616
4.86616
4.86616
4.86616
4.86616
4.86616
4.86616
4.86616
4.86616
4.86616
4.86616
4.86616
4.86616
4.86616
4.86616
4.86616
4.86616
4.86616
4.86616
4.86616
4.86616
4.86616
4.86616
4.86616
4.86616
4.86616
4.86616
4.86616
4.86616
4.86616
4.86616
4.86616
4.86616
4.86616
4.86616
4.86616
4.86616
4.86616
4.86616
4.86616
4.86616
4.86616
4.86616
4.86616
4.86616
4.86616
4.86616
4.86616
4.86616
4.86616
4.86616
4.86616
4.86616
4.86616
4.86616
4.86616
4.86616
4.86616
4.86616
4.86616
4.86616
4.86616
4.86616
4.86616
4.86616
4.86616
