# best half averages
54.0444
48.126
44.1983
41.2827
39.4033
37.7261
35.0374
30.3165
27.4276
24.4688
23.0694
21.6876
20.9124
20.3626
19.6906
19.0618
18.4354
17.5053
16.9598
16.7341
16.5092
16.1474
16.0524
15.9063
15.5489
15.3517
14.919
14.6271
14.3253
13.5419
12.6717
12.1731
11.213
10.7577
10.7554
10.7345
10.6845
10.7028
10.5262
10.3529
9.83636
9.19155
9.1672
9.13854
9.56045
8.92232
8.58964
8.5888
8.57901
8.57414
8.5595
8.50733
8.32007
8.27483
8.11153
7.84049
7.68648
7.52955
7.52188
7.44763
7.27945
7.03201
6.69316
6.68899
6.6759
6.66258
6.60095
6.55984
6.54514
6.5134
6.42014
6.41791
6.41752
6.41714
6.41636
6.41248
6.39843
6.39843
6.39776
6.39717
6.39432
6.39432
6.39432
6.3919
6.38608
6.36179
6.30932
6.30932
6.30932
6.30932
6.30389
6.30934
6.42022
6.30537
6.29703
6.28
6.28
6.28
6.28
6.28
6.28
6.28
6.28
6.27933
6.27866
6.27866
6.27799
6.27714
6.27092
6.25205
6.24396
6.23802
6.23768
6.23768
6.23768
6.23768
6.29729
6.31414
6.25134
6.25075
6.36111
6.23768
6.23768
6.23768
6.23768
6.23768
6.23768
6.23703
6.2351
6.22674
6.2055
6.2055
6.2055
6.2055
6.2055
6.2055
6.2055
6.2055
6.2055
6.2055
6.20533
6.20433
6.20196
6.19664
6.19664
6.19664
6.19664
6.19664
6.19234
6.17942
6.14068
5.98139
5.98139
5.98139
5.98139
5.97906
5.9744
5.95573
5.92307
5.92307
5.92307
5.92307
5.92307
5.92307
5.92307
5.92307
5.92307
5.92307
5.92307
5.92297
5.92264
5.92211
5.91812
5.91605
5.91386
5.90454
5.89028
5.89028
5.89028
5.89028
5.89028
5.89028
5.89028
5.89028
5.89028
5.89028
5.89027
5.89021
5.89004
5.88956
5.88898
5.88956
5.88842
5.885
5.87701
5.85192
5.83253
5.83253
5.83253
5.83253
5.83253
5.83253
5.83253
5.83253
5.83253
5.83253
5.83253
5.83253
5.83177
5.8284
5.82503
5.79668
5.76894
5.75862
5.7507
5.73987
5.73987
5.73987
5.73987
5.73987
5.73987
5.73987
5.73987
5.73987
5.73873
5.73873
5.73645
5.7296
5.70451
5.68284
5.68284
5.68284
5.68284
5.68284
5.68284
5.68284
5.68284
5.68284
5.68284
5.68284
5.68284
5.68284
5.68284
5.68284
5.68264
5.68245
5.88744
6.11547
5.80506
5.71751
5.67313
5.67313
5.67313
5.67235
5.66846
5.65679
5.63422
5.63422
5.63423
5.7127
5.63981
5.63422
5.63422
5.63422
5.63422
5.63422
5.63422
5.63422
5.63422
5.63422
5.63422
5.63422
5.63422
5.63422
5.63422
5.63422
5.63422
5.63422
5.63422
5.63422
5.63422
5.63422
5.63422
5.63422
5.63422
5.63422
5.63422
5.63422
5.63422
5.63422
5.63422
5.63422
5.63422
5.63422
5.63422
5.63422
5.63421
5.63421
5.6342
5.63416
5.63402
5.63391
5.63391
5.63391
5.63391
5.63391
5.63391
5.63391
5.63391
5.63391
5.63391
5.63391
5.63391
5.63391
5.63391
5.63391
5.63391
5.63391
5.63391
5.63391
5.63391
5.63391
5.63391
5.63391
5.63391
5.63391
5.63391
5.63391
5.63391
5.63391
5.63391
5.63391
5.63391
5.63391
5.63391
5.63391
5.63391
5.63391
5.63391
5.63391
5.63391
5.63391
5.63391
5.63391
5.63391
5.63391
5.63391
5.63391
5.63391
5.63391
5.63391
5.63391
5.63391
5.63391
5.63391
5.63391
5.63391
5.63391
5.63391
5.63391
5.63391
5.63391
5.63391
5.63391
5.63391
5.63391
5.63391
5.63391
5.63391
5.63391
5.63391
5.63391
5.63391
5.63391
5.63391
5.63391
5.63391
5.63391
5.63391
5.63391
5.63391
5.63391
5.63391
5.63391
5.63391
5.63391
5.63391
5.63391
5.63391
5.63391
5.63391
5.63391
5.63391
5.63391
5.63391
5.63391
5.63391
5.63391
5.63391
5.63391
5.63391
5.63391
5.63391
5.63391
5.63391
5.63391
5.63391
5.63391
5.63391
5.63391
5.63391
5.63391
5.63391
5.63391
5.63391
5.63391
5.63391
5.63391
5.63391
5.63391
5.63391
5.63391
5.63391
5.63391
5.63391
5.63391
5.63391
5.63391
5.63391
5.63391
5.63391
5.63391
5.63391
5.63391
5.63391
5.63391
5.63391
5.63391
5.63391
5.63391
5.63391
5.63391
5.63391
5.63391
5.63391
5.63391
5.63391
5.63391
5.63391
5.63391
5.63391
5.63391
5.63391
5.63391
5.63391
5.63391
5.63391
5.63391
5.63391
5.63391
5.63391
5.63391
5.63391
5.63391
5.63391
5.63391
5.63391
5.63391
5.63391
5.63391
5.63391
5.63391
5.63391
5.63391
5.63349
5.63178
5.62582
5.61263
5.61263
5.61263
5.61263
5.61263
5.61263
5.61263
5.61263
5.61263
5.61263
5.61263
5.61263
5.61263
5.61263
5.61263
5.61263
5.61263
5.61263
5.61263
5.61263
5.61263
5.61263
5.61263
5.61263
5.61263
5.61263
5.61263
5.61263
5.61263
5.61263
5.61263
5.61263
5.61263
5.61263
5.61263
5.61263
5.61263
5.61263
5.61263
5.61263
5.61263
5.61263
5.61263
5.61263
5.61263
5.61263
5.61263
5.61263
5.61263
5.61263
5.61263
5.61263
5.61263
5.61263
5.61263
5.61263
5.61263
5.61263
5.61263
5.61263
5.61263
5.61263
5.61263
5.61263
5.61263
5.61263
5.61263
5.61263
5.61263
5.61263
5.61263
5.61263
5.61263
5.61263
5.61263
5.61263
5.61263
5.61263
5.61263
5.61263
5.61263
5.61263
5.61263
5.61263
5.61263
5.61263
5.61263
5.61263
5.61263
5.61263
5.61263
5.61263
5.61263
5.61263
5.61263
5.61263
5.61263
5.61263
5.61263
5.61263
5.61263
5.61263
5.61263
5.61263
5.61263
5.61263
5.61263
5.61263
5.61263
5.61263
5.61263
5.61263
5.61263
5.61263
5.61263
5.61263
5.61263
5.61263
5.61263
5.61263
5.61263
5.61263
5.61263
5.61263
5.61263
5.61263
5.61263
5.61263
5.61263
5.61263
5.61263
5.61263
5.61263
5.61263
5.61263
5.61263
5.61263
5.61263
5.61263
5.6126
5.61257
5.61246
5.6124
5.61217
5.61121
5.61121
5.61121
5.61121
5.61121
5.61121
5.61121
5.61121
5.61121
5.61121
5.61121
5.61121
5.61121
5.61121
5.61121
5.61121
5.61121
5.61121
5.61121
5.61121
5.61121
5.61121
5.61121
5.61121
5.61121
5.61121
5.61121
5.61121
5.61121
5.61121
5.61121
5.61121
5.61121
5.61121
5.61121
5.61121
5.61121
5.61121
5.61121
5.61121
5.61121
5.61121
5.61121
5.61121
5.61121
5.61121
5.61121
5.61121
5.61121
5.61121
5.61121
5.61121
5.61121
5.61121
5.61121
5.61121
5.61121
5.61121
5.61121
5.61121
5.61121
5.61121
5.61121
5.61121
5.61121
5.61121
5.61121
5.61121
5.61121
5.61121
5.61121
5.61121
5.61121
5.61121
5.61121
5.61121
5.61121
5.61121
5.61121
5.61121
5.61121
5.61121
5.61121
5.61121
5.61121
5.61121
5.61121
5.61121
5.61121
5.61121
5.61121
5.61121
5.61121
5.61121
5.61121
5.61121
5.61121
5.61121
5.61121
5.61121
5.61121
5.61121
5.61121
5.61121
5.61121
5.61121
5.61121
5.61121
5.61121
5.61121
5.61121
5.61121
5.61121
5.61121
5.61121
5.61121
5.61121
5.61121
5.61121
5.61121
5.61121
5.61121
5.61121
5.61121
5.61121
5.61121
5.61121
5.61121
5.61121
5.61121
5.61121
5.61121
5.61121
5.61121
5.61121
5.61121
5.61121
5.61121
5.61121
5.61121
5.61121
5.61121
5.61121
5.61121
5.61121
5.61121
5.61121
5.61121
5.61121
5.61121
5.61121
5.61121
5.61121
5.61121
5.61121
5.61121
5.61121
5.61121
5.61121
5.61121
5.61121
5.61121
5.61121
5.61121
5.61121
5.61121
5.61121
5.61121
5.61121
5.61121
5.61121
5.61121
5.61121
5.61121
5.61121
5.61121
5.61121
5.61121
5.61121
5.61121
5.61121
5.61121
5.61121
5.61121
5.61121
5.61121
5.61121
5.61121
5.61121
5.61121
5.61121
5.61121
5.61121
5.61121
5.61121
5.61121
5.61121
5.61121
5.61121
5.61121
5.61121
5.61121
5.61121
5.61121
5.61121
5.61121
5.61121
5.61121
5.61121
5.61121
5.61121
5.61121
5.61121
5.61121
5.61121
5.61121
5.61121
5.61121
5.61121
5.61121
5.61121
5.61121
5.61121
5.61121
5.61121
5.61121
5.61121
5.61121
5.61121
5.61121
5.61121
5.61121
5.61121
5.61121
5.61121
5.61121
5.61121
5.61121
5.61121
5.61121
5.61121
5.61121
5.61121
5.61121
5.61121
5.61121
5.61121
5.61121
5.61121
5.61121
5.61121
5.61121
5.61121
5.61121
5.61121
5.61121
5.61121
5.61121
5.61121
5.61121
5.61121
5.61121
5.61121
5.61121
5.61121
5.61121
5.61121
5.61121
5.61121
5.61121
5.61121
5.61121
5.61121
5.61121
5.61121
5.61121
5.61121
5.61121
5.61121
5.61121
5.61121
5.61121
5.61121
5.61121
5.61121
5.61121
5.61121
5.61121
5.61121
5.61121
5.61121
5.61121
5.61121
5.61121
5.61121
5.61121
5.61121
5.61121
5.61121
5.61121
5.61121
5.61121
5.61121
5.61121
5.61121
5.61121
5.61121
5.61121
5.61121
5.61121
5.61121
5.61121
5.61121
5.61121
5.61121
5.61121
5.61121
5.61121
5.61121
5.61121
5.61121
5.61121
5.61121
5.61121
5.61121
5.61121
5.61121
5.61121
5.61121
5.61121
5.61121
5.61121
5.61121
5.61121
5.61121
5.61121
5.61121
5.61121
5.61121
5.61121
5.61121
5.61121
5.61121
5.61121
5.61121
5.61121
5.61121
5.61121
5.61121
5.61121
5.61121
5.61121
5.61121
5.61121
5.61121
5.61121
5.61121
5.61121
5.61121
5.61121
5.61121
5.61121
5.61121
5.61121
5.61121
5.61121
5.61121
5.61121
5.61121
5.61121
5.61121
5.61121
5.61121
5.61121
5.61121
5.61121
5.61121
5.61121
5.61121
