# best half averages
52.6169
45.9656
42.2643
38.402
35.3461
31.0751
27.694
26.0699
24.7477
22.5263
21.3075
20.7945
20.3605
19.467
18.895
18.8791
18.7001
18.189
17.3159
16.4076
15.8061
15.2652
14.6946
14.061
13.577
13.3997
12.9127
12.477
12.3902
12.2342
12.1837
13.0684
12.0916
12.0156
11.8111
10.8718
9.47223
9.02928
8.95259
8.91128
8.68687
8.24947
8.01588
7.26866
7.20436
7.03304
6.8929
6.84355
6.81418
6.8138
6.81253
6.80797
6.80797
6.80439
6.79478
6.74734
6.71101
6.86979
6.64978
6.63691
6.75869
6.14936
6.14793
6.14936
6.14626
6.23655
6.13001
6.11427
6.11224
6.10413
6.08385
6.0109
6.00496
6.21528
5.98517
5.91986
5.91392
5.91392
5.91392
5.91392
5.91392
5.91186
5.90556
5.88908
5.83948
6.52543
5.96953
5.81006
5.81006
5.81047
5.80781
5.80456
5.80376
5.79979
5.79807
5.79807
5.79807
5.79807
5.79748
5.79748
5.79748
5.79572
5.79278
5.77336
5.76865
5.76865
5.76865
5.76865
5.76739
5.76632
5.76739
5.76748
5.76748
5.76283
5.75003
5.71046
5.71046
5.71046
5.71046
5.71037
5.71037
5.71007
5.70918
5.70552
5.70552
5.70552
5.70552
5.70532
6.06917
5.72132
5.74834
5.73548
5.71763
6.18957
5.7229
5.69527
5.69527
5.69527
5.69527
5.69527
5.69527
5.69527
5.69527
5.69527
5.69527
5.69527
5.69527
5.69527
5.69527
5.69527
5.69527
5.69527
5.69527
5.69527
5.69527
5.69527
5.69527
5.6951
5.6951
5.69427
5.73467
5.68698
5.68698
5.68698
5.68698
5.68698
5.68698
5.68698
5.68698
5.68698
5.68698
5.68698
5.68698
5.68698
5.68698
5.68698
5.68698
5.68698
5.68698
5.68698
5.68698
5.68698
5.68698
5.68698
5.68698
5.68698
5.68698
5.68698
5.68698
5.68698
5.68688
5.68666
5.68568
5.68263
5.68154
5.68154
5.68154
5.68154
5.68154
5.68154
5.68154
5.68154
5.68154
5.68154
5.68154
5.68154
5.68154
5.68154
5.68154
5.68154
5.68154
5.68154
5.68154
5.68154
5.68154
5.68154
5.68154
5.68154
5.68154
5.68154
5.68154
5.68154
5.68154
5.68154
5.68154
5.68154
5.68154
5.68154
5.68149
5.68149
5.68131
5.68076
5.67924
5.67924
5.67905
5.67827
5.67555
5.66953
5.66953
5.66953
5.66953
5.66953
5.66953
5.66953
5.66953
5.66953
5.66953
5.66953
5.66953
5.66953
5.66953
5.66953
5.66953
5.66953
5.66953
5.66953
5.66953
5.66953
5.66953
5.66953
5.66953
5.66953
5.66953
5.66953
5.66953
5.66953
5.66953
5.66953
5.66953
5.66953
5.66837
5.66604
5.65554
5.6122
5.61121
5.61121
5.61121
5.61121
5.61121
5.61121
5.61121
5.61121
5.61121
5.61121
5.61121
5.61121
5.61121
5.61121
5.61121
5.61121
5.61121
5.61121
5.61121
5.61121
5.61121
5.61121
5.61121
5.61121
5.61121
5.61121
5.61121
5.61121
5.61121
5.61121
5.61121
5.61121
5.61121
5.61121
5.61121
5.61121
5.61121
5.61121
5.61121
5.61121
5.61121
5.61121
5.61121
5.61121
5.61121
5.61121
5.61121
5.61121
5.61121
5.61121
5.61121
5.61121
5.61121
5.61121
5.61121
5.61121
5.61121
5.61121
5.61121
5.61121
5.61121
5.61121
5.61121
5.61121
5.61121
5.61121
5.61121
5.61121
5.61121
5.61121
5.61121
5.61121
5.61121
5.61121
5.61121
5.61121
5.61121
5.61121
5.61121
5.61121
5.61121
5.61121
5.61121
5.61121
5.61121
5.61121
5.61121
5.61121
5.61121
5.61121
5.61121
5.61121
5.61121
5.61121
5.61121
5.61121
5.61121
5.61121
5.61121
5.61121
5.61121
5.61121
5.61121
5.61121
5.61121
5.61121
5.61121
5.61121
5.61121
5.61121
5.61121
5.61121
5.61121
5.61121
5.61121
5.61121
5.61121
5.61121
5.61121
5.61121
5.61121
5.61121
5.61121
5.61121
5.61121
5.61121
5.61121
5.61121
5.61121
5.61121
5.61121
5.61121
5.61121
5.61121
5.61121
5.61121
5.61121
5.61121
5.61121
5.61121
5.61121
5.61121
5.61121
5.61121
5.61121
5.61121
5.61121
5.61121
5.61121
5.61121
5.61121
5.61121
5.61121
5.61121
5.61121
5.61121
5.61121
5.61121
5.61121
5.61121
5.61121
5.61121
5.61121
5.61121
5.61121
5.61121
5.61121
5.61121
5.61121
5.61121
5.61121
5.61121
5.61121
5.61121
5.61121
5.61121
5.61121
5.61121
5.61121
5.61121
5.61121
5.61121
5.61121
5.61121
5.61121
5.61121
5.61121
5.61121
5.61121
5.61121
5.61121
5.61121
5.61121
5.61121
5.61121
5.61121
5.61121
5.61121
5.61121
5.61121
5.61121
5.61121
5.61121
5.61121
5.61121
5.61121
5.61121
5.61121
5.61121
5.61121
5.61121
5.61121
5.61121
5.61121
5.61121
5.61121
5.61121
5.61121
5.61121
5.61121
5.61121
5.61121
5.61121
5.61121
5.61121
5.61121
5.61121
5.61121
5.61121
5.61121
5.61121
5.61121
5.61121
5.61121
5.61121
5.61121
5.61121
5.61121
5.61121
5.61121
5.61121
5.61121
5.61121
5.61121
5.61121
5.61121
5.61121
5.61121
5.61121
5.61121
5.61121
5.61121
5.61121
5.61121
5.61121
5.61121
5.61121
5.61121
5.61121
5.61121
5.61121
5.61121
5.61121
5.61121
5.61121
5.61121
5.61121
5.61121
5.61121
5.61121
5.61121
5.61121
5.61121
5.61121
5.61121
5.61121
5.61121
5.61121
5.61121
5.61121
5.61121
5.61121
5.61121
5.61121
5.61121
5.61121
5.61121
5.61121
5.61121
5.61121
5.61121
5.61121
5.61121
5.61121
5.61121
5.61121
5.61121
5.61121
5.61121
5.61121
5.61121
5.61121
5.61121
5.61121
5.61121
5.61121
5.61121
5.61121
5.61121
5.61121
5.61121
5.61121
5.61121
5.61121
5.61121
5.61121
5.61121
5.61121
5.61121
5.61121
5.61121
5.61121
5.61121
5.61121
5.61121
5.61121
5.61121
5.61121
5.61121
5.61121
5.61121
5.61121
5.61121
5.61121
5.61121
5.61121
5.61121
5.61121
5.61121
5.61121
5.61121
5.61121
5.61121
5.61121
5.61121
5.61121
5.61121
5.61121
5.61121
5.61121
5.61121
5.61121
5.61121
5.61121
5.61121
5.61121
5.61121
5.61121
5.61121
5.61121
5.61121
5.61121
5.61121
5.61121
5.61121
5.61121
5.61121
5.61121
5.61121
5.61121
5.61121
5.61121
5.61121
5.61121
5.61121
5.61121
5.61121
5.61121
5.61121
5.61121
5.61121
5.61121
5.61121
5.61121
5.61121
5.61121
5.61121
5.61121
5.61121
5.61121
5.61121
5.61121
5.61121
5.61121
5.61121
5.61121
5.61121
5.61121
5.61121
5.61121
5.61121
5.61121
5.61121
5.61121
5.61121
5.61121
5.61121
5.61121
5.61121
5.61121
5.61121
5.61121
5.61121
5.61121
5.61121
5.61121
5.61121
5.61121
5.61121
5.61121
5.61121
5.61121
5.61121
5.61121
5.61121
5.61121
5.61121
5.61121
5.61121
5.61121
5.61121
5.61121
5.61121
5.61121
5.61121
5.61121
5.61121
5.61121
5.61121
5.61121
5.61121
5.61121
5.61121
5.61121
5.61121
5.61121
5.61121
5.61121
5.61121
5.61121
5.61121
5.61121
5.61121
5.61121
5.61121
5.61121
5.61121
5.61121
5.61121
5.61121
5.61121
5.61121
5.61121
5.61121
5.61121
5.61121
5.61121
5.61121
5.61121
5.61121
5.61121
5.61121
5.61121
5.61121
5.61121
5.61121
5.61121
5.61121
5.61121
5.61121
5.61121
5.61121
5.61121
5.61121
5.61121
5.61121
5.61121
5.61121
5.61121
5.61121
5.61121
5.61121
5.61121
5.61121
5.61121
5.61121
5.61121
5.61121
5.61121
5.61121
5.61121
5.61121
5.61121
5.61121
5.61121
5.61121
5.61121
5.61121
5.61121
5.61121
5.61121
5.61121
5.61121
5.61121
5.61121
5.61121
5.61121
5.61121
5.61121
5.61121
5.61121
5.61121
5.61121
5.61121
5.61121
5.61121
5.61121
5.61121
5.61121
5.61121
5.61121
5.61121
5.61121
5.61121
5.61121
5.61121
5.61121
5.61121
5.61121
5.61121
5.61121
5.61121
5.61121
5.61121
5.61121
5.61121
5.61121
5.61121
5.61121
5.61121
5.61121
5.61121
5.61121
5.61121
5.61121
5.61121
5.61121
5.61121
5.61121
5.61121
5.61121
5.61121
5.61121
5.61121
5.61121
5.61121
5.61121
5.61121
5.61121
5.61121
5.61121
5.61121
5.61121
5.61121
5.61121
5.61121
5.61121
5.61121
5.61121
5.61121
5.61121
5.61121
5.61121
5.61121
5.61121
5.61121
5.61121
5.61121
5.61121
5.61121
5.61121
5.61121
5.61121
5.61121
5.61121
5.61121
5.61121
5.61121
5.61121
5.61121
5.61121
5.61121
5.61121
5.61121
5.61121
5.61121
5.61121
5.61121
5.61121
5.61121
5.61121
5.61121
5.61121
5.61121
5.61121
5.61121
5.61121
5.61121
5.61121
5.61121
5.61121
5.61121
5.61121
5.61121
5.61121
5.61121
5.61121
5.61121
5.61121
5.61121
5.61121
5.61121
5.61121
5.61121
5.61121
5.61121
5.61144
5.61121
5.61121
5.61121
5.61121
5.61121
5.61121
5.61121
5.61121
5.61121
5.61121
5.61121
5.61121
5.61121
5.61121
5.61121
5.61121
5.61121
5.61121
5.61121
5.61121
5.61121
5.61121
5.61121
5.61121
5.61121
5.61121
5.61121
5.61121
5.61121
5.61121
5.61121
5.61121
5.61121
5.61121
5.61121
5.61121
5.61121
5.61121
5.61121
5.61121
5.61121
5.61121
5.61121
5.61121
5.61121
5.61121
5.61121
5.61121
5.61121
5.61121
5.61121
5.61121
5.61121
5.61121
5.61121
5.61121
5.61121
5.61121
5.61121
5.61121
5.61121
5.61121
5.61121
5.61121
5.61121
5.61121
5.61121
5.61121
5.61121
5.61121
5.61121
5.61121
5.61121
5.61121
5.61121
5.61121
5.61121
5.61121
5.61121
5.61121
5.61121
5.61121
5.61121
5.61121
5.61121
5.61121
5.61121
5.61121
5.61121
