# best half averages
54.3485
49.1105
45.2374
41.9463
38.8162
37.2408
35.357
33.228
30.1996
28.3386
27.2482
26.134
25.8137
25.5363
25.1005
23.786
23.5437
23.0228
22.5076
22.3258
21.3265
21.3816
20.4796
20.1944
19.9702
19.3298
19.1458
18.524
18.0973
17.496
16.4285
14.9165
14.6259
14.2998
14.132
13.5888
13.2086
13.1723
12.9854
12.3088
11.5855
10.5991
9.79747
9.49731
9.17535
8.86493
8.43417
8.19816
7.93816
7.3824
6.90416
6.89576
6.85877
6.74466
6.50431
6.42814
6.31442
6.27781
6.26061
6.1918
6.06709
6.06397
6.05459
6.04177
6.10099
5.91075
5.90256
5.89367
5.81483
5.5793
5.51077
5.46003
5.4171
5.41163
5.40724
5.38805
5.33594
5.1103
4.89126
4.89126
4.89126
4.89126
4.88945
4.88584
4.87501
4.82806
4.8006
4.79712
4.78977
4.75187
4.60655
4.3973
4.19769
3.85186
3.41832
3.41737
3.41612
3.41612
3.41612
3.41612
3.41612
3.41612
3.41612
3.41611
3.41612
3.41612
3.41612
3.41612
3.41612
3.41612
3.41612
3.41612
3.41612
3.41612
3.41612
3.41612
3.41606
3.416
3.41568
3.41549
3.41472
3.41294
3.41294
3.41294
3.41294
3.41006
3.40144
3.38995
3.34169
3.26929
3.26886
3.26844
3.26828
3.26556
3.26135
3.25391
3.24797
3.24186
3.21804
3.18081
3.07069
3.00751
2.93886
2.93886
2.93886
2.9377
2.9377
2.93654
2.93451
2.93074
2.92349
2.91334
2.91288
2.88653
2.86595
2.85038
2.78707
2.72926
2.57075
2.56455
2.55905
2.53622
2.46711
2.42627
2.42627
2.42627
2.42627
2.42627
2.42627
2.42627
2.42627
2.42627
2.42627
2.42627
2.42627
2.42627
2.42618
2.42589
2.42532
2.42306
2.4206
2.41968
2.40556
2.40811
2.39773
2.39711
2.3955
2.39407
2.39338
2.39306
2.39223
2.39025
2.38848
2.38848
2.38848
2.38848
2.38848
2.38848
2.38848
2.38848
2.38848
2.38848
2.38848
2.38848
2.38848
2.38848
2.38848
2.38848
2.38848
2.38848
2.38848
2.38848
2.38848
2.38848
2.38848
2.38848
2.38848
2.38848
2.38848
2.38848
2.38848
2.38848
2.38847
2.38845
2.3884
2.38842
2.38835
2.38812
2.38778
2.38765
2.38765
2.38765
2.38765
2.38765
2.38765
2.38765
2.38765
2.38765
2.38765
2.38765
2.38765
2.38765
2.38765
2.38765
2.38765
2.38765
2.38765
2.38765
2.38765
2.38765
2.38765
2.38765
2.38765
2.38765
2.38765
2.38765
2.38765
2.38765
2.38765
2.38765
2.38765
2.38765
2.38765
2.38765
2.38765
2.38765
2.38765
2.38765
2.38765
2.38765
2.38765
2.38765
2.38765
2.38765
2.38765
2.38765
2.38765
2.38765
2.38765
2.38765
2.38765
2.38765
2.38765
2.38765
2.38765
2.38765
2.38765
2.38765
2.38765
2.38765
2.38765
2.38765
2.38765
2.38765
2.38765
2.38765
2.38765
2.38765
2.38765
2.38765
2.38765
2.38765
2.38765
2.38765
2.38765
2.38765
2.38765
2.38765
2.38765
2.38765
2.38765
2.38765
2.38765
2.38765
2.38765
2.38765
2.38765
2.38765
2.38765
2.38765
2.38765
2.38765
2.38765
2.38765
2.38765
2.38765
2.38765
2.38765
2.38765
2.38765
2.38765
2.38765
2.38765
2.38765
2.38765
2.38765
2.38765
2.38765
2.38765
2.38765
2.38765
2.38765
2.38765
2.38765
2.38765
2.38765
2.38765
2.38765
2.38765
2.38765
2.38765
2.38765
2.38765
2.38765
2.38765
2.38765
2.38765
2.38765
2.38765
2.38765
2.38765
2.38765
2.38765
2.38765
2.38765
2.38765
2.38765
2.38765
2.38765
2.38765
2.38765
2.38765
2.38765
2.38765
2.38765
2.38765
2.38765
2.38765
2.38765
2.38765
2.38765
2.38765
2.38765
2.38765
2.38765
2.38765
2.38765
2.38765
2.38765
2.38765
2.38765
2.38765
2.38765
2.38765
2.38765
2.38765
2.38765
2.38765
2.38765
2.38765
2.38765
2.38765
2.38765
2.38765
2.38765
2.38765
2.38765
2.38765
2.38765
2.38765
2.38765
2.38765
2.38765
2.38765
2.38765
2.38765
2.38765
2.38765
2.38765
2.38765
2.38765
2.38765
2.38765
2.38765
2.38765
2.38765
2.38765
2.38765
2.38765
2.38765
2.38765
2.38765
2.38765
2.38765
2.38765
2.38765
2.38765
2.38765
2.38765
2.38765
2.38765
2.38765
2.38765
2.38765
2.38765
2.38765
2.38765
2.38765
2.38765
2.38765
2.38765
2.38765
2.38765
2.38765
2.38765
2.38765
2.38765
2.38765
2.38765
2.38765
2.38765
2.38765
2.38765
2.38765
2.38765
2.38765
2.38765
2.38765
2.38765
2.3783
2.38765
2.38765
2.38765
2.38765
2.38765
2.38765
2.38765
2.38765
2.38765
2.38765
2.38765
2.38765
2.38765
2.38765
2.3783
2.36895
2.35024
2.27543
2.13516
1.92008
1.92008
1.92008
1.92008
1.92008
1.92008
1.92008
1.92008
1.92008
1.92008
1.92008
1.92008
1.92008
1.92008
1.92008
1.92008
1.92008
1.92008
1.92008
1.92008
1.92008
1.92008
1.92008
1.92008
1.92008
1.92008
1.92008
1.92008
1.92008
1.92008
1.92008
1.92008
1.92008
1.92008
1.92008
1.92008
1.92008
1.92008
1.92008
1.92008
1.92008
1.92008
1.92008
1.92008
1.92008
1.92008
1.92008
1.92008
1.92008
1.92008
1.92008
1.92008
1.92008
1.92008
1.92008
1.92008
1.92008
1.92008
1.92008
1.92008
1.92008
1.92008
1.92008
1.92008
1.92008
1.92008
1.92008
1.92008
1.92008
1.92008
1.92008
1.92008
1.92008
1.92008
1.92008
1.92008
1.92008
1.92008
1.92008
1.92008
1.92008
1.92008
1.92008
1.92008
1.92008
1.92008
1.92008
1.92008
1.92008
1.92008
1.92008
1.92008
1.92008
1.92008
1.92008
1.92008
1.92008
1.92008
1.92008
1.92008
1.92008
1.92008
1.92008
1.92008
1.92008
1.92008
1.92008
1.92008
1.92008
1.92008
1.92008
1.92008
1.92008
1.92008
1.92008
1.92008
1.92008
1.92008
1.92008
1.92008
1.92008
1.92008
1.92008
1.92008
1.92008
1.92008
1.92008
1.92008
1.92008
1.92008
1.92008
1.92008
1.92008
1.92008
1.92008
1.92008
1.92008
1.92008
1.92008
1.92008
1.92008
1.92008
1.92008
1.92008
1.92008
1.92008
1.92008
1.92008
1.92008
1.92008
1.92008
1.92008
1.92008
1.92008
1.92008
1.92008
1.92008
1.92008
1.92008
1.92008
1.92008
1.92008
1.92008
1.92008
1.92008
1.92008
1.92008
1.92008
1.92008
1.92008
1.92008
1.92008
1.92008
1.92008
1.92008
1.92008
1.92008
1.92008
1.92008
1.92008
1.92008
1.92008
1.92008
1.92008
1.92008
1.92008
1.92008
1.92008
1.92008
1.92008
1.92008
1.92008
1.92008
1.92008
1.92008
1.92008
1.92008
1.92008
1.92008
1.92008
1.92008
1.92008
1.92008
1.92008
1.92008
1.92008
1.92008
1.92008
1.92008
1.92008
1.92008
1.92008
1.92008
1.92008
1.92008
1.92008
1.92008
1.92008
1.92008
1.92008
1.92008
1.92008
1.92008
1.92008
1.92008
1.92008
1.92008
1.92008
1.92008
1.92008
1.92008
1.92008
1.92008
1.92008
1.92008
1.92008
1.92008
1.92008
1.92008
1.92008
1.92008
1.92008
1.92008
1.92008
1.92008
1.92008
1.92008
1.92008
1.92008
1.92008
1.92008
1.92008
1.92008
1.92008
1.92008
1.92008
1.92008
1.92008
1.9838
1.92008
1.92008
1.92008
1.92008
1.92008
1.92008
1.92008
1.92008
1.92008
1.92008
1.92008
1.92008
1.92008
1.92008
1.92008
1.92008
1.92008
1.92008
1.92008
1.92008
1.92008
1.92008
1.92008
1.92008
1.92008
1.92008
1.92008
1.92008
1.92008
1.92008
1.92008
1.92008
1.92008
1.92008
1.92008
1.92008
1.92008
1.92008
1.92008
1.92008
1.92008
1.92008
1.92008
1.92008
1.92008
1.92008
1.92008
1.92008
1.92008
1.92008
1.92008
1.92008
1.92008
1.92008
1.92008
1.92008
1.92008
1.92008
1.92008
1.92008
1.92008
1.92008
1.92008
1.92008
1.92008
1.92008
1.92008
1.92008
1.92008
1.92008
1.92008
1.92008
1.92008
1.92008
1.92008
1.92008
1.92008
1.92008
1.92008
1.92008
1.92008
1.92008
1.92008
1.92008
1.92008
1.92008
1.92008
1.92008
1.92008
1.92008
1.92008
1.92008
1.92008
1.92008
1.92008
1.92008
1.92008
1.92008
1.92008
1.92008
1.92008
1.92008
1.92008
1.92008
1.92008
1.92008
1.92008
1.92008
1.92008
1.92008
1.92008
1.92008
1.92008
1.92008
1.92008
1.92008
1.92008
1.92008
1.92008
1.92008
1.92008
1.92008
1.92008
1.92008
1.92008
1.92008
1.92008
1.92008
1.92008
1.92008
1.92008
1.92008
1.92008
1.92008
1.92008
1.92008
1.92008
1.92008
1.92008
1.92008
1.92008
1.92008
1.92008
1.92008
1.92008
1.92008
1.92008
1.92008
1.92008
1.92008
1.92008
1.92008
1.92008
1.92008
1.92008
1.92008
1.92008
1.92008
1.92008
1.92008
1.92008
1.92008
1.92008
1.92008
1.92008
1.92008
1.92008
1.92008
1.92008
1.92008
1.92008
1.92008
1.92008
1.92008
1.92008
1.92008
1.92008
1.92008
1.92008
1.92008
1.92008
1.92008
1.92008
1.92008
1.92008
1.92008
1.92008
1.92008
1.92008
1.92008
1.92008
1.92008
1.92008
1.92008
1.92008
1.92008
1.92008
1.92008
1.92008
1.92008
1.92008
1.92008
1.92008
1.92008
1.92008
1.92008
1.92008
1.92008
1.92008
1.92008
1.92008
1.92008
1.92008
1.92008
1.92008
1.92008
1.92008
1.92008
1.92008
1.92008
1.92008
1.92008
1.92008
1.92008
1.92008
1.92008
1.92008
1.92008
1.92008
1.92008
1.92008
1.92008
1.92008
1.92008
1.92008
1.92008
1.92008
1.92008
1.92008
1.92008
1.92008
1.92008
1.92008
1.92008
1.92008
1.92008
1.92008
1.92008
1.92008
1.92008
1.92008
1.92008
