# best half averages
54.6792
46.4365
41.2223
38.4409
35.5713
31.2264
27.1015
22.9617
22.4168
21.4869
21.0317
20.1163
19.9599
19.7852
19.4688
19.2672
18.6623
18.345
17.2431
15.947
14.2352
13.4386
12.0177
11.9868
11.9242
11.7126
11.1295
10.1179
9.81221
9.06367
8.82718
8.75133
8.69612
8.5035
8.21013
8.18865
8.21299
8.18299
8.16102
8.12175
8.07652
8.05993
7.89103
7.83146
7.73523
7.73211
7.73523
7.73523
7.73523
7.73467
7.7341
7.72788
7.70694
7.70694
7.70694
7.70694
7.70694
7.70694
7.70694
7.70694
7.70694
7.70694
7.70694
7.70694
7.70694
7.70694
7.69648
7.66511
7.4965
7.18405
7.18405
7.18195
7.17786
7.16931
7.13704
7.00139
6.91879
6.85166
6.85166
6.85166
6.85166
6.85107
6.85107
6.84006
6.79407
6.68992
6.55426
6.47864
6.47864
6.47864
6.47864
6.47864
6.47864
6.47864
6.47864
6.47864
6.47864
6.47864
6.47806
6.47747
6.47279
6.4517
6.44936
6.44936
6.44936
6.44936
6.44936
6.44704
6.55259
6.62399
6.44473
6.42906
6.37497
6.29496
6.24213
6.2326
6.20452
6.17674
6.17674
6.17674
6.17674
6.17552
6.17429
6.16449
6.12161
6.11549
6.11549
6.11549
6.11527
6.11451
6.11248
6.1146
6.09215
6.08903
6.08903
6.08602
6.08001
6.06142
6.00896
5.9386
5.9386
5.93809
5.93819
5.93542
5.92892
5.91668
5.91214
5.89891
5.86236
5.86214
5.86214
5.86236
5.86236
5.86236
5.86236
5.86236
5.86236
5.86236
5.86236
5.86226
5.86216
5.86236
5.86226
5.86216
5.86197
5.88257
6.12731
5.85906
5.8573
5.85705
5.90507
6.05136
5.85405
5.85118
5.85021
5.84923
5.84631
5.84338
5.87282
5.80243
5.80243
5.80243
5.80243
5.80243
5.80243
5.80243
5.80243
5.80243
5.80243
5.80243
5.80243
5.80243
5.80243
5.80243
5.80243
5.80243
5.80123
5.79762
5.80002
5.7928
5.92109
5.74223
5.74223
5.74223
5.74223
5.74223
5.74223
5.74223
5.74223
5.74223
5.74223
5.74223
5.74223
5.74223
5.74223
5.74223
5.74223
5.74223
5.74223
5.74223
5.74223
5.74223
5.74223
5.74223
5.74223
5.74223
5.74223
5.74223
5.74223
5.74223
5.74223
5.74223
5.74223
5.74223
5.74223
5.74223
5.74223
5.74223
5.74223
5.74223
5.74223
5.74223
5.74223
5.74223
5.74223
5.74223
5.74223
5.74223
5.74223
5.74223
5.74223
5.74223
5.74223
5.74223
5.74223
5.74223
5.74223
5.74223
5.74223
5.74223
5.74223
5.74223
5.74223
5.74223
5.74223
5.74223
5.74223
5.74223
5.74223
5.74223
5.74223
5.74223
5.74223
5.74223
5.74223
5.74223
5.74223
5.74223
5.74223
5.74223
5.74223
5.74223
5.74223
5.74223
5.74223
5.74223
5.74223
5.74223
5.74223
5.74223
5.74223
5.74223
5.74223
5.74223
5.74223
5.74223
5.74223
5.74223
5.74223
5.74223
5.74223
5.74223
5.74223
5.74223
5.74223
5.74223
5.74223
5.74223
5.74223
5.74223
5.74223
5.74223
5.74223
5.74223
5.74223
5.74223
5.74223
5.74223
5.74223
5.74223
5.74223
5.74223
5.74223
5.74223
5.74223
5.74223
5.74108
5.73878
5.72864
5.69382
5.6846
5.6846
5.6846
5.6846
5.6846
5.6846
5.6846
5.6846
5.6846
5.6846
5.6846
5.6846
5.6846
5.6846
5.6846
5.6846
5.6846
5.6846
5.6846
5.6846
5.6846
5.6846
5.6846
5.6846
5.6846
5.6846
5.6846
5.6846
5.6846
5.6846
5.6846
5.6846
5.6846
5.6846
5.6846
5.6846
5.6846
5.6846
5.6846
5.6846
5.6846
5.6846
5.6846
5.6846
5.6846
5.6846
5.6846
5.6846
5.6846
5.6846
5.6846
5.6846
5.6846
5.6846
5.6846
5.6846
5.6846
5.6846
5.6846
5.6846
5.6846
5.6846
5.6846
5.6846
5.6846
5.6846
5.6846
5.6846
5.6846
5.6846
5.6846
5.6846
5.6846
5.6846
5.6846
5.6846
5.6846
5.6846
5.6846
5.6846
5.6846
5.6846
5.6846
5.6846
5.6846
5.6846
5.6846
5.6846
5.6846
5.6846
5.6846
5.6846
5.6846
5.6846
5.6846
5.6846
5.6846
5.6846
5.6846
5.6846
5.6846
5.6846
5.6846
5.6846
5.6846
5.6846
5.6846
5.6846
5.6846
5.6846
5.6846
5.6846
5.6846
5.6846
5.6846
5.6846
5.6846
5.6846
5.6846
5.6846
5.6846
5.6846
5.6846
5.6846
5.6846
5.6846
5.6846
5.6846
5.6846
5.6846
5.6846
5.6846
5.6846
5.6846
5.6846
5.6846
5.6846
5.6846
5.6846
5.6846
5.6846
5.6846
5.6846
5.6846
5.6846
5.6846
5.6846
5.6846
5.6846
5.6846
5.6846
5.6846
5.6846
5.6846
5.6846
5.6846
5.6846
5.6846
5.6846
5.6846
5.6846
5.6846
5.6846
5.6846
5.6846
5.6846
5.6846
5.6846
5.6846
5.6846
5.6846
5.6846
5.6846
5.6846
5.6846
5.6846
5.6846
5.6846
5.6846
5.6846
5.6846
5.6846
5.6846
5.6846
5.6846
5.6846
5.6846
5.6846
5.6846
5.6846
5.6846
5.6846
5.6846
5.6846
5.6846
5.6846
5.6846
5.6846
5.6846
5.6846
5.6846
5.6846
5.6846
5.6846
5.6846
5.6846
5.6846
5.6846
5.6846
5.6846
5.6846
5.6846
5.6846
5.6846
5.6846
5.6846
5.6846
5.6846
5.6846
5.6846
5.6846
5.6846
5.6846
5.6846
5.6846
5.6846
5.6846
5.6846
5.6846
5.6846
5.6846
5.6846
5.6846
5.6846
5.6846
5.6846
5.6846
5.6846
5.6846
5.6846
5.6846
5.6846
5.6846
5.6846
5.6846
5.6846
5.6846
5.6846
5.6846
5.6846
5.6846
5.6846
5.6846
5.6846
5.6846
5.6846
5.6846
5.6846
5.6846
5.6846
5.6846
5.6846
5.6846
5.6846
5.6846
5.6846
5.6846
5.6846
5.6846
5.6846
5.6846
5.6846
5.6846
5.6846
5.6846
5.6846
5.6846
5.6846
5.6846
5.6846
5.6846
5.6846
5.6846
5.6846
5.6846
5.6846
5.6846
5.6846
5.6846
5.6846
5.6846
5.6846
5.6846
5.6846
5.6846
5.6846
5.6846
5.6846
5.6846
5.6846
5.6846
5.6846
5.6846
5.6846
5.6846
5.6846
5.6846
5.6846
5.6846
5.6846
5.6846
5.6846
5.6846
5.6846
5.6846
5.6846
5.6846
5.6846
5.6846
5.6846
5.6846
5.6846
5.6846
5.6846
5.6846
5.6846
5.6846
5.6846
5.6846
5.6846
5.6846
5.6846
5.6846
5.6846
5.6846
5.6846
5.6846
5.6846
5.6846
5.6846
5.6846
5.6846
5.6846
5.6846
5.6846
5.6846
5.6846
5.6846
5.6846
5.6846
5.6846
5.6846
5.6846
5.6846
5.6846
5.6846
5.6846
5.6846
5.6846
5.6846
5.6846
5.6846
5.6846
5.6846
5.6846
5.6846
5.6846
5.6846
5.6846
5.6846
5.6846
5.6846
5.6846
5.6846
5.6846
5.6846
5.6846
5.6846
5.6846
5.6846
5.6846
5.6846
5.6846
5.6846
5.6846
5.6846
5.6846
5.6846
5.6846
5.6846
5.6846
5.6846
5.6846
5.6846
5.6846
5.6846
5.6846
5.6846
5.6846
5.6846
5.6846
5.6846
5.6846
5.6846
5.6846
5.6846
5.6846
5.6846
5.6846
5.6846
5.6846
5.6846
5.6846
5.6846
5.6846
5.6846
5.6846
5.6846
5.6846
5.6846
5.6846
5.6846
5.6846
5.6846
5.6846
5.6846
5.6846
5.6846
5.6846
5.6846
5.6846
5.6846
5.6846
5.6846
5.6846
5.6846
5.6846
5.6846
5.6846
5.6846
5.6846
5.6846
5.6846
5.6846
5.6846
5.6846
5.6846
5.6846
5.6846
5.6846
5.6846
5.6846
5.6846
5.6846
5.6846
5.6846
5.6846
5.6846
5.6846
5.6846
5.6846
5.6846
5.6846
5.6846
5.6846
5.6846
5.6846
5.6846
5.6846
5.6846
5.6846
5.6846
5.6846
5.6846
5.6846
5.6846
5.6846
5.6846
5.6846
5.6846
5.6846
5.6846
5.6846
5.6846
5.6846
5.6846
5.6846
5.6846
5.6846
5.6846
5.6846
5.6846
5.6846
5.6846
5.6846
5.6846
5.6846
5.6846
5.6846
5.6846
5.6846
5.6846
5.6846
5.6846
5.6846
5.6846
5.6846
5.6846
5.6846
5.6846
5.6846
5.6846
5.6846
5.6846
5.6846
5.6846
5.6846
5.6846
5.6846
5.6846
5.6846
5.6846
5.6846
5.6846
5.6846
5.6846
5.6846
5.6846
5.6846
5.6846
5.6846
5.6846
5.6846
5.6846
5.6846
5.6846
5.6846
5.6846
5.6846
5.6846
5.6846
5.6846
5.6846
5.6846
5.6846
5.6846
5.6846
5.6846
5.6846
5.6846
5.6846
5.6846
5.6846
5.6846
5.6846
5.6846
5.6846
5.6846
5.6846
5.6846
5.6846
5.6846
5.6846
5.6846
5.6846
5.6846
5.6846
5.6846
5.6846
5.6846
5.6846
5.6846
5.6846
5.6846
5.6846
5.6846
5.6846
5.6846
5.6846
5.6846
5.6846
5.6846
5.6846
5.6846
5.6846
5.6846
5.6846
5.6846
5.6846
5.6846
5.6846
5.6846
5.6846
5.6846
5.6846
5.6846
5.6846
5.6846
5.6846
5.6846
5.6846
5.6846
5.6846
5.6846
5.6846
5.6846
5.6846
5.6846
5.6846
5.6846
5.6846
5.6846
5.6846
5.6846
5.6846
5.6846
5.6846
5.6846
5.6846
5.6846
5.6846
5.6846
5.6846
5.6846
5.6846
5.6846
5.6846
5.6846
5.6846
5.6846
5.6846
5.6846
5.6846
5.6846
5.6846
5.6846
5.6846
5.6846
5.6846
5.6846
5.6846
5.6846
5.6846
5.6846
5.6846
5.6846
5.6846
5.6846
5.6846
5.6846
5.6846
5.6846
5.6846
5.6846
5.6846
5.6846
5.6846
5.6846
5.6846
5.6846
5.6846
5.6846
5.6846
5.6846
5.6846
5.6846
5.6846
5.6846
5.6846
5.6846
