# best half averages
2656.46
2515.41
2446.9
2372.06
2244.31
2095.34
2003.9
1913.41
1814.77
1751.66
1669.36
1616.42
1569.91
1534.56
1485.38
1431.67
1392.69
1348.87
1297.44
1271.96
1247.26
1217.28
1203.21
1156.76
1113.21
1106.18
1091.41
1070.21
1064.1
1048.63
1033.64
1011.54
988.527
939.356
876.949
846.459
835.322
832.079
830.773
822.535
797.819
749.549
722.582
711.461
704.534
699.713
692.718
683.961
665.471
644.306
630.201
626.528
613.897
606.258
600.927
587.503
577.642
599.372
574.523
568.648
551.296
547.635
542.228
541.216
534.689
528.854
514.574
506.534
500.635
495.507
491.682
487.209
485.121
483.409
481.515
481.044
479.754
476.449
476.321
476.048
473.302
467.807
449.347
448.693
446.254
444.102
439.72
436.472
432.715
433.882
428.645
425.142
434.532
427.416
415.347
409.968
400.827
400.804
400.488
399.737
397.502
397.154
394.416
388.419
387.621
380.432
382.193
378.017
377.841
378.549
375.644
371.961
364.215
369.893
354.713
348.108
354.944
340.316
335.687
335.687
333.015
336.824
324.866
303.976
298.481
295.316
291.189
290.386
286.305
284.743
284
288.118
280.788
279.894
282.529
279.325
278.925
277.421
273.953
273.129
269.86
269.74
269.532
267.659
263.086
259.575
244.215
237.516
237.516
237.516
237.478
237.232
236.854
236.12
238.279
234.214
232.614
231.896
231.712
231.376
233.803
230.835
228.912
225.727
225.564
225.5
223.572
223.259
222.118
220.725
218.868
218.317
217.822
217.816
217.804
217.804
216.365
212.398
205.466
204.384
203.886
203.058
203.014
202.822
202.105
200.945
199.549
195.69
194.23
193.921
193.906
193.901
193.906
193.883
193.831
193.625
192.794
192.762
192.633
193.72
204.507
190.114
188.79
185.877
182.024
175.543
175.411
175.267
174.471
172.719
172.621
172.504
172.504
172.504
172.504
172.453
172.318
171.77
171.081
167.535
164.715
164.368
162.434
162.434
162.431
162.379
161.992
161.052
160.673
160.577
161.588
159.888
159.188
159.188
159.188
159.188
159.188
159.188
159.175
159.175
159.127
158.968
158.535
158.535
158.535
158.535
158.52
158.504
158.413
158.245
157.745
157.745
157.553
156.705
156.402
156.402
156.392
156.345
156.245
156.241
156.237
156.208
156.129
155.963
156.323
156.376
156.047
155.976
155.326
152.951
152.5
152.5
152.3
152.5
152.5
152.5
152.5
152.452
152.149
151.163
150.44
151.044
150.83
150.83
150.83
150.83
150.83
150.83
150.829
150.824
150.795
150.75
150.75
150.75
150.75
150.75
150.75
150.75
150.722
150.582
149.821
149.328
149.204
148.977
148.369
148.369
148.369
148.369
148.369
148.369
148.325
148.149
147.731
146.176
146.176
146.176
146.176
146.176
146.176
146.176
146.062
146.176
146.176
146.176
146.176
146.176
146.118
146.136
145.23
144.079
145.136
141.405
125.475
125.34
125.333
125.255
125.936
144.41
127.601
125.588
135.193
124.534
124.362
124.362
124.308
124.072
123.527
123.032
122.498
121.899
121.778
121.556
121.317
120.967
119.853
117.461
116.715
116.715
116.715
116.715
116.715
116.715
116.715
116.715
116.715
116.715
116.715
116.715
116.565
116.258
115.216
115.216
115.216
115.216
115.209
115.166
115.008
114.857
114.857
114.857
114.857
114.857
114.857
114.857
114.748
114.857
114.855
114.855
114.853
114.853
114.853
114.855
114.693
114.682
114.711
114.769
114.601
113.98
113.97
113.951
115.814
113.921
113.748
115.304
118.664
114.946
111.858
111.062
110.5
110.003
109.851
110.727
109.041
108.195
108.193
108.195
108.181
108.141
108.09
108.09
108.09
108.09
108.09
108.09
108.076
108.032
107.83
107.352
107.289
107.103
106.567
106.542
106.367
105.992
105.603
105.128
103.742
103.679
103.617
103.491
102.602
100.602
100.602
100.602
100.602
100.602
100.602
100.602
100.602
100.602
100.602
100.602
100.602
100.586
100.538
100.407
99.8025
99.0416
99.0375
99.0205
99.5295
99.2221
98.8029
98.7209
98.4889
98.4046
98.2847
98.1115
98.1115
98.1115
98.1115
98.1115
98.1115
98.1115
98.1115
98.1115
98.0731
98.0731
98.0348
97.9198
97.7664
97.4079
96.1745
96.1009
96.1406
96.0869
96.0869
96.0621
96.0702
96.0904
95.953
95.4332
96.0919
94.8451
94.0686
93.4969
93.4676
94.5392
93.2154
93.2154
93.2154
93.2154
93.2154
93.2062
93.1784
93.0412
92.6587
92.3544
92.0901
92.0835
92.0647
92.0468
92.0468
92.0468
92.0468
92.0285
92.0285
91.987
91.7172
91.1295
91.1295
91.1295
91.1249
91.1275
91.1218
91.0875
91.0341
91.0341
91.0341
91.0341
91.0341
91.0228
91.0116
90.9331
90.6189
90.473
90.473
90.473
90.4623
90.4498
90.422
90.3183
90.1378
90.1264
89.9964
89.6708
89.5893
89.5893
89.5893
89.5893
89.5893
89.5893
89.5893
89.5893
89.5893
89.5893
89.5893
89.5893
89.5893
89.5893
89.5893
89.5893
89.5893
89.5893
89.5893
89.5893
89.578
89.578
89.5354
89.4165
89.3011
89.0258
89.0258
89.0258
89.0258
89.0258
88.9501
88.8796
88.7229
88.1665
88.079
88.079
88.079
88.0524
87.9849
87.8794
87.4832
86.7458
86.7458
86.7458
86.7458
86.7458
86.7458
86.7458
86.7458
86.7458
86.7458
86.7458
86.7458
86.7458
86.7458
86.7458
86.7458
86.7458
86.7458
86.7458
86.7458
86.7458
86.7458
86.7458
86.7458
86.7458
86.7458
86.7436
86.7458
86.7458
86.6662
86.6544
86.5028
86.3131
87.0585
85.3754
85.1296
85.0105
84.5951
84.318
84.2895
84.2592
84.2272
84.0748
83.7277
83.7277
83.5961
83.1883
82.0814
82.0673
82.0313
81.9346
81.7785
81.6632
81.5398
81.4864
81.4864
81.4864
81.4864
81.4864
81.4864
81.4864
81.4864
81.4864
81.4864
81.4864
81.4864
81.4864
81.4864
81.4864
81.4864
81.4864
81.4864
81.4864
81.4864
81.4864
81.4795
81.4795
81.4864
81.4864
81.4864
81.4864
81.4864
81.4864
81.4864
81.4864
81.4864
81.4864
81.4864
81.4864
81.4864
81.4864
81.4864
81.4864
81.4265
81.3648
81.1907
80.487
80.4889
80.4889
80.4889
80.4889
80.4666
80.4555
80.4781
80.4377
80.2102
80.2102
80.2102
80.2102
80.1893
80.1824
80.1685
80.1546
83.8879
79.8786
79.8629
79.8629
79.7956
79.6833
79.4364
78.7406
78.7406
78.7406
78.7406
78.7371
78.7406
78.7406
78.7406
78.7406
78.7406
78.7406
78.7406
78.7406
78.7406
78.7406
78.7406
78.7406
78.7406
78.7406
78.7406
78.7406
78.7067
78.6215
78.4741
78.3543
78.3543
78.3543
78.3543
78.3543
78.3543
78.3423
78.3065
78.199
77.9023
77.7572
77.7572
77.7572
77.7572
77.7572
77.7572
77.7572
77.7572
77.7572
77.7572
77.7572
77.7572
77.7572
77.7572
77.7572
77.7572
77.7572
77.7572
77.7572
77.7482
77.7437
77.7482
77.7611
77.7482
77.7482
77.7437
78.0826
77.6931
77.8713
79.6602
77.1898
76.6478
76.1074
76.1074
76.1074
76.1074
76.1074
76.1074
76.1074
76.1074
76.1074
76.1074
76.1074
76.0345
75.8951
75.5451
75.2936
75.2729
75.1861
74.9777
74.9777
74.9704
74.9607
74.8731
74.7756
74.5807
74.5202
74.5202
74.5202
74.5202
74.5202
74.5202
74.5202
74.5202
74.5202
74.5202
74.5202
74.5202
74.5202
74.5159
74.5093
74.4938
74.4822
79.3875
74.3982
77.8529
74.4023
75.2197
74.4003
74.3982
74.4044
74.4023
74.4064
74.3467
74.405
74.3966
74.374
74.336
74.336
74.336
74.3355
74.1029
74.2195
74.336
74.3283
74.3051
74.2426
74.0965
73.9505
73.8999
73.9505
73.9505
73.9505
73.9505
73.9505
73.9505
73.9505
73.8009
73.6514
73.8757
73.9505
73.9505
73.9505
73.9505
73.9505
73.9505
73.9505
73.9505
73.9505
73.9505
73.9505
73.9505
73.9505
73.8293
73.9289
73.9146
73.8355
73.6072
73.5912
73.5912
73.5912
73.4844
73.4844
73.5912
73.5912
73.5912
73.5912
73.5912
73.5912
73.4844
73.4844
73.3777
73.4844
73.3777
79.3096
73.5912
73.5907
78.5869
86.4851
75.529
73.5912
73.5912
73.5912
73.5912
73.5887
73.5861
73.581
73.5657
73.5017
73.4634
73.4634
73.4634
73.4634
73.4634
73.4634
73.4634
73.4634
73.4634
73.4634
73.4634
73.4634
73.4634
73.4634
73.4634
73.4634
73.4634
73.4634
73.4634
73.4634
73.1865
73.1865
73.048
72.6326
73.0949
73.3914
72.6324
71.7874
69.8696
66.5377
66.5377
66.5377
66.5377
66.5377
66.5377
66.5377
66.5377
66.5377
66.5377
66.5377
66.5377
66.5377
66.5377
66.5377
66.5377
66.5377
66.5377
66.5377
66.5377
66.5304
66.5162
66.455
66.2838
66.1975
66.1975
66.1975
66.1975
66.1975
66.1975
66.1975
66.1975
66.1975
66.1975
66.1975
66.1975
66.1947
66.1975
66.1975
66.1975
66.1975
66.1975
66.1975
66.1975
66.1975
66.1975
66.1975
66.1975
66.1975
66.1975
66.1975
66.1975
66.1975
66.1975
66.1975
66.1975
66.1975
66.1975
66.1975
66.1975
66.1975
66.1975
66.1975
66.1975
66.1975
66.1975
66.1975
66.1975
66.1975
66.1975
66.1975
66.1975
66.1975
66.1975
66.1975
66.1975
66.1975
66.1952
66.1929
66.1952
66.1975
66.1975
66.1975
66.1975
66.1975
66.1975
66.1975
66.1969
66.1975
66.1975
66.1975
66.1975
66.1975
66.1975
66.1975
66.1975
66.1975
66.1975
66.1975
66.1975
66.1975
66.1975
66.1975
66.1975
66.1975
66.1975
66.1975
66.1975
66.1975
66.1975
66.1975
66.1655
66.1655
66.1975
66.1975
66.1975
66.1975
66.1975
66.1975
66.1975
66.1975
66.1975
66.1975
66.1975
66.1975
66.1975
66.1975
66.1555
66.1555
66.1695
66.1695
66.1387
66.1022
66.2691
69.318
66.1112
66.0366
66.8187
65.9943
65.9616
65.7932
65.4606
65.3263
65.3093
65.3263
65.3263
65.3263
65.3263
65.3263
65.3263
65.3263
65.3263
65.3263
65.3263
65.3243
65.3243
65.3243
65.3263
65.3263
65.3263
65.3263
65.3263
65.3263
65.3263
65.3263
65.3263
65.3263
65.305
65.305
65.3263
65.3263
65.3263
65.3263
65.3263
65.3263
65.3263
65.3263
65.3263
65.3263
65.3263
65.3263
65.3263
65.3263
65.3263
65.3263
65.3263
65.3263
65.3263
65.3263
65.3263
65.3263
65.3263
65.3263
65.3263
65.3263
65.3263
65.3263
65.3263
65.3263
65.3263
65.3263
65.3263
65.3263
65.3263
65.3263
65.3263
65.3263
65.3263
65.3263
65.3263
65.3263
65.3263
65.3263
65.3263
65.3263
65.2795
65.2561
65.4031
65.3263
65.3263
65.3263
65.3263
65.3263
65.3029
65.3263
65.3263
65.3263
65.3263
65.3263
65.3263
65.3263
65.3263
65.3263
65.3263
65.3263
65.3263
65.3263
65.3237
65.3263
65.4002
73.7886
65.3029
65.3029
65.3263
65.3263
65.3263
65.3263
65.3263
65.3186
65.3186
65.3186
65.3186
65.2878
65.6578
65.2107
65.0847
64.9385
64.934
64.9272
67.3342
64.9385
64.9408
64.9408
64.9251
64.9251
64.9251
64.9408
64.9408
64.9408
64.9408
64.9408
64.9408
64.9408
64.9408
64.9408
64.9408
64.9408
64.9408
64.9408
64.8957
64.8055
64.7153
64.3775
63.8131
63.8131
63.8131
63.8131
63.8131
63.8131
63.8131
63.8131
63.8131
63.8131
63.8131
63.8131
63.8131
63.8131
63.8131
63.8131
63.8131
63.8131
63.8131
63.8131
63.8131
63.8131
63.8131
63.8131
63.8131
63.8131
63.8131
63.8131
63.8131
63.8131
63.8131
63.8131
63.8131
63.8131
63.8131
63.8131
63.8131
63.8131
63.8131
63.8131
63.8131
63.8131
63.8131
63.8131
63.8026
63.7774
63.7227
63.708
63.708
63.708
63.708
63.708
63.7069
63.7044
63.6913
63.6828
63.6713
63.6367
63.5217
63.4066
63.4066
63.4066
63.4066
63.4066
63.4066
63.4066
63.4066
63.4066
63.4066
63.4066
63.4066
63.4066
63.4066
63.4066
63.4066
63.4066
63.4066
63.4066
63.4066
63.4066
63.4066
63.4066
63.4066
63.4066
63.4066
63.4066
63.4066
63.4066
63.4066
63.4066
63.4066
63.4066
63.4066
63.4066
63.4066
63.4066
63.4066
63.4066
63.4066
63.4066
63.4066
63.4066
63.4066
63.4066
63.4066
63.4066
63.4066
63.4066
63.4043
63.3952
63.3907
65.8558
63.402
63.4043
63.4043
63.4066
63.4066
63.4066
63.4066
63.4066
63.4066
63.4066
63.4066
63.4066
63.4066
63.4066
63.4066
63.4066
63.4066
63.4066
63.4066
63.3895
63.3554
63.3213
63.219
63.0826
62.5539
62.5539
62.5539
62.5539
62.5539
62.5539
62.5539
62.5539
62.5539
62.5539
62.5539
62.5539
62.5539
62.5539
62.5539
62.5517
62.5471
62.5471
62.5539
62.5539
62.5539
62.5539
62.5539
62.5539
62.5539
62.5539
62.5539
62.5539
62.5539
62.5539
62.5539
62.5539
62.5539
62.5539
62.5539
62.5539
62.5539
62.5539
62.5539
62.5539
62.5539
62.5539
62.5539
62.5539
62.5539
62.5539
62.5539
62.5539
62.5539
62.5539
62.5539
62.5539
62.5539
62.5539
62.5539
62.5539
62.5539
62.5539
62.5539
62.5539
62.5539
62.5539
62.5539
62.5539
62.5539
62.5539
62.5539
62.5539
62.5539
62.5539
62.5539
62.5539
62.5539
62.5539
62.5539
62.5539
62.5539
62.5539
62.5539
62.5539
62.5539
62.5539
62.5539
62.5539
62.5539
62.5539
62.5539
62.5539
62.5539
62.5539
62.5539
62.5539
62.5539
62.5539
62.5539
62.5539
62.5539
62.5539
62.5539
62.5539
62.5539
62.5539
62.5539
62.5539
62.5539
62.5539
62.5539
62.5539
62.5539
62.5539
62.5539
62.5539
62.5539
62.5539
62.5539
62.5539
62.5539
62.5539
62.5539
62.5539
62.5539
62.5539
62.5539
62.5539
62.5539
62.5539
62.5539
62.5539
62.5539
62.5539
62.5539
62.5539
62.5539
62.5539
62.5539
62.5539
62.5539
62.5539
62.5539
62.5539
62.5539
62.5539
62.5539
62.5539
62.5539
62.5539
62.5539
62.5539
62.5539
62.5539
62.5539
62.5539
62.5539
62.5539
62.5539
62.5539
62.5539
62.5539
62.5539
62.5539
62.5539
62.5539
62.5517
62.5539
62.5539
62.5539
62.5539
62.5539
62.5539
62.5539
62.5539
62.5539
62.5539
62.5539
62.5539
62.5539
62.5539
62.5539
62.5539
62.5539
62.5539
62.5539
62.5539
62.5539
62.5539
62.5539
62.5539
62.5539
62.5539
62.5539
62.5539
62.5539
62.5539
62.5539
62.5539
62.5539
62.5539
62.5539
62.5539
62.5539
62.5539
62.5539
62.5539
62.5539
62.5539
62.5539
62.5539
62.5539
62.5539
62.5539
62.5539
62.5539
62.5539
62.5539
62.5539
62.5539
62.5539
62.5539
62.5521
62.5483
62.5521
62.5539
62.5539
62.5539
62.5539
62.5539
62.5539
62.5539
62.5539
62.5539
62.5539
62.5539
62.5539
62.5539
62.5539
62.5539
62.5539
62.5539
62.5539
62.5539
62.5539
62.5539
62.5539
62.5539
62.5539
62.5539
62.5539
62.5539
62.5539
62.5539
62.5539
62.5539
62.5539
62.5539
62.5539
62.5539
62.5539
62.5539
62.5539
62.5539
62.5539
62.5539
62.5539
62.5539
62.5539
62.5539
62.5539
62.5539
62.5539
62.5539
62.5539
62.5539
62.5539
62.5539
62.5539
62.5539
62.5539
62.5539
62.5539
62.5539
62.5539
62.5539
62.5539
62.5539
62.5539
62.5539
62.5539
62.5539
62.5539
62.5539
62.5539
62.5539
62.5539
62.5539
62.5539
62.5539
62.5539
62.5539
62.5539
62.5539
62.5539
62.5539
62.5539
62.5539
62.5539
62.5539
62.5539
62.5539
62.5539
62.5539
62.5539
62.5539
62.5539
62.5539
62.5539
62.5539
62.5539
62.5539
62.5539
62.5539
62.5539
62.5539
62.5539
62.5539
62.5539
62.5539
62.5539
62.5539
62.5539
62.5539
62.5539
62.5539
62.5539
62.5539
62.5539
62.5539
62.5539
62.5539
62.5539
62.5539
62.5539
62.5539
62.5539
62.5539
62.5539
62.5539
62.5539
62.5539
62.5539
62.5539
62.5539
62.5539
62.5539
62.5539
62.5539
62.5539
62.5539
62.5539
62.5539
62.5539
62.5539
62.5539
62.5539
62.5539
62.5539
62.5539
62.5539
62.5539
62.5539
62.5539
62.5539
62.5539
62.5539
62.5539
62.5539
62.5539
62.5539
62.5539
62.5539
62.5539
62.5539
62.5539
62.5539
62.5539
62.5539
62.5539
62.5539
62.5539
62.5539
62.5539
62.5539
62.5539
62.5539
62.5539
62.5539
62.5539
62.5539
62.5539
62.5539
62.5539
62.5539
62.5539
62.5539
62.5539
62.5539
62.5539
62.5539
62.5539
62.5539
62.5539
62.5539
62.5539
62.5539
62.5539
62.5539
62.5539
62.5539
62.5539
62.5539
62.5539
62.5539
62.5539
62.5539
62.5539
62.5539
62.5539
62.5539
62.5539
62.5539
62.5539
62.5539
62.5539
62.5539
62.5539
62.5539
62.5539
62.5539
62.5539
62.5539
62.5539
62.5539
62.5539
62.5539
62.5539
62.5539
62.5539
62.5539
62.5539
62.5539
62.5539
62.5539
62.5539
62.5539
62.5539
62.5539
62.5539
62.5539
62.5539
62.5539
62.5539
62.5539
62.5539
62.5539
62.5539
62.5539
62.5539
62.5539
62.5539
62.5539
62.5539
62.5539
62.5539
62.5535
62.553
62.5512
62.5481
62.5369
62.5315
62.5315
62.5315
62.5315
62.5315
62.5315
62.5315
62.5315
62.5315
62.5315
62.5315
62.5315
62.5315
62.5315
62.5315
62.5315
62.5315
62.5315
62.5315
62.5315
62.5315
62.5315
62.5315
62.5315
62.5315
62.5315
62.5315
62.5315
62.5315
62.5315
62.5315
62.5315
62.5315
62.5315
62.5315
62.5293
62.5315
62.5315
62.5315
62.5315
62.5315
62.5315
62.5315
62.5315
62.5315
62.5315
62.5315
62.5315
62.5315
62.5315
62.5315
62.5315
62.5315
62.5315
62.5315
62.5315
62.5315
62.5315
62.5315
62.5315
62.5315
62.5315
62.5315
62.5315
62.5315
62.5315
62.5315
62.5315
62.5315
62.5315
62.5315
62.5315
62.5315
62.5315
62.5315
62.5315
62.5315
62.5315
62.5315
62.5315
62.5315
62.5315
62.5315
62.5315
62.5315
62.5315
62.5315
62.5315
62.5315
62.5315
62.5315
62.5315
62.5315
62.5315
62.5315
62.5315
62.5315
62.5315
62.5315
62.5315
62.5315
62.5315
62.5315
62.5315
62.5315
62.5315
62.5315
62.5315
62.5315
62.5315
62.5315
62.5315
62.5315
62.5315
62.5315
62.5315
62.5315
62.5315
62.5315
62.5315
62.5315
62.5315
62.5315
62.5315
62.5315
62.5315
62.5315
62.5315
62.5315
62.5315
62.5315
62.5315
62.5315
62.5315
62.5315
62.5315
62.5315
62.5315
62.5315
62.5315
62.5315
62.5315
62.5315
62.5315
62.5315
62.5315
62.5315
62.5315
62.5315
62.5315
62.5315
62.5315
62.5315
62.5315
62.5315
62.5315
62.5315
62.5315
62.5315
62.5315
62.5315
62.5315
62.5315
62.5315
62.5315
62.5315
62.5315
62.5297
62.5315
62.5315
62.5315
62.5315
62.5315
62.5315
62.5315
62.5315
62.5315
62.5315
62.5315
62.5315
62.5315
62.5315
62.5315
62.5315
62.5315
62.5315
62.5315
62.5315
62.5315
62.5315
62.5315
62.5315
62.5315
62.5315
62.5315
62.5315
62.5315
62.5315
62.5315
62.5315
62.5315
62.5315
62.5315
62.5315
62.5315
62.5315
62.5315
62.5315
62.5315
62.5315
62.5315
62.5315
62.5315
62.5315
62.5315
62.5315
62.5315
62.5315
62.5315
62.5315
62.5315
62.5315
62.5315
62.5315
62.5315
62.5315
62.5315
62.5315
62.5315
62.5315
62.5315
62.5315
62.5315
62.5315
62.5315
62.5315
62.5315
62.5315
62.5315
62.5315
62.5315
62.5315
62.5315
62.5315
62.5315
62.5315
62.5315
62.5315
62.5315
62.5315
62.5315
62.5315
62.5315
62.5315
62.5315
62.5315
62.5315
62.5315
62.5315
62.5315
62.5315
62.5315
62.5315
62.5315
62.5315
62.5315
62.5315
62.5315
62.5315
62.5315
62.5315
62.5315
62.5315
62.5315
62.5315
62.5315
62.5315
62.5315
62.5315
62.5315
62.5315
62.5315
62.5315
62.5315
62.5315
62.5315
62.5315
62.5315
62.8793
62.5315
62.5315
62.5315
62.5315
62.5315
62.5315
62.5315
62.5315
62.5315
62.5315
62.5315
62.5315
62.5315
62.5315
62.5315
62.5315
62.5315
62.5315
62.5315
62.5315
62.5315
62.5315
62.5315
62.5315
62.5315
62.5315
62.5315
62.5315
62.5315
62.5315
62.527
62.5183
65.1934
68.322
73.336
68.1612
62.5156
62.5156
62.5133
62.5111
62.9513
69.2632
67.8041
66.7649
62.4178
62.4178
62.4178
62.4178
62.4178
62.4178
62.4178
62.4178
62.4178
62.4178
62.4178
62.4178
62.4178
62.4178
62.4178
62.4178
62.4178
62.4178
62.4178
62.4178
62.4178
62.4178
62.4178
62.4178
62.4178
62.4178
62.4178
62.4178
62.4178
62.4178
62.4178
62.4178
62.4178
62.4178
62.4178
62.4178
62.4178
62.4178
62.4178
62.4178
62.4178
62.4178
62.4178
62.4178
62.4178
62.4178
62.4178
62.4178
62.4178
62.4178
62.4178
62.4178
62.4178
62.4178
62.4178
62.4178
62.4178
62.4178
62.4178
62.4178
62.4178
62.4178
62.4178
62.4178
62.4178
62.4178
62.4178
62.4178
62.4178
62.4178
62.7841
62.4178
64.2102
69.9611
72.0381
65.2238
62.4178
62.4178
62.4178
62.4178
62.4178
62.4178
62.4178
62.4178
62.4178
62.4178
62.4178
62.4178
62.4178
62.4178
62.4178
62.4178
62.4178
62.4178
62.4178
62.4178
62.4178
62.4178
62.4178
62.4178
62.4178
62.4178
62.4178
62.4178
62.4178
62.4178
62.4178
62.4178
62.4178
62.4178
62.4178
62.4178
62.4178
62.4178
62.4178
62.4178
62.4178
62.4178
62.4178
62.4178
62.4178
62.4178
62.4178
62.4178
62.4178
62.4178
62.4178
62.4178
62.4178
62.4178
62.4178
62.4178
62.4178
62.4178
62.4178
62.4178
62.4178
62.4178
62.4178
62.4178
62.4178
62.4178
62.4178
62.4178
62.4178
62.4178
62.4178
62.4178
62.4178
62.4178
62.4178
62.4178
62.4178
62.4178
62.4178
62.4178
62.4178
62.4178
62.4178
62.4178
62.4178
62.4178
62.4178
62.4178
62.4178
62.4178
62.4178
62.4178
62.4178
62.4178
62.4178
62.4178
62.4178
62.4178
62.4178
62.4178
62.4178
62.4178
62.4178
62.4178
62.4178
62.4178
62.4178
62.4178
62.4178
62.4178
62.4178
62.4178
62.4178
62.4178
62.4178
62.4178
62.4178
62.4178
62.4178
62.4178
62.4178
62.4178
62.4178
62.4178
62.4178
62.4178
62.4178
62.4178
62.4178
62.4178
62.4178
62.4178
62.4178
62.4178
62.4178
62.4178
62.4178
62.4178
62.4178
62.4178
62.4178
62.4178
62.4178
62.4178
62.4178
62.4178
62.4178
62.4178
62.4178
62.4178
62.4178
62.4178
62.4178
62.4178
62.4178
62.4178
62.4178
62.4178
62.4178
62.4178
62.4178
62.4178
62.4178
62.4178
62.4178
62.4178
62.4178
62.4178
62.4178
62.4178
62.4178
62.4178
62.4178
62.4178
62.4178
62.4178
62.4178
62.4178
62.4178
62.4178
62.4178
62.4178
62.4178
62.4178
62.4178
62.4178
62.4178
62.4178
62.4178
62.4178
62.4178
62.4178
62.4178
62.4178
62.4178
62.4178
62.4178
62.4178
62.4178
62.4178
62.4178
62.4178
62.4178
62.4178
62.4178
62.4178
62.4178
62.4178
62.4178
62.4178
62.4178
62.4178
62.4178
62.4178
62.4178
62.4178
62.4178
62.4178
62.4178
62.4178
62.4178
62.4178
62.4178
62.4178
62.4178
62.4178
62.4178
62.4178
62.4178
62.4178
62.4178
62.4178
62.4178
62.4178
62.4178
62.4178
62.4178
62.4178
62.4178
62.4178
62.4178
62.4178
62.4178
62.4178
62.4178
62.4178
62.4178
62.4178
62.4178
62.4178
62.4178
62.4178
62.4178
62.4178
62.4178
62.4178
62.4178
62.4178
62.4178
62.4178
62.4178
62.4178
62.4178
62.4178
62.4178
62.4178
62.4178
62.4178
62.4178
62.4178
62.4178
62.4178
62.4178
62.4178
62.4178
62.4178
62.4178
62.4178
62.4178
62.4178
62.4178
62.4178
62.4178
62.4178
62.4178
62.4178
62.4178
62.4178
62.4178
62.4178
62.4178
62.4178
62.4178
62.4178
62.4178
62.4178
62.4178
62.4178
62.4178
62.4178
62.4178
62.4178
62.4178
62.4178
62.4178
62.4178
62.4178
62.4178
62.4178
62.4178
62.4178
62.4178
62.4178
62.4178
62.4178
62.4178
62.4178
62.4178
62.4178
62.4178
62.4178
62.4178
62.4178
62.4178
62.4178
62.4178
62.4178
62.4178
62.4178
62.4178
62.4178
62.4178
62.4178
62.4178
62.4178
62.4178
62.4178
62.4178
62.4178
62.4178
62.4178
62.4178
62.4178
62.4178
62.4178
62.4178
62.4178
62.4178
62.4178
62.4178
62.4178
62.4178
62.4178
62.4178
62.4178
62.4178
62.4178
62.4178
62.4178
62.4178
62.4178
62.4178
62.4178
62.4178
62.4178
62.4178
62.4178
62.4178
62.4178
62.4178
62.4178
62.4178
62.4178
62.4178
62.4178
62.4178
62.4178
62.4178
62.4178
62.4178
62.4178
62.4178
62.4178
62.4178
62.4178
62.4178
62.4178
62.4178
62.4178
62.4178
62.4178
62.4178
62.4178
62.4178
62.4178
62.4178
62.4178
62.4178
62.4178
62.4178
62.4178
62.4178
62.4178
62.4178
62.4178
62.4178
62.4178
62.4178
62.4178
62.4178
62.4178
62.4178
62.4178
62.4178
62.4178
62.4178
62.4178
62.4178
62.4178
62.4178
62.4178
62.4178
62.4178
62.4178
62.4178
62.4178
62.4178
62.4178
62.4178
62.4178
62.4178
62.4178
62.4178
62.4178
62.4178
62.4178
62.4178
62.4178
62.4178
62.4178
62.4178
62.4178
62.4178
62.4178
62.4178
62.4178
62.4178
62.4178
62.4178
62.4178
62.4178
62.4178
62.4178
62.4178
62.4178
62.4178
62.4178
62.4178
62.4178
62.4178
62.4178
62.4178
62.4178
62.4178
62.4178
62.4178
62.4178
62.4178
62.4178
62.4178
62.4178
62.4178
62.4178
62.4178
62.4178
62.4178
62.4178
62.4178
62.4178
62.4178
62.4178
62.4178
62.4178
62.4178
62.4178
62.4178
62.4178
62.4178
62.4178
62.4178
62.4178
62.4178
62.4178
62.4178
62.4178
62.4178
62.4178
62.4178
62.4178
62.4178
62.4178
62.4178
62.4178
62.4178
62.4178
62.4178
62.4178
62.4178
62.4178
62.4178
62.4178
62.4178
62.4178
62.4178
62.4178
62.4178
62.4178
62.4178
62.4178
62.4178
62.4178
62.4178
62.4178
62.4178
62.4178
62.4178
62.4178
62.4178
62.4178
62.4178
62.4178
62.4178
62.4178
62.4178
62.4178
62.4178
62.4178
62.4178
62.4178
62.4178
62.4178
62.4178
62.4178
62.4178
62.4178
62.4178
62.4178
62.4178
62.4178
62.4178
62.4178
62.4178
62.4178
62.4178
62.4178
62.4178
62.4178
62.4178
62.4178
62.4178
62.4178
62.4178
62.4178
62.4178
62.4178
62.4178
62.4178
62.4178
62.4178
62.4178
62.4178
62.4178
62.4178
62.4178
62.4178
62.4178
62.4178
62.4178
62.4178
62.4178
62.4178
62.4178
62.4178
62.4178
62.4178
62.4178
62.4178
62.4178
62.4178
62.4178
62.4178
62.4178
62.4178
62.4178
62.4178
62.4178
62.4178
62.4178
62.4178
62.4178
62.4178
62.4178
62.4178
62.4178
62.4178
62.4178
62.4178
62.4178
62.4178
62.4178
62.4178
62.4178
62.4178
62.4178
62.4178
62.4178
62.4178
62.4178
62.4178
62.4178
62.4178
62.4178
62.4178
62.4178
62.4178
62.4178
62.4178
62.4178
62.4178
62.4178
62.4178
62.4178
62.4178
62.4178
62.4178
62.4178
62.4178
62.4178
62.4178
62.4178
62.4178
62.4178
62.4178
62.4178
62.4178
62.4178
62.4178
62.4178
62.4178
62.4178
62.4178
62.4178
62.4178
62.4178
62.4178
62.4178
62.4178
62.4178
62.4178
62.4178
62.4178
62.4178
62.4178
62.4178
62.4178
62.4178
62.4178
62.4178
62.4178
62.4178
62.4178
62.4178
62.4178
62.4178
62.4178
62.4178
62.4178
62.4178
62.4178
62.4178
62.4178
62.4178
62.4178
62.4178
62.4178
62.4178
62.4178
62.4178
62.4178
62.4178
62.4178
62.4178
62.4178
62.4178
62.4178
62.4178
62.4178
62.4178
62.4178
62.4178
62.4178
62.4178
62.4178
62.4178
62.4178
62.4178
62.4178
62.4178
62.4178
62.4178
62.4178
62.4178
62.4178
62.4178
62.4178
62.4178
62.4178
62.4178
62.4178
62.4178
62.4178
62.4178
62.4178
62.4178
62.4178
62.4178
62.4178
62.4178
62.4178
62.4178
62.4178
62.4178
62.4178
62.4178
62.4178
62.4178
62.4178
62.4178
62.4178
62.4178
62.4178
62.4178
62.4178
62.4178
62.4178
62.4178
62.4178
62.4178
62.4178
62.4178
62.4178
62.4178
62.4178
62.4178
62.4178
62.4178
62.4178
62.4178
62.4178
62.4178
62.4178
62.4178
62.4178
62.4178
62.4178
62.4178
62.4178
62.4178
62.4178
62.4178
62.4178
62.4178
62.4178
62.4178
62.4178
62.4178
62.4178
62.4178
62.4178
62.4178
62.4178
62.4178
62.4178
62.4178
62.4178
62.4178
62.4178
62.4178
62.4178
62.4178
62.4178
62.4178
62.4178
62.4178
62.4178
62.4178
62.4178
62.4178
62.4178
62.4178
62.4178
62.4178
62.4178
62.4178
62.4178
62.4178
62.4178
62.4178
62.4178
62.4178
62.4178
62.4178
62.4178
62.4178
62.4178
62.4178
62.4178
62.4178
62.4178
62.4178
62.4178
62.4178
62.4178
62.4178
62.4178
62.4178
62.4178
62.4178
62.4178
62.4178
62.4178
62.4178
62.4178
62.4178
62.4178
62.4178
62.4178
62.4178
62.4178
62.4178
62.4178
62.4178
62.4178
62.4178
62.4178
62.4178
62.4178
62.4178
62.4178
62.4178
62.4178
62.4178
62.4178
62.4178
62.4178
62.4178
62.4178
62.4178
62.4178
62.4178
62.4178
62.4178
62.4178
62.4178
62.4178
62.4178
62.4178
62.4178
62.4178
62.4178
62.4178
62.4178
62.4178
62.4178
62.4178
62.4178
62.4178
62.4178
62.4178
62.4178
62.4178
62.4178
62.4178
62.4178
62.4178
62.4178
62.4178
62.4178
62.4178
62.4178
62.4178
62.4178
62.4178
62.4178
62.4178
62.4178
62.4178
62.4178
62.4178
62.4178
62.4178
62.4178
62.4178
62.4178
62.4178
62.4178
62.4178
62.4178
62.4178
62.4178
62.4178
62.4178
62.4178
62.4178
62.4178
62.4178
62.4178
62.4178
62.4178
62.4178
62.4178
62.4178
62.4178
62.4178
62.4178
62.4178
62.4178
62.4178
62.4178
62.4178
62.4178
62.4178
62.4178
62.4178
62.4178
62.4178
62.4178
62.4178
62.4178
62.4178
62.4178
62.4178
62.4178
62.4178
62.4178
62.4178
62.4178
62.4178
62.4178
62.4178
62.4178
62.4178
62.4178
62.4178
62.4178
62.4178
62.4178
62.4178
62.4178
62.4178
62.4178
62.4178
62.4178
62.4178
62.4178
62.4178
62.4178
62.4178
62.4178
62.4178
62.4178
62.4178
62.4178
62.4178
62.4178
62.4178
62.4178
62.4178
62.4178
62.4178
62.4178
62.4178
62.4178
62.4178
62.4178
62.4178
62.4178
62.4178
62.4178
62.4178
62.4178
62.4178
62.4178
62.4178
62.4178
62.4178
62.4178
62.4178
62.4178
62.4178
62.4178
62.4178
62.4178
62.4178
62.4178
62.4178
62.4178
62.4178
62.4178
62.4178
62.4178
62.4178
62.4178
62.4178
62.4178
62.4178
62.4178
62.4178
62.4178
62.4178
62.4178
62.4178
62.4178
62.4178
62.4178
62.4178
62.4178
62.4178
62.4178
62.4178
62.4178
62.4178
62.4178
62.4178
62.4178
62.4178
62.4178
62.4178
62.4178
62.4178
62.4178
62.4178
62.4178
62.4178
62.4178
62.4178
62.4178
62.4178
62.4178
62.4178
62.4178
62.4178
62.4178
62.4178
62.4178
62.4178
62.4178
62.4178
62.4178
62.4178
62.4178
62.4178
62.4178
62.4178
62.4178
62.4178
62.4178
62.4178
62.4178
62.4178
62.4178
62.4178
62.4178
62.4178
62.4178
62.4178
62.4178
62.4178
62.4178
62.4178
62.4178
62.4178
62.4178
62.4178
62.4178
62.4178
62.4178
62.4178
62.4178
62.4178
62.4178
62.4178
62.4178
62.4178
62.4178
62.4178
62.4178
62.4178
62.4178
62.4178
62.4178
62.4178
62.4178
62.4178
62.4178
62.4178
62.4178
62.4178
62.4178
62.4178
62.4178
62.4178
62.4178
62.4178
62.4178
62.4178
62.4178
62.4178
62.4178
62.4178
62.4178
62.4178
62.4178
62.4178
62.4178
62.4178
62.4178
62.4178
62.4178
62.4178
62.4178
62.4178
62.4178
62.4178
62.4178
62.4178
62.4178
62.4178
62.4178
62.4178
62.4178
62.4178
62.4178
62.4178
62.4178
62.4178
62.4178
62.4178
62.4178
62.4178
62.4178
62.4178
62.4178
62.4178
62.4178
62.4178
62.4178
62.4178
62.4178
62.4178
62.4178
62.4178
62.4178
62.4178
62.4178
62.4178
62.4178
62.4178
62.4178
62.4178
62.4178
62.4178
62.4178
62.4178
62.4178
62.4178
62.4178
62.4178
62.4178
62.4178
62.4178
62.4178
62.4178
62.4178
62.4178
62.4178
62.4178
62.4178
62.4178
62.4178
62.4178
62.4178
62.4178
62.4178
62.4178
62.4178
62.4178
62.4178
62.4178
62.4178
62.4178
62.4178
62.4178
62.4178
62.4178
62.4178
62.4178
62.4178
62.4178
62.4178
62.4178
62.4178
62.4178
62.4178
62.4178
62.4178
62.4178
62.4178
62.4178
62.4178
62.4178
62.4178
62.4178
62.4178
62.4178
62.4178
62.4178
62.4178
62.4178
62.4178
62.4178
62.4178
62.4178
62.4178
62.4178
62.4178
62.4178
62.4178
62.4178
62.4178
62.4178
62.4178
62.4178
62.4178
62.4178
62.4178
62.4178
62.4178
62.4178
62.4178
62.4178
62.4178
62.4178
62.4178
62.4178
62.4178
62.4178
62.4178
62.4178
62.4178
62.4178
62.4178
62.4178
62.4178
62.4178
62.4178
62.4178
62.4178
62.4178
62.4178
62.4178
62.4178
62.4178
62.4178
62.4178
62.4178
62.4178
62.4178
62.4178
62.4178
62.4178
62.4178
62.4178
62.4178
62.4178
62.4178
62.4178
62.4178
62.4178
62.4178
62.4178
62.4178
62.4178
62.4178
62.4178
62.4178
62.4178
62.4178
62.4178
62.4178
62.4178
62.4178
62.4178
62.4178
62.4178
62.4178
62.4178
62.4178
62.4178
62.4178
62.4178
62.4178
62.4178
62.4178
62.4178
62.4178
62.4178
62.4178
62.4178
62.4178
62.4178
62.4178
62.4178
62.4178
62.4178
62.4178
62.4178
62.4178
62.4178
62.4178
62.4178
62.4178
62.4178
62.4178
62.4178
62.4178
62.4178
62.4178
62.4178
62.4178
62.4178
62.4178
62.4178
62.4178
62.4178
62.4178
62.4178
62.4178
62.4178
62.4178
62.4178
62.4178
62.4178
62.4178
62.4178
62.4178
62.4178
62.4178
62.4178
62.4178
62.4178
62.4178
62.4178
62.4178
62.4178
62.4178
62.4041
62.3858
62.3447
62.3035
62.3035
62.3035
62.3035
62.3035
62.3035
62.3035
62.3035
62.3035
62.3035
62.3035
62.3035
62.3035
62.3035
62.3035
62.3035
62.3035
62.3035
62.3035
62.3035
62.3035
62.3035
62.3035
62.3035
62.3035
62.3035
62.3035
62.3035
62.3035
62.3035
62.3035
62.3035
62.3035
62.3035
62.3035
62.3035
62.3035
62.3035
62.3035
62.3035
62.3035
62.3035
62.3035
62.3035
62.3035
62.3035
62.3035
62.3035
62.3035
62.3035
62.3035
62.3035
62.3035
62.3035
62.3035
62.3035
62.3035
62.3035
62.3035
62.3035
62.3035
62.3035
62.3035
62.3035
62.3035
62.3035
62.3035
62.3035
62.3035
62.3035
62.3035
62.3035
62.3035
62.3035
62.3035
62.3035
62.3035
62.3035
62.3035
62.3035
62.3035
62.3035
62.3035
62.3035
62.3035
62.3035
62.3035
62.3035
62.3035
62.3035
62.3035
62.3035
62.3035
62.3035
62.3035
62.3035
62.3035
62.3035
62.3035
62.3035
62.3035
62.3035
62.3035
62.3035
62.3035
62.3035
62.3035
62.3035
62.3035
62.3035
62.3035
62.3035
62.3035
62.3035
62.3035
62.3035
62.3035
62.3035
62.3035
62.3035
62.3035
62.3035
62.3035
62.3035
62.3035
62.3035
62.3035
62.3035
62.3035
62.3035
62.3035
62.3035
62.3035
62.3035
62.3035
62.3035
62.3035
62.3035
62.3035
62.3035
62.3035
62.3035
62.3035
62.3035
62.3035
62.3035
62.3035
62.3035
62.3035
62.3035
62.3035
62.3035
62.3035
62.3035
62.3035
62.3035
62.3035
62.3035
62.3035
62.3035
62.3035
62.3035
62.3035
62.3035
62.3035
62.3035
62.3035
62.3035
62.3035
62.3035
62.3035
62.3035
62.3035
62.3035
62.3035
62.3035
62.3035
62.3035
62.3035
62.3035
62.3035
62.3035
62.3035
62.3035
62.3035
62.3035
62.3035
62.3035
62.3035
62.3035
62.3035
62.3035
62.3035
62.3035
62.3035
62.3035
62.3035
62.3035
62.3035
62.3035
62.3035
62.3035
62.3035
62.3035
62.3035
62.3035
62.3035
62.3035
62.3035
62.3035
62.3035
62.3035
62.3035
62.3035
62.3035
62.3035
62.3035
62.3035
62.3035
62.3035
62.3035
62.3035
62.3035
62.3035
62.3035
62.3035
62.3035
62.3035
62.3035
62.3035
62.3035
62.3035
62.3035
62.3035
62.3035
62.3035
62.3035
62.3035
62.3035
62.3035
62.3035
62.3035
62.3035
62.3035
62.3035
62.3035
62.3035
62.3035
62.3035
62.3035
62.3035
62.3035
62.3035
62.3035
62.3035
62.3035
62.3035
62.3035
62.3035
62.3035
62.3035
62.3035
62.3035
62.3035
62.3035
62.3035
62.3035
62.3035
62.3035
62.3035
62.3035
62.3035
62.3035
62.3035
62.3035
62.3035
62.3035
62.3035
62.3035
62.3035
62.3035
62.3035
62.3035
62.3035
62.3035
62.3035
62.3035
62.3035
62.3035
62.3035
62.3035
62.3035
62.3035
62.3035
62.3035
62.3035
62.3035
62.3035
62.3035
62.3035
62.3035
62.3035
62.3035
62.3035
62.3035
62.3035
62.3035
62.3035
62.3035
62.3035
62.3035
62.3035
62.3035
62.3035
62.3035
62.3035
62.3035
62.3035
62.3035
62.3035
62.3035
62.3035
62.3035
62.3035
62.3035
62.3035
62.3035
62.3035
62.3035
62.3035
62.3035
62.3035
62.3035
62.3035
62.3035
62.3035
62.3035
62.3035
62.3035
62.3035
62.3035
62.3035
62.3035
62.3035
62.3035
62.3035
62.3035
62.3035
62.3035
62.3035
62.3035
62.3035
62.3035
62.3035
62.3035
62.3035
62.3035
62.3035
62.3035
62.3035
62.3035
62.3035
62.3035
62.3035
62.3035
62.3035
62.3035
62.3035
62.3035
62.3035
62.3035
62.3035
62.3035
62.3035
62.3035
62.3035
62.3035
62.3035
62.3035
62.3035
62.3035
62.3035
62.3035
62.3035
62.3035
62.3035
62.3035
62.3035
62.3035
62.3035
62.3035
62.3035
62.3035
62.3035
62.3035
62.3035
62.3035
62.3035
62.3035
62.3035
62.3035
62.3035
62.3035
62.3035
62.3035
62.3035
62.3035
62.3035
62.3035
62.3035
62.3035
62.3035
62.3035
62.3035
62.3035
62.3035
62.3035
62.3035
62.3035
62.3035
62.3035
62.3035
62.3035
62.3035
62.3035
62.3035
62.3035
62.3035
62.3035
62.3035
62.3035
62.3035
62.3035
62.3035
62.3035
62.3035
62.3035
62.3035
62.3035
62.3035
62.3035
62.3035
62.3035
62.3035
62.3035
62.3035
62.3035
62.3035
62.3035
62.3035
62.3035
62.3035
62.3035
62.3035
62.3035
62.3035
62.3035
62.3035
62.3035
62.3035
62.3035
62.3035
62.3035
62.3035
62.3035
62.3035
62.3035
62.3035
62.3035
62.3035
62.3035
62.3035
62.3035
62.3035
62.3035
62.3035
62.3035
62.3035
62.3035
62.3035
62.3035
62.3035
62.3035
62.3035
62.3035
62.3035
62.3035
62.3035
62.3035
62.3035
62.3035
62.3035
62.3035
62.3035
62.3035
62.3035
62.3035
62.3035
62.3035
62.3035
62.3035
62.3035
62.3035
62.3035
62.3035
62.3035
62.3035
62.3035
62.3035
62.3035
62.3035
62.3035
62.3035
62.3035
62.3035
62.3035
62.3035
62.3035
62.3035
62.3035
62.3035
62.3035
62.3035
62.3035
62.3035
62.3035
62.3035
62.3035
62.3035
62.3035
62.3035
62.3035
62.3035
62.3035
62.3035
62.3035
62.3035
62.3035
62.3035
62.3035
62.3035
62.3035
62.3035
62.3035
62.3035
62.3035
62.3035
62.3035
62.3035
62.3035
62.3035
62.3035
62.3035
62.3035
62.3035
62.3035
62.3035
62.3035
62.3035
62.3035
62.3035
62.3035
62.3035
62.3035
62.3035
62.3035
62.3035
62.3035
62.3035
62.3035
62.3035
62.3035
62.3035
62.3035
62.3035
62.3035
62.3035
62.3035
62.3035
62.3035
62.3035
62.3035
62.3035
62.3035
62.3035
62.3035
62.3035
62.3035
62.3035
62.3035
62.3035
62.3035
62.3035
62.3035
62.3035
62.3035
62.3035
62.3035
62.3035
62.3035
62.3035
62.3035
62.3035
62.3035
62.3035
62.3035
62.3035
62.3035
62.3035
62.3035
62.3035
62.3035
62.3035
62.3035
62.3035
62.3035
62.3035
62.3035
62.3035
62.3035
62.3035
62.3035
62.3035
62.3035
62.3035
62.3035
62.3035
62.3035
62.3035
62.3035
62.3035
62.3035
62.3035
62.3035
62.3035
62.3035
62.3035
62.3035
62.3035
62.3035
62.3035
62.3035
62.3035
62.3035
62.3035
62.3035
62.3035
62.3035
62.3035
62.3035
62.3035
62.3035
62.3035
62.3035
62.3035
62.3035
62.3035
62.3035
62.3035
62.3035
62.3035
62.3035
62.3035
62.3035
62.3035
62.3035
62.3035
62.3035
62.3035
62.3035
62.3035
62.3035
62.3035
62.3035
62.3035
62.3035
62.3035
62.3035
62.3035
62.3035
62.3035
62.3035
62.3035
62.3035
62.3035
62.3035
62.3035
62.3035
62.3035
62.3035
62.3035
62.3035
62.3035
62.3035
62.3035
62.3035
62.3035
62.3035
62.3035
62.3035
62.3035
62.3035
62.3035
62.3035
62.3035
62.3035
62.3035
62.3035
62.3035
62.3035
62.3035
62.3035
62.3035
62.3035
62.3035
62.3035
62.3035
62.3035
62.3035
62.3035
62.3035
62.3035
62.3035
62.3035
62.3035
62.3035
62.3035
62.3035
62.3035
62.3035
62.3035
62.3035
62.3035
62.3035
62.3035
62.3035
62.3035
62.3035
62.3035
62.3035
62.3035
62.3035
62.3035
62.3035
62.3035
62.3035
62.3035
62.3035
62.3035
62.3035
62.3035
62.3035
62.3035
62.3035
62.3035
62.3035
62.3035
62.3035
62.3035
62.3035
62.3035
62.3035
62.3035
62.3035
62.3035
62.3035
62.3035
62.3035
62.3035
62.3035
62.3035
62.3035
62.3035
62.3035
62.3035
62.3035
62.3035
62.3035
62.3035
62.3035
62.3035
62.3035
62.3035
62.3035
62.3035
62.3035
62.3035
62.3035
62.3035
62.3035
62.3035
62.3035
62.3035
62.3035
62.3035
62.3035
62.3035
62.3035
62.3035
62.3035
62.3035
62.3035
62.3035
62.3035
62.3035
62.3035
62.3035
62.3035
62.3035
62.3035
62.3035
62.3035
62.3035
62.3035
62.3035
62.3035
62.3035
62.3035
62.3035
62.3035
62.3035
62.3035
62.3035
62.3035
62.3035
62.3035
62.3035
62.3035
62.3035
62.3035
62.3035
62.3035
62.3035
62.3035
62.3035
62.3035
62.3035
62.3035
62.3035
62.3035
62.3035
62.3035
62.3035
62.3035
62.3035
62.3035
62.3035
62.3035
62.3035
62.3035
62.3035
62.3035
62.3035
62.3035
62.3035
62.3035
62.3035
62.3035
62.3035
62.3035
62.3035
62.3035
62.3035
62.3035
62.3035
62.3035
62.3035
62.3035
62.3035
62.3035
62.3035
62.3035
62.3035
62.3035
62.3035
62.3035
62.3035
62.3035
62.3035
62.3035
62.3035
62.3035
62.3035
62.3035
62.3035
62.3035
62.3035
62.3035
62.3035
62.3035
62.3035
62.3035
62.3035
62.3035
62.3035
62.3035
62.3035
62.3035
62.3035
62.3035
62.3035
62.3035
62.3035
62.3035
62.3035
62.3035
62.3035
62.3035
62.3035
62.3035
62.3035
62.3035
62.3035
62.3035
62.3035
62.3035
62.3035
62.3035
62.3035
62.3035
62.3035
62.3035
62.3035
62.3035
62.3035
62.3035
62.3035
62.3035
62.3035
62.3035
62.3035
62.3035
62.3035
62.3035
62.3035
62.3035
62.3035
62.3035
62.3035
62.3035
62.3035
62.3035
62.3035
62.3035
62.3035
62.3035
62.3035
62.3035
62.3035
62.3035
62.3035
62.3035
62.3035
62.3035
62.3035
62.3035
62.3035
62.3035
62.3035
62.3035
62.3035
62.3035
62.3035
62.3035
62.3035
62.3035
62.3035
62.3035
62.3035
62.3035
62.3035
62.3035
62.3035
62.3035
62.3035
62.3035
62.3035
62.3035
62.3035
62.3035
62.3035
62.3035
62.3035
62.3035
62.3035
62.3035
62.3035
62.3035
62.3035
62.3035
62.3035
62.3035
62.3035
62.3035
62.3035
62.3035
62.3035
62.3035
62.3035
62.3035
62.3035
62.3035
62.3035
62.3035
62.3035
62.3035
62.3035
62.3035
62.3035
62.3035
62.3035
62.3035
62.3035
62.3035
62.3035
62.3035
62.3035
62.3035
62.3035
62.3035
62.3035
62.3035
62.3035
62.2999
62.2891
62.2963
62.2783
62.2172
62.1236
62.1236
62.1236
62.1236
62.1236
62.1236
62.1236
62.1236
62.1236
62.1236
62.1236
62.1236
62.1236
62.1236
62.1236
62.1236
62.1236
62.1236
62.1236
62.1236
62.1236
62.1236
62.1236
62.1236
62.1236
62.1236
62.1236
62.1236
62.1236
62.1236
62.1236
62.1236
62.1236
62.1236
62.1236
62.1236
62.1236
62.1236
62.1236
62.1236
62.1236
62.1236
62.1236
62.1236
62.1236
62.1236
62.1236
62.1236
62.1236
62.1236
62.1236
62.1236
62.1236
62.1236
62.1236
62.1236
62.1236
62.1236
62.1236
62.1236
62.1236
62.1236
62.1236
62.1236
62.1236
62.1236
62.1236
62.1236
62.1236
62.1236
62.1236
62.1236
62.1236
62.1236
62.1236
62.1236
62.1236
62.1236
62.1236
62.1236
62.1236
62.1236
62.1236
62.1236
62.1236
62.1236
62.1236
62.1236
62.1236
62.1236
62.1236
62.1236
62.1236
62.1236
62.1236
62.1236
62.1236
62.1236
62.1236
62.1236
62.1236
62.1236
62.1236
62.1236
62.1236
62.1236
62.1236
62.1236
62.1236
62.1236
62.1236
62.1236
62.1236
62.1236
62.1236
62.1236
62.1236
62.1236
62.1236
62.1236
62.1236
62.1236
62.1236
62.1236
62.1236
62.1236
62.1236
62.1236
62.1236
62.1236
62.1236
62.1236
62.1236
62.1236
62.1236
62.1236
62.1236
62.1236
62.1236
62.1236
62.1236
62.1236
62.1236
62.1236
62.1236
62.1236
62.1236
62.1236
62.1236
62.1236
62.1236
62.1236
62.1236
62.1236
62.1236
62.1236
62.1236
62.1236
62.1236
62.1236
62.1236
62.1236
62.1236
62.1236
62.1236
62.1236
62.1236
62.1236
62.1236
62.1236
62.1236
62.1236
62.1236
62.1236
62.1236
62.1236
62.1236
62.1236
62.1236
62.1236
62.1236
62.1236
62.1236
62.1236
62.1236
62.1236
62.1236
62.1236
62.1236
62.1236
62.1236
62.1236
62.1236
62.1236
62.1236
62.1236
62.1236
62.1236
62.1236
62.1236
62.1236
62.1236
62.1236
62.1236
62.1236
62.1236
62.1236
62.1236
62.1236
62.1236
62.1236
62.1236
62.1236
62.1236
62.1236
62.1236
62.1236
62.1236
62.1236
62.1236
62.1236
62.1236
62.1236
62.1236
62.1236
62.1236
62.1236
62.1236
62.1236
62.1236
62.1236
62.1236
62.1236
62.1236
62.1236
62.1236
62.1236
62.1236
62.1236
62.1236
62.1236
62.1236
62.1236
62.1236
62.1236
62.1236
62.1236
62.1236
62.1236
62.1236
62.1236
62.1236
62.1236
62.1236
62.1236
62.1236
62.1236
62.1236
62.1236
62.1236
62.1236
62.1236
62.1236
62.1236
62.1236
62.1236
62.1236
62.1236
62.1236
62.1236
62.1236
62.1236
62.1236
62.1236
62.1236
62.1236
62.1236
62.1236
62.1236
62.1236
62.1236
62.1236
62.1236
62.1236
62.1236
62.1236
62.1236
62.1236
62.1236
62.1236
62.1236
62.1236
62.1236
62.1236
62.1236
62.1236
62.1236
62.1236
62.1236
62.1236
62.1236
62.1236
62.1236
62.1236
62.1236
62.1236
62.1236
62.1236
62.1236
62.1236
62.1236
62.1236
62.1236
62.1236
62.1236
62.1236
62.1236
62.1236
62.1236
62.1236
62.1236
62.1236
62.1236
62.1236
62.1236
62.1236
62.1236
62.1236
62.1236
62.1236
62.1236
62.1236
62.1236
62.1236
62.1236
62.1236
62.1236
62.1236
62.1236
62.1236
62.1236
62.1236
62.1236
62.1236
62.1236
62.1236
62.1236
62.1236
62.1236
62.1236
62.1236
62.1236
62.1236
62.1236
62.1236
62.1236
62.1236
62.1236
62.1236
62.1236
62.1236
62.1236
62.1236
62.1236
62.1236
62.1236
62.1236
62.1236
62.1236
62.1236
62.1236
62.1236
62.1236
62.1236
62.1236
62.1236
62.1236
62.1236
62.1236
62.1236
62.1236
62.1236
62.1236
62.1236
62.1236
62.1236
62.1236
62.1236
62.1236
62.1236
62.1236
62.1236
62.1236
62.1236
62.1236
62.1236
62.1236
62.1236
62.1236
62.1236
62.1236
62.1236
62.1236
62.1236
62.1236
62.1236
62.1236
62.1236
62.1236
62.1236
62.1236
62.1236
62.1236
62.1236
62.1236
62.1236
62.1236
62.1236
62.1236
62.1236
62.1236
62.1236
62.1236
62.1236
62.1236
62.1236
62.1236
62.1236
62.1236
62.1236
62.1236
62.1236
62.1236
62.1236
62.1236
62.1236
62.1236
62.1236
62.1236
62.1236
62.1236
62.1236
62.1236
62.1236
62.1236
62.1236
62.1236
62.1236
62.1236
62.1236
62.1236
62.1236
62.1236
62.1236
62.1236
62.1236
62.1236
62.1236
62.1236
62.1236
62.1236
62.1236
62.1236
62.1236
62.1236
62.1236
62.1236
62.1236
62.1236
62.1236
62.1236
62.1236
62.1236
62.1236
62.1236
62.1236
62.1236
62.1236
62.1236
62.1236
62.1236
62.1236
62.1236
62.1236
62.1236
62.1236
62.1236
62.1236
62.1236
62.1236
62.1236
62.1236
62.1236
62.1236
62.1236
62.1236
62.1236
62.1236
62.1236
62.1236
62.1236
62.1236
62.1236
62.1236
62.1236
62.1236
62.1236
62.1236
62.1236
62.1236
62.1236
62.1236
62.1236
62.1236
62.1236
62.1236
62.1236
62.1236
62.1236
62.1236
62.1236
62.1236
62.1236
62.1236
62.1236
62.1236
62.1236
62.1236
62.1236
62.1236
62.1236
62.1236
62.1236
62.1236
62.1236
62.1236
62.1236
62.1236
62.1236
62.1236
62.1236
62.1236
62.1236
62.1236
62.1236
62.1236
62.1236
62.1236
62.1236
62.1236
62.1236
62.1236
62.1236
62.1236
62.1236
62.1236
62.1236
62.1236
62.1236
62.1236
62.1236
62.1236
62.1236
62.1236
62.1236
62.1236
62.1236
62.1236
62.1236
62.1236
62.1236
62.1236
62.1236
62.1236
62.1236
62.1236
62.1236
62.1236
62.1236
62.1236
62.1236
62.1236
62.1236
62.1236
62.1236
62.1236
62.1236
62.1236
62.1236
62.1236
62.1236
62.1236
62.1236
62.1236
62.1236
62.1236
62.1236
62.1236
62.1236
62.1236
62.1236
62.1236
62.1236
62.1236
62.1236
62.1236
62.1236
62.1236
62.1236
62.1236
62.1236
62.1236
62.1236
62.1236
62.1236
62.1236
62.1236
62.1236
62.1236
62.1236
62.1236
62.1236
62.1236
62.1236
62.1236
62.1236
62.1236
62.1236
62.1236
62.1236
62.1236
62.1236
62.1236
62.1236
62.1236
62.1236
62.1236
62.1236
62.1236
62.1236
62.1236
62.1236
62.1236
62.1236
62.1236
62.1236
62.1236
62.1236
62.1236
62.1236
62.1236
62.1236
62.1236
62.1236
62.1236
62.1236
62.1236
62.1236
62.1236
62.1236
62.1236
62.1236
62.1236
62.1236
62.1236
62.1236
62.1236
62.1236
62.1236
62.1236
62.1236
62.1236
62.1236
62.1236
62.1236
62.1236
62.1236
62.1236
62.1236
62.1236
62.1236
62.1236
62.1236
62.1236
62.1236
62.1236
62.1236
62.1236
62.1236
62.1236
62.1236
62.1236
62.1236
62.1236
62.1236
62.1236
62.1236
62.1236
62.1236
62.1236
62.1236
62.1236
62.1236
62.1236
62.1236
62.1236
62.1236
62.1236
62.1236
62.1236
62.1236
62.1236
62.1236
62.1236
62.1236
62.1236
62.1236
62.1236
62.1236
62.1236
62.1236
62.1236
62.1236
62.1236
62.1236
62.1236
62.1236
62.1236
62.1236
62.1236
62.1236
62.1236
62.1236
62.1236
62.1236
62.1236
62.1236
62.1236
62.1236
62.1236
62.1236
62.1236
62.1236
62.1236
62.1236
62.1236
62.1236
62.1236
62.1236
62.1236
62.1236
62.1236
62.1236
62.1236
62.1236
62.1236
62.1236
62.1236
62.1236
62.1236
62.1236
62.1236
62.1236
62.1236
62.1236
62.1236
62.1236
62.1236
62.1236
62.1236
62.1236
62.1236
62.1236
62.1236
62.1236
62.1236
62.1236
62.1236
62.1236
62.1236
62.1236
62.1236
62.1236
62.1236
62.1236
62.1236
62.1236
62.1236
62.1236
62.1236
62.1236
62.1236
62.1236
62.1236
62.1236
62.1236
62.1236
62.1236
62.1236
62.1236
62.1236
62.1236
62.1236
62.1236
62.1236
62.1236
62.1236
62.1236
62.1236
62.1236
62.1236
62.1236
62.1236
62.1236
62.1236
62.1236
62.1236
62.1236
62.1236
62.1236
62.1236
62.1236
62.1236
62.1236
62.1236
62.1236
62.1236
62.1236
62.1236
62.1236
62.1236
62.1236
62.1236
62.1236
62.1236
62.1236
62.1236
62.1236
62.1236
62.1236
62.1236
62.1236
62.1236
62.1236
62.1236
62.1236
62.1236
62.1236
62.1236
62.1236
62.1236
62.1236
62.1236
62.1236
62.1236
62.1236
62.1236
62.1236
62.1236
62.1236
62.1236
62.1236
62.1236
62.1236
62.1236
62.1236
62.1236
62.1236
62.1236
62.1236
62.1236
62.1236
62.1236
62.1236
62.1236
62.1236
62.1236
62.1236
62.1236
62.1236
62.1236
62.1236
62.1236
62.1236
62.1236
62.1236
62.1236
62.1236
62.1236
62.1236
62.1236
62.1236
62.1236
62.1236
62.1236
62.1236
62.1236
62.1236
62.1236
62.1236
62.1236
62.1236
62.1236
62.1236
62.1236
62.1236
62.1236
62.1236
62.1236
62.1236
62.1236
62.1236
62.1236
62.1236
62.1236
62.1236
62.1236
62.1236
62.1236
62.1236
62.1236
62.1236
62.1236
62.1236
62.1236
62.1236
62.1236
62.1236
62.1236
62.1236
62.1236
62.1236
62.1236
62.1236
62.1236
62.1236
62.1236
62.1236
62.1236
62.1236
62.1236
62.1236
62.1236
62.1236
62.1236
62.1236
62.1236
62.1236
62.1236
62.1236
62.1236
62.1236
62.1236
62.1236
62.1236
62.1236
62.1236
62.1236
62.1236
62.1236
62.1236
62.1236
62.1236
62.1236
62.1236
62.1236
62.1236
62.1236
62.1236
62.1236
62.1236
62.1236
62.1236
62.1236
62.1236
62.1236
62.1236
62.1236
62.1236
62.1236
62.1236
62.1236
62.1236
62.1236
62.1236
62.1236
62.1236
62.1236
62.1236
62.1236
62.1236
62.1236
62.1236
62.1236
62.1236
62.1236
62.1236
62.1236
62.1236
62.1236
62.1236
62.1236
62.1236
62.1236
62.1236
62.1236
62.1236
62.1236
62.1236
62.1236
62.1236
62.1236
62.1236
62.1236
62.1236
62.1236
62.1236
62.1236
62.1236
62.1236
62.1236
62.1236
62.1236
62.1236
62.1236
62.1236
62.1236
62.1236
62.1236
62.1236
62.1236
62.1236
62.1236
62.1236
62.1236
62.1236
62.1236
62.1236
62.1236
62.1236
62.1236
62.1236
62.1236
62.1236
62.1236
62.1236
62.1236
62.1236
62.1236
62.1236
62.1236
62.1236
62.1236
62.1236
62.1236
62.1236
62.1236
62.1236
62.1236
62.1236
62.1236
62.1236
62.1236
62.1236
62.1236
62.1236
62.1236
62.1236
62.1236
62.1236
62.1236
62.1236
62.1236
62.1236
62.1236
62.1236
62.1236
62.1236
62.1236
62.1236
62.1236
62.1236
62.1236
62.1236
62.1236
62.1236
62.1236
62.1236
62.1236
62.1236
62.1236
62.1236
62.1236
62.1236
62.1236
62.1236
62.1236
62.1236
62.1236
62.1236
62.1236
62.1236
62.1236
62.1236
62.1236
62.1236
62.1236
62.1236
62.1236
62.1236
62.1236
62.1236
62.1236
62.1236
62.1236
62.1236
62.1236
62.1236
62.1236
62.1236
62.1236
62.1236
62.1236
62.1236
62.1236
62.1236
62.1236
62.1236
62.1236
62.1236
62.1236
62.1236
62.1236
62.1236
62.1236
62.1236
62.1236
62.1236
62.1242
62.1236
62.1236
62.1236
62.1236
62.1236
62.1236
62.1236
62.1236
62.1236
62.1236
62.1236
62.1236
62.1236
62.1236
62.1236
62.1236
62.1236
62.1236
62.1236
62.1236
62.1236
62.1236
62.1236
62.1236
62.1236
62.1236
62.1236
62.1236
62.1236
62.1236
62.1236
62.1236
62.1236
62.1236
62.1236
62.1236
62.1236
62.1236
62.1236
62.1236
62.1236
62.1236
62.1236
62.1236
62.1236
62.1236
62.1236
62.1236
62.1236
62.1236
62.1236
62.1236
62.1236
62.1236
62.1236
62.1236
62.1236
62.1236
62.1236
62.1236
62.1236
62.1236
62.1236
62.1236
62.1236
62.1236
62.1236
62.1236
62.1236
62.1236
62.1236
62.1236
62.1236
62.1236
62.1236
62.1236
62.1236
62.1236
62.1236
62.1236
62.1236
62.1236
62.1236
62.1236
62.1236
62.1236
62.1236
62.1236
62.1236
62.1236
62.1236
62.1236
62.1236
62.1236
62.1236
62.1236
62.1236
62.1236
62.1236
62.1236
62.1236
62.1236
62.1236
62.1236
62.1236
62.1236
62.1236
62.1236
62.1236
62.1236
62.1236
62.1236
62.1236
62.1236
62.1236
62.1236
62.1236
62.1236
62.1236
62.1236
62.1236
62.1236
62.1236
62.1236
62.1236
62.1236
62.1236
62.1236
62.1236
62.1236
62.1236
62.1236
62.1236
62.1236
62.1236
62.1236
62.1236
62.1236
62.1236
62.1236
62.1236
62.1236
62.1236
62.1236
62.1236
62.1236
62.1236
62.1236
62.1236
62.1236
62.1236
62.1236
62.1236
62.1236
62.1236
62.1236
62.1236
62.1236
62.1236
62.1236
62.1236
62.1236
62.1236
62.1236
62.1236
62.1236
62.1236
62.1236
62.1236
62.1236
62.1236
62.1236
62.1236
62.1236
62.1236
62.1236
62.1236
62.1236
62.1236
62.1236
62.1236
62.1236
62.1236
62.1236
62.1236
62.1236
62.1236
62.1236
62.1236
62.1236
62.1236
62.1236
62.1236
62.1236
62.1236
62.1236
62.1236
62.1236
62.1236
62.1236
62.1236
62.1236
62.1236
62.1236
62.1236
62.1236
62.1236
62.1236
62.1236
62.1236
62.1236
62.1236
62.1236
62.1236
62.1236
62.1236
62.1236
62.1236
62.1236
62.1236
62.1236
62.1236
62.1202
62.115
62.1115
62.4344
62.1097
62.0958
62.075
62.0368
62.0368
62.0368
62.0368
62.0368
62.0368
62.0368
62.0368
62.0368
62.0368
62.0368
62.0368
62.0368
62.0368
62.0368
62.0368
62.0368
62.0368
62.0368
62.0368
62.0368
62.0368
62.0323
62.0323
62.0189
61.9876
61.8847
61.8132
61.8132
61.8132
61.8132
61.8132
61.8132
61.8132
61.8132
61.8132
61.8132
61.8132
61.8132
61.8132
61.8132
61.8132
61.8132
61.8132
61.8132
61.8132
61.8132
61.8132
61.8132
61.8132
61.8132
61.8132
61.8132
61.8132
61.8132
61.8132
61.8132
61.8132
61.8132
61.8132
61.8132
61.8132
61.8132
61.8132
61.8132
61.8132
61.8132
61.8132
61.8132
61.8132
61.8132
61.8132
61.8132
61.8132
61.8132
61.8132
61.8132
61.8132
61.8132
61.8132
61.8132
61.8132
61.8132
61.8132
61.8132
61.8132
61.8132
61.8132
61.8132
61.8132
61.8132
61.8132
61.8132
61.8132
61.8132
61.8132
61.8132
61.8132
61.8132
61.8132
61.8132
61.8132
61.8132
61.8132
61.8132
61.8132
61.8132
61.8132
61.8132
61.8132
61.8132
61.8132
61.8132
61.8132
61.8132
61.8132
61.8132
61.8132
61.8132
61.8132
61.8132
61.8132
61.8132
61.8132
61.8132
61.8132
61.8132
61.8132
61.8132
61.8132
61.8132
61.8132
61.8132
61.8132
61.8132
61.8132
61.8132
61.8132
61.8132
61.8132
61.8132
61.8132
61.8132
61.8132
61.8132
61.8132
61.8132
61.8132
61.8132
61.8132
61.8132
61.8132
61.8132
61.8132
61.8132
61.8132
61.8132
61.8132
61.8132
61.8132
61.8132
61.8132
61.8132
61.8132
61.8132
61.8132
61.8132
61.8132
61.8132
61.8132
61.8132
61.8132
61.8132
61.8132
61.8132
61.8132
61.8132
61.8132
61.8132
61.8132
61.8132
61.8132
61.8132
61.8132
61.8132
61.8132
61.8132
61.8132
61.8132
61.8132
61.8132
61.8132
61.8132
61.8132
61.8132
61.8132
61.8132
61.8132
61.8132
61.8132
61.8132
61.8132
61.8132
61.8132
61.8132
61.8132
61.8132
61.8132
61.8132
61.8132
61.8132
61.8132
61.8132
61.8132
61.8132
61.8132
61.8132
61.8132
61.8132
61.8132
61.8132
61.8132
61.8132
61.8132
61.8132
61.8132
61.8132
61.8132
61.8132
61.8132
61.8132
61.8132
61.8132
61.8132
61.8132
61.8132
61.8132
61.8132
61.8132
61.8132
61.8132
61.8132
61.8132
61.8132
61.8132
61.8132
61.8132
61.8132
61.8132
61.8132
61.8132
61.8132
61.8132
61.8132
61.8132
61.8132
61.8132
61.8132
61.8132
61.8132
61.8132
61.8132
61.8132
61.8132
61.8132
61.8132
61.8132
61.8132
61.8132
61.8132
61.8132
61.8132
61.8132
61.8132
61.8132
61.8132
61.8132
61.8132
61.8132
61.8132
61.8132
61.8132
61.8132
61.8132
61.8132
61.8132
61.8132
61.8132
61.8132
61.8132
61.8132
61.8132
61.8132
61.8132
61.8132
61.8132
61.8132
61.8132
61.8132
61.8132
61.8132
61.8132
61.8132
61.8132
61.8132
61.8132
61.8132
61.8132
61.8132
61.8132
61.8132
61.8132
61.8132
61.8132
61.8132
61.8132
61.8132
61.8132
61.8132
61.8132
61.8132
61.8132
61.8132
61.8132
61.8132
61.8132
61.8132
61.8132
61.8132
61.8132
61.8132
61.8132
61.8132
61.8132
61.8132
61.8132
61.8132
61.8132
61.8132
61.8132
61.8132
61.8132
61.8132
61.8132
61.8132
61.8132
61.8132
61.8132
61.8132
61.8132
61.8132
61.8132
61.8132
61.8132
61.8132
61.8132
61.8132
61.8132
61.8132
61.8132
61.8132
61.8132
61.8132
61.8132
61.8132
61.8132
61.8132
61.8132
61.8132
61.8132
61.8132
61.8132
61.8132
61.8132
61.8132
61.8132
61.8132
61.8132
61.8132
61.8132
61.8132
61.8132
61.8132
61.8132
61.8132
61.8132
61.8132
61.8132
61.8132
61.8132
61.8132
61.8132
61.8132
61.8132
61.8132
61.8132
61.8132
61.8132
61.8132
61.8132
61.8132
61.8132
61.8132
61.8132
61.8132
61.8132
61.8132
61.8132
61.8132
61.8132
61.8132
61.8132
61.8132
61.8132
61.8132
61.8132
61.8132
61.8132
61.8132
61.8132
61.8132
61.8132
61.8132
61.8132
61.8132
61.8132
61.8132
61.8132
61.8132
61.8132
61.8132
61.8132
61.8132
61.8132
61.8132
61.8132
61.8132
61.8132
61.8132
61.888
61.8132
61.8132
61.8132
61.8132
61.8132
61.8132
61.8132
61.8132
61.8132
61.8132
61.8132
61.8132
61.8132
61.8132
61.8132
61.8132
61.8132
61.8132
61.8132
61.8132
61.8132
61.8132
61.8132
61.8132
61.8132
61.8132
61.8132
61.8132
61.8132
61.8132
61.8132
61.8132
61.8132
61.8132
61.8132
61.8132
61.8132
61.8132
61.8132
61.8132
61.8132
61.8132
61.8132
61.8132
61.8132
61.8132
61.8132
61.8132
61.8132
61.8132
61.8132
61.8132
61.8132
61.8132
61.8132
61.8132
61.8132
61.8132
61.8132
61.8132
61.8132
61.8132
61.8132
61.8132
61.8132
61.8132
61.8132
61.8132
61.8132
61.8132
61.8132
61.8132
61.8132
61.8132
61.8132
61.8132
61.8132
61.8132
61.8132
61.8132
61.8132
61.8132
61.8132
61.8132
61.8132
61.8132
61.8132
61.8132
61.8132
61.8132
61.8132
61.8132
61.8132
61.8132
61.8132
61.8132
61.8132
61.8132
61.8132
61.8132
61.8132
61.8132
61.8132
61.8132
61.8132
61.8132
61.8132
61.8132
61.8132
61.8132
61.8132
61.8132
61.8132
61.8132
61.8132
61.8132
61.8132
61.8132
61.8132
61.8132
61.8132
61.8132
61.8132
61.8132
61.8132
61.8132
61.8132
61.8132
61.8132
61.8132
61.8132
61.8132
61.8132
61.8132
61.8132
61.8132
61.8132
61.8132
61.8132
61.8132
61.8132
61.8132
61.8132
61.8132
61.8132
61.8132
61.8132
61.8132
61.8132
61.8132
61.8132
61.8132
61.8132
61.8132
61.8132
61.8132
61.8132
61.8132
61.8132
61.8132
61.8132
61.8132
61.8132
61.8132
61.8132
61.8132
61.8132
61.8132
61.8132
61.8132
61.8132
61.8132
61.8132
61.8132
61.8132
61.8132
61.8132
61.8132
61.8132
61.8132
61.8132
61.8132
61.8132
61.8132
61.8132
61.8132
61.8132
61.8132
61.8132
61.8132
61.8132
61.8132
61.8132
61.8086
61.8036
61.7839
61.7674
61.7674
61.7674
61.7674
61.7674
61.7674
61.7674
61.7674
61.7674
61.7674
61.7674
61.7674
61.7674
61.7674
61.7674
61.7674
61.7674
61.7674
61.7674
61.7674
61.7674
61.7674
61.767
61.7662
61.7631
61.7584
61.748
61.748
61.748
61.748
61.748
61.748
61.748
61.748
61.748
61.748
61.748
61.748
61.748
61.748
61.748
61.748
61.748
61.748
61.748
61.748
61.748
61.748
61.748
61.748
61.748
61.748
61.748
61.748
61.748
61.748
61.748
61.748
61.748
61.748
61.748
61.748
61.748
61.748
61.748
61.748
61.748
61.748
61.748
61.748
61.748
61.748
61.748
61.748
61.748
61.748
61.748
61.748
61.748
61.748
61.748
61.748
61.748
61.748
61.748
61.748
61.748
61.748
61.748
61.748
61.748
61.748
61.748
61.748
61.748
61.748
61.748
61.748
61.748
61.748
61.748
61.748
61.748
61.748
61.748
61.748
61.748
61.748
61.748
61.748
61.748
61.748
61.748
61.748
61.748
61.748
61.748
61.748
61.748
61.748
61.748
61.748
61.748
61.748
61.748
61.748
61.748
61.748
61.748
61.748
61.748
61.748
61.748
61.748
61.748
61.748
61.748
61.748
61.748
61.748
61.748
61.748
61.748
61.748
61.748
61.748
61.748
61.748
61.748
61.748
61.748
61.748
61.748
61.748
61.748
61.748
61.748
61.748
61.748
61.748
61.748
61.748
61.748
61.748
61.748
61.748
61.748
61.748
61.748
61.748
61.748
61.748
61.748
61.748
61.748
61.748
61.748
61.748
61.748
61.748
61.748
61.748
61.748
61.748
61.748
61.748
61.748
61.748
61.748
61.748
61.748
61.748
61.748
61.748
61.748
61.748
61.748
61.748
61.748
61.748
61.748
61.748
61.748
61.748
61.748
61.748
61.748
61.748
61.748
61.748
61.748
61.748
61.748
61.748
61.748
61.748
61.748
61.748
61.748
61.748
61.748
61.748
61.748
61.748
61.748
61.748
61.748
61.748
61.748
61.748
61.748
61.748
61.748
61.748
61.748
61.748
61.748
61.748
61.748
61.748
61.748
61.748
61.748
61.748
61.748
61.748
61.748
61.748
61.748
61.748
61.748
61.748
61.748
61.748
61.748
61.748
61.748
61.748
61.748
61.748
61.748
61.748
61.748
61.748
61.748
61.748
61.748
61.748
61.748
61.748
61.748
61.748
61.748
61.748
61.748
61.748
61.748
61.748
61.748
61.748
61.748
61.748
61.748
61.748
61.748
61.748
61.748
61.748
61.748
61.748
61.748
61.748
61.748
61.748
61.748
61.748
61.748
61.748
61.748
61.748
61.748
61.748
61.748
61.748
61.748
61.748
61.748
61.748
61.748
61.748
61.748
61.748
61.748
61.748
61.748
61.748
61.748
61.748
61.748
61.748
61.748
61.748
61.748
61.748
61.748
61.748
61.748
61.748
61.748
61.748
61.748
61.748
61.748
61.748
61.748
61.748
61.748
61.748
61.748
61.748
61.748
61.748
61.748
61.748
61.748
61.748
61.748
61.748
61.748
61.748
61.748
61.748
61.748
61.748
61.748
61.748
61.748
61.748
61.748
61.748
61.748
61.748
61.748
61.748
61.748
61.748
61.748
61.748
61.748
61.748
61.748
61.748
61.748
61.748
61.748
61.748
61.748
61.748
61.748
61.748
61.748
61.748
61.748
61.748
61.748
61.748
61.748
61.748
61.748
61.748
61.748
61.748
61.748
61.748
61.748
61.748
61.748
61.748
61.748
61.748
61.748
61.748
61.748
61.748
61.748
61.748
61.748
61.748
61.748
61.748
61.748
61.748
61.748
61.748
61.748
61.748
61.748
61.748
61.748
61.748
61.748
61.748
61.748
61.748
61.748
61.748
61.748
61.748
61.748
61.748
61.748
61.748
61.748
61.748
61.748
61.748
61.748
61.748
61.748
61.748
61.748
61.748
61.748
61.748
61.748
61.748
61.748
61.748
61.748
61.748
61.748
61.748
61.748
61.748
61.748
61.748
61.748
61.748
61.748
61.748
61.748
61.748
61.748
61.748
61.748
61.748
61.748
61.748
61.748
61.748
61.748
61.748
61.748
61.748
61.748
61.748
61.748
61.748
61.7392
61.6956
61.6082
61.3113
61.3113
61.3113
61.3113
61.3113
61.3113
61.3113
61.3113
61.3113
61.3113
61.3113
61.3113
61.3113
61.3113
61.3113
61.3113
61.3113
61.3113
61.3113
61.3113
61.3113
61.3113
61.3113
61.3113
61.3113
61.3113
61.3113
61.3113
61.3113
61.3113
61.3113
61.3113
61.3113
61.3113
61.3113
61.3113
61.3113
61.3113
61.3113
61.3113
61.3113
61.3113
61.3113
61.3113
61.3113
61.3113
61.3113
61.3113
61.3113
61.3113
61.3113
61.3113
61.3031
61.2869
61.2584
61.1447
61.1081
61.1081
61.1081
61.1081
61.1081
61.1081
61.1081
61.1081
61.1081
61.1081
61.1081
61.1081
61.1081
61.1081
61.1081
61.1081
61.1081
61.1081
61.1081
61.1081
61.1081
61.1081
61.1081
61.1081
61.1081
61.1081
61.1081
61.1081
61.1081
61.1081
61.1081
61.1081
61.1081
61.1081
61.1081
61.1081
61.1081
61.1081
61.1081
61.1081
61.1081
61.1081
61.1081
61.1081
61.1081
61.1081
61.1081
61.1081
61.1081
61.1081
61.1081
61.1081
61.1081
61.1081
61.1081
61.1081
61.1081
61.1081
61.1081
61.1081
61.1081
61.1081
61.1081
61.1081
61.1081
61.1081
61.1081
61.1081
61.1081
61.1081
61.1081
61.1081
61.1081
61.1081
61.1081
61.1081
61.1081
61.1081
61.1081
61.1081
61.1081
61.1081
61.1081
61.1081
61.1081
61.1081
61.1081
61.1081
61.1081
61.1081
61.1081
61.1081
61.1081
61.1081
61.1081
61.1081
61.1081
61.1081
61.1081
61.1081
61.1081
61.1081
61.1081
61.1081
61.1081
61.1081
61.1081
61.1081
61.1081
61.1081
61.1081
61.1081
61.1081
61.1081
61.1081
61.1081
61.1081
61.1081
61.1081
61.1081
61.1081
61.1081
61.1081
61.1081
61.1081
61.1081
61.1081
61.1081
61.1081
61.1081
61.1081
61.1081
61.1081
61.1081
61.1081
61.1081
61.1081
61.1081
61.1081
61.1081
61.1081
61.1081
61.1081
61.1081
61.1081
61.1081
61.1081
61.1081
61.1081
61.1081
61.1081
61.1081
61.1081
61.1081
61.1081
61.1081
61.1081
61.1081
61.1081
61.1081
61.1081
61.1081
61.1081
61.1081
61.1081
61.1081
61.1081
61.1081
61.1081
61.1081
61.1081
61.1081
61.1081
61.1081
61.1081
61.1081
61.1081
61.1081
61.1081
61.1081
61.1081
61.1081
61.1081
61.1081
61.1081
61.1081
61.1081
61.1081
61.1081
61.1081
61.1081
61.1081
61.1081
61.1081
61.1081
61.1081
61.1081
61.1081
61.1081
61.1081
61.1081
61.1081
61.1081
61.1081
61.1081
61.1081
61.1081
61.1081
61.1081
61.1081
61.1081
61.1081
61.1081
61.1081
61.1081
61.1081
61.1081
61.1081
61.1081
61.1081
61.1081
61.1081
61.1081
61.1081
61.1081
61.1081
61.1081
61.1081
61.104
61.1054
61.1067
61.104
61.1026
61.0985
61.0862
61.2711
61.0436
61.0395
61.0395
61.0395
61.0395
61.0395
61.0395
61.0395
61.0395
61.0395
61.0395
61.0395
61.0395
61.0395
61.0395
61.0395
61.0395
61.0395
61.0395
61.0395
61.0395
61.0395
61.0395
61.0395
61.0395
61.0395
61.0395
61.0395
61.0395
61.0395
61.0395
61.0395
61.0395
61.0395
61.0395
61.0395
61.0395
61.0395
61.0395
61.0395
61.0395
61.0395
61.0395
61.0395
61.0395
61.0395
61.0395
61.0395
61.0395
61.0395
61.0395
61.0395
61.0395
61.0395
61.0395
61.0395
61.0395
61.0395
61.0395
61.0395
61.0395
61.0395
61.0395
61.0395
61.0395
61.0395
61.0395
61.0395
61.0395
61.0395
61.0395
61.0395
61.0395
61.0395
61.0395
61.0395
61.0395
61.0395
61.0395
61.0395
61.0395
61.0395
61.0395
61.0395
61.0395
61.0395
61.0395
61.0395
61.0395
61.0395
61.0333
61.0333
61.0272
61.021
61.0149
60.9841
61.2233
61.1426
60.7319
60.7319
60.7319
60.7319
60.7319
60.7319
60.7319
60.7319
60.7319
60.7319
60.7319
60.7319
60.7319
60.7319
60.7319
60.7319
60.7319
60.7319
60.7319
60.7319
60.7319
60.7319
60.7319
60.7319
60.7319
60.7319
60.7319
60.7319
60.7319
60.7319
60.7319
60.7319
60.7319
60.7319
60.7319
60.7319
60.7319
60.7319
60.6911
60.6333
60.509
60.3171
60.2219
60.2219
60.2219
60.2219
60.2219
60.2219
60.2219
60.2219
60.2219
60.2219
60.2219
60.2219
60.191
60.1216
59.9829
59.8364
59.8364
59.8364
59.8364
59.8364
59.8364
59.8364
59.8364
59.8364
59.8364
59.8364
59.8364
59.8364
59.8364
59.8364
59.8364
59.8364
59.8364
59.8364
59.8364
59.8364
59.8364
59.8364
59.8364
59.8364
59.8352
59.8352
59.8352
59.8364
59.8364
59.8364
59.8364
59.8364
59.8364
59.8364
59.8364
59.8364
59.8364
59.8364
59.8364
59.8364
59.8364
59.8364
59.8364
59.8364
59.8364
59.8364
59.8364
59.8364
59.8364
59.8364
59.8364
59.8364
59.8364
59.8364
59.8364
59.8364
59.8364
59.8364
59.8364
59.8364
59.8364
59.8364
59.8364
59.8364
59.8364
59.8364
59.8364
59.8364
59.8364
59.8364
59.8364
59.8364
59.8364
59.8364
59.8364
59.8364
59.8364
59.8364
59.8364
59.8364
59.8364
59.8364
59.8364
59.8364
59.8364
59.8364
59.8364
59.8364
59.8364
59.8364
59.8364
59.8364
59.8364
59.8364
59.8364
59.8364
59.8364
59.8364
59.8364
59.8364
59.8364
59.8364
59.8364
59.8364
59.8364
59.8364
59.8364
59.8364
59.8364
59.8364
59.8364
59.8364
59.8364
59.8364
59.8364
59.8364
59.8364
59.8364
59.8364
59.8364
59.8364
59.8364
59.8364
59.8364
59.8364
59.8364
59.8364
59.8364
59.8364
59.8364
59.8364
59.8364
59.8364
59.8364
59.8364
59.8364
59.8364
59.8364
59.8364
59.8364
59.8364
59.8352
59.8364
59.8364
59.8364
59.8364
59.8364
59.8364
59.8364
59.8364
59.8364
59.8364
59.8364
59.8364
59.8364
59.8364
59.8364
59.8364
59.8364
59.8364
59.8364
59.8364
59.8364
59.8364
59.8364
59.8364
59.8364
59.8364
59.8364
59.8364
59.8364
59.8364
59.8364
59.8364
59.8364
59.8364
59.8364
59.8364
59.8364
59.8364
59.8364
59.8364
59.8364
59.8364
59.8364
59.8364
59.8364
59.8364
59.8364
59.8364
59.8364
59.8364
59.8364
59.8364
59.8364
59.8364
59.8364
59.8364
59.8364
59.8364
59.8364
59.8364
59.8364
59.8364
59.8364
59.8364
59.8364
59.8364
59.8364
59.8364
59.8364
59.8364
59.8364
59.8364
59.8364
59.8364
59.8364
59.8364
59.8364
59.8364
59.8364
59.8364
59.8364
59.8364
59.8364
59.8364
59.8364
59.8364
59.8364
59.8364
59.8364
59.8364
59.8364
59.8364
59.8364
59.8364
59.8328
59.8268
59.8232
60.5662
64.1994
60.4787
59.7767
59.7767
59.7767
59.7767
59.7767
59.7767
59.7767
59.7767
59.7767
59.7767
59.7767
59.7767
59.7767
59.7767
59.7767
59.7767
59.7767
59.7767
59.7767
59.7767
59.7767
59.7767
59.7767
59.7767
59.7767
59.7767
59.7767
59.7767
59.7767
59.7767
59.7767
59.7767
59.7767
59.7767
59.7767
59.7767
59.7767
59.7767
59.7767
59.7767
59.7767
59.7657
59.7437
59.7767
59.7767
59.7767
59.7767
59.7767
59.7767
59.7767
59.7767
59.7767
59.7767
59.7767
59.7767
59.7767
59.7767
59.7767
59.7767
59.7767
59.7767
59.7767
59.7767
59.7767
59.7767
59.7767
59.7767
59.7767
59.7767
59.7767
59.7767
64.517
59.7767
59.7767
59.7767
59.7767
59.7767
59.7767
59.7767
59.7767
59.7767
59.7767
59.7767
59.7767
59.7767
59.7767
59.7767
59.7767
59.7767
59.7767
59.7767
59.7767
59.7767
59.7767
59.7767
59.7767
59.7767
59.7767
59.7767
59.7767
59.7767
59.7767
59.7767
59.7767
59.7767
59.7767
59.7767
59.7767
59.7767
59.7767
59.7767
59.7767
59.7767
59.7767
59.7767
59.7767
59.7767
59.7767
59.7767
59.7767
59.7767
59.7767
59.7767
59.7767
59.7767
59.7767
59.7767
59.7767
59.7767
59.7767
59.7767
59.7767
59.7767
59.7767
59.7767
59.7767
59.7767
59.7767
59.7657
59.7767
59.7767
59.7767
59.7767
59.7767
59.7767
59.7767
59.7657
59.7767
59.7767
59.7767
59.7767
59.7767
59.7767
59.7767
59.7657
59.7767
59.7767
59.7767
59.7767
59.7767
59.7767
59.7767
59.7767
59.7767
59.7767
59.7767
59.7767
59.7767
59.7767
59.7767
59.7657
59.7547
59.7767
59.7767
59.7767
59.7767
59.7767
59.7767
59.7767
59.7767
59.7767
59.7767
59.7767
59.7767
59.7767
59.7767
59.7657
59.7767
59.7767
59.7767
59.7767
59.7767
59.7767
59.7767
59.7547
59.7767
59.7767
59.7767
59.7767
59.7767
59.7767
59.7767
59.7657
59.7657
59.7767
59.7767
59.7767
59.7767
59.7767
59.7767
59.7327
59.7217
59.9036
59.7106
63.6555
59.6115
67.7091
59.2259
59.2259
59.2259
59.2259
59.2259
59.2259
59.2259
59.2259
59.2259
59.2259
59.2259
59.2259
59.2259
59.2259
59.2259
59.2259
59.2259
59.2259
59.2259
59.2259
59.2259
59.2259
59.2259
59.2259
59.2259
59.2259
59.2259
59.2259
59.2259
59.2259
59.2259
59.2259
59.2259
59.2259
59.2259
59.2259
59.2259
59.2259
59.2259
59.2259
59.2259
59.2259
59.2259
59.2259
59.2259
59.2259
59.2259
59.2259
59.2259
59.2259
59.2259
59.2259
59.2259
59.2259
59.2259
59.2259
59.2259
59.2259
59.2259
59.2259
59.2259
59.2259
59.2259
59.2259
59.2259
59.2259
59.2259
59.2259
59.2259
59.2259
59.2259
59.2259
59.2259
59.2259
59.2259
59.2259
59.2259
59.2259
59.2259
59.2259
59.2259
59.2259
59.2259
59.2259
59.2259
59.2259
59.2259
59.2259
59.2259
59.2259
59.2259
59.2259
59.2259
59.2259
59.2259
59.2259
59.2259
59.2259
59.2259
59.2259
59.2259
59.2259
59.2259
59.2259
59.2259
59.2259
59.2259
59.2259
59.2259
59.2259
59.2259
59.2259
59.2259
59.2259
59.2259
59.2259
59.2259
59.2259
59.2259
59.2259
59.2259
59.2259
59.2259
59.2259
59.2259
59.2259
59.2259
59.2259
59.2259
59.2259
59.2259
59.2259
59.2259
59.2259
59.2259
59.2259
59.2259
59.2259
59.2259
59.2259
59.2259
59.2259
59.2259
59.2259
59.2259
59.2259
59.2259
59.2259
59.2259
59.2259
59.2259
59.2259
59.2259
59.2259
59.2259
59.2259
59.2259
59.2259
59.2259
59.2259
59.2259
59.2259
59.2259
59.2259
59.2259
59.2259
59.2259
59.2259
59.2259
59.2259
59.2259
59.2259
59.2259
59.2259
59.2259
59.2259
59.2259
59.2259
59.2259
59.2259
59.2259
59.2259
59.2259
59.2259
59.2259
59.2259
59.2259
59.2259
59.2259
59.2259
59.2259
59.2259
59.2259
59.2259
59.2259
59.2259
59.2259
59.2259
59.2259
59.2259
59.2259
59.2259
59.2259
59.2259
59.2259
59.2259
59.2259
59.2259
59.2259
59.2259
59.2259
59.2259
59.2259
59.2259
59.2259
59.2259
59.2259
59.2259
59.2259
59.2259
59.2259
59.2259
59.2259
59.2259
59.2259
59.2259
59.2259
59.2259
59.2259
59.2259
59.2259
59.2259
59.2259
59.2259
59.2259
59.2259
59.2259
59.2259
59.2259
59.2259
59.2259
59.2259
59.2259
59.2259
59.2259
59.2259
59.2259
59.2259
59.2259
59.2259
59.2259
59.2259
59.2259
59.2259
59.2259
59.2259
59.2259
59.2259
59.2259
59.2259
59.2259
59.2259
59.2259
59.2259
59.2259
59.2259
59.2259
59.2259
59.2259
59.2259
59.2259
59.2259
59.2259
59.2259
59.2259
59.2259
59.2259
59.2259
59.2259
59.2259
59.2259
59.2259
59.2259
59.2259
59.2259
59.2259
59.2259
59.2259
59.2259
59.2259
59.2259
59.2259
59.2259
59.2259
59.2259
59.2259
59.2259
59.2259
59.2259
59.2259
59.2259
59.2259
59.2259
59.2259
59.2259
59.2259
59.2259
59.2259
59.2259
59.2259
59.2259
59.2259
59.2259
59.2259
59.2259
59.2259
59.2259
59.2259
59.2259
59.2259
59.2259
59.2259
59.2259
59.2259
59.2259
59.2259
59.2259
59.2259
59.2259
59.2259
59.2259
59.2259
59.2259
59.2259
59.2259
59.2259
59.2259
59.2259
59.2259
59.2259
59.2259
59.2259
59.2259
59.2259
59.2259
59.2259
59.2259
59.2259
59.2259
59.2259
59.2259
59.2259
59.2259
59.2259
59.2259
59.2259
59.2259
59.2259
59.2259
59.2259
59.2259
59.2259
59.2259
59.2259
59.2259
59.2259
59.2259
59.2259
59.2259
59.2259
59.2259
59.2259
59.2259
59.2259
59.2259
59.2259
59.2259
59.2259
59.2259
59.2259
59.2259
59.2259
59.2259
59.2259
59.2259
59.2259
59.2259
59.2259
59.2259
59.2259
59.2259
59.2259
59.2259
59.2259
59.2259
59.2259
59.2259
59.2259
59.2259
59.2259
59.2259
59.2259
59.2259
59.2259
59.2259
59.2259
59.2259
59.2259
59.2259
59.2259
59.2259
59.2259
59.2259
59.2259
59.2259
59.2259
59.2259
59.2259
59.2259
59.2259
59.2259
59.2259
59.2259
59.2259
59.2259
59.2259
59.2259
59.2259
59.2259
59.2259
59.2259
59.2259
59.2259
59.2259
59.2259
59.2259
59.2259
59.2259
59.2259
59.2259
59.2259
59.2259
59.2259
59.2259
59.2259
59.2259
59.2259
59.2259
59.2259
59.2259
59.2259
59.2259
59.2259
59.2259
59.2259
59.2259
59.2259
59.2259
59.2259
59.2259
59.2259
59.2259
59.2259
59.2259
59.2259
59.2259
59.2259
59.2259
59.2259
59.2259
59.2259
59.2259
59.2259
59.2259
59.2259
59.2259
59.2259
59.2259
59.2259
59.2259
59.2259
59.2259
59.2259
59.2259
59.2259
59.2259
59.2259
59.2259
59.2259
59.2259
59.2259
59.2259
59.2259
59.2259
59.2259
59.2259
59.2259
59.2259
59.2259
59.2259
59.2259
59.2259
59.2259
59.2259
59.2259
59.2259
59.2259
59.2259
59.2259
59.2259
59.2259
59.2259
59.2259
59.2259
59.2259
59.2259
59.2259
59.2259
59.2259
59.2259
59.2259
59.2259
59.2259
59.2259
59.2259
59.2259
59.2259
59.2259
59.2259
59.2259
59.2259
59.2259
59.2259
59.2259
59.2259
59.2259
59.2259
59.2259
59.2259
59.2259
59.2259
59.2259
59.2259
59.2259
59.2259
59.2259
59.2259
59.2259
59.2259
59.2259
59.2259
59.2259
59.2259
59.2259
59.2259
59.2259
59.2259
59.2259
59.2259
59.2259
59.2259
59.2259
59.2259
59.2259
59.2259
59.2259
59.2259
59.2259
59.2259
59.2259
59.2259
59.2259
59.2259
59.2259
59.2259
59.2259
59.2259
59.2259
59.2259
59.2259
59.2259
59.2259
59.2259
59.2259
59.2259
59.2259
59.2259
59.2259
59.2259
59.2259
59.2259
59.2259
59.2259
59.2259
59.2259
59.2259
59.2259
59.2259
59.2259
59.2259
59.2259
59.2259
59.2259
59.2259
59.2259
59.2259
59.2259
59.2259
59.2259
59.2259
59.2259
59.2259
59.2259
59.2259
59.2259
59.2259
59.2259
59.2259
59.2259
59.2259
59.2259
59.2259
59.2259
59.2259
59.2259
59.2259
59.2259
59.2259
59.2259
59.2259
59.2259
59.2259
59.2259
59.2259
59.2259
59.2259
59.2259
59.2259
59.2259
59.2259
59.2259
59.2259
59.2259
59.2259
59.2259
59.2259
59.2259
59.2259
59.2259
59.2259
59.2259
59.2259
59.2259
59.2259
59.2259
59.2259
59.2259
59.2259
59.2259
59.2259
59.2259
59.2259
59.2259
59.2259
59.2259
59.2259
59.2259
59.2259
59.2259
59.2259
59.2259
59.2259
59.2259
59.2259
59.2259
59.2259
59.2259
59.2259
59.2259
59.2259
59.2259
59.2259
59.2259
59.2259
59.2259
59.2259
59.2259
59.2259
59.2259
59.2259
59.2259
59.2259
59.2259
59.2259
59.2259
59.2259
59.2259
59.2259
59.2259
59.2259
59.2259
59.2259
59.2259
59.2259
59.2259
59.2259
59.2259
59.2259
59.2259
59.2259
59.2259
59.2259
59.2259
59.2259
59.2259
59.2259
59.2259
59.2259
59.2259
59.2259
59.2259
59.2259
59.2259
59.2259
59.2259
59.2259
59.2259
59.2259
59.2259
59.2259
59.2259
59.2259
59.2259
59.2259
59.2259
59.2259
59.2259
59.2259
59.2259
59.2259
59.2259
59.2259
59.2259
59.2259
59.2259
59.2259
59.2259
59.2259
59.2259
59.2259
59.2259
59.2259
59.2259
59.2259
59.2259
59.2259
59.2259
59.2259
59.2259
59.2259
59.2259
59.2259
59.2259
59.2259
59.2259
59.2259
59.7906
59.2259
59.2259
59.2259
59.2259
59.2259
59.2259
59.2259
59.2259
59.2259
59.2259
59.2259
59.2259
59.2259
59.2259
59.2259
59.2259
59.2259
59.2259
59.2259
59.2259
59.2259
59.2259
59.2259
59.2259
59.2259
59.2259
59.2259
59.2259
59.2259
59.2259
59.2259
59.2259
59.2259
59.2259
59.2259
59.2259
59.2259
59.2259
59.2259
59.2259
59.2259
59.2259
59.2259
59.2259
59.2259
59.2259
59.2259
59.2259
59.2259
59.2259
59.2259
59.2259
59.2259
59.2259
59.2259
59.2259
59.2259
59.2259
59.2259
59.2259
59.2259
59.2259
59.2259
59.2259
59.2259
59.2259
59.2259
59.2259
59.2259
59.2259
59.2259
59.2259
59.2259
59.2259
59.2259
59.2259
59.2259
59.2259
59.2259
59.2259
59.2259
59.2259
59.2259
59.2259
59.2259
59.2259
59.2259
59.2259
59.2259
59.2259
59.2259
59.2259
59.2259
59.2259
59.2259
59.2259
59.2259
59.2259
59.2259
59.2259
59.2259
59.2259
59.2259
59.2259
59.2259
59.2259
59.2259
59.2259
59.2259
59.2259
59.2259
59.2259
59.2259
59.2259
59.2259
59.2259
59.2259
59.2259
59.2259
59.2259
59.2259
59.2259
59.2259
59.2259
59.2259
59.2259
59.2259
59.2259
59.2259
59.2259
59.2259
59.2259
59.2259
59.2259
59.2259
59.2259
59.2259
59.2259
59.2259
59.2259
59.2259
59.2259
59.2259
59.2259
59.2259
59.2259
59.2259
59.2259
59.2259
59.2259
59.2259
59.2259
59.2259
59.2259
59.2259
59.2259
59.2259
59.2259
59.2259
59.2259
59.2259
59.2259
59.2259
59.2259
59.2259
59.2259
59.2259
59.2259
59.2259
59.2259
59.2259
59.2259
59.2259
59.2259
59.2259
59.2259
59.2259
59.2259
59.2259
59.2259
59.2259
59.2259
59.2259
59.2259
59.2259
59.2259
59.2259
59.2259
59.2259
59.2259
59.2259
59.2259
59.2259
59.2259
59.2259
59.2259
59.2259
59.2259
59.2259
59.2259
59.2259
59.2259
59.2259
59.2259
59.2259
59.2259
59.2259
59.2259
59.2259
59.2259
59.2259
59.2259
59.2259
59.2259
59.2259
59.2259
59.2259
59.2259
59.1766
59.0682
58.7823
58.733
58.733
58.733
58.733
58.733
58.733
58.733
58.733
58.733
58.733
58.733
58.733
58.733
58.733
58.733
58.733
58.733
58.733
58.733
58.733
58.733
58.733
58.733
58.733
58.733
58.733
58.733
58.733
58.733
58.733
58.733
58.733
58.733
58.733
58.733
58.733
58.733
58.733
58.733
58.733
58.733
58.733
58.733
58.733
58.733
58.733
58.733
58.733
58.733
58.733
58.733
58.733
58.733
58.733
58.733
58.733
58.733
58.733
58.733
58.733
58.733
58.733
58.733
58.733
58.733
58.733
58.733
58.733
58.733
58.733
58.733
58.733
58.733
58.733
58.733
58.733
58.733
58.7289
58.7239
58.7116
58.6918
58.6918
58.6918
58.6918
58.6918
58.6918
58.6918
58.6918
58.6918
58.6918
58.6918
58.6918
58.6918
58.6918
58.6918
58.6918
58.6918
58.6918
58.6918
58.6918
58.6918
58.6918
58.6918
58.6918
58.6918
58.6918
58.6918
58.6918
58.6918
58.6918
58.6918
58.6918
58.6918
58.6918
58.6918
58.6918
58.6918
58.6918
58.6918
58.6918
58.6918
58.6918
58.6918
58.6918
58.6918
58.6918
58.6918
58.6918
58.6918
58.6918
58.6918
58.6918
58.6918
58.6918
58.6918
58.6918
58.6918
58.6918
58.6918
58.6918
58.6918
58.6918
58.6918
58.6918
58.6918
58.6918
58.6918
58.6918
58.6918
58.6918
58.6918
58.6918
58.6918
58.6918
58.6918
58.6918
58.6918
58.6918
58.6918
58.6918
58.6918
58.6918
58.6918
58.6918
58.6918
58.6918
58.6918
58.6918
58.6918
58.6918
58.6918
58.6918
58.6918
58.6918
58.6918
58.6918
58.6918
58.6918
58.6918
58.6918
58.6918
58.6918
58.6918
58.6918
58.6918
58.6918
58.6918
58.6918
58.6918
58.6918
58.6918
58.6918
58.6918
58.6918
58.6918
58.6918
58.6918
58.6918
58.6918
58.6918
58.6918
58.6918
58.6918
58.6918
58.6918
58.6918
58.6918
58.6918
58.6918
58.6918
58.6918
58.6918
58.6918
58.6918
58.6918
58.6918
58.6918
58.6918
58.6918
58.6918
58.6918
58.6918
58.6918
58.6918
58.6918
58.6918
58.6918
58.6918
58.6918
58.6918
58.6918
58.6918
58.6918
58.6918
58.6918
58.6918
58.6918
58.6918
58.6918
58.6918
58.6918
58.6918
58.6918
58.6918
58.6918
58.6918
58.6918
58.6918
58.6918
58.6918
58.6918
58.6918
58.6918
58.6918
58.6918
58.6918
58.6918
58.6918
58.6918
58.6918
58.6918
58.6918
58.6918
58.6918
58.6918
58.6918
58.6918
58.6918
58.6918
58.6918
58.6918
58.6918
58.6918
58.6918
58.6918
58.6918
58.6918
58.6918
58.6918
58.6918
58.6918
58.6918
58.6918
58.6918
58.6918
58.6918
58.6918
58.6918
58.6918
58.6918
58.6918
58.6918
58.6918
58.6918
58.6918
58.6918
58.6918
58.6918
58.6918
58.6918
58.6918
58.6918
58.6918
58.6918
58.6918
58.6918
58.6918
58.6918
58.6918
58.6918
58.6918
58.6918
58.6918
58.6918
58.6918
58.6918
58.6918
58.6918
58.6918
58.6918
58.6918
58.6918
58.6918
58.6918
58.6918
58.6918
58.6918
58.6918
58.6918
58.6918
58.6918
58.6918
58.6918
58.6918
58.6918
58.6918
58.6918
58.6918
58.6918
58.6918
58.6918
58.6918
58.6918
58.6918
58.6918
58.6918
58.6918
58.6918
58.6918
58.6918
58.6918
58.6918
58.6918
58.6918
58.6918
58.6918
58.6918
58.6918
58.6918
58.6918
58.6918
58.6918
58.6918
58.6918
58.6918
58.6918
58.6918
58.6918
58.6918
58.6918
58.6918
58.6918
58.6918
58.6918
58.6918
58.6918
58.6918
58.6918
58.6918
58.6918
58.6918
58.6918
58.6918
58.6918
58.6918
58.6918
58.6918
58.6918
58.6918
58.6918
58.6918
58.6918
58.6918
58.6918
58.6918
58.6918
58.6918
58.6918
58.6918
58.6918
58.6918
58.6918
58.6918
58.6918
58.6918
58.6918
58.6918
58.6918
58.6918
58.6918
58.6918
58.6918
58.6918
58.6918
58.6918
58.6918
58.6918
58.6918
58.6918
58.6918
58.6918
58.6918
58.6918
58.6918
58.6918
58.6918
58.6918
58.6918
58.6918
58.6918
58.6918
58.6918
58.6918
58.6918
58.6918
58.6918
58.6918
58.6918
58.6918
58.6918
58.6918
58.6918
58.6918
58.6918
58.6918
58.6918
58.6918
58.6918
58.6918
58.6918
58.6918
58.6918
58.6918
58.6918
58.6918
58.6918
58.6918
58.6918
58.6918
58.6918
58.6918
58.6918
58.6918
58.6918
58.6918
58.6918
58.6918
58.6918
58.6918
58.6918
58.6918
58.6918
58.6918
58.6918
58.6918
58.6918
58.6918
58.6918
58.6918
58.6918
58.6918
58.6918
58.6918
58.6918
58.6918
58.6918
58.6918
58.6918
58.6918
58.6918
58.6918
58.6918
58.6918
58.6918
58.6918
58.6918
58.6918
58.6918
58.6918
58.6918
58.6918
58.6918
58.6918
58.6918
58.6918
58.6918
58.6918
58.6918
58.6918
58.6918
58.6918
58.6918
58.6918
58.6918
58.6918
58.6918
58.6918
58.6918
58.6918
58.6918
58.6918
58.6918
58.6918
58.6918
58.6918
58.6918
58.6918
58.6918
58.6918
58.6918
58.6918
58.6918
58.6918
58.6918
58.6918
58.6918
58.6918
58.6918
58.6918
58.6918
58.6918
58.6918
58.6918
58.6918
58.6918
58.6918
58.6918
58.6918
58.6918
58.6918
58.6918
58.6918
58.6918
58.6918
58.6918
58.6918
58.6918
58.6918
58.6918
58.6918
58.6918
58.6918
58.6918
58.6918
58.6918
58.6918
58.6918
58.6918
58.6918
58.6918
58.6918
58.6918
58.6918
58.6918
58.6918
58.6918
58.6918
58.6918
58.6918
58.6918
58.6918
58.6918
58.6918
58.6918
58.6918
58.6918
58.6918
58.6918
58.6918
58.6918
58.6918
58.6918
58.6918
58.6918
58.6918
58.6918
58.6918
58.6918
58.6918
58.6918
58.6918
58.6918
58.6918
58.6918
58.6918
58.6918
58.6918
58.6918
58.6918
58.6918
58.6918
58.6918
58.6918
58.6918
58.6918
58.6918
58.6918
58.6918
58.6918
58.6918
58.6918
58.6918
58.6918
58.6918
58.6918
58.6918
58.6918
58.6918
58.6918
58.6918
58.6918
58.6918
58.6918
58.6918
58.6918
58.6918
58.6918
58.6918
58.6918
58.6918
58.6918
58.6918
58.6918
58.6918
58.6918
58.6918
58.6918
58.6918
58.6918
58.6918
58.6918
58.6918
58.6918
58.6918
58.6918
58.6918
58.6918
58.6918
58.6918
58.6918
58.6918
58.6918
58.6918
58.6918
58.6918
58.6918
58.6918
58.6918
58.6918
58.6918
58.6918
58.6918
58.6918
58.6918
58.6918
58.6918
58.6918
58.6918
58.6918
58.6918
58.6918
58.6918
58.6918
58.6918
58.6918
58.6918
58.6918
58.6918
58.6918
58.6918
58.6918
58.6918
58.6918
58.6918
58.6918
58.6918
58.6918
58.6918
58.6918
58.6918
58.6918
58.6918
58.6918
58.6918
58.6918
58.6918
58.6918
58.6918
58.6918
58.6918
58.6918
58.6918
58.6918
58.6918
58.6918
58.6918
58.6918
58.6918
58.6918
58.6918
58.6918
58.6918
58.6918
58.6918
58.6918
58.6918
58.6918
58.6918
58.6918
58.6918
58.6918
58.6918
58.6918
58.6918
58.6918
58.6918
58.6918
58.6918
58.6918
58.6918
58.6918
58.6918
58.6918
58.6918
58.6918
58.6918
58.6918
58.6918
58.6918
58.6918
58.6918
58.6918
58.6918
58.6918
58.6918
58.6918
58.6918
58.6918
58.6918
58.6918
58.6918
58.6918
58.6918
58.6918
58.6918
58.6918
58.6918
58.6918
58.6918
58.6918
58.6918
58.6918
58.6918
58.6918
58.6918
58.6918
58.6918
58.6918
58.6918
58.6918
58.6918
58.6918
58.6918
58.6918
58.6918
58.6918
58.6918
58.6918
58.6918
58.6918
58.6918
58.6918
58.6918
58.6918
58.6918
58.6918
58.6918
58.6918
58.6918
58.6918
58.6918
58.6918
58.6918
58.6918
58.6918
58.6918
58.6918
58.6918
58.6918
58.6918
58.6918
58.6918
58.6918
58.6918
58.6918
58.6918
58.6918
58.6918
58.6918
58.6918
58.6918
58.6918
58.6918
58.6918
58.6918
58.6918
58.6918
58.6918
58.6918
58.6918
58.6918
58.6918
58.6918
58.6918
58.6918
58.6918
58.6918
58.6918
58.6918
58.6918
58.6918
58.6918
58.6918
58.6918
58.6918
58.6918
58.6918
58.6918
58.6918
58.6918
58.6918
58.6918
58.6918
58.6918
58.6918
58.6918
58.6918
58.6918
58.6918
58.6918
58.6918
58.6918
58.6918
58.6918
58.6918
58.6918
58.6918
58.6918
58.6918
58.6918
58.6918
58.6918
58.6918
58.6918
58.6918
58.6918
58.6918
58.6918
58.6918
58.6918
58.6918
58.6918
58.6918
58.6918
58.6918
58.6918
58.6918
58.6918
58.6918
58.6918
58.6918
58.6918
58.6918
58.6918
58.6918
58.6918
58.6918
58.6918
58.6918
58.6918
58.6918
58.6918
58.6918
58.6918
58.6918
58.6918
58.6918
58.6918
58.6918
58.6918
58.6918
58.6918
58.6918
58.6918
58.6918
58.6918
58.6918
58.6918
58.6918
58.6918
58.6918
58.6918
58.6918
58.6918
58.6918
58.6918
58.6918
58.6918
58.6918
58.6918
58.6918
58.6918
58.6918
58.6918
58.6918
58.6918
58.6918
58.6918
58.6918
58.6918
58.6918
58.6918
58.6918
58.6918
58.6918
58.6918
58.6918
58.6918
58.6918
58.6918
58.6918
58.6918
58.6918
58.6918
58.6918
58.6918
58.6918
58.6918
58.6918
58.6918
58.6918
58.6918
58.6918
58.6918
58.6918
58.6918
58.6918
58.6918
58.6918
58.6918
58.6918
58.6918
58.6918
58.6918
58.6918
58.6918
58.6918
58.6918
58.6918
58.6918
58.6918
58.6918
58.6918
58.6918
58.6918
58.6918
58.6918
58.6918
58.6918
