# best half averages
2593.42
2416.14
2290.25
2190.12
2088.88
1996
1927.24
1867.27
1798.37
1772.81
1731.38
1690.14
1648.76
1611.05
1584.21
1553.4
1519.07
1476.05
1455.51
1432
1404.63
1375.91
1339.38
1313.9
1298.98
1287.75
1260.14
1240.52
1213.15
1194.03
1170.09
1138.35
1131.21
1125.81
1114.31
1102.45
1089.19
1079.52
1070.14
1049.65
1019.39
995.316
978.287
962.821
955.334
946.602
938.972
936.621
923.015
906.726
887.146
874.342
862.977
845.671
822.101
788.638
780.044
784.439
771.298
772.927
757.025
756.883
745.777
741.021
726.061
725.58
723.07
727.09
725.294
718.2
711.082
697.136
690.976
675.17
663.697
642.225
630.728
623.187
611.727
602.173
596.793
588.044
584.772
582.596
580.751
568.416
563.469
559.182
557.43
551.687
549.321
546.48
542.894
535.187
528.195
523.6
518.408
510.222
506.243
498.98
492.538
486.862
484.744
489.508
482.652
475.948
467.538
458.611
450.408
449.541
449.354
449.921
441.395
430.928
427.973
423.813
423.121
420.603
417.729
414.757
413.977
412.405
411.583
400.715
393.612
387.187
385.893
381.482
376.596
376.343
386.983
374.159
371.784
371.576
370.364
365.515
360.898
356.59
354.551
352.468
352.266
347.645
344.302
343.516
343.223
353.306
339.302
333.621
331.941
329.062
327.729
327.024
324.723
318.56
318.301
316.799
314.354
313.567
312.456
309.904
309.066
307.666
305.842
304.35
303.833
302.162
300.066
298.216
297.37
295.956
295.727
295.727
295.727
295.727
295.675
295.571
294.898
293.137
292.88
291.752
288.121
283.539
283.321
282.88
281.197
279.116
275.285
273.655
273.546
273.359
273.049
272.647
268.467
271.689
283.955
274.499
268.022
258.829
258.829
258.763
258.423
263.681
256.021
255.774
254.684
252.714
262.629
247.223
247.209
247.164
246.862
246.651
246.198
246.008
245.575
244.926
244.447
243.714
243.028
241.902
241.087
240.222
240.082
239.507
238.662
238.583
238.003
235.828
232.81
229.139
229.034
228.791
228.253
226.837
224.101
223.102
223.031
222.68
221.806
220.531
217.877
217.242
215.153
214.728
213.195
212.704
212.615
213.868
212.054
212.054
212.054
211.961
211.156
209.565
208.918
208.918
208.918
208.918
208.918
208.913
208.894
208.815
209.217
209.278
209.484
208.496
208.496
208.494
208.492
208.475
208.363
208.256
207.9
211.324
207.007
227.755
216.407
204.854
204.194
202.675
202.293
200.72
198.542
196.093
196.093
195.954
195.051
192.194
190.625
190.488
189.427
188.696
188.394
187.931
186.511
186.511
186.511
186.455
186.367
186.049
185.088
183.647
185.177
183.783
182.844
182.839
182.824
182.768
182.545
182.673
182.334
182.334
182.334
182.371
182.334
182.334
186.35
190.816
182.321
182.327
182.345
183.395
192.916
183.014
181.165
181.165
181.165
181.165
181.165
181.165
181.165
181.142
181.142
181.028
180.46
179.989
179.914
179.642
178.723
178.603
178.359
178.337
178.171
177.816
177.816
177.811
177.751
177.565
177.565
177.565
177.565
177.562
177.545
177.467
177.395
177.395
177.376
177.272
176.689
176.357
176.311
176.265
175.532
174.066
174.04
173.887
173.194
171.271
171.857
170.432
170.432
170.432
170.418
170.365
170.188
169.517
168.687
167.698
166.59
164.839
164.839
164.839
164.839
164.839
164.839
164.839
164.839
164.839
164.839
164.823
164.79
164.514
164.027
164.027
164.027
164.027
164.015
163.978
163.763
162.99
161.282
161.151
161.151
161.151
161.151
161.151
161.151
161.151
161.15
162.005
161.151
161.151
161.151
161.151
161.151
161.151
161.151
161.151
161.151
161.151
161.151
161.135
161.103
160.929
160.358
160.358
160.358
160.358
160.358
160.358
160.358
160.358
163.982
160.358
160.347
160.338
160.358
160.358
160.358
160.296
160.358
160.358
160.358
160.358
160.358
160.358
160.358
160.358
160.358
160.358
160.358
160.358
160.347
160.304
160.209
159.826
159.826
159.826
159.826
159.826
159.826
159.825
159.821
159.807
159.765
159.654
159.654
159.654
159.654
159.533
159.167
158.774
155.336
153.608
153.444
153.326
153.203
153.203
153.203
153.203
153.203
153.203
153.203
153.203
153.203
153.203
153.203
153.203
153.203
153.203
153.203
153.203
153.203
153.203
153.457
153.203
153.203
153.203
153.203
153.185
153.185
153.185
153.149
152.925
152.167
151.749
150.166
150.166
150.166
150.145
150.166
150.166
150.166
150.166
150.166
150.166
150.153
150.13
153.093
150.415
155.794
149.77
149.258
149.236
149.105
148.594
148.166
148.166
148.166
148.156
148.147
148.166
148.166
148.166
148.144
148.144
148.013
147.685
147.073
147.003
146.947
147.588
146.781
148.274
143.621
141.837
141.837
141.837
141.837
141.837
141.837
141.837
141.837
141.655
141.473
141.473
139.835
132.735
132.728
132.715
132.681
132.497
132.395
132.385
132.376
132.287
132.012
131.904
131.904
132.894
133.311
131.904
131.904
131.904
131.904
131.728
130.47
126.189
123.169
123.121
123.067
123.017
123.067
122.792
121.797
120.578
120.578
120.578
120.578
120.578
120.578
120.578
120.578
120.578
120.578
120.578
120.578
120.578
120.578
120.578
120.578
120.578
120.578
120.578
120.578
120.578
120.578
120.563
120.474
120.281
119.84
119.84
119.84
119.84
119.84
119.84
119.84
119.84
119.84
119.84
119.84
119.84
119.84
119.84
119.84
119.84
119.84
119.84
119.83
119.747
119.446
119.362
125.832
119.551
124.692
118.338
117.187
117.177
117.167
117.119
116.895
116.701
116.68
116.637
116.466
115.825
115.634
115.634
115.634
115.634
115.634
115.634
115.634
115.634
115.631
115.634
115.634
115.634
115.634
115.634
115.634
115.634
115.634
115.622
115.873
124.661
115.483
115.066
115.066
115.066
115.066
115.066
115.066
115.066
115.066
115.066
115.066
115.066
115.066
115.059
115.037
114.957
114.7
114.7
114.699
114.694
114.68
114.623
114.623
114.623
114.623
114.623
114.623
114.623
114.623
114.623
114.623
114.623
114.623
114.623
114.623
114.623
114.623
114.623
114.623
114.623
114.623
114.623
114.623
114.623
114.623
114.623
114.623
114.623
114.623
114.623
114.623
114.623
114.623
114.623
114.623
114.623
114.623
114.623
114.623
114.623
114.623
114.623
114.623
114.623
114.623
114.623
114.623
114.623
114.623
114.623
114.623
114.623
114.623
114.623
114.623
114.623
114.623
114.623
114.623
114.623
114.623
114.623
114.623
114.623
114.62
114.604
114.508
114.454
114.347
114.443
120.206
112.834
112.707
112.707
112.707
112.707
112.707
112.707
112.707
112.707
112.707
112.707
112.707
112.707
112.707
112.707
112.707
112.686
112.69
112.69
112.673
112.894
118.322
112.278
112.278
114.053
112.278
112.278
112.278
112.278
112.278
112.278
112.278
112.278
112.278
112.278
112.278
112.278
112.278
112.254
112.207
112.207
112.183
111.995
111.359
111.1
111.1
111.088
111.029
110.85
110.509
110.509
110.509
110.509
110.509
110.509
110.505
110.485
110.398
110.304
110.272
110.24
110.112
109.601
108.696
108.646
108.512
108.181
108.181
108.181
108.181
108.181
108.181
108.181
108.171
108.181
108.181
108.181
108.181
108.181
108.181
108.181
108.181
108.181
108.174
108.16
108.139
108.039
107.825
107.819
107.821
107.821
107.821
107.821
107.821
107.821
107.821
107.821
107.821
107.821
107.821
107.821
107.821
107.821
107.821
107.821
107.821
107.821
107.821
107.821
107.821
107.821
107.821
107.821
107.821
107.821
107.821
107.821
107.821
107.821
107.821
107.821
107.821
107.753
107.549
107.345
106.119
104.416
104.416
104.416
104.416
104.416
104.416
104.416
104.416
104.416
104.416
104.414
104.406
104.372
104.331
104.331
104.331
104.331
104.331
108.163
104.331
104.331
104.331
104.331
104.323
104.298
104.256
104.215
103.911
103.911
103.911
103.911
103.911
103.911
103.911
103.911
103.911
103.911
103.911
103.911
103.911
103.911
103.911
103.911
103.911
103.911
103.911
103.911
103.911
103.911
103.911
103.911
103.911
103.911
103.911
103.911
103.911
103.85
103.668
102.697
100.877
100.877
100.877
100.877
100.877
100.872
100.874
100.862
100.799
100.756
100.756
100.756
100.749
100.723
100.569
100.434
100.434
100.434
100.434
100.434
100.434
100.434
100.434
100.434
100.434
100.434
100.434
100.395
100.239
99.3015
98.4815
98.4799
98.4799
98.4691
98.4445
98.4045
98.4045
98.4045
98.4045
98.4045
98.3731
98.2161
97.6822
96.8342
96.7865
96.6911
96.5795
95.9907
94.635
94.4481
94.4481
94.4481
94.4481
94.4481
94.4481
94.4481
94.4481
94.4481
94.4481
94.4431
94.4381
94.4282
94.7857
94.4183
95.2209
99.2536
94.2999
94.1995
94.1995
94.1995
94.1995
94.1995
94.1995
94.1995
94.1929
94.1797
94.1469
93.9891
93.8708
93.8407
93.7806
93.5315
93.0892
93.0124
93.0124
93.0124
93.0124
93.0124
93.0124
93.0124
93.0124
93.0124
93.0124
93.0124
93.0124
93.0124
93.0124
93.0124
93.0009
93.0124
93.0055
92.9986
92.9986
93.0055
92.9847
92.9986
92.9916
93.0055
93.0055
93.0124
93.0124
93.0124
93.0046
92.9969
93.0046
92.9813
92.9114
92.6472
92.6239
92.6159
92.5918
92.4686
92.2236
92.2236
92.2236
92.2236
92.2236
92.2236
92.2236
92.2236
92.2236
92.2236
92.2236
92.2236
92.2236
92.2236
92.2236
92.2227
92.2227
92.2201
98.211
94.9936
92.3162
92.1803
92.1803
92.1803
92.1803
92.1803
92.1803
92.1803
92.1763
92.1723
92.1683
92.1363
92.0322
91.9802
91.9802
92.3267
91.9802
91.9802
91.9802
91.9802
91.9802
91.9802
91.9802
91.9802
91.9802
91.9802
91.9802
91.9802
91.9802
91.9802
91.9802
91.9379
91.9231
91.866
91.809
91.6948
91.0398
89.4797
88.9581
88.5367
87.2724
84.9123
84.9123
84.9123
84.9123
84.9123
84.9123
84.9123
84.9123
84.9016
84.9123
84.9123
84.9123
84.9123
84.9123
84.9123
84.9123
84.9123
84.9123
84.9123
84.9123
84.9123
84.9071
84.9018
84.8755
84.7994
84.6495
84.6495
84.6495
84.6495
84.6495
84.6495
84.6495
84.6495
84.6495
84.6495
84.6495
84.6495
84.6495
84.6495
84.6495
84.6495
84.6495
84.6495
84.6495
84.6495
84.6495
84.6495
84.6495
84.6495
84.6495
84.6495
84.6495
84.6495
84.6495
84.6495
84.6491
84.6495
84.6495
84.6495
84.6495
84.6495
84.6495
84.6495
84.6495
84.6495
84.6495
84.6495
84.6495
84.6495
84.6495
84.6425
84.5964
84.5964
84.6034
84.6495
84.6495
84.6495
84.6495
84.6495
84.6495
84.6495
84.6495
84.6495
84.6495
84.6495
84.6495
84.6495
84.6495
84.6495
84.6495
84.6495
84.6495
84.6495
84.6495
84.6495
84.6495
84.6495
84.6491
84.6766
85.9848
88.0644
85.5244
84.6495
84.6495
84.6495
84.6495
84.6495
84.6495
84.6495
84.6495
84.6495
84.6495
84.6495
84.6495
84.6495
84.6495
84.6495
84.6301
84.5718
84.3972
83.8732
83.6768
83.6768
83.6791
83.6791
83.6791
83.6791
83.6791
83.6791
83.6791
83.6791
83.6791
83.6791
83.6787
83.6787
83.6791
83.6791
83.6791
83.6791
83.6791
83.6791
83.6791
83.6791
83.6791
83.633
83.4486
83.0337
81.4684
81.374
81.374
81.374
81.374
81.374
81.374
81.374
81.374
81.3642
81.2557
80.9797
80.8812
80.8812
80.8812
80.8812
80.8812
80.8672
80.851
80.8185
83.221
91.0603
81.0465
80.8454
80.1835
80.1835
80.1835
80.1835
80.1835
80.1835
80.1835
80.1835
80.1835
80.1835
80.1835
80.1835
80.1083
80.033
79.6568
78.7538
76.421
76.421
76.421
76.421
76.421
76.421
76.421
76.4167
76.4037
76.3648
76.2609
76.2047
76.2047
76.2024
76.2047
76.2047
76.2047
76.2047
76.2047
76.2047
76.2047
76.1976
76.1835
76.127
75.9082
75.8517
75.8517
75.8517
75.8517
75.8517
75.8517
79.1992
81.6417
78.3783
75.8517
75.8517
75.8517
75.8517
75.8517
75.8517
75.8517
75.8517
75.8517
75.8517
75.8517
75.8517
75.8517
75.8376
75.8376
75.8001
75.7243
75.6109
75.1435
75.1435
75.1435
75.1435
75.1435
75.1435
75.1435
75.1435
75.1435
75.1435
75.1435
75.1435
75.1435
75.1435
75.1435
75.1435
75.1435
75.1435
75.1435
75.1435
75.1435
75.1435
75.1435
75.1435
75.1435
75.1435
75.1435
75.1435
75.1435
75.1187
75.0692
74.871
74.3756
73.905
73.905
73.905
73.905
73.905
73.905
73.905
73.9003
73.8862
73.8439
73.7264
73.67
73.67
73.67
73.67
73.67
73.67
73.67
73.67
73.67
73.67
73.67
73.67
73.67
73.6674
73.6543
73.615
73.539
73.539
73.539
73.539
73.539
73.539
73.539
73.539
73.539
73.539
73.539
73.539
73.539
73.539
73.539
73.539
73.539
73.539
73.539
73.539
73.539
73.539
73.539
73.539
73.539
73.539
73.539
73.539
73.539
73.539
73.539
73.5337
73.539
73.5343
73.5343
73.5343
73.539
73.539
73.539
73.539
73.539
73.539
73.539
73.539
73.539
73.539
73.539
73.539
73.539
73.539
73.539
73.539
73.539
73.539
73.539
73.539
73.539
73.539
73.539
73.539
73.539
73.539
73.539
73.539
73.539
73.539
73.539
73.539
73.539
73.539
73.539
73.539
73.539
73.539
73.539
73.539
73.539
73.539
73.539
73.539
73.539
73.539
73.539
73.539
73.539
73.539
73.539
73.539
73.539
73.539
73.539
73.539
73.539
73.539
73.5221
73.5221
73.5221
73.539
73.539
73.539
73.539
73.539
73.539
73.539
73.539
73.539
73.539
73.539
73.539
73.539
73.539
73.539
73.539
73.539
73.539
73.539
73.539
73.539
73.539
73.539
73.539
73.539
73.539
73.539
73.539
73.539
73.5343
73.539
73.539
73.539
73.539
73.539
73.539
73.539
73.539
73.5381
73.539
73.539
73.539
73.539
73.539
73.539
73.5299
73.5299
73.539
73.539
73.539
73.539
73.539
73.539
73.539
73.539
73.539
73.538
73.536
73.5308
73.5072
73.4878
73.4878
73.4878
73.4878
73.4878
73.4878
73.4878
73.4878
73.4878
73.4878
73.4878
73.4878
73.4878
73.4878
73.4878
73.4878
73.4878
73.4737
73.4622
73.4105
73.2914
73.0183
73.0183
73.0183
73.0183
73.0183
73.0183
73.0183
73.0183
73.0183
73.0183
73.0183
73.0183
73.0183
73.0183
73.0183
73.0183
73.0183
73.0183
73.0183
73.0183
73.0183
73.0183
73.0183
73.0183
73.0183
73.0183
73.0183
73.0183
73.0183
73.0183
73.0136
73.0042
72.9807
72.9901
72.821
72.8995
71.8625
71.8437
71.8437
71.8437
71.8437
71.8437
71.8437
71.8437
71.8437
71.8437
71.8437
71.8437
71.8437
71.8437
71.8437
71.8437
71.8437
71.8437
71.8437
71.8437
71.8437
71.8437
71.8437
71.8437
71.8437
71.8437
71.8437
71.8437
71.8437
71.8437
71.8437
71.8437
71.8437
71.8437
71.8437
71.8437
71.8437
71.8437
71.8437
71.8437
71.8437
71.8437
71.8437
71.8437
71.8437
71.8437
71.8437
71.8437
71.8437
71.8437
71.8437
71.8437
71.8437
71.8437
71.8437
71.8437
71.8437
71.8437
71.8437
71.8437
71.8437
71.8437
71.8437
71.8437
71.8437
71.8437
71.8414
71.8369
71.8437
71.8437
71.8437
71.8437
71.8437
71.8437
71.8437
71.8437
71.8437
71.8437
71.8437
71.8437
71.8437
71.8437
71.8437
71.8437
71.8437
71.8437
71.8437
71.8437
71.8437
71.8437
71.8437
71.8437
71.8437
71.8437
71.8437
71.8437
71.8437
71.8437
71.8437
71.8437
71.8437
71.8437
71.8437
71.8437
71.8437
71.8437
71.8437
71.8437
71.8437
71.839
71.839
71.8437
71.8437
71.8437
71.8437
71.8437
71.8437
71.8437
71.8437
71.8437
71.8437
71.8437
71.8437
71.8437
71.8437
71.8437
71.8437
71.8437
71.8437
71.8437
71.8437
71.8437
71.8437
71.8437
71.8437
71.8437
71.8437
71.8437
71.8437
71.8437
71.8437
71.8437
71.8437
71.8437
71.8437
71.8437
71.8437
71.8437
71.8437
71.8437
71.8437
71.8437
71.8437
71.8437
71.8437
71.8437
71.8437
71.8437
71.8437
71.8437
71.8437
71.8437
71.8437
71.8437
71.8437
71.8437
71.8437
71.8437
71.8437
71.8437
71.8437
71.8437
71.8437
71.8437
71.8437
71.8437
71.8437
71.8437
71.8437
71.8437
71.8437
71.8437
71.8433
71.8433
71.8429
71.8429
71.8425
71.8425
71.8425
71.7996
71.7564
71.756
72.6128
71.8425
71.8433
71.8437
71.8437
71.8437
71.8437
71.8437
71.8437
71.8437
71.8437
71.8437
71.8437
71.8437
71.8437
71.8437
71.8437
71.8437
71.8437
71.8437
71.8437
71.8437
71.8437
71.8437
71.8437
71.8437
71.8437
71.8437
71.8437
71.8414
71.8391
71.8391
71.8437
71.8437
71.8414
71.8414
71.8437
71.8437
71.8437
71.8437
71.8437
71.8437
71.8437
71.8437
71.8437
71.8437
71.8437
71.8437
71.8437
71.8437
71.8437
71.8437
71.8437
71.8437
71.8437
71.8437
71.8389
71.8148
71.7523
71.5922
71.5922
71.6031
71.6008
71.6031
71.6031
71.6031
71.6031
71.6031
71.6031
71.6031
71.6004
71.5921
71.5555
71.465
71.465
71.465
71.465
71.4468
71.4287
71.3016
71.0292
70.5571
70.5571
70.5571
70.5571
70.5571
70.5571
70.5142
70.5139
70.3846
69.8301
68.542
68.4145
68.4145
68.4145
68.4145
68.4145
68.4145
68.4145
68.4145
68.4145
68.4145
68.4145
68.4145
68.4145
68.4145
68.4145
68.4145
68.4145
68.4145
68.4145
68.4145
68.4145
68.4145
68.4145
68.4145
68.4145
68.4145
68.4145
68.4145
68.4145
68.4145
68.4145
68.4145
68.4145
68.4145
68.4145
68.4145
68.4145
68.4117
68.4033
68.367
68.2804
68.2749
68.2749
68.2749
68.2749
68.2749
68.2749
68.2749
68.2749
68.2749
68.2749
68.2749
68.2749
68.2749
68.2749
68.2749
68.2749
68.2749
68.2749
68.2749
68.2749
68.2749
68.2749
68.2749
68.2749
68.2749
68.2749
68.2749
68.2749
68.2749
68.2749
68.2749
68.2749
68.2749
68.2749
68.2749
68.2749
68.2749
68.2749
68.2749
68.2749
68.2749
68.2749
68.2749
68.2749
68.2749
68.2749
68.2749
68.2749
68.2749
68.2749
68.2749
68.2749
68.2749
68.2749
68.2749
68.2749
68.2749
68.2749
68.2749
68.2749
68.2749
68.2749
68.2749
68.2749
68.2749
68.2749
68.2749
68.2749
68.2749
68.2749
68.2749
68.2749
68.2749
68.2749
68.2749
68.2749
68.2749
68.2749
68.2749
68.2749
68.2749
68.2749
68.2749
68.2749
68.2749
68.2749
68.2749
68.2749
68.2749
68.2749
68.2749
68.2749
68.2749
68.2749
68.2749
68.2749
68.2749
68.2749
68.2722
68.2668
68.2641
68.2749
68.2749
68.2749
68.2749
68.2749
68.2726
68.2749
68.2749
68.2749
68.2749
68.2749
68.2749
68.2749
68.2749
68.2749
68.2749
68.2745
68.2741
68.2741
68.2745
68.2749
68.2749
68.2749
68.2749
68.2749
68.2749
68.2749
68.2749
68.2749
68.2749
68.2749
68.2749
68.2749
68.2749
68.2749
68.2749
68.2749
68.2749
68.2749
68.2749
68.2749
68.2749
68.2749
68.2749
68.2749
68.2749
68.2749
68.2749
68.2749
68.2749
68.2749
68.2749
68.2749
68.2749
68.2749
68.2749
68.2749
68.2749
68.2749
68.2749
68.2749
68.2749
68.2749
68.2749
68.2749
68.2749
68.2749
68.2749
68.2749
68.2749
68.2749
68.2749
68.2749
68.2749
68.2749
68.2749
68.2749
68.2749
68.2749
68.2749
68.2749
68.2749
68.2749
68.2749
68.2749
68.2749
68.2749
68.2749
68.2749
68.2749
68.2749
68.2749
68.2749
68.2749
68.2749
68.2749
68.2749
68.2749
68.2749
68.2749
68.2749
68.2749
68.2749
68.2749
68.2749
68.2749
68.2749
68.2749
68.2749
68.2749
68.2725
68.2702
68.2632
68.2258
68.1581
68.1581
68.1581
68.1581
68.1581
68.1581
68.1581
68.1581
68.1581
68.1581
68.1581
68.1581
68.1581
68.1581
68.1581
68.1581
68.1581
68.1581
68.1581
68.1581
68.1581
68.1581
68.1581
68.1581
68.1581
68.1581
68.1581
68.1581
68.1546
68.1511
68.13
68.0738
67.9825
67.9825
67.9825
67.9825
67.9825
67.9825
67.9825
67.9825
67.9825
67.9825
67.9825
67.9825
67.9825
67.9825
67.9825
67.9825
67.9825
67.9825
67.9825
67.9716
67.9607
67.9716
67.9825
67.9825
67.9825
67.9825
67.9825
67.9825
67.9825
67.9825
67.9825
67.9825
67.9825
67.9825
67.9825
67.9825
67.9825
67.9825
67.9825
67.9825
67.9825
67.9825
67.9825
67.9825
67.9825
67.9825
67.9825
67.9825
67.9825
67.9825
67.9825
67.9825
67.9825
67.9825
67.9825
67.9825
67.9825
67.9825
67.9825
67.9825
67.9825
67.9825
67.9825
67.9825
67.9825
67.9825
67.9825
67.9825
67.9825
67.9825
67.9825
67.9825
67.9825
67.9825
67.9825
67.9825
67.9825
67.9825
67.9825
67.9825
67.9825
67.9825
67.9825
67.9825
67.9825
67.9825
67.9825
67.9825
67.9825
67.9825
67.9825
67.9825
67.9825
67.9825
67.9825
67.9825
67.9825
67.9825
67.9825
67.9825
67.9825
67.9825
67.9825
67.9825
67.9825
67.9825
67.9825
67.9825
67.9825
67.9825
67.9825
67.9825
67.9825
67.9825
67.9825
67.9825
67.9798
67.9825
67.9825
67.9825
67.9825
67.9825
67.9825
67.9825
67.9825
67.9825
67.9825
67.9825
67.9825
67.9825
67.9825
67.9825
67.9825
67.9825
67.9825
67.9825
67.9825
67.9825
67.9825
67.9825
67.9825
67.9825
67.9825
67.9789
67.9825
67.9825
67.9825
67.9825
67.9825
67.9825
67.9825
67.9825
67.9825
67.9825
67.9825
67.9825
67.9825
67.9825
67.9825
67.9825
67.9825
67.9818
67.9825
67.9825
67.9825
67.9825
67.9825
67.9825
67.9825
67.9825
67.9825
67.9825
67.9825
67.9825
67.9825
67.9825
67.9825
67.9825
67.9825
67.9825
67.9825
67.9825
67.9728
67.9631
67.934
67.9146
67.7301
67.4971
67.4971
67.4971
67.4971
67.4971
67.4971
67.4971
67.4971
67.4971
67.4971
67.4971
67.4971
67.4971
67.4971
67.4971
67.4971
67.4971
67.4971
67.4971
67.4971
67.4971
67.4971
67.4971
67.4971
67.4971
67.4971
67.4971
67.4971
67.4971
67.4971
67.4971
67.4971
67.4971
67.4971
67.4971
67.4971
67.4971
67.4971
67.4971
67.4971
67.4971
67.4971
67.4971
67.4971
67.4971
67.4971
67.4948
68.0029
67.4971
67.4971
67.4971
67.4971
67.4971
67.4971
67.4971
67.4971
67.4971
67.4971
67.4971
67.4971
67.4971
67.4971
67.4971
67.4971
67.4971
67.4971
67.4971
67.4971
67.4971
67.4971
67.4971
67.4971
67.4971
67.4971
67.4971
67.4948
67.4971
67.4971
67.4971
67.4971
67.4971
67.4971
67.4971
67.4971
67.4971
67.4971
67.4971
67.4971
67.4971
67.4971
67.4971
67.4971
67.4971
67.4971
67.4971
67.4971
67.4971
67.4971
67.4971
67.4971
67.4971
67.4971
67.4971
67.4971
67.4971
67.4971
67.4971
67.4971
67.4971
67.4971
67.4876
67.4876
67.4781
67.459
67.3827
67.1826
67.0205
67.0205
67.0205
67.0205
67.0205
67.0205
67.0205
67.0205
67.0205
67.0205
67.0205
67.0205
67.0205
67.0205
67.0205
67.0205
67.0205
67.0205
67.0205
67.0205
67.0205
67.0205
67.0205
67.0205
67.0205
67.0205
67.0205
67.0205
67.0205
67.0205
67.0205
67.0205
67.0205
67.0205
67.0205
67.0205
67.0205
67.0205
67.0205
67.0205
67.0205
67.0205
67.0205
67.0205
67.0205
67.0205
67.0205
67.0205
67.0205
67.0205
67.0205
67.0205
67.0205
67.0205
67.0205
67.0205
67.0205
67.0205
67.0205
67.0205
67.0205
67.0205
67.0205
67.0205
67.0205
67.0205
67.0205
67.0205
67.0205
67.0205
67.0205
67.0205
67.0205
67.0205
67.0205
67.0205
67.0205
67.0205
67.0205
67.0205
67.0205
67.0205
67.0205
67.0205
67.0205
67.0205
67.0205
67.0205
67.0205
67.0205
67.0205
67.0205
67.0205
67.0205
67.0205
67.0205
67.0205
67.0205
67.0205
67.0205
67.0205
67.0205
67.0205
67.0205
67.0205
67.0205
67.0205
67.0205
67.0205
67.0205
67.0205
67.0205
67.0205
67.0205
67.0205
67.0205
67.0205
67.0205
67.0201
67.0205
67.0205
67.0205
67.0205
67.0205
67.0205
67.0205
67.0205
67.0183
67.0205
67.0205
67.0205
67.0205
67.0205
67.0205
67.0205
67.0205
67.0205
67.0205
67.0205
67.0205
67.0205
67.0205
67.0205
67.0205
67.0205
67.0205
67.0205
67.0205
67.0205
67.0205
67.0205
67.0205
67.0205
67.0205
67.0205
67.0205
67.0205
67.0205
67.0205
67.0205
67.0205
67.0205
67.0205
67.0205
67.0205
67.0205
67.0205
67.0205
67.0205
67.0205
67.0205
67.0205
67.0205
67.0205
67.0205
67.0205
67.0201
67.0193
69.0335
67.0189
67.1114
67.2583
67.0189
67.0193
67.0185
70.0746
67.0183
67.0183
67.0183
67.0205
67.0205
67.0205
67.0205
67.0205
67.0205
67.0205
67.0205
67.0205
67.0205
67.0205
67.0205
67.0205
67.0205
67.0205
67.0205
67.0205
67.0205
67.0205
67.0205
67.0205
67.0205
67.0205
67.0205
67.0205
67.0205
67.0205
67.0205
67.0205
67.0205
67.0205
67.0205
67.0205
67.0205
67.0205
67.0205
67.0205
67.0205
67.0205
67.0205
67.0205
67.0205
67.0205
67.0205
67.0205
67.0205
67.0205
67.0205
67.0205
67.0205
67.0205
67.0205
67.0205
67.0016
67.0205
67.0205
67.0205
67.0205
67.0205
67.0205
67.0205
67.0205
67.0205
67.0205
67.0205
67.0205
67.0205
67.0205
67.0205
67.0205
67.0205
67.0205
67.0205
67.0198
67.0198
67.0169
67.0096
66.9871
66.9842
66.9842
66.9842
66.9842
66.9842
66.9842
66.9842
66.9842
66.9842
66.9842
66.9842
66.9842
66.9842
66.9842
66.9842
66.9842
66.9842
66.9842
66.9842
66.9842
66.9842
66.9842
66.9842
66.9842
66.9842
66.9842
66.9842
66.9842
66.9842
66.9842
66.9842
66.9842
66.9842
66.9842
66.9842
66.9842
66.9842
66.9842
66.9842
66.9842
66.9842
66.9842
66.9842
66.9842
66.9842
66.9842
66.9842
66.9842
66.9842
66.9842
66.9842
66.9842
66.9842
66.9842
66.9842
66.9842
66.9842
66.9842
66.9842
66.9842
66.9842
66.9842
66.9842
66.9842
66.9842
66.9842
66.9842
66.9842
66.9842
66.9842
66.9842
66.9842
66.9842
66.9842
66.9842
66.9842
66.9842
66.9842
66.9842
66.9842
66.9842
66.9842
66.9842
66.9842
66.9842
66.9842
66.9842
66.9842
66.9842
66.9842
66.9842
66.9842
66.9842
66.9842
66.9842
66.9842
66.9842
66.9842
66.9838
66.9838
66.9834
66.9818
69.8068
66.9793
72.3773
70.4939
66.9639
66.9639
66.9639
66.9639
66.9639
66.9639
66.9639
66.9639
66.9639
66.9639
66.9639
66.9639
66.9639
66.9639
66.9639
66.9639
66.9639
66.9639
66.9639
66.9639
66.9639
66.9639
66.9639
66.9639
66.9639
66.9639
66.9639
66.9639
66.9639
66.9639
66.9639
66.9639
66.9639
66.9639
66.9639
66.9639
66.9639
66.9639
66.9639
66.9639
66.9639
66.9639
66.9639
66.9639
66.9639
66.9639
66.9639
66.9639
66.9639
66.9639
66.9639
66.9639
66.9639
66.9639
66.9639
66.9639
66.9639
66.9639
66.9639
66.9639
66.9639
66.9639
66.9639
66.9639
66.9639
66.9639
66.9639
66.9639
66.9639
66.9639
66.9639
66.9639
66.9639
66.9639
66.9639
66.9639
66.9639
66.9639
66.9639
66.9639
66.9639
66.9639
66.9639
66.9639
66.9639
66.9639
66.9639
66.9639
66.9639
66.9639
66.9639
66.9639
66.962
66.9602
66.9602
66.9639
66.9639
66.9639
66.9639
66.9639
66.9639
66.9639
66.9639
66.9639
66.9639
66.9639
66.9639
66.9639
66.9639
66.9639
66.9639
66.945
66.945
66.926
66.8123
66.4141
66.016
66.016
66.016
66.016
66.016
66.016
66.016
66.016
66.016
66.016
66.016
66.016
66.016
66.016
66.016
66.016
66.016
66.016
66.016
66.016
66.016
66.016
66.016
66.016
66.016
66.016
66.016
66.016
66.0138
66.016
66.016
66.016
66.016
66.016
66.016
66.016
66.016
66.016
66.016
66.016
66.016
66.016
66.016
66.016
66.016
66.016
66.016
66.016
66.016
66.016
66.016
66.016
66.016
66.016
66.016
66.016
66.016
66.016
66.016
66.016
66.016
66.016
66.016
66.016
66.016
66.016
66.016
66.016
66.016
66.016
66.016
66.016
66.016
66.016
66.016
66.016
66.016
66.016
66.016
66.016
66.016
66.016
66.016
66.016
66.016
66.016
66.016
66.016
66.016
66.016
66.016
66.016
66.016
66.016
66.0127
65.9928
65.9266
65.8505
65.8505
65.8505
65.8505
65.8505
65.8505
65.8505
65.8505
65.8505
65.8505
65.8505
65.8505
65.8505
65.8505
65.8505
65.8505
65.8505
65.8505
65.8505
65.8505
65.8505
65.8505
65.8505
65.8482
65.8505
65.8505
65.8505
65.8505
65.8505
65.8505
65.8505
65.8505
65.8505
65.8505
65.8505
65.8505
65.8505
65.8505
65.8505
65.8505
65.8505
65.8505
65.8505
65.8505
65.8505
65.8505
65.8505
65.8505
65.8505
65.8505
65.8505
65.8505
65.8505
65.8505
65.8505
65.8505
65.8505
65.8505
65.8505
65.8505
65.8505
65.8505
65.8505
65.8505
65.8505
65.8505
65.8505
65.8505
65.8505
65.8505
65.8505
65.8505
65.8505
65.8505
65.8505
65.8505
65.8505
65.8505
65.8505
65.8505
65.8505
65.8505
65.8505
65.8505
65.8505
65.8505
65.8505
65.8505
65.8505
65.8505
65.8505
65.8505
65.8505
65.8505
65.8505
65.8505
65.8505
65.8505
65.8505
65.8505
65.8505
65.8505
65.8505
65.8505
65.8505
65.8505
65.8505
65.8505
65.8505
65.8505
65.8505
65.8505
65.8505
65.8505
65.8505
65.8505
65.8505
65.8505
65.8505
65.8505
65.8505
65.8505
65.8505
65.8505
65.8505
65.8505
65.8505
65.8505
65.8505
65.8482
65.8505
65.8505
65.8505
65.8505
65.8505
65.8505
65.8505
65.8505
65.8505
65.8505
65.8505
65.8505
65.8505
65.8505
65.8505
65.8505
65.8505
65.8505
65.8505
65.8505
65.8505
65.8505
65.8505
65.8505
65.8505
65.8505
65.8505
65.8505
65.8505
65.8505
65.8505
65.8505
65.8505
65.8505
65.8505
65.8505
65.8505
65.8505
65.8505
65.8505
65.8505
65.8505
65.8505
65.8505
65.8505
65.8505
65.8505
65.8505
65.8505
65.8505
65.8505
65.8505
65.8505
65.8505
65.8505
65.8505
65.8505
65.8505
65.8505
65.8505
65.8505
65.8505
65.8505
65.8505
65.8505
65.8505
65.8505
65.8505
65.8505
65.8505
65.8505
65.8505
65.8505
65.8505
65.8505
65.8505
65.8505
65.8505
65.8505
65.8505
65.8505
65.8505
65.8505
65.8505
65.8505
65.8505
65.8505
65.8505
65.8505
65.8505
65.8505
65.8505
65.8505
65.8505
65.8505
65.8505
65.8505
65.8505
65.8505
65.8505
65.8505
65.8505
65.8505
65.8505
65.8505
65.8505
65.8505
65.8505
65.8505
65.8505
65.8505
65.8505
65.8505
65.8505
65.8505
65.8505
65.8505
65.8505
65.8505
65.8505
65.8505
65.8505
65.8505
65.8505
65.8505
65.8505
65.8505
65.8505
65.8505
65.8505
65.8505
65.8505
65.8505
65.8505
65.8505
65.8505
65.8505
65.8505
65.8505
65.8505
65.8505
65.8505
65.8505
65.8505
65.8505
65.8505
65.8505
65.8505
65.8484
65.8484
65.8505
65.8505
65.8505
65.8505
65.8505
65.8505
65.8505
65.8505
65.8505
65.8505
65.8505
65.8505
65.8505
65.8505
65.8505
65.8505
65.8505
65.8505
65.8505
65.8505
65.8505
65.8505
65.8505
65.8505
65.8505
65.8505
65.8505
65.8505
65.8505
65.8505
65.8505
65.8505
65.8505
65.8505
65.8505
65.8505
65.8505
65.8505
65.8505
65.8505
65.8505
65.8505
65.8505
65.8505
65.8505
65.8505
65.8505
65.8505
65.8505
65.8505
65.8505
65.8505
65.8505
65.8505
65.8505
65.8505
65.8505
65.8505
65.8505
65.8505
65.8505
65.8505
65.8505
65.8505
65.8505
65.8505
65.8505
65.8505
65.8505
65.8505
65.8505
65.8505
65.8505
65.8505
65.8505
65.8505
65.8505
65.8505
65.8505
65.8505
65.8505
65.8505
65.8505
65.8505
65.8505
65.8505
65.8505
65.8505
65.8505
65.8505
65.8505
65.8505
65.8505
65.8505
65.8505
65.8505
65.8505
65.8505
65.8505
65.8505
65.8505
65.8505
65.8505
65.8505
65.8505
65.8505
65.8505
65.8505
65.8505
65.8505
65.8505
65.8505
65.8505
65.8505
65.8505
65.8505
65.8505
65.8505
65.8505
65.8505
65.8505
65.8505
65.8505
65.8505
65.8505
65.8505
65.8505
65.8505
65.8505
65.8505
65.8505
65.8505
65.8505
65.8505
65.8505
65.8505
65.8505
65.8505
65.8505
65.8505
65.8505
65.8505
65.8505
65.8505
65.8505
65.8505
65.8505
65.8505
65.8505
65.8505
65.8505
65.8505
65.8505
65.8505
65.8505
65.8505
65.8505
65.8505
65.8505
65.8505
65.8505
65.8505
65.8505
65.8505
65.8505
65.8505
65.8505
65.8505
65.8505
65.8505
65.8505
65.8505
65.8505
65.8505
65.8505
65.8505
65.8505
65.8505
65.8505
65.8505
65.8505
65.8505
65.8505
65.8505
65.8505
65.8505
65.8505
65.8505
65.8505
65.8505
65.8505
65.8505
65.8505
65.8505
65.8505
65.8505
65.8505
65.8505
65.8505
65.8505
65.8505
65.8505
65.8505
65.8505
65.8505
65.8505
65.8505
65.8505
65.8505
65.8505
65.8505
65.8505
65.8505
65.8505
65.8505
65.8505
65.8505
65.8505
65.8505
65.8505
65.8505
65.8505
65.8505
65.8505
65.8482
65.8482
65.8482
65.8482
65.8505
65.8505
65.8505
65.8505
65.8505
65.8505
65.8505
65.8505
65.8505
65.8505
65.8505
65.8505
65.8505
65.8505
65.8505
65.8505
65.8505
65.8505
65.8505
65.8505
65.8505
65.8505
65.8505
65.8505
65.8505
65.8505
65.8505
65.8505
65.8505
65.8505
65.8505
65.8505
65.8505
65.8505
65.8505
65.8505
65.8505
65.8505
65.8482
65.8414
65.8345
65.8277
82.6302
65.8482
65.8505
65.8505
65.8505
65.8505
65.8505
65.8505
65.8505
65.8505
65.8505
65.8505
65.8505
65.8505
65.8505
65.8505
65.8505
65.8505
65.8505
65.8505
65.8505
65.8505
65.8505
65.8505
65.8505
65.8505
65.8505
65.8505
65.8505
65.8505
65.8505
65.8505
65.8505
65.8505
65.8505
65.8505
65.8505
65.8505
65.8505
65.8505
65.8505
65.8505
65.8505
65.8505
65.8505
65.8505
65.8505
65.8505
65.8505
65.8505
65.8505
65.8505
65.8505
65.8505
65.8505
65.8505
65.8505
65.8505
65.8505
65.8505
65.8505
65.8505
65.8505
65.8505
65.8505
65.8505
65.8505
65.8505
65.8505
65.8505
65.8505
65.8505
65.8505
65.8505
65.8505
65.8505
65.8505
65.8505
65.8505
65.8505
65.8505
65.8505
65.8505
65.8505
65.8505
65.8505
65.8505
65.8505
65.8505
65.8505
65.8505
65.8505
65.8482
65.8391
65.8459
65.8505
65.8505
65.8505
65.8505
65.8505
65.8505
65.8505
65.8505
65.8505
65.8505
65.8505
65.8505
65.8505
65.8505
65.8482
65.8482
65.8505
65.8505
65.8505
65.8505
65.8505
65.8505
65.8505
65.8505
65.8505
65.8505
65.8505
65.8505
65.8505
65.8505
65.8505
65.8505
65.8505
65.8505
65.8505
65.8505
65.8505
65.8505
65.8505
65.8505
65.8505
65.8505
65.8505
65.8505
65.8505
65.8505
65.8505
65.8505
65.8505
65.8505
65.8505
65.8505
65.8505
65.8505
65.8505
65.8505
65.8505
65.8505
65.8505
65.8505
65.8505
65.8505
65.8505
65.8505
65.8505
65.8505
65.8484
65.8399
65.8125
65.745
65.745
65.745
65.745
65.745
65.745
65.745
65.745
65.745
65.745
65.745
65.745
65.745
65.745
65.745
65.745
65.745
65.745
65.745
65.745
65.745
65.745
65.745
65.745
65.745
65.745
65.7427
65.7427
65.7427
65.745
65.745
65.745
65.745
65.745
65.745
65.745
65.745
65.745
65.745
65.745
65.745
65.745
65.745
65.745
65.745
65.745
65.745
65.745
65.745
65.745
65.745
65.745
65.745
65.745
65.745
65.745
65.745
65.745
65.745
65.745
65.745
65.745
65.745
65.745
65.745
65.745
65.745
65.745
65.745
65.745
65.745
65.745
65.745
65.745
65.745
65.745
65.745
65.745
65.745
65.745
65.745
65.745
65.7427
65.7359
65.7313
65.9832
65.7427
65.745
65.745
65.745
65.745
65.745
65.745
65.745
65.745
65.745
65.745
65.745
65.745
65.745
65.745
65.745
65.745
65.745
65.745
65.745
65.745
65.745
65.745
65.745
65.745
65.745
65.745
65.745
65.745
65.745
65.745
65.745
65.745
65.745
65.745
65.745
65.745
65.745
65.745
65.745
65.745
65.745
65.745
65.745
65.745
65.745
65.745
65.745
65.745
65.745
65.745
65.745
65.745
65.745
65.745
65.745
65.745
65.745
65.745
65.745
65.745
65.745
65.745
65.745
65.745
65.745
65.745
65.745
65.745
65.745
65.745
65.745
65.745
65.745
65.745
65.745
65.745
65.745
65.745
65.745
65.745
65.745
65.7427
65.7404
65.7404
65.7427
65.745
65.745
65.745
65.745
65.745
65.745
65.745
65.745
65.745
65.745
65.745
65.745
65.745
65.745
65.745
65.745
65.745
65.745
65.745
65.745
65.745
65.745
65.745
65.745
65.745
65.745
65.745
65.745
65.745
65.745
65.745
65.745
65.745
65.745
65.745
65.745
65.745
65.745
65.745
65.745
65.745
65.745
65.745
65.745
65.745
65.745
65.745
65.745
65.745
65.745
65.745
65.745
65.745
65.745
65.745
65.745
65.745
65.745
65.745
65.745
65.745
65.745
65.745
65.745
65.745
65.745
65.745
65.745
65.745
65.745
65.745
65.745
65.745
65.745
65.745
65.745
65.745
65.745
65.745
65.745
65.745
65.745
65.745
65.745
65.745
65.745
65.745
65.745
65.745
65.745
65.745
65.745
65.745
65.745
65.745
65.745
65.745
65.745
65.745
65.745
65.745
65.745
65.745
65.745
65.745
65.745
65.745
65.745
65.745
65.745
65.745
65.745
65.745
65.745
65.745
65.745
65.745
65.745
65.745
65.745
65.745
65.745
65.745
65.745
65.745
65.745
65.745
65.745
65.745
65.745
65.745
65.7431
65.745
65.745
65.7427
65.745
65.745
65.745
65.745
65.745
65.745
65.745
65.745
65.745
65.745
65.745
65.745
65.745
65.745
65.745
65.745
65.745
65.745
65.745
65.745
65.745
65.745
65.745
65.745
65.745
65.745
65.745
65.745
65.745
65.745
65.745
65.745
65.745
65.745
65.745
65.745
65.745
65.745
65.745
65.745
65.745
65.745
65.745
65.745
65.745
65.745
65.745
65.745
65.745
65.745
65.745
65.745
65.745
65.745
65.745
65.745
65.745
65.745
65.745
65.745
65.745
65.745
65.745
65.745
65.745
65.745
65.745
65.745
65.745
65.745
65.745
65.745
65.745
65.745
65.745
65.745
65.745
65.745
65.745
65.745
65.745
65.745
65.745
65.745
65.745
65.745
65.745
65.745
65.745
65.745
65.745
65.745
65.745
65.745
65.745
65.745
65.745
65.745
65.745
65.745
65.745
65.745
65.745
65.745
65.745
65.745
65.745
65.745
65.745
65.745
65.745
65.745
65.745
65.745
65.745
65.745
65.745
65.745
65.745
65.745
65.745
65.745
65.745
65.745
65.7427
65.7404
65.7313
81.5104
66.0903
71.3276
65.7199
65.9871
72.4583
72.5835
68.5899
65.6312
65.6312
65.6312
65.6312
65.6312
65.6312
65.6312
65.6312
65.6312
65.6312
65.6312
65.6312
65.6312
65.6312
65.6312
65.6312
65.6312
65.6312
65.6312
65.6312
65.6312
65.6312
65.6312
65.6312
65.6312
65.6312
65.6312
65.6312
65.6312
65.6312
65.6312
65.6312
65.6312
65.6312
65.6312
65.6312
65.6312
65.6312
65.6312
65.6312
65.6312
65.6312
65.6312
65.6312
65.6312
65.6312
65.6312
65.6312
65.6312
65.6312
65.6312
65.6312
65.6312
65.6312
65.6312
65.6312
65.6312
65.6312
65.6312
65.6312
65.6312
65.6312
65.6312
65.6312
65.6312
65.6312
65.6312
65.6312
65.6312
65.6312
65.6312
65.6312
65.6312
65.6312
65.6312
65.6312
65.6312
65.6312
65.6312
65.6312
65.6312
65.6312
65.6312
65.6312
65.6312
65.6312
65.6312
65.6312
65.6312
65.6312
65.6312
65.6312
65.6312
65.6312
65.6312
65.6312
65.6312
65.6312
65.6312
65.6312
65.6312
65.6312
65.6312
65.6312
65.6312
65.6312
65.6312
65.6312
65.6312
65.6312
65.6312
65.6312
65.6312
65.6312
65.6312
65.6312
65.6312
65.6312
65.6312
65.6312
65.6312
65.6312
65.6312
65.6312
65.6312
65.6312
65.6312
65.6312
65.6312
65.6312
65.6312
65.6312
65.6312
65.6312
65.6312
65.6312
65.6312
65.6312
65.6312
65.6312
65.6312
65.6312
65.6312
65.6312
65.6312
65.6312
65.6312
65.6312
65.6312
65.6312
65.6312
65.6312
65.6312
65.6312
65.6312
65.6312
65.6312
65.6312
65.6312
65.6312
65.6312
65.6312
65.6312
65.6312
65.6312
65.6312
65.6312
65.6312
65.6312
65.6312
65.6312
65.6312
65.6312
65.6312
65.6312
65.6312
65.6312
65.6312
65.6312
65.6312
65.6312
65.6312
65.6312
65.6312
65.6312
65.6312
65.6312
65.6312
65.6312
65.6312
65.6312
65.6312
65.6312
65.6312
65.6312
65.6312
65.6312
65.6312
65.6312
65.6312
65.6312
65.6312
65.6312
65.6312
65.6312
65.6312
65.6312
65.6312
65.6312
65.6312
65.6312
65.6312
65.6312
65.6312
65.6312
65.6312
65.6312
65.6312
65.6312
65.6312
65.6312
65.6312
65.6312
65.6312
65.6312
65.6312
65.6312
65.6312
65.6312
65.6312
65.6312
65.6312
65.6312
65.6312
65.6312
65.6312
65.6312
65.6312
65.6312
65.6312
65.6312
65.6312
65.6312
65.6312
65.6312
65.6312
65.6312
65.6312
65.6312
65.6312
65.6312
65.6312
65.6312
65.6312
65.6312
65.6312
65.6312
65.6312
65.6312
65.6312
65.6312
65.6312
65.6312
65.6312
65.6312
65.6312
65.6312
65.6312
65.6312
65.6312
65.6312
65.6312
65.6312
65.6312
65.6312
65.6312
65.6312
65.6312
65.6312
65.6312
65.6312
65.6312
65.6312
65.6312
65.6312
65.6312
65.6312
65.6312
65.6312
65.6312
65.6312
65.6312
65.6312
65.6312
65.6312
65.6312
65.6312
65.6312
65.6312
65.6312
65.6312
65.6312
65.6312
65.6312
65.6312
65.6312
65.6312
65.6312
65.6312
65.6312
65.6312
65.6312
65.6312
65.6312
65.6312
65.6312
65.6312
65.6312
65.6312
65.6312
65.6312
65.6312
65.6312
65.6312
65.6312
65.6312
65.6312
65.6312
65.6312
65.6312
65.6312
65.6312
65.6312
65.6312
65.6312
65.6312
65.6312
65.6312
65.6312
65.6312
65.6312
65.6312
65.6312
65.6312
65.6312
65.6312
65.6312
65.6312
65.6312
65.6312
65.6312
65.6312
65.6312
65.6312
65.6312
65.6312
65.6312
65.6312
65.6312
65.6312
65.6312
65.6312
65.6312
65.6312
65.6312
65.6312
65.6312
65.6312
65.6312
65.6312
65.6312
65.6312
65.6312
65.6312
65.6312
65.6312
65.6312
65.6312
65.6312
65.6312
65.6312
65.6312
65.6312
65.6312
65.6312
65.6312
65.6312
65.6312
65.6312
65.6312
65.6312
65.6312
65.6312
65.6312
65.6312
65.6312
65.6312
65.6312
65.6312
65.6312
65.6312
65.6312
65.6312
65.6312
65.6312
65.6312
65.6312
65.6312
65.6312
65.6312
65.6312
65.6312
65.6312
65.6312
65.6312
65.6312
65.6312
65.6312
65.6312
65.6312
65.6312
65.6312
65.6312
65.6312
65.6312
65.6312
65.6312
65.6312
65.6312
65.6312
65.6312
65.6312
65.6312
65.6312
65.6312
65.6312
65.6312
65.6312
65.6312
65.6312
65.6312
65.6312
65.6312
65.6312
65.6312
65.6312
65.6312
65.6312
65.6312
65.6312
65.6312
65.6312
65.6312
65.6312
65.6312
65.6312
65.6312
65.6312
65.6312
65.6312
65.6312
65.6312
65.6312
65.6312
65.6312
65.6312
65.6312
65.6312
65.6312
65.6312
65.6312
65.6312
65.6312
65.6312
65.6312
65.6312
65.6312
65.6312
65.6312
65.6312
65.6312
65.6312
65.6312
65.6312
65.6312
65.6312
65.6312
65.6312
65.6312
65.6312
65.6312
65.6312
65.6312
65.6312
65.6312
65.6312
65.6312
65.6312
65.6312
65.6312
65.6312
65.6312
65.6312
65.6312
65.6312
65.6312
65.6312
65.6312
65.6312
65.6312
65.6312
65.6312
65.6312
65.6312
65.6312
65.6312
65.6312
65.6312
65.6312
65.6312
65.6312
65.6312
65.6312
65.6312
65.6312
65.6312
65.6312
65.6312
65.6312
65.6312
65.6312
65.6312
65.6312
65.6312
65.6312
65.6312
65.6312
65.6312
65.6312
65.6312
65.6312
65.6312
65.6312
65.6312
65.6312
65.6312
65.6312
65.6312
65.6312
65.6312
65.6312
65.6312
65.6312
65.6312
65.6312
65.6312
65.6312
65.6312
65.6312
65.6312
65.6312
65.6312
65.6312
65.6312
65.6312
65.6312
65.6312
65.6312
65.6312
65.6312
65.6312
65.6312
65.6312
65.6312
65.6312
65.6312
65.6312
65.6312
65.6312
65.6312
65.6312
65.6312
65.6312
65.6312
65.6312
65.6312
65.6312
65.6312
65.6312
65.6312
65.6312
65.6312
65.6312
65.6312
65.6312
65.6312
65.6312
65.6312
65.6312
65.6312
65.6312
65.6312
65.6312
65.6312
65.6312
65.6312
65.6312
65.6312
65.6312
65.6312
65.6312
65.6312
65.6312
65.6312
65.6312
65.6312
65.6312
65.6312
65.6312
65.6312
65.6312
65.6312
65.6312
65.6312
65.6312
65.6312
65.6312
65.6312
65.6312
65.6312
65.6312
65.6312
65.6312
65.6312
65.6312
65.6312
65.6312
65.6312
65.6312
65.6312
65.6312
65.6312
65.6312
65.6312
65.6312
65.6312
65.6312
65.6312
65.6312
65.6312
65.6312
65.6312
65.6312
65.6312
65.6312
65.6312
65.6312
65.6312
65.6312
65.6312
65.6312
65.6312
65.6312
65.6312
65.6312
65.6312
65.6312
65.6312
65.6312
65.6312
65.6312
65.6312
65.6312
65.6312
65.6312
65.6312
65.6312
65.6312
65.6312
65.6312
65.6312
65.6312
65.6312
65.6312
65.6312
65.6312
65.6312
65.6312
65.6312
65.6312
65.6312
65.6312
65.6312
65.6312
65.6312
65.6312
65.6312
65.6312
65.6312
65.6312
65.6312
65.6312
65.6312
65.6312
65.6312
65.6312
65.6312
65.6312
65.6312
65.6312
65.6312
65.6312
65.6312
65.6312
65.6312
65.6312
65.6312
65.6312
65.6312
65.6312
65.6312
65.6312
65.6312
65.6312
65.6312
65.6312
65.6312
65.6312
65.6312
65.6312
65.6312
65.6312
65.6312
65.6312
65.6312
65.6312
65.6312
65.6312
65.6312
65.6312
65.6312
65.6312
65.6312
65.6312
65.6312
65.6114
65.7702
65.6312
65.6312
65.6312
65.6312
65.6312
65.6312
65.6312
65.6312
65.6312
65.6312
65.6312
65.6312
65.6312
65.6312
65.6312
65.6312
65.6312
65.6312
65.6312
65.6312
65.6312
65.6312
65.6312
65.6312
65.6312
65.6312
65.6312
65.6312
65.6312
65.6312
65.6312
65.6312
65.6312
65.6312
65.6312
65.6312
65.6312
65.6312
65.6312
65.6312
65.6312
65.6312
65.6312
65.6312
65.6312
65.6312
65.6312
65.6312
65.6312
65.6312
65.6312
65.6312
65.6312
65.6312
65.6312
65.6312
65.6312
65.6312
65.6312
65.6312
65.6312
65.6312
65.6312
65.6312
65.6312
65.6312
65.6312
65.6312
65.6312
65.6312
65.6312
65.6312
65.6312
65.6312
65.6312
65.6312
65.6312
65.6312
65.6312
65.6312
65.6312
65.6312
65.6312
65.6312
65.6312
65.6312
65.6312
65.6312
65.6312
65.6312
65.6312
65.6312
65.6312
65.6312
65.6312
65.6312
65.6312
65.6312
65.6312
65.6312
65.6312
65.6312
65.6312
65.6312
65.6312
65.6312
65.6312
65.6312
65.6312
65.6312
65.6312
65.6312
65.6312
65.6312
65.6312
65.6312
65.6312
65.6312
65.6312
65.6312
65.6312
65.6312
65.6312
65.6312
65.6312
65.6312
65.6312
65.6312
65.6312
65.6312
65.6312
65.6312
65.6312
65.6312
65.6312
65.6312
65.6312
65.6312
65.6312
65.6312
65.6312
65.6312
65.6312
65.6312
65.6312
65.6312
65.6312
65.6312
65.6312
65.6312
65.6312
65.6312
65.6312
65.6312
65.6312
65.6312
65.6312
65.6312
65.6312
65.6312
65.6312
65.6312
65.6312
65.6312
65.6312
65.6312
65.6312
65.6312
65.6312
65.6312
65.6312
65.6312
65.6312
65.6312
65.6312
65.6312
65.6312
65.6312
65.6312
65.6312
65.6312
65.6312
65.6312
65.6312
65.6312
65.6312
65.6312
65.6312
65.6312
65.6312
65.6312
65.6312
65.6312
65.6312
65.6312
65.6312
65.6312
65.6312
65.6312
65.6312
65.6312
65.6312
65.6312
65.6312
65.6312
65.6312
65.6312
65.6312
65.6312
65.6312
65.6312
65.6312
65.6312
65.6312
65.6312
65.6312
65.6312
65.6312
65.6312
65.6312
65.6312
65.6312
65.6312
65.6312
65.6312
65.6312
65.6312
65.6312
65.6312
65.6312
65.6312
65.6312
65.6312
65.6312
65.6312
65.6312
65.6312
65.6312
65.6312
65.6312
65.6312
65.6312
65.6312
65.6312
65.6312
65.6312
65.6312
65.6312
65.6312
65.6312
65.6312
65.6312
65.6312
65.6312
65.6312
65.6312
65.6312
65.6312
65.6312
65.6312
65.6312
65.6312
65.6312
65.6312
65.6312
65.6312
65.6312
65.6312
65.6312
65.6312
65.6312
65.6312
65.6312
65.6312
65.6312
65.6312
65.6312
65.6312
65.6312
65.6312
65.6312
65.6312
65.6312
65.6312
65.6312
65.6312
65.6312
65.6312
65.6312
65.6312
65.6312
65.6312
65.6312
65.6312
65.6312
65.6312
65.6312
65.6312
65.6312
65.6312
65.6312
65.6312
65.6312
65.6312
65.6312
65.6312
65.6312
65.6312
65.6312
65.6312
65.6312
65.6312
65.6312
65.6312
65.6312
65.6312
65.6312
65.6312
65.6312
65.6312
65.6312
65.6312
65.6312
65.6312
65.6312
65.6312
65.6312
65.6312
65.6312
65.6312
65.6312
65.6312
65.6312
65.6312
65.6312
65.6312
65.6312
65.6312
65.6312
65.6312
65.6312
65.6312
65.6312
65.6312
65.6312
65.6312
65.6312
65.6312
65.6312
65.6312
65.6312
65.6312
65.6312
65.6312
65.6312
65.6312
65.6312
65.6312
65.6312
65.6312
65.6312
65.6312
65.6312
65.6312
65.6312
65.6312
65.6312
65.6312
65.6312
65.6312
65.6312
65.6312
65.6312
65.6312
65.6312
65.6312
65.6312
65.6312
65.6312
65.6312
65.6312
65.6312
65.6312
65.6312
65.6312
65.6312
65.6312
65.6312
65.6312
65.6312
65.6312
65.6312
65.6312
65.6312
65.6312
65.6312
65.6312
65.6312
65.6312
65.6312
65.6312
65.6312
65.6312
65.6312
65.6312
65.6312
65.6312
65.6312
65.6312
65.6312
65.6312
65.6312
65.6312
65.6312
65.6312
65.6312
65.6312
65.6312
65.6312
65.6312
65.6312
65.6312
65.6312
65.6312
65.6312
65.6312
65.6312
65.6312
65.6312
65.6312
65.6312
65.6312
65.6312
65.6312
65.6312
65.6312
65.6312
65.6312
65.6312
65.6312
65.6312
65.6312
65.6312
65.6312
65.6312
65.6312
65.6312
65.6312
65.6312
65.6312
65.6312
65.6312
65.6312
65.6312
65.6312
65.6312
65.6312
65.6312
65.6312
65.6312
65.6312
65.6312
65.6312
65.6312
65.6312
65.6312
65.6312
65.6312
65.6312
65.6312
65.6312
65.6312
65.6312
65.6312
65.6312
65.6312
65.6312
65.6312
65.6312
65.6312
65.6312
65.6312
65.6312
65.6312
65.6312
65.6312
65.6312
65.6312
65.6312
65.6312
65.6312
65.6312
65.6312
65.6312
65.6312
65.6312
65.6312
65.6312
65.6312
65.6312
65.6312
65.6312
65.6312
65.6312
65.6312
65.6312
65.6312
65.6312
65.6312
65.6312
65.6312
65.6312
65.6312
65.6312
65.6312
65.6312
65.6312
65.6312
65.63
65.63
65.6288
65.624
65.6144
65.5976
65.5711
65.5711
65.5711
65.5711
65.5711
65.5711
65.5711
65.5711
65.5711
65.5711
65.5711
65.5711
65.5711
65.5711
65.5711
65.5711
65.5711
65.5711
65.5711
65.5711
65.5711
65.5711
65.5711
65.5711
65.5711
65.5711
65.5711
65.5711
65.5711
65.5711
65.5711
65.5711
65.5711
65.5711
65.5711
65.5711
65.5711
65.5711
65.5711
65.5711
65.5711
65.5711
65.5711
65.5711
65.5711
65.5711
65.5711
65.5629
65.5383
65.481
65.4154
65.1613
65.1613
65.1613
65.1613
65.1613
65.1613
65.1613
65.1613
65.1613
65.1613
65.1613
65.1613
65.1613
65.1613
65.1613
65.1613
65.1613
65.1613
65.1613
65.1613
65.1613
65.1613
65.1613
65.1613
65.1613
65.1613
65.1613
65.1613
65.1613
65.1613
65.1613
65.1613
65.1613
65.1613
65.1613
65.1613
65.1613
65.1613
65.1613
65.1613
65.1613
65.1613
65.1613
65.1613
65.1613
65.1613
65.1613
65.1613
65.1613
65.1613
65.1613
65.1613
65.1613
65.1613
65.1613
65.1613
65.1613
65.1613
65.1613
65.1613
65.1613
65.1613
65.1613
65.1613
65.1613
65.1613
65.1613
65.1613
65.1613
65.1613
65.1613
65.1613
65.1613
65.1613
65.1613
65.1613
65.1613
65.1613
65.1613
65.1613
65.1613
65.1613
65.1613
65.1613
65.1613
65.1613
65.1613
65.1613
65.1613
65.1613
65.1613
65.1613
65.1613
65.1613
65.1613
65.1613
65.1613
65.1613
65.1613
65.1613
65.1613
65.1613
65.1613
65.1613
65.1613
65.1613
65.1613
65.1613
65.1613
65.1613
65.1613
65.1613
65.1613
65.1613
65.1613
65.1613
65.1613
65.1613
65.1613
65.1613
65.1613
65.1613
65.1613
65.1613
65.1613
65.1613
65.1613
65.1613
65.1613
65.1613
65.1613
65.1613
65.1613
65.1613
65.1613
65.1613
65.1613
65.1613
65.1613
65.1613
65.1613
65.1613
65.1613
65.1613
65.1613
65.1613
65.1613
65.1613
65.1613
65.1613
65.1613
65.1613
65.1613
65.1613
65.1613
65.1613
65.1613
65.1613
65.1613
65.1613
65.1613
65.1613
65.1613
65.1613
65.1613
65.1613
65.1613
65.1613
65.1613
65.1613
65.1613
65.1613
65.1613
65.1613
65.1613
65.1613
65.1613
65.1613
65.1613
65.1613
65.1613
65.1613
65.1613
65.1613
65.1613
65.1613
65.1613
65.1613
65.1613
65.1613
65.1613
65.1613
65.1613
65.1613
65.1613
65.1613
65.1613
65.1613
65.1613
65.1613
65.1613
65.1613
65.1613
65.1613
65.1613
65.1613
65.1613
65.1613
65.1613
65.1613
65.1613
65.1613
65.1613
65.1613
65.1613
65.1613
65.1613
65.1613
65.1613
65.1613
65.1613
65.1613
65.1613
65.1613
65.1613
65.1613
65.1613
65.1613
65.1613
65.1613
65.1613
65.1613
65.1613
65.1613
65.1613
65.1613
65.1613
65.1613
65.1613
65.1613
65.1613
65.1613
65.1613
65.1613
65.1613
65.1613
65.1613
65.1613
65.1613
65.1613
65.1613
65.1613
65.1613
65.1613
65.1613
65.1613
65.1613
65.1613
65.1613
65.1613
65.1613
65.1613
65.1613
65.1613
65.1613
65.1613
65.1613
65.1613
65.1613
65.1613
65.1613
65.1613
65.1613
65.1613
65.1613
65.1613
65.1613
65.1613
65.1613
65.1613
65.1613
65.1613
65.1613
65.1613
65.1613
65.1613
65.1613
65.1613
65.1613
65.1613
65.1613
65.1613
65.1613
65.1613
65.1613
65.1613
69.6106
65.1613
65.1613
65.1613
65.1613
65.1613
65.1613
65.1613
65.1613
65.1613
65.1613
65.1613
65.1613
65.1613
65.1613
65.1613
65.1613
65.1613
65.1613
65.1613
65.1613
65.1613
68.2942
66.2257
74.0589
65.1613
65.1613
65.1613
65.1613
65.1613
65.1613
65.1613
65.1613
65.1613
65.1613
65.1613
65.1613
65.1613
65.1613
65.1613
65.1613
65.1613
65.1613
65.1613
65.1613
65.1613
65.1613
65.1613
65.1613
65.1613
65.1613
65.1613
65.1613
65.1613
65.1613
65.1613
65.1613
65.1613
65.1613
65.1613
65.1613
65.1613
65.1613
65.1613
65.1613
65.1613
65.1613
65.1613
65.1613
65.1613
65.1613
65.1613
65.1613
65.1613
65.1613
65.1613
65.1613
65.1613
65.1613
65.1613
65.1613
65.1613
65.1613
65.1613
65.1613
65.1613
65.1613
65.1613
65.1613
65.1613
65.1613
65.1613
65.1613
65.1613
65.1613
65.1613
65.1613
65.1613
65.1613
65.1613
65.1613
65.1613
65.1613
65.1613
65.1613
65.1613
65.1613
65.1613
65.1613
65.1613
65.1613
65.1613
65.1613
65.1613
65.1613
65.1613
65.1613
65.1613
65.1613
65.1613
65.1613
65.1613
65.1613
65.1613
65.1613
66.9289
65.1613
69.7642
68.2482
65.1613
65.1613
65.1613
65.1613
65.1613
65.1613
65.1613
65.1613
65.1613
65.1613
65.1613
65.1613
65.1613
65.1613
65.1613
65.1613
65.1613
65.1613
65.1613
65.1613
65.1613
65.1613
65.1613
65.1613
65.1613
65.1613
65.1613
65.1613
65.1613
65.1613
65.1613
65.1613
65.1613
65.1613
65.1613
65.1613
65.1613
65.1613
65.1613
65.1613
65.1613
65.1613
65.1613
65.1613
65.1613
65.1613
65.1613
65.1613
65.1613
65.1613
65.1613
65.1613
65.1613
65.1613
65.1613
65.1613
65.1613
65.1613
65.1613
65.1613
65.1613
65.1613
65.1613
65.1613
65.1613
65.1613
65.1613
65.1613
65.1613
65.1613
65.1613
65.1613
65.1613
65.1613
65.2367
65.1613
65.1613
65.1613
65.1613
65.1613
65.1613
65.1613
65.1613
65.1613
65.1613
65.1613
65.1613
65.1613
65.1613
65.1613
65.1613
65.1613
65.1613
65.1613
65.1613
65.1613
65.1613
65.1613
65.1613
65.1613
65.1613
65.1613
65.1613
65.1613
65.1613
65.1613
65.1613
65.1613
65.1613
65.1613
65.1613
65.1613
65.1613
65.1613
65.1613
71.0972
65.1613
65.1613
65.1613
65.1613
65.1613
65.1613
65.1613
65.1613
65.1613
65.1613
65.1613
65.1613
65.1613
65.1613
65.1613
65.1613
65.1613
65.1613
65.1613
65.1613
65.1613
65.1613
65.1613
65.1613
65.1613
65.1613
65.1613
65.1613
65.1613
65.1613
65.1613
65.1613
65.1613
65.1613
65.1613
65.1613
65.1613
65.1613
65.1613
65.1613
65.1613
65.1613
65.1613
65.1613
65.1613
65.1613
65.1613
65.1613
65.1613
65.1613
65.1613
65.1613
65.1613
65.1613
65.1613
65.1613
65.1613
65.1613
65.1613
65.1613
65.1613
65.1613
65.1613
65.1613
65.1613
65.1613
65.1613
65.1613
65.1613
65.1613
65.1613
65.1613
65.1613
65.1613
65.1613
65.1613
65.1613
65.1613
65.1613
65.1613
65.1613
65.1613
65.1613
65.1613
65.1613
65.1613
65.1613
65.1613
65.1613
65.1613
65.1613
65.1613
65.1613
65.1613
65.1613
65.1613
65.1613
65.1613
65.1613
65.1613
65.1613
65.1613
65.1613
65.1613
65.1613
65.1613
65.1613
65.1613
65.1613
65.1613
65.1613
65.1613
65.1613
65.1613
65.1613
65.1613
65.1613
65.1613
65.1613
65.1613
65.1613
65.1613
65.1613
65.1613
65.1613
65.1613
65.1613
65.1613
65.1613
65.1613
65.1613
65.1613
65.1613
65.1613
65.1613
65.9883
65.1613
65.1613
65.1613
65.1613
65.1653
65.1613
65.1613
65.3285
78.934
74.4117
68.783
65.723
65.1613
65.1613
65.1613
65.1613
65.1613
65.1613
65.1613
65.1613
65.1613
65.1613
65.1613
65.1613
65.1613
65.1613
65.1613
65.1613
65.1613
65.1613
65.1613
65.1613
65.1613
65.1613
65.1613
65.1613
65.1613
65.1613
65.1613
65.1613
65.1613
65.1613
65.1613
65.1613
65.1613
65.1613
65.1613
65.1613
65.1613
65.1613
65.1613
65.1613
65.1613
65.1613
65.1613
65.1613
65.1613
65.1613
65.1613
65.1613
65.1613
65.1613
65.1613
65.1613
65.1613
65.1613
65.1613
65.1613
65.1613
65.1613
65.1613
65.1613
65.1613
65.1613
65.1613
65.1613
65.1613
65.1613
65.1613
65.1613
65.1613
65.1613
65.1613
65.1613
65.1613
65.1613
65.1613
65.1613
65.1613
65.1613
65.1613
65.1613
65.1613
65.1613
65.1613
65.1613
65.1613
65.1613
65.1613
65.1613
65.1613
65.1613
65.1613
65.1613
65.1613
65.1613
65.1613
65.1613
65.1613
65.1613
65.1613
65.1613
65.1613
65.1613
65.1613
65.1575
65.1537
65.1384
65.1002
65.0047
64.9703
64.9703
64.9703
64.9703
64.9703
64.9703
64.9703
64.9703
64.9703
64.9703
64.9703
64.9703
64.9703
64.9703
64.9703
64.9703
64.9703
64.9703
64.9703
64.9703
64.9703
64.9703
64.9703
64.9703
64.9703
64.9703
64.9703
64.9703
64.9703
64.9703
64.9703
64.9703
64.9703
64.9703
64.9703
64.9703
64.9703
64.9703
64.9703
64.9703
64.9703
64.9703
64.9703
64.9703
64.9703
64.9703
64.9703
64.9703
64.9703
64.9703
64.9703
64.9703
64.9703
64.9703
64.9703
64.9703
64.9703
64.9703
64.9703
64.9703
64.9703
64.9703
64.9703
64.9703
64.9703
64.9703
64.9703
64.9703
64.9703
64.9703
64.9703
64.9703
64.9703
64.9703
64.9703
64.9703
64.9703
64.9703
64.9703
64.9703
64.9703
64.9703
64.9703
64.9703
64.9703
64.9703
64.9703
64.9703
64.9703
64.9703
64.9703
64.9703
64.9703
64.9703
64.9703
64.9703
64.9703
64.9703
64.9703
64.9703
64.9703
64.9703
64.9703
64.9703
64.9703
64.9703
64.9703
64.9703
64.9703
64.9703
64.9703
64.9703
64.9703
64.9703
64.9703
64.9703
64.9703
64.9703
64.9703
64.9703
64.9703
64.9703
64.9703
64.9703
64.9703
64.9703
64.9703
64.9703
64.9703
64.9703
64.9703
64.9703
64.9703
64.9703
64.9703
64.9703
64.9703
64.9703
64.9703
64.9703
64.9703
64.9703
64.9703
64.9703
64.9703
64.9703
64.9703
64.9703
64.9703
64.9703
64.9703
64.9703
64.9703
64.9703
64.9703
64.9703
64.9703
64.9703
64.9703
64.9703
64.9703
64.9703
64.9703
64.9703
64.9703
64.9703
64.9703
64.9703
64.9703
64.9703
64.9703
64.9703
64.9703
64.9703
64.9703
64.9703
64.9703
64.9703
64.9703
64.9703
64.9703
64.9703
64.9703
64.9703
64.9703
64.9703
64.9703
64.9703
64.9703
64.9703
64.9703
64.9703
64.9703
64.9703
64.9703
64.9703
64.9703
64.9703
64.9703
64.9703
64.9703
64.9703
64.9703
64.9703
64.9703
64.9703
64.9703
64.9703
64.9703
64.9703
64.9703
64.9703
64.9703
64.9703
64.9703
64.9703
64.9703
64.9703
64.9703
64.9703
64.9703
64.9703
64.9703
64.9703
64.9703
64.9703
64.9703
64.9703
64.9703
64.9703
64.9703
64.9703
64.9703
64.9703
64.9703
64.9703
64.9703
64.9703
64.9703
64.9703
64.9703
64.9703
64.9703
64.9703
64.9703
64.9703
64.9703
64.9703
64.9703
64.9703
64.9703
64.9703
64.9703
64.9703
64.9703
64.9703
64.9703
64.9703
64.9703
64.9703
64.9703
64.9703
64.9703
64.9703
64.9703
64.9703
64.9703
64.9703
64.9703
64.9703
64.9703
64.9703
64.9703
64.9703
64.9703
64.9703
64.9703
64.9703
64.9703
64.9703
64.9703
64.9703
64.9703
64.9703
64.9703
64.9703
64.9703
64.9703
64.9703
64.9703
64.9703
64.9703
64.9703
64.9703
64.9703
64.9703
64.9703
64.9703
64.9703
64.9703
64.9703
64.9703
64.9703
64.9703
64.9703
64.9703
64.9703
64.9703
64.9703
64.9703
64.9703
64.9703
64.9703
64.9703
64.9703
64.9703
64.9703
64.9703
64.9703
64.9703
64.9703
64.9703
64.9703
64.9703
64.9703
64.9703
64.9703
64.9703
64.9703
64.9703
64.9703
64.9703
64.9703
64.9703
64.9703
64.9703
64.9703
64.9703
64.9703
64.9703
64.9703
64.9703
64.9703
64.9703
64.9703
64.9703
64.9703
64.9703
64.9703
64.9703
64.9703
64.9703
64.9703
64.9703
64.9703
64.9703
64.9703
64.9703
64.9703
64.9703
64.9703
64.9703
64.9703
64.9703
64.9703
64.9703
64.9703
64.9703
64.9703
64.9703
64.9703
64.9703
64.9703
64.9703
64.9703
64.9703
64.9703
64.9703
64.9703
64.9703
64.9703
64.9703
64.9703
64.9703
64.9703
64.9703
64.9703
64.9703
64.9703
64.9703
64.9703
64.9703
64.9703
64.9703
64.9703
64.9703
64.9703
64.9703
64.9703
64.9703
64.9703
64.9703
64.9703
64.9703
64.9703
64.9703
64.9703
64.9703
64.9703
64.9703
64.9703
64.9703
64.9703
64.9703
64.9703
64.9703
64.9703
64.9703
64.9703
64.9703
64.9703
64.9703
64.9703
64.9703
64.9703
64.9703
64.9703
64.9703
64.9703
64.9703
64.9703
64.9703
64.9703
64.9703
64.9703
64.9703
64.9703
64.9703
64.9703
64.9703
64.9703
64.9703
64.9703
64.9703
64.9703
64.9703
64.9703
64.9703
64.9703
64.9703
64.9703
64.9703
64.9703
64.9703
64.9703
64.9703
64.9703
64.9703
64.9703
64.9703
64.9703
64.9703
64.9703
64.9703
64.9703
64.9703
64.9703
64.9703
64.9703
64.9703
64.9703
64.9703
64.9703
64.9703
64.9703
64.9703
64.9703
64.9703
64.9703
64.9703
64.9703
64.9703
64.9703
64.9703
64.9703
64.9703
64.9703
64.9703
64.9703
64.9703
64.9703
64.9703
64.9703
64.9703
64.9703
64.9703
64.9703
64.9703
64.9703
64.9703
64.9703
64.9703
64.9703
64.9703
64.9703
64.9703
64.9703
64.9703
64.9703
64.9703
64.9703
64.9703
64.9703
64.9703
64.9703
64.9703
64.9703
64.9703
64.9703
64.9703
64.9703
64.9703
64.9703
64.9703
64.9703
64.9703
64.9703
64.9703
64.9703
64.9703
64.9703
64.9703
64.9703
64.9703
64.9703
64.9703
64.9703
64.9703
64.9703
64.9703
64.9703
64.9703
64.9703
64.9703
64.9703
64.9703
64.9703
64.9703
64.9703
64.9703
64.9703
64.9703
64.9703
64.9703
64.9703
64.9703
64.9703
64.9703
64.9703
64.9703
64.9703
64.9703
64.9703
64.9703
64.9703
64.9703
64.9703
64.9703
64.9703
64.9703
64.9703
64.9703
64.9703
64.9703
64.9703
64.9703
64.9703
64.9703
64.9703
64.9703
64.9703
64.9703
64.9703
64.9703
64.9703
64.9703
64.9703
64.9689
64.9542
64.9118
64.8972
64.8972
64.8972
64.8972
64.8972
64.8972
64.8972
64.8972
64.8972
64.8972
64.8972
64.8972
64.8972
64.8972
64.8972
64.8972
64.8972
64.8972
64.8972
64.8972
64.8972
64.8972
64.8972
64.8972
64.8972
64.8972
64.8972
64.8972
64.8972
64.8972
64.8972
64.8972
64.8972
64.8972
64.8972
64.8972
64.8597
64.8972
64.8972
64.8972
64.8972
64.8972
64.8972
64.8972
64.8972
64.8972
64.8972
64.8972
64.8972
64.8972
64.8972
64.8972
64.8972
64.8972
64.8972
64.8972
64.8972
64.8972
64.8972
64.8972
64.8972
64.8972
64.8972
64.8972
64.8972
64.8972
64.8972
64.8972
64.8972
64.8972
64.8972
64.8972
64.8972
64.8972
64.8972
64.8972
64.8972
64.8972
64.8972
64.8972
64.8972
64.8972
64.8972
64.8972
64.8972
64.8972
64.8972
64.8972
64.8972
64.8972
64.8972
64.8972
64.8972
64.8972
64.8972
64.8972
64.8972
64.8972
64.8972
64.8972
64.8972
64.8972
64.8972
64.8972
64.8972
64.8972
64.8972
64.8972
64.8972
64.8972
64.8972
64.8972
64.8972
64.8972
64.8972
64.8972
64.8972
64.8972
64.8972
64.8972
64.8972
64.8972
64.8972
64.8972
64.8972
64.8972
64.8972
64.8972
64.8972
64.8972
64.8972
64.8972
64.8972
64.8972
64.8972
64.8972
64.8972
64.8972
64.8972
64.8972
64.8972
64.8972
64.8972
64.8972
64.8972
64.8972
64.8972
64.8972
64.8972
64.8972
64.8972
64.8972
64.8972
64.8972
64.8972
64.8972
64.8972
64.8972
64.8972
64.8972
64.8972
64.8972
64.8972
64.8972
64.8972
64.8972
64.8972
64.8972
64.8972
64.8972
64.8972
64.8972
64.8972
64.8972
64.8972
64.8972
64.8972
64.8972
64.8972
64.8972
64.8972
64.8972
64.8972
64.8972
64.8972
64.8972
64.8972
64.8972
64.8972
64.8972
64.8972
64.8972
64.8972
64.8972
64.8972
64.8972
64.8972
64.8972
64.8972
64.8972
64.8972
64.8972
64.8972
64.8972
64.8972
64.8972
64.8972
64.8972
64.8972
64.8972
64.8972
64.8972
64.8972
64.8972
64.8972
64.8972
64.8972
64.8972
64.8972
64.8972
64.8972
64.8972
64.8972
64.8972
64.8972
64.8972
64.8972
64.8972
64.8972
64.8972
64.8972
64.8972
64.8972
64.8972
64.8972
64.8972
64.8972
64.8972
64.8972
64.8972
64.8972
64.8972
64.8972
64.8972
64.8972
64.8972
64.8972
64.8972
64.8972
64.8972
64.8972
64.8972
64.8972
64.8972
64.8972
64.8972
64.8972
64.8972
64.8972
64.8972
64.8972
64.8972
64.8972
64.8972
64.8972
64.8972
64.8972
64.8972
64.8972
64.8972
64.8972
64.8972
64.8972
64.8972
64.8972
64.8972
64.8972
64.8972
64.8972
64.8972
64.8972
64.8972
64.8972
64.8972
64.8972
64.8972
64.8972
64.8972
64.8972
64.8972
64.8972
64.8972
64.8972
64.8972
64.8972
64.8972
64.8972
64.8972
64.8972
64.8972
64.8972
64.8972
64.8972
64.8972
64.8972
64.8972
64.8972
64.8972
64.8972
64.8972
64.8972
64.8972
64.8972
64.8972
64.8972
64.8972
64.8972
64.8972
64.8972
64.8972
64.8972
64.8972
64.8972
64.8972
64.8972
64.8972
64.8972
64.8972
64.8972
64.8972
64.8972
64.8972
64.8972
64.8972
64.8972
64.8972
64.8972
64.8972
64.8972
64.8972
64.8972
64.8972
64.8972
64.8972
64.8972
64.8972
64.8972
64.8972
64.8972
64.8972
64.8972
64.8972
64.8972
64.8972
64.8972
64.8972
64.8972
64.8972
64.8972
64.8972
64.8972
64.8972
64.8972
64.8972
64.8972
64.8972
64.8972
64.8972
64.8972
64.8972
64.8972
64.8972
64.8972
64.8972
64.8972
64.8972
64.8972
64.8972
64.8972
64.8972
64.8972
64.8972
64.8972
64.8972
64.8972
64.8972
64.8972
64.8972
64.8972
64.8972
64.8972
64.8972
64.8972
64.8972
64.8972
64.8972
64.8972
64.8972
64.8972
64.8972
64.8972
64.8972
64.8972
64.8972
64.8972
64.8972
64.8972
64.8972
64.8972
64.8972
64.8972
64.8972
64.8972
64.8972
64.8972
64.8972
64.8972
64.8972
64.8972
64.8972
64.8972
64.8972
64.8972
64.8972
64.8972
64.8972
64.8972
64.8972
64.8972
64.8972
64.8972
64.8972
64.8972
64.8972
64.8972
64.8972
64.8972
64.8972
64.8972
64.8972
64.8972
64.8972
64.8972
64.8972
64.8972
64.8972
64.8972
64.8972
64.8972
64.8972
64.8972
64.8972
64.8972
64.8972
64.8972
64.8972
64.8972
64.8972
64.8972
64.8972
64.8972
64.8972
64.8972
64.8972
64.8972
64.8972
64.8972
64.8972
64.8972
64.8972
64.8972
64.8972
64.8972
64.8972
64.8972
64.8972
64.8972
64.8972
64.8972
64.8972
64.8972
64.8972
64.8972
64.8972
64.8972
64.8972
64.8972
64.8972
64.8972
64.8972
64.8972
64.8972
64.8972
64.8972
64.8972
64.8972
64.8972
64.8972
64.8972
64.8972
64.8972
64.8972
64.8972
64.8972
64.8972
64.8972
64.8972
64.8972
64.8972
64.8972
64.8972
64.8972
64.8972
64.8972
64.8972
64.8972
64.8972
64.8972
64.8972
64.8972
64.8972
64.8972
64.8972
64.8972
64.8972
64.8972
64.8972
64.8972
64.8972
64.8972
64.8972
64.8972
64.8972
64.8972
64.8972
64.8972
64.8972
64.8972
64.8972
64.8972
64.8972
64.8972
64.8972
64.8972
64.8972
64.8972
64.8972
64.8972
64.8972
64.8972
64.8972
64.8972
64.8972
64.8972
64.8972
64.8972
64.8972
64.8972
64.8972
64.8972
64.8972
64.8972
64.8972
64.8972
64.8972
64.8972
64.8972
64.8972
64.8972
64.8972
64.8972
64.8972
64.8972
64.8972
64.8972
64.8972
64.8972
64.8972
64.8972
64.8972
64.8972
64.8972
64.8972
64.8972
64.8972
64.8972
64.8972
64.8972
64.8972
64.8972
64.8972
64.8972
64.8972
64.8972
64.8972
64.8972
64.8972
64.8972
64.8972
64.8972
64.8972
64.8972
64.8972
64.8972
64.8972
64.8972
64.8972
64.8972
64.8972
64.8972
64.8972
64.8972
64.8972
64.8972
64.8972
64.8972
64.8972
64.8972
64.8972
64.8972
64.8972
64.8972
64.8972
64.8972
64.8972
64.8972
64.8972
64.8972
64.8972
64.8972
64.8972
64.8972
64.8972
64.8972
64.8972
64.8972
64.8972
64.8972
64.8972
64.8972
64.8972
64.8972
64.8972
64.8972
64.8972
64.8972
64.8972
64.8972
64.8972
64.8972
64.8972
64.8972
64.8972
64.8972
64.8972
64.8972
64.8972
64.8972
64.8972
64.8972
64.8972
64.8972
64.8972
64.8972
64.8972
64.8972
64.8972
64.8972
64.8972
64.8972
64.8972
64.8972
64.8972
64.8972
64.8972
64.8972
64.8972
64.8972
64.8972
64.8972
64.8972
64.8972
64.8972
64.8972
64.8972
64.8972
64.8972
64.8972
64.8972
64.8972
64.8972
64.8972
64.8972
64.8972
64.8972
64.8972
64.8972
64.8972
64.8972
64.8972
64.8972
64.8972
64.8972
64.8972
64.8972
64.8972
64.8972
64.8972
64.8972
64.8972
64.8972
64.8972
64.8972
64.8972
64.8972
64.8972
64.8972
64.8972
64.8972
64.8972
64.8972
64.8972
64.8972
64.8972
64.8972
64.8972
64.8972
64.8972
64.8972
64.8972
64.8972
64.8972
64.8972
64.8972
64.8972
64.8972
64.8972
64.8972
64.8972
64.8972
64.8972
64.8972
64.8972
64.8972
64.8972
64.8972
64.8972
64.8972
64.8972
64.8972
64.8972
64.8972
64.8972
64.8972
64.8972
64.8972
64.8972
64.8972
64.8972
64.8972
64.8972
64.8972
64.8972
64.8972
64.8972
64.8972
64.8972
64.8972
64.8972
64.8972
64.8972
64.8972
64.8972
64.8972
64.8972
64.8972
64.8972
64.8972
64.8972
64.8972
64.8972
64.8972
64.8972
64.8972
64.8972
64.8972
64.8972
64.8972
64.8972
64.8972
64.8972
64.8972
64.8972
64.8972
64.8972
64.8972
64.8972
64.8972
64.8972
64.8972
64.8972
64.8972
64.8972
64.8972
64.8972
64.8972
64.8972
64.8972
64.8972
64.8972
64.8972
64.8972
64.8972
64.8972
64.8972
64.8972
64.8972
64.8972
64.8972
64.8972
64.8972
64.8972
64.8972
64.8972
64.8972
64.8972
64.8972
64.8972
64.8972
64.8972
64.8972
64.8972
64.8972
64.8972
64.8972
64.8972
64.8972
64.8972
64.8972
64.8972
64.8972
64.8972
64.8972
64.8972
64.8972
64.8972
64.8972
64.8972
64.8972
64.8972
64.8972
64.8972
64.8972
64.8972
64.8972
64.8972
64.8972
64.8972
64.8972
64.8972
64.8972
64.8972
64.8972
64.8972
64.8972
64.8972
64.8972
64.8972
64.8972
64.8972
64.8972
64.8972
64.8972
64.8972
64.8972
64.8972
64.8972
64.8972
64.8972
64.8972
64.8972
64.8972
64.8972
64.8972
64.8972
64.8972
64.8972
64.8972
64.8972
64.8972
64.8972
64.8972
64.8972
64.8972
64.8972
64.8972
64.8972
64.8972
64.8972
64.8972
64.8972
64.8972
64.8972
64.8972
64.8972
64.8972
64.8972
64.8972
64.8972
64.8972
64.8972
64.8972
64.8972
64.8972
64.8972
64.8972
64.8972
64.8972
64.8972
64.8972
64.8972
64.8972
64.8972
64.8972
64.8972
64.8972
64.8972
64.8972
64.8942
64.8822
64.8401
64.747
64.747
64.747
64.747
64.747
64.747
64.747
64.747
64.747
64.747
64.747
64.747
64.747
64.747
64.747
64.747
64.747
64.747
64.747
64.747
64.747
64.747
64.747
64.747
64.747
64.747
64.747
64.747
64.747
64.747
64.747
64.747
64.747
64.747
64.747
64.747
64.747
64.747
64.747
64.747
64.747
64.747
64.747
64.747
64.747
64.747
64.747
64.747
64.747
64.747
64.747
64.747
64.747
64.747
64.747
64.747
64.747
64.747
64.747
64.747
64.747
64.747
64.747
64.747
64.747
64.747
64.747
64.747
64.747
64.747
64.747
64.747
64.747
64.747
64.747
64.747
64.747
64.747
64.747
64.747
64.747
64.747
64.747
64.747
64.747
64.747
64.747
64.747
64.747
64.747
64.747
64.747
64.747
64.747
64.747
64.747
64.747
64.747
64.747
64.747
64.747
64.747
64.747
64.747
64.747
64.747
64.747
64.747
64.747
64.747
64.747
64.747
64.747
64.747
64.747
64.747
64.747
64.747
64.747
64.747
64.747
64.747
64.747
64.747
64.747
64.747
64.747
64.747
64.747
64.747
64.747
64.747
64.747
64.747
64.747
64.747
64.747
64.747
64.747
64.747
64.747
64.747
64.747
64.747
64.747
64.747
64.747
64.747
64.747
64.747
64.747
64.747
64.747
64.747
64.747
64.747
64.747
64.747
64.747
64.747
64.747
64.747
64.747
64.747
64.747
64.747
64.747
64.747
64.747
64.747
64.747
64.747
64.747
64.747
64.747
64.747
64.747
64.747
64.747
64.747
64.747
64.747
64.747
64.747
64.747
64.747
64.747
64.747
64.747
64.747
64.747
64.747
64.747
64.747
64.747
64.747
64.747
64.747
64.747
64.747
64.747
64.747
64.747
64.747
64.747
64.747
64.747
64.747
64.747
64.747
64.747
64.747
64.747
64.747
64.747
64.747
64.747
64.747
64.747
64.747
64.747
64.747
64.747
64.747
64.747
64.747
64.747
64.747
64.747
64.747
64.747
64.747
64.747
64.747
64.747
64.747
64.747
64.747
64.747
64.747
64.747
64.747
64.747
64.747
64.747
64.747
64.747
64.747
64.747
64.747
64.747
64.747
64.747
64.747
64.747
64.747
64.747
64.747
64.747
64.747
64.747
64.747
64.747
64.747
64.747
64.747
64.747
64.747
64.747
64.747
64.747
64.747
64.747
64.747
64.747
64.747
64.747
64.747
64.747
64.747
64.747
64.747
64.747
64.747
64.747
64.747
64.747
64.747
64.747
64.747
64.747
64.747
64.747
64.747
64.747
64.747
64.747
64.747
64.747
64.747
64.747
64.747
64.747
64.747
64.747
64.747
64.747
64.747
64.747
64.747
64.747
64.747
64.747
64.747
64.747
64.747
64.747
64.747
64.747
64.747
64.747
64.747
64.747
64.747
64.747
64.747
64.747
64.747
64.747
64.747
64.747
64.747
64.747
64.747
64.747
64.747
64.747
64.747
64.747
64.747
64.747
64.747
64.747
64.747
64.747
64.747
64.747
64.747
64.747
64.747
64.747
64.747
64.747
64.747
64.747
64.747
64.747
64.747
64.747
64.747
64.747
64.747
64.747
64.747
64.747
64.747
64.747
64.747
64.747
64.747
64.747
64.747
64.747
64.747
64.747
64.747
64.747
64.747
64.747
64.747
64.747
64.747
64.747
64.747
64.747
64.747
64.747
64.747
64.747
64.747
64.747
64.747
64.747
64.747
64.747
64.747
64.747
64.747
64.747
64.747
64.747
64.747
64.747
64.747
64.747
64.747
64.747
64.747
64.747
64.747
64.747
64.747
64.747
64.747
64.747
64.747
64.747
64.747
64.747
64.747
64.747
64.747
64.747
64.747
64.747
64.747
64.747
64.747
64.747
64.747
64.747
64.747
64.747
64.747
64.747
64.747
64.747
64.747
64.747
64.747
64.747
64.747
64.747
64.747
64.747
64.747
64.747
64.747
64.747
64.747
64.747
64.747
64.747
64.747
64.747
64.747
64.747
64.747
64.747
64.747
64.747
64.747
64.747
64.747
64.747
64.747
64.747
64.747
64.747
64.747
64.747
64.747
64.747
64.747
64.747
64.747
64.747
64.747
64.747
64.747
64.747
64.747
64.747
64.747
64.747
64.747
64.747
64.747
64.747
64.747
64.747
64.747
64.747
64.747
64.747
64.747
64.747
64.747
64.747
64.747
64.747
64.747
64.747
64.747
64.747
64.747
64.747
64.747
64.747
64.747
64.747
64.747
64.747
64.747
64.747
64.747
64.747
64.747
64.747
64.747
64.747
64.747
64.747
64.747
64.747
64.747
64.747
64.747
64.747
64.747
64.747
64.747
64.747
64.747
64.747
64.747
64.747
64.747
64.747
64.747
64.747
64.747
64.747
64.747
64.747
64.747
64.747
64.747
64.747
64.747
64.747
64.747
64.747
64.747
64.747
64.747
64.747
64.747
64.747
64.747
64.747
64.747
64.747
64.747
64.747
64.747
64.747
64.747
64.747
64.747
64.747
64.747
64.747
64.747
64.747
64.747
64.747
64.747
64.747
64.747
64.747
64.747
64.747
64.747
64.747
64.747
64.747
64.747
64.747
64.747
64.747
64.747
64.747
64.747
64.747
64.747
64.747
64.747
64.747
64.747
64.747
64.747
64.747
64.747
64.747
64.747
64.747
64.747
64.747
64.747
64.747
64.747
64.747
64.747
64.747
64.747
64.747
64.747
64.747
64.747
64.747
64.747
64.747
64.747
64.747
64.747
64.747
64.747
64.747
64.747
64.747
64.747
64.747
64.747
64.747
64.747
64.747
64.747
64.747
64.747
64.747
64.747
64.747
64.747
64.747
64.747
64.747
64.747
64.747
64.747
64.747
64.747
64.747
64.747
64.747
64.747
64.747
64.747
64.747
64.747
64.747
64.747
64.747
64.747
64.747
64.747
64.747
64.747
64.747
64.747
64.747
64.747
64.747
64.747
64.747
64.747
64.747
64.747
64.747
64.747
64.747
64.747
64.747
64.747
64.747
64.747
64.747
64.747
64.747
64.747
64.747
64.747
64.747
64.747
64.747
64.747
64.747
64.747
64.747
64.747
64.747
64.747
64.747
64.747
64.747
64.747
64.747
64.747
64.747
64.747
64.747
64.747
64.747
64.747
64.747
64.747
64.747
64.747
64.747
64.747
64.747
64.747
64.747
64.747
64.747
64.747
64.747
64.747
64.747
64.747
64.747
64.747
64.747
64.747
64.747
64.747
64.747
64.747
64.747
64.747
64.747
64.747
64.747
64.747
64.747
64.747
64.747
64.747
64.747
64.747
64.747
64.747
64.747
64.747
64.747
64.747
64.747
64.747
64.747
64.747
64.747
64.747
64.747
64.747
64.747
64.747
64.747
64.747
64.747
64.747
64.747
64.747
64.747
64.747
64.747
64.747
64.747
64.747
64.747
64.747
64.747
64.747
64.747
64.747
64.747
64.747
64.747
64.747
64.747
64.747
64.747
64.747
64.747
64.747
64.747
64.747
64.747
64.747
64.747
64.747
64.747
64.747
64.747
64.747
64.747
64.747
64.747
64.747
64.747
64.747
64.747
64.747
64.747
64.747
64.747
64.747
64.747
64.747
64.747
64.747
64.747
64.747
64.747
64.747
64.747
64.747
64.747
64.747
64.747
64.747
64.747
64.747
64.747
64.747
64.747
64.747
64.747
64.747
64.747
64.747
64.747
64.747
64.747
64.747
64.747
64.747
64.747
64.747
64.747
64.747
64.747
64.747
64.747
64.747
64.747
64.747
64.747
64.747
64.747
64.747
64.747
64.747
64.747
64.747
64.747
64.747
64.747
64.747
64.747
64.747
64.747
64.747
64.747
64.747
64.747
64.747
64.747
64.747
64.747
64.747
64.747
64.747
64.747
64.747
64.747
64.747
64.747
64.747
64.747
64.747
64.747
64.747
64.747
64.747
64.747
64.747
64.747
64.747
64.747
64.747
64.747
64.747
64.747
64.747
64.747
64.747
64.747
64.747
64.747
64.747
64.747
64.747
64.747
64.747
64.747
64.747
64.747
64.747
64.747
64.747
64.747
64.747
64.747
64.747
64.747
64.747
64.747
64.747
64.747
64.747
64.747
64.747
64.747
64.747
64.747
64.747
64.747
64.747
64.747
64.747
64.747
64.747
64.747
64.747
64.747
64.747
64.747
64.747
64.747
64.747
64.747
64.747
64.747
64.747
64.747
64.747
64.747
64.747
64.747
64.747
64.747
64.747
64.747
64.747
64.747
64.747
64.747
64.747
64.747
64.747
64.747
64.747
64.747
64.747
64.747
64.747
64.747
64.747
64.747
64.747
64.747
64.747
64.747
64.747
64.747
64.747
64.747
64.747
64.747
64.747
64.747
64.747
64.747
64.747
64.747
64.747
64.747
64.747
64.747
64.747
64.747
64.747
64.747
64.747
64.747
64.747
64.747
64.747
64.747
64.747
64.747
64.747
64.747
64.747
64.747
64.747
64.747
64.747
64.747
64.747
64.747
64.747
64.747
64.747
64.747
64.747
64.747
64.747
64.747
64.747
64.747
64.747
64.747
64.747
64.747
64.747
64.747
64.747
64.747
64.747
64.747
64.747
64.747
64.747
64.747
64.747
64.747
64.747
64.747
64.747
64.747
64.747
64.747
64.747
64.747
64.747
64.747
64.747
64.747
64.747
64.747
64.747
64.747
64.747
64.747
64.747
64.747
64.747
64.747
64.747
64.747
64.747
64.747
64.747
64.747
64.747
64.747
64.747
64.747
64.747
64.747
64.747
64.747
64.747
64.747
64.747
64.747
64.747
64.747
64.747
64.747
64.747
64.747
64.747
64.747
64.747
64.747
64.747
64.747
65.177
64.747
64.747
64.747
64.747
64.747
64.747
64.747
64.747
64.747
64.747
64.747
64.747
64.747
64.747
64.747
64.747
64.747
64.747
64.747
64.747
64.747
64.747
64.747
64.747
64.747
64.747
64.747
64.747
64.747
64.747
64.747
64.747
64.747
64.747
64.747
64.747
64.747
64.747
64.747
64.747
64.747
64.747
64.747
64.747
64.747
64.747
64.747
64.747
64.747
64.747
64.747
64.747
64.747
64.747
64.747
64.747
64.747
64.747
64.747
64.747
64.747
64.747
64.747
64.747
64.747
64.747
64.747
64.747
64.747
64.747
64.747
64.747
64.747
64.747
64.747
64.747
64.747
64.747
64.747
64.747
64.747
64.747
64.747
64.747
64.747
64.747
64.747
64.747
64.747
64.747
64.747
64.747
64.747
64.747
64.747
64.747
64.747
64.747
64.747
64.747
64.747
64.747
64.747
64.747
64.747
64.747
64.747
64.747
64.747
64.9497
64.747
64.747
64.747
64.747
64.747
64.747
64.747
64.747
64.747
64.747
64.747
64.747
64.747
64.747
64.747
64.747
64.747
64.747
64.747
64.747
64.747
64.747
64.747
64.747
64.747
64.747
64.747
64.747
64.747
64.747
64.747
64.747
64.747
64.747
64.747
64.747
64.747
64.747
64.747
64.747
64.747
64.747
64.747
64.747
64.747
64.747
64.747
64.747
64.747
64.747
64.747
64.747
64.747
64.747
64.747
64.747
64.747
64.747
64.747
64.747
64.747
64.747
64.747
64.747
64.747
64.747
64.747
64.747
64.747
64.747
64.747
64.747
64.747
64.747
64.747
64.747
64.747
64.747
64.747
64.747
64.747
64.747
64.747
64.747
64.747
64.747
64.747
64.747
64.747
64.747
64.747
64.747
64.747
64.747
64.747
64.747
64.747
64.747
64.747
64.747
64.747
64.747
64.747
64.747
64.747
64.747
64.747
64.747
64.747
64.747
64.747
64.747
64.747
64.747
64.747
64.747
64.747
64.747
64.747
64.747
64.747
64.747
64.747
64.747
64.747
64.747
64.747
64.747
64.747
64.747
64.747
64.747
64.747
64.747
64.747
64.747
64.747
64.747
64.747
64.747
64.747
64.747
64.747
64.747
64.747
64.747
64.747
64.747
64.747
64.747
64.747
64.747
64.747
64.747
64.747
64.747
64.747
64.747
64.747
64.747
64.747
64.747
64.747
64.747
64.747
64.747
64.747
64.747
64.747
64.747
64.747
64.747
64.747
64.747
64.747
64.747
64.747
64.747
64.747
64.747
64.747
64.747
64.9774
64.747
64.747
64.747
64.747
64.747
64.747
64.747
64.747
64.747
64.747
64.747
64.747
64.747
64.747
64.747
64.747
64.747
64.747
64.747
64.747
64.747
64.747
64.747
64.747
64.747
64.747
64.747
64.747
64.747
64.747
64.747
64.747
64.747
64.747
64.747
64.747
64.747
64.747
64.747
64.747
64.747
64.747
64.747
64.747
64.747
64.747
64.747
64.747
64.747
64.747
64.747
64.747
64.747
64.747
64.747
64.747
64.747
64.747
64.747
64.747
64.747
64.747
64.747
64.747
64.747
64.747
64.747
64.747
64.747
64.747
64.747
64.747
64.747
64.747
64.747
64.747
64.747
64.747
64.747
64.747
64.747
64.747
64.747
64.747
64.747
64.747
64.747
64.747
64.747
64.747
64.747
64.747
64.747
64.747
64.747
64.747
64.747
64.747
64.747
64.747
64.747
64.747
64.747
64.747
64.747
64.747
64.747
64.747
64.747
64.747
64.747
64.747
64.747
64.747
64.747
64.747
64.747
64.747
64.747
64.747
64.747
64.747
64.747
64.747
64.747
64.747
64.747
64.747
64.747
64.747
64.747
64.747
64.747
64.747
64.747
64.747
64.747
64.747
64.747
64.747
64.747
64.747
64.747
64.747
64.747
64.747
64.747
64.747
64.747
64.747
64.747
64.747
64.747
64.747
64.747
64.747
64.747
64.747
64.747
64.747
64.747
64.747
64.747
64.747
64.747
64.747
64.747
64.747
64.747
64.747
64.747
64.747
64.747
64.747
64.747
64.747
64.747
64.747
64.747
64.747
64.747
64.747
64.747
64.747
64.747
64.747
64.747
64.747
64.747
64.747
64.747
64.747
64.747
64.747
64.747
64.747
64.747
64.747
64.747
64.747
64.747
64.747
64.747
64.747
64.747
64.747
64.747
64.747
64.747
64.747
64.747
64.747
68.3284
64.747
64.747
64.747
64.747
64.747
64.747
64.747
64.747
64.747
64.747
64.747
64.747
64.747
64.747
64.747
64.747
64.747
64.747
64.747
64.747
64.747
64.747
64.747
64.747
64.747
64.747
64.747
64.747
64.747
64.747
64.747
64.747
64.747
64.747
64.747
64.747
64.747
64.747
64.747
64.747
64.747
64.747
64.747
64.747
64.747
64.747
64.747
64.747
64.747
64.747
64.747
64.747
64.747
64.747
64.747
64.747
64.747
64.747
64.747
64.747
64.747
64.747
64.747
64.747
64.747
64.747
64.747
64.747
64.747
64.747
64.747
64.747
64.747
64.747
64.747
64.747
64.747
64.747
64.747
64.747
64.747
64.747
64.747
64.747
64.747
64.747
64.747
64.747
64.747
64.747
64.747
64.747
64.747
64.747
64.747
64.747
64.747
64.747
64.747
64.747
64.747
64.747
64.747
64.747
64.747
64.747
64.747
64.747
64.747
64.747
64.747
64.747
64.747
64.747
64.747
64.747
64.747
64.747
64.747
64.747
64.747
64.747
64.747
64.747
64.747
64.747
64.747
64.747
64.747
64.747
64.747
64.747
64.747
64.747
64.747
64.747
64.747
64.747
64.747
64.747
64.747
64.747
64.747
64.747
64.747
64.747
64.747
64.747
64.745
64.737
64.737
64.7249
64.6908
64.6466
64.6466
64.6466
64.6466
64.6466
64.6466
64.6466
64.6466
64.6466
64.6466
64.6466
64.6466
64.6466
64.6466
64.6466
64.6466
64.6466
64.6466
64.6466
64.6466
64.6466
64.6466
64.6466
64.6466
64.6466
64.6466
64.6466
64.6466
64.6466
64.6466
64.6466
64.6466
64.6466
64.6466
64.6466
64.6466
64.6466
64.6466
64.6466
64.6466
64.6466
64.6466
64.6466
64.6466
64.6466
64.6466
64.6466
64.6466
64.6466
64.6466
64.6466
64.6466
64.6466
64.6466
64.6466
64.6466
64.6466
64.6466
64.6466
64.6466
64.6466
64.6466
64.6466
64.6466
64.6466
64.6466
64.6466
64.6466
64.6466
64.6466
64.6466
64.6466
64.6466
64.6466
64.6466
64.6466
64.6466
64.6466
64.6466
64.6466
64.6466
64.6466
64.6466
64.6466
64.6466
64.6466
64.6466
64.6466
64.6466
64.6466
64.6466
64.6466
64.6466
64.6466
64.6466
64.6466
64.6466
64.6466
64.6466
64.6466
64.6466
64.6466
64.6466
64.6466
64.6466
64.6466
64.6466
64.6466
64.6466
64.6466
64.6466
64.6466
64.6466
64.6466
64.6466
64.6466
64.6466
64.6466
64.6466
64.6466
64.6466
64.6466
64.6466
64.6466
64.6466
64.6466
64.6466
64.6454
64.6466
64.6466
64.6466
64.6466
64.6466
64.6466
64.6466
64.6466
64.6466
64.6466
64.6466
64.6466
64.6466
64.6466
64.6466
64.6466
64.6466
64.6466
64.6466
64.6466
64.6466
64.6466
64.6466
64.6466
64.6466
64.6466
64.6466
64.6466
64.6466
64.6466
64.6466
64.6466
64.6466
64.6466
64.6466
64.6466
64.6466
64.6466
64.6466
64.6466
64.6466
64.6466
64.6466
64.6466
64.6466
64.6466
64.6466
64.6466
64.6466
64.6466
64.6466
64.6454
64.6454
64.6454
64.6454
64.6454
64.6466
64.6466
64.6466
64.6466
64.6466
64.6466
64.6466
64.6466
64.6466
64.6466
64.6466
64.6466
64.6466
64.6466
64.6466
64.6466
64.6466
64.6466
64.6466
64.6466
64.6466
64.6466
64.6466
64.6466
64.6466
64.6466
64.6466
64.6466
64.6466
64.6466
64.6466
64.6466
64.6466
64.6466
64.6466
64.6466
64.6466
64.6466
64.6466
64.6466
64.6466
64.6466
64.6466
64.6466
64.6466
64.6466
64.6466
64.6466
64.6466
64.6466
64.6466
64.6466
64.6466
64.6466
64.6466
64.6466
64.6466
64.6466
64.6466
64.6466
64.6466
64.6466
64.6466
64.6466
64.6466
64.6466
64.6466
64.6466
64.6466
64.6466
64.6466
64.6466
64.6466
64.6466
64.6466
64.6466
64.6466
64.6466
64.6466
64.6466
64.6466
64.6466
64.6466
64.6466
64.6466
64.6466
64.6466
64.6466
64.6466
64.6466
64.6466
64.6466
64.6466
64.6466
64.6466
64.6466
64.6466
64.6466
64.6466
64.6466
64.6466
64.6466
64.6466
64.6466
64.6466
64.6466
64.6466
64.6466
64.6466
64.6466
64.6466
64.6466
64.6466
64.6466
64.6466
64.6466
64.6466
64.6466
64.6466
64.6466
64.6466
64.6466
64.6466
64.6466
64.6466
64.6466
64.6466
64.6466
64.6466
64.6466
64.6466
64.6466
64.6466
64.6466
64.6466
64.6466
64.6466
64.6466
64.6466
64.6466
64.6466
64.6466
64.6466
64.6466
64.6466
64.6466
64.6466
64.6433
64.6368
64.6076
64.5557
64.4843
64.4843
64.4843
64.4843
64.4843
64.4843
64.4843
64.4843
64.4843
64.4843
64.4843
