# best half averages
2628.95
2454.58
2295.05
2158.67
1995.87
1879.71
1805.07
1742.38
1690.62
1653.71
1613.61
1568.7
1509.91
1500.88
1478.43
1454.36
1430.58
1401.67
1376.44
1347.95
1320.17
1292.49
1263.03
1247.09
1222.44
1200.36
1181.05
1153.84
1131.42
1112.01
1086.42
1075.66
1059.29
1045.09
1028.18
1003.81
993.176
985.806
976.09
962.951
958.341
945.929
937.061
926.66
923.945
909.978
886.417
872.116
859.467
849.705
845.258
833.952
827.651
824.573
819.71
817.781
823.461
798.651
796.552
784.842
780.254
770.741
757.972
754.213
741.673
733.865
725.572
719.387
710.894
693.485
685.675
665.792
658.599
655.097
644.94
642.297
638.477
635.096
631.163
623.054
619.751
612.432
606.524
602.089
593.99
588.188
582.572
577.203
569.077
567.396
562.095
537.656
519.64
507.373
494.2
493.771
492.125
484.716
473.715
465.952
456.409
451.993
450.372
449.893
448.769
446.492
443.173
440.559
438.895
432.519
427.442
418.287
416.234
414.167
412.36
412.36
412.36
412.154
410.319
404.624
398.689
392.436
387.187
382.798
377.577
375.31
373.797
371.791
366.64
363.825
362.269
360.492
359.249
353.703
342.158
337.312
336.396
332.213
329.858
327.973
320.735
315.413
312.355
307.85
300.402
296.687
286.896
283.151
282.125
287.119
275.5
275.474
275.305
274.41
275.604
264.207
257.343
251.012
249.317
248.858
248.828
248.61
247.65
247.002
245.736
245.127
245.106
244.494
244.327
244.302
243.96
241.909
238.401
237.131
237.082
236.839
235.673
234.564
234.019
231.775
230.876
230.876
230.876
230.859
230.772
230.804
230.093
228.552
228.323
227.579
226.96
224.754
224.192
224.123
223.844
223.844
223.839
223.829
223.603
223.584
225.706
223.588
223.588
223.539
223.258
222.211
221.48
219.991
217.891
217.789
217.557
217.627
218.464
216.027
215.682
215.652
215.441
214.338
214.122
214.077
213.925
213.439
212.005
211.888
211.888
211.858
211.788
211.39
211.104
210.827
210.825
210.75
210.679
220.196
215.074
211.229
208.715
206.166
206.166
206.101
205.46
202.96
202.96
202.96
202.893
202.646
201.396
197.599
194.36
193.897
193.587
193.532
193.144
192.898
192.813
192.428
191.868
190.879
189.659
189.23
189.05
187.827
184.013
183.07
182.144
182.137
182.053
181.799
181.033
180.982
180.971
180.885
180.534
179.804
178.747
175.43
170.329
169.77
169.057
167.724
164.927
162.272
162.246
162.187
162.071
161.434
160.535
159.523
158.77
158.745
158.707
158.5
158.118
157.506
157.498
157.498
157.506
157.506
157.502
157.502
157.506
157.439
157.164
155.452
154.634
154.568
154.406
154.406
154.354
154.125
153.06
152.578
151.754
151.746
152.515
151.369
151.069
152.091
149.726
149.726
149.726
149.726
149.726
149.726
149.726
149.69
149.547
149.048
147.95
147.95
147.916
147.846
147.429
146.213
148.896
146.187
146.182
151.249
146.089
146.112
145.685
145.647
145.503
145.17
144.968
144.805
144.112
144.097
143.999
143.777
143.485
142.807
142.649
142.625
142.576
142.503
141.977
141.435
141.435
141.435
141.419
141.344
141.148
140.68
140.663
140.647
140.401
139.858
139.819
139.75
139.472
138.641
137.908
137.68
136.869
136.206
136.206
136.198
136.029
135.612
133.911
131.466
131.172
130.282
129.531
129.259
129.206
129.206
129.206
129.163
129.12
128.947
128.339
127.029
126.994
126.947
126.516
126.269
126.237
126.237
126.173
125.603
124.672
124.672
124.672
124.672
124.672
124.672
124.672
124.672
124.672
124.672
124.672
124.672
124.672
124.672
124.642
124.491
124.082
123.166
123.153
123.089
122.821
122.527
122.527
122.527
122.482
122.305
121.46
120.289
120.276
120.13
120.126
120.126
120.126
120.126
120.126
120.126
120.126
120.101
120.008
119.638
119.078
119.063
119.007
118.791
118.51
118.042
117.523
117.031
117.031
116.993
133.233
122.552
116.558
116.558
116.558
116.553
116.545
116.488
116.336
116.326
116.284
116.137
115.811
115.811
115.811
115.811
115.811
115.811
115.811
115.811
115.811
115.811
115.811
115.811
115.811
115.811
115.811
115.811
118.261
116.281
116.659
121.186
115.811
115.811
115.811
115.811
115.811
115.811
115.811
115.799
115.787
115.776
115.706
115.431
115.221
115.2
115.123
115.052
115.052
115.052
115.051
115.048
115.04
115.012
115.012
115.012
115.012
115.012
115.012
115.012
115.012
114.981
114.949
114.557
113.438
113.438
113.438
113.438
113.438
113.438
113.438
113.438
113.438
113.438
113.438
113.438
113.438
113.438
113.438
113.438
113.438
113.438
113.438
113.438
113.438
113.438
113.438
113.434
113.422
113.382
113.229
113.191
113.049
112.764
112.744
112.744
112.723
112.533
111.785
111.737
111.712
111.647
111.39
111.39
111.39
111.39
111.332
111.273
110.807
108.767
108.473
108.45
108.448
108.456
108.397
108.367
108.367
108.367
108.367
108.354
108.354
108.367
108.367
108.367
108.339
108.059
107.183
106.916
106.793
106.793
106.793
106.672
106.189
104.319
100.756
100.756
100.756
100.749
100.749
100.719
100.609
100.388
100.374
100.36
100.303
100.048
99.6805
99.6805
99.6805
99.6805
99.6805
99.6568
99.6568
99.6805
99.6468
99.596
99.3707
98.7228
98.2721
98.2721
98.2721
98.2721
98.2721
98.2721
98.2721
98.2721
98.2721
98.2721
98.2385
98.2385
98.1377
98.0369
97.2978
96.5923
96.5923
96.5923
96.5923
96.5923
96.5923
96.5923
96.5923
96.5923
96.5843
96.5684
96.5127
96.3217
96.1944
96.1405
96.1944
96.1937
96.1944
96.1944
96.1944
96.1944
96.1944
96.1944
96.1944
96.1944
96.1944
96.1944
96.1944
96.1944
96.1944
96.1944
96.1944
96.1944
96.1944
96.1944
96.1944
96.1944
96.1944
96.1944
96.1944
96.1944
96.1944
96.1944
96.1944
96.1944
96.1944
96.1944
96.1944
96.1944
96.1874
96.1874
96.1733
96.1381
95.969
95.8314
95.7772
95.6253
95.2997
95.2569
95.0836
94.3969
93.1579
93.1579
93.1261
93.0453
92.7985
92.3494
92.1832
92.1832
92.1832
92.1832
92.1832
92.1832
92.1832
92.1832
92.1832
92.1743
92.1655
92.1302
92.033
91.7272
91.713
91.5849
91.1152
91.0298
91.0298
91.0298
91.0298
91.0298
91.0298
91.0298
91.0298
91.0298
91.0298
91.0298
91.0298
91.0298
91.0298
91.0298
91.0298
91.0298
91.0298
91.0298
91.0298
91.0298
91.0298
91.0298
91.0298
91.0298
91.0298
91.0298
91.0298
91.0298
91.0298
91.0298
91.0298
91.0298
91.0298
91.0298
91.0298
91.0298
91.0298
91.0298
91.0298
91.0298
91.0298
91.0298
91.0298
91.0298
91.0298
91.0298
91.0196
91.0095
90.9792
90.8577
90.5238
90.5238
90.5238
90.5238
90.5238
90.5238
90.5238
90.5238
90.5238
90.5238
90.5238
90.5238
90.5238
90.5238
90.5238
90.5238
90.5238
90.5238
90.5238
90.5238
90.5238
90.5238
90.5238
90.5238
90.5238
90.5238
90.5238
90.5238
90.5238
90.5238
90.5238
90.5238
90.5238
90.5238
90.5238
90.5238
90.5238
90.5238
90.5238
90.5238
90.5148
90.4969
90.425
90.2006
90.0749
90.0749
90.0749
90.0749
90.0749
90.0749
90.0624
90.0127
89.8382
89.4537
89.4537
89.453
89.453
89.4523
89.4502
89.4213
89.4002
89.3818
89.2353
88.8141
88.5027
88.5027
88.5027
88.5027
88.5027
88.5027
88.5027
88.5027
88.5027
88.5027
88.5027
88.5027
88.5027
88.5027
88.5027
88.5027
88.5007
88.4967
88.4987
88.4947
88.4605
88.4022
88.4022
88.4022
88.4022
88.4022
88.3893
88.3763
88.3374
88.6843
88.091
87.7539
87.7539
87.7539
87.7539
87.7539
87.7362
87.6654
87.2582
86.8687
86.8687
86.8687
86.8687
86.8687
86.8687
86.8687
86.8687
86.8687
86.8687
86.8687
86.8687
86.8687
86.8687
86.8687
86.8687
86.8687
86.8687
86.8687
86.8687
86.8687
86.8687
86.8687
86.8687
86.8687
86.8687
86.8687
86.8687
86.8687
86.8687
86.8687
86.8687
86.8687
86.8687
86.8687
86.8687
86.8687
86.8687
86.8687
86.8687
86.8687
86.8687
86.8687
86.8687
86.8687
86.8656
86.8687
86.8613
86.8598
86.8542
86.8307
86.7946
86.6086
86.4998
86.4998
86.4998
86.4978
86.4873
86.4516
86.395
86.3793
86.2851
86.1124
85.6099
85.6099
85.6099
85.6099
85.6099
85.6099
85.6099
85.6099
85.6056
85.6056
85.5968
85.5925
85.5487
85.4495
85.3882
85.3882
85.3821
85.3852
85.376
85.3486
85.2388
85.2388
85.2388
85.2388
85.2388
85.2388
85.2388
85.2388
85.2351
85.2388
85.2388
85.2388
85.2388
85.2388
85.2388
85.2388
85.2388
85.2388
85.2388
85.2388
85.2388
85.2388
85.2388
85.2388
85.2388
85.2345
85.2302
85.2044
85.1099
85.0239
85.0239
85.0239
85.0239
85.0239
85.0239
85.0239
85.0239
85.0232
85.021
85.0165
85.0091
84.9869
84.9869
84.9869
84.9869
84.9869
84.9869
84.9869
84.9869
84.9869
84.9869
84.9869
84.9869
84.9869
84.9869
84.9869
84.9869
84.9869
84.9869
84.9869
84.9869
84.9869
84.9869
84.9869
84.9869
84.98
84.98
84.9455
84.8074
84.6418
84.6418
84.6418
84.6418
84.6379
84.6151
84.5123
84.4514
84.4514
84.4514
84.4514
84.4514
84.4514
84.4514
84.4514
84.4514
84.4514
84.4514
84.4514
84.4514
84.4514
84.4514
84.4514
84.4514
84.4514
84.4514
84.4514
84.4514
84.4514
84.4514
84.4514
84.4514
84.4514
84.4514
84.4514
84.4514
84.4499
84.4455
84.438
84.4069
84.3772
84.3772
84.3772
84.3772
84.3772
84.3772
84.3772
84.3772
84.3772
84.3772
84.3772
84.3772
84.3772
84.3772
84.3772
84.3772
84.3772
84.3772
84.3772
84.3772
84.3772
84.3772
84.3772
84.3772
84.3772
84.3772
84.3772
84.3772
84.3772
84.3772
84.3772
84.3772
84.3772
84.3772
84.3772
84.3772
84.357
84.276
84.276
84.0373
83.3647
83.3647
83.3627
83.3608
83.3355
83.2849
83.209
83.061
82.775
82.775
82.775
82.775
82.775
82.775
82.775
82.775
82.775
82.775
82.775
82.775
82.775
82.775
82.775
82.775
82.775
82.775
82.775
82.775
82.775
82.775
82.775
82.775
82.775
82.775
82.775
82.775
82.775
82.775
82.775
82.775
82.775
82.775
82.775
82.775
82.775
82.775
82.775
82.775
82.775
82.775
82.775
82.775
82.775
82.775
82.775
82.775
82.775
82.775
82.7714
82.775
82.775
82.775
82.7728
82.7682
82.7568
82.7226
82.661
82.661
82.661
82.661
82.661
82.661
82.661
82.661
82.661
82.661
82.661
82.661
82.661
82.661
82.661
82.661
82.661
82.661
82.661
82.661
82.661
82.661
82.661
82.661
82.661
82.661
82.661
82.661
82.661
82.661
82.661
82.661
82.661
82.661
82.661
82.661
82.661
82.661
82.661
82.661
82.661
82.661
82.661
82.661
82.661
82.661
82.661
82.661
82.661
82.661
82.661
82.661
82.661
82.661
82.661
82.661
82.661
82.661
82.661
82.661
82.661
82.661
82.661
82.661
82.661
82.661
82.661
82.661
82.661
82.661
82.661
82.6487
82.6487
82.6365
82.4402
82.0476
82.0476
82.0476
82.0476
82.0476
82.0476
82.0476
82.0476
82.0476
82.0476
82.0476
82.0476
82.0476
82.0476
82.0476
82.0476
82.0476
82.0476
82.0476
82.0476
82.0476
82.0476
82.0476
82.0476
82.0476
82.0476
82.0476
82.0476
82.0476
82.0476
82.0476
82.0476
82.0476
82.0476
82.0476
82.0476
82.0476
82.0476
82.0476
82.0476
82.0476
82.0476
82.0476
82.0476
82.0476
82.0476
82.0476
82.0476
82.0476
82.0476
82.0476
82.0476
82.0476
82.0476
82.0476
82.0476
82.0476
82.0476
82.0476
82.0476
82.0476
82.0476
82.0476
82.0476
82.0436
82.0114
81.9189
81.8465
81.8352
81.7679
81.5771
81.2854
81.2854
81.2854
81.2854
81.2854
81.2854
81.2854
81.2854
81.2854
81.2854
81.2854
81.2854
81.2854
81.2854
81.2854
81.2854
81.2854
81.2854
81.2854
81.2854
81.2854
81.2854
81.2854
81.2854
81.2854
81.2854
81.2854
81.2854
81.2854
81.2854
81.2854
81.2854
81.2854
81.2854
81.2854
81.2854
81.2854
81.2854
81.2854
81.2854
81.2854
81.2854
81.2854
81.2854
81.2854
81.2854
81.2854
81.2854
81.2854
81.2854
81.2854
81.2854
81.2854
81.2854
81.2854
81.2854
81.2551
81.2257
81.1661
80.8049
79.7942
79.7942
79.7942
79.7942
79.7942
79.7942
79.7942
79.7942
79.7942
79.7942
79.7942
79.7942
79.7942
79.7942
79.7942
79.7942
79.7942
79.7942
79.7942
79.7942
79.7942
79.7942
79.7942
79.7713
79.7254
79.5648
79.1978
78.6473
78.6473
78.6473
78.6473
78.6473
78.6473
78.6473
78.6473
78.6367
78.6367
78.6209
78.5153
78.3569
78.6318
77.3274
77.3274
77.3274
77.3274
77.3274
77.3274
77.3274
77.3274
77.3274
77.3174
77.2874
77.2674
77.1073
76.8273
76.8273
76.8273
76.8273
76.8273
76.8273
76.8273
76.8273
76.8273
76.8273
76.8273
76.8273
76.8273
76.8273
76.8273
76.8273
76.8273
76.8273
76.8273
76.8273
76.8273
76.8273
76.8273
76.8273
76.8273
76.8273
76.8273
76.794
76.594
75.8284
75.1611
75.1611
75.1611
75.1611
75.1611
75.1611
75.1611
75.1611
75.1611
75.1446
75.1281
75.0786
75.0786
74.8643
74.3366
74.3366
74.3366
74.3366
74.3366
74.3366
74.3366
74.3366
74.3366
74.3366
74.3366
74.3366
74.3366
74.3366
74.3366
74.3366
74.3366
74.3366
74.3366
74.3366
74.3366
74.3366
74.3366
74.3366
74.3366
74.3366
74.3366
74.3366
74.3366
74.3366
74.3366
74.3366
74.3366
74.3366
74.3366
74.3366
74.3366
74.3366
74.3366
74.3366
74.3366
74.3366
74.3366
74.3366
74.3366
74.3366
74.3341
74.3341
74.3315
74.3238
74.3032
74.2388
74.2079
74.2079
74.2079
74.2079
74.2079
74.2079
74.2079
75.9148
74.2079
74.2079
74.2079
74.2079
74.2079
74.2079
74.2079
74.2079
74.2079
74.2079
74.2079
74.2079
74.2079
74.2079
74.2079
74.2079
74.2079
74.2079
74.2079
74.2079
74.2079
74.2079
74.2079
74.2079
74.1896
74.1346
74.0246
73.5812
73.2913
73.2913
73.2913
73.2913
73.2913
73.2913
73.2913
73.2913
73.2913
73.2913
73.2913
73.2913
73.2913
73.2913
73.2913
73.2913
73.2913
73.2913
73.2913
73.2913
73.2913
73.2913
73.2913
73.2913
73.2913
73.2913
73.2913
73.2913
73.2913
73.2913
73.2913
73.2913
73.2913
73.2913
73.2913
73.2913
73.2913
73.2913
73.2913
73.2913
73.2913
73.2913
73.2913
73.2913
73.2913
73.2913
73.2913
73.2913
73.2913
73.2913
73.2913
73.2913
73.2913
73.3526
73.2913
73.2913
73.2913
73.2913
73.2913
73.2913
73.2913
73.2913
73.2913
73.2913
73.2913
73.2913
73.2913
73.2913
73.2913
73.2913
73.2913
73.2913
73.2913
73.2913
73.2913
73.2913
73.2913
76.7972
73.2913
73.3
73.2913
73.2913
73.2913
73.2913
73.3529
75.4512
73.4053
73.2913
73.2913
73.2913
73.2913
73.2913
73.2913
73.2913
73.2913
73.2913
73.2539
73.2166
73.0914
72.8186
71.8369
71.4255
71.4255
71.4255
71.4255
71.4255
71.4255
71.4255
71.4255
71.4255
71.4255
71.4255
71.4255
71.4255
71.4255
71.4255
71.4255
71.4255
71.4255
71.4255
71.4255
71.4252
71.4248
71.4245
71.4072
71.3396
71.1808
70.8325
70.6508
70.6508
70.6508
70.6281
70.6508
70.6508
70.6508
70.6508
70.6508
70.6508
70.6508
70.6508
70.6508
70.6508
70.6508
70.6508
70.6508
70.6508
70.6508
70.6508
70.6508
70.6508
70.6508
70.6508
70.6508
70.6508
70.6508
70.6508
70.6508
70.6508
70.6508
70.6508
70.6508
70.6508
70.6508
70.6508
70.6508
70.6508
70.6508
70.6508
70.6508
70.6508
70.6508
70.6508
70.6508
70.6508
70.6508
70.6508
70.6508
70.6508
70.6419
70.633
70.6051
70.4769
70.2039
70.2039
70.2039
70.2039
70.2039
70.2039
70.2039
70.2039
70.2039
70.2039
70.2039
70.2039
70.2039
70.2039
70.2039
70.2039
70.2039
70.2039
70.2039
70.2039
70.2039
70.2039
70.2039
70.1999
70.1999
70.1999
70.1917
70.143
70.017
70.0008
70.0008
70.0008
70.0008
70.0008
70.0008
70.0008
70.0008
70.0008
70.0008
70.0008
70.0008
70.0008
70.0008
70.0008
70.0008
70.0008
70.0008
70.0008
70.0008
70.0008
70.0008
70.0008
70.0008
70.0008
70.0008
70.0008
70.0008
70.0008
70.0008
70.0008
70.0008
70.0008
70.0008
70.0008
70.0008
70.0008
70.0008
70.0008
70.0008
70.0008
70.0008
70.0008
70.0008
70.0008
70.0008
70.0008
70.0008
70.0008
70.0008
70.0008
70.0008
70.0008
70.0008
70.0008
70.0008
70.0008
70.0008
70.0008
70.0008
70.0008
70.0008
70.0008
70.0008
70.0008
70.0008
70.0008
70.0008
70.0008
70.0008
70.0008
70.0008
70.0008
70.0008
70.0008
70.0008
70.0008
70.0008
70.0008
70.0008
70.0008
70.0008
70.0008
70.0008
70.0008
70.0008
70.0008
70.0008
70.0008
70.0008
70.0008
70.0008
70.0008
70.0008
70.0008
70.0008
70.0008
70.0008
70.0008
70.0008
70.0008
70.0008
70.0008
70.0008
70.0008
70.0008
70.0008
70.0008
70.0008
70.0008
70.0008
70.0008
70.0008
70.0008
70.0008
70.0008
70.0008
70.0008
70.0008
70.0008
70.0008
70.0008
70.0008
70.0008
70.0008
70.0008
70.0008
70.0008
70.0008
70.0008
70.0008
70.0008
70.0008
70.0008
70.0008
70.0008
70.0008
70.0008
70.0008
70.0008
70.0008
70.0008
70.0008
70.0008
70.0008
70.0008
69.9987
69.9966
69.9882
69.9482
69.8956
69.8956
69.8956
69.8956
69.8956
69.8956
69.8956
69.8956
69.8956
69.8956
69.8956
69.8956
69.8956
69.8956
69.8956
69.8956
69.8956
69.8956
69.8956
70.4602
69.8956
69.8956
69.8956
69.8956
69.8956
69.8956
69.8956
69.8956
69.8956
69.8956
69.8956
69.8956
69.8956
69.8956
69.8956
69.8956
69.8956
69.8956
69.8956
69.8956
69.8956
69.8674
69.7828
69.3877
68.6541
68.4848
68.4848
68.4848
68.4848
68.4848
68.4848
68.4848
68.4848
68.4848
68.4848
68.4848
68.4848
68.4848
68.4848
68.4848
68.4848
68.4848
68.4848
68.4848
68.4848
68.4848
68.4848
68.4848
68.4848
68.4848
68.4848
68.4848
68.4848
68.4848
68.4848
68.4848
68.4848
68.4848
68.4848
68.4795
68.4635
68.4209
68.4812
68.2183
68.2183
68.2183
68.2183
68.2183
68.2183
68.2183
68.2183
68.2183
68.2183
68.2183
68.2183
68.2183
68.2183
68.2183
68.2183
68.2183
68.2183
68.2183
68.2183
68.2183
68.2183
68.2183
68.2183
68.2183
68.2183
68.2183
68.2183
68.2183
68.2183
68.2183
68.2183
68.2183
68.2183
68.2183
68.2183
68.2183
68.2183
68.2183
68.2183
70.5106
68.8547
68.2189
68.2183
68.2183
68.2183
68.2183
68.2183
71.7437
68.7479
68.2183
68.2183
68.2183
68.2183
68.2183
68.2183
68.2183
68.2183
68.2183
68.2183
68.2183
68.2183
68.2183
68.2183
68.2183
68.2183
68.2183
68.2183
68.2183
68.2183
68.2079
68.2079
68.1766
68.1453
67.9473
67.6971
67.6971
67.6971
67.6971
67.6971
67.7104
68.646
67.6971
67.6971
67.6971
67.6971
67.6971
67.6971
67.6971
67.6971
67.6971
67.6828
67.6971
67.6971
67.6971
67.6971
67.6971
67.6971
67.695
67.6844
67.6439
67.5907
67.5907
67.5907
67.5907
67.5907
67.5907
67.5907
67.5907
67.5907
67.5907
67.5907
67.5907
67.5907
67.5907
67.5907
67.5907
67.5907
67.5907
67.5907
67.5907
67.5907
67.5907
67.5907
67.5907
67.5907
67.5907
67.5907
67.5907
67.5907
67.5907
67.5907
67.5907
67.5907
67.5907
67.5907
68.6079
67.5907
67.5907
67.5907
67.5907
67.5907
67.5907
67.5907
67.5907
67.5907
67.5907
67.5907
67.5907
67.5907
67.5907
67.5907
67.5907
67.5907
67.5907
67.5907
67.5907
67.5907
67.5907
67.5907
67.5907
67.5907
67.5907
67.5907
67.5907
67.5907
67.5907
67.5907
67.5907
67.5907
67.5907
67.5907
67.5907
67.5907
67.5907
67.5907
67.5907
67.5907
67.5907
67.5907
67.5907
67.5907
67.5907
67.5907
67.5907
67.5907
67.5907
67.5907
67.5907
67.5907
67.5907
67.5907
67.5907
67.5907
67.5907
67.5608
67.4711
67.501
67.4711
67.3217
66.9033
66.0964
66.0964
66.0964
66.0964
66.0964
66.0964
66.0964
66.0964
66.0964
66.0964
66.0964
66.0964
66.0964
66.0964
66.0964
66.0964
66.0964
66.0964
66.0964
66.0964
66.0964
66.0964
66.0964
66.0964
66.0964
66.0964
66.0964
66.0964
66.0964
66.0964
66.0964
66.0964
66.0964
66.0964
66.0964
66.0964
66.0964
66.0964
66.0964
66.0964
66.0964
66.0964
66.0964
66.0964
66.0964
66.0964
66.0964
66.0964
66.0964
66.0964
66.0964
66.0964
66.0964
66.0964
66.0964
66.0964
66.0964
66.0964
69.8546
66.0964
66.0964
66.0964
66.0964
66.0964
66.0964
66.0964
66.0964
66.0964
66.0964
66.0964
66.0964
66.0964
66.0964
66.0964
66.0964
66.0964
66.0964
66.0964
66.0964
66.0964
66.0964
66.0964
66.0964
66.0964
66.0964
66.0964
66.0964
66.0964
66.0964
66.0964
66.0964
66.0964
66.0964
66.0964
66.0964
66.0964
66.0964
66.0964
66.0964
66.0964
66.0964
66.0964
66.0964
66.0964
66.0964
66.3022
66.0914
66.0865
66.0964
66.0964
66.0964
66.0964
66.0964
66.0964
66.0964
66.0964
66.0964
66.0964
66.0964
66.0964
66.0964
66.0964
66.0964
66.0964
66.0964
66.0964
66.0964
66.0964
66.0964
66.0964
66.0964
66.0964
66.0964
66.0964
66.0964
66.0964
66.0964
66.0964
66.0964
66.0964
66.0964
66.0964
66.0964
66.0964
66.0964
66.0964
66.0964
66.0964
66.0964
66.0964
66.0964
66.0964
66.0964
66.0964
66.0964
66.0964
66.0964
66.0964
66.0964
66.0964
66.0964
66.0964
66.0964
66.0964
66.0964
66.0964
66.0964
66.0964
66.0964
66.0964
66.0964
66.0964
66.0964
66.0964
66.0964
66.0964
66.0964
66.0964
66.0964
66.0964
66.0964
66.0964
66.0964
66.0964
66.0964
66.0964
66.0964
66.0964
66.0964
66.0964
66.0964
66.0964
66.0964
66.0964
66.0964
66.0964
66.0964
66.0964
66.0964
66.0964
66.0964
66.0964
66.0964
66.0964
66.0964
66.0964
66.0964
66.0964
66.0964
66.0964
66.0964
66.0964
66.0964
66.0964
66.0964
66.0964
66.0964
66.0964
66.0964
66.0964
66.0964
66.0964
66.0964
66.0964
66.0964
66.0964
66.0964
66.0964
66.0964
66.0964
66.0964
66.0964
66.0964
66.0964
66.0964
66.0964
66.0964
66.0964
66.0964
66.0964
66.0964
66.0964
66.0964
66.0964
66.0964
66.0964
66.0964
66.0964
66.0964
66.0964
66.0964
66.0964
66.0964
66.0964
66.0964
66.0964
66.0964
66.0964
66.0964
66.0964
66.0964
66.0964
66.0964
66.0964
66.0964
66.0964
66.0964
66.0964
66.0964
66.0964
66.0964
66.0964
66.0964
66.0964
66.0964
66.0964
66.0964
66.0964
66.0964
66.0964
66.0964
66.0964
66.0964
66.0964
66.0964
66.0964
66.0964
66.0964
66.0964
66.0964
66.0964
66.0964
66.0964
66.0964
66.0964
66.0964
66.0964
66.0964
66.0964
66.0964
66.0964
66.0964
66.0964
66.0964
66.0964
66.0964
66.0964
66.0964
66.0964
66.0964
66.0964
66.0964
66.0964
66.0964
66.0964
66.0964
66.0964
66.0964
66.0964
66.0964
66.0964
66.0964
66.0964
66.0964
66.0964
66.0964
66.0964
66.0964
66.0964
66.0964
66.0964
66.0964
66.0964
66.0964
66.0964
66.0964
66.0964
66.0964
66.0964
66.0964
66.0964
66.0964
66.0964
66.0964
66.0964
66.0964
66.0964
66.0964
66.0964
66.0964
66.0964
66.0964
66.0964
66.0964
66.0964
66.0964
67.7892
66.1622
71.9519
66.0964
66.0964
66.9921
66.3162
66.0964
66.0964
72.449
66.0964
66.0964
66.0964
66.0964
66.0964
66.0964
66.0964
66.0964
66.0964
66.0964
66.0964
66.0964
66.0964
66.0964
66.0964
66.0964
66.0964
66.0964
66.0964
66.0964
66.0964
66.0964
66.0964
66.0964
66.0964
66.0964
66.0964
66.0964
79.3848
66.0964
66.0964
66.0964
66.0964
66.0768
66.0964
66.0964
66.0964
66.0964
66.0964
66.0964
66.0964
66.0964
66.0964
66.0964
67.2976
66.0964
66.0964
66.0964
66.0964
66.0964
66.0964
66.0964
66.0964
66.0964
66.0964
66.0964
66.0964
66.0964
66.0964
66.0964
66.0964
66.0964
66.0964
66.0964
66.0964
66.0964
66.0964
66.0964
66.0964
66.0964
66.0964
66.0964
66.0964
66.0964
66.0964
66.0964
66.0768
66.0768
66.0571
65.9394
66.4287
65.115
65.115
65.115
65.115
65.115
65.115
65.115
65.115
65.115
65.115
65.115
65.115
65.115
65.115
65.115
65.115
65.115
65.115
65.115
65.115
65.115
65.115
65.115
65.115
65.115
65.115
65.115
65.115
65.115
65.115
65.1089
65.0905
65.0044
64.8078
64.8078
64.8078
64.8027
64.8027
64.7717
64.7201
64.5705
64.5499
64.5499
64.5499
64.5499
64.5499
64.5499
64.5499
64.5499
64.5499
64.5499
64.5499
64.5499
64.5499
64.5499
64.5499
64.5499
64.5499
64.5499
64.5499
64.5499
64.5499
64.5499
64.5499
64.5499
64.5499
64.5499
64.5499
64.5499
64.5499
64.5499
64.5499
64.5499
64.5499
64.5499
64.5499
64.5499
64.5499
64.5499
64.5499
64.5499
64.5499
64.5499
64.5499
64.5499
64.5499
64.5499
64.5499
64.5499
64.5499
64.5499
64.5499
64.5499
64.5499
64.5499
64.5499
64.5499
64.5499
64.5499
64.5499
64.5499
64.5499
64.5499
64.5499
64.5499
64.5499
66.1746
64.6421
64.5499
64.5499
64.5499
64.5499
64.5499
64.5499
64.5499
64.5499
64.5499
64.5499
64.5499
64.5499
64.5499
64.5499
64.5499
64.5499
64.5499
64.5499
64.5499
64.5499
64.5499
64.5499
64.5499
64.5499
64.5499
65.8452
64.5642
64.5677
65.5459
70.2233
67.0336
65.5712
64.5499
64.5499
64.5499
64.5499
64.5499
64.5499
64.5499
64.5499
64.5499
64.5499
64.5499
64.5499
64.5499
64.5499
64.5499
64.5499
64.5499
64.5499
64.5499
64.5499
64.5499
64.5499
64.5499
64.5499
64.5499
64.5499
64.5499
64.5499
64.5499
64.5499
64.5499
64.5499
64.5499
64.5499
64.5499
64.5499
64.5499
64.5499
64.5499
64.5499
64.5499
64.5499
64.5499
64.5499
64.5499
64.5499
64.5499
64.5499
64.5499
64.5499
64.5499
64.5499
64.5499
64.5499
64.5499
64.5499
64.5499
64.5499
64.5499
64.5499
64.5499
64.5499
64.5499
64.5499
64.5499
64.5499
64.5499
64.5499
64.5499
64.5499
64.5499
64.5499
64.5499
64.5499
64.5499
64.5499
64.5499
64.5499
64.5499
64.5499
64.5499
64.5499
64.5499
64.5499
64.5499
64.5499
64.5499
64.5499
64.5499
64.5499
64.5499
64.5499
64.5499
64.5499
64.5499
64.5499
64.5499
64.5499
64.5499
64.5499
64.5499
64.5499
64.5499
64.5499
64.5499
64.5499
64.5499
64.5499
64.5499
64.5499
64.5499
64.5499
64.5499
64.5499
64.5499
64.5499
64.5499
64.5499
64.5499
64.5499
64.5499
64.5499
64.5499
64.5499
64.5499
64.5499
64.5499
64.5499
64.5499
64.5499
64.5499
64.5499
64.5499
64.5499
64.5499
64.5499
64.5499
64.5499
64.5499
64.5499
64.5499
64.5499
64.5499
64.5499
64.5499
64.5499
64.5499
64.5499
64.5499
64.5499
64.5499
64.5499
64.5499
64.5499
64.5499
64.5499
64.5499
64.5499
64.5499
64.5499
64.5499
64.5499
64.5499
64.5499
64.5499
64.5499
64.5499
64.5499
64.5499
64.5499
64.5499
64.5499
64.5499
64.5499
64.5499
64.5499
64.5499
64.5499
64.5499
64.5499
64.5499
64.5499
64.5499
64.5499
64.5499
64.5499
64.5499
64.5499
64.5499
64.5499
64.5499
64.5499
64.5499
64.5499
64.5499
64.5499
64.5499
64.5499
64.5499
64.593
64.5499
64.5499
64.5499
64.5499
64.5499
64.5499
64.5499
64.5499
64.5499
64.5499
64.5499
64.5499
64.5499
64.5499
64.5499
64.5499
64.5499
64.5499
64.5499
64.5499
64.5499
64.5499
64.5499
64.5499
64.5499
64.5499
64.5499
64.5499
64.5499
64.5499
64.5499
64.5499
64.5499
64.5499
64.5499
64.5499
64.5499
64.5499
64.5499
64.5499
64.5499
64.5499
64.5499
64.5499
64.5499
64.5462
64.5279
64.4948
64.4029
64.3662
64.3662
64.3662
64.3662
64.3662
64.3662
64.3662
64.3662
64.3662
64.3662
64.3662
64.3662
64.3662
64.3662
64.3662
64.3662
64.3662
64.3662
64.3662
64.3662
64.3662
64.3662
64.3662
64.3662
64.3662
64.3662
64.3662
64.3662
64.3662
64.3662
64.3662
64.3662
64.3662
64.3662
64.3662
64.3662
64.3662
64.3662
64.3662
64.3662
64.3662
64.3662
64.3662
64.3662
64.3662
64.3662
64.3662
64.3662
64.3662
64.3662
64.3662
64.3662
64.3662
64.3662
64.3662
64.3662
64.3662
64.3662
64.3662
64.3662
64.3519
64.3662
64.3662
64.3662
64.3662
64.3662
64.3662
64.3662
64.3662
64.3662
64.3662
64.3662
64.3662
64.3662
64.3662
64.3662
64.3662
64.3662
64.3662
64.3662
64.3662
64.3662
64.3662
64.3662
64.3662
64.3662
64.3662
64.3662
64.3662
64.3662
64.3662
64.3662
64.3662
64.3662
64.3662
64.3662
64.3662
64.3662
64.3662
64.3662
64.3662
64.3662
64.3662
64.3661
64.3659
64.365
64.3629
64.3621
64.3621
64.3621
64.3621
64.3621
64.3466
64.2844
64.2378
64.0358
63.5851
63.5851
63.5851
63.5851
63.5851
63.5851
63.5851
63.5851
63.5851
63.5851
63.5851
67.7924
63.5851
63.5851
63.5851
63.5851
63.5851
63.5851
63.5851
63.5851
63.5851
63.5851
63.5851
63.5851
63.5851
63.5851
63.5851
63.5851
63.5851
63.5851
63.5851
63.5851
63.5851
63.5851
63.5851
63.5851
63.5851
63.5851
63.5851
63.5851
63.5851
63.5851
63.5851
63.5851
63.5851
63.5851
63.5851
63.5851
63.5851
63.5851
63.5851
63.5851
63.5851
63.5851
63.5851
63.5851
63.5851
63.5851
63.5851
63.5851
63.5851
63.5851
63.5851
63.5851
63.5851
63.5851
63.5851
63.5851
63.5851
63.5851
63.5851
63.5851
63.5851
63.5851
63.5851
63.5851
63.5851
63.5851
63.5851
63.5851
63.5851
63.5851
63.5851
63.5851
63.5851
63.5851
63.5851
63.5851
63.5851
63.5851
63.5851
63.5851
63.5851
63.5851
63.5851
63.5851
63.5851
63.5851
63.5851
63.5851
63.5851
63.5851
63.5851
63.5851
63.5851
63.5851
63.5851
63.5851
63.5851
63.5851
63.5851
63.5851
63.5851
63.5851
63.5851
63.5851
63.5851
63.5851
63.5851
63.5851
63.5851
63.5851
63.5851
63.5851
63.5851
63.5851
63.5851
63.5851
63.5851
63.5851
63.5851
63.5851
63.5851
63.5851
63.5851
63.5851
63.5851
63.5851
63.5851
63.5851
63.5851
63.5851
63.5851
63.5851
63.5851
63.5851
63.5851
63.5851
63.5851
63.5851
63.5851
63.5851
63.5851
63.5851
63.5851
63.5851
63.5851
63.5851
63.5851
63.5851
63.5851
63.5851
63.5851
63.5851
63.5851
63.5851
63.5851
63.5851
63.5851
63.5851
63.5851
63.5851
63.5851
63.5851
63.5851
63.5851
63.5851
63.5851
63.5851
63.5851
63.5851
63.5851
63.5851
63.5851
63.5851
63.5851
63.5851
63.5851
63.5851
63.5851
63.5851
63.5851
63.5851
63.5851
63.5851
63.5851
63.5851
63.5851
63.5851
63.5851
63.5851
63.5851
63.5851
63.5851
63.5851
63.5851
63.5851
63.5851
63.5851
63.5851
63.5851
63.5851
63.5851
63.5851
63.5851
63.5851
63.5851
63.5851
63.5851
63.5851
63.5851
63.5851
63.5851
63.5851
63.5851
63.5851
63.5851
63.5851
63.5851
63.5851
63.5851
63.5851
63.5851
63.5851
63.5851
63.5851
63.5851
63.5851
63.5851
63.5851
63.5851
63.5851
63.5851
63.5851
63.5851
63.5851
63.5851
63.5851
63.5851
63.5851
63.5851
63.5851
63.5851
63.5851
63.5851
63.5851
63.5851
63.5851
63.5851
63.5851
63.5851
63.5851
63.5851
63.5851
63.5851
63.5851
63.5851
63.5851
63.5851
63.5851
63.5851
63.5851
63.5851
63.5851
63.5851
63.5851
63.5851
63.5851
63.5851
63.5851
63.5851
63.5851
63.5851
63.5851
63.5851
63.5851
63.5851
63.5851
63.5851
63.5851
63.5851
63.5851
63.5851
63.5851
63.5851
63.5851
63.5851
63.5851
63.5851
63.5851
63.5851
63.5851
63.5851
63.5851
63.5851
63.5851
63.5851
63.5851
63.5851
63.5851
63.5851
63.5851
63.5851
63.5851
63.5851
63.5851
63.5851
63.5851
63.5851
63.5851
63.5851
63.5851
63.5851
63.5851
63.5851
63.5851
63.5851
63.5851
63.5851
63.5851
63.5851
63.5851
63.5851
63.5851
63.5851
63.5851
63.5851
63.5851
63.5851
63.5851
63.5851
63.5851
63.5851
63.5851
63.5851
63.5851
63.5851
63.5851
63.5851
63.5851
63.5851
63.5851
63.5851
63.5851
63.5851
63.5851
63.5851
63.5851
63.5781
63.5711
63.515
63.3046
63.2344
63.2344
63.2344
63.2344
63.2344
63.2344
63.2344
63.2344
63.2293
63.2242
63.1832
63.1166
62.9784
62.9784
62.9784
62.9784
62.9784
62.9784
62.9784
62.9784
62.9784
62.9784
62.9784
62.9784
62.9784
62.9784
62.9784
62.9784
62.9784
62.9784
62.9784
62.9784
62.9784
62.9784
62.9784
62.9784
62.9784
62.9784
62.9784
62.9784
62.9784
62.9784
62.9784
62.9784
62.9784
62.9784
62.9784
62.9784
62.9784
62.9784
62.9784
62.9784
62.9784
62.9784
62.9784
62.9784
62.9784
62.9784
62.9784
62.9784
62.9784
62.9784
62.9784
62.9784
62.9784
62.9784
62.9784
62.9784
62.9784
62.9784
62.9784
62.9784
62.9784
62.9784
62.9784
62.9784
62.9784
62.9784
62.9784
62.9784
62.9784
62.9784
62.9784
62.9784
62.9784
62.9784
62.9784
62.9784
62.9784
62.9784
62.9784
62.9784
62.9784
62.9784
62.9784
62.9784
62.9784
62.9784
62.9784
62.9784
62.9784
62.9784
62.9784
62.9784
62.9784
62.9784
62.9784
62.9784
62.9784
62.9784
62.9784
62.9784
62.9784
62.9784
62.9784
62.9784
62.9784
62.9784
62.9784
62.9784
62.9784
62.9784
62.9784
62.9784
62.9784
62.9784
62.9784
62.9784
62.9784
62.9744
62.9665
62.9311
62.8564
62.7816
62.7816
62.7816
62.7816
62.7816
62.7816
62.7816
62.7816
62.7816
62.7816
62.7816
62.7816
62.7816
62.7816
62.7816
62.7816
62.7816
62.7816
62.7816
62.7816
62.7816
62.7816
62.7816
62.7816
62.7816
62.7816
62.7816
62.7816
62.7816
62.7816
62.7816
62.7816
62.7816
62.7816
62.7816
62.7816
62.7816
62.7816
62.7816
62.7816
62.7816
62.7816
62.7816
62.7816
62.7816
62.7816
62.7816
62.7816
62.7816
62.7816
62.7816
62.7816
62.7816
62.7816
62.7816
62.7816
62.7816
62.7816
62.7816
62.7816
62.7816
62.7816
62.7816
62.7816
62.7816
62.7816
62.7816
62.7816
62.7816
62.7816
62.7816
62.7816
62.7816
62.7816
62.7784
62.7658
62.731
62.6392
62.6234
62.6234
62.6234
62.6234
62.6234
62.6234
62.6234
62.6234
62.6234
62.6234
62.6234
62.6234
62.6234
62.6234
62.6234
62.6234
62.6234
62.6234
62.6234
62.6234
62.6234
62.6234
62.6234
62.6234
62.6234
62.6234
62.6234
62.6234
62.6234
62.6234
62.6234
62.6234
62.6234
62.6234
62.6234
62.6234
62.6234
62.6234
62.6234
62.6234
62.6234
62.6234
62.6234
62.6234
62.6234
62.6234
62.6234
62.6234
62.6234
62.6234
62.6234
62.6234
62.6234
62.6234
62.6234
62.6234
62.6234
62.6234
62.6234
62.6234
62.6234
62.6234
62.6234
62.6234
62.6234
62.6234
62.6234
62.6234
62.6234
62.6234
62.6234
62.6234
62.6234
62.6234
62.6234
62.6234
62.6234
62.6234
62.6234
62.6234
62.6234
62.6234
62.6234
62.6234
62.6234
62.6234
62.6234
62.6234
62.6234
62.6234
62.6234
62.6234
62.6234
62.6234
62.6234
62.6234
62.6234
62.6234
62.6234
62.6234
62.6234
62.6234
62.6234
62.6234
62.6234
62.6234
62.6234
62.6234
62.6234
62.6234
62.6234
62.6234
62.6234
62.6234
62.6234
62.6234
62.6234
62.6234
62.6234
62.6234
62.6234
62.6234
62.6234
62.6234
62.6234
62.6234
62.6234
62.6234
62.6234
62.6234
62.6234
62.6234
62.6234
62.6234
62.6234
62.6234
62.6234
62.6234
62.6234
62.6234
62.6234
62.6234
62.6234
62.6234
62.6234
62.6234
62.6234
62.6234
62.6234
62.6234
62.6234
62.6234
62.6234
62.6234
62.6234
62.6234
62.6234
62.6234
62.6234
62.6234
62.6234
62.6234
62.6234
62.6234
62.6234
62.6234
62.6234
62.6234
62.6234
62.6234
62.6234
62.6234
62.6234
62.6234
62.6234
62.6234
62.6234
62.6234
62.6234
62.6234
62.6234
62.6234
62.6234
62.6234
62.6234
62.6234
62.6234
62.6234
62.6234
62.6234
62.6234
62.6234
62.6234
62.6234
62.6234
62.6234
62.6234
62.6234
62.6234
62.6234
62.6234
62.6234
62.6234
62.6234
62.6234
62.6234
62.6234
62.6234
62.6234
62.6234
62.6234
62.6234
62.6234
62.6234
62.6234
62.6234
62.6234
62.6234
62.6234
62.6234
62.6234
62.6234
62.6234
62.6234
62.6234
62.6234
62.6234
62.6234
62.6234
62.6234
62.6234
62.6234
62.6234
62.6234
62.6234
62.6234
62.6234
62.6234
62.6234
62.6234
62.6234
62.6234
62.6234
62.6234
62.6234
62.6234
62.6234
62.6234
62.6234
62.6234
62.6234
62.6234
62.6234
62.6234
62.6226
62.6211
62.5765
62.528
62.5505
62.3849
61.6238
60.5823
60.5823
60.5823
60.5823
60.5823
60.5823
60.5823
60.5823
60.5823
60.5823
60.5823
60.5823
60.5823
60.5823
60.5823
60.5823
60.5823
60.5823
60.5823
60.5823
60.5823
60.5823
60.5823
60.5823
60.5823
60.5823
60.5823
60.5823
60.5823
60.5823
60.5823
60.5823
60.5823
60.5823
60.5823
60.5823
60.5823
60.5823
60.5823
60.5823
60.5823
60.5823
60.5823
60.5823
60.5823
60.5823
60.5823
60.5823
60.5823
60.5823
60.5823
60.5823
60.5823
60.5823
60.5823
60.5823
60.5823
60.5823
60.5823
60.5823
60.5823
60.5823
60.5823
60.5823
60.5823
60.5823
60.5823
60.5823
60.5823
60.5823
60.5823
60.5823
60.5823
60.5823
60.5823
60.5823
60.5823
60.5823
60.5823
60.5823
60.5823
60.5823
60.5823
60.5823
60.5823
60.5823
60.5823
60.5823
60.5823
60.5823
60.5823
60.5823
60.5823
60.5823
60.5823
60.5823
60.5823
60.5823
60.5823
60.5823
60.5823
60.5823
60.5823
60.5823
60.5823
60.5823
60.5823
60.5823
60.5823
60.5823
60.5823
60.5823
60.5823
60.5823
60.5823
60.5823
60.5823
60.5823
60.5823
60.5823
60.5823
60.5823
60.5823
60.5823
60.5823
60.5823
60.5823
60.5823
60.5823
60.5823
60.5823
60.5823
60.5823
60.5823
60.5823
60.5823
60.5823
60.5823
60.5823
60.5823
60.5823
60.5823
60.5823
60.5823
60.5823
60.5823
60.5823
60.5823
60.5823
60.5823
60.5823
60.5823
60.5823
60.5823
60.5823
60.5823
60.5823
60.5823
60.5823
60.5823
60.5823
60.5823
60.5823
60.5823
60.5823
60.5823
60.5823
60.5823
60.5823
60.5823
60.5823
60.5823
60.5823
60.5823
60.5823
60.5823
60.5823
60.5823
60.5823
60.5823
60.5823
60.5823
60.5823
60.5823
60.5823
60.5823
60.5823
60.5823
60.5823
60.5823
60.5823
60.5823
60.5823
60.5823
60.5823
60.5823
60.5823
60.5823
60.5823
60.5823
60.5823
60.5823
60.5823
60.5823
60.5823
60.5823
60.5823
60.5823
60.5823
60.5823
60.5823
60.5823
60.5823
60.5823
60.5823
60.5823
60.5823
60.5823
60.5823
60.5823
60.5823
60.5823
60.5823
60.5823
60.5823
60.5823
60.5823
60.5823
60.5823
60.5823
60.5823
60.5823
60.5823
60.5823
60.5823
60.5823
60.5823
60.5823
60.5823
60.5823
60.5823
60.5823
60.5823
60.5823
60.5823
60.5823
60.5823
60.5823
60.5823
60.5823
60.5823
60.5823
60.5823
60.5823
60.5823
60.5823
60.5823
60.5823
60.5823
60.5823
60.5823
60.5823
60.5823
60.5823
60.5823
60.5823
60.5823
60.5823
60.5823
60.5823
60.5823
60.5823
60.5823
60.5823
60.5823
60.5823
60.5823
60.5823
60.5823
60.5823
60.5823
60.5823
60.5823
60.5823
60.5823
60.5823
60.5823
60.5823
60.5823
60.5823
60.5823
60.5823
60.5823
60.5823
60.5823
60.5823
60.5823
60.5823
60.5823
60.5823
60.5823
60.5823
60.5823
60.5823
60.5823
60.5823
60.5823
60.5823
60.5823
60.5823
60.5823
60.5823
60.5823
60.5823
60.5823
60.5823
60.5823
60.5823
60.5823
60.5823
60.5823
60.5823
60.5823
60.5823
60.5823
60.5823
60.5823
60.5823
60.5823
60.5823
60.5823
60.5823
60.5823
60.5823
60.5823
60.5823
60.5823
60.5823
60.5823
60.5823
60.5823
60.5823
60.5823
60.5823
60.5823
60.5823
60.5823
60.5823
60.5823
60.5823
60.5823
60.5823
60.5823
60.5823
60.5823
60.5823
60.5823
60.5823
60.5823
60.5823
60.5823
60.5823
60.5823
60.5823
60.5823
60.5823
60.5823
60.5823
60.5823
60.5823
60.5823
60.5823
60.5823
60.5823
60.5823
60.5823
60.5823
60.5823
60.5823
60.5823
60.5823
60.5823
60.5823
60.5823
60.5823
60.5823
60.5823
60.5823
60.5823
60.5823
60.5823
60.5823
60.5823
60.5823
60.5823
60.5823
60.5823
60.5823
60.5823
60.5823
60.5823
60.5823
60.5823
60.5823
60.5823
60.5823
60.5823
60.5823
60.5704
60.5585
60.5228
60.4038
60.1657
59.9872
59.9872
59.9872
59.9872
59.9872
59.9872
59.9872
59.9872
59.9872
59.9872
59.9872
59.9872
59.9872
59.9872
59.9867
59.9872
59.9872
59.9872
59.9872
59.9872
59.9872
59.9872
59.9872
59.9872
59.9872
59.9872
59.9872
59.9872
59.9872
59.9872
59.9872
59.9872
59.9872
59.9872
59.9872
59.9872
59.9872
59.9872
59.9872
59.9872
59.9872
59.9872
59.9872
59.9872
59.9872
59.9872
59.9872
59.9872
59.9872
59.9872
59.9872
59.9872
59.9872
59.9872
59.9872
59.9872
59.9872
59.9872
59.9872
59.9872
59.9872
59.9872
59.9872
59.9872
59.9872
59.9872
59.9872
59.9872
59.9872
59.9872
59.9872
59.9872
59.9872
59.9872
59.9872
59.9872
59.9872
59.9872
59.9872
59.9872
59.9872
59.9872
59.9872
59.9872
59.9872
59.9872
59.9872
59.9872
59.9872
59.9872
59.9872
59.9872
59.9872
59.9872
59.9872
59.9872
59.9872
59.9872
59.9872
59.9872
59.9872
59.9872
59.9872
59.9872
59.9872
59.9872
59.9872
59.9872
59.9872
59.9872
59.9872
59.9872
59.9872
59.9872
59.9872
59.9872
59.9872
59.9872
59.9872
59.9872
59.9872
59.9872
59.9872
59.9872
59.9872
59.9872
59.9872
59.9872
59.9872
59.9872
59.9872
59.9872
59.9872
59.9872
59.9872
59.9872
59.9872
59.9872
59.9872
59.9872
59.9872
59.9872
59.9872
59.9872
59.9872
59.9872
59.9872
59.9872
59.9872
59.9872
59.9872
59.9872
59.9872
59.9872
59.9872
59.9872
59.9872
59.9872
59.9872
59.9872
59.9872
59.9872
59.9872
59.9872
59.9872
59.9872
59.9872
59.9872
59.9872
59.9872
59.9872
59.9872
59.9872
59.9872
59.9872
59.9872
59.9872
59.9872
59.9872
59.9872
59.9872
59.9872
59.9872
59.9872
59.9872
59.9872
59.9872
59.9872
59.9872
59.9872
59.9872
59.9872
59.9872
59.9872
59.9872
59.9872
59.9872
59.9872
59.9872
59.9872
59.9872
59.9872
59.9872
59.9872
59.9872
59.9872
59.9872
59.9872
59.9872
59.9872
59.9872
59.9872
59.9872
59.9872
59.9872
59.9872
59.9872
59.9872
59.9872
59.9872
59.9872
59.9872
59.9872
59.9872
59.9872
59.9872
59.9872
59.9872
59.9872
59.9872
59.9872
59.9872
59.9872
59.9872
59.9872
59.9872
59.9872
59.9872
59.9872
59.9872
59.9872
59.9872
59.9872
59.9872
59.9872
59.9872
59.9872
59.9872
59.9872
59.9872
59.9872
59.9872
59.9872
59.9872
59.9872
59.9872
59.9872
59.9872
59.9872
59.9872
59.9872
59.9872
59.9872
59.9867
59.9863
59.9836
59.9796
59.9675
59.9648
59.9648
59.9648
59.9648
59.9648
59.9648
59.9648
59.9648
59.9648
59.9648
59.9648
59.9648
59.9648
59.9648
59.9648
59.9648
59.9648
59.9648
59.9648
59.9648
59.9648
59.9648
59.9648
59.9648
59.9648
59.9648
59.9648
59.9648
59.9648
59.9648
59.9648
59.9648
59.9648
59.9648
59.9648
59.9648
59.9648
59.9648
59.9648
59.9648
59.9648
59.9648
59.9648
59.9648
59.9648
59.9648
59.9648
59.9648
59.9648
59.9648
59.9648
59.9648
59.9648
59.9648
59.9648
59.9648
59.9648
59.9648
59.9648
59.9648
59.9648
59.9648
59.9648
59.9648
59.9648
59.9648
59.9648
59.9648
59.9648
59.9648
59.9648
59.9648
59.9648
59.9648
59.9648
59.9648
59.9648
59.9648
59.9648
59.9648
59.9648
59.9648
59.9648
59.9648
59.9648
59.9648
59.9648
59.9648
59.9648
59.9648
59.9648
59.9648
59.9648
59.9648
59.9648
59.9648
59.9648
59.9648
59.9648
59.9648
59.9648
59.9648
59.9648
59.9648
59.9648
59.9648
59.9648
59.9648
59.9648
59.9648
59.9648
59.9648
59.9648
59.9648
59.9648
59.9648
59.9648
59.9648
59.9648
59.9648
59.9648
59.9648
59.9648
59.9648
59.9648
59.9648
59.9648
59.9648
59.9648
59.9648
59.9648
59.9648
59.9648
59.9648
59.9648
59.9648
59.9648
59.9648
59.9648
59.9648
59.9648
59.9648
59.9648
59.9648
59.9648
59.9648
59.9648
59.9648
59.9648
59.9648
59.9648
59.9648
59.9648
59.9648
59.9648
59.9648
59.9648
59.9648
59.9648
59.9648
59.9648
59.9648
59.9648
59.9648
59.9648
59.9648
59.9648
59.9648
59.9648
59.9648
59.9648
59.9648
59.9648
59.9648
59.9648
59.9648
59.9648
59.9648
59.9648
59.9648
59.9648
59.9648
59.9648
59.9648
59.9648
59.9648
59.9648
59.9648
59.9648
59.9648
59.9648
59.9648
59.9648
59.9648
59.9648
59.9648
59.9648
59.9648
59.9648
59.9648
59.9648
59.9648
59.9648
59.9648
59.9648
59.9648
59.9648
59.9648
59.9648
59.9648
59.9648
59.9648
59.9648
59.9648
59.9648
59.9648
59.9648
59.9648
59.9648
59.9648
59.9648
59.9648
59.9648
59.9648
59.9648
59.9648
59.9648
59.9648
59.9648
59.9648
59.9648
59.9648
59.9648
59.9648
59.9648
59.9648
59.9648
59.9648
59.9648
59.9648
59.9648
59.9648
59.9648
59.9648
59.9648
59.9648
59.9648
59.9648
59.9648
59.9648
59.9648
59.9648
59.9648
59.9648
59.9648
59.9648
59.9648
59.9648
59.9648
59.9648
59.9648
59.9648
59.9648
59.9648
59.9648
59.9648
59.9648
59.9648
59.9648
59.9648
59.9648
59.9648
59.9648
59.9648
59.9648
59.9648
59.9648
59.9648
59.9648
59.9648
59.9648
59.9648
59.9648
59.9648
59.9648
59.9648
59.9648
59.9648
59.9648
59.9648
59.9648
59.9648
59.9648
59.9648
59.9648
59.9648
59.9648
59.9648
59.9648
59.9648
59.9648
59.9648
59.9648
59.9648
59.9648
59.9648
59.9648
59.9648
59.9648
59.9648
59.9648
59.9648
59.9648
59.9648
59.9648
59.9648
59.9648
59.9648
59.9648
59.9648
59.9648
59.9648
59.9648
59.9648
59.9648
59.9648
59.9648
59.9648
59.9648
59.9648
59.9648
59.9648
59.9648
59.9648
59.9648
59.9648
59.9648
59.9648
59.9648
59.9648
59.9648
59.9648
59.9648
59.9396
59.9396
59.9143
59.8385
59.687
59.3839
58.702
58.702
58.702
58.702
58.702
58.702
58.702
58.702
58.702
58.702
58.702
58.702
58.702
58.702
58.702
58.702
58.702
58.702
58.702
58.702
58.702
58.702
58.702
58.702
58.702
58.702
58.702
58.702
58.702
58.702
58.702
58.702
58.702
58.702
58.702
58.702
58.702
58.702
58.702
58.702
58.702
58.702
58.702
58.702
58.702
58.702
58.702
58.702
58.702
58.702
58.702
58.702
58.702
58.702
58.702
58.702
58.702
58.702
58.702
58.702
58.702
58.702
58.702
58.702
58.702
58.702
58.702
58.702
58.702
58.702
58.702
58.702
58.702
58.702
58.702
58.702
58.702
58.702
58.702
58.702
58.702
58.702
58.702
58.702
58.702
58.702
58.702
58.702
58.702
58.702
58.702
58.702
58.702
58.702
58.702
58.702
58.702
58.702
58.702
58.702
58.702
58.702
58.702
58.702
58.702
58.702
58.702
58.702
58.702
58.702
58.702
58.702
58.702
58.702
58.702
58.702
58.702
58.702
58.702
58.702
58.702
58.702
58.702
58.702
58.702
58.702
58.702
58.702
58.702
58.702
58.702
58.702
58.702
58.702
58.702
58.702
58.702
58.702
58.702
58.702
58.702
58.702
58.702
58.702
58.702
58.702
58.702
58.702
58.702
58.702
58.702
58.702
58.702
58.702
58.702
58.702
58.702
58.702
58.702
58.702
58.702
58.702
58.702
58.702
58.702
58.702
58.702
58.702
58.702
58.702
58.702
58.702
58.702
58.702
58.702
58.702
58.702
58.702
58.702
58.702
58.702
58.702
58.702
58.702
58.702
58.702
58.702
58.702
58.702
58.702
58.702
58.702
58.702
58.702
58.702
58.702
58.702
58.702
58.702
58.702
58.702
58.702
58.702
58.702
58.702
58.702
58.702
58.702
58.702
58.702
58.702
58.702
58.702
58.702
58.702
58.702
58.702
58.702
58.702
58.702
58.702
58.702
58.702
58.702
58.702
58.702
58.702
58.702
58.702
58.702
58.702
58.702
58.702
58.702
58.702
58.702
58.702
58.702
58.702
58.702
58.702
58.702
58.702
58.702
58.702
58.702
58.702
58.702
58.702
58.702
58.702
58.702
58.702
58.702
58.702
58.702
58.702
58.702
58.702
58.702
58.702
58.702
58.702
58.702
58.702
58.702
58.702
58.702
58.702
58.702
58.702
58.702
58.702
58.702
58.702
58.702
58.702
58.702
58.702
58.702
58.702
58.702
58.702
58.702
58.702
58.702
58.702
58.702
58.702
58.702
58.702
58.702
58.702
58.702
58.702
58.702
58.702
58.702
58.702
58.702
58.702
58.702
58.702
58.702
58.702
58.702
58.702
58.702
58.702
58.702
58.702
58.702
58.702
58.702
58.702
58.702
58.702
58.702
58.702
58.702
58.702
58.702
58.702
58.702
58.702
58.702
58.702
58.702
58.702
58.702
58.702
58.702
58.702
58.702
58.702
58.702
58.702
58.702
58.702
58.702
58.702
58.702
58.702
58.702
58.702
58.702
58.702
58.702
58.702
58.702
58.702
58.702
58.702
58.702
58.702
58.702
58.702
58.702
58.702
58.702
58.702
58.702
58.702
58.702
58.702
58.702
58.702
58.702
58.702
58.702
58.702
58.702
58.702
58.702
58.702
58.702
58.702
58.702
58.702
58.702
58.702
58.702
58.702
58.702
58.702
58.702
58.702
58.702
58.702
58.702
58.702
58.702
58.702
58.702
58.702
58.702
58.702
58.702
58.702
58.702
58.702
58.702
58.702
58.702
58.702
58.702
58.702
58.702
58.702
58.702
58.702
58.702
58.702
58.702
58.702
58.702
58.702
58.702
58.702
58.702
58.702
58.702
58.702
58.702
58.702
58.702
58.702
58.702
58.702
58.702
58.702
58.702
58.702
58.702
58.702
58.702
58.702
58.702
58.702
58.702
58.702
58.702
58.702
58.702
58.702
58.702
58.702
58.702
58.702
58.702
58.702
58.702
58.702
58.702
58.702
58.702
58.702
58.702
58.702
58.702
58.702
58.702
58.702
58.702
58.702
58.702
58.702
58.702
58.702
58.702
58.702
58.702
58.702
58.702
58.702
58.702
58.702
58.702
58.702
58.702
58.702
58.702
58.702
58.702
58.702
58.702
58.702
58.702
58.702
58.702
58.702
58.702
58.702
58.702
58.702
58.702
58.702
58.702
58.702
58.702
58.702
58.702
58.702
58.702
58.702
58.702
58.702
58.702
58.702
58.702
58.702
58.702
58.702
58.702
58.702
58.702
58.702
58.702
58.702
58.702
58.702
58.702
58.702
58.702
58.702
58.702
58.702
58.702
58.702
58.702
58.702
58.702
58.702
58.702
58.702
58.702
58.702
58.702
58.702
58.702
58.702
58.702
58.702
58.702
58.702
58.702
58.702
58.702
58.702
58.702
58.702
58.702
58.702
58.702
58.702
58.702
58.702
58.702
58.702
58.702
58.702
58.702
58.702
58.702
58.702
58.702
58.702
58.702
58.702
58.702
58.702
58.702
58.702
58.702
58.702
58.702
58.702
58.702
58.702
58.702
58.702
58.702
58.702
58.702
58.702
58.702
58.702
58.702
58.702
58.702
58.702
58.702
58.702
58.702
58.702
58.702
58.702
58.702
58.702
58.702
58.702
58.702
58.702
58.702
58.702
58.702
58.702
58.702
58.702
58.702
58.702
58.702
58.702
58.702
58.702
58.702
58.702
58.702
58.702
58.702
58.702
58.702
58.702
58.702
58.702
58.702
58.702
58.702
58.702
58.702
58.702
58.702
58.702
58.702
58.702
58.702
58.702
58.702
58.702
58.702
58.702
58.702
58.702
58.702
58.702
58.702
58.702
58.702
58.702
58.702
58.702
58.702
58.702
58.702
58.702
58.702
58.702
58.702
58.702
58.702
58.702
58.702
58.702
58.702
58.702
58.702
58.702
58.702
58.702
58.702
58.702
58.702
58.702
58.702
58.702
58.702
58.702
58.702
58.702
58.702
58.702
58.702
58.702
58.702
58.702
58.702
58.702
58.702
58.702
58.702
58.702
58.702
58.702
58.702
58.702
58.702
58.702
58.702
58.702
58.702
58.702
58.702
58.702
58.702
58.702
58.702
58.702
58.702
58.702
58.702
58.702
58.702
58.702
58.702
58.702
58.702
58.702
58.702
58.702
58.702
58.702
58.702
58.702
58.702
58.702
58.702
58.702
58.702
58.702
58.702
58.702
58.702
58.702
58.702
58.702
58.702
58.702
58.702
58.702
58.702
58.702
58.702
58.702
58.702
58.702
58.702
58.702
58.702
58.702
58.702
58.702
58.702
58.702
58.702
58.702
58.702
58.702
58.702
58.702
58.702
58.702
58.702
58.702
58.702
58.702
58.702
58.702
58.702
58.702
58.702
58.702
58.702
58.702
58.702
58.702
58.702
58.702
58.702
58.702
58.702
58.702
58.702
58.702
58.702
58.702
58.702
58.702
58.702
58.702
58.702
58.702
58.702
58.702
58.702
58.702
58.702
58.702
58.702
58.702
58.702
58.702
58.702
58.702
58.702
58.702
58.702
58.702
58.702
58.702
58.702
58.702
58.702
58.702
58.702
58.702
58.702
58.702
58.702
58.702
58.702
58.702
58.702
58.702
58.702
58.702
58.702
58.702
58.702
58.702
58.702
58.702
58.702
58.702
58.702
58.702
58.702
58.702
58.702
58.702
58.702
58.702
58.702
58.702
58.702
58.702
58.702
58.702
58.702
58.702
58.702
58.702
58.702
58.702
58.702
58.702
58.702
58.702
58.702
58.702
58.702
58.702
58.702
58.702
58.702
58.702
58.702
58.702
58.702
58.702
58.702
58.702
58.702
58.702
58.702
58.702
58.702
58.702
58.702
58.702
58.702
58.702
58.702
58.702
58.702
58.702
58.702
58.702
58.702
58.702
58.702
58.702
58.702
58.702
58.702
58.702
58.702
58.702
58.702
58.702
58.702
58.702
58.702
58.702
58.702
58.702
58.702
58.702
58.702
58.702
58.702
58.702
58.702
58.702
58.702
58.702
58.702
58.702
58.702
58.702
58.702
58.702
58.702
58.702
58.702
58.702
58.702
58.702
58.8072
58.702
58.702
58.702
58.702
58.702
58.702
58.702
58.702
58.702
58.702
58.702
58.702
58.702
58.702
58.702
58.702
58.702
58.702
58.702
58.702
58.702
58.702
58.702
58.702
58.702
58.702
58.702
58.702
58.702
58.702
58.702
58.702
58.702
58.702
58.702
58.702
58.702
58.702
58.702
58.702
58.702
58.702
58.702
58.702
58.702
58.702
58.702
58.702
58.702
58.702
58.702
58.702
58.702
58.702
58.702
58.702
58.702
58.702
58.702
58.702
58.702
58.702
58.702
58.702
58.702
58.702
58.702
58.702
58.702
58.702
58.702
58.702
58.702
58.702
58.702
58.702
58.702
58.702
58.702
58.702
58.702
58.702
58.702
58.702
58.702
58.702
58.702
58.702
58.702
58.702
58.6962
58.6846
58.6151
58.4472
58.4125
58.4125
58.4125
58.4125
58.4125
58.4125
58.4125
58.4125
58.4125
58.4125
58.4125
58.4125
58.4125
58.4125
58.4125
58.4125
58.4125
58.4125
58.4125
58.4125
58.4125
58.4125
58.4125
58.4125
58.4125
58.4125
58.4125
58.4125
58.4125
58.4125
58.4125
58.4125
58.4125
58.4125
58.4125
58.4125
58.4125
58.4125
58.4125
58.4125
58.4125
58.4125
58.4125
58.4125
58.4125
58.4125
58.4125
58.4125
58.4125
58.4125
58.4125
58.4125
58.4125
58.4125
58.4125
58.4125
58.4125
58.4125
58.4125
58.4125
58.4125
58.4125
58.4125
58.4125
58.4125
58.4125
58.4125
58.4125
58.4125
58.4125
58.4125
58.4125
58.4125
58.4125
58.4125
58.4125
58.4125
58.4125
58.4125
58.4125
58.4125
58.4125
58.4125
58.4125
58.4125
58.4125
58.4125
58.4125
58.4125
58.4125
58.4125
58.4125
58.4125
58.4125
58.4125
58.4125
58.4125
58.4125
58.4125
58.4125
58.4125
58.4125
58.4125
58.4125
58.4125
58.4125
58.4125
58.4125
58.4125
58.4125
58.4125
58.4125
58.4125
58.4125
58.4125
58.4125
58.4125
58.4125
58.4125
58.4125
58.4125
58.4125
58.4125
58.4125
58.4125
58.4125
58.4125
58.4125
58.4125
58.4125
58.4125
58.4125
58.4125
58.4125
58.4125
58.4125
58.4125
58.4125
58.4125
58.4125
58.4125
58.4125
58.4125
58.4125
58.4125
58.4125
58.4125
58.4125
58.4125
58.4125
58.4125
58.4125
58.4125
58.4125
58.4125
58.4125
58.4125
58.4125
58.4125
58.4125
58.4125
58.4125
58.4125
58.4125
58.4125
58.4125
58.4125
58.4125
58.4125
58.4125
58.4125
58.4125
58.4125
58.4125
58.4125
58.4125
58.4125
58.4125
58.4125
58.4125
58.4125
58.4125
58.4125
58.4125
58.4125
58.4125
58.4125
58.4125
58.4125
58.4125
58.4125
58.4125
58.4125
58.4125
58.4125
58.4125
58.4125
58.4125
58.4125
58.4125
58.4125
58.4125
58.4125
58.4125
58.4125
58.4125
58.4125
58.4114
58.4125
58.4125
58.4125
58.4125
58.4125
58.4125
58.4125
58.4125
58.4125
58.4125
58.4125
58.4125
58.4125
58.4125
58.4125
58.4125
58.4125
58.4125
58.4125
58.4125
58.4125
58.4125
58.4125
58.4125
58.4125
58.4125
58.4125
58.4125
58.4125
58.4125
58.4125
58.4125
58.4125
58.4125
58.4125
58.4125
58.4125
58.4125
58.4125
58.4125
58.4125
58.4125
58.4125
58.4125
58.4125
58.4125
58.4125
58.4125
58.4125
58.4125
58.4125
58.4125
58.4125
58.4125
58.4125
58.4125
58.4125
58.4125
58.4125
58.4125
58.4125
58.4125
58.4125
58.4125
58.4125
58.4125
58.4125
58.4125
58.4125
58.4125
58.4125
58.4125
58.4125
58.4125
58.4125
58.4125
58.4125
58.4125
58.4125
58.4125
58.4125
58.4125
58.4125
58.4125
58.4125
58.4125
58.4125
58.4125
58.4125
58.4125
58.4125
58.4125
58.4125
58.4125
58.4125
58.4125
58.4125
58.4125
58.4125
58.4125
58.4125
58.4125
58.4125
58.4125
58.4125
58.4125
58.4125
58.4125
58.4125
58.4125
58.4125
58.4125
58.4125
58.4125
58.4125
58.4125
58.4125
58.4125
58.4125
58.4125
58.4125
58.4125
58.4125
58.4125
58.4125
58.4125
58.4125
58.4125
58.4125
58.4125
58.4125
58.4125
58.4125
58.4125
58.4125
58.4125
58.4125
58.4125
58.4125
58.4125
58.4125
58.4125
58.4125
58.4125
58.4125
58.4125
58.4125
58.4125
58.4125
58.4125
58.4125
58.4115
58.4105
58.4034
58.396
58.3617
58.3617
58.3617
58.3617
58.3617
58.3617
58.3617
58.3617
58.3617
58.3617
58.3617
58.3617
58.3617
58.3617
58.3617
58.3617
58.3617
58.3617
58.3617
58.3617
58.3617
58.3617
58.3617
58.3617
58.3617
58.3617
58.3617
58.3617
58.3617
58.3617
58.3617
58.3617
58.3617
58.3617
58.3617
58.3617
58.3617
58.3617
58.3617
58.3617
58.3617
58.3617
58.3617
58.3617
58.3617
58.3617
58.3617
58.3617
58.3617
58.3617
58.3617
58.3617
58.3617
58.3617
58.3617
58.3617
58.3617
58.3617
58.3617
58.3617
58.3617
58.3617
58.3617
58.3617
58.3617
58.3617
58.3617
58.3617
58.3617
58.3617
58.3617
58.3617
58.3617
58.3617
58.3617
58.3617
58.3617
58.3617
58.3617
58.3617
58.3617
58.3617
58.3617
58.3617
58.3617
58.3617
58.3617
58.3617
58.3617
58.3617
58.3617
58.3617
58.3617
58.3617
58.3617
58.3617
58.3617
58.3617
58.3617
58.3617
58.3617
58.3617
58.3617
58.3617
58.3617
58.3617
58.3617
58.3617
58.3617
58.3617
58.3617
58.3617
58.3617
58.3617
58.3617
58.3617
58.3617
58.3617
58.3617
58.3617
58.3617
58.3617
58.3617
58.3617
58.3617
58.3617
58.3617
58.3617
58.3617
58.3617
58.3617
58.3617
58.3617
58.3617
58.3617
58.3617
58.3617
58.3617
58.3617
58.3617
58.3617
58.3617
58.3617
58.3617
58.3617
58.3617
58.3617
58.3617
58.3617
58.3617
58.3617
58.3617
58.3617
58.3617
58.3617
58.3617
58.3617
58.3617
58.3617
58.3617
58.3617
58.3617
58.3617
58.3617
58.3617
58.3617
58.3617
58.3617
58.3617
58.3617
58.3617
58.3617
58.3617
58.3617
58.3617
58.3617
58.3617
58.3617
58.3617
58.3617
58.3617
58.3617
58.3617
58.3617
58.3617
58.3617
58.3617
58.3617
58.3617
58.3617
58.3617
58.3617
58.3617
58.3617
58.3617
58.3617
58.3617
58.3617
58.3617
58.3617
58.3617
58.3617
58.3617
58.3617
58.3617
58.3617
58.3617
58.3617
58.3617
58.3617
58.3617
58.3617
58.3617
58.3617
58.3617
58.3617
58.3617
58.3617
58.3617
58.3617
58.3617
58.3617
58.3617
58.3617
58.3617
58.3617
58.3617
58.3617
58.3617
58.3617
58.3617
58.3617
58.3617
58.3617
58.3617
58.3617
58.3617
58.3617
58.3617
58.3617
58.3617
58.3617
58.3617
58.3617
58.3617
58.3617
58.3617
58.3617
58.3617
58.3617
58.3617
58.3617
58.3617
58.3617
58.3617
58.3617
58.3617
58.3617
58.3617
58.3617
58.3617
58.3617
58.3617
58.3617
58.3617
58.3617
58.3617
58.3617
58.3617
58.3617
58.3617
58.3617
58.3617
58.3617
58.3617
58.3617
58.3617
58.3617
58.3617
58.3617
58.3617
58.3617
58.3617
58.3617
58.3617
58.3617
58.3617
58.3617
58.3617
58.3617
58.3617
58.3617
58.3617
58.3617
58.3617
58.3617
58.3617
58.3617
58.3617
58.3617
58.3617
58.3617
58.3617
58.3617
58.3617
58.3617
58.3617
58.3617
58.3617
58.3617
58.3617
58.3617
58.3617
58.3617
58.3617
58.3617
58.3617
58.3617
58.3617
58.3617
58.3617
58.3617
58.3617
58.3617
58.3617
58.3617
58.3617
58.3617
58.3617
58.3617
58.3617
58.3617
58.3617
58.3617
58.3617
58.3617
58.3617
58.3617
58.3617
58.3617
58.3617
58.3617
58.3617
58.3617
58.3617
58.3617
58.3617
58.3617
58.3617
58.3617
58.3617
58.3617
58.3617
58.3617
58.3617
58.3617
58.3617
58.3617
58.3617
58.3617
58.3617
58.3617
58.3617
58.3617
58.3617
58.3617
58.3617
58.3617
58.3617
58.3617
58.3617
58.3617
58.3617
58.3617
58.3617
58.3617
58.3617
58.3617
58.3617
58.3617
58.3617
58.3617
58.3617
58.3617
58.3617
58.3617
58.3617
58.3617
58.3617
58.3617
58.3617
58.3617
58.3617
58.3617
58.3617
58.3617
58.3617
58.3617
58.3617
58.3617
58.3617
58.3617
58.3617
58.3617
58.3617
58.3617
58.3617
58.3617
58.3617
58.3617
58.3617
58.3617
58.3617
58.3617
58.3617
58.3617
58.3617
58.3617
58.3617
58.3617
58.3617
58.3617
58.3617
58.3617
58.3617
58.3617
58.3617
58.3617
58.3617
58.3617
58.3617
58.3617
58.3617
58.3617
58.3617
58.3617
58.3617
58.3617
58.3617
58.3617
58.3617
58.3617
58.3617
58.3617
58.3617
58.3617
58.3617
58.3617
58.3617
58.3617
58.3617
58.3617
58.3617
58.3617
58.3617
58.3617
58.3617
58.3617
58.3617
58.3617
58.3617
58.3617
58.3617
58.3617
58.3617
58.3617
58.3617
58.3617
58.3617
58.3617
58.3617
58.3617
58.3617
58.3617
58.3617
58.3617
58.3617
58.3617
58.3617
58.3617
58.3617
58.3617
58.3617
58.3617
58.3617
58.3617
58.3617
58.3617
58.3617
58.3617
58.3617
58.3617
58.3617
58.3617
58.3617
58.3617
58.3617
58.3617
58.3617
58.3617
58.3617
58.3617
58.3617
58.3617
58.3617
58.3617
58.3617
58.3617
58.3617
58.3617
58.3617
58.3617
58.3617
58.3617
58.3617
58.3617
58.3617
58.3617
58.3617
58.3617
58.3617
58.3617
58.3617
58.3617
58.3617
58.3617
58.3617
58.3617
58.3617
58.3617
58.3617
58.3617
58.3617
58.3617
58.3617
58.3617
58.3617
58.3617
58.3617
58.3617
58.3617
58.3617
58.3617
58.3617
58.3617
58.3617
58.3617
58.3617
58.3617
58.3617
58.3617
58.3617
58.3617
58.3617
58.3617
58.3617
58.3617
58.3617
58.3617
58.3617
58.3617
58.3617
58.3617
58.3617
58.3617
58.3617
58.3617
58.3617
58.3617
58.3617
58.3617
58.3617
58.3617
58.3617
58.3617
58.3617
58.3617
58.3617
58.3617
58.3617
58.3617
58.3617
58.3617
58.3617
58.3617
58.3617
58.3617
58.3617
58.3617
58.3617
58.3617
58.3617
58.3617
58.3617
58.3617
58.3617
58.3617
58.3617
58.3617
58.3617
58.3617
58.3617
58.3617
58.3617
58.3617
58.3617
58.3617
58.3617
58.3617
58.3617
58.3617
58.3617
58.3617
58.3617
58.3617
58.3617
58.3617
58.3617
58.3617
58.3617
58.3617
58.3617
58.3617
58.3617
58.3617
58.3617
58.3617
58.3617
58.3617
58.3617
58.3617
58.3617
58.3617
58.3617
58.3617
58.3617
58.3617
58.3617
58.3617
58.3617
58.3617
58.3617
58.3617
58.3617
58.3617
58.3617
58.3617
58.3617
58.3617
58.3617
58.3617
58.3617
58.3617
58.3617
58.3617
58.3617
58.3617
58.3617
58.3617
58.3617
58.3617
58.3617
58.3617
58.3617
58.3617
58.3617
58.3617
58.3617
58.3617
58.3617
58.3617
58.3617
58.3617
58.3617
58.3617
58.3617
58.3617
58.3617
58.3617
58.3617
58.3617
58.3617
58.3617
58.3617
58.3617
58.3617
58.3617
58.3617
58.3617
58.3617
58.3617
58.3617
58.3617
58.3617
58.3617
58.3617
58.3617
58.3617
58.3617
58.3617
58.3617
58.3617
58.3617
58.3617
58.3617
58.3617
58.3617
58.3617
58.3617
58.3617
58.3617
58.3617
58.3617
58.3617
58.3617
58.3617
58.3617
58.3617
58.3617
58.3617
58.3617
58.3617
58.3617
58.3617
58.3617
58.3617
58.3617
58.3617
58.3617
58.3617
58.3617
58.3617
58.3617
58.3617
58.3617
58.3617
58.3617
58.3617
58.3617
58.3617
58.3617
58.3617
58.3617
58.3617
58.3617
58.3617
58.3617
58.3617
58.3617
58.3617
58.3617
58.3617
58.3617
58.3617
58.3617
58.3617
58.3617
58.3617
58.3617
58.3617
58.3617
58.3617
58.3617
58.3617
58.3617
58.3617
58.3617
58.3617
58.3496
58.3375
58.2526
58.0707
57.7553
57.7553
57.7553
57.7553
57.7553
57.7553
57.7553
57.7553
57.7553
57.7553
57.7553
57.7553
57.7553
57.7553
57.7553
57.7553
57.7553
57.7553
57.7553
57.7553
57.7553
57.7553
57.7553
57.7553
57.7553
57.7553
57.7553
57.7553
57.7553
57.7553
57.7553
57.7553
57.7553
57.7553
57.7553
57.7553
57.7553
57.7553
57.7553
57.7553
57.7553
57.7553
57.7553
57.7553
57.7553
57.7553
57.7553
57.7553
57.7553
57.7553
57.7553
57.7553
57.7553
57.7553
57.7553
57.7553
57.7553
57.7553
57.7553
57.7553
57.7553
57.7553
57.7553
57.7553
57.7553
57.7553
57.7553
57.7553
57.7553
57.7553
57.7553
57.7553
57.7553
57.7553
57.7553
57.7553
57.7553
57.7553
57.7553
57.7553
57.7553
57.7553
57.7553
57.7553
57.7553
57.7553
57.7553
57.7553
57.7553
57.7553
57.7553
57.7553
57.7553
57.7553
57.7553
57.7553
57.7553
57.7553
57.7553
57.7553
57.7553
57.7553
57.7553
57.7553
57.7553
57.7553
57.7553
57.7553
57.7553
57.7553
57.7553
57.7553
57.7553
57.7553
57.7553
57.7553
57.7553
57.7553
57.7553
57.7553
57.7553
57.7553
57.7553
57.7553
57.7553
57.7553
57.7553
57.7553
57.7553
57.7553
57.7553
57.7553
57.7553
57.7553
57.7553
57.7553
57.7553
57.7553
57.7553
57.7553
57.7553
57.7553
57.7553
57.7553
57.7552
57.755
57.7545
57.7525
57.7518
57.7518
57.7518
57.7518
57.7518
57.7518
57.7518
57.7518
57.7518
57.7518
57.7518
57.7518
57.7518
57.7518
57.7518
57.7518
57.7518
57.7518
57.7518
57.7518
57.7518
57.7518
57.7518
57.7518
57.7518
57.7518
57.7518
57.7518
57.7518
57.7518
57.7518
57.7518
57.7518
57.7518
57.7518
57.7518
57.7518
57.7518
57.7518
57.7518
57.7518
57.7518
57.7518
57.7518
57.7518
57.7518
57.7518
57.7518
57.7518
57.7518
57.7518
57.7518
57.7518
57.7518
57.7518
57.7518
57.7518
57.7518
57.7518
57.7518
57.7518
57.7518
57.7518
57.7518
57.7518
57.7518
57.7518
57.7518
57.7518
57.7518
57.7518
57.7518
57.7518
57.7518
57.7518
57.7518
57.7518
57.7518
57.7518
57.7518
57.7518
57.7518
57.7518
57.7518
57.7518
57.7518
57.7518
57.7518
57.7518
57.7518
57.7518
57.7518
57.7518
57.7518
57.7518
57.7518
57.7518
57.7518
57.7518
57.7518
57.7518
57.7518
57.7518
57.7518
57.7518
57.7518
57.7518
57.7518
57.7518
57.7518
57.7518
57.7518
57.7518
57.7518
57.7518
57.7518
57.7518
57.7518
57.7518
57.7518
57.7518
57.7518
57.7518
57.7518
57.7518
57.7518
57.7518
57.7518
57.7518
57.7518
57.7518
57.7518
57.7518
57.7518
57.7518
57.7518
57.7518
57.7518
57.7518
57.7518
57.7518
57.7518
57.7518
57.7518
57.7518
57.7518
57.7518
57.7518
57.7518
57.7518
57.7518
57.7518
57.7518
57.7518
57.7518
57.7518
57.7518
57.7518
57.7518
57.7518
57.7518
57.7518
57.7518
57.7518
57.7518
57.7518
57.7518
57.7518
57.7518
57.7518
57.7518
57.7518
57.7518
57.7518
57.7518
57.7518
57.7518
57.7518
57.7518
57.7518
57.7518
57.7518
57.7518
57.7518
57.7518
57.7518
57.7518
57.7518
57.7518
57.7518
57.7518
57.7518
57.7518
57.7518
57.7518
57.7518
57.7518
57.7518
57.7518
57.7518
57.7518
57.7518
57.7518
57.7518
57.7518
57.7518
57.7518
57.7518
57.7518
57.7518
57.7518
57.7518
57.7518
57.7518
57.7518
57.7518
57.7518
57.7518
57.7518
57.7518
57.7518
57.7518
57.7518
57.7518
57.7518
57.7518
57.7518
57.7518
57.7518
57.7518
57.7518
57.7518
57.7518
57.7518
57.7518
57.7518
57.7518
57.7518
57.7518
57.7518
57.7518
57.7518
57.7518
57.7518
57.7518
57.7518
57.7518
57.7518
57.7518
57.7518
57.7518
57.7518
57.7518
57.7518
57.7518
57.7518
57.7518
57.7518
57.7518
57.7518
57.7518
57.7518
57.7518
57.7518
57.7518
57.7518
57.7518
57.7518
57.7518
57.7518
57.7518
57.7518
57.7518
57.7518
57.7518
57.7518
57.7518
57.7518
57.7518
57.7518
57.7518
57.7518
57.7518
57.7518
57.7518
57.7518
57.7518
57.7518
57.7518
57.7518
57.7518
57.7518
57.7518
57.7518
57.7518
57.7518
57.7518
57.7518
57.7518
57.7518
57.7518
57.7518
57.7518
57.7518
57.7518
57.7518
57.7518
57.7518
57.7518
57.7518
57.7518
57.7518
57.7518
57.7518
57.7518
57.7518
57.7518
57.7518
57.7518
57.7518
57.7518
57.7518
57.7518
57.7518
57.7518
57.7518
57.7518
57.7518
57.7518
57.7518
57.7518
57.7518
57.7518
57.7518
57.7518
57.7518
57.7518
57.7518
57.7518
57.7518
57.7518
57.7518
57.7518
57.7518
57.7518
57.7518
57.7518
57.7518
57.7518
57.7518
57.7518
57.7518
57.7518
57.7518
57.7518
57.7518
57.7518
57.7518
57.7518
57.7518
57.7518
57.7518
57.7518
57.7518
57.7518
57.7518
57.7518
57.7518
57.7518
57.7518
57.7518
57.7518
57.7518
57.7518
57.7518
57.7518
57.7518
57.7518
57.7518
57.7518
57.7518
57.7518
57.7518
57.7518
57.7518
57.7518
57.7518
57.7518
57.7518
57.7518
57.7518
57.7518
57.7518
57.7518
57.7518
57.7518
57.7518
57.7518
57.7518
57.7518
57.7518
57.7518
57.7518
57.7518
57.7518
57.7518
57.7518
57.7518
57.7518
57.7518
57.7518
57.7518
57.7518
57.7518
57.7518
57.7518
57.7518
57.7518
57.7518
57.7518
57.7518
57.7518
57.7518
57.7518
57.7518
57.7518
57.7518
57.7518
57.7518
57.7518
57.7518
57.7518
57.7518
57.7518
57.7518
57.7518
57.7518
57.7518
57.7518
57.7518
57.7518
57.7518
57.7518
57.7518
57.7518
57.7518
57.7518
57.7518
57.7518
57.7518
57.7518
57.7518
57.7518
57.7518
57.7518
57.7518
57.7518
57.7518
57.7518
57.7518
57.7518
57.7518
57.7518
57.7518
57.7518
57.7518
57.7518
57.7518
57.7518
57.7518
57.7518
57.7518
57.7518
57.7518
57.7518
57.7518
57.7518
57.7518
57.7518
57.7518
57.7518
57.7518
57.7518
57.7518
57.7518
57.7518
57.7518
57.7518
57.7518
57.7518
57.7518
57.7518
57.7518
57.7518
57.7518
57.7518
57.7518
57.7518
57.7518
57.7518
57.7518
57.7518
57.7518
57.7518
57.7518
57.7518
57.7518
57.7518
57.7518
57.7518
57.7518
57.7518
57.7518
57.7518
57.7518
57.7518
57.7518
57.7518
57.7518
57.7518
57.7518
57.7518
57.7518
57.7518
57.7518
57.7518
57.7518
57.7518
57.7518
57.7518
57.7518
57.7518
57.7518
57.7518
57.7518
57.7518
57.7518
57.7518
57.7518
57.7518
57.7518
57.7518
57.7518
57.7518
57.7518
57.7518
57.7518
57.7518
57.7518
57.7518
57.7518
57.7518
57.7518
57.7518
57.7518
57.7518
57.7518
57.7518
57.7518
57.7518
57.7518
57.7518
57.7518
57.7518
57.7518
57.7518
57.7518
57.7518
57.7518
57.7518
57.7518
57.7518
57.7518
57.7518
57.7518
57.7518
57.7518
57.7518
57.7518
57.7518
57.7518
57.7518
57.7518
57.7518
57.7518
57.7518
57.7518
57.7518
57.7518
57.7518
57.7518
57.7518
57.7518
57.7518
57.7518
57.7518
57.7518
57.7518
57.7518
57.7518
57.7518
57.7518
57.7518
57.7518
57.7518
57.7518
57.7518
57.7518
57.7518
57.7518
57.7518
57.7518
57.7518
57.7518
57.7518
57.7518
57.7518
57.7518
57.7518
57.7518
57.7518
57.7518
57.7518
57.7518
57.7518
57.7518
57.7518
57.7518
57.7518
57.7518
57.7518
57.7518
57.7518
57.7518
57.7518
57.7518
57.7518
57.7518
57.7518
57.7518
57.7518
57.7518
57.7518
57.7518
57.7518
57.7518
57.7518
57.7518
57.7518
57.7518
57.7518
57.7518
57.7518
57.7518
57.7518
57.7518
57.7518
57.7518
57.7518
57.7518
57.7518
57.7518
57.7518
57.7518
57.7518
57.7518
57.7518
57.7518
57.7518
57.7518
57.7518
57.7518
57.7518
57.7518
57.7518
57.7518
57.7518
57.7518
57.7518
57.7518
57.7518
57.7518
57.7518
57.7518
57.7518
57.7518
57.7518
57.7518
57.7518
57.7518
57.7518
57.7518
57.7518
57.7518
57.7518
57.7518
57.7518
57.7518
57.7518
57.7518
57.7518
57.7518
57.7518
57.7518
57.7518
57.7518
57.7518
57.7518
57.7518
57.7518
57.7518
57.7518
57.7518
57.7518
57.7518
57.7518
57.7518
57.7518
57.7518
57.7518
57.7518
57.7518
57.7518
57.7518
57.7518
57.7518
57.7518
57.7518
57.7518
57.7518
57.7518
57.7518
57.7518
57.7518
57.7518
57.7518
57.7518
57.7518
57.7518
57.7518
57.7518
57.7518
57.7518
57.7518
57.7518
57.7518
57.7518
57.7518
57.7518
57.7518
57.7518
57.7518
57.7518
57.7518
57.7518
57.7518
57.7518
57.7518
57.7518
57.7518
57.7518
57.7518
57.7518
57.7518
57.7518
57.7518
57.7518
57.7518
57.7518
57.7518
57.7518
57.7518
57.7518
57.7518
57.7518
57.7518
57.7518
57.7518
57.7518
57.7518
57.7518
57.7518
57.7518
57.7518
57.7518
57.7518
57.7518
57.7518
57.7518
57.7518
57.7518
57.7518
57.7518
57.7518
57.7518
57.7518
57.7518
57.7518
57.7518
57.7518
57.7518
57.7518
57.7518
57.7518
57.7518
57.7518
57.7518
57.7518
57.7518
57.7518
57.7518
57.7518
57.7518
57.7518
57.7518
57.7518
57.7518
57.7518
57.7518
57.7518
57.7518
57.7518
57.7518
57.7518
57.7518
57.7518
57.7518
57.7518
57.7518
57.7518
57.7518
57.7518
57.7518
57.7518
57.7518
57.7518
57.7518
57.7518
57.7518
57.7518
57.7518
57.7518
57.7518
57.7518
57.7518
57.7518
57.7518
57.7518
57.7518
57.7518
57.7518
57.7518
57.7518
57.7518
57.7518
57.7518
57.7518
57.7518
57.7518
57.7518
57.7518
57.7518
57.7518
57.7518
57.7518
57.7518
57.7518
57.7518
57.7518
57.7518
57.7518
57.7518
57.7518
57.7518
57.7518
57.7518
57.7518
57.7518
57.7518
57.7518
57.7518
57.7518
57.7518
57.7518
57.7518
57.7518
57.7518
57.7518
57.7518
57.7518
57.7518
57.7518
57.7518
57.7518
57.7518
57.7518
57.7518
57.7518
57.7518
57.7518
57.7518
57.7518
57.7518
57.7518
57.7518
57.7518
57.7518
57.7518
57.7518
57.7518
57.7518
57.7518
57.7518
57.7518
57.7518
57.7518
57.7518
57.7518
57.7518
57.7518
57.7518
57.7518
57.7518
57.7518
57.7518
57.7518
57.7518
57.7518
57.7518
57.7518
57.7518
57.7518
57.7518
57.7518
57.7518
57.7518
57.7518
57.7518
57.7518
57.7518
57.7518
57.7518
57.7518
57.7518
57.7518
57.7518
57.7518
57.7518
57.7518
57.7518
57.7518
57.7518
57.7518
57.7518
57.7518
57.7518
57.7518
57.7518
57.7518
57.7518
57.7518
57.7518
57.7518
57.7518
57.7518
57.7518
57.7518
57.7518
57.7518
57.7518
57.7518
57.7518
57.7518
57.7518
57.7518
57.7518
57.7518
57.7518
57.7518
57.7518
57.7518
57.7518
57.7518
57.7518
57.7518
57.7518
57.7518
57.7518
57.7518
57.7518
57.7518
57.7518
57.7518
57.7518
57.7518
57.7518
57.7518
57.7518
57.7518
57.7518
57.7518
57.7518
57.7518
57.7518
57.7518
57.7518
57.7518
57.7518
57.7518
57.7518
57.7518
57.7518
57.7518
57.7518
57.7518
57.7518
57.7518
57.7518
57.7518
57.7518
57.7518
57.7518
57.7518
57.7518
57.7518
57.7518
57.7518
57.7518
57.7518
57.7518
57.7518
57.7518
57.7518
57.7518
57.7518
57.7518
57.7518
57.7518
57.7518
57.7518
57.7518
57.7518
57.7518
57.7518
57.7518
57.7518
57.7518
57.7518
57.7518
57.7518
57.7518
57.7518
57.7518
57.7518
57.7518
57.7518
57.7518
57.7518
57.7518
57.7518
57.7518
57.7518
57.7518
57.7518
57.7518
57.7518
57.7518
57.7518
57.7518
57.7518
57.7518
57.7518
57.7518
57.7518
57.7518
57.7518
57.7518
57.7518
57.7518
57.7518
57.7518
57.7518
57.7518
57.7518
57.7518
57.7518
57.7518
57.7518
57.7518
57.7518
57.7518
57.7518
57.7518
57.7518
57.7518
57.7518
57.7518
57.7518
57.7518
57.7518
57.7518
57.7518
57.7518
57.7518
57.7518
57.7518
57.7518
57.7518
57.7518
57.7518
57.7518
57.7518
57.7518
57.7518
57.7518
57.7518
57.7518
57.7518
57.7518
57.7518
57.7518
57.7518
57.7518
57.7518
57.7518
57.7518
57.7518
57.7518
57.7518
57.7518
57.7518
57.7518
57.7518
57.7518
57.7518
57.7518
57.7518
57.7518
57.7518
57.7518
57.7518
57.7518
57.7518
57.7518
57.7518
57.7518
57.7518
57.7518
57.7518
57.7518
57.7518
57.7518
57.7518
57.7518
57.7518
57.7518
57.7518
57.7518
57.7518
57.7518
57.7518
57.7518
57.7518
57.7518
57.7518
57.7518
57.7518
57.7518
57.7518
57.7518
57.7518
57.7518
57.7518
57.7518
57.7518
57.7518
57.7518
57.7518
57.7518
57.7518
57.7518
57.7518
57.7518
57.7518
57.7518
57.7518
57.7518
57.7518
57.7518
57.7518
57.7518
57.7518
57.7518
57.7518
57.7518
57.7518
57.7518
57.7518
57.7518
58.0877
57.7518
57.7518
57.7518
57.7518
57.7518
57.7518
57.7518
57.7518
57.7518
57.7518
57.7518
57.7518
57.7518
57.7518
57.7518
57.7518
57.7518
57.7518
57.7518
57.7518
57.7518
57.7518
57.7518
57.7518
57.7518
57.7518
57.7518
57.7518
57.7518
57.7518
57.7518
57.7518
57.7518
57.7518
57.7518
57.7518
57.7518
57.7518
57.7518
57.7518
57.7518
57.7518
57.7518
57.7518
57.7518
57.7518
57.7518
57.7518
57.7518
57.7518
57.7518
57.7518
57.7518
57.7518
57.7518
57.7518
57.7518
57.7518
57.7518
57.7518
57.7518
57.7518
57.7518
57.7518
57.7518
57.7518
57.7518
57.7518
57.7518
57.7518
57.7518
57.7518
57.7518
57.7518
57.7518
57.7518
57.7518
57.7518
57.7518
57.7518
57.7518
57.7518
57.7518
57.7518
57.7518
57.7518
57.7518
57.7518
57.7518
57.7518
57.7518
57.7518
57.7518
57.7518
57.7518
57.7518
57.7518
57.7518
57.7518
57.7518
57.7518
57.7518
57.7518
57.7518
57.7518
57.7518
57.7518
57.7518
57.7518
57.7518
57.7518
57.7518
57.7518
57.7518
57.7518
57.7518
57.7518
57.7518
57.7518
57.7518
57.7518
57.7518
57.7518
57.7518
57.7518
57.7518
57.7518
57.7518
57.7518
57.7518
57.7518
57.7518
57.7518
57.7518
57.7518
57.7518
57.7518
57.7518
57.7518
57.7518
57.7518
57.7518
57.7518
57.7518
57.7518
57.7518
57.7518
57.7518
57.7518
57.7518
57.7518
57.7518
57.7518
57.7518
57.7518
57.7518
57.7518
57.7518
57.7518
57.7518
57.7518
57.7518
57.7518
57.7518
57.7518
57.7518
57.7518
57.7518
57.7518
57.7518
57.7518
57.7518
57.7518
57.7518
57.7518
57.7518
57.7518
57.7518
57.7518
57.7518
57.7518
57.7518
57.7518
57.7518
57.7518
57.7518
57.7518
57.7518
57.7518
57.7518
57.7518
57.7518
57.7518
57.7518
57.7518
57.7518
57.7518
57.7518
57.7518
57.7518
57.7518
57.7518
57.7518
57.7518
57.7518
57.7518
57.7518
57.7518
57.7518
57.7518
57.7518
57.7518
57.7518
57.7518
57.7518
57.7518
57.7518
57.7518
57.7518
57.7518
57.7518
57.7518
57.7518
57.7518
57.7518
57.7518
57.7518
57.7518
57.7518
57.7518
57.7518
57.7518
57.7518
57.7518
57.7518
57.7518
57.7518
57.7518
57.7518
57.7518
57.7518
57.7518
57.7518
57.7518
57.7518
57.7518
57.7518
57.7518
57.7518
57.7518
57.7518
57.7518
57.7518
57.7518
57.7518
57.7518
57.7518
57.7518
57.7518
57.7518
57.7518
57.7518
57.7518
57.7518
57.7518
57.7518
57.7518
57.7518
57.7518
57.7518
57.7518
57.7518
57.7518
57.7518
57.7518
57.7518
57.7518
57.7518
57.7518
57.7518
57.7518
57.7518
57.7518
57.7518
57.7518
57.7518
57.7518
57.7518
57.7518
57.7518
57.7518
57.7518
57.7518
57.7518
57.7518
57.7518
57.7518
57.7518
57.7518
57.7518
57.7518
57.7518
57.7518
57.7518
57.7518
57.7518
57.7518
57.7518
57.7518
57.7518
57.7518
57.7518
57.7518
57.7518
57.7518
57.7518
57.7518
57.7518
57.7518
57.7518
57.7518
57.7518
57.7518
57.7518
57.7518
57.7518
57.7518
57.7518
57.7518
57.7518
57.7518
57.7518
57.7518
57.7518
57.7518
57.7518
57.7518
57.7518
57.7518
57.7518
57.7518
57.7518
57.7518
57.7518
57.7518
57.7518
57.7518
57.7518
57.7518
57.7518
57.7518
57.7518
57.7518
57.7518
57.7518
57.7518
57.7518
57.7518
57.7518
57.7518
57.7518
57.7518
57.7518
57.7518
57.7518
57.7518
57.7518
57.7518
57.7518
57.7518
57.7518
57.7518
57.7518
57.7518
57.7518
57.7518
57.7518
57.7518
57.7518
57.7518
57.7518
57.7518
57.7518
57.7518
57.7518
57.7518
57.7518
57.7518
57.7518
57.7518
57.7518
57.7518
57.7518
57.7518
57.7518
57.7518
57.7518
57.7518
57.7518
57.7518
57.7518
57.7518
57.7518
57.7518
57.7518
57.7518
57.7518
57.7518
57.7518
57.7518
57.7518
57.7518
57.7518
57.7518
57.7518
57.7518
57.7518
57.7518
57.7518
57.7518
57.7518
57.7518
57.7518
57.7518
57.7518
57.7518
57.7518
57.7518
57.7518
57.7518
57.7518
57.7518
57.7518
57.7518
57.7518
57.7518
57.7518
57.7518
57.7518
57.7518
57.7518
57.7518
57.7518
57.7518
57.7518
57.7518
57.7518
57.7518
57.7518
57.7518
57.7518
57.7518
57.7518
57.7518
57.7518
57.7518
57.7518
57.7518
57.7518
57.7518
57.7518
57.7518
57.7518
57.7518
57.7518
57.7518
57.7518
57.7518
57.7507
57.746
57.733
57.6927
57.6679
57.6325
57.5266
57.4408
57.4408
57.4408
57.4408
57.4408
57.4408
57.4408
57.4408
57.4408
57.4408
57.4408
57.4408
57.4408
57.4408
57.4408
57.4408
57.4408
57.4408
57.4408
57.4408
57.4408
57.4408
57.4408
57.4408
57.4408
57.4408
57.4408
57.4408
57.4408
57.4408
57.4408
57.4408
57.4408
57.4408
57.4408
57.4408
57.4408
57.4408
57.4408
57.4408
57.4408
57.4408
57.4408
57.4408
57.4408
57.4408
57.4408
57.4408
57.4408
57.4408
57.4408
57.4408
57.4408
57.4408
57.4408
57.4408
57.4408
57.4408
57.4408
57.4408
57.4408
57.4408
57.4408
58.1309
57.4408
57.4408
57.4408
57.4408
57.4408
57.4408
57.4408
57.4408
57.4408
57.4408
57.4408
57.4408
57.4408
57.4408
57.4408
57.4408
57.4408
57.4408
57.4408
57.4408
57.4408
57.4408
57.4408
57.4408
57.4408
57.4408
57.4408
57.4408
57.4408
57.4408
57.4408
57.4408
57.4408
57.4408
57.4408
57.4408
57.4408
57.4408
57.4408
57.4408
57.4408
57.4408
57.4408
57.4408
57.4408
57.4408
57.4408
57.4408
57.4408
57.4408
57.4408
57.4408
57.4408
57.4408
57.4408
57.4408
57.4408
57.4408
57.4408
57.4408
57.4408
57.4408
57.4408
57.4408
57.4408
57.4408
57.4408
57.4408
57.4408
57.4408
57.4408
57.4408
57.4408
57.4408
57.4408
57.4408
57.4408
57.4408
57.4408
57.4408
57.4408
57.4408
57.4408
57.4408
57.4408
57.4408
57.4383
57.4331
57.428
57.392
57.3122
57.3122
57.3122
57.3122
57.3122
57.3122
57.3122
57.3122
57.3122
57.3122
57.3122
57.3122
57.3122
57.3122
57.3122
57.3122
57.3122
57.3122
57.3122
57.3122
57.3122
57.3122
57.3122
57.3122
57.3122
57.3122
57.3122
57.3122
57.3122
57.3122
57.3122
57.3122
57.3122
57.3122
57.3122
57.3122
57.3122
57.3122
57.3122
57.3122
57.3122
57.3122
57.3122
57.3122
57.3122
57.3122
57.3122
57.3122
57.3122
57.3122
57.3122
57.3122
57.3122
57.3122
57.3122
57.3122
57.3122
57.3122
57.3122
57.3122
57.3122
57.3122
57.3122
57.3122
57.3122
57.3122
57.3122
57.3122
57.3122
57.3122
57.3122
57.3122
57.3122
57.3122
57.3122
57.3122
57.3122
57.3122
57.3122
57.3122
57.3122
57.3122
57.3122
57.3122
57.3122
57.3122
57.3122
57.3122
57.3122
57.3122
57.3122
57.3122
57.3122
57.3122
57.3122
57.3122
57.3122
57.3122
57.3122
57.3122
57.3122
57.3122
57.3122
57.3122
57.3122
57.3122
57.3122
57.3122
57.3122
57.3122
57.3122
57.3122
57.3122
57.3122
57.3122
57.3122
57.3122
57.3122
57.3122
57.3122
57.3122
57.3122
57.3122
57.3122
57.3122
57.3122
57.3122
57.3122
57.3122
57.3122
57.3122
57.3122
57.3122
57.3122
57.3122
57.3122
57.3122
57.3122
57.3122
57.3122
57.3122
57.3122
57.3122
57.3122
57.3122
57.3122
57.3122
57.3122
57.3122
57.3122
57.3122
57.3122
57.3122
57.3122
57.3122
57.3122
57.3122
57.3122
57.3122
57.3122
57.3122
57.3122
57.3122
57.3122
57.3122
57.3122
57.3122
57.3122
57.3122
57.3122
57.3122
57.3122
57.3122
57.3122
57.3122
57.3122
57.3122
57.3122
57.3122
57.3122
57.3122
57.3122
57.3122
57.3122
57.3122
57.3122
57.3122
57.3122
57.3122
57.3122
57.3122
57.3122
57.3122
57.3122
57.3122
57.3122
57.3122
57.3122
57.3122
57.3122
57.3122
57.3122
57.3122
57.3122
57.3122
57.3122
57.3122
57.3122
57.3122
57.3122
57.3122
57.3122
57.3122
57.3122
57.3122
57.3103
57.3084
57.3084
57.3064
57.2813
57.235
57.2157
57.2157
57.2157
57.2157
57.2157
57.2157
57.2157
57.2157
57.2157
57.2157
57.2157
57.2157
57.2157
57.2157
57.2157
57.2157
57.2157
57.2157
57.2157
57.2157
57.2157
57.2157
57.2157
57.2157
57.2157
57.2157
57.2157
57.2157
57.2157
57.2157
57.2157
57.2157
57.2157
57.2157
57.2157
57.2157
57.2157
57.2157
57.2157
57.2157
57.2157
57.2157
57.2157
57.2157
57.2157
57.2157
57.2157
57.2157
57.2157
57.2157
57.2157
57.2157
57.2157
57.2157
57.2157
57.2157
57.2157
57.2157
57.2157
57.2157
57.2157
57.2157
57.2157
57.2157
57.2157
57.2157
57.2157
57.2157
57.2157
57.2157
57.2157
57.2157
57.2157
57.2157
57.2157
57.2157
57.2157
57.2157
57.2157
57.2157
57.2157
57.2157
57.2157
57.2157
57.2157
57.2157
57.2157
57.2157
57.2157
57.2157
57.2157
57.2157
57.2157
57.2157
57.2157
57.2157
57.2157
57.2157
57.2157
57.2157
57.2157
57.2157
57.2157
57.2157
57.2157
57.2157
57.2157
57.2157
57.2157
57.2157
57.2157
57.2157
57.2157
57.2157
57.2157
57.2157
57.2157
57.2157
57.2157
57.2157
57.2157
57.2157
57.2157
57.2157
57.2157
57.2157
57.2157
57.2157
57.2157
57.2157
57.2157
57.2157
57.2157
57.2157
57.2157
57.2157
57.2157
57.2157
57.2157
57.2157
57.2157
57.2157
57.2157
57.2157
57.2157
57.2157
57.2157
57.2157
57.2157
57.2157
57.2157
57.2157
57.2157
57.2157
57.2157
57.2157
57.2157
57.2157
57.2157
57.2157
57.2157
57.2157
57.2157
57.2157
57.2157
57.2157
57.2157
57.2157
57.2107
57.2107
57.1956
57.1805
57.1151
56.9641
56.9641
56.9641
56.9641
56.9641
56.9641
56.9641
56.9641
56.9641
56.9641
56.9641
56.9641
56.9641
56.9641
56.9641
56.9641
56.9641
56.9641
56.9641
56.9641
56.9641
56.9641
56.9641
56.9641
56.9641
56.9641
56.9641
56.9641
56.9641
56.9641
56.9641
56.9641
56.9641
56.9641
56.9641
56.9641
56.9641
56.9641
56.9641
56.9641
56.9641
56.9641
56.9641
56.9641
56.9641
56.9641
56.9641
56.9641
56.9641
56.9641
56.9641
56.9641
56.9641
56.9641
56.9641
56.9641
56.9641
56.9641
56.9641
56.9641
56.9641
56.9641
56.9641
56.9641
56.9641
56.9641
56.9641
56.9641
56.9641
56.9641
56.9641
56.9641
56.9641
56.9641
56.9641
56.9641
56.9641
56.9641
56.9641
56.9641
56.9641
56.9641
56.9641
56.9641
56.9641
56.9641
56.9641
56.9641
56.9641
56.9641
56.9641
56.9641
56.9641
56.9641
56.9641
56.9641
56.9641
56.9641
56.9641
56.9641
56.9641
56.9641
56.9641
56.9641
56.9641
56.9641
56.9641
56.9641
56.9641
56.9641
56.9641
56.9641
56.9641
56.9641
56.9641
56.9641
56.9641
56.9641
56.9641
56.9641
56.9641
56.9641
56.9641
56.9641
56.9641
56.9641
56.9641
56.9641
56.9641
56.9641
56.9641
56.9641
56.9641
56.9641
56.9641
56.9641
56.9641
56.9641
56.9641
56.9641
56.9641
56.9641
56.9641
56.9641
56.9641
56.9641
56.9641
56.9641
56.9641
56.9641
56.9641
56.9641
56.9641
56.9641
56.9641
56.9641
56.9641
56.9641
56.9641
56.9641
56.9641
56.9641
56.9641
56.9641
56.9641
56.9641
56.9641
56.9641
56.9641
56.9641
56.9641
56.9641
56.9641
56.9641
56.9641
56.9641
56.9641
56.9641
56.9641
56.9641
56.9641
56.9641
56.9641
56.9641
56.9641
56.9641
56.9641
56.9641
56.9641
56.9641
56.9641
56.9641
56.9641
56.9641
56.9641
56.9641
56.9641
56.9641
56.9641
56.9641
56.9641
56.9641
56.9641
56.9641
56.9641
56.9641
56.9641
56.9641
56.9641
56.9641
56.9641
56.9641
56.9641
56.9641
56.9641
56.9641
56.9641
56.9641
56.9641
56.9641
56.9641
56.9641
56.9641
56.9641
56.9641
56.9641
56.9641
56.9641
56.9641
56.9641
56.9641
56.9641
56.9641
56.9641
56.9641
56.9641
56.9641
56.9641
56.9641
56.9641
56.9641
56.9641
56.9641
56.9641
56.9641
56.9641
56.9641
56.9641
56.9641
56.9641
56.9641
56.9641
56.9641
56.9641
56.9641
56.9641
56.9641
56.9641
56.9641
56.9641
56.9641
56.9641
56.9641
56.9641
56.9641
56.9641
56.9641
56.9641
56.9641
56.9641
56.9641
56.9641
56.9641
56.9641
56.9641
56.9641
56.9641
56.9641
56.9641
56.9641
56.9641
56.9641
56.9641
56.9641
56.9641
56.9641
56.9641
56.9641
56.9641
56.9641
56.9641
56.9641
56.9641
56.9641
56.9641
56.9641
56.9641
56.9641
56.9641
56.9641
56.9641
56.9641
56.9641
56.9641
56.9641
56.9641
56.9641
56.9641
56.9641
56.9641
56.9641
56.9641
56.9641
56.9641
56.9641
56.9641
56.9641
56.9641
56.9641
56.9641
56.9641
56.9641
56.9641
56.9641
56.9641
56.9641
56.9641
56.9641
56.9641
56.9641
56.9641
56.9641
56.9641
56.9641
56.9641
56.9641
56.9641
56.9641
56.9641
56.9641
56.9641
56.9641
56.9641
56.9641
56.9641
56.9641
56.9641
56.9641
56.9641
56.9641
56.9641
56.9641
56.9641
56.9641
56.9641
56.9641
56.9641
56.9641
56.9641
56.9641
56.9641
56.9641
56.9641
56.9641
56.9641
56.9641
56.9641
56.9641
56.9641
56.9641
56.9641
56.9641
56.9641
56.9641
56.9641
56.9641
56.9641
56.9641
56.9641
56.9641
56.9641
56.9641
56.9641
56.9641
56.9641
56.9641
56.9641
56.9641
56.9641
56.9641
56.9641
56.9641
56.9641
56.9641
56.9641
56.9641
56.9641
56.9641
56.9641
56.9641
56.9641
56.9641
56.9641
56.9641
56.9641
56.9641
56.9641
56.9641
56.9641
56.9641
56.9641
56.9641
56.9641
56.9641
56.9641
56.9641
56.9641
56.9641
56.9641
56.9641
56.9641
56.9641
56.9641
56.9641
56.9641
56.9641
56.9641
56.9641
56.9641
56.9641
56.9641
56.9641
56.9641
56.9641
56.9641
56.9641
56.9641
56.9641
56.9641
56.9641
56.9641
56.9641
56.9641
56.9641
56.9641
56.9641
56.9641
56.9641
56.9641
56.9641
56.9641
56.9641
56.9641
56.9641
56.9641
56.9641
56.9641
56.9641
