# best half averages
51.396
46.3417
42.6276
39.4675
36.3908
33.1227
29.4984
28.0995
26.9183
24.8055
24.4503
23.972
22.5676
22.3127
21.4662
20.3337
20.1578
19.6566
19.8699
19.0435
18.487
18.204
18.0411
17.4384
17.2346
17.0649
16.1728
15.3062
14.2134
13.5968
13.4785
13.187
12.7804
12.5976
12.4908
12.4077
12.3479
12.2334
12.2169
11.3138
10.0833
10.0501
10.0278
9.85117
9.6109
9.32091
9.05759
8.1267
7.34226
7.34026
7.32484
7.45694
7.2587
7.19008
7.18675
7.18343
7.17344
7.14017
7.01553
7.01553
6.99232
6.94793
6.78657
6.74629
6.73703
6.72002
6.69463
6.69412
6.69074
6.68265
6.65829
6.55228
6.38178
6.37676
6.35143
6.28046
6.25865
6.25845
6.25694
6.25832
6.25799
6.2582
6.25518
6.24342
6.22206
6.21496
6.20611
6.19271
6.19161
6.19512
6.16433
6.11254
6.0784
6.07743
6.28463
6.06587
6.14339
6.01319
5.9065
5.66939
5.66939
5.66939
5.66939
5.66939
5.66939
5.66905
5.66835
5.6674
5.69187
5.65281
5.6511
5.65192
5.68019
5.6519
5.64963
5.65191
5.6382
5.6382
5.63816
5.63807
5.63794
5.63755
5.63472
5.6334
5.62278
5.59094
5.56971
5.56971
5.56971
5.56971
5.56966
5.56966
5.56956
5.56941
5.68593
5.56775
5.56726
5.56726
5.56583
5.56299
5.56299
5.55729
5.61627
5.50356
5.49618
5.80757
5.78531
5.48547
5.48547
5.48547
5.48547
5.48547
5.48547
5.48547
5.48547
5.48547
5.48547
5.48547
5.48547
5.48547
5.48547
5.48547
5.48547
5.48547
5.48547
5.48547
5.48547
5.48547
5.48547
5.48547
5.48547
5.48547
5.48547
5.48547
5.48547
5.48547
5.48547
5.48547
5.48547
5.48547
5.48547
5.48547
5.48547
5.48547
5.48547
5.48547
5.48547
5.48547
5.48547
5.48547
5.48547
5.48547
5.48547
5.48547
5.48469
5.48158
5.46988
5.4465
5.4465
5.4465
5.4465
5.4465
5.4465
5.4463
5.4465
5.4465
5.4465
5.4465
5.4465
5.4465
5.4465
5.4465
5.4465
5.4465
5.4465
5.4465
5.4465
5.4465
5.4465
5.4465
5.4465
5.4465
5.4465
5.4465
5.4465
5.4465
5.4465
5.4465
5.4465
5.4465
5.4465
5.4463
5.4465
5.4465
5.4465
5.4465
5.4465
5.4465
5.4465
5.4465
5.4465
5.4465
5.4465
5.4465
5.4465
5.4465
5.4465
5.4465
5.4465
5.4465
5.4465
5.4465
5.4465
5.4465
5.4465
5.4465
5.4465
5.4465
5.4465
5.4465
5.4465
5.4465
5.4465
5.4465
5.4465
5.4465
5.4465
5.4465
5.4465
5.4465
5.4465
5.4465
5.4465
5.4465
5.4465
5.4465
5.4465
5.4465
5.4465
5.4465
5.4465
5.4465
5.4465
5.4465
5.4465
5.4465
5.4465
5.4465
5.4465
5.4465
5.4465
5.4465
5.4465
5.4465
5.4465
5.4465
5.4465
5.4465
5.4465
5.4465
5.4465
5.4465
5.4465
5.4465
5.4465
5.4465
5.4465
5.4465
5.4465
5.4465
5.4465
5.4465
5.4465
5.4465
5.4465
5.4465
5.4465
5.4465
5.4465
5.4465
5.4463
5.4465
5.4465
5.4465
5.4465
5.4465
5.4465
5.4465
5.4465
5.4465
5.4465
5.4465
5.4465
5.4465
5.4465
5.4465
5.4465
5.4465
5.4465
5.4465
5.4465
5.4465
5.4465
5.4465
5.4465
5.4465
5.4465
5.4465
5.4465
5.4465
5.4465
5.4465
5.4465
5.4465
5.4465
5.4465
5.4465
5.4465
5.4465
5.4465
5.4465
5.4465
5.4465
5.4465
5.4465
5.4465
5.4463
5.4465
5.4465
5.4465
5.4465
5.4465
5.4465
5.4463
5.44549
5.54158
5.52953
5.4477
5.43642
5.43642
5.43642
5.43642
5.43642
5.43642
5.43642
5.43642
5.43642
5.43642
5.43642
5.43642
5.43642
5.43642
5.43642
5.43642
5.43642
5.43642
5.43642
5.43642
5.43642
5.43642
5.43642
5.43642
5.43642
5.43642
5.43642
5.43642
5.43642
5.43642
5.43642
5.43642
5.43642
5.43642
5.43642
5.43642
5.43642
5.43642
5.43642
5.43642
5.43642
5.43642
5.43642
5.43642
5.43642
5.43642
5.43642
5.43642
5.43642
5.43642
5.43642
5.43642
5.43642
5.43642
5.43642
5.43642
5.43642
5.43642
5.43642
5.43642
5.43642
5.43642
5.43642
5.43642
5.43642
5.43642
5.43642
5.43642
5.43642
5.43642
5.43642
5.43642
5.43642
5.43642
5.43642
5.43642
5.43642
5.43642
5.43642
5.43642
5.43642
5.43642
5.43642
5.43642
5.43642
5.43642
5.43642
5.43642
5.43642
5.43642
5.43642
5.43642
5.43642
5.43642
5.43642
5.43642
5.43642
5.43642
5.43642
5.43642
5.43642
5.43642
5.43642
5.43642
5.43642
5.43642
5.43642
5.43642
5.43642
5.43642
5.43642
5.43642
5.43642
5.43642
5.43642
5.43642
5.43642
5.43642
5.43642
5.43642
5.43642
5.43642
5.43642
5.43642
5.43642
5.43642
5.43642
5.43642
5.43642
5.43642
5.43642
5.43642
5.43642
5.43642
5.43642
5.43642
5.43642
5.43642
5.43642
5.43642
5.43642
5.43642
5.43642
5.43642
5.43642
5.43642
5.43642
5.43642
5.43642
5.43642
5.43642
5.43642
5.43642
5.43642
5.43642
5.43642
5.43642
5.43642
5.43642
5.43642
5.43642
5.43642
5.43642
5.43642
5.43642
5.43642
5.43642
5.43642
5.43642
5.43642
5.43642
5.43642
5.43642
5.43642
5.43642
5.43642
5.43642
5.43642
5.43642
5.43642
5.43642
5.43642
5.43642
5.43642
5.43642
5.43642
5.43642
5.43642
5.43642
5.43642
5.43642
5.43642
5.43642
5.43642
5.43642
5.43642
5.43642
5.43642
5.43642
5.43642
5.43642
5.43642
5.43642
5.43642
5.43642
5.43642
5.43642
5.43642
5.43642
5.43642
5.43642
5.43642
5.43642
5.43642
5.43642
5.43642
5.43642
5.43642
5.43642
5.43642
5.43642
5.43642
5.43642
5.43642
5.43642
5.43642
5.43642
5.43642
5.43642
5.43642
5.43642
5.43642
5.43642
5.43642
5.43642
5.43642
5.43642
5.43642
5.43642
5.43642
5.43642
5.43642
5.43642
5.43642
5.43642
5.43642
5.43642
5.43642
5.43642
5.43642
5.43642
5.43642
5.43642
5.43642
5.43642
5.43642
5.43642
5.43642
5.43642
5.43642
5.43642
5.43642
5.43642
5.43642
5.43642
5.43642
5.43642
5.43642
5.43642
5.43642
5.43642
5.43642
5.43642
5.43642
5.43642
5.43642
5.43642
5.43642
5.43642
5.43642
5.43642
5.43642
5.43642
5.43642
5.43642
5.43642
5.43642
5.43642
5.43642
5.43642
5.43642
5.43642
5.43642
5.43642
5.43642
5.43642
5.43642
5.43642
5.43642
5.43642
5.43642
5.43642
5.43642
5.43642
5.43642
5.43642
5.43642
5.43642
5.43642
5.43642
5.43642
5.43642
5.43642
5.43642
5.43642
5.43642
5.43642
5.43642
5.43642
5.43642
5.43642
5.43642
5.43642
5.43642
5.43642
5.43642
5.43642
5.43642
5.43642
5.43642
5.43642
5.43642
5.43642
5.43642
5.43642
5.43642
5.43642
5.43642
5.43642
5.43642
5.43642
5.43642
5.43642
5.43642
5.43642
5.43642
5.43642
5.43642
5.43642
5.43642
5.43642
5.43642
5.43642
5.43642
5.43642
5.43642
5.43642
5.43642
5.43642
5.43642
5.43642
5.43642
5.43642
5.43642
5.43642
5.43642
5.43642
5.43642
5.43642
5.43642
5.43642
5.43642
5.43642
5.43642
5.43642
5.43642
5.43642
5.43642
5.43642
5.43642
5.43642
5.43642
5.43642
5.43642
5.43642
5.43642
5.43642
5.43642
5.43642
5.43642
5.43642
5.43642
5.43642
5.43642
5.43642
5.43642
5.43642
5.43642
5.43642
5.43642
5.43642
5.43642
5.43642
5.43642
5.43642
5.43642
5.43642
5.43642
5.43642
5.43642
5.43642
5.43642
5.43642
5.43642
5.43642
5.43642
5.43642
5.43642
5.43642
5.43642
5.43642
5.43642
5.43642
5.43642
5.43642
5.43642
5.43642
5.43642
5.43642
5.43642
5.43642
5.43642
5.43642
5.43642
5.43642
5.43642
5.43642
5.43642
5.43642
5.43642
5.43642
5.43642
5.43642
5.43642
5.43642
5.43642
5.43642
5.43642
5.43642
5.43642
5.43642
5.43642
5.43642
5.43642
5.43642
5.43642
5.43642
5.43642
5.43642
5.43642
5.43642
5.43642
5.43642
5.43642
5.43642
5.43642
5.43642
5.43642
5.43642
5.43642
5.43642
5.43642
5.43642
5.43642
5.43642
5.43642
5.43642
5.43642
5.43642
5.43642
5.43642
5.43642
5.43642
5.43642
5.43642
5.43642
5.43642
5.43642
5.43642
5.43642
5.43642
5.43642
5.43642
5.43642
5.43642
5.43642
5.43642
5.43642
5.43642
5.43642
5.43642
5.43642
5.43642
5.43642
5.43642
5.43642
5.43642
5.43642
5.43642
5.43642
5.43642
5.43642
5.43642
5.43642
5.43642
5.43642
5.43642
5.43642
5.43642
5.43642
5.43642
5.43642
5.43642
5.43642
5.43642
5.43642
5.43642
5.43642
5.43642
5.43642
5.43642
5.43642
5.43642
5.43642
5.43642
5.43642
5.43642
5.43642
5.43642
5.43642
5.43642
5.43642
5.43642
5.43642
5.43642
5.43642
5.43642
5.43642
5.43642
5.43642
5.43642
5.43642
5.43642
5.43642
5.43642
5.43642
5.43642
5.43642
5.43642
5.43642
5.43642
5.43642
5.43642
5.43642
5.43642
5.43642
5.43642
5.43642
5.45016
5.43642
5.43642
5.43642
5.43642
5.43642
5.43642
5.43642
5.43642
5.43642
5.43642
5.43642
5.43642
5.43642
5.43642
5.43642
5.43642
5.43642
5.43642
5.43642
5.43642
5.43642
5.43642
5.43642
5.43642
5.43642
5.43642
5.43642
5.43642
5.43642
5.43642
5.43642
5.43642
5.43642
5.43642
5.43642
5.43642
5.43642
5.43642
5.43642
5.43642
5.43642
5.43642
5.43642
5.43642
5.43642
5.43642
5.43642
5.43642
5.43642
5.43642
5.43642
5.43642
5.43642
