# best half averages
52.3652
46.5969
41.6539
37.2505
34.5815
32.9006
31.2074
29.2144
26.8495
25.7404
24.7055
23.2698
22.0691
21.4405
20.5753
20.0787
19.6338
19.0359
18.5712
17.7866
17.2414
16.3243
15.0837
14.8553
14.0384
13.7746
13.5183
13.0186
12.8894
12.4715
12.3083
11.9226
11.9691
11.4297
10.8285
10.5797
10.4908
10.2465
10.2186
10.1725
10.1486
10.0956
9.90149
9.80019
9.984
9.78631
9.60303
9.50974
9.37071
9.36767
9.32698
9.23558
9.36419
8.32798
7.94225
7.4765
7.26553
7.28583
7.2537
7.25133
7.25088
7.24955
7.24185
7.23226
7.22653
7.31916
7.16481
7.08827
7.04591
7.03267
6.96113
6.92224
6.92018
6.91606
6.89071
6.82034
6.7885
6.68349
6.67863
6.65977
6.62814
6.62796
6.62779
6.62597
6.80336
6.62452
6.62834
6.6181
6.59427
6.56489
6.54376
6.51508
6.4531
6.45211
6.44679
6.43005
6.40385
6.40385
6.40385
6.40385
6.40385
6.40128
6.46928
6.40184
6.47413
6.39315
6.39076
6.3879
6.40181
6.37458
6.3135
6.29121
6.28472
6.28472
6.28472
6.28472
6.28472
6.28358
6.27791
6.2552
6.22795
6.22795
6.22795
6.22795
6.22795
6.22795
6.22795
6.22795
6.22795
6.22795
6.22747
6.22602
6.22215
6.20377
6.20355
6.20377
6.20377
6.20377
6.20377
6.20377
6.20377
6.20377
6.20377
6.20377
6.20377
6.20377
6.20377
6.20377
6.20377
6.20315
6.20006
6.18616
6.17291
6.17291
6.17291
6.17291
6.17291
6.17196
6.17196
6.171
6.17291
6.17291
6.17229
6.17167
6.17229
6.16979
6.16543
6.14672
6.14151
6.14151
6.14173
6.14173
6.14173
6.14173
6.14173
6.14173
6.14173
6.14173
6.14173
6.14173
6.14173
6.14173
6.14173
6.14173
6.14173
6.14173
6.14173
6.14142
6.14112
6.14081
6.1405
6.13897
6.16676
6.1264
6.1264
6.1264
6.12524
6.12174
6.11474
6.0915
6.06808
6.06808
6.06695
6.0627
6.05332
6.0111
6.01132
6.01132
6.01132
6.01132
6.01132
6.01132
6.01132
6.01132
6.01132
6.01132
6.01132
6.01132
6.01132
6.01132
6.01132
6.01132
6.01132
6.01132
6.01132
6.01132
6.01132
6.01132
6.01132
6.01132
6.01109
6.01063
6.00936
6.46313
6.06396
5.99988
5.99988
5.99988
5.99988
5.99988
5.99988
5.99988
5.99988
5.99988
5.99988
5.99988
5.99988
5.99988
5.99988
5.99988
5.99988
5.99988
5.99988
5.99988
5.99988
5.99988
5.99988
5.99988
5.99988
5.99988
5.99988
5.99988
5.99988
5.99988
5.99988
5.99988
5.99988
5.99988
5.99988
5.99988
5.99988
5.99988
5.99988
5.99988
5.99988
5.99988
5.99988
5.99988
5.99898
5.99898
5.99988
5.99988
5.99988
5.99988
5.99988
5.99988
5.99988
5.99988
5.99988
5.99988
5.99988
5.99988
5.99988
5.99988
5.99988
5.99988
5.99988
5.99988
5.99988
5.99988
5.99988
5.99988
5.99988
5.99988
5.99988
5.99988
5.99988
5.99988
5.99988
5.99898
5.99988
5.99988
5.99988
5.99988
5.99988
5.99988
5.99988
5.99988
5.99988
5.99988
5.99988
5.99988
5.99988
5.99906
5.99823
5.99493
6.04427
6.15127
5.99658
6.00429
6.1295
5.99493
5.99107
5.95864
5.95864
5.95864
5.95864
5.95864
5.95864
5.95864
5.95864
5.95864
5.95864
5.95864
5.95864
5.95864
5.95864
5.95864
5.95864
5.95864
5.95864
5.95864
5.95864
5.95864
5.95864
5.95864
5.95864
5.95864
5.95864
5.95864
5.95864
5.95864
5.95864
5.95864
5.95864
5.95864
5.95864
5.95864
5.95864
5.95864
5.95864
5.95864
5.95864
5.95864
5.95864
5.95864
5.95864
5.95864
5.95864
5.95864
5.95864
5.95864
5.95864
5.95864
5.95864
5.95864
5.95864
5.95864
5.95864
5.95864
5.95864
5.95864
5.95864
5.95859
5.99479
5.95864
5.95864
5.95864
5.95864
5.95864
5.95864
5.95864
5.95864
5.95864
5.95864
5.95864
5.95864
5.95864
5.95864
5.95864
5.95864
5.95864
5.95864
5.95864
5.95864
5.95864
5.95864
5.95864
5.95859
5.95851
5.95851
5.95829
6.61804
6.00923
5.95614
5.95614
5.95614
5.95614
5.95614
5.95614
5.95614
5.95614
5.95614
5.95614
5.95614
5.95614
5.95614
5.95614
5.95614
5.95614
5.95614
5.95614
5.95611
5.95602
5.95599
6.01015
5.95495
5.95472
5.95472
5.95472
5.95472
5.95472
6.04536
6.12434
5.95472
5.95472
5.95472
5.95472
5.95472
5.95472
5.95472
5.95472
5.95472
5.95472
5.95472
5.95472
5.95472
5.95472
5.95472
5.95472
5.95472
5.95472
5.95472
5.95472
5.95472
5.95472
5.95472
5.95472
5.95472
5.95472
5.95472
5.95472
5.95472
5.95472
5.95472
5.95472
5.95472
5.95472
5.95472
5.95472
5.95472
5.95472
5.95472
5.95472
5.95472
5.95472
5.95472
5.95472
5.95472
5.95472
5.95472
5.95472
5.95472
5.95472
5.95472
5.95472
5.95472
5.95472
5.95472
5.95472
5.95472
5.95472
5.95472
5.95472
5.95472
5.95472
5.95472
5.95472
5.95472
5.95472
5.95472
5.95472
5.95472
5.95472
5.95472
5.95472
5.95472
5.95472
5.95472
5.95472
5.95472
5.95472
5.95472
5.95472
5.95472
5.95472
5.95472
5.95472
5.95472
5.95472
5.95472
5.95472
5.95472
5.95472
5.95472
5.95472
5.95472
5.95472
5.95472
5.95472
5.95472
5.95472
5.95472
5.95472
5.95472
5.95472
5.95472
5.95472
5.95472
5.95472
5.95472
5.95472
5.95472
5.95472
5.95472
5.95472
5.95472
5.95472
5.95472
5.95472
5.95472
5.94347
5.92096
5.85344
5.79994
6.02292
5.39074
5.38438
5.69458
5.36304
5.32702
5.32222
5.30372
5.29413
5.29413
5.29413
5.29413
5.29413
5.29413
5.29413
5.29413
5.29413
5.29299
5.29071
5.28387
5.28784
5.2371
5.2371
5.2371
5.2371
5.2371
5.2371
5.2371
5.2371
5.2371
5.2371
5.2371
5.2371
5.2371
5.2371
5.2371
5.2371
5.2371
5.2371
5.2371
5.2371
5.2371
5.2371
5.2371
5.2371
5.2371
5.2371
5.2371
5.2371
5.2371
5.2371
5.2371
5.2371
5.2371
5.2371
5.2371
5.2371
5.2371
5.2371
5.2371
5.2371
5.2371
5.2371
5.2371
5.2371
5.2371
5.2371
5.2371
5.2371
5.2371
5.2371
5.2371
5.2371
5.2371
5.2371
5.2371
5.2371
5.2371
5.2371
5.2371
5.2371
5.2371
5.2371
5.2371
5.2371
5.2371
5.2371
5.2371
5.2371
5.2371
5.2371
5.2371
5.2371
5.2371
5.2371
5.2371
5.2371
5.2371
5.2371
5.2371
5.2371
5.2371
5.2371
5.2371
5.2371
5.2371
5.2371
5.2371
5.2371
5.2371
5.2371
5.2371
5.2371
5.2371
5.2371
5.2371
5.2371
5.2371
5.2371
5.2371
5.2371
5.2371
5.2371
5.2371
5.2371
5.2371
5.2371
5.2371
5.2371
5.2371
5.2371
5.2371
5.2371
5.2371
5.2371
5.2371
5.2371
5.2371
5.2371
5.2371
5.2371
5.2371
5.2371
5.2371
5.2371
5.2371
5.2371
5.2371
5.2371
5.2371
5.2371
5.2371
5.2371
5.2371
5.2371
5.2371
5.2371
5.2371
5.2371
5.2371
5.2371
5.2371
5.2371
5.2371
5.2371
5.2371
5.2371
5.2371
5.2371
5.2371
5.2371
5.2371
5.2371
5.2371
5.2371
5.2371
5.2371
5.2371
5.2371
5.2371
5.2371
5.2371
5.2371
5.2371
5.2371
5.2371
5.2371
5.2371
5.2371
5.2371
5.2371
5.2371
5.2371
5.2371
5.2371
5.2371
5.2371
5.2371
5.2371
5.2371
5.2371
5.2371
5.2371
5.2371
5.2371
5.2371
5.2371
5.2371
5.2371
5.2371
5.2371
5.2371
5.2371
5.2371
5.2371
5.2371
5.2371
5.2371
5.2371
5.2371
5.2371
5.2371
5.2371
5.2371
5.2371
5.2371
5.2371
5.2371
5.2371
5.2371
5.2371
5.2371
5.2371
5.2371
5.2371
5.2371
5.2371
5.2371
5.2371
5.2371
5.2371
5.2371
5.2371
5.2371
5.2371
5.2371
5.2371
5.2371
5.2371
5.2371
5.2371
5.2371
5.2371
5.2371
5.2371
5.2371
5.2371
5.2371
5.2371
5.2371
5.2371
5.2371
5.2371
5.2371
5.2371
5.2371
5.2371
5.2371
5.2371
5.2371
5.2371
5.2371
5.2371
5.2371
5.2371
5.2371
5.2371
5.2371
5.2371
5.2371
5.2371
5.2371
5.2371
5.2371
5.2371
5.2371
5.2371
5.2371
5.2371
5.2371
5.2371
5.2371
5.2371
5.2371
5.2371
5.2371
5.2371
5.2371
5.2371
5.2371
5.2371
5.2371
5.2371
5.2371
5.2371
5.2371
5.2371
5.2371
5.2371
5.2371
5.2371
5.2371
5.2371
5.2371
5.2371
5.2371
5.2371
5.2371
5.2371
5.2371
5.2371
5.2371
5.2371
5.2371
5.2371
5.2371
5.2371
5.2371
5.2371
5.2371
5.2371
5.2371
5.2371
5.2371
5.2371
5.2371
5.2371
5.2371
5.2371
5.2371
5.2371
5.2371
5.2371
5.2371
5.2371
5.2371
5.2371
5.2371
5.2371
5.2371
5.2371
5.2371
5.2371
5.2371
5.2371
5.2371
5.2371
5.2371
5.2371
5.2371
5.2371
5.2371
5.2371
5.2371
5.2371
5.2371
5.2371
5.2371
5.2371
5.2371
5.2371
5.2371
5.2371
5.2371
5.2371
5.2371
5.2371
5.2371
5.2371
5.2371
5.2371
5.2371
5.2371
5.2371
5.2371
5.2371
5.2371
5.2371
5.2371
5.2371
5.2371
5.2371
5.2371
5.2371
5.2371
5.2371
5.2371
5.2371
5.2371
5.2371
5.2371
5.2371
5.2371
5.2371
5.2371
5.2371
5.2371
5.2371
5.2371
5.2371
5.2371
5.2371
5.2371
5.2371
5.2371
5.2371
5.2371
5.2371
5.2371
5.2371
5.2371
5.2371
5.2371
5.2371
5.2371
