# best half averages
51.1101
46.0495
41.505
38.7397
35.745
33.2295
31.6815
29.6482
28.1246
26.2358
24.3971
23.4463
23.0251
22.1255
20.8102
19.8539
18.899
18.782
18.4436
17.3018
15.7868
14.944
14.1781
14.1084
13.8895
13.5411
13.5825
13.4157
13.0257
12.8248
12.5058
12.1459
11.9118
11.8711
11.6955
11.3563
10.801
9.65752
9.26896
9.32223
9.19444
8.8957
8.62289
8.31193
7.95694
7.72923
7.71221
7.70588
7.68013
7.61693
7.5773
7.41604
7.07999
7.06571
7.04088
6.92404
6.72143
6.71165
6.6977
6.68222
6.65194
6.33448
6.33448
6.33448
6.32555
6.48499
6.70758
6.28904
6.1722
6.1722
6.1722
6.1722
6.1722
6.1722
6.1722
6.1722
6.17056
6.1722
6.1722
6.1722
6.17209
6.17198
6.1708
6.16684
6.16684
6.16575
6.16357
6.1892
6.15807
6.09599
6.04873
5.99556
5.99556
5.99488
5.99488
5.99556
5.99556
5.99556
5.99501
5.99556
5.99556
5.99488
5.99539
5.99481
5.99382
5.99046
5.99046
5.99046
5.98111
5.98111
5.9437
5.88759
5.56012
5.52289
5.52289
5.52289
5.52222
5.51819
5.51013
5.48689
5.48689
5.48689
5.4893
5.4893
5.4893
5.48926
5.48926
5.48921
5.48926
5.48917
5.48907
5.48871
5.48808
5.48701
5.48701
5.48701
5.48701
5.48693
5.48685
5.48641
5.4859
5.48487
5.5007
5.46662
5.46524
5.46524
5.46524
5.46524
5.46524
5.46524
5.46524
5.46524
5.46524
5.46524
5.46521
5.46521
5.51534
5.46524
5.46524
5.46524
5.46524
5.46524
5.46524
5.46431
5.46338
5.45686
5.43555
5.41873
5.41873
5.41873
5.41873
5.41873
5.41873
5.4187
5.41868
5.41861
5.43588
5.41861
5.47576
5.41759
5.41759
5.41759
5.41759
5.41757
5.41756
5.41757
5.43973
5.41759
5.41759
5.41517
5.40308
5.36297
5.29694
5.29668
5.29668
5.29668
5.29668
5.29668
5.29668
5.29668
5.29668
5.29668
5.29668
5.29668
5.29668
5.29668
5.29668
5.29668
5.29668
5.29668
5.29668
5.29668
5.29668
5.29668
5.29668
5.29668
5.29668
5.29668
5.29668
5.29668
5.29167
5.27162
5.21649
5.04607
5.04607
5.04607
5.04607
5.04607
5.04607
5.04607
5.04607
5.04558
5.04365
5.03978
5.03337
5.02188
5.02188
5.02188
5.02188
5.02188
5.02188
5.02188
5.02188
5.02188
5.02188
5.02188
5.02188
5.02188
5.02188
5.02188
5.02188
5.02188
5.02188
5.02188
5.02188
5.02188
5.02188
5.01975
5.01975
5.0155
5.0155
5.01124
4.98996
4.91549
4.91549
4.91549
4.91549
4.91549
4.91549
4.91549
4.91549
4.91549
4.91549
4.91549
4.91549
4.91549
4.91549
4.91549
4.91549
4.91548
4.91548
4.91549
4.91549
4.91549
4.91549
4.91549
4.91549
4.91549
4.91549
4.91549
4.91549
4.91549
4.91549
4.91549
4.91549
4.91549
4.91549
4.91549
4.91549
4.91549
4.91549
4.91549
4.91549
4.91549
4.91549
4.91549
4.91549
4.91549
4.91549
4.91549
4.91549
4.91549
4.91549
4.91549
4.91549
4.91549
4.91549
4.91549
4.91549
4.91549
4.91549
4.91549
4.91549
4.91549
4.91549
4.91549
4.91549
4.91549
4.91549
4.91548
4.91549
4.91549
4.91549
4.91549
4.91549
4.91549
4.91549
4.91549
4.91549
4.91549
4.91549
4.91549
4.91549
4.91549
4.91549
4.91549
4.91549
4.91549
4.91549
4.91549
4.91549
4.91549
4.91549
4.91549
4.91549
4.91549
4.91549
4.91549
4.91549
4.91549
4.91549
4.91548
4.91547
4.91543
4.95223
5.06635
4.94959
4.91491
4.91491
4.91491
4.91491
4.91491
4.91491
4.91491
4.91491
4.91491
4.91491
4.91491
4.91491
4.91491
4.91491
4.91491
4.91491
4.91491
4.91491
4.91491
4.91491
4.91491
4.91491
4.91491
4.91491
4.91491
4.91491
4.91491
5.12085
4.94159
4.91491
4.91491
5.01283
4.91491
5.0288
4.91491
4.91491
4.91491
4.91491
4.91491
4.91491
4.91491
4.91491
4.91491
4.91491
4.91491
4.91491
4.91491
4.91491
4.91491
4.91491
4.92083
4.91491
4.91491
4.91491
4.91491
4.91491
4.91491
4.91491
4.91491
4.91491
4.91491
4.91491
4.91491
4.91491
4.91491
4.91491
4.91491
4.91491
4.91491
4.91491
4.91491
5.01651
4.9903
5.15251
4.99225
4.95204
4.91491
4.91491
4.91491
4.91491
4.91491
4.91491
4.91491
4.91491
4.91491
4.91491
4.91491
4.91491
4.91491
4.91491
4.91491
4.91491
4.91491
4.91491
4.91491
4.91491
4.91491
4.91491
4.91491
4.91491
4.91491
4.91491
4.91491
4.91491
4.91491
4.91491
4.91491
4.91491
4.91491
4.91491
4.91491
4.91491
4.91491
4.91394
4.91004
4.89639
4.86616
4.86616
4.86616
4.86616
4.86616
4.86616
4.86616
4.86616
4.86616
4.86616
4.86616
4.86616
4.86616
4.86616
4.86616
4.86616
4.86616
4.86616
4.86616
4.86616
4.86616
4.86616
4.86616
4.86616
4.86616
4.86616
4.86616
4.86616
4.86616
4.86616
4.86616
4.86616
4.86616
4.86616
4.86616
4.86616
4.86616
4.86616
4.86616
4.86616
4.86616
4.86616
4.86616
4.86616
4.86616
4.86616
4.86616
4.86616
4.86616
4.86616
4.86616
4.86616
4.86616
4.86616
4.86616
4.86616
4.86616
4.86616
4.86616
4.86616
4.86616
4.86616
4.86616
4.86616
4.86616
4.86616
4.86616
4.86616
4.86616
4.86616
4.86616
4.86616
4.86616
4.86616
4.86616
4.86616
4.86616
4.86616
4.86616
4.86616
4.86616
4.86616
4.86616
4.86616
4.86616
4.86616
4.86616
4.86616
4.86616
4.86616
4.86616
4.86616
4.86616
4.86709
4.86616
4.86616
4.86616
4.86616
4.86616
4.86616
4.86616
4.86616
4.86616
4.86616
4.86616
4.86616
4.86616
4.86616
4.86616
4.86616
4.86616
4.86616
4.86616
4.86616
4.86616
4.86616
4.86616
4.86616
4.86616
4.86616
4.86616
4.86616
4.86616
4.86616
4.86616
4.86616
4.86616
4.86616
4.86616
4.86616
4.86616
4.86616
4.86616
4.86616
4.86616
4.86616
4.86616
4.86616
4.86616
4.86616
4.86616
4.86616
4.86616
4.86616
4.86616
4.86616
4.86616
4.86616
4.86616
4.86616
4.86616
4.86616
4.86616
4.86616
4.86616
4.86616
4.86616
4.86616
4.86616
4.86616
4.86616
4.86616
4.86616
4.86616
4.86616
4.86616
4.86616
4.86616
4.86616
4.86616
4.86616
4.86616
4.86616
4.86616
4.86616
4.86616
4.86616
4.86616
4.86616
4.86616
4.86616
4.86616
4.86616
4.86616
4.86616
4.86616
4.86616
4.86616
4.86616
4.86616
4.86616
4.86616
4.86616
4.86616
4.86616
4.86616
4.86616
4.86616
4.86616
4.86616
4.86616
4.86616
4.86616
4.86616
4.86616
4.86616
4.86616
4.86616
4.86616
4.86616
4.86616
4.86616
4.86616
4.86616
4.86616
4.86616
4.86616
4.86616
4.86616
4.86616
4.86616
4.86616
4.86616
4.86616
4.86616
4.86616
4.86616
4.86616
4.86616
4.86616
4.86616
4.86616
4.86616
4.86616
4.86616
4.86616
4.86616
4.86616
4.86616
4.86616
4.86616
4.86616
4.86616
4.86616
4.86616
4.86616
4.86616
4.86616
4.86616
4.86616
4.86616
4.86616
4.86616
4.86616
4.86616
4.86616
4.86616
4.86616
4.86616
4.86616
4.86616
4.86616
4.86616
4.86616
4.86616
4.86616
4.86616
4.86616
4.86616
4.86616
4.86616
4.86616
4.86616
4.86616
4.86616
4.86616
4.86616
4.86616
4.86616
4.86616
4.86616
4.86616
4.86616
4.86616
4.86616
4.86616
4.86616
4.86616
4.86616
4.86616
4.86616
4.86616
4.86616
4.86616
4.86616
4.86616
4.86616
4.86616
4.86616
4.86616
4.86616
4.86616
4.86616
4.86616
4.86616
4.86616
4.86616
4.86616
4.86616
4.86616
4.86616
4.86616
4.86616
4.86616
4.86616
4.86616
4.86616
4.86616
4.86616
4.86616
4.86616
4.86616
4.86616
4.86616
4.86616
4.86616
4.86616
4.86616
4.86616
4.86616
4.86616
4.86616
4.86616
4.86616
4.86616
4.86616
4.86616
4.86616
4.86616
4.86616
4.86616
4.86616
4.86616
4.86616
4.86616
4.86616
4.86616
4.86616
4.86616
4.86616
4.86616
4.86616
4.86616
4.86616
4.86616
4.86616
4.86616
4.86616
4.86616
4.86616
4.86616
4.86616
4.86616
4.86616
4.86616
4.86616
4.86616
4.86616
4.86616
4.86616
4.86616
4.86616
4.86616
4.86616
4.86616
4.86616
4.86616
4.86616
4.86616
4.86616
4.86616
4.86616
4.86616
4.86616
4.86616
4.86616
4.86616
4.86616
4.86616
4.86616
4.86616
4.86616
4.86616
4.86616
4.86616
4.86616
4.86616
4.86616
4.86616
4.86616
4.86616
4.86616
4.86616
4.86616
4.86616
4.86616
4.86616
4.86616
4.86616
4.86616
4.86616
4.86616
4.86616
4.86616
4.86616
4.86616
4.86616
4.86616
4.86616
4.86616
4.86616
4.86616
4.86616
4.86616
4.86616
4.86616
4.86616
4.86616
4.86616
4.86616
4.86616
4.86616
4.86616
4.86616
4.86616
4.86616
4.86616
4.86616
4.86616
4.86616
4.86616
4.86616
4.86616
4.86616
4.86616
4.86616
4.86616
4.86616
4.86616
4.86616
4.86616
4.86616
4.86616
4.86616
4.86616
4.86616
4.86616
4.86616
4.86616
4.86616
4.86616
4.86616
4.86616
4.86616
4.86616
4.86616
4.86616
4.86616
4.86616
4.86616
4.86616
4.86616
4.86616
4.86616
4.86616
4.86616
4.86616
4.86616
4.86616
4.86616
4.86616
4.86616
4.86616
4.86616
4.86616
4.86616
4.86616
4.86616
4.86616
4.86616
4.86616
4.86616
4.86616
4.86616
4.86616
4.86616
4.86616
4.86616
4.86616
4.86616
4.86616
4.86616
4.86616
4.86616
4.86616
4.86616
4.86616
4.86616
4.86616
4.86616
4.86616
4.86616
4.86616
4.86616
4.86616
4.86616
4.86616
