# best half averages
52.2116
46.9634
41.7413
37.0233
33.4586
31.9119
30.8609
29.4818
28.3248
27.313
26.263
24.3196
23.8492
22.6025
21.3216
19.6392
18.5914
18.0303
17.3933
16.9939
16.4758
15.6164
15.4017
15.0034
14.5644
14.4816
14.4363
14.269
13.907
13.6465
13.0999
12.7743
12.6919
12.6013
12.5314
12.5056
12.4647
12.4644
12.4499
12.3546
11.9423
11.8037
11.8035
11.8033
12.3676
11.6361
11.6817
10.6805
9.37158
9.13288
8.67711
8.56258
8.6239
8.12329
7.37085
7.35757
7.35757
7.35757
7.35757
7.35757
7.35757
7.33365
7.32322
7.24867
7.12718
6.82821
6.81246
6.91709
6.90663
6.99957
6.75952
6.94311
7.18039
6.35163
6.53234
6.36826
5.84848
5.78436
5.7852
5.78561
5.7553
5.68234
5.62084
5.59778
5.56506
5.76442
5.35643
5.17002
5.01879
4.96575
4.96374
4.96374
4.96506
4.96445
4.9557
4.9302
4.87428
4.74463
4.64862
4.64849
4.64862
4.64406
4.63327
4.61625
4.55242
4.40411
4.33511
4.28586
4.23964
3.91326
3.74426
3.77555
3.69125
3.67238
3.63905
3.63272
3.61761
3.58077
3.57469
3.58042
3.58013
3.57899
3.57715
3.57282
3.56573
3.55299
3.51574
3.46843
3.4644
3.4531
3.42077
3.34995
3.22451
3.13086
3.08231
3.07857
3.0776
3.07438
3.06926
3.06319
3.04195
2.99226
2.92055
2.92055
2.91847
2.90496
2.87763
2.80888
2.72803
2.64654
2.58033
2.5369
2.47221
2.42885
2.42596
2.42009
2.40555
2.3597
2.28941
2.2892
2.28834
2.28705
2.28458
2.28458
2.28458
2.28458
2.28458
2.28458
2.28458
2.28458
2.28458
2.28458
2.28458
2.28458
2.28458
2.28458
2.28458
2.28458
2.28458
2.28458
2.28368
2.28278
2.28097
2.28255
2.28188
2.27379
2.26639
2.24893
2.23898
2.23853
2.23781
2.2373
2.2346
2.23113
2.22825
2.22825
2.22825
2.22825
2.22825
2.22825
2.22825
2.22825
2.22825
2.22825
2.22825
2.22825
2.22825
2.22825
2.22825
2.22825
2.22825
2.22825
2.22825
2.22825
2.22825
2.22825
2.22825
2.22825
2.22825
2.22825
2.22825
2.22825
2.22825
2.22825
2.22825
2.22825
2.22825
2.22825
2.22825
2.22825
2.22825
2.22825
2.22825
2.22825
2.22825
2.22825
2.22822
2.22825
2.22825
2.22825
2.22825
2.22825
2.22825
2.22825
2.22825
2.22822
2.22819
2.22809
2.2277
2.22697
2.22661
2.22661
2.22661
2.22661
2.22661
2.22661
2.22661
2.22661
2.22661
2.22661
2.22661
2.22661
2.22661
2.22661
2.22661
2.22661
2.22661
2.22661
2.22661
2.22661
2.22661
2.22661
2.22661
2.22661
2.22661
2.22661
2.2241
2.22661
2.22661
2.22661
2.22661
2.22661
2.22661
2.22661
2.22661
2.22661
2.22661
2.22661
2.22661
2.22661
2.22661
2.22661
2.22661
2.22661
2.22661
2.22661
2.22661
2.22661
2.22661
2.22661
2.22661
2.22661
2.22661
2.22661
2.22661
2.22661
2.22661
2.22661
2.22661
2.22661
2.22661
2.22661
2.22661
2.22661
2.22661
2.22661
2.22661
2.22661
2.22661
2.22661
2.22661
2.22661
2.22661
2.2241
2.22661
2.22661
2.22661
2.22661
2.22661
2.22661
2.22661
2.22661
2.22661
2.22661
2.22661
2.22661
2.22661
2.22661
2.22661
2.22661
2.22661
2.22661
2.22661
2.22661
2.22661
2.22661
2.22661
2.22661
2.22661
2.22661
2.22661
2.22661
2.22661
2.22661
2.22661
2.22661
2.22661
2.22661
2.22661
2.22661
2.22661
2.22661
2.22661
2.22661
2.22661
2.22661
2.22661
2.22661
2.22661
2.22661
2.22661
2.22661
2.22661
2.22661
2.22661
2.22661
2.22661
2.22661
2.22661
2.22661
2.22661
2.22661
2.22661
2.22661
2.22661
2.22661
2.22661
2.22661
2.22661
2.22661
2.22661
2.22661
2.22661
2.22661
2.22661
2.22661
2.22661
2.22661
2.22661
2.22661
2.22661
2.22661
2.22661
2.22661
2.2241
2.22661
2.22661
2.22661
2.22661
2.22661
2.22661
2.22661
2.22661
2.22661
2.22661
2.22661
2.22661
2.2241
2.2241
2.2241
2.22661
2.22661
2.22661
2.22661
2.22661
2.22661
2.22661
2.22661
2.22661
2.22661
2.22661
2.22661
2.22661
2.22661
2.22661
2.22661
2.22661
2.22661
2.22661
2.22661
2.22661
2.22661
2.22661
2.22661
2.22661
2.22661
2.22661
2.22661
2.22661
2.22661
2.22661
2.22661
2.2241
2.21656
2.20148
2.16379
2.11855
2.10096
2.10096
2.10096
2.10096
2.10096
2.10096
2.10096
2.10096
2.10096
2.10096
2.10096
2.10096
2.10096
2.10096
2.10096
2.10096
2.10096
2.10096
2.10096
2.10096
2.10096
2.10096
2.10096
2.10096
2.10096
2.10096
2.10096
2.10096
2.10096
2.10096
2.10096
2.10096
2.10096
2.10096
2.10096
2.10096
2.10096
2.10096
2.10096
2.10096
2.10096
2.10096
2.10096
2.10096
2.10096
2.10096
2.10096
2.10096
2.10096
2.10096
2.10096
2.10096
2.10096
2.10096
2.10096
2.10096
2.10096
2.10096
2.10096
2.10096
2.10096
2.10096
2.10096
2.10096
2.10096
2.10096
2.10096
2.10096
2.10096
2.10096
2.10096
2.10096
2.10096
2.10096
2.10096
2.10096
2.10096
2.10096
2.10096
2.10096
2.10096
2.10096
2.10096
2.10096
2.10096
2.10096
2.10096
2.10096
2.10096
2.10096
2.10096
2.10096
2.10096
2.10096
2.10096
2.10096
2.10096
2.10096
2.10096
2.10096
2.10096
2.10096
2.10096
2.10096
2.10096
2.10096
2.10096
2.10096
2.10096
2.10096
2.10096
2.10096
2.10096
2.10096
2.10096
2.10096
2.10096
2.10096
2.10096
2.10096
2.10096
2.10096
2.10096
2.10096
2.10096
2.10096
2.10096
2.10096
2.10096
2.10096
2.10096
2.10096
2.10096
2.10096
2.10096
2.10096
2.10096
2.10096
2.10096
2.10096
2.10096
2.10096
2.10096
2.10096
2.10096
2.10096
2.10096
2.10096
2.10096
2.10096
2.10096
2.10096
2.10096
2.10096
2.10096
2.10096
2.10096
2.10096
2.10096
2.10096
2.10096
2.10096
2.10096
2.10096
2.10096
2.10096
2.10096
2.10096
2.10096
2.10096
2.10096
2.10096
2.10096
2.10096
2.10096
2.10096
2.10096
2.10096
2.10096
2.10096
2.10096
2.10096
2.10096
2.10096
2.10096
2.10096
2.10096
2.10096
2.10096
2.10096
2.10096
2.10096
2.10096
2.10096
2.10096
2.10096
2.10096
2.10096
2.10096
2.10096
2.10096
2.10096
2.10096
2.10096
2.10096
2.10096
2.10096
2.10096
2.10096
2.10096
2.10096
2.10096
2.10096
2.10096
2.10096
2.10096
2.10096
2.10096
2.10096
2.10096
2.10096
2.10096
2.10096
2.10096
2.10096
2.10096
2.10096
2.10096
2.10096
2.10096
2.10096
2.10096
2.10096
2.10096
2.10096
2.10096
2.10096
2.10096
2.10096
2.10096
2.10096
2.10096
2.10096
2.10096
2.10096
2.10096
2.10096
2.10096
2.10096
2.10096
2.10096
2.10096
2.10096
2.10096
2.10096
2.10096
2.10096
2.10096
2.10096
2.10096
2.10096
2.10096
2.10096
2.10096
2.10096
2.10096
2.10096
2.10096
2.10096
2.10096
2.10096
2.10096
2.10096
2.10096
2.10096
2.10096
2.10096
2.10096
2.10096
2.10096
2.10096
2.10096
2.10096
2.10096
2.10096
2.10096
2.10096
2.10096
2.10096
2.10096
2.10096
2.10096
2.10096
2.10096
2.10096
2.10096
2.10096
2.10096
2.10096
2.10096
2.10096
2.10096
2.10096
2.10096
2.10096
2.10096
2.10096
2.10096
2.10096
2.10096
2.10096
2.10096
2.10096
2.10096
2.10096
2.10096
2.10096
2.10096
2.10096
2.10096
2.10096
2.10096
2.10096
2.10096
2.10096
2.10096
2.10096
2.10096
2.10096
2.10096
2.10096
2.10096
2.10096
2.10096
2.10096
2.10096
2.10096
2.10096
2.10096
2.10096
2.10096
2.10096
2.10096
2.10096
2.10096
2.10096
2.10096
2.10096
2.10096
2.10096
2.10096
2.10096
2.10096
2.10096
2.10096
2.10096
2.10096
2.10096
2.10096
2.10096
2.10096
2.10096
2.10096
2.10096
2.10096
2.10096
2.10096
2.10096
2.10096
2.10096
2.10096
2.10096
2.10096
2.10096
2.10096
2.10096
2.10096
2.10096
2.10096
2.10096
2.10096
2.10096
2.10096
2.10096
2.10096
2.10096
2.10096
2.10096
2.10096
2.10096
2.10096
2.10096
2.10096
2.10096
2.10096
2.10096
2.10096
2.10096
2.10096
2.10096
2.10096
2.10096
2.10096
2.10096
2.10096
2.10096
2.10096
2.10096
2.10096
2.10096
2.10096
2.10096
2.10096
2.10096
2.10096
2.10096
2.10096
2.10096
2.10096
2.10096
2.10096
2.10096
2.10096
2.10096
2.10096
2.10096
2.10096
2.10096
2.10096
2.10096
2.10096
2.10096
2.10096
2.10096
2.10096
2.10096
2.10096
2.10096
2.10096
2.10096
2.10096
2.10096
2.10096
2.10096
2.10096
2.10096
2.10096
2.10096
2.10096
2.10096
2.10096
2.10096
2.10096
2.10096
2.10096
2.10096
2.10096
2.10096
2.10096
2.10096
2.10096
2.10096
2.10096
2.10096
2.10096
2.10096
2.10096
2.10096
2.10096
2.10096
2.10096
2.10096
2.10096
2.10096
2.10096
2.10096
2.10096
2.10096
2.10096
2.10096
2.10096
2.10096
2.10096
2.10096
2.10096
2.10096
2.10096
2.10096
2.10096
2.10096
2.10096
2.10096
2.10096
2.10096
2.10096
2.10096
2.10096
2.10096
2.10096
2.10096
2.10096
2.10096
2.10096
2.10096
2.10096
2.10096
2.10096
2.10096
2.10096
2.10096
2.10096
2.10096
2.10096
2.10096
2.10096
2.10096
2.10096
2.10096
2.10096
2.10096
2.10096
2.10096
2.10096
2.10096
2.10096
2.10096
2.10096
2.10096
2.10096
2.10096
2.10096
2.10096
2.10096
2.10096
2.10096
2.10096
2.10096
2.10096
2.10096
2.10096
2.10096
2.10096
2.10096
