# best half averages
51.9038
48.3392
44.4679
40.0014
35.5412
33.0175
30.5928
28.2547
26.4652
24.1331
21.792
20.3888
18.435
17.7457
16.3749
15.7585
14.7175
14.0224
13.8758
13.6078
13.5484
13.1216
13.0125
12.6686
12.497
11.0932
11.3203
10.848
10.5479
10.5353
10.4948
10.2933
9.98658
9.95692
9.91563
9.76084
9.60713
9.00584
8.62267
8.61349
8.58064
8.48401
8.47244
8.40498
8.26822
8.19642
8.61474
7.96825
8.16534
8.06822
8.08492
8.21245
7.81167
7.56067
7.32696
7.31402
7.31298
7.30912
7.28038
7.23379
7.15309
7.04644
6.96723
6.93594
6.89906
6.98731
6.69526
6.45054
6.06658
6.05347
5.99827
5.72068
5.57839
5.51172
5.48952
5.4343
5.32724
5.2862
5.2862
5.28593
5.2851
5.27347
5.25522
5.21586
5.09183
4.91171
4.55704
4.49433
4.45291
4.42672
4.41278
4.41072
4.41072
4.40337
4.37526
4.30912
4.17816
4.11789
4.04202
4.03743
4.00225
3.97194
4.12519
3.84442
3.74946
3.74946
3.7455
3.73892
3.72196
3.71718
3.71718
3.71718
3.71718
3.71718
3.71718
3.71718
3.71718
3.71718
3.71682
3.7161
3.71431
3.7078
3.6992
3.6992
3.6992
3.6992
3.6992
3.6992
3.6992
3.69539
3.6992
3.6992
3.6992
3.6992
3.6992
3.69715
3.69715
3.6992
3.6992
3.6992
3.6992
3.6992
3.6992
3.6992
3.69715
3.6992
3.69913
3.699
3.69893
3.69701
3.66892
3.67503
3.65368
3.64895
3.63949
3.63876
3.63876
3.61695
3.59513
3.52969
3.45025
3.20246
2.54811
2.54801
2.54488
2.54801
2.54801
2.54801
2.54801
2.54801
2.54801
2.54801
2.54801
2.54801
2.54801
2.54801
2.54801
2.54801
2.54801
2.54801
2.54801
2.54801
2.54801
2.54801
2.54801
2.54801
2.54801
2.54801
2.54801
2.54801
2.54488
2.54175
2.53549
2.52297
2.50418
2.46662
2.39148
2.39148
2.39148
2.39148
2.39148
2.39148
2.39148
2.39148
2.39148
2.39148
2.39148
2.39148
2.39148
2.39148
2.39148
2.39148
2.39148
2.39148
2.39148
2.39148
2.39148
2.39148
2.39148
2.39148
2.39148
2.39148
2.39148
2.39148
2.39148
2.39148
2.39148
2.39148
2.39148
2.39148
2.39148
2.39148
2.39148
2.39148
2.39148
2.39148
2.39148
2.39148
2.39148
2.39148
2.39148
2.39148
2.39148
2.39148
2.39148
2.39148
2.39148
2.39148
2.39148
2.39148
2.39148
2.39148
2.39148
2.39148
2.39148
2.39148
2.39148
2.39148
2.39148
2.39148
2.39148
2.39148
2.39148
2.39148
2.39148
2.39148
2.39148
2.39148
2.39148
2.39148
2.39148
2.39148
2.39148
2.39148
2.39148
2.39148
2.39148
2.39148
2.39148
2.39148
2.39148
2.39148
2.39148
2.39148
2.39148
2.39148
2.39148
2.39148
2.39148
2.39124
2.39124
2.39076
2.38909
2.38288
2.37619
2.35944
2.31832
2.28902
2.28902
2.27758
2.26996
2.23319
2.17355
2.10605
2.10605
2.10605
2.10605
2.10605
2.10605
2.10605
2.10605
2.10605
2.10605
2.10595
2.10585
2.10554
2.10462
2.103
2.10126
2.10096
2.10096
2.10096
2.10096
2.10096
2.10096
2.10096
2.10096
2.10096
2.10096
2.10096
2.10096
2.10096
2.10096
2.10096
2.10096
2.10096
2.10096
2.10096
2.10096
2.10096
2.10096
2.10096
2.10096
2.10096
2.10096
2.10096
2.10096
2.10096
2.10096
2.10096
2.10096
2.10096
2.10096
2.10096
2.10096
2.10096
2.10096
2.10096
2.10096
2.10096
2.10096
2.10096
2.10096
2.10096
2.10096
2.10096
2.10096
2.10096
2.10096
2.10096
2.10096
2.10096
2.10096
2.10096
2.10096
2.10096
2.10096
2.10096
2.10096
2.10096
2.10096
2.10096
2.10096
2.10096
2.10096
2.10096
2.10096
2.10096
2.10096
2.10096
2.10096
2.10096
2.10096
2.10096
2.10096
2.10096
2.10096
2.10096
2.10096
2.10096
2.10096
2.10096
2.10096
2.10096
2.10096
2.10096
2.10096
2.10096
2.10096
2.10096
2.10096
2.10096
2.10096
2.10096
2.10096
2.10096
2.10096
2.10096
2.10096
2.10096
2.10096
2.10096
2.10096
2.10096
2.10096
2.10096
2.10096
2.10096
2.10096
2.10096
2.10096
2.10096
2.10096
2.10096
2.10096
2.10096
2.10096
2.10096
2.10096
2.10096
2.10096
2.10096
2.10096
2.10096
2.10096
2.10096
2.10096
2.10096
2.10096
2.10096
2.10096
2.10096
2.10096
2.10096
2.10096
2.10096
2.10096
2.10096
2.10096
2.10096
2.10096
2.10096
2.10096
2.10096
2.10096
2.10096
2.10096
2.10096
2.10096
2.10096
2.10096
2.10096
2.10096
2.10096
2.10096
2.10096
2.10096
2.10096
2.10096
2.10096
2.10096
2.10096
2.10096
2.10096
2.10096
2.10096
2.10096
2.10096
2.10096
2.10096
2.10096
2.10096
2.10096
2.10096
2.10096
2.10096
2.10096
2.10096
2.10096
2.10096
2.10096
2.10096
2.10096
2.10096
2.10096
2.10096
2.10096
2.10096
2.10096
2.10096
2.10096
2.10096
2.10096
2.10096
2.10096
2.10096
2.10096
2.10096
2.10096
2.10096
2.10096
2.10096
2.10096
2.10096
2.10096
2.10096
2.10096
2.10096
2.10096
2.10096
2.10096
2.10096
2.10096
2.10096
2.10096
2.10096
2.10096
2.10096
2.10096
2.10096
2.10096
2.10096
2.10096
2.10096
2.10096
2.10096
2.10096
2.10096
2.10096
2.10096
2.10096
2.10096
2.10096
2.10096
2.10096
2.10096
2.10096
2.10096
2.10096
2.10096
2.10096
2.10096
2.10096
2.10096
2.10096
2.10096
2.10096
2.10096
2.10096
2.10096
2.10096
2.10096
2.10096
2.10096
2.10096
2.10096
2.10096
2.10096
2.10096
2.10096
2.10096
2.10096
2.10096
2.10096
2.10096
2.10096
2.10096
2.10096
2.10096
2.10096
2.10096
2.10096
2.10096
2.10096
2.10096
2.10096
2.10096
2.10096
2.10096
2.10096
2.10096
2.10096
2.10096
2.10096
2.10096
2.10096
2.10096
2.10096
2.10096
2.10096
2.10096
2.10096
2.10096
2.10096
2.10096
2.10096
2.10096
2.10096
2.10096
2.10096
2.10096
2.10096
2.10096
2.10096
2.10096
2.10096
2.10096
2.10096
2.10096
2.10096
2.10096
2.10096
2.10096
2.10096
2.10096
2.10096
2.10096
2.10096
2.10096
2.10096
2.10096
2.10096
2.10096
2.10096
2.10096
2.10096
2.10096
2.10096
2.10096
2.10096
2.10096
2.10096
2.10096
2.10096
2.10096
2.10096
2.10096
2.10096
2.10096
2.10096
2.10096
2.10096
2.10096
2.10096
2.10096
2.10096
2.10096
2.10096
2.10096
2.10096
2.10096
2.10096
2.10096
2.10096
2.10096
2.10096
2.10096
2.10096
2.10096
2.10096
2.10096
2.10096
2.10096
2.10096
2.10096
2.10096
2.10096
2.10096
2.10096
2.10096
2.10096
2.10096
2.10096
2.10096
2.10096
2.10096
2.10096
2.10096
2.10096
2.10096
2.10096
2.10096
2.10096
2.10096
2.10096
2.10096
2.10096
2.10096
2.10096
2.10096
2.10096
2.10096
2.10096
2.10096
2.10096
2.10096
2.10096
2.10096
2.10096
2.10096
2.10096
2.10096
2.10096
2.10096
2.10096
2.10096
2.10096
2.10096
2.10096
2.10096
2.10096
2.10096
2.10096
2.10096
2.10096
2.10096
2.10096
2.10096
2.10096
2.10096
2.10096
2.10096
2.10096
2.10096
2.10096
2.10096
2.10096
2.10096
2.10096
2.10096
2.10096
2.10096
2.10096
2.10096
2.10096
2.10096
2.10096
2.10096
2.10096
2.10096
2.10096
2.10096
2.10096
2.10096
2.10096
2.10096
2.10096
2.10096
2.10096
2.10096
2.10096
2.10096
2.10096
2.10096
2.10096
2.10096
2.10096
2.10096
2.10096
2.10096
2.10096
2.10096
2.10096
2.10096
2.10096
2.10096
2.10096
2.10096
2.10096
2.10096
2.10096
2.10096
2.10096
2.10096
2.10096
2.10096
2.10096
2.10096
2.10096
2.10096
2.10096
2.10096
2.10096
2.10096
2.10096
2.10096
2.10096
2.10096
2.10096
2.10096
2.10096
2.10096
2.10096
2.10096
2.10096
2.10096
2.10096
2.10096
2.10096
2.10096
2.10096
2.10096
2.10096
2.10096
2.10096
2.10096
2.10096
2.10096
2.10096
2.10096
2.10096
2.10096
2.10096
2.10096
2.10096
2.10096
2.10096
2.10096
2.10096
2.10096
2.10096
2.10096
2.10096
2.10096
2.10096
2.10096
2.10096
2.10096
2.10096
2.10096
2.10096
2.10096
2.10096
2.10096
2.10096
2.10096
2.10096
2.10096
2.10096
2.10096
2.10096
2.10096
2.10096
2.10096
2.10096
2.10096
2.10096
2.10096
2.10096
2.10096
2.10096
2.10096
2.10096
2.10096
2.10096
2.10096
2.10096
2.10096
2.10096
2.10096
2.10096
2.10096
2.10096
2.10096
2.10096
2.10096
2.10096
2.10096
2.10096
2.10096
2.10096
2.10096
2.10096
2.10096
2.10096
2.10096
2.10096
2.10096
2.10096
2.10096
2.10096
2.10096
2.10096
2.10096
2.10096
2.10096
2.10096
2.10096
2.10096
2.10096
2.10096
2.10096
2.10096
2.10096
2.10096
2.10096
2.10096
2.10096
2.10096
2.10096
2.10096
2.10096
2.10096
2.10096
2.10096
2.10096
2.10096
2.10096
2.10096
2.10096
2.10096
2.10096
2.10096
2.10096
2.10096
2.10096
2.10096
2.10096
2.10096
2.10096
2.10096
2.10096
2.10096
2.10096
2.10096
2.10096
2.10096
2.10096
2.10096
2.10096
2.10096
2.10096
2.10096
2.10096
2.10096
2.10096
2.10096
2.10096
2.10096
2.10096
2.10096
2.10096
2.10096
2.10096
2.10096
2.10096
2.10096
2.10096
2.10096
2.10096
2.10096
2.10096
2.10096
2.10096
2.10096
2.10096
2.10096
2.10096
2.10096
2.10096
2.10096
2.10096
2.10096
2.10096
2.10096
2.10096
2.10096
2.10096
2.10096
2.10096
2.10096
2.10096
2.10096
2.10096
2.10096
2.10096
2.10096
2.10096
2.10096
2.10096
