# best half averages
52.6413
48.9316
45.3665
41.4342
36.9884
35.3916
32.0819
30.2281
29.2128
28.481
27.5055
27.1466
26.6179
25.9704
25.5001
24.9486
24.4968
23.6572
22.9642
21.8598
20.4546
18.8649
18.3271
17.7266
17.8574
17.0716
16.1192
15.0331
14.1976
13.5638
12.9293
12.6861
11.5832
11.562
11.5597
11.549
11.4726
11.65
10.8559
10.2739
9.80364
9.90222
9.32275
9.26669
9.10815
9.41484
9.22008
8.59787
8.62211
8.6776
8.67193
8.4949
8.33184
8.1985
8.05082
7.83979
7.70176
7.48306
7.47487
7.42728
7.32516
7.1594
6.88058
6.83567
6.77322
6.77102
7.45809
6.94772
7.16042
6.59408
6.54624
6.39578
6.21426
6.12525
6.02867
6.02867
6.02636
6.02405
6.01482
5.98268
5.91326
5.91326
5.91326
5.91317
5.91221
5.90914
5.90025
5.88636
5.86561
5.85393
6.20462
5.80161
5.74728
5.67352
5.61678
5.61678
5.61678
5.61678
5.61678
5.61678
5.61678
5.61678
5.61678
5.61678
5.61678
5.61678
5.61678
5.61678
5.61678
5.76725
5.81651
5.70313
6.53667
5.71006
5.89603
5.69042
5.56424
5.54739
5.54739
5.54739
5.54739
5.54739
5.54739
5.54739
5.54699
5.54699
5.54699
5.54595
5.54797
5.56252
5.52749
5.52749
5.52749
5.52749
5.52712
5.52656
5.52462
5.543
5.51449
5.50908
5.50908
5.50908
5.50908
5.50908
5.50908
5.50908
5.50908
5.50908
5.50907
5.50906
5.61995
5.50902
5.62716
5.50899
6.35025
5.57353
5.50838
5.5081
5.51114
5.50561
5.50519
5.50426
5.50147
5.50147
5.50147
5.50125
5.50147
5.50147
5.50147
5.50143
5.50139
5.5012
5.50035
5.49907
5.49815
5.49562
5.48802
5.48802
5.48802
5.48802
5.48802
5.48802
5.48802
5.48802
5.48802
5.48802
5.4879
5.48741
5.48596
5.48195
5.48183
5.48183
5.48183
5.48145
5.4807
5.47732
5.47569
5.47569
5.47569
5.47569
5.47569
5.47569
5.47569
5.47569
5.47569
5.47569
5.47569
5.47569
5.47569
5.47569
5.47569
5.47569
5.47569
5.47569
5.47569
5.47569
5.47569
5.47569
5.47569
5.47569
5.47491
5.47335
5.46617
5.43693
5.43671
5.43671
5.43671
5.43671
5.4367
5.43669
5.48192
5.43657
5.43655
5.43655
5.43655
5.43655
5.43655
5.43655
5.43655
5.43655
5.43655
5.43655
5.43655
5.43655
5.43655
5.43655
5.43654
5.43652
5.43642
5.43642
5.43642
5.43642
5.43642
5.43642
5.43642
5.43642
5.43642
5.43642
5.43642
5.43642
5.43642
5.43642
5.43642
5.43642
5.43642
5.43642
5.43642
5.43642
5.43642
5.43642
5.43642
5.43642
5.43642
5.43642
5.43642
5.43642
5.43642
5.43642
5.43642
5.43642
5.43642
5.43642
5.43642
5.43642
5.43642
5.43642
5.43642
5.43642
5.43642
5.43642
5.43642
5.43642
5.43642
5.43642
5.43642
5.43642
5.43642
5.43642
5.43642
5.43642
5.43642
5.43642
5.43642
5.43642
5.43642
5.43642
5.43642
5.43642
5.43642
5.43642
5.43642
5.43642
5.43642
5.43642
5.43642
5.43642
5.43642
5.43642
5.43642
5.43642
5.43642
5.43642
5.43642
5.43642
5.43642
5.43642
5.43642
5.43642
5.43642
5.43642
5.43642
5.43642
5.43642
5.43642
5.43642
5.43642
5.43642
5.43642
5.43642
5.43642
5.43642
5.43642
5.43642
5.43642
5.43642
5.43642
5.43642
5.43642
5.43642
5.43642
5.43642
5.43642
5.43642
5.43642
5.43642
5.43642
5.43642
5.43642
5.43642
5.43642
5.43642
5.43642
5.43642
5.43642
5.43642
5.43642
5.43642
5.43642
5.43642
5.43642
5.43642
5.43642
5.43642
5.43642
5.43642
5.43642
5.43642
5.43642
5.43642
5.43642
5.43642
5.43642
5.43642
5.43642
5.43642
5.43642
5.43642
5.43642
5.43642
5.43642
5.43642
5.43642
5.43642
5.43642
5.43642
5.43642
5.43642
5.43642
5.43642
5.43642
5.43642
5.43642
5.43642
5.43642
5.43642
5.43642
5.43642
5.43642
5.43642
5.43642
5.43642
5.43642
5.43642
5.43642
5.43642
5.43642
5.43642
5.43642
5.43642
5.43642
5.43642
5.43642
5.43642
5.43642
5.43642
5.43642
5.43642
5.43642
5.43642
5.43642
5.43642
5.43642
5.43642
5.43642
5.43642
5.43642
5.43642
5.43642
5.43642
5.43642
5.43642
5.43642
5.43642
5.43642
5.43642
5.43642
5.43642
5.43642
5.43642
5.43642
5.43642
5.43642
5.43642
5.43642
5.43642
5.43642
5.43642
5.43642
5.43642
5.43642
5.43642
5.43642
5.43642
5.43642
5.43642
5.43642
5.43642
5.43642
5.43642
5.43642
5.43642
5.43642
5.43642
5.43642
5.43642
5.43642
5.43642
5.43642
5.43642
5.43642
5.43642
5.43642
5.43642
5.43642
5.43642
5.43642
5.43642
5.43642
5.43642
5.43642
5.43642
5.43642
5.43642
5.43642
5.43642
5.43642
5.43642
5.43642
5.43642
5.43642
5.4366
5.43642
5.43642
5.43642
5.43642
5.43642
5.43642
5.43642
5.43642
5.43642
5.43642
5.43642
5.43642
5.43642
5.43642
5.43642
5.43642
5.43642
5.43642
5.43642
5.43642
5.43642
5.43642
5.43642
5.43642
5.43642
5.43642
5.43642
5.43642
5.43642
5.43642
5.43642
5.43642
5.43642
5.43642
5.43642
5.43642
5.43642
5.43642
5.43642
5.43642
5.43642
5.43642
5.43642
5.43642
5.43642
5.43642
5.43642
5.43642
5.43642
5.43642
5.43642
5.43642
5.43642
5.43642
5.43642
5.43642
5.43642
5.43642
5.43642
5.43642
5.43642
5.43642
5.43642
5.43642
5.43642
5.43642
5.43642
5.43642
5.43642
5.43642
5.43642
5.43642
5.43642
5.43642
5.43642
5.43642
5.43642
5.43642
5.43642
5.43642
5.43642
5.43642
5.43642
5.43642
5.43642
5.43642
5.43642
5.43642
5.43642
5.43642
5.43642
5.43642
5.43642
5.43642
5.43642
5.54139
5.43642
5.43642
5.43642
5.43642
5.43642
5.43642
5.43642
5.43642
5.43642
5.43642
5.43642
5.43642
5.43642
5.43642
5.43642
5.43642
5.43642
5.43642
5.43642
5.43642
5.43642
5.43642
5.43642
5.43642
5.43642
5.43642
5.43642
5.43642
5.43642
5.43642
5.43642
5.43642
5.43642
5.43642
5.43642
5.43642
5.43642
5.43642
5.43642
5.43642
5.43642
5.43642
5.43642
5.43642
5.43642
5.43642
5.43642
5.43642
5.43642
5.43642
5.43642
5.43642
5.43642
5.43642
5.43642
5.43642
5.43642
5.43642
5.43642
5.43642
5.43642
5.43642
5.43642
5.43642
5.43642
5.43642
5.43642
5.43642
5.43642
5.43642
5.43642
5.43642
5.43642
5.43642
5.43642
5.43642
5.43642
5.43642
5.43642
5.43642
5.43642
5.43642
5.43642
5.43642
5.43642
5.43642
5.43642
5.43642
5.43642
5.43642
5.43642
5.43642
5.43642
5.46605
5.43642
5.43642
5.43642
5.43642
5.43642
5.43642
5.43642
5.43642
5.43642
5.43642
5.43642
5.43642
5.43642
5.43642
5.43642
5.43642
5.43642
5.43642
5.43642
5.43642
5.43642
5.43642
5.43642
5.43642
5.43642
5.43642
5.43642
5.43642
5.43642
5.43642
5.43642
5.43642
5.43642
5.43642
5.43642
5.43642
5.43642
5.43642
5.43642
5.43642
5.43642
5.43642
5.43642
5.43642
5.43642
5.43642
5.43642
5.43642
5.43642
5.43642
5.43642
5.43642
5.43642
5.43642
5.43642
5.43642
5.43642
5.43642
5.43642
5.43642
5.43642
5.43642
5.43642
5.43642
5.43642
5.43642
5.43642
5.43642
5.43642
5.43642
5.43642
5.43642
5.43642
5.43642
5.43642
5.43642
5.43642
5.43642
5.43642
5.43642
5.43642
5.43642
5.43642
5.43642
5.43642
5.43642
5.43642
5.43642
5.43642
5.43642
5.43642
5.43642
5.43642
5.43642
5.43642
5.43642
5.43642
5.43642
5.43642
5.43642
5.43642
5.43642
5.43642
5.43642
5.43642
5.43642
5.43642
5.43642
5.43642
5.43642
5.43642
5.43642
5.43642
5.43642
5.43642
5.43642
5.43642
5.43642
5.43642
5.43642
5.43642
5.43642
5.43642
5.43642
5.43642
5.43642
5.43642
5.43642
5.43642
5.43642
5.43642
5.43642
5.43642
5.43642
5.43642
5.43642
5.43642
5.43642
5.43642
5.43642
5.43642
5.43642
5.43642
5.43642
5.43642
5.43642
5.43642
5.43642
5.43642
5.43642
5.43642
5.43642
5.43642
5.43642
5.43642
5.43642
5.43642
5.43642
5.43642
5.43642
5.43642
5.43642
5.43642
5.43642
5.43642
5.43642
5.43642
5.43642
5.43642
5.43642
5.43642
5.43642
5.43642
5.43642
5.43642
5.43642
5.43642
5.43642
5.43642
5.43642
5.43642
5.43642
5.43642
5.43642
5.43642
5.43642
5.43642
5.43642
5.43642
5.43642
5.43642
5.43642
5.43642
5.43642
5.43642
5.43642
5.43642
5.43642
5.43642
5.43642
5.43642
5.43642
5.43642
5.43642
5.43642
5.43642
5.43642
5.43642
5.43642
5.43642
5.43642
5.43642
5.43642
5.43642
5.43642
5.43642
5.43642
5.43642
5.43642
5.43642
5.43642
5.43642
5.43642
5.43642
5.43642
5.43642
5.43642
5.43642
5.43642
5.43642
5.43642
5.43642
5.43642
5.43642
5.43642
5.43642
5.43642
5.43642
5.43642
5.43642
5.43642
5.43642
5.43642
5.43642
5.43642
5.43642
5.43642
5.43642
5.43642
5.43642
5.43642
5.43642
5.43642
5.43642
5.43642
5.43642
5.43642
5.43642
5.43642
5.43642
5.43642
5.43642
5.43642
5.43642
5.43642
5.43642
5.43642
5.43642
5.43642
5.43642
5.43642
5.43642
5.43642
5.43642
5.43642
5.43642
5.43642
5.43642
5.43642
5.43642
5.43642
5.43642
5.43642
5.43642
5.43642
5.43642
5.43642
5.43642
5.43642
5.43642
5.43642
5.43642
5.43642
5.43642
5.43642
5.43642
5.43642
5.43642
5.43642
5.43642
5.43642
5.43642
5.43642
5.43642
5.43642
5.43642
5.43642
5.43642
5.43642
