# best half averages
53.1029
47.0713
43.4722
40.2399
37.0306
33.3839
31.4154
28.7006
26.3969
24.4343
22.64
22.0165
20.5858
19.4552
18.9956
18.4469
17.3316
17.146
17.0268
16.5798
16.4474
16.5075
15.9955
15.4793
14.6278
14.1429
13.6301
12.6186
12.1154
11.9129
11.4499
11.3031
11.0095
10.9065
10.2056
9.97346
9.58673
9.11757
9.13762
9.00625
8.88823
8.85642
8.81844
8.76413
8.71416
8.72576
8.54077
8.29865
8.04857
8.02245
7.97677
7.96004
7.94799
7.90297
7.90887
7.74884
7.74584
7.73845
7.72497
7.68672
7.68653
7.68392
7.68112
7.64465
7.54649
7.54649
7.54547
7.54037
7.51385
7.49549
7.48246
7.45638
7.2478
6.84132
6.82827
6.78651
6.72658
6.72658
6.72658
6.72658
6.72658
6.72658
6.72658
6.72658
6.72658
6.72658
6.72658
6.72658
6.72658
6.7265
6.72635
6.72572
6.72353
6.71909
6.71013
6.68505
6.6312
6.54403
6.54403
6.54403
6.54403
6.54403
6.54403
6.54403
6.54403
6.54403
6.54403
6.54403
6.54403
6.54403
6.54403
6.54403
6.54403
6.54403
6.54179
6.51942
6.44346
6.42366
6.44185
6.36408
6.32578
6.32578
6.32578
6.32578
6.32403
6.32053
6.28723
6.23817
6.23817
6.23817
6.23817
6.23817
6.23817
6.23817
6.23817
6.23817
6.23817
6.23817
6.23817
6.23817
6.23817
6.23817
6.23817
6.23817
6.23817
6.32323
6.23817
6.23719
6.23292
6.21402
6.18942
6.18942
6.18942
6.18942
6.18942
6.18942
6.18942
6.18838
6.18631
6.18216
6.15923
6.1376
6.1376
6.1376
6.1375
6.13717
6.13678
6.13596
6.1332
6.13206
6.13079
6.17067
6.12148
6.12148
6.12148
6.12148
6.12148
6.12148
6.12148
6.12148
6.12148
6.12148
6.12148
6.12148
6.12148
6.12148
6.12148
6.12148
6.12148
6.12148
6.12148
6.12148
6.12148
6.12148
6.12148
6.12148
6.1214
6.12114
6.11896
6.11695
6.11493
6.10955
6.10046
6.10046
6.10046
6.10046
6.10046
6.10046
6.10046
6.10046
6.10046
6.10046
6.10046
6.10046
6.10046
6.10046
6.10046
6.10031
6.09986
6.09868
6.09469
6.09305
6.09305
6.09305
6.09305
6.09305
6.09305
6.09305
6.09305
6.09305
6.09305
6.09305
6.09305
6.09305
6.09305
6.09305
6.09305
6.09305
6.09305
6.09305
6.09305
6.09305
6.09305
6.09206
6.08911
6.07828
6.04381
6.04381
6.04381
6.04381
6.04381
6.04381
6.04381
6.04381
6.04381
6.04381
6.04381
6.04381
6.04381
6.04381
6.04381
6.04381
6.04381
6.04381
6.04381
6.04381
6.04381
6.04381
6.04381
6.04381
6.04381
6.04381
6.04381
6.04381
6.04381
6.04381
6.04381
6.04381
6.04381
6.04381
6.04381
6.04381
6.04381
6.04381
6.04381
6.04381
6.04381
6.04381
6.04381
6.04381
6.04381
6.04381
6.04381
6.04381
6.04381
6.04381
6.04381
6.04381
6.04381
6.04381
6.04381
6.04381
6.04381
6.04381
6.04381
6.04381
6.04381
6.04381
6.04381
6.04381
6.04381
6.04381
6.04381
6.04381
6.04381
6.04381
6.04381
6.04381
6.04381
6.04381
6.04381
6.04381
6.04381
6.04381
6.04381
6.04381
6.04381
6.04381
6.04381
6.04381
6.04381
6.04381
6.04381
6.04381
6.04381
6.04381
6.04381
6.04381
6.04381
6.04381
6.04381
6.04381
6.04381
6.04381
6.04381
6.04381
6.04381
6.04381
6.04381
6.04381
6.04381
6.04381
6.04381
6.04381
6.04381
6.04381
6.04381
6.04381
6.04381
6.04381
6.04381
6.04381
6.04381
6.04381
6.04381
6.04381
6.04381
6.04381
6.04381
6.04381
6.04381
6.04381
6.04381
6.04381
6.04381
6.04381
6.04381
6.04381
6.04381
6.04381
6.04381
6.04381
6.04381
6.04381
6.04381
6.04381
6.04381
6.04381
6.04381
6.04381
6.04381
6.04381
6.04381
6.04381
6.04381
6.04381
6.04381
6.04381
6.04381
6.04381
6.04381
6.04381
6.04381
6.04381
6.04381
6.04381
6.04381
6.04381
6.04381
6.04381
6.04381
6.04381
6.04381
6.04381
6.04381
6.04381
6.04381
6.04381
6.04381
6.04381
6.04381
6.04381
6.04381
6.04381
6.04381
6.04381
6.04381
6.04381
6.04381
6.04381
6.04381
6.04381
6.04381
6.04381
6.04381
6.04381
6.04381
6.04381
6.04381
6.04381
6.04381
6.04381
6.04381
6.04381
6.04381
6.04381
6.04381
6.04381
6.04381
6.04381
6.04381
6.04381
6.04381
6.04381
6.04381
6.04381
6.04381
6.04381
6.04381
6.04381
6.04381
6.04381
6.04381
6.04381
6.04381
6.04381
6.04381
6.04381
6.04381
6.04381
6.04381
6.04381
6.04381
6.04381
6.04381
6.04381
6.04381
6.04381
6.04381
6.04381
6.04381
6.04381
6.04381
6.04381
6.04381
6.04381
6.04381
6.04381
6.04381
6.04381
6.04381
6.04381
6.04381
6.04381
6.04381
6.04381
6.04381
6.04381
6.04381
6.04381
6.04202
6.03664
6.0259
5.99066
5.95425
5.95425
5.95425
5.95425
5.95425
5.95425
5.95425
5.95425
5.95425
5.95425
5.95425
5.95425
5.95425
5.95425
5.95425
5.95425
5.95425
5.95425
5.95425
5.95425
5.95425
5.95425
5.95425
5.95425
5.95425
5.95425
5.95425
5.95425
5.95425
5.95425
5.95425
5.95425
5.95305
5.95305
5.95184
5.94823
5.93378
5.89405
5.89405
5.89405
5.89405
5.89405
5.89405
5.89405
5.89405
5.89405
5.89405
5.89405
5.89405
5.89405
5.89405
5.89405
5.89405
5.89405
5.89405
5.89405
5.89405
5.89405
5.89405
5.89405
5.89405
5.89405
5.89405
5.89405
5.89405
5.89405
5.89405
5.89405
5.89405
5.89405
5.89405
5.89405
5.89405
5.89405
5.89405
5.89405
5.89405
5.89405
5.89405
5.89405
5.89405
5.89405
5.89405
5.89405
5.89405
5.89405
5.89405
5.89405
5.89405
5.89405
5.89405
5.89405
5.89405
5.89405
5.89405
5.89405
5.89405
5.89405
5.89405
5.89405
5.89405
5.89405
5.89405
5.89405
5.89405
5.89405
5.89405
5.89405
5.89405
5.89405
5.89405
5.89405
5.89405
5.89405
5.89405
5.89405
5.89405
5.89405
5.89405
5.89405
5.89405
5.89405
5.89405
5.89405
5.89405
5.89405
5.89405
5.89405
5.89405
5.89405
5.89405
5.89405
5.89405
5.89405
5.89405
5.89405
5.89405
5.89405
5.89405
5.89405
5.89405
5.89405
5.89405
5.89405
5.89405
5.89405
5.89405
5.89405
5.89405
5.89405
5.89405
5.89405
5.89405
5.89405
5.89405
5.89405
5.89405
5.89405
5.89405
5.89405
5.89405
5.89405
5.89405
5.89405
5.89405
5.89405
5.89405
5.89405
5.89405
5.89405
5.89405
5.89405
5.89405
5.89405
5.89405
5.89405
5.89405
5.89405
5.89405
5.89405
5.89405
5.89405
5.89405
5.89405
5.89405
5.89405
5.89405
5.89405
5.89405
5.89405
5.89405
5.89405
5.89405
5.88969
5.86787
5.78932
5.67587
5.67587
5.67587
5.67587
5.67587
5.67587
5.67587
5.67587
5.67587
5.67587
5.67169
5.6508
5.57617
5.46692
5.46692
5.46692
5.46692
5.46692
5.46692
5.46692
5.46692
5.46692
5.46692
5.46468
5.45793
5.45118
5.40397
5.3545
5.3545
5.3545
5.3545
5.3545
5.3545
5.3545
5.3545
5.3545
5.3545
5.3545
5.3545
5.3545
5.3545
5.3516
5.3487
5.33132
5.28494
5.20954
5.20954
5.20954
5.20954
5.20954
5.20954
5.20954
5.20954
5.20954
5.20954
5.20954
5.20954
5.20954
5.20954
5.20954
5.20954
5.20481
5.20009
5.167
5.04054
4.97323
4.97323
4.97323
4.97323
4.97323
4.97323
4.97323
4.97323
4.97323
4.97323
4.97323
4.97323
4.97207
4.96974
4.96624
4.95433
4.91491
4.91491
4.91491
4.91491
4.91491
4.91491
4.91491
4.91491
4.91491
4.91491
4.91491
4.91491
4.91491
4.91491
4.91491
4.91491
4.91491
4.91491
4.91491
4.91491
4.91491
4.91491
4.91491
4.91491
4.91491
4.91491
4.91491
4.91491
4.91491
4.91491
4.91491
4.91491
4.91491
4.91491
4.91491
4.91491
4.91491
4.91491
4.91491
4.91491
4.91491
4.91491
4.91491
4.91491
4.91491
4.91491
4.91491
4.91491
4.91491
4.91491
4.91491
4.91491
4.91491
4.91491
4.91491
4.91491
4.91491
4.91491
4.91491
4.91491
4.91491
4.91491
4.91491
4.91491
4.91491
4.91491
4.91491
4.91491
4.91491
4.91491
4.91491
4.91491
4.91491
4.91491
4.91491
4.91491
4.91491
4.91491
4.91491
4.91491
4.91491
4.91491
4.91491
4.91491
4.91491
4.91491
4.91491
4.91491
4.91491
4.91491
4.91491
4.91491
4.91491
4.91491
4.91491
4.91491
4.91491
4.91491
4.91491
4.91491
4.91491
4.91491
4.91491
4.91491
4.91491
4.91491
4.91491
4.91491
4.91491
4.91491
4.91491
4.91491
4.91491
4.91491
4.91491
4.91491
4.91394
4.91394
4.91394
4.90809
4.89249
4.86616
4.86616
4.86616
4.86616
4.86616
4.86616
4.86616
4.86616
4.86616
4.86616
4.86616
4.86616
4.86616
4.86616
4.86616
4.86616
4.86616
4.86616
4.86616
4.86616
4.86616
4.86616
4.86616
4.86616
4.86616
4.86616
4.86616
4.86616
4.86616
4.86616
4.86616
4.86616
4.86616
4.86616
4.86616
4.86616
4.86616
4.86616
4.86616
4.86616
4.86616
4.86616
4.86616
4.86616
4.86616
4.86616
4.86616
4.86616
4.86616
4.86616
4.86616
4.86616
4.86616
4.86616
4.86616
4.86616
4.86616
4.86616
4.86616
4.86616
4.86616
4.86616
4.86616
4.86616
4.86616
4.86616
4.86616
4.86616
4.86616
4.86616
4.86616
4.86616
4.86616
4.86616
4.86616
4.86616
4.86616
4.86616
4.86616
4.86616
4.86616
4.86616
4.86616
4.86616
4.86616
4.86616
4.86616
4.86616
4.86616
4.86616
4.86616
4.86616
4.86616
4.86616
4.86616
4.86616
4.86616
4.86616
