# best half averages
52.347
47.7777
42.7282
37.6453
34.0903
31.7218
28.6877
27.7115
26.1267
24.5394
23.1577
22.8987
22.9663
22.0383
19.4011
16.1615
15.9319
15.2623
14.873
13.9769
13.7148
13.6736
13.2377
13.2264
13.645
13.9556
13.3077
12.6858
12.6446
12.5795
12.2276
11.1382
10.2872
9.71162
9.26991
8.67087
8.24734
8.23139
8.18318
8.0519
8.0519
8.05005
8.04451
8.02788
7.95954
7.95954
7.95954
7.95954
7.95954
7.95954
7.95816
7.95816
7.95473
7.92466
7.81037
7.46417
7.38518
7.37672
7.3258
7.13425
7.00863
6.67992
5.93789
5.9377
5.9337
5.92771
5.94593
5.91047
5.87882
5.85872
5.87134
5.86123
5.8
5.73527
5.72116
5.7006
5.73443
5.66363
5.73442
6.52181
5.86685
5.29184
5.29184
5.29184
5.29184
5.29184
5.29184
5.28978
5.28075
5.27269
5.17759
5.14445
5.05179
4.95742
4.9541
4.88156
4.65315
4.55728
4.43705
4.43026
4.40989
4.34817
4.34817
4.35555
4.35555
4.35555
4.35555
4.35555
4.35555
4.35555
4.35356
4.34956
4.33455
4.28448
4.23821
4.21363
4.20441
4.20441
4.20441
4.20031
4.20441
4.19702
4.19706
4.20002
4.20002
4.19507
4.19703
4.19887
4.19887
4.19887
4.19887
4.19887
4.19887
4.19887
4.19887
4.19149
4.17435
4.28875
4.19968
4.14741
4.23985
4.38595
4.12079
3.82633
3.82176
3.82105
3.82105
3.82105
3.82105
3.82105
3.82105
3.82105
3.82105
3.82105
3.82105
3.82105
3.96674
3.82105
3.82105
3.82105
3.82105
3.82105
3.80878
3.81082
3.79885
3.77461
3.66673
3.51834
3.44613
3.42785
3.41007
3.35143
3.19958
3.00578
3.00616
3.00616
3.00616
3.00604
3.00592
3.00506
2.99973
3.00002
3.00002
3.00002
2.9994
2.99717
2.99579
2.98909
2.97307
2.96837
2.96723
2.96418
2.95846
2.95008
2.94973
2.94939
2.94835
2.94765
2.94286
2.93723
2.93174
2.93057
2.92691
2.92544
2.92534
2.92524
2.92494
2.92433
2.92362
2.92158
2.92036
2.92036
2.92036
2.92036
2.92036
2.917
2.92036
2.92036
2.92036
2.92036
2.92036
2.92036
2.92036
2.92036
2.92036
2.92036
2.92036
2.92036
2.92036
2.92036
2.92036
2.92036
2.92036
2.92036
2.92036
2.92036
2.92036
2.92036
2.92036
2.92036
2.92036
2.9187
2.9187
2.91539
2.90709
2.89547
2.83738
2.83738
2.83738
2.83738
2.83738
2.83738
2.83738
2.84863
2.83738
2.83738
2.83738
2.83738
2.83738
2.83738
2.83738
2.83738
2.83402
2.83065
2.83265
2.82729
2.82729
2.83065
2.83402
2.83738
2.83402
2.83065
2.82374
2.79646
2.75217
2.67054
2.66181
2.62485
2.60268
2.57312
2.43974
2.29967
2.29967
2.29967
2.29967
2.29967
2.29954
2.29913
2.29778
2.29656
2.29291
2.29291
2.29291
2.29291
2.29291
2.29291
2.29291
2.29291
2.29291
2.29291
2.29291
2.29291
2.29291
2.29291
2.29291
2.29291
2.29291
2.29291
2.29291
2.29291
2.29291
2.29291
2.29291
2.29291
2.29291
2.29291
2.29291
2.29291
2.29291
2.29291
2.29291
2.29291
2.29291
2.29291
2.29291
2.29291
2.29291
2.29291
2.29291
2.29291
2.29291
2.29291
2.29291
2.29291
2.29291
2.29291
2.2892
2.2892
2.29291
2.29291
2.29287
2.29281
2.29274
2.29261
2.29235
2.29166
2.29126
2.29126
2.29126
2.29126
2.29126
2.29126
2.29126
2.29126
2.29126
2.29126
2.29126
2.29126
2.29126
2.29126
2.29126
2.29126
2.29126
2.29126
2.29126
2.29126
2.29126
2.29126
2.29126
2.29126
2.29126
2.29126
2.29126
2.29126
2.29126
2.29126
2.29126
2.29126
2.29126
2.29126
2.29126
2.29126
2.29126
2.29106
2.29106
2.29026
2.28805
2.28504
2.28123
2.28123
2.28123
2.28123
2.28123
2.28123
2.28123
2.28123
2.28123
2.28123
2.28123
2.28123
2.28123
2.28123
2.28123
2.28123
2.28123
2.28123
2.28123
2.28123
2.28123
2.28123
2.28123
2.28123
2.28123
2.28123
2.28123
2.28123
2.28123
2.28123
2.28123
2.28123
2.28123
2.28123
2.28123
2.28123
2.28123
2.28123
2.28123
2.28123
2.28123
2.28123
2.28123
2.28123
2.28123
2.28123
2.28123
2.27762
2.27402
2.2668
2.25238
2.22715
2.18042
2.10096
2.10096
2.10096
2.10096
2.10096
2.10096
2.10096
2.10096
2.10096
2.10096
2.10096
2.10096
2.10096
2.10096
2.10096
2.10096
2.10096
2.10096
2.10096
2.10096
2.10096
2.10096
2.10096
2.10096
2.10096
2.10096
2.10096
2.10096
2.10096
2.10096
2.10096
2.10096
2.10096
2.10096
2.10096
2.10096
2.10096
2.10096
2.10096
2.10096
2.10096
2.10096
2.10096
2.10096
2.10096
2.10096
2.10096
2.10096
2.10096
2.10096
2.10096
2.10096
2.10096
2.10096
2.10096
2.10096
2.10096
2.10096
2.10096
2.10096
2.10096
2.10096
2.10096
2.10096
2.10096
2.10096
2.10096
2.10096
2.10096
2.10096
2.10096
2.10096
2.10096
2.10096
2.10096
2.10096
2.10096
2.10096
2.10096
2.10096
2.10096
2.10096
2.10096
2.10096
2.10096
2.10096
2.10096
2.10096
2.10096
2.10096
2.10096
2.10096
2.10096
2.10096
2.10096
2.10096
2.10096
2.10096
2.10096
2.10096
2.10096
2.10096
2.10096
2.10096
2.10096
2.10096
2.10096
2.10096
2.10096
2.10096
2.10096
2.10096
2.10096
2.10096
2.10096
2.10096
2.10096
2.10096
2.10096
2.10096
2.10096
2.10096
2.10096
2.10096
2.10096
2.10096
2.10096
2.10096
2.10096
2.10096
2.10096
2.10096
2.10096
2.10096
2.10096
2.10096
2.10096
2.10096
2.10096
2.10096
2.10096
2.10096
2.10096
2.10096
2.10096
2.10096
2.10096
2.10096
2.10096
2.10096
2.10096
2.10096
2.10096
2.10096
2.10096
2.10096
2.10096
2.10096
2.10096
2.10096
2.10096
2.10096
2.10096
2.10096
2.10096
2.10096
2.10096
2.10096
2.10096
2.10096
2.10096
2.10096
2.10096
2.10096
2.10096
2.10096
2.10096
2.10096
2.10096
2.10096
2.10096
2.10096
2.10096
2.10096
2.10096
2.10096
2.10096
2.10096
2.10096
2.10096
2.10096
2.10096
2.10096
2.10096
2.10096
2.10096
2.10096
2.10096
2.10096
2.10096
2.10096
2.10096
2.10096
2.10096
2.10096
2.10096
2.10096
2.10096
2.10096
2.10096
2.10096
2.10096
2.10096
2.10096
2.10096
2.10096
2.10096
2.10096
2.10096
2.10096
2.10096
2.10096
2.10096
2.10096
2.10096
2.10096
2.10096
2.10096
2.10096
2.10096
2.10096
2.10096
2.10096
2.10096
2.10096
2.10096
2.10096
2.10096
2.10096
2.10096
2.10096
2.10096
2.11766
2.10096
2.10096
2.10096
2.10096
2.10096
2.10096
2.10096
2.10096
2.10096
2.10096
2.10096
2.10096
2.10096
2.10096
2.10096
2.10096
2.10096
2.10096
2.10096
2.10096
2.10096
2.10096
2.10096
2.10096
2.10096
2.10096
2.10096
2.10096
2.10096
2.10096
2.10096
2.10096
2.10096
2.10096
2.10096
2.10096
2.10096
2.10096
2.10096
2.10096
2.10096
2.10096
2.10096
2.10096
2.10096
2.10096
2.10096
2.10096
2.10096
2.10096
2.10096
2.10096
2.10096
2.10096
2.10096
2.10096
2.10096
2.10096
2.10096
2.10096
2.10096
2.10096
2.10096
2.10096
2.10096
2.10096
2.10096
2.10096
2.10096
2.10096
2.10096
2.10096
2.10096
2.10096
2.10096
2.10096
2.10096
2.10096
2.10096
2.10096
2.10096
2.10096
2.10096
2.10096
2.10096
2.10096
2.10096
2.10096
2.10096
2.10096
2.10096
2.10096
2.10096
2.10096
2.10096
2.10096
2.10096
2.10096
2.10096
2.10096
2.10096
2.10096
2.10096
2.10096
2.10096
2.10096
2.10096
2.10096
2.10096
2.10096
2.10096
2.10096
2.10096
2.10096
2.10096
2.10096
2.10096
2.10096
2.10096
2.10096
2.10096
2.10096
2.10096
2.10096
2.10096
2.10096
2.10096
2.10096
2.10096
2.10096
2.10096
2.10096
2.10096
2.10096
2.10096
2.10096
2.10096
2.10096
2.10096
2.10096
2.10096
2.10096
2.10096
2.10096
2.10096
2.10096
2.10096
2.10096
2.10096
2.10096
2.10096
2.10096
2.10096
2.10096
2.10096
2.10096
2.10096
2.10096
2.10096
2.10096
2.10096
2.10096
2.10096
2.10096
2.10096
2.10096
2.10096
2.10096
2.10096
2.10096
2.10096
2.10096
2.10096
2.10096
2.10096
2.10096
2.10096
2.10096
2.10096
2.10096
2.10096
2.10096
2.10096
2.10096
2.10096
2.10096
2.10096
2.10096
2.10096
2.10096
2.10096
2.10096
2.10096
2.10096
2.10096
2.10096
2.10096
2.10096
2.10096
2.10096
2.10096
2.10096
2.10096
2.10096
2.10096
2.10096
2.10096
2.10096
2.10096
2.10096
2.10096
2.10096
2.10096
2.10096
2.10096
2.10096
2.10096
2.10096
2.10096
2.10096
2.10096
2.10096
2.10096
2.10096
2.10096
2.10096
2.10096
2.10096
2.10096
2.10096
2.10096
2.10096
2.10096
2.10096
2.10096
2.10096
2.10096
2.10096
2.10096
2.10096
2.10096
2.10096
2.10096
2.10096
2.10096
2.10096
2.10096
2.10096
2.10096
2.10096
2.10096
2.10096
2.10096
2.10096
2.10096
2.10096
2.10096
2.10096
2.10096
2.10096
2.10096
2.10096
2.10096
2.10096
2.10096
2.10096
2.10096
2.10096
2.10096
2.10096
2.10096
2.10096
2.10096
2.10096
2.10096
2.10096
2.10096
2.10096
2.10096
2.10096
2.10096
2.10096
2.10096
2.10096
2.10096
2.10096
2.10096
2.10096
2.10096
2.10096
2.10096
2.10096
2.10096
2.10096
2.10096
2.10096
2.10096
2.10096
2.10096
2.10096
2.10096
2.10096
2.10096
2.10096
2.10096
2.10096
2.10096
2.10096
2.10096
2.10096
2.10096
2.10096
2.10096
2.10096
2.10096
2.10096
