# best half averages
51.5513
46.2267
42.4003
39.2446
37.0124
35.7999
32.652
30.2006
28.6079
27.3422
24.6824
23.8094
22.8426
20.4033
19.7564
18.6122
17.9954
18.6764
17.4506
17.0322
15.9003
15.712
15.6076
15.3447
14.7822
14.6933
14.5072
13.3734
12.305
12.0339
11.1146
10.3185
10.043
9.20919
8.9406
8.82549
8.59361
8.53521
8.46319
8.40233
8.42805
8.08919
7.96649
7.65595
7.52033
7.47837
7.34799
7.32568
7.30085
7.2824
7.20651
6.98137
6.85262
6.80165
6.76144
6.6412
6.5216
6.48527
6.40418
6.34084
6.30195
6.22743
6.12809
5.98214
5.84724
5.73311
5.70532
5.69253
5.74809
5.53247
5.40962
5.23881
5.07189
4.85532
4.9448
4.69824
4.64168
4.78763
4.61474
4.40029
4.35118
4.07376
4.07007
4.05669
4.05161
4.04663
4.04663
4.03471
4.02084
3.9651
3.75544
3.68615
3.66018
3.62654
3.56913
3.48927
3.41444
3.35124
3.59609
3.32156
3.20108
3.13739
3.05771
2.79391
2.67187
2.61334
2.60017
2.58952
2.58794
2.58616
2.57835
2.57405
2.57007
2.57007
2.57007
2.57007
2.57007
2.57007
2.57007
2.57007
2.57007
2.57007
2.57007
2.57007
2.57007
2.57007
2.57007
2.57007
2.57007
2.57007
2.56963
2.567
2.56174
2.54771
2.54606
2.54311
2.52798
2.51839
2.50706
2.47858
2.41824
2.41824
2.41824
2.41824
2.41824
2.41824
2.41824
2.41824
2.41824
2.41824
2.41379
2.41379
2.41824
2.41824
2.41824
2.41824
2.41824
2.41824
2.4163
2.41436
2.41048
2.4062
2.40889
2.56583
2.36585
2.32122
2.32122
2.32122
2.32122
2.32122
2.32122
2.32122
2.32122
2.32122
2.32122
2.32122
2.32122
2.32122
2.32122
2.32122
2.32122
2.32122
2.32122
2.32122
2.32122
2.32122
2.32122
2.32122
2.32122
2.32122
2.32122
2.32122
2.32122
2.32122
2.32122
2.3212
2.31766
2.31411
2.32122
2.32122
2.32122
2.32122
2.31766
2.31055
2.31766
2.31766
2.31411
2.30344
2.29277
2.23942
2.18608
2.1434
2.1434
2.1434
2.14338
2.1434
2.1434
2.1434
2.1434
2.1434
2.1434
2.1434
2.1434
2.1434
2.1434
2.1434
2.1434
2.1434
2.1434
2.1434
2.1434
2.1434
2.1434
2.1434
2.1434
2.1434
2.1434
2.1434
2.1434
2.1434
2.1434
2.13895
2.1434
2.1434
2.1434
2.1434
2.1434
2.1434
2.1434
2.1434
2.1434
2.1434
2.1434
2.1434
2.1434
2.1434
2.1434
2.1434
2.1434
2.1434
2.1434
2.1434
2.1434
2.1434
2.1434
2.1434
2.1434
2.1434
2.1434
2.1434
2.1434
2.1434
2.1434
2.1434
2.1434
2.1434
2.1434
2.1434
2.1434
2.1434
2.1434
2.1434
2.1434
2.1434
2.1434
2.1434
2.1434
2.1434
2.1434
2.1434
2.13893
2.1434
2.1434
2.1434
2.1434
2.1434
2.1434
2.14338
2.14333
2.14328
2.14305
2.1427
2.14257
2.14257
2.14257
2.14257
2.14257
2.14257
2.14257
2.14257
2.14257
2.14257
2.14257
2.14257
2.14257
2.14257
2.14257
2.14257
2.14257
2.14257
2.14257
2.14257
2.14257
2.14257
2.14257
2.14257
2.14257
2.14257
2.14257
2.14257
2.14257
2.14257
2.14257
2.14257
2.14257
2.14257
2.14257
2.14257
2.14257
2.14257
2.14257
2.14257
2.14257
2.14257
2.14257
2.14257
2.14257
2.14257
2.14257
2.14257
2.14257
2.14257
2.13812
2.13367
2.13367
2.12032
2.09362
2.10252
2.08027
1.97793
1.92008
1.92008
1.92008
1.92008
1.92008
1.92008
1.92008
1.92008
1.92008
1.92008
1.92008
1.92008
1.92008
1.92008
1.92008
1.92008
1.92008
1.92008
1.92008
1.92008
1.92008
1.92008
1.92008
1.92008
1.92008
1.92008
1.92008
1.92008
1.92008
1.92008
1.92008
1.92008
1.92008
1.92008
1.92008
1.92008
1.92008
1.92008
1.92008
1.92008
1.92008
1.92008
1.92008
1.92008
1.92008
1.92008
1.92008
1.92008
1.92008
1.92008
1.92008
1.92008
1.92008
1.92008
1.92008
1.92008
1.92008
1.92008
1.92008
1.92008
1.92008
1.92008
1.92008
1.92008
1.92008
1.92008
1.92008
1.92008
1.92008
1.92008
1.92008
1.92008
1.92008
1.92008
1.92008
1.92008
1.92008
1.92008
1.92008
1.92008
1.92008
1.92008
1.92008
1.92008
1.92008
1.92008
1.92008
1.92008
1.92008
1.92008
1.92008
1.92008
1.92008
1.92008
1.92008
1.92008
1.92008
1.92008
1.92008
1.92008
1.92008
1.92008
1.92008
1.92008
1.92008
1.92008
1.92008
1.92008
1.92008
1.92008
1.92008
1.92008
1.92008
1.92008
1.92008
1.92008
1.92008
1.92008
1.92008
1.92008
1.92008
1.92008
1.92008
1.92008
1.92008
1.92008
1.92008
1.92008
1.92008
1.92008
1.92008
1.92008
1.92008
1.92008
1.92008
1.92008
1.92008
1.92008
1.92008
1.92008
1.92008
1.92008
1.92008
1.92008
1.92008
1.92008
1.92008
1.92008
1.92008
1.92008
1.92008
1.92008
1.92008
1.92008
1.92008
1.92008
1.92008
1.92008
1.92008
1.92008
1.92008
1.92008
1.92008
1.92008
1.92008
1.92008
1.92008
1.92008
1.92008
1.92008
1.92008
1.92008
1.92008
1.92008
1.92008
1.92008
1.92008
1.92008
1.92008
1.92008
1.92008
1.92008
1.92008
1.92008
1.92008
1.92008
1.92008
1.92008
1.92008
1.92008
1.92008
1.92008
1.92008
1.92008
1.92008
1.92008
1.92008
1.92008
1.92008
1.92008
1.92008
1.92008
1.92008
1.92008
1.92008
1.92008
1.92008
1.92008
1.92008
1.92008
1.92008
1.92008
1.92008
1.92008
1.92008
1.92008
1.92008
1.92008
1.92008
1.92008
1.92008
1.92008
1.92008
1.92008
1.92008
1.92008
1.92008
1.92008
1.92008
1.92008
1.92008
1.92008
1.92008
1.92008
1.92008
1.92008
1.92008
1.92008
1.92008
1.92008
1.92008
1.92008
1.92008
1.92008
1.92008
1.92008
1.92008
1.92008
1.92008
1.92008
1.92008
1.92008
1.92008
1.92008
1.92008
1.92008
1.92008
1.92008
1.92008
1.92008
1.92008
1.92008
1.92008
1.92008
1.92008
1.92008
1.92008
1.92008
1.92008
1.92008
1.92008
1.92008
1.92008
1.92008
1.92008
1.92008
1.92008
1.92008
1.92008
1.92008
1.92008
1.92008
1.92008
1.92008
1.92008
1.92008
1.92008
1.92008
1.92008
1.92008
1.92008
1.92008
1.92008
1.92008
1.92008
1.92008
1.92008
1.92008
1.92008
1.92008
1.92008
1.92008
1.92008
1.92008
1.92008
1.92008
1.92008
1.92008
1.92008
1.92008
1.92008
1.92008
1.92008
1.92008
1.92008
1.92008
1.92008
1.92008
1.92008
1.92008
1.92008
1.92008
1.92008
1.92008
1.92008
1.92008
1.92008
1.92008
1.92008
1.92008
1.92008
1.92008
1.92008
1.92008
1.92008
1.92008
1.92008
1.92008
1.92008
1.92008
1.92008
1.92008
1.92008
1.92008
1.92008
1.92008
1.92008
1.92008
1.92008
1.92008
1.92008
1.92008
1.92008
1.92008
1.92008
1.92008
1.92008
1.92008
1.92008
1.92008
1.92008
1.92008
1.92008
1.92008
1.92008
1.92008
1.92008
1.92008
1.92008
1.92008
1.92008
1.92008
1.92008
1.92008
1.92008
1.92008
1.92008
1.92008
1.92008
1.92008
1.92008
1.92008
1.92008
1.92008
1.92008
1.92008
1.92008
1.92008
1.92008
1.92008
1.92008
1.92008
1.92008
1.92008
1.92008
1.92008
1.92008
1.92008
1.92008
1.92008
1.92008
1.92008
1.92008
1.92008
1.92008
1.92008
1.92008
1.92008
1.92008
1.92008
1.92008
1.92008
1.92008
1.92008
1.92008
1.92008
1.92008
1.92008
1.92008
1.92008
1.92008
1.92008
1.92008
1.92008
1.92008
1.92008
1.92008
1.92008
1.92008
1.92008
1.92008
1.92008
1.92008
1.92008
1.92008
1.92008
1.92008
1.92008
1.92008
1.92008
1.92008
1.92008
1.92008
1.92008
1.92008
1.92008
1.92008
1.92008
1.92008
1.92008
1.92008
1.92008
1.92008
1.92008
1.92008
1.92008
1.92008
1.92008
1.92008
1.92008
1.92008
1.92008
1.92008
1.92008
1.92008
1.92008
1.92008
1.92008
1.92008
1.92008
1.92008
1.92008
1.92008
1.92008
1.92008
1.92008
1.92008
1.92008
1.92008
1.92008
1.92008
1.92008
1.92008
1.92008
1.92008
1.92008
1.92008
1.92008
1.92008
1.92008
1.92008
1.92008
1.92008
1.92008
1.92008
1.92008
1.92008
1.92008
1.92008
1.92008
1.92008
1.92008
1.92008
1.92008
1.92008
1.92008
1.92008
1.92008
1.92008
1.92008
1.92008
1.92008
1.92008
1.92008
1.92008
1.92008
1.92008
1.92008
1.92008
1.92008
1.92008
1.92008
1.92008
1.92008
1.92008
1.92008
1.92008
1.92008
1.92008
1.92008
1.92008
1.92008
1.92008
1.92008
1.92008
1.92008
1.92008
1.92008
1.92008
1.92008
1.92008
1.92008
1.92008
1.92008
1.92008
1.92008
1.92008
1.92008
1.92008
1.92008
1.92008
1.92008
1.92008
1.92008
1.92008
1.92008
1.92008
1.92008
1.92008
1.92008
1.92008
1.92008
1.92008
1.92008
1.92008
1.92008
1.92008
1.92008
1.92008
1.92008
1.92008
1.92008
1.92008
1.92008
1.92008
1.92008
1.92008
1.92008
1.92008
1.92008
1.92008
1.92008
1.92008
1.92008
1.92008
1.92008
1.92008
1.92008
1.92008
1.92008
1.92008
1.92008
1.92008
1.92008
1.92008
1.92008
1.92008
1.92008
1.92008
1.92008
1.92008
1.92008
1.92008
1.92008
1.92008
1.92008
1.92008
1.92008
1.92008
1.92008
1.92008
1.92008
1.92008
1.92008
1.92008
1.92008
1.92008
1.92008
1.92008
1.92008
1.92008
1.92008
1.92008
1.92008
1.92008
1.92008
1.92008
1.92008
1.92008
1.92008
1.92008
1.92008
1.92008
1.92008
1.92008
1.92008
1.92008
1.92008
1.92008
1.92008
