# best half averages
53.0304
47.189
42.0564
38.2987
36.064
33.4292
32.2854
31.7749
31.283
28.1594
26.7876
24.624
23.4515
21.8173
20.8401
20.6881
20.3945
19.8874
18.1008
16.5671
16.0143
15.119
14.826
14.4484
13.9248
12.9097
12.7706
12.3577
11.9027
11.8075
11.7014
11.4194
11.1598
10.7535
10.4244
10.2187
9.95246
9.46192
9.16447
8.9495
8.90526
8.67675
8.60983
8.53783
8.17957
8.11636
8.11636
8.10092
8.06097
7.90716
7.69655
7.61377
7.542
7.51085
7.39398
7.23553
7.23087
7.20157
7.10581
6.84241
6.60431
6.52283
6.49946
6.49938
6.49102
6.46128
6.39296
6.21937
6.07974
5.7311
5.72955
5.73426
5.73169
5.725
5.68231
5.56645
5.42619
5.42619
5.41835
5.41097
5.39425
5.27282
5.10979
5.11095
5.11056
5.10785
5.09856
5.09199
5.09199
5.09199
5.09199
5.09199
5.08545
5.09199
5.09199
5.08572
5.07303
5.01666
4.81018
4.77862
4.77842
4.94065
4.77655
4.77688
4.76339
4.71819
4.57446
4.36948
4.35283
4.31894
4.19072
4.13128
4.13124
4.1311
4.13026
4.12847
4.12696
4.12308
4.11872
4.11661
4.11661
4.11661
4.11661
4.11351
4.09803
4.02681
3.96179
3.96179
3.96179
3.96079
3.95879
3.95079
3.9328
3.9023
3.88266
3.83112
3.77711
3.54272
3.21877
3.03474
2.94832
2.92322
2.92108
2.9201
2.92173
2.92173
2.92322
2.92322
2.92322
2.92108
2.91252
2.88898
2.83762
2.81622
2.80553
2.79485
2.77348
2.74406
2.65394
2.50204
2.28204
2.27839
2.27473
2.27473
2.26012
2.23152
2.21464
2.17279
2.08114
2.05458
2.01643
2.01502
2.0148
2.01457
2.01355
2.01049
2.00565
2.00239
2.00105
1.99942
1.99932
1.99932
1.99932
1.99932
1.99932
1.99932
1.99932
1.99932
1.99932
1.99932
1.99827
1.99722
1.99722
1.99513
1.98571
1.97734
1.9585
1.94699
1.94699
1.94699
1.94699
1.94699
1.94699
1.94699
1.94655
1.94655
1.94655
1.94655
1.94566
1.94345
1.94102
1.93681
1.92574
1.92486
1.92486
1.92476
1.92486
1.92486
1.92486
1.92486
1.92486
1.92486
1.92486
1.92486
1.92486
1.92486
1.92486
1.92486
1.92486
1.92486
1.92486
1.92486
1.92486
1.92486
1.92486
1.92486
1.92486
1.92486
1.92486
1.92486
1.92486
1.92486
1.92486
1.92486
1.92486
1.92486
1.92486
1.92486
1.92486
1.92486
1.92486
1.92486
1.92486
1.92486
1.92486
1.92486
1.92486
1.92486
1.92486
1.92486
1.92486
1.92486
1.92486
1.92486
1.92486
1.92486
1.92486
1.92486
1.92486
1.92486
1.92486
1.92486
1.92486
1.92486
1.92486
1.92486
1.92486
1.92486
1.92486
1.92486
1.92486
1.92486
1.92486
1.92486
1.92486
1.92486
1.92486
1.92486
1.92486
1.92486
1.92486
1.92486
1.92486
1.92486
1.92486
1.92486
1.92486
1.92486
1.92486
1.92486
1.92486
1.92476
1.92486
1.92486
1.92486
1.92486
1.92486
1.92486
1.92486
1.92486
1.92486
1.92486
1.92486
1.92486
1.92486
1.92486
1.92486
1.92486
1.92486
1.92486
1.92486
1.92486
1.92486
1.92486
1.92486
1.92486
1.92476
1.92476
1.92476
1.92476
1.92448
1.92419
1.92438
1.92409
1.92285
1.92161
1.92008
1.92008
1.92008
1.92008
1.92008
1.92008
1.92008
1.92008
1.92008
1.92008
1.92008
1.92008
1.92008
1.92008
1.92008
1.92008
1.92008
1.92008
1.92008
1.92008
1.92008
1.92008
1.92008
1.92008
1.92008
1.92008
1.92008
1.92008
1.92008
1.92008
1.92008
1.92008
1.92008
1.92008
1.92008
1.92008
1.92008
1.92008
1.92008
1.92008
1.92008
1.92008
1.92008
1.92008
1.92008
1.92008
1.92008
1.92008
1.92008
1.92008
1.92008
1.92008
1.92008
1.92008
1.92008
1.92008
1.92008
1.92008
1.92008
1.92008
1.92008
1.92008
1.92008
1.92008
1.92008
1.92008
1.92008
1.92008
1.92008
1.92008
1.92008
1.92008
1.92008
1.92008
1.92008
1.92008
1.92008
1.92008
1.92008
1.92008
1.92008
1.92008
1.92008
1.92008
1.92008
1.92008
1.92008
1.92008
1.92008
1.92008
1.92008
1.92008
1.92008
1.92008
1.92008
1.92008
1.92008
1.92008
1.92008
1.92008
1.92008
1.92008
1.92008
1.92008
1.92008
1.92008
1.92008
1.92008
1.92008
1.92008
1.92008
1.92008
1.92008
1.92008
1.92008
1.92008
1.92008
1.92008
1.92008
1.92008
1.92008
1.92008
1.92008
1.92008
1.92008
1.92008
1.92008
1.92008
1.92008
1.92008
1.92008
1.92008
1.92008
1.92008
1.92008
1.92008
1.92008
1.92008
1.92008
1.92008
1.92008
1.92008
1.92008
1.92008
1.92008
1.92008
1.92008
1.92008
1.92008
1.92008
1.92008
1.92008
1.92008
1.92008
1.92008
1.92008
1.92008
1.92008
1.92008
1.92008
1.92008
1.92008
1.92008
1.9323
1.92008
1.92008
1.92008
1.92008
1.92008
1.92008
1.92008
1.92008
1.92008
1.92008
1.92008
1.92008
1.92008
1.92008
1.92008
1.92008
1.92008
1.92008
1.92008
1.92008
1.92008
1.92008
1.92008
1.92008
1.92008
1.92008
1.92008
1.92008
1.92008
1.92008
1.92008
1.92008
1.92008
1.92008
1.92008
1.92008
1.92008
1.92008
1.92008
1.92008
1.92008
1.92008
1.92008
1.92008
1.92008
1.92008
1.92008
1.92008
1.92008
1.92008
1.92008
1.92008
1.92008
1.92008
1.92008
1.92008
1.92008
1.92008
1.92008
1.92008
1.92008
1.92008
1.92008
1.92008
1.92008
1.92008
1.92008
1.92008
1.92008
1.92008
1.92008
1.92008
1.92008
1.92008
1.92008
1.92008
1.92008
1.92008
1.92008
1.92008
1.92008
1.92008
1.92008
1.92008
1.92008
1.92008
1.92008
1.93384
1.92008
1.92008
1.92008
1.92008
1.92008
1.92008
1.92008
1.92008
1.92008
1.92008
1.92008
1.92008
1.92008
1.92008
1.92008
1.92008
1.92008
1.92008
1.92008
1.92008
1.92008
1.92008
1.92008
1.92008
1.92008
1.92008
1.92008
1.92008
1.92008
1.92008
1.92008
1.92008
1.92008
1.92008
1.92008
1.92008
1.92008
1.92008
1.92008
1.92008
1.92008
1.92008
1.92008
1.92008
1.92008
1.92008
1.92008
1.92008
1.92008
1.92008
1.92008
1.92008
1.92008
1.92008
1.92008
1.92008
1.92008
1.92008
1.92008
1.92008
1.92008
1.92008
1.92008
1.92008
1.92008
1.92008
1.92008
1.92008
1.92008
1.92008
1.92008
1.92008
1.92008
1.92008
1.92008
1.92008
1.92008
1.92008
1.92008
1.92008
1.92008
1.92008
1.92008
1.92008
1.92008
1.92008
1.92008
1.92008
1.92008
1.92008
1.92008
1.92008
1.92008
1.92008
1.92008
1.92008
1.92008
1.92008
1.92008
1.92008
1.92008
1.92008
1.92008
1.92008
1.92008
1.92008
1.92008
1.92008
1.92008
1.92008
1.92008
1.92008
1.92008
1.92008
1.92008
1.92008
1.92008
1.92008
1.92008
1.92008
1.92008
1.92008
1.92008
1.92008
1.92008
1.92008
1.92008
1.92008
1.92008
1.92008
1.92008
1.92008
1.92008
1.92008
1.92008
1.92008
1.92008
1.92008
1.92008
1.92008
1.92008
1.92008
1.92008
1.92008
1.92008
1.92008
1.92008
1.92008
1.92008
1.92008
1.92008
1.92008
1.92008
1.92008
1.92008
1.92008
1.92008
1.92008
1.92008
1.92008
1.92008
1.92008
1.92008
1.92008
1.92008
1.92008
1.92008
1.92008
1.92008
1.92008
1.92008
1.92008
1.92008
1.92008
1.92008
1.92008
1.92008
1.92008
1.92008
1.92008
1.92008
1.92008
1.92008
1.92008
1.92008
1.92008
1.92008
1.92008
1.92008
1.92008
1.92008
1.92008
1.92008
1.92008
1.92008
1.92008
1.92008
1.92008
1.92008
1.92008
1.92008
1.92008
1.92008
1.92008
1.92008
1.92008
1.92008
1.92008
1.92008
1.92008
1.92008
1.92008
1.92008
1.92008
1.92008
1.92008
1.92008
1.92008
1.92008
1.92008
1.92008
1.92008
1.92008
1.92008
1.92008
1.92008
1.92008
1.92008
1.92008
1.92008
1.92008
1.92008
1.92008
1.92008
1.92008
1.92008
1.92008
1.92008
1.92008
1.92008
1.92008
1.92008
1.92008
1.92008
1.92008
1.92008
1.92008
1.92008
1.92008
1.92008
1.92008
1.92008
1.92008
1.92008
1.92008
1.92008
1.92008
1.92008
1.92008
1.92008
1.92008
1.92008
1.92008
1.92008
1.92008
1.92008
1.92008
1.92008
1.92008
1.92008
1.92008
1.92008
1.92008
1.92008
1.92008
1.92008
1.92008
1.92008
1.92008
1.92008
1.92008
1.92008
1.92008
1.92008
1.92008
1.92008
1.92008
1.92008
1.92008
1.92008
1.92008
1.92008
1.92008
1.92008
1.92008
1.92008
1.92008
1.92008
1.92008
1.92008
1.92008
1.92008
1.92008
1.92008
1.92008
1.92008
1.92008
1.92008
1.92008
1.92008
1.92008
1.92008
1.92008
1.92008
1.92008
1.92008
1.92008
1.92008
1.92008
1.92008
1.92008
1.92008
1.92008
1.92008
1.92008
1.92008
1.92008
1.92008
1.92008
1.92008
1.92008
1.92008
1.92008
1.92008
1.92008
1.92008
1.92008
1.92008
1.92008
1.92008
1.92008
1.92008
1.92008
1.92008
1.92008
1.92008
1.92008
1.92008
1.92008
1.92008
1.92008
1.92008
1.92008
1.92008
1.92008
1.92008
1.92008
1.92008
1.92008
1.92008
1.92008
1.92008
1.92008
1.92008
1.92008
1.92008
1.92008
1.92008
1.92008
1.92008
1.92008
1.92008
1.92008
1.92008
1.92008
1.92008
1.92008
1.92008
1.92008
1.92008
1.92008
1.92008
1.92008
1.92008
1.92008
1.92008
1.92008
1.92008
1.92008
1.92008
1.92008
1.92008
1.92008
1.92008
1.92008
1.92008
1.92008
1.92008
1.92008
1.92008
1.92008
1.92008
1.92008
1.92008
1.92008
1.92008
1.92008
1.92008
1.92008
1.92008
1.92008
1.92008
