# best half averages
52.3235
48.8971
44.6004
38.4706
31.0895
28.1803
27.6569
26.4913
25.2801
23.8964
23.4037
23.3884
22.7283
22.3106
21.7525
20.7562
19.4483
18.9874
18.4691
17.3547
16.9428
16.225
15.073
15.0046
15.387
15.3612
14.8128
14.1335
13.4513
13.403
13.225
13.7825
12.3877
12.0351
11.5681
10.8828
10.7464
10.6974
10.6893
10.6493
10.5252
10.3742
10.2404
9.49915
9.16263
9.02981
8.65305
8.38724
8.38616
8.38075
8.35912
8.30613
8.24835
8.03713
7.3986
7.23374
7.09772
6.79719
6.79719
6.79719
6.79625
6.79625
6.79439
6.79523
7.62207
6.75514
6.83669
6.88488
6.73842
6.73842
6.73842
6.7383
6.73769
6.73526
6.72915
6.72572
6.72231
6.79969
6.68132
6.57223
6.57223
6.57223
6.57223
6.57223
6.57223
6.57223
6.57223
6.57222
6.5722
6.57141
6.57296
6.5685
6.74225
6.56198
6.54044
6.5345
6.5345
6.53298
6.52994
6.5269
6.50131
6.45851
6.45851
6.45851
6.45851
6.45851
6.45851
6.45833
6.45752
6.74867
6.45034
6.44848
6.44674
6.44555
6.44499
6.44492
6.44215
6.4444
6.41791
6.41626
6.41322
6.41639
6.41183
6.53387
7.19836
6.34105
6.39283
6.34044
7.22982
6.34133
6.32956
6.32956
6.32956
6.32956
6.32956
6.32956
6.32956
6.32951
6.32946
6.32941
6.34354
6.4755
6.32703
6.32682
6.32682
6.32575
6.3213
6.31642
6.31642
6.31642
6.31642
6.31629
6.31553
6.31237
6.31009
6.31009
6.31009
6.31009
6.31009
6.31009
6.31009
6.31009
6.31009
6.31009
6.31009
6.31009
6.31009
6.31009
6.31009
6.31009
6.31009
6.31009
6.31009
6.31009
6.31009
6.31009
6.31009
6.31009
6.31009
6.31009
6.31009
6.31009
6.31009
6.31009
6.31009
6.31009
6.31009
6.31009
6.31007
6.30996
6.30969
6.30899
6.30899
6.30899
6.30899
6.30899
6.30899
6.30899
6.30899
6.30899
6.30899
6.30894
6.30899
6.30899
6.30899
6.30899
6.30899
6.30899
6.30899
6.30899
6.30899
6.30899
6.30899
6.30899
6.30899
6.30899
6.30899
6.30899
6.30899
6.30899
6.30899
6.30899
6.30899
6.30899
6.30899
6.30899
6.30899
6.30899
6.30899
6.30899
6.30899
6.30899
6.30899
6.30899
6.30899
6.30899
6.30899
6.30899
6.30899
6.30899
6.30899
6.30899
6.30899
6.30899
6.30899
6.30899
6.30899
6.30899
6.30899
6.30899
6.30899
6.30899
6.30899
6.30899
6.30899
6.30899
6.30899
6.30899
6.30899
6.30899
6.30899
6.30899
6.30899
6.30899
6.30899
6.30899
6.30899
6.30899
6.30899
6.30899
6.30899
6.30899
6.30899
6.30899
6.30899
6.30899
6.30894
6.30899
6.30899
6.30899
6.30899
6.30899
6.30894
6.30894
6.30862
6.35217
6.30636
6.30636
6.30636
6.30636
6.30636
6.30636
6.30636
6.30636
6.30636
6.30636
6.30636
6.30636
6.30636
6.30636
6.30636
6.30636
6.30636
6.30636
6.30636
6.30636
6.30636
6.30636
6.30636
6.30636
6.30636
6.30636
6.30636
6.30636
6.30636
6.30636
6.30636
6.30636
6.30636
6.30636
6.30636
6.30636
6.30636
6.30636
6.30636
6.30636
6.30636
6.30636
6.30636
6.30636
6.30636
6.30636
6.30636
6.30636
6.30636
6.30636
6.30636
6.30636
6.30636
6.30636
6.30636
6.30636
6.30636
6.30636
6.30636
6.30636
6.30636
6.30636
6.30636
6.30636
6.30636
6.30636
6.30635
6.30635
6.30632
6.30645
6.30619
6.30619
6.30619
6.30619
6.30619
6.30619
6.30619
6.30619
6.30619
6.30619
6.30619
6.30619
6.30619
6.30619
6.30619
6.30619
6.30619
6.30619
6.30619
6.30619
6.30619
6.30619
6.30619
6.30619
6.30619
6.30619
6.30619
6.30619
6.30619
6.30619
6.30619
6.30619
6.30619
6.30619
6.30619
6.30619
6.30619
6.30619
6.30619
6.30619
6.30619
6.30619
6.30619
6.30619
6.30619
6.30619
6.30619
6.30619
6.30619
6.30619
6.30619
6.30619
6.30619
6.30619
6.30619
6.30619
6.30619
6.30619
6.30619
6.30619
6.30619
6.30619
6.30619
6.30619
6.30619
6.30619
6.30619
6.30619
6.30619
6.30619
6.30619
6.30619
6.30619
6.30619
6.30619
6.30619
6.30619
6.30619
6.30619
6.30619
6.30619
6.30619
6.30619
6.30619
6.30619
6.30619
6.30619
6.30619
6.30619
6.30619
6.30619
6.30619
6.30619
6.30619
6.30619
6.30619
6.30619
6.30619
6.30619
6.30619
6.30619
6.30619
6.30619
6.30619
6.30619
6.30619
6.30619
6.30619
6.30619
6.30619
6.30619
6.30619
6.30619
6.30619
6.30619
6.30619
6.30619
6.30619
6.30619
6.30619
6.30619
6.30619
6.30619
6.30619
6.30619
6.30619
6.30619
6.30619
6.30619
6.30619
6.30619
6.30619
6.30619
6.30619
6.30619
6.30619
6.30619
6.30619
6.30619
6.30619
6.30619
6.30619
6.30619
6.30619
6.30619
6.30619
6.30619
6.30619
6.30619
6.30619
6.30619
6.30619
6.30619
6.30619
6.30619
6.30619
6.30619
6.30619
6.30619
6.30619
6.30619
6.30619
6.30619
6.30619
6.30619
6.30619
6.30619
6.30619
6.30619
6.30619
6.30619
6.30619
6.30619
6.30619
6.30619
6.30619
6.30619
6.30619
6.30619
6.30619
6.30619
6.30619
6.30619
6.30619
6.30619
6.30619
6.30619
6.30619
6.30619
6.30619
6.30619
6.30619
6.30619
6.30619
6.30619
6.30619
6.30619
6.30619
6.30619
6.30619
6.30619
6.30619
6.30619
6.30619
6.30619
6.30619
6.30619
6.30619
6.30619
6.30619
6.30619
6.30619
6.30619
6.30619
6.30619
6.30619
6.30619
6.30619
6.30619
6.30619
6.30619
6.30619
6.30619
6.30619
6.30619
6.30619
6.30619
6.30619
6.30619
6.30619
6.30619
6.30619
6.30619
6.30619
6.30619
6.30619
6.30619
6.30619
6.30619
6.30619
6.30619
6.30619
6.30619
6.30619
6.30619
6.30619
6.30619
6.30619
6.30619
6.30619
6.30619
6.30619
6.30619
6.30619
6.30619
6.30619
6.30619
6.30619
6.30619
6.30619
6.30619
6.30619
6.30619
6.30619
6.30619
6.30619
6.30619
6.30619
6.30619
6.30619
6.30619
6.30619
6.30619
6.30619
6.30619
6.30619
6.30619
6.30619
6.30619
6.30619
6.30619
6.30619
6.30619
6.30619
6.30619
6.30619
6.30619
6.30619
6.30619
6.30619
6.30619
6.30619
6.30619
6.30619
6.30619
6.30619
6.30619
6.30619
6.30619
6.30619
6.30619
6.30619
6.30619
6.30619
6.30619
6.30619
6.30619
6.30619
6.30619
6.30619
6.30619
6.30619
6.30619
6.30619
6.30619
6.30619
6.30619
6.30619
6.30619
6.30619
6.30619
6.30619
6.30619
6.30619
6.30619
6.30619
6.30619
6.30619
6.30619
6.30619
6.30619
6.30619
6.30619
6.30619
6.30619
6.30619
6.30619
6.30619
6.30619
6.30619
6.30619
6.30619
6.30619
6.30619
6.30619
6.30619
6.30619
6.30619
6.30619
6.30619
6.30619
6.30619
6.30619
6.30619
6.30619
6.30619
6.30619
6.30619
6.30619
6.30619
6.30619
6.30619
6.30619
6.30619
6.30619
6.30619
6.30619
6.30619
6.30619
6.30619
6.30619
6.30619
6.30619
6.30619
6.30619
6.30619
6.30619
6.30619
6.30619
6.30619
6.30619
6.30619
6.30619
6.30619
6.30619
6.30619
6.30619
6.30619
6.30619
6.30619
6.30619
6.30619
6.30619
6.30619
6.30619
6.30619
6.30619
6.30619
6.30619
6.30619
6.30619
6.30619
6.30619
6.30619
6.30619
6.30619
6.30619
6.30619
6.30619
6.30619
6.30619
6.30619
6.30619
6.30619
6.30619
6.30619
6.30619
6.30619
6.30619
6.30619
6.30619
6.30619
6.30619
6.30619
6.30619
6.30619
6.30619
6.30619
6.30619
6.30619
6.30619
6.30619
6.30619
6.30619
6.30619
6.30619
6.30619
6.30619
6.30619
6.30619
6.30619
6.30619
6.30619
6.30619
6.30619
6.30619
6.30619
6.30619
6.30619
6.30619
6.30619
6.30619
6.30619
6.30619
6.30619
6.30619
6.30619
6.30619
6.30619
6.30619
6.30619
6.30619
6.30619
6.30619
6.30619
6.30619
6.30619
6.30619
6.30619
6.30619
6.30619
6.30619
6.30619
6.30619
6.30619
6.30619
6.30619
6.30619
6.30619
6.30619
6.30619
6.30619
6.30619
6.30619
6.30619
6.30619
6.30619
6.30619
6.30619
6.30619
6.30619
6.30619
6.30619
6.30619
6.30619
6.30619
6.30619
6.30619
6.30619
6.30619
6.30619
6.30619
6.30619
6.30619
6.30619
6.30619
6.30619
6.30619
6.30619
6.30619
6.30619
6.30619
6.30619
6.30619
6.30619
6.30619
6.30619
6.30619
6.30619
6.30619
6.30619
6.30619
6.30619
6.30619
6.30619
6.30619
6.30619
6.30619
6.30619
6.30619
6.30619
6.30619
6.30619
6.30619
6.30619
6.30619
6.30619
6.30619
6.30619
6.30619
6.30619
6.30619
6.30619
6.30619
6.30619
6.30619
6.30619
6.30619
6.30619
6.30619
6.30619
6.30619
6.30619
6.30619
6.30619
6.30619
6.30619
6.30619
6.30619
6.30619
6.30619
6.30619
6.30619
6.30619
6.30619
6.30619
6.30619
6.30619
6.30619
6.30619
6.30619
6.30619
6.30619
6.30619
6.30619
6.30619
6.30619
6.30619
6.30619
6.30619
6.30619
6.30619
6.30619
6.30619
6.30619
6.30619
6.30619
6.30619
6.30619
6.30619
6.30619
6.30619
6.30619
6.30619
6.30619
6.30619
6.30619
6.30619
6.30619
6.30619
6.30619
6.30619
6.30619
6.30619
6.30619
6.30619
6.30619
6.30619
6.30619
6.30619
6.30619
6.30619
6.30619
6.30619
6.30619
6.30619
6.30619
6.30619
6.30619
6.30619
6.30619
6.30619
6.30619
6.30619
6.30619
6.30619
6.30619
6.30619
6.30619
6.30619
6.30619
6.30619
6.30619
6.30619
6.30619
6.30619
6.30619
6.30619
6.30619
6.30619
6.30619
6.30619
6.30619
6.30619
