# best half averages
51.7589
47.2368
43.2553
39.8343
36.6649
33.09
31.6649
29.4034
26.4456
24.183
23.3681
22.9373
22.6469
22.138
21.8153
21.3983
20.6804
19.4956
18.9129
17.8475
16.5947
16.0544
14.6885
14.3961
13.7465
13.1212
12.9173
12.6455
12.4888
12.5766
12.4155
12.2275
11.4416
10.9275
10.42
10.0813
9.38179
9.28806
9.22556
9.04378
8.77656
8.70073
8.63731
8.5589
8.41923
8.40158
8.3362
8.2217
8.09688
7.8162
7.39395
7.20673
6.78596
6.3959
6.05821
5.50501
5.1491
4.805
4.57464
4.31208
4.14631
4.117
4.09053
4.01983
3.95466
3.8806
3.85077
3.75057
3.69488
3.62029
3.56029
3.47557
3.26241
3.17143
3.12446
3.07423
3.04339
3.02786
2.98712
2.96503
2.96572
2.96524
2.9642
2.96229
2.96182
2.96182
2.95581
2.96182
2.96182
2.93968
2.95341
2.94728
2.94934
2.95413
2.95044
2.95664
2.95349
2.95298
2.95241
2.94939
2.94174
2.93109
2.93106
2.93099
2.9306
2.9298
2.92904
2.92882
2.92878
2.92794
2.92349
2.90545
2.91446
3.14037
2.91851
2.91286
2.92594
2.91604
2.90402
2.98143
2.92205
2.92205
2.92205
2.92205
2.92191
2.92169
2.91905
2.91113
2.89586
2.86701
2.83544
2.79011
2.78921
2.78149
2.77804
2.76351
2.74372
2.74155
2.73502
2.72947
2.72947
2.72947
2.72928
2.72947
2.72947
2.72947
2.72182
2.72947
2.72947
2.72947
2.72211
2.72542
2.72272
2.71464
2.70385
2.6684
2.66206
2.66206
2.6596
2.65545
2.66206
2.66206
2.66206
2.66206
2.66206
2.65797
2.6436
2.65712
2.65135
2.65748
2.6529
2.6386
2.61982
2.61812
2.61642
2.61982
2.61217
2.61736
2.61245
2.61491
2.61982
2.61982
2.61812
2.61982
2.61982
2.61982
2.61982
2.61982
2.61982
2.61381
2.61726
2.61971
2.6118
2.61751
2.61839
2.61646
2.61473
2.61473
2.61473
2.60479
2.58665
2.60884
2.61002
2.61437
2.61473
2.61473
2.61227
2.61227
2.60708
2.61122
2.61473
2.61473
2.61473
2.61473
2.61473
2.61473
2.61473
2.61473
2.61473
2.61473
2.61473
2.60982
2.61437
2.61473
2.61473
2.60702
2.61473
2.61455
2.61455
2.61473
2.61473
2.60872
2.60708
2.61319
2.61473
2.60872
2.61473
2.61473
2.61473
2.61473
2.6108
2.60479
2.59533
2.60857
2.61165
2.61473
2.61437
2.61437
2.61437
2.61437
2.61402
2.61366
2.61402
2.61473
2.61473
2.61473
2.61227
2.60982
2.61473
2.61473
2.61473
2.61473
2.61473
2.61473
2.61227
2.61473
2.61473
2.60904
2.61473
2.60872
2.60457
2.60872
2.60271
2.61473
2.61473
2.61473
2.61473
2.61227
2.61227
2.61227
2.60708
2.61473
2.61227
2.61473
2.61473
2.61473
2.61473
2.61473
2.61227
2.61473
2.61473
2.61473
2.61473
2.61473
2.61473
2.61473
2.61473
2.61473
2.61473
2.61455
2.61469
2.61227
2.61473
2.60708
2.61473
2.61473
2.61473
2.60872
2.61473
2.61473
2.61473
2.61473
2.61473
2.61267
2.61062
2.60658
2.60255
2.61401
2.6513
2.61267
2.61267
2.61402
2.61473
2.60872
2.60626
2.60553
2.60872
2.61473
2.61473
2.61437
2.61366
2.61366
2.61437
2.61473
2.61437
2.61473
2.61473
2.61473
2.61473
2.61473
2.61473
2.61473
2.60872
2.61473
2.61473
2.61473
2.61473
2.61473
2.61473
2.61473
2.61473
2.60702
2.61227
2.61303
2.61303
2.61303
2.61473
2.61473
2.60872
2.61473
2.60982
2.60737
2.60737
2.60982
2.60946
2.61227
2.60218
2.58934
2.61473
2.61473
2.61473
2.61473
2.61473
2.61473
2.61227
2.61227
2.61227
2.61227
2.61473
2.61473
2.61473
2.61303
2.61473
2.61473
2.61473
2.61473
2.61473
2.60872
2.60872
2.61227
2.61227
2.61473
2.61473
2.61473
2.61437
2.61473
2.61473
2.61473
2.61473
2.61473
2.61437
2.61437
2.61473
2.61473
2.61473
2.61473
2.61473
2.61473
2.61473
2.61473
2.61473
2.61473
2.61473
2.59862
2.60521
2.60857
2.61473
2.61473
2.61227
2.61473
2.61473
2.61473
2.61473
2.61473
2.61473
2.61473
2.61473
2.61473
2.61473
2.61473
2.60872
2.60836
2.60872
2.61473
2.61473
2.61473
2.61473
2.61473
2.61473
2.60708
2.61473
2.61473
2.60872
2.60872
2.60872
2.60271
2.60607
2.60626
2.60872
2.61473
2.61473
2.61058
2.61473
2.61473
2.60445
2.61473
2.61473
2.61473
2.61227
2.61473
2.60702
2.61032
2.61303
2.61473
2.61473
2.61473
2.61473
2.61473
2.61473
2.61473
2.60872
2.60982
2.59616
2.60107
2.60271
2.5967
2.5967
2.61473
2.61473
2.61473
2.60872
2.61473
2.61473
2.61227
2.61859
2.61473
2.61473
2.61473
2.61473
2.61473
2.61473
2.6108
2.61473
2.61473
2.61227
2.61227
2.61473
2.61227
2.61227
2.61473
2.61473
2.60836
2.61473
2.61473
2.61473
2.61473
2.60872
2.5978
2.59406
2.60982
2.61473
2.61473
2.61473
2.60982
2.61473
2.61473
2.61227
2.61473
2.61473
2.61473
2.61473
2.61473
2.61473
2.61473
2.61473
2.61473
2.61473
2.61473
2.60872
2.61473
2.61227
2.61473
2.61473
2.61473
2.61473
2.61473
2.61473
2.61473
2.61473
2.61473
2.61473
2.61473
2.61473
2.61473
2.61473
2.61473
2.61473
2.61473
2.61473
2.61473
2.61058
2.61473
2.61473
2.61473
2.61473
2.61473
2.61473
2.60872
2.61473
2.61473
2.61473
2.61473
2.60872
2.61227
2.61473
2.61473
2.61473
2.61473
2.61473
2.61473
2.60872
2.60708
2.59926
2.57801
2.57387
2.58916
2.602
2.61473
2.61473
2.61473
2.61473
2.61473
2.61473
2.61473
2.61473
2.61473
2.61227
2.61473
2.61473
2.61473
2.61473
2.61473
2.61227
2.60982
2.61227
2.61473
2.61473
2.61473
2.60673
2.60601
2.60708
2.61319
2.61473
2.60702
2.61267
2.61437
2.61227
2.61473
2.61473
2.61437
2.61437
2.60626
2.61303
2.61473
2.61473
2.61473
2.60872
2.60872
2.61473
2.61473
2.61473
2.61437
2.61473
2.61473
2.61473
2.61473
2.61473
2.61473
2.61473
2.61473
2.61473
2.61473
2.61473
2.61473
2.61473
2.61473
2.61473
2.61473
2.61473
2.61473
2.61473
2.61227
2.60982
2.61473
2.61473
2.60708
2.60107
2.59944
2.61122
2.61473
2.61473
2.61473
2.61319
2.61227
2.61473
2.61473
2.61473
2.60708
2.60673
2.61402
2.61227
2.61227
2.61227
2.61473
2.61473
2.61227
2.61473
2.61473
2.61473
2.61227
2.61473
2.61473
2.61473
2.61473
2.61473
2.61473
2.60872
2.61473
2.61473
2.61473
2.61473
2.61473
2.61437
2.61473
2.61192
2.61473
2.61227
2.61133
2.61303
2.61303
2.61473
2.61473
2.61473
2.61473
2.61473
2.61473
2.61473
2.61473
2.61473
2.60463
2.60309
2.59544
2.60708
2.61473
2.61303
2.61473
2.60708
2.61473
2.61473
2.61473
2.61473
2.61473
2.61473
2.61473
2.61473
2.61473
2.61473
2.61473
2.60872
2.61473
2.61473
2.61473
2.61473
2.61227
2.61227
2.61192
2.61473
2.61227
2.61473
2.61473
2.61473
2.61473
2.61473
2.61473
2.61473
2.61227
2.61473
2.61473
2.61473
2.61473
2.61473
2.61473
2.61473
2.60708
2.60708
2.61473
2.61473
2.61437
2.61473
2.61473
2.61227
2.61227
2.61473
2.61473
2.61473
2.61473
2.61227
2.61473
2.61473
2.61473
2.61473
2.61473
2.61455
2.61473
2.61267
2.61437
2.61473
2.61437
2.61437
2.61473
2.61319
2.61473
2.61473
2.61473
2.61473
2.61473
2.60872
2.61473
2.61473
2.61473
2.61473
2.61473
2.61473
2.61473
2.61473
2.61058
2.61303
2.61303
2.61437
2.61437
2.60872
2.61473
2.61227
2.61473
2.61473
2.61192
2.60946
2.60946
2.61227
2.61227
2.61227
2.61227
2.60463
2.61473
2.61227
2.61303
2.61473
2.61473
2.61473
2.61473
2.61473
2.61437
2.61227
2.60737
2.60491
2.61192
2.61473
2.61473
2.61473
2.61473
2.61473
2.61473
2.61437
2.60654
2.61283
2.61366
2.6133
2.61366
2.61437
2.61437
2.61473
2.61473
2.60872
2.60872
2.61473
2.61473
2.61473
2.61473
2.61437
2.61192
2.60836
2.60271
2.61473
2.61473
2.61473
2.61303
2.61303
2.61473
2.61473
2.61473
2.61473
2.61267
2.61437
2.61402
2.6133
2.60729
2.61366
2.61174
2.61227
2.60737
2.60946
2.61192
2.61473
2.61473
2.59944
2.61473
2.60872
2.60872
2.6108
2.61473
2.61473
2.61473
2.61473
2.61455
2.60918
2.61437
2.61473
2.61473
2.61473
2.61473
2.61473
2.61473
2.61437
2.61437
2.61192
2.61473
2.61473
2.61473
2.61473
2.61473
2.61473
2.61473
2.61473
2.61473
2.61473
2.60872
2.61473
2.61473
2.60271
2.60872
2.59616
2.60887
2.65091
2.61473
2.61437
2.608
2.63872
2.61473
2.60872
2.61473
2.60872
2.61473
2.61473
2.60702
2.61303
2.61473
2.61227
2.61473
2.61473
2.61473
2.61473
2.61473
2.61473
2.61473
2.61227
2.59972
2.61227
2.61473
2.6041
2.61437
2.61437
2.61473
2.61058
2.61473
2.61227
2.61437
2.61473
2.61473
2.61473
2.61473
2.60982
2.61227
2.61473
2.61303
2.61473
2.61473
2.61473
2.61473
2.61473
2.61473
2.61473
2.60708
2.61473
2.61473
2.61227
2.60491
2.60946
2.60836
2.61473
2.61473
2.61227
2.61473
2.61473
2.61473
2.61473
2.61227
2.61227
2.61473
2.61473
2.61473
2.61473
2.61473
2.61473
2.61227
2.61473
2.61473
2.61473
2.61473
2.61473
2.60872
2.60872
2.60872
2.61473
2.61473
2.61227
2.61473
2.61267
2.61437
2.61473
2.61473
2.60463
2.61473
2.61473
2.61473
2.61473
2.61473
2.60872
2.60626
2.61303
2.61303
