# best half averages
52.9235
47.0564
41.6908
38.5091
35.5658
32.9615
31.3111
29.4343
27.1861
23.693
22.3183
20.757
19.1332
18.1607
17.0038
15.9519
16.0851
14.9377
14.5896
14.0307
13.5433
13.3126
12.8869
12.2522
12.0605
11.9934
11.8206
11.2279
11.1099
10.917
10.6667
10.3858
10.2018
10.055
9.88296
9.80913
9.78035
9.69972
9.6913
9.68066
9.65221
9.56922
9.42455
9.30741
8.91446
8.83433
8.80437
8.75244
8.73547
8.66551
8.42821
8.27806
7.74803
7.3674
6.92499
6.14488
5.82819
5.81878
5.78278
5.63492
5.63224
5.62285
5.60754
5.59483
5.55742
5.3471
5.08986
4.88016
4.68536
4.63752
4.47952
4.46141
4.44059
4.40108
4.38986
4.38941
4.39255
4.56124
4.39126
4.78126
4.49331
4.40204
4.29037
4.28991
4.28863
4.28503
4.27519
4.2608
4.20935
4.12098
4.0604
3.92511
3.9092
3.9081
3.89934
3.87526
3.87526
3.87526
3.87526
3.87465
3.871
4.0684
3.86463
3.84869
3.84303
3.83985
3.82588
3.80599
3.78074
3.76417
3.72799
3.62572
3.50888
3.50888
3.50886
3.5088
3.50876
3.50854
3.50777
3.50674
3.49578
3.46412
3.35691
3.1432
2.94851
2.82123
2.80888
2.80036
2.798
2.79697
2.79658
2.7901
2.77977
2.7424
2.72098
2.63589
2.55179
2.55179
2.55179
2.55179
2.55179
2.55179
2.55179
2.55179
2.55179
2.55179
2.55179
2.55179
2.55179
2.55179
2.55117
2.54993
2.54684
2.5425
2.53098
2.5197
2.51854
2.51719
2.51181
2.50432
2.50163
2.50163
2.50163
2.49422
2.4868
2.46388
2.43541
2.37129
2.29972
2.28957
2.28957
2.28957
2.28823
2.28823
2.28014
2.27474
2.25776
2.22515
2.22217
2.22217
2.22217
2.22217
2.22217
2.22217
2.22217
2.22217
2.22217
2.22217
2.22217
2.22206
2.22195
2.22163
2.2212
2.22002
2.2168
2.2168
2.2168
2.2168
2.2168
2.2168
2.2168
2.2168
2.2168
2.2168
2.2148
2.2108
2.2128
2.20681
2.20081
2.19217
2.16628
2.1437
2.11688
2.11688
2.11688
2.11688
2.11688
2.11688
2.11688
2.11688
2.11688
2.11688
2.11688
2.11688
2.11688
2.11688
2.11688
2.11688
2.11688
2.11688
2.11688
2.11688
2.11688
2.11688
2.11682
2.11677
2.11661
2.11618
2.1157
2.11421
2.11421
2.11421
2.11421
2.11421
2.11421
2.11421
2.11421
2.11421
2.11421
2.11421
2.11421
2.11409
2.11409
2.11409
2.11421
2.11421
2.11421
2.11421
2.11421
2.11421
2.11421
2.11421
2.11421
2.11421
2.11421
2.11421
2.11421
2.11421
2.11421
2.11421
2.11421
2.11421
2.11421
2.11421
2.11421
2.11421
2.11421
2.11421
2.11421
2.11421
2.11421
2.11421
2.11421
2.11421
2.11421
2.11421
2.11421
2.11421
2.11421
2.11421
2.11421
2.11421
2.11421
2.11421
2.11421
2.11421
2.11421
2.11421
2.11421
2.11421
2.11421
2.11421
2.11421
2.11421
2.11421
2.11421
2.11421
2.11409
2.11421
2.11421
2.11421
2.11421
2.11421
2.11421
2.11421
2.11421
2.11421
2.11409
2.11409
2.11397
2.11397
2.11348
2.113
2.11263
2.11094
2.10815
2.10815
2.10815
2.10815
2.10815
2.10815
2.10815
2.10815
2.10815
2.10815
2.10815
2.10801
2.10801
2.10786
2.10772
2.10786
2.10801
2.10801
2.10758
2.10657
2.10513
2.10111
2.10096
2.10096
2.10096
2.10096
2.10096
2.10096
2.10096
2.10096
2.10096
2.10096
2.10096
2.10096
2.10096
2.10096
2.10096
2.10096
2.10096
2.10096
2.10096
2.10096
2.10096
2.10096
2.10096
2.10096
2.10096
2.10096
2.10096
2.10096
2.10096
2.10096
2.10096
2.10096
2.10096
2.10096
2.10096
2.10096
2.10096
2.10096
2.10096
2.10096
2.10096
2.10096
2.10096
2.10096
2.10096
2.10096
2.10096
2.10096
2.10096
2.10096
2.10096
2.10096
2.10096
2.10096
2.10096
2.10096
2.10096
2.10096
2.10096
2.10096
2.10096
2.10096
2.10096
2.10096
2.10096
2.10096
2.10096
2.10096
2.10096
2.10096
2.10096
2.10096
2.10096
2.10096
2.10096
2.10096
2.10096
2.10096
2.10096
2.10096
2.10096
2.10096
2.10096
2.10096
2.10096
2.10096
2.10096
2.10096
2.10096
2.10096
2.10096
2.10096
2.10096
2.10096
2.10096
2.10096
2.10096
2.10096
2.10096
2.10096
2.10096
2.10096
2.10096
2.10096
2.10096
2.10096
2.10096
2.10096
2.10096
2.10096
2.10096
2.10096
2.10096
2.10096
2.10096
2.10096
2.10096
2.10096
2.10096
2.10096
2.10096
2.10096
2.10096
2.10096
2.10096
2.10096
2.10096
2.10096
2.10096
2.10096
2.10096
2.10096
2.10096
2.10096
2.10096
2.10096
2.10096
2.10096
2.10096
2.10096
2.10096
2.10096
2.10096
2.10096
2.10096
2.10096
2.10096
2.10096
2.10096
2.10096
2.10096
2.10096
2.10331
2.10096
2.10096
2.10096
2.10096
2.10096
2.10096
2.10096
2.10096
2.10096
2.10096
2.10096
2.10096
2.10096
2.10096
2.10096
2.10096
2.10096
2.10096
2.10096
2.10096
2.10096
2.10096
2.10096
2.10096
2.10096
2.10096
2.10096
2.10096
2.10096
2.10096
2.10096
2.10096
2.10096
2.10096
2.10096
2.10096
2.10096
2.10096
2.10096
2.10096
2.10096
2.10096
2.10096
2.10096
2.10096
2.10096
2.10096
2.10096
2.10096
2.10096
2.10096
2.10096
2.10096
2.10096
2.10096
2.10096
2.10096
2.10096
2.10096
2.10096
2.10096
2.10096
2.10096
2.10096
2.10096
2.10096
2.10096
2.10096
2.10096
2.10096
2.10096
2.10096
2.10096
2.10096
2.10096
2.10096
2.10096
2.10096
2.10096
2.10096
2.10096
2.10096
2.10096
2.10096
2.10096
2.10096
2.10096
2.10096
2.10096
2.10096
2.10096
2.10096
2.10096
2.10096
2.10096
2.10096
2.10096
2.10096
2.10096
2.10096
2.10096
2.10096
2.10096
2.10096
2.10096
2.10096
2.10096
2.10096
2.10096
2.10096
2.10096
2.10096
2.10096
2.10096
2.10096
2.10096
2.10096
2.10096
2.10096
2.10096
2.10096
2.10096
2.10096
2.10096
2.10096
2.10096
2.10096
2.10096
2.10096
2.10096
2.10096
2.10096
2.10096
2.10096
2.10096
2.10096
2.10096
2.10096
2.10096
2.10096
2.10096
2.10096
2.10096
2.10096
2.10096
2.10096
2.10096
2.10096
2.10096
2.10096
2.10096
2.10096
2.10096
2.10096
2.10096
2.10096
2.10096
2.10096
2.10096
2.10096
2.10096
2.10096
2.10096
2.10096
2.10096
2.10096
2.10096
2.10096
2.10096
2.10096
2.10096
2.10096
2.10096
2.10096
2.10096
2.10096
2.10096
2.10096
2.10096
2.10096
2.10096
2.10096
2.10096
2.10096
2.10096
2.10096
2.10096
2.10096
2.10096
2.10096
2.10096
2.10096
2.10096
2.10096
2.10096
2.10096
2.10096
2.10096
2.10096
2.10096
2.10096
2.10096
2.10096
2.10096
2.10096
2.10096
2.10096
2.10096
2.10096
2.10096
2.10096
2.10096
2.10096
2.10096
2.10096
2.10096
2.10096
2.10096
2.10096
2.10096
2.10096
2.10096
2.10096
2.10096
2.10096
2.10096
2.10096
2.10096
2.10096
2.10096
2.10096
2.10096
2.10096
2.10096
2.10096
2.10096
2.10096
2.10096
2.10096
2.10096
2.10096
2.10096
2.10096
2.10096
2.10096
2.10096
2.10096
2.10096
2.10096
2.10096
2.10096
2.10096
2.10096
2.10096
2.10096
2.10096
2.10096
2.10096
2.10096
2.10096
2.10096
2.10096
2.10096
2.10096
2.10096
2.10096
2.10096
2.10096
2.10096
2.10096
2.10096
2.10096
2.10096
2.10096
2.10096
2.10096
2.10096
2.10096
2.10096
2.10096
2.10096
2.10096
2.10096
2.10096
2.10096
2.10096
2.10096
2.10096
2.10096
2.10096
2.10096
2.10096
2.10096
2.10096
2.10096
2.10096
2.10096
2.10096
2.10096
2.10096
2.10096
2.10096
2.10096
2.10096
2.10096
2.10096
2.10096
2.10096
2.10096
2.10096
2.10096
2.10096
2.10096
2.10096
2.10096
2.10096
2.10096
2.10096
2.10096
2.10096
2.10096
2.10096
2.10096
2.10096
2.10096
2.10096
2.10096
2.10096
2.10096
2.10096
2.10096
2.10096
2.10096
2.10096
2.10096
2.10096
2.10096
2.10096
2.10096
2.10096
2.10096
2.10096
2.10096
2.10096
2.10096
2.10096
2.10096
2.10096
2.10096
2.10096
2.10096
2.10096
2.10096
2.10096
2.10096
2.10096
2.10096
2.10096
2.10096
2.10096
2.10096
2.10096
2.10096
2.10096
2.10096
2.10096
2.10096
2.10096
2.10096
2.10096
2.10096
2.10096
2.10096
2.10096
2.10096
2.10096
2.10096
2.10096
2.10096
2.10096
2.10096
2.10096
2.10096
2.10096
2.10096
2.10096
2.10096
2.10096
2.10096
2.10096
2.10096
2.10096
2.10096
2.10096
2.10096
2.10096
2.10096
2.10096
2.10096
2.10096
2.10096
2.10096
2.10096
2.10096
2.10096
2.10096
2.10096
2.10096
2.10096
2.10096
2.10096
2.10096
2.10096
2.10096
2.10096
2.10096
2.10096
2.10096
2.10096
2.10096
2.10096
2.10096
2.10096
2.10096
2.10096
2.10096
2.10096
2.10096
2.10096
2.10096
2.10096
2.10096
2.10096
2.10096
2.10096
2.10096
2.10096
2.10096
2.10096
2.10096
2.10096
2.10096
2.10096
2.10096
2.10096
2.10096
2.10096
2.10096
2.10096
2.10096
2.10096
2.10096
2.10096
2.10096
2.10096
2.10096
2.10096
2.10096
2.10096
2.10096
2.10096
2.10096
2.10096
2.10096
2.10096
2.10096
2.10096
2.10096
2.10096
2.10096
2.10096
2.10096
2.10096
2.10096
2.10096
2.10096
2.10096
2.10096
2.10096
2.10096
2.10096
2.10096
2.10096
2.10096
2.10096
2.10096
2.10096
2.10096
2.10096
2.10096
2.10096
2.10096
2.10096
2.10096
2.10096
2.10096
2.10096
2.10096
2.10096
2.10096
