,loss_1layers,loss_2layers,loss_3layers,loss_4layers,val_loss_1layers,val_loss_2layers,val_loss_3layers,val_loss_4layers
0,7.72900390625,5.906020641326904,3.11568021774292,4.911075115203857,4.791703701019287,3.3968517780303955,1.0451021194458008,1.8759673833847046
1,3.5120599269866943,2.4848413467407227,1.048697590827942,1.3996661901474,2.3423306941986084,1.6907544136047363,0.9645155072212219,1.0496634244918823
2,1.9076555967330933,1.4539942741394043,1.0324598550796509,1.0840158462524414,1.434493064880371,1.1687407493591309,0.9592791795730591,0.9868032336235046
3,1.3238569498062134,1.1517820358276367,1.0313904285430908,1.0587981939315796,1.1092725992202759,1.0238738059997559,0.9589561223983765,0.9759746789932251
4,1.1064072847366333,1.0687928199768066,1.0326858758926392,1.0541720390319824,0.989982008934021,0.9803106188774109,0.960162341594696,0.974520742893219
5,1.0182873010635376,1.0404468774795532,1.0311074256896973,1.0532207489013672,0.9352202415466309,0.9652421474456787,0.9587613940238953,0.974568247795105
6,0.9710732698440552,1.030637264251709,1.0278964042663574,1.0541911125183105,0.9059603810310364,0.9596700072288513,0.9667484760284424,0.9747156500816345
7,0.9374849796295166,1.0255297422409058,1.031867265701294,1.0548728704452515,0.8850285410881042,0.9558042287826538,0.9592040777206421,0.9745391607284546
8,0.911120593547821,1.021000862121582,1.027491807937622,1.054432988166809,0.8675148487091064,0.9531754851341248,0.9571447968482971,0.9742915630340576
9,0.8853577971458435,1.017528772354126,1.0289753675460815,1.054917812347412,0.8524397015571594,0.9512549042701721,0.9597879648208618,0.974367082118988
10,0.8623045682907104,1.014236569404602,1.0261386632919312,1.0545047521591187,0.838563084602356,0.9484546184539795,0.9560713768005371,0.9743933081626892
11,0.8407498598098755,1.0103973150253296,1.0251784324645996,1.054833173751831,0.825594961643219,0.9458996653556824,0.9556440114974976,0.9741854667663574
12,0.819554328918457,1.0073939561843872,1.0267810821533203,1.0535179376602173,0.8136484622955322,0.9436376690864563,0.9550279974937439,0.9744691252708435
13,0.8001748919487,1.003379225730896,1.0228930711746216,1.0547432899475098,0.8022269606590271,0.9412869811058044,0.9546070098876953,0.974246084690094
14,0.7816786170005798,1.000020980834961,1.0226680040359497,1.0545763969421387,0.7915445566177368,0.939134955406189,0.9597405791282654,0.9756613373756409
15,0.7638165354728699,0.9967547059059143,1.0238932371139526,1.0547722578048706,0.7814115881919861,0.9371926784515381,0.954496443271637,0.975310206413269
16,0.746229350566864,0.9930527210235596,1.0223889350891113,1.0529240369796753,0.7717612981796265,0.9350707530975342,0.9533213973045349,0.9740417003631592
17,0.7301111817359924,0.9894610047340393,1.0231239795684814,1.0535924434661865,0.7627671957015991,0.9327900409698486,0.9528478384017944,0.9740388989448547
18,0.7145667672157288,0.9857523441314697,1.0213268995285034,1.0543432235717773,0.7542892694473267,0.9305505156517029,0.9526220560073853,0.9750896692276001
19,0.6993792057037354,0.9819405674934387,1.0214225053787231,1.0532078742980957,0.7462678551673889,0.9279239177703857,0.9518536329269409,0.974260151386261
20,0.6850969791412354,0.9783755540847778,1.0186834335327148,1.0535924434661865,0.7387619018554688,0.9254870414733887,0.9525130391120911,0.974449098110199
21,0.6716545224189758,0.9742540121078491,1.0179798603057861,1.0539278984069824,0.7315458655357361,0.9232990741729736,0.9528248310089111,0.9738001823425293
22,0.6589131951332092,0.9710199236869812,1.0163544416427612,1.0541024208068848,0.7249785661697388,0.9213250875473022,0.9530497193336487,0.9742502570152283
23,0.6466345191001892,0.9679698944091797,1.0159715414047241,1.0530918836593628,0.7187928557395935,0.9186572432518005,0.9499173164367676,0.9743493795394897
24,0.6347970962524414,0.9638740420341492,1.0162594318389893,1.05275297164917,0.7127218842506409,0.9161546230316162,0.9499081969261169,0.9735771417617798
25,0.6240278482437134,0.9596659541130066,1.0143028497695923,1.0532108545303345,0.7071947455406189,0.9134199619293213,0.9497784376144409,0.9741625785827637
26,0.613267183303833,0.9559473991394043,1.0159951448440552,1.0533862113952637,0.7018563747406006,0.910824716091156,0.9495535492897034,0.9737287759780884
27,0.603203535079956,0.9514040350914001,1.0151933431625366,1.0547244548797607,0.6968209147453308,0.9084823131561279,0.9478300213813782,0.9735015630722046
28,0.5941231846809387,0.9471640586853027,1.0124719142913818,1.053313970565796,0.6922010183334351,0.9058759808540344,0.9480218291282654,0.9736286401748657
29,0.5846207737922668,0.9430220127105713,1.0143370628356934,1.0534844398498535,0.6876878142356873,0.9032576084136963,0.9473007321357727,0.9747316837310791
30,0.5758028030395508,0.9393818378448486,1.010854959487915,1.0531227588653564,0.6833724975585938,0.9004164934158325,0.9479406476020813,0.9738447666168213
31,0.56756991147995,0.9344640374183655,1.0110629796981812,1.0532968044281006,0.6794342994689941,0.8976870775222778,0.9456906318664551,0.9735591411590576
32,0.5593947768211365,0.9306386709213257,1.01206636428833,1.0532869100570679,0.6754937171936035,0.8949306011199951,0.9454644918441772,0.9732251167297363
33,0.5514265298843384,0.926457941532135,1.007176399230957,1.0530836582183838,0.6717627048492432,0.8921362161636353,0.9496234059333801,0.9731191396713257
34,0.5446250438690186,0.9216634631156921,1.0038435459136963,1.0526660680770874,0.6683810353279114,0.8892350792884827,0.9477604627609253,0.9732481241226196
35,0.5377905368804932,0.9170272350311279,1.0075160264968872,1.0557314157485962,0.6649234890937805,0.8865864276885986,0.9483731985092163,0.9731320142745972
36,0.5308938026428223,0.91299968957901,1.0054965019226074,1.0519672632217407,0.661769688129425,0.8834395408630371,0.9427258372306824,0.9729927182197571
37,0.5247930288314819,0.9071828126907349,1.0037479400634766,1.052457332611084,0.6586856842041016,0.8805149793624878,0.9420182704925537,0.9731113314628601
38,0.5186267495155334,0.9030979871749878,1.003829002380371,1.0540217161178589,0.656005322933197,0.8774278163909912,0.9446327090263367,0.9734795093536377
39,0.5129311680793762,0.898323655128479,1.0055139064788818,1.0516103506088257,0.6530688405036926,0.8742753863334656,0.9407394528388977,0.9739006161689758
40,0.5069395899772644,0.8927362561225891,1.0041470527648926,1.052749752998352,0.6504970788955688,0.8710992932319641,0.9401296973228455,0.9728055000305176
41,0.5015567541122437,0.8883436918258667,0.9977501630783081,1.05265474319458,0.6483361124992371,0.868081271648407,0.9397422671318054,0.9730827212333679
42,0.4966041147708893,0.8826035261154175,1.0036890506744385,1.0516314506530762,0.645397424697876,0.864560067653656,0.9386134147644043,0.9728038311004639
43,0.4914529025554657,0.8774836659431458,1.0011898279190063,1.0546971559524536,0.6429095268249512,0.8610934615135193,0.9381169080734253,0.9729399085044861
44,0.4867158532142639,0.872414767742157,0.9986460208892822,1.0512996912002563,0.6405863761901855,0.8577165007591248,0.9374301433563232,0.9735172986984253
45,0.4823201596736908,0.8664991855621338,0.9954085350036621,1.0511473417282104,0.6380151510238647,0.8543521761894226,0.93656325340271,0.9730675220489502
46,0.47763463854789734,0.8608186841011047,0.994417130947113,1.0507442951202393,0.6356179714202881,0.8508424162864685,0.9366142153739929,0.972881019115448
47,0.47331997752189636,0.8568663001060486,0.9918578267097473,1.0509765148162842,0.6335800290107727,0.847422182559967,0.935009777545929,0.9723262786865234
48,0.46950221061706543,0.8494516611099243,0.9918497204780579,1.051865577697754,0.6313661336898804,0.843691885471344,0.9346194267272949,0.9726623296737671
49,0.4656258821487427,0.8435534834861755,0.9865279197692871,1.0520074367523193,0.6293744444847107,0.8399609327316284,0.9375494122505188,0.9730264544487
50,0.46154358983039856,0.8376311659812927,0.9916370511054993,1.0510388612747192,0.6274214386940002,0.8361339569091797,0.93280428647995,0.972338855266571
51,0.45788443088531494,0.8313730359077454,0.9878450632095337,1.0505691766738892,0.6256648898124695,0.8323492407798767,0.9341089725494385,0.9729995727539062
52,0.4541330337524414,0.8254123330116272,0.9885112643241882,1.0519269704818726,0.6234480738639832,0.8285757303237915,0.931016206741333,0.9720420837402344
53,0.4508945941925049,0.8196250200271606,0.986488401889801,1.0510449409484863,0.6213349103927612,0.8246432542800903,0.9301902651786804,0.972889244556427
54,0.4471437633037567,0.813148558139801,0.9882247447967529,1.0512125492095947,0.6196683645248413,0.8207444548606873,0.9292479157447815,0.9722936749458313
55,0.44420430064201355,0.8064508438110352,0.9848726391792297,1.05280339717865,0.6176348328590393,0.8167422413825989,0.9283291697502136,0.9724633097648621
56,0.44122016429901123,0.8010858297348022,0.9808065295219421,1.0520853996276855,0.6155264973640442,0.8127095103263855,0.9289500713348389,0.9730186462402344
57,0.43790289759635925,0.793527364730835,0.9775840640068054,1.050835132598877,0.6140051484107971,0.8086385130882263,0.9277251958847046,0.9723489880561829
58,0.4353390336036682,0.787551760673523,0.976875364780426,1.0493290424346924,0.6123554110527039,0.8045897483825684,0.9256472587585449,0.9719789028167725
59,0.432226300239563,0.7804413437843323,0.9770162105560303,1.0508960485458374,0.6108920574188232,0.8004814386367798,0.9286929965019226,0.9720170497894287
60,0.4299582242965698,0.773866593837738,0.9755878448486328,1.0498096942901611,0.6086835265159607,0.7963758707046509,0.9238043427467346,0.9722097516059875
61,0.42708614468574524,0.767052412033081,0.9747398495674133,1.0505565404891968,0.607165515422821,0.7922508120536804,0.9226189255714417,0.9719729423522949
62,0.42414894700050354,0.7600072026252747,0.9700402021408081,1.0524623394012451,0.6052572131156921,0.7881025671958923,0.9217766523361206,0.9716842770576477
63,0.4214106500148773,0.7531147599220276,0.9691600799560547,1.0488090515136719,0.6036836504936218,0.7838462591171265,0.9209282398223877,0.9727804660797119
64,0.4192351996898651,0.7462314963340759,0.9687684774398804,1.0496342182159424,0.6018178462982178,0.7797055244445801,0.9194982647895813,0.973554253578186
65,0.416837602853775,0.7388637661933899,0.9653571844100952,1.050644040107727,0.6001775860786438,0.7753745913505554,0.9186645746231079,0.97211092710495
66,0.41487640142440796,0.7318622469902039,0.9657883048057556,1.0491397380828857,0.5988891124725342,0.7709603905677795,0.9181025624275208,0.9713445901870728
67,0.4120946228504181,0.7254892587661743,0.96415114402771,1.0501562356948853,0.5965765714645386,0.7666603922843933,0.9160407781600952,0.9717085361480713
68,0.410043329000473,0.7178328633308411,0.9603670835494995,1.0498958826065063,0.5952601432800293,0.762382984161377,0.9149644374847412,0.9723788499832153
69,0.40765902400016785,0.7110977172851562,0.9595977067947388,1.048781156539917,0.5938041806221008,0.7580833435058594,0.9137916564941406,0.9711402654647827
70,0.4056521952152252,0.7026289701461792,0.9603703618049622,1.0484650135040283,0.5921618938446045,0.7538576722145081,0.9129610657691956,0.971297025680542
71,0.40359050035476685,0.6964916586875916,0.9545853734016418,1.048050045967102,0.5907608270645142,0.7495840191841125,0.9133774042129517,0.9715959429740906
72,0.40149441361427307,0.6881283521652222,0.9538713097572327,1.049193263053894,0.5892194509506226,0.7453558444976807,0.9112071394920349,0.9715823531150818
73,0.39967697858810425,0.681331217288971,0.9527484774589539,1.0498502254486084,0.588111162185669,0.7411126494407654,0.9098742604255676,0.9709460735321045
74,0.39785727858543396,0.6739127039909363,0.9472216367721558,1.0490190982818604,0.5868594646453857,0.7369158864021301,0.9107879400253296,0.9719088673591614
75,0.3963151276111603,0.6665123701095581,0.946014940738678,1.0481963157653809,0.5849402546882629,0.732787013053894,0.9059095978736877,0.9705421328544617
76,0.39395248889923096,0.659335196018219,0.941837728023529,1.0485929250717163,0.5835036039352417,0.72867751121521,0.904655933380127,0.9711669683456421
77,0.3924696445465088,0.6524407863616943,0.9438503384590149,1.047972321510315,0.5818085670471191,0.7246055006980896,0.9031408429145813,0.9703665375709534
78,0.39051496982574463,0.6454035639762878,0.9375208616256714,1.048508882522583,0.5805014967918396,0.7208445072174072,0.9015379548072815,0.9717709422111511
79,0.38877537846565247,0.6389036774635315,0.9394555687904358,1.0472902059555054,0.5792983770370483,0.7166548371315002,0.900048017501831,0.9702448844909668
80,0.38709306716918945,0.6321755051612854,0.9332670569419861,1.04865300655365,0.577707052230835,0.7126641273498535,0.8993077278137207,0.9702745079994202
81,0.38551875948905945,0.6243150234222412,0.9311931133270264,1.0475646257400513,0.5763812065124512,0.7087388038635254,0.8972359299659729,0.97026526927948
82,0.38389697670936584,0.6178391575813293,0.9257720708847046,1.0471874475479126,0.5743884444236755,0.7050014734268188,0.8986830115318298,0.970854640007019
83,0.38245052099227905,0.6106671690940857,0.9227733016014099,1.047510027885437,0.5730112791061401,0.7010486125946045,0.8946776390075684,0.9705660939216614
84,0.3812183737754822,0.6043934226036072,0.9237406849861145,1.0473501682281494,0.5721334218978882,0.6975057721138,0.8920080661773682,0.9701321125030518
85,0.37950462102890015,0.5977633595466614,0.9185160398483276,1.047220230102539,0.5705417394638062,0.693631112575531,0.8930658102035522,0.9702228307723999
86,0.37785789370536804,0.5905947685241699,0.9190690517425537,1.0470143556594849,0.5690640807151794,0.6900709271430969,0.8896331787109375,0.9696842432022095
87,0.37656980752944946,0.5842487812042236,0.9133570194244385,1.0469071865081787,0.567628800868988,0.6865888833999634,0.8882399201393127,0.9702101349830627
88,0.37532752752304077,0.5787067413330078,0.9115492105484009,1.0476399660110474,0.5665947198867798,0.6832183003425598,0.8851402997970581,0.9705281257629395
89,0.37401843070983887,0.5716963410377502,0.9065094590187073,1.0471594333648682,0.5653347969055176,0.6797950267791748,0.8836244344711304,0.9694139361381531
90,0.3724118173122406,0.5652245879173279,0.906177282333374,1.0457837581634521,0.5641963481903076,0.6765788197517395,0.881135106086731,0.9693328738212585
91,0.37106749415397644,0.5596280097961426,0.9001031517982483,1.0470372438430786,0.5629544258117676,0.6734480857849121,0.8792754411697388,0.9698224067687988
92,0.36987361311912537,0.5535410046577454,0.8967139720916748,1.0464167594909668,0.5617634057998657,0.6706839799880981,0.8788455128669739,0.9694228172302246
93,0.3685593008995056,0.5483366250991821,0.8929626941680908,1.0479480028152466,0.5603367686271667,0.667106568813324,0.876461923122406,0.971127986907959
94,0.3674556314945221,0.542330801486969,0.8936209082603455,1.0475549697875977,0.5589616894721985,0.6640193462371826,0.8734703660011292,0.9689703583717346
95,0.3663876950740814,0.5364764928817749,0.8868266344070435,1.0460221767425537,0.5580955743789673,0.6610404253005981,0.8747778534889221,0.9697569012641907
96,0.3650049865245819,0.5308331251144409,0.8835619688034058,1.0460596084594727,0.5569440722465515,0.6582685112953186,0.8688433766365051,0.9687333703041077
97,0.36356475949287415,0.5256471633911133,0.8815001249313354,1.046703815460205,0.5558537840843201,0.6554334163665771,0.8672859072685242,0.9694625735282898
98,0.36275941133499146,0.520211935043335,0.8787157535552979,1.046627163887024,0.5548145174980164,0.6531330943107605,0.8650978207588196,0.9686937928199768
99,0.36140838265419006,0.515204906463623,0.8714686632156372,1.0452007055282593,0.5543135404586792,0.6502230167388916,0.8631198406219482,0.968496561050415
