# best half averages
9.91193
9.02276
8.4679
7.89147
7.51932
7.01352
6.61672
6.32769
5.9997
5.75526
5.94046
5.53257
5.45854
5.46175
5.3329
5.09573
4.9777
4.81513
4.72758
4.77676
4.84567
4.70184
4.69286
4.50148
4.49504
4.37164
4.15817
4.04801
3.89457
4.1237
3.97254
3.72947
3.68455
3.54224
3.63168
3.68839
3.88769
3.52034
3.42635
3.54596
3.6083
3.59986
3.42201
3.40272
3.36423
3.31165
3.23874
3.04215
3.07404
2.84397
3.05608
2.91746
3.06204
2.97238
3.12668
3.13921
3.05581
2.97442
2.87266
2.85996
2.84149
2.9466
2.85825
3.15457
3.03698
3.05128
3.00302
2.83932
2.83071
2.78708
2.87975
2.97789
2.87932
2.70477
2.66121
2.65365
2.69677
2.64269
2.76601
2.93848
2.89889
2.94663
2.90633
2.93829
2.79231
2.73172
3.00285
2.78435
2.69662
2.78011
2.72
2.77855
2.77677
2.45553
2.59856
2.61744
2.60163
2.6571
2.59542
2.67431
2.64165
2.63204
2.54881
2.60942
2.58605
2.57491
2.51268
2.35084
2.61344
2.50229
2.56553
2.49947
2.53503
2.38769
2.48205
2.48403
2.53141
2.62789
2.48801
2.35481
2.42776
2.42676
2.44689
2.43555
2.332
2.25978
2.4683
2.34378
2.32909
2.23656
2.11511
2.21499
2.11845
1.99614
2.24153
2.03542
2.21906
2.01062
2.20298
2.28688
2.15768
2.06419
2.04024
2.18764
2.09072
2.08146
2.03797
2.0859
2.08791
2.03407
2.09478
1.87393
1.99268
1.88482
2.03392
2.14283
2.077
1.95976
2.00422
1.96729
2.08112
2.15634
2.00572
2.30042
2.14531
2.22844
2.19064
2.17972
2.05865
2.28959
2.0415
2.0073
2.0601
2.12548
2.0368
1.8701
2.04554
2.04835
2.06093
1.87369
2.0858
2.00786
2.07743
2.09895
1.93084
1.86699
2.2292
2.26608
2.09618
2.05704
2.33801
2.16145
2.20876
2.14249
2.41862
2.14877
1.92762
2.1542
2.01071
2.03461
2.09935
2.05438
2.10527
2.0765
2.10291
1.98272
2.23155
2.02887
2.17603
2.2035
2.2239
2.11744
2.16577
2.19234
1.98695
2.09772
2.15265
1.96758
2.03514
1.91935
2.03047
1.92427
1.99744
1.89636
1.89009
1.957
2.23376
2.08586
1.98176
2.1337
2.19531
2.13454
2.04905
2.04304
1.9264
1.99464
1.91379
1.88698
1.88267
2.08871
2.01721
1.97452
2.04072
2.18722
2.07794
2.05521
1.97688
1.89099
2.04701
2.12719
2.01558
2.03187
2.34119
2.07332
2.2793
2.01016
2.05281
2.00436
2.09578
2.12163
2.05133
1.94193
1.8298
1.83936
1.70037
1.81202
1.84783
1.66368
1.99209
2.02556
2.07779
2.20503
2.44671
2.61423
2.54849
2.83818
2.59596
2.84434
2.76532
2.91098
2.99409
2.97569
2.7441
2.837
2.72759
2.59947
2.49608
2.73418
2.66793
2.71316
2.83302
2.58576
2.6505
2.64911
2.56866
2.61872
2.48027
2.52944
2.58293
2.3785
2.71218
2.67079
2.49781
2.27193
2.2156
2.50762
2.55099
2.53517
2.42704
2.29691
2.29474
2.24768
2.38128
2.65388
2.55869
2.39714
2.41986
2.32573
2.38218
2.21492
2.30499
2.21787
2.23157
2.2809
2.32243
2.23291
2.05113
2.3241
2.20233
2.32293
2.39645
2.29039
2.47435
2.39423
2.41342
2.62421
2.62265
2.67492
2.58966
2.68888
2.68314
2.67484
2.61448
2.66613
2.72503
2.82666
2.78358
2.76483
2.8818
2.75851
2.70844
2.8239
2.68321
2.81507
2.66193
2.7148
2.94163
3.05823
3.01894
2.9781
3.07679
3.01465
2.8992
2.85783
2.68433
2.68687
2.61767
2.5934
2.55213
2.55922
2.54493
2.38038
2.46817
2.53174
2.4784
2.24694
2.56423
2.48612
2.65546
2.39037
2.36278
2.57992
2.44516
2.48328
2.23072
2.32081
2.24228
2.46637
2.24839
2.40845
2.31713
2.30581
2.3183
2.42669
2.263
2.28947
2.38524
2.69043
2.55386
2.55725
2.53559
2.60323
2.51751
2.40414
2.23462
2.66544
2.7545
2.74458
2.69406
2.61026
2.71835
2.58036
2.6079
2.48505
2.53232
2.58197
2.69229
2.59758
2.61955
2.40702
2.49999
2.75537
2.92888
3.09667
3.01808
2.88211
2.6725
2.71965
2.70558
2.61266
2.66803
2.51198
2.59108
2.32541
2.30886
2.35607
2.54568
2.37059
2.58232
2.5622
2.59976
2.67434
2.63277
2.69729
2.90914
2.78347
2.54891
2.42885
2.39671
2.3375
2.20609
2.15882
2.26305
2.01763
2.38775
2.24267
2.23205
2.29529
2.04599
2.00688
1.99263
1.91992
2.09357
2.13548
2.15914
2.17719
1.93239
1.88705
1.80196
1.77164
1.7441
1.87596
1.85674
1.95933
1.9448
1.84518
1.79304
2.0452
2.23865
2.21592
2.03864
2.00133
2.12708
1.84753
2.08795
2.39393
2.19353
2.47764
2.33561
2.16642
2.2719
2.15615
2.04045
1.83399
1.74909
1.8513
1.81387
1.67455
1.70504
1.66978
1.93309
1.92711
1.7879
1.97565
1.81267
1.80988
1.78386
1.93745
1.80309
1.84903
2.07427
2.21043
2.20005
2.29724
2.41012
2.24573
2.26443
2.20343
2.27581
1.97101
1.97997
1.96255
1.86211
1.95732
1.85368
1.85335
1.87263
1.83169
1.93775
1.9151
1.96739
2.03087
1.98737
1.92491
2.43129
2.26941
2.25182
2.23577
2.28017
2.23549
2.41547
2.51435
2.58786
2.62555
2.54705
2.3338
2.43671
2.37554
2.40549
2.32229
2.31543
2.28843
2.26112
2.51909
2.44582
2.50674
2.6008
2.56438
2.47166
2.47231
2.44169
2.66689
2.70154
2.67302
2.82683
2.77918
2.85726
2.96508
2.73243
2.66197
2.60251
2.77764
2.85259
2.57142
2.64685
2.66886
2.60291
2.4622
2.63885
2.38239
2.46726
2.37929
2.4447
2.36091
2.42329
2.44437
2.38617
2.42344
2.32179
2.13626
2.31193
2.19962
2.31112
2.63408
2.79829
2.58428
2.47486
2.34954
2.43462
2.48889
2.45724
2.29007
2.35897
2.47003
2.37087
2.24102
2.32925
2.15965
2.20649
2.09089
2.16176
2.02194
1.92015
2.04188
1.94266
1.92815
1.87493
1.90584
1.86095
1.7776
1.93609
1.73601
1.98291
1.88609
1.81343
2.02572
2.09661
1.94063
2.00112
1.97277
2.13574
2.11494
2.04942
2.21453
2.1017
2.27928
2.39742
2.1808
2.19157
2.28512
2.38647
2.24219
2.44004
2.19535
2.30945
2.07149
2.02935
2.03766
2.47909
2.20909
2.17673
2.22544
1.97332
1.88461
2.00172
2.13032
2.0664
1.93699
1.90991
2.01943
2.11875
1.9426
1.94601
1.79014
2.06681
1.96394
2.08244
2.08728
2.06752
1.95709
2.17443
2.07931
2.0135
1.99628
1.91378
2.08326
2.14874
2.09344
1.99886
2.06438
2.02029
2.07605
1.91472
1.81677
2.00431
1.8998
2.15898
2.04327
1.89945
2.25644
2.33668
2.10682
2.04766
2.08159
1.99415
2.0114
1.88246
1.90691
1.8498
1.8322
2.07706
1.93715
1.88888
1.90089
1.73865
1.89706
1.74664
1.84329
1.74879
1.93697
1.88966
1.74186
2.00268
2.07113
2.03165
1.8855
1.79305
1.94482
1.83819
1.85975
1.97731
2.00866
1.985
2.08231
1.98198
1.95661
1.76156
1.61978
1.69854
1.76083
1.84095
1.75164
1.77638
1.94586
1.87612
1.7257
1.68129
1.52843
1.84521
1.80437
1.60971
1.75642
1.7807
1.74954
1.65208
1.63327
1.77201
1.52964
1.86725
1.91742
1.97956
2.03734
2.09838
1.97395
2.01138
1.99486
1.97261
2.08593
1.94261
1.92603
1.88781
1.9144
1.94472
1.78413
1.83873
1.82171
1.75134
1.80853
1.89841
1.83244
1.74214
1.93727
1.82576
1.52504
1.7525
1.76063
1.75723
1.73659
1.86384
1.82237
1.85284
1.80669
1.85477
1.66854
1.75902
1.90379
1.61837
1.72701
1.76243
1.88632
1.86937
1.9771
2.05276
1.93701
2.0062
2.04361
1.94554
1.97414
1.80917
1.86682
1.8754
1.99799
2.01608
1.96381
2.07591
2.13352
2.05631
1.99887
1.94765
1.82558
1.85663
1.96305
1.77732
1.79392
1.81097
1.83609
1.84928
1.70696
1.87235
1.88274
1.56297
1.94787
1.81279
1.97369
1.8446
1.67223
1.7853
1.8362
2.10069
1.95112
1.93795
1.86874
2.13355
2.1871
2.12133
1.98481
1.93097
1.95198
1.9759
2.03307
2.14487
1.97854
2.02996
2.00775
2.03419
2.01021
1.83831
1.83766
1.86029
1.82844
1.61398
1.72455
1.96399
2.05843
1.86607
1.79505
1.83994
1.9782
1.89031
1.73008
1.69592
1.70667
1.71052
1.88373
1.76193
1.90234
1.8871
1.78755
1.69489
1.73317
1.64054
1.84356
1.86003
1.77371
1.84265
1.76769
1.77178
1.58278
1.93846
1.79469
1.99092
1.83204
1.77407
1.83848
1.76255
1.7034
1.71732
1.66476
1.91654
1.85943
1.87219
1.85814
1.88184
1.73611
1.87242
1.79515
1.80742
1.7753
1.77417
1.62434
1.77008
1.83723
1.66775
1.78569
1.74077
1.8256
1.71781
1.72001
1.64138
1.97341
1.93962
1.87264
1.97954
1.74628
1.79849
1.58629
1.65232
1.74867
1.70156
1.76303
1.77678
1.89582
1.93231
1.83902
1.7625
1.80874
1.81482
1.83251
1.88452
1.82143
1.72238
1.72528
1.69058
1.57134
1.6393
1.88183
1.77015
1.86425
1.81897
1.54967
1.84143
1.94511
1.68399
2.00872
1.82986
1.8454
1.68786
1.80419
1.90925
1.79058
1.84665
1.69372
1.7558
1.87375
1.6956
1.78424
1.77525
1.64932
1.7123
1.67029
1.55113
1.72595
1.59357
1.64219
1.60453
1.77769
1.87548
1.73985
1.59317
1.66957
1.81996
1.69568
1.74488
1.57138
1.9294
1.79974
1.75253
1.73673
1.81258
1.82293
1.76852
1.75693
1.81048
1.61462
1.70685
1.78004
1.8113
1.90067
1.75719
1.82905
1.85947
1.77901
1.90039
2.01765
1.8428
1.95596
2.01709
2.03946
2.03351
1.78937
