# best half averages
10.0164
9.2603
8.65733
8.12648
7.68877
7.33113
6.8331
6.36977
5.87186
5.95434
5.57123
5.52364
5.16915
5.22879
5.0112
4.938
5.06979
4.89543
4.65572
4.50317
4.41159
4.36169
4.38675
4.35195
4.26438
4.31485
4.37454
4.22948
4.18011
4.22352
4.01644
3.90348
3.74352
3.5817
3.77467
3.65782
3.45675
3.62553
3.72925
3.52554
3.56099
3.51511
3.39924
3.38962
3.37602
3.35202
3.32324
3.26839
3.39384
3.4214
3.2566
3.34516
3.37396
3.08882
3.32883
3.27508
3.21154
3.13187
3.09698
3.25513
3.17819
3.09146
2.94457
2.90251
2.967
2.80228
2.63387
2.75994
2.69785
2.49229
2.65524
2.71872
2.58235
2.65172
2.63695
2.44778
2.53194
2.56758
2.45406
2.42141
2.51379
2.48511
2.57359
2.65871
2.55822
2.4841
2.59645
2.34023
2.38361
2.4738
2.37598
2.38147
2.5861
2.26182
2.3015
2.63091
2.44939
2.51394
2.41153
2.14035
2.41462
2.59785
2.47147
2.58602
2.44366
2.48549
2.32142
2.41034
2.17774
2.40919
2.15586
2.12582
2.38087
2.38916
1.9581
2.07783
2.31306
2.29453
2.07266
2.1252
2.33488
2.2261
2.19615
2.2046
2.23785
2.22141
2.20428
2.26713
2.04128
2.26996
2.00242
2.17806
2.26738
2.23073
2.2342
2.24793
2.03287
2.13334
2.02673
2.19834
2.0977
2.15577
2.12948
2.09398
2.171
2.03522
2.08057
2.28295
2.0083
2.16019
2.08428
1.99855
2.13057
2.11986
2.1787
2.07549
2.0833
2.02899
2.14354
2.09633
2.27818
2.1713
2.23903
2.1325
1.9704
2.00432
1.9329
2.09537
2.13461
2.43008
2.22667
2.1958
2.23629
2.13075
2.24677
2.19214
2.19015
2.27972
2.22014
2.2578
2.11231
2.10028
2.24666
2.10202
1.96374
2.25176
2.20784
2.28401
2.10407
2.11125
2.22562
2.09784
2.20971
2.14142
2.06371
2.32605
2.38651
2.48786
2.47285
2.81107
2.90953
2.68973
2.84433
2.6808
2.6703
2.77005
2.78316
2.62284
2.65213
2.61727
2.82722
2.67233
2.5888
2.50322
2.52405
2.39636
2.39817
2.34548
2.35952
2.27855
2.1869
2.0308
2.13254
2.1656
1.9868
2.23102
2.27093
2.00189
2.12112
2.06333
1.98565
2.04316
2.04232
2.13707
2.06498
1.94349
2.23455
2.14055
2.06034
1.99623
1.96101
2.03341
2.0505
2.10693
1.92394
2.23108
2.14426
2.07424
2.18158
2.32114
2.0927
2.0796
2.16901
2.0487
1.92193
2.05734
1.88891
1.97266
2.03921
2.06832
1.86897
1.86678
1.96595
1.83581
2.02393
1.88745
2.01656
2.11704
2.29938
2.26672
2.24422
2.23542
2.13639
2.06322
2.092
2.12663
2.13627
2.18154
2.28509
2.17416
2.11346
1.96312
2.01031
2.13646
1.96146
2.0567
2.04097
2.0671
2.12844
2.04915
2.07234
1.81261
1.9919
2.0574
1.94061
1.97173
2.02466
2.05866
1.95529
1.94563
1.96409
1.8945
1.93512
2.05103
1.94369
2.00909
1.88242
1.80962
1.7991
2.07788
1.95864
1.97195
1.90495
1.87664
1.89483
1.87956
1.94683
2.02525
1.86951
1.94255
1.93099
1.83812
1.9928
1.89663
1.95674
1.98643
1.86247
1.8716
1.76649
1.82349
1.80484
1.95623
1.87324
1.84042
1.88057
1.73424
1.96328
2.0557
1.75611
1.86444
1.98965
1.90835
1.85043
1.87467
2.1543
2.10924
1.83012
1.86381
1.93092
1.7563
1.93328
1.87696
1.96125
1.84772
1.78066
1.81461
1.77662
1.86783
1.87278
2.0565
1.8887
1.75885
2.08822
1.90128
1.81412
1.74632
1.90421
1.86908
1.84182
1.83488
1.8434
1.90667
1.97755
2.02415
1.90959
1.94186
1.76087
1.72715
1.8518
1.96934
1.67652
1.88807
1.93527
1.85573
1.83485
1.74631
1.88005
1.98681
2.09104
2.15121
2.1913
1.97372
1.89113
1.83707
2.04674
1.87098
1.76367
1.93811
1.93235
1.92213
1.76179
1.92221
1.70747
1.85202
1.88471
1.91669
1.8844
1.85085
1.79343
1.84426
1.95914
1.93365
1.76955
1.79816
1.72066
1.90866
1.79234
1.862
1.78052
1.85875
1.83219
1.79843
1.95118
1.90712
1.93894
1.7969
1.71856
1.75605
1.77458
1.96734
1.89191
1.71353
1.72224
1.84653
1.79367
1.76
1.62689
1.69177
1.84509
1.73533
1.80385
1.79021
1.72035
1.87842
1.80868
1.73257
1.79339
1.67887
1.70769
1.7323
1.84011
1.64462
1.97795
1.78444
1.6091
1.77292
1.88527
1.81655
1.98748
2.10878
2.13813
2.03879
2.1419
2.1342
2.14647
2.30843
2.40685
2.48408
2.42589
2.65044
2.62499
2.60765
2.60222
2.58011
2.46719
2.5184
2.4688
2.41884
2.43472
2.46267
2.31867
2.28211
2.27245
2.3319
2.38713
2.22344
2.36573
2.33719
2.19057
2.18108
2.41757
2.29212
2.3338
2.19042
2.14891
2.23708
2.10377
2.07453
2.21748
2.17772
2.08944
1.97171
2.2674
2.11182
2.17303
2.02998
2.07562
2.15131
2.28356
2.02444
2.14879
2.13173
2.34582
2.12084
2.10424
1.9632
2.0334
2.08617
2.11355
2.09267
2.02602
2.17658
2.04766
2.25694
2.05444
2.13376
1.98806
2.12365
2.04438
2.05783
2.01284
2.11283
2.00664
2.16458
2.24692
2.20013
2.17609
1.94978
2.1533
2.07979
2.28817
2.20666
2.33423
2.40485
2.13015
2.02044
2.16118
1.97906
2.01477
2.09389
2.05268
2.18794
2.05818
2.08324
2.10804
2.275
2.31074
2.28362
2.18781
2.12975
2.17654
2.11808
2.02498
2.24315
2.27522
2.1329
2.31408
2.29986
2.43656
2.40522
2.55768
2.45118
2.55071
2.39546
2.34616
2.39359
2.45261
2.34684
2.18244
2.21224
2.10239
2.03565
2.16194
2.07403
2.18829
2.02985
2.17887
1.97824
2.27371
2.20824
2.1475
2.05846
2.10041
2.15094
2.14175
2.25509
2.3292
2.47908
2.42331
2.09674
2.1581
2.28732
2.19517
2.11176
2.03259
2.04487
2.18327
2.15635
2.16275
2.19593
2.23741
2.07568
1.97473
2.05124
2.13721
1.98234
2.05223
1.9383
2.27377
2.01765
2.09698
2.03515
2.07018
2.07247
2.02126
1.97699
1.89505
2.31824
2.13589
2.07756
1.93553
2.08426
1.92132
1.99696
2.113
1.89603
2.23578
1.91449
2.17382
2.10212
2.21807
2.11867
2.08407
1.98072
1.89209
2.02699
2.1205
2.10402
2.08427
1.92044
2.15975
1.97809
2.05805
2.14455
1.9944
2.08045
1.97857
1.98033
2.10083
1.90875
1.99986
2.06477
2.03764
1.80524
2.06152
2.16786
2.0633
1.94026
1.96252
2.11619
2.1672
2.20287
2.18586
2.02474
2.35644
2.22609
2.31873
2.08475
1.92321
2.13792
1.9376
1.97368
2.02934
1.96109
1.92724
1.8681
1.89158
1.90137
2.12571
1.89893
1.93421
2.18434
1.92832
2.02944
1.93777
1.82731
1.97494
2.1238
1.79764
1.97304
1.80988
2.09598
2.17186
2.16906
2.04438
2.12285
2.12479
2.18638
2.14214
2.1169
2.2105
2.24903
2.21183
2.05769
2.00039
2.01587
2.17293
1.97928
2.09933
2.24575
2.16139
2.17062
2.19137
2.20911
2.25377
2.54773
2.58005
2.56056
2.50999
2.49568
2.26798
2.47743
2.45618
2.50074
2.44567
2.63634
2.73006
2.79229
3.12181
3.16979
3.07642
2.90343
2.94468
2.73278
2.73647
2.9141
2.94026
2.79642
2.85313
2.73938
2.7232
2.78539
2.77101
2.74938
2.70521
2.56425
2.77678
2.54292
2.53347
2.47077
2.56909
2.4807
2.42033
2.45696
2.63864
2.49211
2.47164
2.40325
2.29019
2.19889
2.27585
2.23696
2.24403
2.2796
2.17891
2.22842
2.29201
2.20636
2.20946
2.12685
2.10091
2.04448
2.0992
2.20523
2.10004
2.19115
2.43602
2.24547
2.21661
2.24049
2.09852
2.08589
2.11001
2.34731
2.21291
2.11072
2.19044
2.12078
2.1715
2.00525
2.29167
2.28444
2.36298
2.41678
2.37664
2.53172
2.52971
2.5043
2.49284
2.60016
2.5823
2.62429
2.51711
2.34126
2.27802
2.44639
2.25075
2.37264
2.31544
2.48785
2.40792
2.22841
2.32411
2.38428
2.28961
2.25966
2.32117
2.20017
2.25033
2.53326
2.28588
2.08939
2.24656
2.35643
2.30231
2.07143
2.34108
2.40539
2.16551
1.99657
2.05235
2.21959
2.13432
2.04051
2.14293
1.99256
2.2006
2.03727
2.02358
1.99093
2.12713
1.96256
2.00449
2.08621
2.00314
1.8796
1.83233
2.03722
2.0829
1.90895
2.00572
1.95525
1.94452
1.91654
1.97712
1.98098
1.91887
1.87711
1.88987
1.75477
2.14341
2.0751
2.07241
2.02135
1.92317
2.0555
2.05308
2.19981
1.9372
2.01591
2.0096
1.85417
2.02586
2.04651
1.96436
1.80285
2.10754
2.09376
2.03682
1.91992
2.07252
2.11473
2.024
2.01628
2.09909
2.22499
2.11879
1.95538
2.10263
1.98878
2.12639
1.90421
1.93733
1.80619
1.86476
2.08497
2.08101
2.32141
2.1776
2.15303
2.03043
1.93652
2.26002
2.0971
1.92134
2.00153
2.33182
2.16224
2.12919
2.06521
2.15094
1.91079
1.93243
1.98744
2.00518
1.94122
2.15427
1.94273
2.05398
1.93499
1.93707
1.91642
2.01854
1.94517
1.93656
1.87851
2.00808
1.92484
1.90732
1.90909
1.88185
1.972
2.06513
1.93669
1.86627
2.02334
2.00876
2.00226
2.11165
1.9711
1.8233
1.99036
2.04811
1.909
1.8143
1.94972
1.8953
1.81695
1.82196
1.97414
1.96894
2.05167
1.95603
2.14182
1.97635
2.03878
1.95702
2.13405
1.85025
1.95015
1.98601
1.94496
1.87889
2.01815
1.91966
2.04336
2.09828
2.01836
2.0995
2.01366
2.11208
2.07435
2.32594
2.20174
2.30164
2.30036
2.26104
2.11992
2.10041
2.17756
2.32567
2.28822
2.32747
2.31677
2.25897
2.18253
2.39322
2.15914
2.42759
2.15914
