# best half averages
9.85716
9.11372
8.44858
7.75745
7.34624
6.85135
6.35449
6.27258
6.23208
5.95485
5.81043
5.53321
5.45642
5.20924
4.90154
4.73873
4.47581
4.13774
4.09182
4.11833
4.17555
4.08555
3.95674
3.99246
4.07705
4.03732
3.91451
3.91583
4.05775
3.86923
3.86921
3.82863
3.8143
3.71285
3.72898
3.47604
3.51515
3.40656
3.40814
3.46462
3.29508
3.27282
3.10501
3.10807
2.94451
2.91958
2.77935
2.5996
2.88244
2.85327
2.98885
2.96874
2.97081
2.8953
3.01941
2.98799
2.91783
2.88502
2.83118
2.84867
2.86282
2.91638
2.91642
3.00556
2.88393
2.84719
2.93301
2.91429
2.88127
2.90015
2.9099
2.99903
2.91145
2.88957
2.88421
3.01401
3.05073
2.93028
3.03728
2.72634
2.78451
2.76112
2.65757
2.75964
2.64796
2.57509
2.6317
2.68038
2.69703
2.63009
2.59345
2.5933
2.38888
2.60179
2.59581
2.4713
2.58503
2.46569
2.32714
2.46776
2.59749
2.326
2.3579
2.3632
2.23109
2.29081
2.36709
2.29908
2.2562
2.2784
2.31444
2.4426
2.23152
2.18442
2.34869
2.23012
2.08406
2.10792
2.23815
2.10664
2.15534
2.15111
2.06785
2.11425
2.16761
1.99388
2.12016
2.22867
2.14895
2.09792
2.11011
2.05209
1.96796
2.05264
1.87564
2.11249
2.18377
1.91311
2.00996
2.03543
1.89601
2.03916
2.11866
2.03408
1.96924
2.08705
1.92323
1.95132
1.94949
2.11106
2.1488
1.95914
1.90403
1.98578
1.91373
1.78919
1.85927
1.97
1.88576
1.94207
2.04044
2.10314
1.94858
2.05464
1.97387
2.07192
2.08139
2.10662
1.83059
2.05419
1.98904
1.91782
2.11144
2.03656
1.93549
1.7871
1.85581
1.72648
2.03812
2.2002
2.28599
2.28321
2.2637
2.22025
2.03038
2.02538
1.88691
1.95776
1.89479
2.04689
1.96618
1.84543
1.90965
1.98003
1.79958
1.89039
1.81397
1.95712
1.89426
1.97828
1.99781
2.08937
2.24925
2.21774
2.16144
2.51583
2.05637
2.24204
2.0714
2.31333
2.19769
2.17457
2.03926
2.04667
2.16553
2.13181
1.89287
2.05898
2.08619
1.93763
2.22326
2.06295
2.1808
2.17238
2.1733
2.19238
2.37808
2.11847
1.9771
2.05237
2.17243
2.16719
2.36858
2.44949
2.32324
2.27608
2.36669
2.19121
2.25598
2.28397
2.25607
2.39948
2.62093
2.442
2.35483
2.49857
2.51019
2.49033
2.39407
2.56812
2.49696
2.35257
2.37705
2.27676
2.35167
2.2979
2.41331
2.29047
2.25712
2.29144
2.29729
2.29133
2.19181
2.06603
2.07049
2.08964
1.91934
1.99594
1.89347
1.90918
2.09249
1.99892
1.85954
1.87171
1.92451
2.01509
1.93706
1.87414
1.96098
1.87285
1.92356
1.79761
1.96876
1.89848
1.94229
1.79123
2.03218
2.03859
2.04054
2.10849
1.97305
2.03266
1.9635
1.80796
1.96576
1.8408
2.17569
2.31493
2.17455
2.22916
2.18705
2.39548
2.46723
2.27929
2.14462
2.11299
2.03489
1.86905
1.83995
1.86256
1.83394
1.92255
2.09375
2.04291
2.14049
1.90782
1.96509
2.01857
1.99457
1.77101
1.80367
1.87354
1.8152
1.74867
1.85585
2.05397
1.95667
1.9887
1.9015
1.92509
1.9172
1.82501
1.89937
1.79234
1.82341
1.89414
2.02915
2.12288
2.1263
2.04064
1.79547
1.99505
1.99473
1.91861
1.8232
2.02083
1.98672
1.88142
1.81533
1.88403
1.73667
2.0144
1.9256
1.86842
1.77232
1.78983
1.93805
1.91495
1.89933
1.68826
1.77303
1.77239
1.66766
1.73773
1.61142
1.85987
1.82673
1.59927
1.80168
1.79577
1.77842
1.81335
1.79471
1.91956
1.99861
2.13922
2.07424
2.1778
2.06803
2.11553
2.32229
2.32035
2.59687
2.60699
2.56519
2.42478
2.48214
2.53905
2.54907
2.52124
2.49039
2.51069
2.5256
2.60833
2.59162
2.57571
2.56958
2.65182
2.80723
2.60735
2.52513
2.48361
2.39565
2.54844
2.52253
2.48361
2.2248
2.13217
2.36757
2.22223
2.07436
2.37328
2.33828
2.20794
2.22152
2.30942
2.26965
2.37544
2.46684
2.29325
2.49111
2.27407
2.28203
2.30226
2.41155
2.49755
2.49569
2.49819
2.51693
2.46268
2.77731
2.60395
2.74398
2.50928
2.39717
2.50989
2.33814
2.28477
2.34635
2.24157
2.36357
2.30881
2.43468
2.39294
2.2482
2.29582
2.37759
2.53038
2.61085
2.3635
2.2649
2.43875
2.26857
2.18008
2.25444
2.21351
2.35891
2.40771
2.06449
2.17812
2.47158
2.34785
2.24237
2.31867
2.42929
2.13528
2.26886
2.21103
2.35225
2.17422
2.22224
2.19537
2.15094
2.09812
2.0394
2.05891
1.87628
1.97351
1.94416
1.95087
1.92772
1.97706
1.89984
1.98208
2.09075
1.98569
1.91215
1.99608
1.96919
1.93106
1.86286
1.85368
1.83544
1.84895
1.84505
2.02124
1.90876
1.88579
1.96903
2.02677
2.08019
1.93577
1.88522
1.84998
1.89062
1.83231
1.86728
2.06732
2.13317
1.99452
1.89577
1.79633
1.89596
2.12562
2.18777
1.86248
1.94838
1.96059
1.80693
2.03092
1.95163
1.83254
1.96782
2.05453
2.09175
2.13231
1.78738
1.82777
2.23672
2.04389
2.09926
1.95639
2.04306
2.05268
2.07256
2.224
2.07281
2.11221
2.23444
2.19859
2.13986
2.27786
2.19852
2.21176
2.40661
2.26513
2.39114
2.52122
2.37787
2.28934
2.2666
2.53201
2.35587
2.27436
2.44101
2.49409
2.30994
2.44742
2.44638
2.38335
2.37556
2.51718
2.63704
2.73932
2.82805
2.76885
2.89657
2.94061
2.61269
2.71888
2.58496
2.65356
2.56465
2.56743
2.67077
2.59095
2.44146
2.45432
2.37523
2.41241
2.46061
2.49179
2.38078
2.51402
2.50862
2.5011
2.45443
2.41636
2.48108
2.61949
2.47473
2.56663
2.58751
2.5115
2.5034
2.402
2.44956
2.34021
2.31358
2.43959
2.2404
2.26995
2.36702
2.31007
2.38086
2.32438
2.22389
2.2178
2.32901
2.18608
2.41462
2.47362
2.40299
2.25106
2.22419
2.26396
2.35432
2.2473
2.244
2.1679
2.23679
2.10963
2.06936
2.10177
2.0543
2.081
1.85478
1.91358
2.07162
1.80744
2.10905
2.00136
2.05084
2.12868
2.19914
2.06133
2.17464
2.21357
2.35573
2.61599
2.58078
2.44212
2.49036
2.52029
2.55429
2.48179
2.69054
2.36045
2.33125
2.30377
2.45844
2.25482
2.31715
2.27054
2.31449
2.37229
2.50039
2.24335
2.28088
2.35446
2.32245
2.21632
2.35607
2.33777
2.44619
2.43664
2.5851
2.61545
2.57813
2.63512
2.58749
2.48264
2.38133
2.47724
2.31175
2.27032
2.18957
2.25451
2.4402
2.39539
2.39067
2.37535
2.20963
2.02888
2.34181
2.17169
2.23191
2.27981
2.30862
2.25811
2.08324
2.25325
2.17022
2.20892
2.27188
2.33591
2.16606
2.23762
2.3312
2.43104
2.29415
2.41181
2.46419
2.2965
2.45269
2.43944
2.3368
2.39356
2.40133
2.39919
2.35646
2.18355
2.27313
2.35892
2.25049
2.29586
2.29099
2.14724
2.12076
2.26256
2.41954
2.27879
2.21352
2.17591
2.13989
2.15847
2.27649
2.20818
2.10002
2.27704
2.14847
2.09273
2.21464
2.06811
2.32299
2.16589
2.05536
2.25501
2.2444
2.2048
2.08332
2.04408
2.03398
1.9774
1.97883
2.09284
2.02464
1.99452
2.04571
2.02456
2.02648
1.98072
2.00289
1.83951
1.93602
1.99992
1.92845
1.83824
2.14177
1.98611
2.03003
1.96898
2.20452
2.02354
2.35134
2.12787
2.18091
2.15658
2.01575
2.26326
2.15663
2.09068
2.00133
2.03662
1.91726
1.94591
2.02106
2.01427
2.08632
2.00028
1.93974
1.74334
2.04444
2.07459
2.10695
2.20189
1.98174
1.95071
1.89201
1.77439
1.98245
1.76129
1.95273
2.15646
2.05232
1.94435
1.90752
1.91473
1.91799
2.25563
2.11203
1.97482
1.81588
1.96053
1.78409
1.94285
1.74814
1.90559
1.82565
1.93094
1.70973
1.97864
1.68096
1.86393
1.72997
1.88288
1.93725
2.03271
1.94829
1.75557
1.73403
1.83402
1.61035
1.6645
1.64209
1.68669
1.93003
1.71938
1.79395
1.78578
2.02468
1.78784
1.93496
1.90262
2.00872
1.71596
1.78816
1.68109
1.75533
1.83251
1.88284
1.90411
1.77985
1.97422
1.89542
1.87027
1.81386
1.80927
1.72658
1.75354
1.92131
1.81343
1.81213
1.96683
1.66405
1.83409
1.77917
1.99086
1.77129
1.85871
1.89449
1.82129
1.77747
1.88371
1.90247
1.91274
1.91294
1.9552
1.77913
1.71382
1.6907
1.84031
1.77605
1.90921
1.80123
1.83806
1.80874
1.89349
1.70861
1.79023
1.75922
1.7015
1.70864
2.0035
1.86945
1.90226
1.60693
1.66012
1.73811
1.76864
1.6241
1.74151
1.72541
1.67673
1.79335
2.03549
1.98465
2.09104
1.90267
1.82289
1.75874
1.82499
1.82653
1.8581
1.83403
1.68344
1.70687
1.6665
1.66882
1.71638
1.87064
1.68907
1.82525
1.75233
1.97736
1.76601
1.87218
1.72894
1.71074
1.85119
1.98573
1.76734
1.8439
1.90951
1.68631
1.71365
1.79955
1.61394
1.69841
1.76911
1.62618
1.97282
1.96666
2.06732
2.0354
1.91774
1.96107
1.8233
1.81392
1.84964
1.76254
1.7486
1.90415
1.68621
2.0427
1.90952
2.01258
1.73717
1.9581
1.90119
1.80111
1.68813
1.6641
1.80888
1.61373
1.75604
1.6118
1.71301
1.7304
1.95527
1.82547
1.82776
1.89257
1.90744
1.93467
1.84822
1.78982
1.62966
1.7573
1.76901
1.70983
1.70178
1.66069
1.64118
1.67655
1.62681
1.65309
1.70219
1.94419
1.77832
1.72847
1.73696
1.54245
1.63054
1.87867
1.8535
1.88131
1.83461
2.00164
1.97408
1.96426
1.73416
1.84435
1.89913
2.09098
2.14382
2.17356
1.85977
1.96731
1.89526
