# best half averages
9.9247
9.09128
8.59184
7.86814
7.11819
6.66009
6.51182
6.10038
5.85585
5.4293
5.17819
5.26969
5.29269
5.25247
5.1333
5.0359
4.95827
4.75768
4.5779
4.66752
4.51854
4.77761
4.53431
4.47164
4.40987
4.17623
4.30284
4.12174
3.90444
4.02397
3.92204
3.94698
3.78756
3.7807
3.72353
3.77678
3.74424
3.67965
3.51274
3.41024
3.62603
3.29398
3.42325
3.5038
3.42723
3.61251
3.61297
3.43704
3.29206
3.27077
3.17253
3.10453
3.34511
3.14169
3.07633
2.96862
3.0742
2.90776
3.01422
3.06161
2.85529
2.83612
2.95625
2.93505
2.9699
2.94326
2.61734
2.88962
3.11381
2.85218
2.79108
2.77082
2.78994
3.09215
2.93249
2.88804
2.72182
2.8386
2.8674
2.98169
2.97146
3.00222
2.94871
3.17602
2.98781
3.2283
3.13983
3.18218
3.18263
3.08964
3.11003
3.12216
3.05636
2.99838
2.95906
2.99024
2.97761
2.88411
2.83195
2.94457
2.77546
2.78778
2.94745
2.87655
2.96044
3.03488
2.92815
2.9499
2.97746
2.80136
2.72851
2.85917
2.96457
2.7698
2.81253
2.74
2.60099
2.75623
2.65034
2.51722
2.62629
2.64209
2.72082
2.71293
2.64112
2.42457
2.52819
2.6006
2.53537
2.57942
2.56703
2.6842
2.49987
2.6683
2.67946
2.6947
2.71817
2.82153
2.84316
2.7591
2.7352
2.6641
2.48726
2.64127
2.61487
2.79995
2.5282
2.46176
2.50066
2.51889
2.69221
2.53523
2.57232
2.48228
2.38136
2.34123
2.38246
2.2933
2.48368
2.28595
2.27232
2.38006
2.40822
2.4159
2.28506
2.2399
2.29735
2.42855
2.26892
2.16912
2.47464
2.4165
2.26918
2.35134
2.27139
2.30212
2.07791
2.27556
2.35004
2.31843
2.32606
2.29313
2.16654
2.22056
2.19405
2.01969
2.06346
2.18598
2.18651
2.06567
2.18541
2.30786
2.08198
2.24459
2.16265
2.08873
2.06973
2.08884
2.12917
1.96426
2.05864
1.91463
1.96541
2.01363
2.00244
2.07069
2.01074
2.12175
2.13686
1.90741
1.88461
1.92569
1.92682
1.93112
1.87833
1.89494
1.94363
2.05036
1.90226
1.89415
1.99222
2.10814
1.81339
1.90231
1.88175
1.82622
1.79511
2.13254
1.7543
1.94046
1.76846
1.79921
1.82689
2.01015
1.80602
1.71913
1.8575
1.76381
1.89803
1.78151
1.92647
1.84896
1.81071
1.86579
1.97346
1.85808
1.96002
1.78589
1.90026
2.02491
2.14642
1.88579
1.83479
1.86054
1.87809
1.72363
1.81261
1.87821
1.69317
1.79281
1.78621
1.67252
1.91073
1.8085
1.74978
1.83202
1.93326
1.83878
1.82299
1.83
1.75236
2.05044
1.83125
1.90601
1.91363
1.87612
1.92044
1.93374
1.89716
1.84831
1.80297
1.82856
1.84428
1.75657
1.84535
1.94786
2.01393
2.11414
2.03826
2.08167
1.95884
2.22564
2.05874
2.06489
2.1454
2.12026
2.26561
2.25138
2.13983
2.13218
2.2195
2.16271
2.11122
2.30835
2.07774
2.07861
2.04609
2.00075
2.10205
2.21491
2.2306
2.14717
2.18901
2.20948
2.14383
2.34367
2.37313
2.42547
2.25489
2.38223
2.51049
2.46753
2.45699
2.9523
2.78436
2.61202
2.62626
2.4723
2.39596
2.5179
2.4205
2.25882
2.3463
2.25221
2.1298
2.0725
2.14739
2.08623
2.27537
2.11192
2.28765
2.38857
2.38071
2.257
2.26131
2.15018
2.24917
2.05241
1.9093
1.97741
1.94147
2.04871
2.03237
1.82947
2.23634
1.97111
1.84638
1.94117
2.0552
1.98902
1.89772
2.1373
2.10188
2.21825
2.19065
2.00715
1.94277
1.9166
2.00587
1.94958
1.84174
1.8657
1.83891
1.92224
1.85513
1.83621
1.85764
1.73291
2.06162
1.89407
1.84006
1.76066
2.01289
1.71321
1.83223
1.75251
1.91976
1.84776
1.86094
1.74494
1.87263
1.91679
1.87679
1.87737
1.76536
1.89301
1.86114
1.68529
2.0579
2.01693
1.89508
1.82927
1.94532
1.60646
1.74631
1.92993
1.72517
1.88795
1.97079
1.81983
1.79474
1.84615
2.05441
2.04721
2.30092
2.06522
2.18812
2.11024
2.03778
2.24325
2.09709
2.12004
2.08698
2.26645
2.00793
2.06735
2.00488
2.14726
2.22545
2.20344
2.41357
2.12052
2.15448
1.95384
2.0796
2.13977
1.99852
1.93845
2.03902
1.96726
1.99543
1.90239
1.91188
1.90261
1.79388
1.9776
1.99626
1.88774
1.93905
2.13871
2.25158
2.40065
2.48908
2.30512
2.23102
2.254
2.11203
2.03779
2.06441
1.99346
1.93031
1.92689
1.9527
1.7448
1.86459
1.83194
1.95002
1.67947
1.85882
1.68143
1.80682
1.91599
1.91769
1.77119
1.91283
1.86498
1.96144
1.83365
1.97931
1.76643
1.70297
1.87301
1.64173
1.63655
1.61316
1.60101
1.78435
1.69208
1.73652
1.82262
1.70857
1.68749
1.63328
1.73314
1.92878
1.94948
1.83717
1.84185
1.9276
2.11527
1.70486
1.66259
1.80859
1.96863
1.92191
1.94996
1.95427
2.11775
2.13166
2.20025
2.32654
2.30645
2.18229
2.39402
2.27622
2.16855
2.09094
2.11331
2.17326
2.0643
2.31711
2.29986
2.18717
2.08129
2.06248
2.01578
1.98605
1.90485
1.87262
1.99543
1.99159
2.11258
2.21409
2.10267
2.1167
1.99764
2.01916
2.22532
1.97063
2.06306
1.98444
1.95047
2.09374
2.00451
2.17048
1.9147
1.89062
1.69881
1.74279
1.90644
2.04151
1.82451
1.81812
1.89807
1.65601
1.78725
1.832
1.76233
1.98173
1.86084
1.93529
2.15144
1.71453
1.94405
2.18957
1.76
1.64478
1.72395
1.85287
1.78918
1.91361
2.03785
1.82872
1.75524
1.94981
1.72532
1.59682
1.65496
1.70088
1.73706
1.91721
1.82268
1.75269
1.75248
1.8299
1.91179
1.61538
1.78066
1.63775
1.82343
1.69324
1.65948
1.7393
1.75464
1.63048
1.7086
1.62076
1.76758
1.74483
1.80197
1.86292
1.77321
1.81547
1.79504
1.66424
1.70985
1.76188
1.8301
1.73085
1.76989
1.65326
1.84486
1.84283
1.96173
2.09778
2.21716
2.14488
1.94912
1.94706
1.84429
1.84999
1.71262
1.79474
1.74047
1.70637
1.78811
1.71471
1.88839
1.74421
1.71702
1.78706
1.89218
1.72205
1.69745
1.85459
1.71641
1.85894
1.8544
1.76298
1.79811
1.763
1.61475
1.7747
1.70568
1.71962
1.74738
1.70872
1.74801
1.6513
1.83051
1.78115
1.93034
1.82377
1.71276
1.7709
1.79473
1.76949
1.80486
1.6798
1.57346
1.61757
1.6349
1.66341
1.66144
1.74756
1.67812
1.7503
1.67609
1.55079
1.66817
1.75564
1.53241
1.66829
1.51653
1.47455
1.70243
1.59059
1.67955
1.53671
1.62814
1.55196
1.63146
1.45003
1.44632
1.51203
1.59109
1.83579
1.77349
2.01037
2.23316
2.31436
2.26372
2.17726
2.11052
2.09331
2.11106
2.31034
2.32047
2.38049
2.31847
2.22147
2.10653
2.20521
2.12983
1.98921
2.25413
2.0912
2.31827
2.00119
1.99938
2.19517
2.17962
1.90485
2.24182
1.99806
1.98385
2.09932
2.21586
2.01302
2.01747
1.83177
1.89836
1.9874
1.85675
2.03425
2.11315
1.99534
1.77802
2.05486
1.93266
1.82569
1.80924
1.95865
2.0994
1.97831
1.8898
1.96077
1.83317
1.97853
1.92352
1.95471
1.85904
1.96707
1.83123
1.82998
1.72355
1.81864
1.84468
1.86977
1.99546
2.17216
1.93158
2.03237
1.87401
1.78683
1.98647
2.00624
2.08333
2.28628
2.17948
1.96064
2.28659
2.00154
1.91622
1.9878
1.86673
1.79795
1.99719
1.99252
1.88973
2.16599
2.00322
1.94074
2.1703
1.86257
1.91936
1.91313
1.86003
1.91954
2.04994
2.09565
1.89772
1.99804
1.83572
1.79896
1.81226
1.81938
1.75229
1.98387
1.91896
2.01312
1.88702
1.90488
1.90441
1.89956
1.89344
1.81999
1.96124
2.02636
2.02494
1.95552
1.98732
2.0896
1.94397
1.92324
1.9751
1.91907
1.94941
1.93527
1.73606
2.27256
2.12554
2.01078
1.8406
1.77971
1.84052
1.90185
1.82009
1.80192
1.83467
1.7318
1.81392
1.79588
1.86349
1.83363
1.79984
1.91168
1.73544
1.68881
1.87525
1.71981
1.7898
1.84201
1.88097
1.93391
1.84368
1.96386
1.92496
1.88635
1.95864
1.74402
1.88592
1.8491
1.89322
1.8155
1.74721
1.71724
1.61109
1.78535
1.71931
1.91837
2.1051
1.99363
1.94502
1.99065
2.00667
1.90966
2.03638
2.15258
2.11577
1.93123
1.95995
1.99372
1.82416
1.69981
1.89539
1.90648
1.81633
1.77732
1.93976
1.95947
1.81274
2.07753
2.05807
1.937
1.85975
1.89927
1.89007
2.05905
2.04935
1.74443
1.7714
1.8754
2.02378
1.85075
1.8555
1.76806
1.92569
1.95813
1.88547
1.92723
1.83208
1.92702
1.84648
1.79754
2.13688
1.89272
1.72633
1.87893
1.85318
1.64119
1.84531
2.09633
2.03334
1.8739
1.90959
1.87125
1.84351
1.93332
1.75859
1.94899
1.82395
1.7448
1.85018
1.9471
1.95316
2.1075
1.88252
1.81051
1.94426
1.91905
1.97999
1.97361
1.83018
1.92379
2.08961
1.75237
1.7902
1.9796
2.01326
2.25572
2.4132
2.34682
2.15876
2.11839
2.07933
2.1103
1.92439
2.04928
1.92485
1.98054
2.09447
2.05791
1.9947
2.1159
2.03379
2.02008
1.91191
1.75995
1.75809
1.78771
2.16141
2.02536
1.73335
1.90725
1.81324
1.77802
1.99993
1.94505
1.98488
1.9918
1.78595
1.79617
1.79078
1.94351
1.83
1.9125
1.93002
2.01054
2.13489
2.19441
1.96375
2.06929
2.02856
1.98477
2.23001
2.20143
1.87209
1.91211
1.9649
2.08524
1.81163
1.84566
1.76365
1.91374
1.84852
1.82286
1.73829
1.76651
1.73033
1.59468
1.71897
2.01298
2.01705
1.89034
1.90807
1.78475
1.86488
1.78563
1.67278
