# best half averages
9.82706
9.08308
8.51468
8.08611
7.54388
7.29024
6.83861
6.41217
6.02688
5.70498
5.67577
5.44639
5.40942
5.30406
5.1163
5.15921
4.97873
5.05108
4.90366
4.64353
4.54673
4.40197
4.38369
4.11679
4.13676
3.96979
3.85714
3.844
3.77772
3.74952
3.61993
3.62553
3.64659
3.53153
3.49418
3.38795
3.44726
3.37896
3.28705
3.33104
3.25379
3.46285
3.38517
3.22766
3.30817
3.38926
3.2411
3.10405
3.14935
3.28132
3.16779
3.12172
3.04401
2.82466
2.83581
3.00114
2.81411
2.90921
2.926
2.83042
2.85939
2.52725
2.45358
2.517
2.2964
2.46316
2.46186
2.14829
2.14994
2.29674
2.37654
2.10345
2.14363
2.17218
2.34426
2.26484
2.45448
2.15766
2.15905
2.23537
2.1872
2.07222
2.30221
2.07776
2.21345
2.12487
2.03251
2.13684
2.08294
2.02076
2.1154
2.31448
2.32529
2.18806
2.23289
2.26963
2.4253
2.18948
2.361
2.13152
2.10427
2.1057
1.9327
1.94728
2.04093
1.99711
2.05252
1.93752
2.15468
2.01944
1.90186
1.85247
2.0046
2.00223
1.8358
1.89027
2.0197
1.88199
2.15119
1.88932
1.9683
1.90563
1.96541
1.89725
1.84252
1.80768
1.88461
2.00461
1.82698
1.82791
1.87264
2.09518
2.06702
1.87357
1.73452
1.72244
1.81644
1.7943
1.7882
1.80666
1.78933
1.71617
2.01744
1.89404
1.80877
1.96101
1.89354
1.67983
1.82213
1.78842
1.92068
1.70623
1.70143
1.85795
2
1.72588
1.75896
1.86879
1.78596
1.77767
1.74892
1.85647
1.76434
1.89471
2.03517
1.93746
1.67013
1.77313
1.57557
1.82082
1.86109
1.73198
1.87983
1.9751
1.84837
1.66821
1.78004
1.66044
1.81138
1.72041
1.87886
1.80861
1.67754
1.68838
2.00111
1.83208
1.7798
1.90816
2.06594
1.97318
2.04949
1.89014
1.90303
1.82693
1.80324
1.82832
2.00271
2.08728
1.8166
2.16764
1.86332
1.74088
1.83674
1.83892
2.01335
1.797
2.05361
1.86919
1.93915
1.63001
1.78965
1.77266
1.93671
2.00673
1.84691
1.85669
1.70321
1.77322
1.79713
1.81698
1.9912
1.81306
1.71687
2.00161
1.90011
1.88352
1.69082
1.84733
1.80176
1.85238
1.8556
1.84595
1.65179
1.83539
1.85174
1.94552
1.84772
1.66553
1.64481
1.77599
1.75091
1.70077
1.68682
1.74301
1.76892
1.88176
1.95566
1.90825
1.94779
1.90785
1.69012
1.94114
1.71764
1.75143
1.78111
1.74483
1.75614
1.76138
1.70057
1.59866
1.69994
1.63949
1.85103
1.81368
1.89349
1.84148
1.82256
1.74588
1.90505
1.99814
1.84465
2.05658
1.97494
1.99651
1.79971
1.84832
1.74072
1.86429
1.78335
1.92704
1.98138
1.99251
1.85558
1.83799
1.71715
1.80768
1.74664
1.71405
1.80294
1.9659
1.84661
1.64677
1.73039
1.76513
1.91291
1.75801
1.71941
1.80688
1.77195
1.67509
1.7359
1.86035
1.77802
1.80099
1.82163
1.81543
1.89542
1.65357
1.75489
1.90068
1.77787
2.09168
1.795
1.77498
1.73267
1.70612
1.59378
1.72457
1.57278
1.7497
1.85804
1.97245
1.68873
1.72896
1.8406
1.87595
1.85186
1.83423
1.72998
1.99844
2.07664
1.99072
2.04628
2.01989
2.16833
2.31092
2.36089
2.22358
2.36929
2.43541
2.46415
2.51264
2.54629
2.43744
2.42831
2.56571
2.38499
2.60027
2.56182
2.27039
2.39627
2.37153
2.40391
2.26262
2.20729
2.24954
2.18814
1.9703
2.14276
2.08256
1.93407
2.04544
2.12454
1.94258
2.20851
1.92231
2.15889
1.9951
1.9299
1.9074
1.99611
2.19846
2.1121
2.1619
2.06416
2.06829
1.87206
1.83083
1.73784
1.83675
1.68696
1.895
1.81435
1.78886
1.88072
1.72106
1.83196
1.7388
1.77062
2.11058
2.07263
1.92054
2.11053
2.07855
2.03619
1.78423
1.85127
1.9617
1.73239
1.78635
1.66011
1.67175
1.74892
1.76618
1.68554
1.80282
1.929
1.82691
1.7299
1.8151
1.65226
1.75388
1.70571
1.65261
1.72232
1.80019
1.60313
1.75362
1.69753
1.83959
1.81012
1.77294
1.92299
1.87877
1.65362
1.72908
1.80171
1.90488
1.85571
1.79166
2.02805
1.64112
1.81224
1.85325
1.57914
1.75464
1.71414
1.68304
1.59066
1.60603
1.74214
1.45426
1.95833
1.70357
1.67774
1.8277
1.94509
1.56281
1.60938
1.85571
1.76225
1.83436
1.63604
1.57944
1.66133
1.82939
1.58074
1.68842
1.65483
1.91951
1.72214
1.62245
1.85811
1.63561
1.61611
1.54282
1.70723
1.76942
1.98546
1.97049
1.76897
1.88311
1.79908
1.68878
1.5707
1.91624
1.73908
1.65291
1.62198
1.7067
1.858
2.01435
2.01187
1.95302
2.0017
2.0281
1.98251
2.12656
2.05406
1.83627
1.98274
1.85154
1.91446
1.86386
1.70774
1.67232
1.68044
1.73477
1.71757
2.00654
1.98331
1.98321
1.85886
1.9125
1.71753
1.71394
1.9739
1.96405
2.07513
2.00072
1.9151
1.82013
2.05579
1.95286
1.9088
1.87477
1.94541
1.96362
1.97939
1.82951
1.7018
2.01286
2.00549
1.94964
1.74735
1.63973
1.81437
1.82019
1.81811
1.86701
2.10459
1.88926
1.85974
1.81902
1.84444
1.94932
1.99325
1.80889
1.93892
1.77933
1.99785
2.16098
1.77651
1.79822
1.78958
1.80875
1.74503
1.69036
1.81156
1.82087
1.87338
1.91708
1.92859
1.87505
2.11681
1.91045
2.11952
2.1394
2.20876
2.10448
2.02678
1.95989
1.87149
1.94267
1.75826
1.79241
1.82431
2.00992
2.05238
2.13088
1.78777
1.86612
1.91908
1.74806
1.88101
1.80406
1.81831
1.7
1.62997
1.64232
1.6034
1.70457
1.78564
1.86846
1.80852
1.94525
1.90665
2.00098
1.7488
1.83194
1.9237
1.67734
1.70948
1.82231
1.62699
1.65346
1.61459
1.71005
1.62818
1.62984
1.58584
1.65324
1.55008
1.68028
1.61503
1.66145
1.62071
1.44798
1.63406
1.70405
1.59581
1.8018
1.80885
1.93418
1.91415
1.82454
1.919
1.80863
1.81254
1.98917
2.07401
2.15028
2.08908
2.03583
1.93913
2.05949
2.22322
2.43723
2.13046
2.20997
2.1299
2.19279
2.23876
2.35405
2.09162
2.23349
2.1237
2.00834
2.12108
1.92805
1.95402
1.77259
1.98016
1.81566
1.7965
1.96983
2.00221
1.89589
1.80003
1.71395
1.9747
1.86702
1.90432
2.03585
1.73138
1.93255
1.72138
2.01021
1.96797
2.04229
2.05038
2.12896
2.3371
2.35448
2.30156
2.36655
2.48434
2.36479
2.33501
2.39036
2.28192
2.23627
2.31669
2.30244
2.23275
2.22861
2.1382
2.07578
2.06039
2.0541
2.29177
2.09818
1.95019
2.01002
2.08275
2.09433
2.0698
2.18511
1.89101
1.98129
2.09385
2.18863
2.11725
2.06516
1.95949
2.0831
2.15843
1.96404
1.99181
2.18266
1.87567
2.09138
2.03464
1.85255
1.9511
2.01185
1.99099
2.08801
2.06488
2.10834
1.97307
1.92444
2.0117
1.94795
1.98194
2.16944
1.91194
1.92032
2.03418
1.97132
1.99717
1.84312
1.95604
1.85183
2.07213
1.85173
1.97317
1.92112
1.90115
1.93357
1.73813
2.04233
2.04665
1.97398
2.0443
1.87454
1.85927
1.75199
1.62079
1.71498
1.75637
1.73924
1.95608
1.94264
1.86068
1.95497
1.73578
1.63223
1.8591
1.87719
1.82027
1.79396
1.85932
1.68895
1.88569
1.82358
1.78447
1.90499
1.75626
1.84777
1.69552
1.67906
1.9126
1.90766
1.98643
1.94956
1.78467
1.80849
1.90902
1.77034
1.91003
1.7738
1.78507
2.05192
1.81979
1.96167
1.89691
1.72416
1.80303
1.78838
1.91057
1.91793
1.68186
1.99279
1.68783
2.03021
1.74993
1.65123
1.81061
1.83916
1.63253
1.89491
1.97314
2.119
1.89386
1.95205
1.85572
2.05295
2.08112
1.8039
1.72443
1.98719
1.72328
1.94074
1.78028
1.8885
1.83039
1.61529
1.68382
1.62467
1.75542
1.72116
1.83362
1.7915
1.69481
1.62262
1.73214
1.63986
1.71094
1.70022
1.78929
1.79213
1.70367
1.76604
1.75533
1.70197
1.70481
1.7413
1.72736
2.11026
2.14013
2.13076
2.09684
2.14825
2.17919
2.26717
2.1114
2.29954
2.15388
2.20084
2.04123
1.93971
1.92995
2.10507
2.00756
1.89052
2.14789
1.945
2.20315
2.12517
2.00475
2.01218
2.14855
2.06011
1.9845
2.10826
2.10992
1.99285
2.037
2.04945
1.97478
2.02235
2.17176
1.8489
1.79064
1.81482
1.98072
1.99669
1.98421
2.0923
1.90388
1.83059
1.9893
1.98312
2.16901
2.21928
2.2509
1.98653
2.16422
2.30134
2.20632
2.19243
1.96336
1.89048
1.92318
2.07375
2.05956
1.83722
2.31679
2.09744
2.12468
1.95351
1.84025
1.97634
1.85413
2.10574
1.91223
1.88492
2.02948
1.9474
1.95605
2.01249
2.04201
2.03761
1.95381
1.79988
1.71189
1.85833
1.9429
1.87686
2.19171
2.20975
2.18624
2.08167
2.21477
2.0236
2.27487
2.03587
1.91394
2.05776
2.08629
2.17048
2.05316
1.9986
2.01113
2.2526
2.27132
2.17641
2.05172
2.06705
1.99049
1.96085
2.3412
2.20608
2.05349
2.03184
2.00164
1.95472
2.2261
2.02129
2.09996
2.1019
2.29437
2.158
2.07353
2.05107
1.95156
2.10821
2.1465
2.06595
2.10288
2.13435
1.98163
2.11134
1.95327
1.99439
2.11125
1.99461
2.03809
2.16729
2.15158
2.13726
2.0605
2.1565
2.12997
2.13619
2.22588
2.01197
2.11114
2.27072
2.02382
1.89662
1.94255
1.97431
2.00376
2.19749
2.10131
1.86177
2.08866
2.30517
1.96276
2.12831
2.11032
2.00813
2.03071
1.95581
1.92238
1.84835
2.01538
1.89274
1.80352
1.77041
2.10208
1.85114
1.78865
1.86585
2.00289
1.8568
1.86225
1.76135
