# best half averages
9.88155
8.94484
8.1221
7.56902
6.9422
6.53377
6.0561
5.61973
5.50412
5.4267
5.09926
5.14553
4.88017
4.55226
4.59145
4.24917
4.06287
4.05773
3.91289
3.93655
3.83998
3.64066
3.55426
3.66673
3.72843
3.4734
3.48679
3.40638
3.35539
3.35122
3.22206
3.10481
3.3247
3.1494
3.29635
3.089
2.91074
2.93344
2.79835
2.8603
3.13439
2.94812
2.9
2.79808
2.85589
2.69708
2.91675
2.70983
2.69763
2.81925
2.56919
2.65639
2.46947
2.79955
2.49772
2.64367
2.47835
2.45702
2.56844
2.46604
2.48413
2.53971
2.60285
2.46089
2.5363
2.69279
2.88154
2.73927
2.58784
2.54679
2.59713
2.71487
2.51777
2.86218
2.69413
2.99284
3.00825
2.8901
2.92333
2.8599
2.78736
2.80835
2.88832
2.84947
2.68766
2.60913
2.63609
2.44503
2.98845
2.9174
2.76279
3.01016
2.87435
2.80146
2.58655
2.59912
2.51565
2.6279
2.5493
2.65756
2.59427
2.43146
2.46113
2.49713
2.35297
2.32677
2.51804
2.62807
2.6361
2.68327
2.57216
2.4879
2.63424
2.49793
2.40056
2.25868
2.1924
2.27864
2.535
2.32146
2.3927
2.46858
2.459
2.32203
2.20134
2.15754
2.37134
2.40983
2.46163
2.37086
2.12257
2.31858
2.25645
2.20098
2.2268
2.18846
2.3212
2.09554
2.25009
2.23234
2.08931
2.17728
2.03892
2.16804
2.04214
2.07753
2.0219
2.06514
2.11915
2.14458
2.33537
2.08872
2.08263
2.1129
2.0819
2.14748
2.1673
2.0494
2.16485
2.1295
2.16719
2.05022
2.01808
2.1879
2.14279
2.1182
2.00447
2.27017
2.06758
2.06874
2.02338
2.02111
2.09494
2.12842
2.12371
2.10602
1.88097
2.33585
2.2144
2.11174
1.99754
2.17783
2.19512
2.31461
2.26235
2.20636
2.20117
2.31048
2.14404
2.2073
2.13394
2.05463
2.09427
1.97484
2.06122
2.10215
2.08857
2.23284
2.25494
2.32308
2.41527
2.30923
2.16498
2.37194
2.55025
2.36647
2.43265
2.37925
2.41993
2.40354
2.53899
2.45602
2.35306
2.38768
2.42907
2.14133
2.23256
2.4085
2.30295
2.40674
2.48282
2.46483
2.2986
2.29751
2.36636
2.21768
2.39041
2.18237
2.20468
2.19739
2.19179
2.10838
2.21262
2.15966
2.02873
2.0501
2.28678
2.31848
2.12643
2.1732
2.12602
2.17482
2.04868
2.05618
1.96393
2.05068
2.15442
1.99259
1.95279
1.83348
2.02631
1.90581
2.08112
2.00846
2.12861
1.98645
2.03267
2.02836
1.8688
1.95367
1.92359
1.97978
1.92053
1.85391
2.00962
2.0245
1.98468
2.10262
2.08332
2.13318
1.9836
2.00958
2.15929
2.16
2.00332
2.21492
2.09489
1.99187
1.95858
2.02721
1.9964
2.10697
1.89636
1.98725
2.06398
1.9896
1.8713
2.02257
2.12209
1.92492
2.0018
2.10482
2.15753
2.15566
2.02012
2.19669
2.37699
2.32012
2.55163
2.83825
2.4956
2.43965
2.37349
2.4516
2.47553
2.33888
2.48435
2.52605
2.39933
2.3187
2.39884
2.50836
2.34358
2.35363
2.32344
2.30347
2.37202
2.41946
2.51754
2.36104
2.29321
2.12325
2.39834
1.98572
2.17371
2.20899
2.19129
2.0671
2.34906
2.21858
2.17245
2.20017
2.1506
2.36587
2.09775
2.10003
2.15601
2.18884
2.32297
2.5713
2.57783
2.53557
2.32532
2.52137
2.41952
2.52077
2.34524
2.21853
2.31656
2.2389
2.19449
2.31048
2.22149
2.194
2.09032
1.95279
2.26673
2.16758
2.27362
2.06464
2.2803
2.05402
2.06218
2.26896
2.22753
2.31914
2.10799
2.09881
2.27108
2.09149
2.20469
2.31872
2.20921
2.23896
2.1612
2.55761
2.41637
2.29893
2.24376
2.20876
2.26501
2.06555
2.00283
1.9949
2.05978
2.20281
2.04608
2.09545
2.02638
2.22332
2.15411
2.00558
2.05585
2.12485
1.96722
2.02947
2.35355
2.28044
2.09529
2.09274
2.13689
2.16651
2.01139
2.00719
2.04151
2.07621
2.18994
2.03878
2.12069
1.94198
2.03455
2.08636
2.03331
2.14968
2.05534
2.00465
2.2588
2.02148
1.93688
2.03764
2.09162
2.00326
2.25154
2.04378
1.99858
2.02406
2.09215
2.27414
2.14842
2.18318
2.1043
2.14353
2.00357
2.13426
2.08823
2.18435
2.02408
2.04932
1.92674
2.05543
2.11448
2.18819
2.12906
2.05112
2.02818
2.0816
2.12436
1.97656
2.22415
2.32617
2.16354
2.0739
1.9797
2.05993
2.07076
1.81813
1.92388
1.80929
1.81912
2.05015
1.89018
1.81374
1.98125
1.91491
1.84398
2.00779
1.86412
1.83027
1.88201
1.86681
1.94348
1.86214
1.90169
1.87101
1.92505
2.12988
1.9177
1.84393
1.97528
1.98295
2.01123
2.01558
1.99395
1.7165
1.99074
2.0908
2.01362
1.84787
1.83092
2.01445
1.92885
1.93519
2.09269
1.97531
1.96707
1.84252
1.92947
1.76083
1.96186
2.07202
2.00773
1.7709
1.92812
1.85782
2.01028
1.85592
1.92141
2.13114
1.93068
1.74064
1.78423
1.86493
1.89732
1.89138
1.9589
1.99548
1.95231
1.87402
1.75051
1.88156
1.82737
1.95306
1.88178
1.94587
1.84019
1.94212
1.91381
1.71462
2.01247
1.96689
1.87002
1.91871
1.85976
1.84739
1.83092
1.93528
1.9171
1.869
1.96702
2.05829
1.91208
1.95508
1.89224
1.74072
1.68526
1.87382
1.94535
1.78931
1.88852
1.89405
1.78672
1.77717
1.78398
1.97865
1.89211
1.90731
1.98892
2.04
2.02638
2.02299
1.97284
1.99751
1.81657
1.78912
2.01539
1.92765
1.83324
1.9479
1.84051
1.82912
1.78784
1.9286
1.96229
1.83282
1.73053
2.1129
1.95424
1.81608
1.80797
1.81515
1.8246
1.92817
1.99535
2.0454
1.90454
2.12597
1.86109
1.80507
1.95666
2.03619
1.93552
1.85982
1.90428
1.84688
1.92254
1.79479
1.74964
1.9447
1.75311
1.92867
1.98021
1.91527
1.89827
1.88327
2.05496
1.84376
1.7987
1.94228
1.90198
1.86065
1.74833
1.81671
1.79256
1.78926
1.82055
1.8061
1.92175
1.96496
1.98284
2.04059
2.06355
2.17163
2.09595
2.08941
2.055
2.01235
2.16252
2.07399
1.80674
1.93035
2.05215
2.06067
1.88437
1.87534
1.82474
1.90984
1.82778
1.84314
1.82189
1.90257
1.82572
1.78551
2.20319
2.18635
2.12548
2.10644
2.20107
2.26239
2.14649
2.17261
2.15078
2.13692
2.23887
2.15414
2.40727
2.2333
2.20295
2.24325
2.11323
2.01666
2.08624
2.1779
2.13968
2.3358
2.07429
2.0971
2.18078
2.07265
2.21982
2.13631
2.19308
2.18838
2.27351
2.28599
2.20394
2.46245
2.36439
2.31397
2.38333
2.11057
2.32495
2.30447
2.06352
2.19903
2.14952
2.27418
2.07048
2.01754
2.02243
2.02836
2.16906
2.01885
1.94974
1.87677
2.03543
2.00882
1.95923
1.98479
1.92878
1.88741
1.77978
2.03456
1.96955
1.99205
1.98819
2.00778
2.14689
2.15083
2.0036
2.1272
1.96687
2.17511
2.37411
2.17871
2.17612
2.21695
2.03481
2.05556
2.22483
2.26741
2.45241
2.18304
2.26373
2.23486
2.17967
2.26875
2.24383
2.31784
2.48646
2.28824
2.15309
2.2911
2.13572
2.12224
1.97658
2.10082
2.00284
2.08133
2.13969
1.99504
2.19753
2.30018
2.23342
2.2441
2.22111
2.24182
2.15703
2.3005
2.13354
2.24848
2.17745
2.04321
2.17169
2.18802
2.19348
2.08939
1.97494
1.97025
2.09314
2.12778
2.24729
2.1839
2.2213
1.91863
1.91664
2.17938
2.16738
1.95495
2.13672
2.19627
2.05979
2.23362
2.43291
2.34824
2.24911
2.25179
2.12475
2.23755
2.10086
2.21244
2.004
2.15227
2.0646
1.99035
2.2103
2.22219
2.12044
2.14383
2.36267
2.19661
2.12641
2.4352
2.33776
2.24669
2.17678
2.17279
2.20171
2.07508
2.16579
2.03158
1.98348
1.96596
1.91623
2.05961
2.03918
1.90951
2.01245
1.82698
1.94494
2.02202
2.21427
1.95108
1.92587
1.81898
1.93967
1.97198
2.13892
1.9813
1.9344
1.90257
1.81187
1.74116
1.91573
1.76871
2.10706
2.1011
1.9425
1.93736
1.98382
1.89528
1.78154
1.86682
1.88165
2.12709
1.99581
1.98846
1.873
1.71281
1.85718
1.95008
1.83092
1.75379
1.68665
2.10599
1.89873
2.06268
2.33853
2.51017
2.65938
2.49899
2.4043
2.48396
2.42827
2.42614
2.45602
2.49282
2.54504
2.52709
2.38302
2.2785
2.28389
2.22601
2.31447
2.32904
2.32091
2.16976
2.19348
2.27619
2.2609
2.24219
2.145
2.17184
2.29268
2.24338
2.07164
2.23965
2.10635
2.21136
2.18145
2.22137
2.26425
2.21008
2.2914
2.171
2.20495
2.2665
2.19403
2.45121
2.38338
2.45712
2.27857
2.28898
2.30714
2.2195
2.28649
2.18885
1.99212
2.07668
2.0225
2.16499
2.06652
2.06066
2.17273
1.99319
2.30517
2.49172
2.31815
2.26966
2.45571
2.31916
2.36907
2.50331
2.45549
2.46641
2.56226
2.40664
2.76989
2.4393
2.30167
2.41743
2.34981
2.20916
2.6435
2.46635
2.32104
2.27534
2.24918
2.34416
2.26462
2.19914
2.46439
2.29786
2.35161
2.30473
2.23888
2.28417
2.16433
2.28424
2.17362
2.22548
2.1596
2.16786
2.2108
2.11872
2.127
2.16511
2.19303
2.09261
2.07387
2.08309
2.1994
2.08079
2.0218
2.12396
2.4059
2.08675
2.05415
2.10874
2.14778
2.15357
2.22262
1.88796
2.02609
2.09805
2.09733
2.07183
2.07613
2.13588
2.2743
2.12388
2.07656
2.09844
2.20492
2.13048
2.03352
2.13378
1.89024
2.09063
1.95774
2.21867
2.17254
2.07051
2.12146
2.10355
2.16474
2.38241
2.52211
2.41929
2.40724
2.27781
2.25177
2.31214
2.18528
2.30646
2.1798
2.43858
2.20546
2.15348
2.1965
2.37939
