# mu = -0.833365, sigma = 0.613888
pos
1.19862
0.702018
0.702018
0.780715
1.08785
0.32058
0.973719
1.35514
0.99783
0.304155
0.539451
0.539451
0.721773
-0.109022
-0.696169
0.0837073
0.047794
-0.456057
-0.0600865
-0.155116
-0.246785
-0.22061
0.549637
1.02085
1.02085
0.697431
-0.281821
0.0901292
0.0129816
0.406437
0.387004
1.16346
0.503775
0.503775
-0.193786
-0.512028
-0.137546
-0.859128
-0.859128
-0.240927
-1.14816
-1.14816
-0.998741
-1.56651
-1.64775
-1.64775
-0.770532
-1.13381
-0.250975
0.38307
1.1159
1.37611
0.728444
0.0175777
-0.68411
-1.24111
-1.24111
-1.24111
-1.63089
-1.41125
-1.21655
-1.19417
-0.690218
-0.697107
-0.697107
-0.864222
-1.57932
-1.43096
-1.43096
-1.59515
-1.51647
-1.51647
-1.25149
-1.22738
-1.16674
-0.659118
-0.863594
-1.02272
-1.53533
-1.69005
-1.69005
-1.85521
-1.80456
-1.80456
-0.909684
-1.42551
-1.87903
-1.33835
-1.11451
-1.11451
-1.11451
-0.41155
-0.780764
-0.597776
-1.38414
-1.38414
-0.579437
-0.884918
-0.699459
-0.256228
0.425047
1.33929
0.394845
-0.587292
-0.62019
-0.62019
-0.58275
-0.420788
0.539263
1.03041
0.783439
0.783439
0.592686
-0.399861
-1.0318
-0.54247
-0.649218
-0.387226
-1.38444
-0.662591
-0.662591
-0.662591
-1.62251
-0.850064
-0.850064
-0.884621
-0.884621
-0.997176
-1.32829
-1.32829
-1.32829
-1.54056
-1.54056
-1.06389
-1.06389
-1.06389
-1.06389
-1.12125
-0.935444
-1.13422
-1.13422
-0.955464
-0.699481
-0.146782
0.732675
0.732675
-0.0661329
-0.604943
-0.449854
0.243856
1.21249
1.30921
0.657545
0.886549
0.886549
0.893844
0.778402
0.778402
0.778402
0.778402
0.55085
0.254626
0.687442
0.687442
1.18985
0.813131
0.813131
0.813131
0.522116
0.429864
0.293924
-0.685465
-1.04231
-1.26448
-1.27441
-1.27441
-1.11399
-0.750244
-0.750244
-0.822344
-0.356649
0.59782
-0.253526
-1.07934
-0.812918
-0.963183
-0.191706
-0.205217
-0.205217
-0.277258
-0.733836
-1.01524
-0.892249
-0.345051
-0.992409
-0.471869
0.449584
1.22466
1.08857
1.08857
0.426703
0.624264
0.521952
-0.00240033
-0.812701
-0.12726
-0.426294
-0.103884
-0.170386
-0.66933
-0.913953
-0.506841
-0.391443
-1.38442
-1.38442
-1.38442
-1.38442
-0.392033
-0.773846
-0.113981
-0.603682
-0.603682
-0.577668
-0.472132
-0.472132
-0.472132
-1.20584
-0.981412
-0.279039
0.578413
0.727258
0.727258
0.707908
0.707908
0.502117
0.255382
-0.110014
0.145209
0.371253
-0.0592306
0.645092
1.27971
0.459211
-0.318886
-0.891995
-0.606657
-0.606657
0.335946
0.335946
0.286758
-0.66036
-0.941136
-0.430651
-1.04333
-0.450337
-0.450337
-0.450337
-1.2488
-1.2488
-1.39754
-1.39754
-1.39754
-1.64221
-1.64221
-1.31
-0.760234
-0.80223
-0.80223
-0.279762
-0.048798
-0.214594
0.192367
-0.20251
-1.0418
-0.586619
-0.586619
-1.30405
-0.92588
-0.471066
-0.611376
-0.264214
0.0652213
0.136665
1.10608
1.12991
1.12991
1.42388
0.763083
0.881169
0.0758355
0.536478
-0.241706
0.203027
0.342247
0.974022
1.18007
1.18007
0.453208
1.35837
0.365974
0.365974
0.546169
1.11189
0.431491
0.228566
-0.722559
-1.16412
-1.25982
-1.25982
-0.547145
-1.30066
-0.876808
-0.220118
0.631711
0.631711
0.631711
0.0603533
0.654955
0.654955
0.809608
0.839253
0.0993688
-0.59102
-1.45097
-1.45097
-1.08715
-0.928091
-0.928091
-0.657556
-1.39719
-1.39719
-1.39719
-1.39719
-1.4694
-1.4694
-1.4694
-0.596756
-1.19624
-1.44442
-1.44442
-1.44442
-1.44442
-1.44442
-0.615553
-1.13051
-0.961188
-0.961188
-0.961188
-0.455499
0.227779
-0.0545348
0.94131
0.185765
1.02294
1.02294
1.03713
1.10425
1.10425
0.344685
0.467947
0.499014
0.499014
0.560581
0.76946
0.395288
1.38484
0.840751
0.01617
0.27409
0.281548
-0.669232
-0.399222
-0.990657
-0.881803
-0.881803
-0.737993
-0.737993
-0.0684248
0.221754
-0.375984
-0.160405
0.289154
0.769675
1.23221
0.926019
1.13589
0.324935
-0.197267
-0.175189
-0.116227
-0.724866
-0.820464
-0.820464
0.145299
0.940431
0.919806
0.0407656
-0.95342
-0.95342
-0.0112733
-0.396285
-0.485696
0.19504
-0.529226
0.386946
0.756104
0.756104
0.756104
1.08041
0.365591
0.573899
1.28753
1.28753
1.28753
0.424752
0.918359
0.918359
0.483943
-0.470138
-0.470138
-0.513895
0.0243102
0.853631
0.755554
0.755554
-0.243168
0.547232
-0.0178192
-1.01693
-1.01693
-0.45648
-1.03314
-0.788897
0.169517
0.727034
0.727034
-0.0403576
-0.404783
-0.404783
0.227754
-0.614642
-0.614642
-0.216083
-0.291924
0.647566
1.0232
0.74053
0.603701
1.58812
0.641728
0.0444533
-0.394456
-1.32528
-1.35403
-1.35403
-0.966842
-1.32162
-0.769064
-0.424393
-0.351354
0.287807
0.975173
0.975173
0.909427
0.396169
0.76184
0.498436
1.04576
1.04576
1.04576
0.433849
-0.0305766
0.428653
-0.40216
-0.40216
-1.09218
-0.322245
-0.0480885
0.717828
0.717828
0.717828
0.561585
1.18784
1.3524
0.775275
0.703417
0.188993
0.932154
0.932154
0.946806
1.10281
0.394064
0.578913
0.737211
0.372438
0.116938
0.243496
0.51541
0.401153
0.692027
1.49456
1.11339
1.02249
1.32172
0.407019
0.71183
0.71183
0.569762
-0.00946964
0.185471
0.368869
0.235734
1.07273
1.25771
1.25771
0.824949
0.824949
0.960661
0.418317
-0.371224
-0.416345
-1.38373
-1.38373
-1.12529
-1.28539
-1.22319
-1.22319
-1.14904
-0.355931
-0.0558183
-0.307517
-0.307517
-0.341078
-0.755882
-1.05338
-0.993143
-0.749003
-0.841536
-0.775417
-1.13875
-0.726884
-0.726884
-0.726884
-1.03673
-1.03673
-0.572808
-0.572808
0.273101
-0.150017
-0.488901
-1.08488
-1.08488
-1.10776
-1.10776
-1.47267
-0.686865
-0.686865
-0.520909
-1.11774
-1.11774
-1.11774
-1.11774
-0.509705
-0.509705
-0.695019
-0.695019
-0.695019
-0.695019
-1.54643
-0.783083
-0.783083
-1.61536
-1.50836
-1.50507
-0.962446
-0.962446
-0.468503
-1.20497
-1.20497
-1.20497
-1.14548
-1.14548
-1.14548
-1.14548
-0.440095
-1.02204
-1.02204
-1.02204
-1.02204
-1.05952
-1.50209
-1.50209
-1.50209
-0.519199
0.23478
0.854369
0.854369
0.723789
0.723789
0.850418
0.518776
0.573937
1.34551
1.14214
0.633324
-0.131504
-0.510884
0.344455
-0.0783691
0.343307
1.26401
0.98299
1.18516
0.922541
0.684695
0.684695
0.684695
0.684695
0.67638
-0.119388
-1.02144
-0.916904
-0.487663
-0.932711
-1.5558
-1.5558
-0.610532
-0.477405
-0.477405
-0.477405
-0.304701
-0.855703
-0.873303
-0.873303
-0.897575
-0.897575
0.0504068
0.0955597
0.115266
-0.0924873
0.287059
-0.623258
0.261503
0.972383
0.761686
0.538325
0.676105
0.676105
0.487628
1.08384
1.08384
0.853131
0.853131
0.853131
0.826838
-0.137909
-0.704199
-1.4116
-0.535622
0.0389459
0.668025
0.668025
-0.105343
-0.810413
-0.810413
-0.299011
-0.797114
-0.797114
-0.760217
-0.0593286
-0.0445561
0.499883
0.499883
0.499883
1.26698
1.26698
1.26698
0.744719
0.339833
0.0244151
-0.592091
-1.17054
-1.01834
-1.03361
-1.03361
-1.03361
-1.03816
-0.78276
-0.356095
-1.05993
-0.419914
-1.16198
-0.871866
-0.464514
-0.546336
-0.525107
-1.3559
-1.3559
-1.02842
-1.1498
-0.879114
-0.879114
-1.60398
-1.17682
-0.201839
-0.722147
-0.498818
-0.0172622
-0.423023
-1.05956
-1.34657
-1.43544
-1.43544
-1.43544
-1.34447
-0.404564
-0.476436
0.154064
-0.357484
-0.301339
0.205193
-0.202368
-1.00647
-0.887391
-0.887391
-0.522667
-0.469982
0.09701
0.91406
1.30837
1.12536
0.94769
0.94769
0.94769
0.94769
1.00341
0.923547
0.923547
1.30465
1.30465
1.30465
0.703199
1.37392
1.37392
1.37392
1.37392
1.37392
1.37392
1.37392
1.42417
1.42417
0.625547
0.625547
0.454465
0.286094
1.12289
0.233081
0.620914
0.0768122
-0.223488
-0.1095
-0.0242571
-0.587405
0.352283
0.00658309
-0.192627
-0.912444
-0.0708643
-0.377556
-1.23684
-1.23684
-1.23684
-1.46532
-2.29211
-1.95416
-2.18035
-1.72413
-1.72413
-1.63066
-1.63066
-1.27611
-0.626397
-0.776533
-0.40236
-0.161205
-0.555951
-0.555951
-0.555951
-0.170998
-0.660002
-1.0962
-0.834885
-0.264668
0.65135
0.12167
-0.565206
-0.565206
0.328187
0.328187
-0.183349
-0.0168182
0.685163
0.146453
1.04811
0.27922
-0.634029
-0.269563
0.63583
1.15651
1.15651
0.808896
0.808896
0.899243
1.04434
1.04434
0.217253
0.332839
0.364695
0.295839
1.29423
1.13029
0.674714
0.687199
1.10155
1.10155
0.58701
0.58701
1.03373
1.03373
0.65567
0.847595
0.847595
0.602065
0.147821
0.830748
0.830748
0.830748
0.830748
0.830748
1.69848
1.69848
0.962695
1.00608
1.00608
1.00608
0.453555
0.453555
0.560916
-0.118119
0.17037
0.972322
0.972322
0.568729
0.326553
0.554499
0.442532
0.21261
-0.529764
-0.529764
-0.892451
-0.659462
0.310527
0.722927
0.340917
0.657665
0.657665
0.791902
0.791902
0.479138
-0.446053
0.0884401
0.66658
0.631813
0.00929926
-0.459079
0.0853953
-0.107314
-0.0109956
-0.125357
-0.530575
-1.1903
-1.1903
-0.693956
-1.06062
-1.06062
-0.496649
-0.480675
-0.480675
-0.480675
-0.480675
-0.33246
-0.986908
-0.554945
-0.913592
-0.68537
-0.68537
-0.68537
0.123336
-0.100821
0.882213
0.87215
0.87215
0.559182
0.559182
0.841734
0.458405
0.0343819
0.484617
0.484617
1.17776
1.17776
1.13378
1.13378
0.842991
1.76539
2.06055
2.06063
2.06063
1.2126
1.23656
0.942562
0.942562
0.966285
0.533312
0.886654
0.886654
0.886654
0.657292
0.0989779
-0.294998
-0.465509
0.509439
0.779796
0.779796
1.17641
1.88897
1.88897
1.88897
1.88897
1.72099
1.34283
1.67792
1.07624
1.07624
1.07624
1.07624
1.18298
1.18298
1.09779
1.09779
1.0686
1.0686
0.327087
0.717513
-0.282134
-1.07879
-1.07879
-0.106858
0.435864
0.669636
-0.26087
-0.701553
0.0413368
-0.41504
0.39334
0.876783
0.438325
0.447917
0.780879
1.73315
1.15951
0.280639
-0.0209467
-0.972441
-0.972441
-0.972441
-0.344594
0.574528
0.574528
0.574528
0.574528
0.574528
1.5312
1.5312
1.5312
0.751182
0.751182
0.751182
0.556788
-0.400968
-1.28838
-1.28838
-0.681752
-0.546224
-0.391655
-0.77942
-0.77942
-0.721221
-1.3219
-1.3219
-0.572676
-0.572676
-0.572676
0.0137992
-0.134323
-0.911779
-0.911779
-0.9492
-0.9492
-0.9492
-0.9492
-1.00361
-1.00361
-0.742835
-0.742835
-0.480669
-0.480669
-0.628532
0.231864
0.315467
0.523831
0.64908
0.74895
0.554687
0.227355
1.04557
1.04557
0.79675
0.100563
0.744214
0.744214
0.739154
0.739154
1.52399
1.52399
1.52399
1.52399
1.56675
1.32678
1.32678
0.551643
0.381159
-0.603216
-0.159236
-0.633606
-0.551795
0.0999489
0.813792
1.05737
0.980298
0.980298
0.981008
1.61298
1.14278
1.08501
0.540791
0.287023
0.453159
0.22314
1.02234
1.02234
0.743612
0.842375
-0.0685355
-0.686418
-0.686418
-0.853654
-0.317106
-0.0933582
0.831367
0.206702
1.06366
1.06366
1.06366
0.203457
-0.707587
-0.43376
-1.17551
-1.17551
-1.17551
-0.968438
-0.968438
-0.537264
-0.537264
0.123877
1.01043
1.56033
1.56033
1.56033
1.43221
1.32062
0.80506
0.0113893
-0.754647
-0.754647
0.0816898
-0.148257
-0.519841
-0.74958
-0.162275
-0.606347
-0.658778
-0.797132
-1.49024
-1.49024
-1.49024
-1.49024
-0.766456
-1.22236
-1.22236
-0.711559
-0.0819049
-0.732888
-0.372712
0.612443
0.955563
0.955563
0.955563
0.101048
-0.627878
-0.627878
-0.807476
-0.807476
-0.807476
-1.12187
-0.352194
-1.31845
-1.31845
-1.10759
-1.45455
-1.50685
-0.818286
-0.0710542
-0.783431
-0.183213
-0.334624
0.549917
0.549917
0.549917
0.549917
1.21679
1.21679
1.326
0.445085
-0.0403087
0.819798
0.819798
0.819798
0.765854
0.955643
0.955643
0.964038
0.59679
0.744465
0.744465
0.744465
1.10206
0.847042
0.807763
0.807763
0.807763
0.807763
0.807763
1.17174
0.470963
0.122956
0.122956
0.0138701
0.874514
0.819606
0.337557
0.775041
1.07298
1.28549
1.28549
0.813848
0.761951
0.44476
1.02784
0.74577
0.520039
0.928917
0.720806
0.145909
-0.56906
-0.269816
-0.241113
-1.2119
-1.2119
-0.62322
-1.02247
-0.438035
-0.483956
-1.01715
-0.894636
-0.894636
-0.304075
-0.591922
-1.15713
-1.15713
-0.248662
-0.0654748
-0.71452
-1.04696
-1.04696
-0.150325
-1.08303
-1.08303
-0.137854
-0.960571
-0.53879
-0.53879
-0.53879
-0.546221
-0.546221
-0.546221
0.259061
-0.652103
-1.19976
-1.12828
-1.12828
-0.202893
-0.281323
0.132681
-0.856401
-0.200294
0.00280648
0.726911
-0.118753
0.418789
-0.192753
0.25829
0.306454
0.452439
0.66807
0.100184
0.598949
1.26425
0.649183
0.649183
0.649183
0.910088
0.910088
0.910088
0.908164
1.09255
1.09255
1.21688
0.992354
0.749306
-0.117782
-0.646487
-0.0956185
0.663487
1.59241
1.59241
1.59241
1.59991
1.59991
0.861538
0.861538
-0.1093
0.880122
-0.00684076
0.392276
0.13912
0.0295831
-0.204774
0.548058
1.51665
1.51665
1.51665
1.50049
1.72851
1.5063
0.977588
0.977588
0.128783
0.550266
0.460939
0.413963
0.44342
0.28762
-0.376098
-0.795235
-0.795235
-1.03889
-1.168
-0.478484
-0.733926
-0.319814
-0.498714
-0.498714
-0.145554
-0.392393
0.163833
-0.253839
-0.465051
-0.465051
-0.465051
0.473439
0.473439
-0.384741
0.346545
1.09145
0.649985
0.831968
0.831968
-0.00629777
0.91053
0.844322
0.220565
0.393665
-0.430153
-0.230904
-1.21975
-0.460779
0.471539
0.471539
0.785978
0.738248
0.793921
1.40834
1.40834
1.36027
0.734697
0.576234
1.06875
1.19149
0.714589
0.714589
1.12099
1.12099
1.12099
0.176952
0.0744737
-0.112367
-0.385846
-0.385846
-0.385846
-1.01061
-1.01061
-1.01061
-0.915229
-0.664228
-0.594722
0.0204736
0.719269
0.48833
0.317574
0.901403
0.276438
-0.46388
-1.06117
-1.06117
-0.412704
0.319363
-0.590424
-1.18779
-1.18779
-1.33619
-1.33619
-0.508969
-1.2343
-1.2343
-1.2343
-0.937978
-1.00742
-0.480936
-0.472159
-0.615956
-0.615956
-0.235034
0.591125
1.02596
1.02596
0.910446
1.15341
1.43152
1.51286
1.43594
1.43594
1.43594
1.43594
0.599246
0.428837
0.497594
0.497594
-0.0287563
0.0349167
0.945513
0.878069
0.878069
0.544855
0.681591
-0.242233
0.743051
0.670999
1.63485
1.48011
1.48011
0.773574
0.746009
0.177957
-0.490748
0.213844
0.420671
-0.381826
0.174292
0.124113
-0.768045
-0.826737
-0.826737
-0.611418
-0.168473
0.613042
0.99437
0.265225
0.511744
0.511744
0.972327
0.972327
0.972327
1.06128
1.06128
1.06128
1.06128
1.12529
0.479216
0.479216
1.04584
0.698669
0.698669
0.698669
0.250433
0.375469
-0.413512
-0.695008
-0.554884
-0.731651
-0.29604
-1.07435
-0.351483
0.431151
0.646214
0.141609
-0.72148
-0.760139
0.190796
1.05109
0.658503
0.658503
0.731126
0.198655
0.531754
-0.432316
0.0923753
-0.527758
-0.19931
-0.301062
0.483465
-0.409301
0.20038
-0.1927
0.118831
0.449873
0.608747
0.608747
0.223023
0.403393
-0.273256
-0.0930402
0.189128
0.116232
0.521361
0.973182
0.336521
0.682515
-0.149686
-0.231407
0.149224
-0.611269
-0.775315
-0.775315
-0.712607
-0.956335
-1.07148
-0.380698
-0.853233
-0.853233
-1.33749
-1.33749
-1.33749
-0.94648
-0.761623
-0.311889
-0.233636
-0.0393349
0.862463
1.07079
1.59288
1.59288
1.59288
1.59288
1.59288
1.59288
1.65776
1.65776
1.65776
1.65776
1.73731
1.28089
1.28089
1.14743
1.03983
0.711071
0.545378
1.43195
1.43195
1.43195
1.43195
1.43195
0.565673
0.0735481
0.683285
0.987977
0.987977
0.987977
0.696232
0.594157
0.740921
1.08777
0.167497
1.09151
0.67805
0.048275
0.3231
-0.0279661
0.177555
-0.723398
-1.54336
-1.54336
-1.54336
-1.08217
-1.95715
-2.63271
-2.40505
-2.40505
-2.68629
-2.68629
-2.68629
-1.75005
-2.03589
-1.67443
-1.67443
-1.67443
-0.938379
-0.938379
-0.166339
0.523244
0.640614
1.15631
1.15631
0.88577
0.259705
1.11737
1.11737
1.11737
1.12526
1.23967
1.23967
0.31232
0.67778
0.827822
0.871891
0.645686
0.830163
0.830163
0.828228
0.828228
0.0808479
0.507164
0.626807
0.626807
0.626807
0.626807
0.626807
0.626807
0.0692156
0.583746
0.794106
0.794106
-0.10493
0.479358
-0.332879
-1.025
-1.025
-0.614781
-0.981819
-0.649057
-0.962406
-0.933654
-0.933654
-0.826242
-0.826242
-0.826242
-0.826242
-1.01725
-0.119045
-0.577377
-0.577377
-1.04273
-0.587728
-0.0224099
-0.733962
-1.05331
-1.10715
-0.559903
-0.453194
-0.836819
-0.526479
-0.83046
-0.617343
-0.185017
-0.198739
0.713157
0.153972
0.886772
0.777766
0.300411
0.758322
1.26846
1.82138
1.82138
1.82138
1.90035
1.90035
1.90035
1.90035
1.90035
1.31688
1.18639
1.18639
1.72298
1.72298
1.72298
1.72298
1.72298
1.72298
0.7598
1.67866
1.11927
0.276134
-0.0786016
0.575245
-0.247564
-0.962794
-0.576
-1.03637
-1.31134
-0.320129
-0.0577401
0.602222
0.602222
1.45431
0.575186
1.01207
1.01207
0.352979
-0.38665
-0.206345
0.752007
0.0271354
-0.190417
-0.613078
-0.0436668
-1.02502
-1.02502
-0.918351
-0.918351
-0.918351
-0.918351
0.042487
-0.657817
-1.096
-1.096
-1.56405
-1.56405
-1.56405
-0.778103
-0.778103
-0.331589
-0.194146
-0.437172
-0.739083
-0.396154
0.339281
1.12618
1.12618
0.42778
0.42778
0.325071
0.822096
0.822096
1.36955
0.487048
-0.232357
0.484975
0.811998
0.376569
0.260564
0.590813
0.590813
0.590813
1.14831
1.14831
0.543535
0.938252
0.500802
0.367852
0.37014
0.953746
0.294987
1.1665
0.950833
1.07842
0.379109
-0.341921
-0.341921
-0.346442
-1.12926
-0.995436
-0.855304
-0.855304
-0.855304
-0.476474
-0.479469
-0.791187
-0.791187
-0.853803
-0.100957
-0.675102
-0.13569
-0.761645
-0.373416
-0.559621
-0.786312
-0.0653325
0.279311
0.222969
-0.010713
0.363836
-0.39974
-0.639855
-0.639855
-0.639855
0.352292
-0.225021
-0.919599
-0.919599
-1.11627
-0.332052
-1.07034
-1.07034
-0.777006
-0.77173
-0.77173
-0.734146
-0.504421
-0.504421
0.0385127
-0.030971
0.857209
0.857209
0.857209
1.09115
1.09115
0.194143
0.0713873
-0.482924
-0.482924
-0.357908
-0.298577
-0.258237
0.560409
0.169784
-0.34266
-1.32576
-1.12167
-1.12167
-0.622595
-1.16187
-0.220846
0.392775
0.392775
-0.352933
-1.11173
-1.11173
-1.22838
-1.22838
-1.22838
-0.70247
-0.70247
-0.70247
-0.70247
-0.70247
-0.894949
0.0501179
0.633591
1.122
0.929594
0.702029
0.295358
0.159578
1.00249
1.02967
1.02967
0.579398
0.579398
0.666373
-0.30996
-1.09196
-0.634589
-1.10885
-0.734979
-0.734979
-1.19547
-1.61417
-1.65445
-0.787362
-0.787362
-1.06535
-0.470779
-1.39056
-1.39056
-0.404633
0.261464
-0.663558
-0.881919
-0.881919
-1.54604
-1.18384
-1.18384
-1.49325
-1.39187
-0.654276
-1.06081
-0.367401
-0.370917
0.559332
1.06398
0.366079
0.366079
0.219854
0.604697
0.165891
0.483713
0.185932
-0.280162
0.410566
0.410566
-0.0777833
-0.979712
-0.453845
-0.932066
-0.932066
-0.932066
-0.932066
-0.932066
-0.806772
-0.806772
-0.79765
-0.253283
-1.19242
-1.19242
-1.02169
-0.823998
-1.16804
-0.715705
-0.876684
0.0980298
-0.0614727
0.78369
0.0479602
-0.586778
-0.586778
0.367893
-0.248946
-0.940192
-0.940192
-0.940192
-0.53851
0.29254
-0.563359
-1.47002
-1.47002
-1.34303
-1.54535
-0.991764
-0.52083
-1.1989
-0.975501
-0.975501
-0.975501
-0.975501
-0.551665
0.18997
0.475752
1.04331
1.04331
1.04331
0.995075
0.366022
1.28489
0.709595
0.323926
0.215772
0.218084
-0.633401
-1.17018
-1.06531
-0.436246
0.301287
-0.127587
0.108711
0.254933
0.0368338
0.467877
0.981282
0.981282
0.981282
0.981282
0.70588
0.70588
0.836836
0.419757
0.68484
1.03695
0.0535607
-0.614415
-0.736551
-0.736551
0.187567
0.64083
0.350918
0.512127
0.528925
-0.0680362
0.521849
-0.0569215
0.0394475
-0.535964
0.0530495
-0.476024
0.365024
1.08
1.08
1.39827
1.39827
0.585372
1.12609
1.12609
0.612585
0.612585
0.78785
0.816977
0.257693
0.858591
0.877183
0.877183
-0.00393682
-0.0536721
-0.749246
-0.587367
-0.134399
0.810665
0.810665
0.810665
1.47165
1.47165
1.47165
1.47165
1.38805
0.926248
0.597276
0.597276
-0.335791
-0.706603
-0.228652
-1.16609
-1.16609
-0.451519
-0.47408
-0.47408
-1.33252
-1.33252
-1.21596
-0.886003
-0.886003
-0.886003
-0.37057
-0.202802
-0.438379
-0.438379
-0.438379
0.545477
0.647176
0.101942
0.609269
0.369139
0.746801
0.522449
0.107641
0.389126
-0.0560829
-0.837294
-0.647205
-0.647205
-0.647205
-0.636342
-0.636342
-0.636342
-0.636342
-0.636342
-0.636342
-0.391624
0.414818
-0.368015
-1.28885
-0.556677
-0.433163
-0.746416
-0.746416
-1.55426
-0.961824
-0.0468311
-0.128588
0.219397
0.403368
0.0854695
-0.75164
-0.579242
-0.579242
0.271313
-0.465563
-1.2613
-1.2613
-0.740276
0.0767782
-0.000222938
0.644176
-0.276494
-0.809775
-0.820711
-0.811959
-0.811959
-1.20056
-0.787646
-0.787006
-1.13955
-1.18045
-0.336729
0.34788
0.835831
0.55169
0.55169
1.1819
0.537316
0.537316
0.0647913
0.282227
-0.472741
-0.0117635
-0.533279
-1.22997
-1.14166
-0.713129
-0.787093
-0.536537
0.0990197
1.05582
0.672921
0.089672
0.286917
0.101348
0.739941
0.739941
0.216373
0.477276
-0.0442369
0.342369
-0.241558
-0.946453
-0.568938
-0.606918
-0.0556678
-0.350875
-0.652864
-0.894926
-0.894926
-0.894926
-0.979745
-0.979745
-0.979745
0.00846843
-0.401474
-0.510563
-0.354854
-0.24683
-0.934512
-1.03553
-1.03553
-0.38494
-1.27993
-1.19722
-0.70554
-0.987693
-0.825501
-0.825501
-0.825501
-0.296451
-1.25217
-1.26757
-1.3684
-0.822384
-1.23733
-1.51106
-1.51106
-0.698623
-0.698623
-0.698623
-0.276517
-0.871974
-1.16478
-0.39718
0.520035
0.520035
0.148082
0.885999
1.24206
0.504005
-0.136986
-0.909411
-1.1887
-1.71033
-1.71033
-1.71033
-1.71033
-1.94469
-1.94469
-1.43158
-1.43158
-1.43158
-1.73012
-1.3426
-1.3426
-0.974558
-0.284529
-0.0543428
-0.789639
-0.789639
-0.434983
0.422742
0.901569
0.0673961
-0.346168
0.302007
0.37038
-0.0537707
-0.322796
-0.831173
-0.830944
-1.26922
-1.26922
-1.34896
-1.34896
-0.887811
-1.38269
-1.38269
-0.7156
-0.857446
-0.655989
-1.23666
-0.321278
-0.185846
-0.847787
0.127982
0.497708
0.389843
0.711757
0.711757
1.40109
1.40109
1.40109
1.43947
1.85043
1.67128
1.07754
0.464918
0.596039
0.861792
0.725341
0.794579
0.794579
-0.0382278
-0.367515
-0.367515
0.203596
1.16695
0.979261
0.979261
1.1934
0.428125
-0.227155
0.242097
-0.08723
-0.796913
-0.796913
-0.664839
-1.08576
-1.08576
-0.136215
-0.217211
-0.300029
0.288079
-0.532449
-0.532449
-0.557789
-0.956583
-1.08256
-1.71206
-1.71206
-1.96356
-1.96356
-1.59083
-1.46279
-1.46279
-1.48099
-1.48099
-1.48099
-0.885841
-1.06537
-1.06537
-0.553278
-1.05225
-1.06781
-1.06781
-0.160893
-1.15906
-0.721369
-0.721369
-0.0324953
-0.424316
-1.10959
-1.10959
-1.41749
-1.06094
-0.812967
-0.985291
-0.985291
0.00822389
-0.757058
-0.757058
-0.757058
-0.757058
-0.757058
-0.757058
-1.14585
-1.14585
-1.23322
-1.16574
-1.16574
-1.05098
-1.68663
-1.68663
-0.860115
-0.203647
-1.00042
-1.00042
-1.00042
-0.926993
-0.926993
-0.926993
-1.1556
-1.22372
-1.35791
-0.746401
-0.252871
-1.06246
-1.4505
-1.4505
-1.1363
-1.1363
-0.181775
-0.267014
-0.252993
-1.10164
-0.642112
-0.642112
-0.362696
-0.296087
-0.181127
0.814
0.766444
0.766444
0.766444
0.189021
1.103
1.22444
1.22444
0.816176
0.816176
0.556987
0.668864
0.0522225
-0.496354
-0.72052
-1.52919
-1.52919
-0.996555
-1.79713
-1.79713
-1.81837
-1.55995
-1.56033
-1.15589
-1.15589
-1.24932
-0.918338
-0.918338
-0.47721
-1.42933
-0.96071
0.0117454
0.52137
-0.018501
-0.01356
-0.754919
-0.754919
-1.11181
-0.347054
-1.26484
-1.01358
-1.59666
-0.772362
-0.813446
-0.813446
-1.03609
-0.231189
-0.777663
-1.41989
-0.671516
-0.39919
-0.39919
-1.13693
-1.13693
-1.13693
-0.593096
-0.751543
-0.751543
-0.751543
-0.751543
-0.369141
-0.303193
0.205626
0.73998
0.835018
0.835018
0.588536
0.903278
0.903278
0.903278
0.834207
0.666276
0.666276
0.337819
0.21899
0.848557
0.848557
0.940839
0.763569
0.763569
0.76395
1.56753
1.56753
1.31699
0.955147
0.955147
0.955147
0.955147
0.955147
0.955147
0.290383
-0.539106
-1.18886
-1.18886
-0.587082
-1.13806
-0.996478
-0.173906
0.77673
0.77673
0.77673
0.77673
0.244271
0.951792
1.43052
0.675285
1.03328
0.764011
1.63074
1.5358
0.584946
0.584946
0.134865
0.215971
-0.310607
-0.892
-0.809718
-0.860309
-0.860309
-1.08817
-0.17527
0.31362
-0.0952848
-0.368403
-1.20152
-0.355942
-0.264054
0.633497
0.633497
0.633497
1.26363
1.26363
0.481031
0.572025
1.32462
1.32462
1.32462
0.514262
0.514262
1.14921
1.17837
1.17837
0.57581
-0.229732
0.663297
0.343148
1.23802
1.4886
1.4886
1.33757
0.809606
0.683738
-0.187762
0.245071
0.26846
1.07302
0.716209
0.716209
-0.253079
-0.725712
-0.976998
-0.629102
-1.24112
-0.829036
-0.53002
-0.477045
0.244788
-0.129669
-0.251979
0.676687
0.676687
0.465669
1.15245
0.2676
1.01939
1.01939
0.816487
0.227393
-0.00121696
-0.343856
-0.969578
-0.969578
-1.03243
-1.03243
-1.0652
-1.0652
-1.15927
-0.968609
-0.675047
-0.675047
-0.675047
-1.28924
-1.28924
-1.28924
-1.28924
-1.55694
-1.15115
-1.15115
-0.25504
-1.11824
-1.11824
-1.11844
-0.805851
-1.78341
-1.87211
-1.67313
-1.67313
-1.67313
-1.42301
-1.42301
-0.501425
-0.334265
-0.470103
-0.330435
0.0386834
0.520541
1.25679
0.591982
0.902037
0.902037
0.902037
0.177622
0.838276
0.838276
0.327949
0.84102
1.5885
0.749718
0.749718
0.749718
0.749718
0.749718
0.730321
0.730321
-0.216746
0.639601
0.639601
1.5355
1.06895
0.410093
1.2106
0.262325
0.619385
0.619385
0.255353
-0.640449
-1.36023
-1.37217
-1.57777
-1.04854
-1.04854
-1.04854
-1.06788
-0.270282
0.716549
1.29559
1.29559
1.29559
1.29559
1.18185
1.18185
1.34239
1.37514
0.458997
0.606638
0.950885
0.950885
0.950885
0.267465
0.267465
0.346847
0.299546
0.196537
-0.694099
-1.00932
-0.467963
-1.32301
-1.32301
-1.32301
-0.526658
-0.384671
0.253083
1.12294
0.726971
0.724259
0.066879
0.653409
0.653409
0.424817
-0.479083
-0.150036
0.832508
0.55233
0.256335
0.464719
0.342807
0.770412
0.770412
0.770412
0.770412
1.02441
1.02441
0.447639
-0.0672525
0.161143
0.748418
0.257815
0.328469
-0.534729
-0.771672
-1.01319
-1.01319
-1.00251
-0.461573
-0.434793
-0.968464
-0.39098
-0.0984307
0.608881
0.608881
1.06403
1.06403
0.321717
-0.206772
0.763351
0.763351
0.833668
0.292908
-0.255578
-0.0674049
0.0343878
-0.942869
-0.241547
0.298444
-0.238058
-0.462
-0.398465
0.400345
0.235957
0.385912
-0.501634
-1.2359
-1.13405
-1.13405
-0.680741
-0.680741
-0.668305
-1.24195
-0.766127
-1.16286
-1.16286
-0.771685
-0.647529
-0.647529
-0.47057
-1.09109
-1.24696
-0.356623
0.118421
0.401602
0.243094
-0.49876
-0.49876
-0.400903
0.231648
0.241895
-0.0244959
-0.451573
-0.860541
-0.114473
-0.643972
-0.376459
0.416502
0.416502
0.947924
1.12792
1.06167
0.299372
-0.0298225
-0.156952
-0.717494
-0.717494
-0.581629
0.0619985
-0.821097
-1.18924
-1.30574
-1.30574
-0.520985
0.255433
0.283655
-0.269438
-0.968829
-0.968829
-0.968829
-0.418199
-1.17151
-0.422461
-0.422461
0.543889
0.803062
-0.0809647
0.344908
-0.275729
0.308599
0.329628
-0.195178
-0.414166
-0.497437
0.0181588
0.575589
0.533921
0.533921
-0.238962
-0.334673
-0.25904
-0.182591
0.20025
0.155134
0.0889459
0.61624
0.61624
-0.271746
-0.399615
0.303114
1.2378
0.54719
1.07827
1.26083
1.09413
1.0297
1.0297
0.145447
-0.578177
-1.25757
-1.25757
-1.25757
-1.76094
-1.23461
-1.23461
-1.23461
-1.18563
-0.593872
-1.1864
-1.1864
-1.1864
-1.1864
-1.1864
-0.396132
-0.447819
0.204063
-0.611279
-0.54701
-0.497221
0.41521
0.904097
0.086446
0.186044
-0.0993404
-0.0585348
-0.324849
-0.237146
-0.632289
-0.632289
-0.484417
-1.21227
-1.21227
-1.11167
-1.11167
-1.11167
-1.14114
-0.567755
0.22493
0.143468
0.852963
0.852963
0.852963
1.29555
1.60507
1.30984
1.33995
1.36263
1.1835
1.36418
0.974434
0.909211
0.355886
-0.225
-0.000552477
0.740438
0.740438
0.982012
1.04511
1.04511
1.57864
1.57864
1.57864
1.57864
1.43172
1.42008
1.42008
1.22849
0.541816
0.0963516
0.0244249
-0.192208
0.322722
0.331419
-0.00753597
0.95417
1.91274
1.91274
1.91274
1.91274
1.91274
1.91274
1.91274
1.19658
1.19658
1.35684
1.35684
0.943766
0.943766
0.707687
0.707687
1.07915
0.668824
0.283445
0.706587
0.0174667
0.402488
0.402488
1.3855
1.3855
1.3855
0.452448
0.682972
0.682972
0.682972
0.682972
0.682972
1.09492
1.09492
1.09492
1.23016
0.932779
0.235161
-0.28124
0.20566
-0.566768
-0.461289
-0.461289
-0.461289
0.2267
0.244856
0.260594
-0.393819
-0.764647
-0.824304
-1.10744
-0.71157
-0.71157
-0.71157
-0.269186
-0.338086
-0.338086
-0.357738
0.0953221
-0.887899
-0.887899
-1.02479
-0.378195
-0.378195
-1.22045
-1.44153
-1.44153
-1.41757
-1.00539
-1.00539
-1.00539
-1.00539
-1.00539
-0.338893
-0.294731
0.424553
-0.412064
-0.134997
-0.644125
0.26181
-0.482254
-0.153367
0.296262
-0.0207072
-0.0376829
-0.302016
-0.126235
-0.28493
-0.145741
-0.984655
-0.719853
-0.719853
-0.935845
-0.107339
-0.690797
-0.690797
-0.690797
-0.184556
-0.367769
-1.20252
-1.37172
-1.20051
-0.291047
0.688072
0.0839729
-0.027076
0.684595
0.684595
0.631621
0.989657
0.989657
0.878459
0.760415
0.112734
-0.440129
-0.37399
-1.12322
-1.16894
-1.55324
-0.623325
-0.869009
-0.860852
-0.913669
-0.913669
-0.913669
-0.28207
-1.08435
-0.223513
-1.14493
-1.14493
-1.39159
-1.54174
-1.54174
-1.48625
-1.48625
-1.38631
-0.666887
-0.666887
-1.0601
-1.0601
-1.52646
-1.39217
-1.02437
-1.02437
-0.912549
-0.912549
-0.912549
-0.912549
-0.290858
-1.0516
-1.0516
-1.23467
-0.870069
-0.870069
-0.348184
-0.348184
0.250921
0.255729
0.617186
0.272489
-0.546958
-0.472687
-0.0102343
-0.618397
-1.25205
-1.25205
-1.25205
-1.04028
-1.04028
-0.393595
0.464787
0.713568
0.713568
0.824101
1.78849
1.00237
0.397967
0.0221775
0.289131
-0.232694
0.537703
0.537703
0.878826
0.878826
0.451104
0.596442
0.867304
0.867304
0.867304
0.130518
0.450626
0.294085
0.468259
-0.524741
-1.16587
-0.197409
0.634128
0.80577
0.80577
0.80577
0.80577
1.16749
1.23988
0.354897
0.730151
0.305455
1.09654
0.809822
0.709732
0.540783
0.692983
1.01454
0.0318129
-0.892435
-0.60637
-0.60637
-0.286212
-0.141584
-0.721658
-0.721658
-0.721658
-0.721658
-0.386001
-1.1156
-1.26709
-0.852831
-1.72444
-1.72444
-2.02998
-2.02998
-1.86557
-1.86557
-1.86557
-1.71321
-1.71321
-1.71321
-1.57463
-1.57463
-1.57463
-1.57463
-1.57463
-1.43041
-1.13516
-1.13516
-0.810615
-0.810615
-1.43702
-1.43702
-1.42428
-1.42428
-1.42428
-1.4408
-1.4408
-1.4408
-1.4408
-1.4408
-1.04994
-1.04994
-1.38855
-1.09902
-0.674692
-0.674692
0.109863
-0.881832
-0.881832
-1.13481
-0.836544
-0.784414
-0.784414
-0.826635
-0.544265
0.324327
-0.629606
-1.04045
-0.314066
-0.02006
-0.727637
-0.727637
-0.984125
-1.07447
-0.437152
0.338992
-0.0185405
0.681204
0.806526
0.745999
1.43105
1.22038
1.22038
0.859082
0.859082
0.122037
0.623375
0.623375
0.142476
-0.694853
-0.570921
0.407796
-0.0325172
-0.296079
-0.205302
0.537491
0.710616
0.566483
1.01034
0.719341
0.719341
-0.0359628
-0.880819
-0.192503
-0.927348
-1.17017
-1.17017
-1.17017
-1.17017
-1.17017
-1.17017
-1.17017
-1.10184
-0.817494
-0.771213
-0.771213
-0.771213
-0.771213
-0.858413
-0.858413
-0.35932
-1.07161
-1.07161
-0.259154
0.390639
0.535547
0.832887
0.88853
0.252044
-0.499386
-1.18313
-1.34117
-0.433543
-0.433543
-0.656449
-1.06094
-0.965
-1.33294
-1.33294
-0.65554
-0.65554
-0.10625
0.357663
0.199915
0.424455
-0.32164
-0.456823
-0.532002
-1.11233
-0.294995
-0.645791
-0.645791
-0.847814
-1.32728
-0.346972
-0.97441
-0.660652
-0.684574
-0.684574
-0.295409
-1.28773
-0.88592
-0.406778
-1.00813
-1.00813
-0.757772
-0.757772
-0.596477
-0.356485
-0.36068
-1.10023
-1.00894
-0.735566
-0.735566
-0.735566
-0.882971
-0.0902641
-0.54526
-0.840815
-0.648913
-0.970573
-0.970573
-1.77025
-1.77025
-1.77025
-1.00694
-0.0283761
0.941633
0.941633
0.941633
1.41408
1.41408
0.845715
0.178917
-0.129562
-0.990148
-0.990148
-0.990148
-0.106652
0.285219
0.391932
0.391932
-0.228405
-0.303413
-0.749173
-0.749173
-0.783617
-0.783617
-0.783617
-0.783617
-0.783617
-0.783617
-0.886347
-0.886347
-0.886347
-0.190248
0.519515
0.16757
0.251296
0.381081
-0.198231
-0.815471
-0.417743
0.313627
-0.244455
-0.306785
0.21984
-0.328455
-1.18415
-1.13401
-0.921739
-0.921739
-0.852344
-0.739196
-0.739196
-0.605948
-0.940001
-1.14929
-1.14929
-1.20925
-1.17378
-0.254545
-0.203865
0.681255
0.481207
0.583217
0.762009
0.643271
0.352165
0.85367
1.44409
1.44409
1.4256
1.4256
0.483779
1.30834
1.30834
1.30834
1.30834
0.935737
0.935737
0.817972
0.817972
0.315325
-0.660871
-0.660871
-1.47078
-1.66996
-0.675372
-0.675372
0.122743
0.515058
1.24345
0.523761
-0.184083
-0.219731
-0.370098
-1.25709
-0.710149
-1.67739
-0.760831
-0.450864
-0.91272
-0.91272
-0.193614
0.33733
-0.303104
-0.890992
-0.18953
-0.768201
-0.768201
-0.62804
-1.20856
-0.508835
-1.36229
-1.14542
-1.19865
-1.19865
-0.833046
-0.833046
-1.81059
-1.81059
-1.76715
-1.76715
-1.28003
-1.33153
-1.56488
-0.956626
-0.956626
-0.785281
-0.785281
-0.774758
0.222352
0.906502
1.23889
1.25611
1.36382
1.60774
1.60774
1.6075
1.35102
1.35102
1.35794
1.28071
1.18047
1.18047
1.45221
1.5473
1.5473
1.45139
1.33403
1.00115
1.00115
1.00115
0.447254
0.447254
-0.0102179
0.633579
0.578135
0.848797
1.39214
1.39214
1.16854
0.670823
0.579666
0.579666
0.579666
0.492941
0.611142
1.2139
1.03793
1.03793
0.612592
1.33563
1.17363
1.17363
1.2454
0.967262
0.967262
0.967262
1.32993
1.32993
0.752655
0.752655
0.440336
-0.223969
-0.0658604
-0.203535
0.666129
0.666129
0.0715113
-0.272923
-0.0579076
0.720886
0.689627
1.61549
1.61549
1.09909
0.737935
0.901619
1.30321
1.30321
1.30321
0.951883
0.984612
0.984612
0.984612
0.972904
0.250361
0.723129
0.723129
0.116993
0.358941
0.213494
-0.325419
-0.483975
-0.560954
-0.324178
0.261494
-0.0635225
0.932792
0.932792
0.14169
0.636116
0.636116
0.831469
0.887484
0.219061
0.0995063
0.0353919
-0.582813
-0.582813
-1.1101
-0.84712
-0.84712
-1.2183
-0.930693
-1.43028
-1.43028
-1.5018
-1.32709
-0.345785
-1.28917
-1.39857
-0.418857
-0.418857
-0.0311017
-0.489322
-0.489322
-0.489322
-0.854074
-1.57866
-1.57866
-1.57866
-1.57866
-1.25513
-1.32239
-1.24854
-1.24854
-1.24854
-0.394468
-0.456814
-0.78191
-1.11602
-0.222245
-0.697189
-0.697189
-0.697189
-0.697189
-1.00922
-1.00922
-1.0015
-1.0015
-0.120821
-0.470438
-0.967363
-0.630309
-0.439074
0.189603
0.661273
1.05934
0.753487
0.753487
0.753487
0.12811
0.405615
1.11644
1.37777
1.0298
1.35021
1.35021
1.21714
0.820721
1.51501
0.584985
0.584985
1.04293
1.57701
0.691459
1.03545
1.03545
1.10885
0.122308
-0.263136
-0.406378
-0.846506
0.137309
0.260319
0.768013
0.768013
0.534801
0.926444
0.196466
1.07134
1.27547
0.479955
0.202906
-0.699549
-0.699549
-0.913743
-1.01751
-0.875689
-0.875689
-0.495124
-1.05914
-0.234506
-1.02314
-1.40447
-1.03149
-1.03149
-1.03149
-0.076717
0.916442
0.0320604
0.81893
0.81893
0.258273
-0.238277
-0.0599562
0.247814
0.924397
0.924397
0.924397
0.924397
0.924397
0.199093
-0.548422
0.369888
0.0512099
0.437215
0.0720302
0.583803
0.583803
0.469191
1.13034
0.579349
0.88317
0.88317
0.340226
0.247893
0.692647
0.363821
0.194501
-0.299393
0.276474
0.575787
0.914055
1.77253
1.94882
1.94882
1.88348
1.88348
1.88348
1.44589
1.44589
0.961031
0.409287
0.752062
0.752062
0.247012
0.917188
0.825718
0.825718
0.825718
0.890057
0.768839
0.867055
0.867055
0.867055
0.40537
0.905133
1.38357
1.38357
0.47859
1.14878
0.594988
0.181286
0.531078
1.22062
1.22062
1.02968
0.668763
1.19783
1.19783
0.254437
0.762481
0.762481
0.855423
0.581165
-0.374073
-0.408772
-1.14349
-1.14349
-1.14349
-0.54431
-0.168483
-0.838906
-0.569028
0.305434
0.593301
0.593301
0.703589
0.703589
0.703589
1.07814
1.11519
0.695313
0.596989
0.596989
1.04481
0.174727
-0.600816
-0.600816
-0.263967
0.545333
0.804217
0.425332
1.19065
1.19065
1.65473
0.862184
0.862184
0.862184
0.0518892
0.303159
-0.648476
0.0963091
-0.479752
0.189831
0.0564354
0.615903
0.211628
0.770238
0.770238
0.770238
0.770238
1.25775
0.663868
-0.181484
-0.351674
0.6014
1.04586
0.132945
-0.551118
-0.80208
0.188035
0.378805
0.378805
-0.61338
-1.17225
-0.606523
-0.606523
-0.055358
-0.720757
-1.4299
-1.4299
-0.489568
0.181956
-0.286962
-0.238683
0.00637092
-0.0168511
-0.353351
-1.0154
-1.0154
-0.760243
-0.760243
-0.74565
-0.74565
0.23152
-0.0595648
-0.888608
-1.50872
-1.43279
-0.434537
-0.874355
-0.874355
-0.215266
-0.562641
-1.05892
-0.322232
0.415266
0.793648
0.476727
0.190684
0.935509
0.126587
-0.469234
-0.998525
-0.998525
-0.998525
-0.790417
-0.697253
-0.697253
-0.697253
0.165212
-0.752082
-0.403799
-0.411783
0.390629
-0.243826
0.23729
-0.737591
-0.737591
-0.737591
-0.737591
-0.556328
-0.524083
-0.524083
0.0145496
-0.251607
0.503113
0.173638
0.59001
0.59001
0.160401
0.796253
0.40964
1.39821
1.032
1.032
0.50544
0.0469475
-0.289445
-1.22828
-1.22828
-0.378563
-1.20548
-0.506965
0.264115
-0.133109
0.836323
0.836323
0.530971
-0.37042
0.312554
0.56664
0.56664
0.272324
1.14409
1.14409
1.44221
0.971534
0.879156
0.879156
0.879156
0.879156
0.26376
1.18715
0.523216
-0.349236
-0.147936
0.46653
0.474521
0.474521
1.22774
1.22774
1.22774
0.348473
1.18035
1.19437
1.37889
1.37889
1.2412
0.707172
0.237269
0.121245
0.142112
-0.503826
-0.573428
-0.573428
-1.0131
-0.835551
-0.835551
-0.835551
-0.835551
-1.16589
-1.16589
-1.03606
-1.02651
-0.493298
-1.12909
-0.869584
0.130353
0.564518
-0.0230801
0.777206
0.948195
1.34595
1.34595
0.526553
0.526553
0.781902
0.128537
-0.328841
0.205039
0.374402
0.499675
0.540824
0.951331
0.468572
0.154386
-0.803394
-1.6046
-1.05995
-1.51399
-1.11514
-0.441017
-0.239204
0.289444
-0.287539
0.136382
-0.407928
-0.613379
-0.124053
-0.657543
-0.657543
-1.4053
-1.00816
-1.26424
-0.350686
0.465179
1.14964
1.14964
0.971079
0.0484401
-0.923435
-0.152896
-0.660113
-0.726807
-0.0453184
0.947316
0.259461
0.813334
0.405273
0.18989
-0.619054
-0.814903
-0.814903
-1.53043
-0.540647
0.285084
-0.694531
-0.694531
-0.694531
0.264541
-0.114086
-0.880313
-1.02469
-0.489822
-0.0787349
0.130561
-0.158588
-0.873333
-0.668666
-0.668666
-0.668666
-0.668666
-0.580142
-1.4606
-1.13921
-1.32671
-1.21283
-1.40774
-1.44808
-1.44808
-0.747617
-0.747617
-1.02257
-1.02257
-0.0321322
-0.437243
0.551962
0.535895
0.370053
-0.455817
0.0142957
0.0291484
0.434727
0.217486
-0.30622
-0.881955
-0.881955
-0.889901
-0.198729
-0.232021
0.494918
-0.245393
-0.505721
0.117252
0.0412662
-0.0423479
0.11567
0.231823
-0.177348
-0.242145
-0.600534
-0.600534
-0.338151
0.597313
1.17209
0.93011
0.93011
0.463646
1.3137
1.3137
0.821474
0.821474
0.685126
0.685126
0.685126
-0.219747
-0.892193
-0.936295
-0.649879
0.332222
-0.500102
-0.0985364
0.0478959
-0.159301
-0.877881
-0.807029
-0.807029
-0.807029
-0.500217
0.282222
0.336773
1.00882
1.00882
1.00882
1.15941
0.634049
1.05587
0.3022
0.980294
0.904998
0.904998
0.136111
-0.326903
0.0742428
-0.385546
-1.29256
-1.29256
-1.29256
-1.29256
-1.29256
-1.29256
-1.29256
-1.49381
-1.30415
-0.540319
-0.239514
-0.595184
-0.312173
-0.136216
0.164472
0.221251
0.645465
0.528535
0.187413
0.67992
1.13365
1.22099
1.68518
1.68518
1.68518
0.693046
0.693046
0.272306
0.265594
-0.34346
0.333966
0.246552
1.11007
1.6321
0.985937
0.372721
1.10688
0.129497
-0.737832
-0.737832
0.0912947
-0.127245
-0.608163
0.362444
1.22401
1.535
1.535
1.4004
1.4004
1.03671
1.08213
0.689352
0.689352
1.20472
1.20472
1.20472
1.20472
0.560328
-0.183171
-0.936498
-0.936498
-1.30319
-1.16448
-0.635636
-0.43427
-0.495351
0.142369
0.146782
0.989467
0.989467
0.989467
0.475376
1.03169
1.03169
1.03169
0.958578
1.21818
1.21818
1.21818
0.760399
0.758632
0.560815
0.560815
-0.174063
-0.487627
-0.018631
-0.100587
0.568961
0.00317123
-0.353105
0.594369
1.08518
1.08518
1.12849
0.321861
1.07778
1.31447
1.31447
0.979226
0.979226
1.72615
1.50102
1.11999
1.10725
1.29283
1.29283
1.10814
1.10814
1.10814
0.297478
1.27851
0.710964
0.710964
0.253662
-0.683309
-0.601603
0.214303
0.659478
1.28271
1.28271
0.469905
-0.218572
0.177772
-0.00991381
-0.522113
-0.522113
0.0412735
-0.495544
-1.03171
-1.03171
-1.03171
-1.03171
-1.46934
-1.14179
-0.45927
-0.0583422
-0.109225
-0.908034
-0.0496671
-0.679993
-0.309644
-0.614857
-1.51897
-0.918408
-0.918408
-0.478368
-0.581295
-0.0963022
0.356992
0.631626
0.631626
0.631626
1.32727
0.638518
0.638518
0.396253
-0.0798781
0.207868
1.01957
0.725653
0.056745
-0.527994
-1.08526
-1.20084
-1.20084
-1.06864
-0.479977
-0.36462
-1.02777
-1.7891
-1.7891
-1.45016
-1.52249
-0.695183
-0.321075
-0.307229
-1.04248
-1.04248
-1.04248
-1.01837
-0.732898
-0.739954
-0.698343
-0.884213
-1.05343
-1.05343
-0.814997
-0.336863
-0.336863
0.511601
1.38116
1.38116
1.38116
0.475056
1.10504
0.975426
0.88183
0.88183
0.12965
0.595436
0.595436
0.595436
1.51927
0.540177
0.540177
1.05202
1.05202
1.05202
1.05202
0.663435
0.526938
0.526938
0.634037
0.345656
0.865595
0.935179
1.29147
1.29147
1.29147
1.29147
1.53989
1.81148
1.37532
0.427669
0.515963
0.846257
0.846257
0.337707
-0.334249
-0.341802
-0.0876881
-0.419844
-1.14767
-0.905583
-0.905583
-0.322321
0.21565
1.02447
1.02447
1.02447
0.929542
0.929542
1.2806
0.444071
-0.520422
-0.031209
-0.61598
-0.68617
-0.418016
-0.98131
-0.341211
-1.119
-0.829717
-0.829717
-0.685283
-0.685283
-0.685283
-0.820022
-0.820022
-0.932921
-1.05623
-1.05623
-1.39348
-0.64234
-0.995623
-0.995623
-0.729391
-0.659718
-0.659718
-1.12442
-0.480096
-0.480096
-0.454145
-0.725162
-1.4603
-1.4603
-1.7348
-1.53239
-1.53239
-1.66339
-1.66339
-1.25443
-1.25443
-1.25443
-0.884481
-0.884481
-1.07294
-1.13718
-0.548379
-0.548379
-1.43899
-1.43899
-1.43899
-1.43899
-1.43899
-0.946148
-0.967092
-0.967092
-0.595165
-1.13676
-1.6254
-0.739389
-0.739389
-0.393505
-0.569809
-0.569809
-0.569809
-0.569809
-0.985587
-0.56848
-0.0506916
-0.0999645
0.335646
-0.632392
-0.632392
-1.06264
-0.169959
0.113378
0.356422
0.408119
0.468453
-0.228299
0.555194
-0.19511
0.161123
0.866406
0.74376
0.74376
0.74376
-0.146408
-1.09411
-1.09411
-0.803303
-0.803303
-0.803303
0.142624
0.742172
0.420486
0.413242
0.750392
0.750392
1.00993
1.00993
1.27144
1.27144
0.525107
0.634326
0.324612
-0.488555
-0.569388
-1.44753
-1.22334
-1.29631
-1.36103
-0.858212
-0.858212
-0.518725
0.0886349
0.18383
0.583494
-0.0982032
-0.776342
-0.776342
-0.895953
-1.43571
-0.581488
-0.581488
-0.745441
-0.745441
0.204115
1.168
1.168
1.168
0.455336
-0.388227
-0.388227
0.473272
0.98089
0.98089
1.44896
1.44896
0.866874
0.866874
0.818534
0.818534
0.63461
0.63461
0.787205
0.77135
0.77135
0.865192
0.124541
-0.0678974
-0.518159
-1.13753
-1.13753
-1.08869
-1.08869
-0.869341
-0.42523
0.270077
0.962963
0.94301
1.67429
0.71523
0.0758727
-0.739371
-0.739371
-0.739371
-0.739371
-0.831375
-0.831375
0.00030151
-0.624806
-0.624806
-0.624806
-1.53848
-1.53848
-1.41563
-0.43462
0.150294
-0.272783
0.621251
-0.344964
-0.445954
0.0646559
0.618449
0.212031
-0.237963
0.189057
-0.155256
-0.585677
-1.2937
-1.44736
-1.29576
-1.29576
-1.29576
-1.29576
-1.24899
-0.365519
-0.824312
-0.573205
-0.573205
-0.411602
-0.751199
0.18184
-0.397468
-0.374701
-1.1039
-1.03778
-1.03778
-0.21607
-0.185432
-0.505767
-0.864119
-0.62219
-0.427305
-1.15484
-0.998119
-0.0181845
-0.131936
0.384316
0.802815
0.36992
0.969885
1.19896
1.19896
1.19896
0.591508
0.414947
0.719873
1.33074
1.25796
1.25861
0.493129
0.395323
-0.458357
-0.554348
-0.0791352
-0.707526
-0.893601
-0.633416
-1.32402
-0.496036
-0.976904
-0.747681
-1.36264
-1.36264
-1.40908
-1.65884
-1.65884
-1.65884
-1.28483
-1.28483
-1.28483
-1.28483
-1.15097
-1.15097
-0.161533
-1.06951
-1.06951
-0.783925
-1.0961
-0.575868
-0.575868
-0.575868
-0.876926
-0.810018
-0.810018
-0.920756
-0.996854
-0.343832
-0.7562
0.0886807
-0.406492
-1.01704
-1.74501
-1.42814
-1.57575
-0.861309
-0.861309
-0.65942
-0.691476
-0.739509
-1.051
-0.609915
-0.609915
-1.13545
-1.13545
-1.13545
-1.13545
-0.228144
0.539736
0.539736
0.907309
0.848639
1.42449
1.36059
0.968942
0.292518
0.84935
1.25052
0.804519
0.804519
0.300513
-0.405673
0.00669175
0.947357
0.196991
0.328296
-0.442648
-0.945871
-0.733223
-1.00871
-1.24758
-1.24758
-0.418986
-0.337294
-0.0533846
-0.531483
0.0570155
0.886251
0.727786
-0.0496228
-0.237411
-0.789447
-0.789447
-1.52737
-1.29853
-1.10832
-1.10832
-0.460661
-0.490332
-0.506241
-0.657056
-1.13731
-1.13731
-0.189269
-0.718404
-0.948686
-0.0829421
0.246813
1.18171
0.797655
0.797655
0.548062
0.506622
0.511578
-0.406841
0.169436
-0.34838
-0.264584
0.194186
-0.749529
-0.928672
-0.685217
-0.691373
-1.13595
-1.13595
-0.773851
-0.773851
0.00657012
0.331267
0.212118
1.16063
1.16063
0.67752
-0.0988214
-0.0662063
-0.804037
-1.13735
-0.310527
-0.608011
-0.198955
-0.797327
-0.124801
0.655424
1.19863
0.538708
0.263447
1.25153
1.30829
1.30829
0.35295
-0.0133751
-0.0749253
0.100863
0.71776
0.71776
0.0891647
-0.52531
-0.478989
-1.04125
-0.156685
0.510232
-0.20011
-1.11715
-1.11715
-1.10146
-1.10146
-0.163261
-1.11284
-1.11284
-1.57993
-1.57993
-1.50318
-0.653001
-0.368808
0.113912
0.807854
0.807854
0.807854
1.11475
0.979512
0.979512
0.925281
0.925281
0.925281
0.549865
0.549865
1.42208
1.42208
1.42208
1.42208
0.649205
0.649205
-0.0214095
0.102591
0.643461
0.643461
0.643461
0.643461
0.643461
1.37623
1.37623
1.37623
0.873712
0.49591
-0.436094
-0.436094
-0.427535
-0.81039
-1.03736
-0.798435
-0.798435
-0.798435
0.0635235
-0.767746
-0.412913
-0.54567
-1.10681
-1.10681
-0.482377
0.347178
-0.420336
0.194838
-0.752737
-0.158488
-0.514191
-0.514191
-0.984371
-0.169954
-0.909593
-0.541225
-1.27253
-1.27253
-1.41912
-1.41912
-0.523796
-1.23616
-1.04972
-0.719114
-0.719114
-0.719114
-0.719114
-0.462267
-1.36589
-0.760711
-0.444847
-0.444847
0.178345
-0.302694
-0.706763
-0.706763
-0.706763
-0.657781
-0.657781
-0.0192299
-0.843616
-0.843616
-0.749728
-0.412106
0.350565
0.864944
0.864944
1.00325
0.0926723
0.0574586
0.301616
1.09724
1.09724
0.73653
1.19463
0.683211
0.683211
0.216371
1.14095
1.14095
0.999914
0.999914
0.757694
1.16768
1.16768
0.69584
0.627005
-0.0655887
-0.404423
0.469229
-0.369958
-0.97916
-1.45068
-0.770101
-1.05732
-0.896167
0.0262229
-0.96903
-0.96903
-0.96903
-1.14952
-0.551659
-0.551659
-0.551659
-1.1251
-1.1251
-1.1251
-1.1251
-0.214563
-0.277172
-1.09953
-1.09953
-1.09953
-0.772638
-0.157985
-0.112404
0.591843
1.15219
1.44251
0.642538
0.642538
1.38162
0.535521
1.34281
0.395288
1.04607
1.04607
1.04607
0.172963
-0.382539
-0.382539
-1.01866
-1.16432
-0.380278
-1.04307
-0.679281
-0.679281
-1.16655
-1.16655
-1.04869
-0.700704
-0.771589
-0.49288
-0.94508
-0.46119
-0.746767
-0.906831
-0.301983
0.653221
0.653221
0.335105
0.335105
-0.178
0.529525
0.529525
-0.120194
-0.0816502
-0.557014
-0.557014
-0.557014
-0.163119
0.830231
0.501446
-0.475267
0.454792
0.118108
0.212688
-0.740931
-0.490105
-1.36333
-1.50253
-1.50253
-1.50253
-1.50253
-1.50253
-1.50253
-0.504676
-0.839702
-0.839702
-1.41466
-1.15154
-0.609032
-0.179602
0.540244
0.977488
0.316523
0.0119666
0.45444
0.45444
1.00555
0.671941
0.409711
0.515457
0.515457
1.17834
1.28077
0.994083
1.45208
1.3235
1.3235
1.23443
0.588187
0.49093
0.396842
0.396842
-0.23426
-0.42047
0.0545621
0.44535
0.44535
0.451469
0.451469
0.451469
-0.299924
-0.975971
-0.963604
-0.5076
-0.945013
-0.484886
-0.584244
-0.584244
-0.181956
0.256399
-0.283451
-0.809169
-1.02162
-0.546191
-0.546191
-0.155013
-0.436248
-0.499188
0.300914
-0.143017
0.803249
0.803249
0.803249
0.431862
1.092
0.975567
0.465509
0.465509
0.70071
0.70071
0.791076
1.19379
1.19379
0.970003
0.232388
0.29738
0.844543
-0.0227535
0.346453
0.404421
-0.426132
0.494366
-0.464043
-0.458377
-1.01246
-0.954559
-0.954559
-0.693584
-0.693584
-0.693584
-0.482182
-0.713878
-0.506435
-0.890788
-0.203105
0.0617297
-0.720848
0.156724
-0.373498
0.295378
0.70758
1.16068
0.214621
0.691111
1.00134
1.00134
0.505117
0.505117
1.07796
1.07796
1.07796
1.07796
0.437128
0.437128
1.15659
1.15659
1.43822
0.822113
0.822113
0.822113
0.822113
-0.15878
0.102359
-0.736311
-0.374234
0.0833831
-0.811293
-0.811293
-0.811293
-0.395747
-0.841492
-1.14058
-0.631516
-0.631516
-0.749
-0.749
-0.130249
-0.120389
0.485965
0.485965
1.38786
1.61905
1.61905
1.61905
1.50849
2.08514
2.08514
1.92746
1.202
1.202
1.202
1.202
1.10017
0.638419
0.638419
-0.266265
-0.338567
-0.219555
-1.21027
-1.18923
-1.67361
-1.67361
-1.56687
-0.731524
-0.564839
-1.01313
-0.554311
0.323229
1.18142
0.26412
0.848614
0.848614
0.848614
0.848614
0.650354
1.28007
0.365774
0.221417
0.940703
0.755847
-0.112313
0.33538
0.441962
0.47747
1.18857
0.844906
1.15876
0.550508
0.636175
0.636175
-0.320993
-0.295654
-0.889163
-0.659651
0.113181
-0.180178
-0.491388
-0.470326
0.0551662
0.99167
0.281557
-0.117601
-0.211897
-1.13836
-0.481635
0.495762
0.980687
1.70302
1.70302
1.70302
1.70302
1.70302
1.70302
1.70456
1.70456
1.20019
1.20019
1.20019
0.779177
-0.172532
-1.12026
-1.029
-1.02597
-0.26031
0.595166
-0.325669
-0.78669
-1.07632
-0.413244
0.30861
1.17723
1.17723
1.17723
0.536271
1.3355
1.03822
1.03822
0.551565
0.551565
0.51953
0.51953
-0.204956
-0.404699
-0.410542
0.220855
1.20657
1.20657
1.20657
0.50814
1.12002
1.12002
1.07361
0.523441
1.03516
1.03516
0.572565
0.69973
0.69973
0.69973
0.667798
0.667798
1.24434
0.745697
1.00803
0.813931
1.49981
1.06444
0.670401
0.670401
0.124117
0.160408
-0.743531
-0.788175
-0.0189035
-0.0201001
0.164542
0.578945
-0.0143382
-0.74322
-1.05171
-0.543633
-0.543633
0.418472
0.418472
1.09623
1.09623
0.358623
-0.552369
-0.29741
-0.663008
-0.290069
0.00202377
0.467312
-0.225163
0.622378
0.990036
0.990036
0.586129
0.586129
0.747363
0.747363
0.839732
1.03862
1.03862
1.12184
1.12184
1.34696
0.716098
0.716098
1.17578
1.17578
0.533218
0.472451
0.443824
-0.0419666
0.767219
1.05092
1.05092
1.37809
1.37809
1.37809
1.37809
1.02324
0.173695
0.651886
0.651886
0.577122
0.577122
0.402206
0.345158
-0.542261
-0.242594
-1.03639
-0.322868
0.0311003
0.0280503
0.508019
0.508019
-0.0594786
0.0833058
0.388043
0.443732
0.443732
-0.212369
-1.03697
-1.03697
-1.03697
-0.611544
-0.276966
-0.67238
0.0446558
0.874328
0.874328
1.17752
1.72094
1.72094
1.72094
1.17272
0.703086
0.703086
0.703086
1.27366
0.896913
0.617244
1.05363
1.05363
1.05363
1.38133
1.38133
1.38133
1.38133
1.38133
1.56754
0.916668
0.722545
0.205918
0.792172
0.810125
0.648177
-0.29982
0.487916
1.08099
0.0830788
0.422358
0.4815
-0.127373
-0.490107
-0.490107
-1.46925
-0.913605
-0.493307
-0.493307
-0.764703
-0.764703
-0.764703
-0.764703
-0.806396
-1.15028
-1.92506
-1.92506
-1.92506
-1.32603
-0.766277
-0.0736648
0.345183
0.61022
0.61022
0.61022
0.187125
-0.0624009
0.708175
0.463429
0.325423
-0.0985755
0.409233
0.358761
1.04367
1.04367
0.232281
0.940421
1.14925
1.14925
1.14925
1.14925
0.759766
0.759766
0.520425
-0.146056
-1.07285
-1.0789
-1.0789
-1.0789
-1.0789
-1.21482
-1.21482
-1.30675
-1.30675
-1.28032
-1.28032
-1.09574
-1.26178
-1.1545
-0.298546
-0.516947
-0.516947
-0.716489
-0.716489
-0.444892
-0.215615
-0.195351
-0.984986
-0.718452
-0.63312
-0.800837
0.191942
-0.669255
-0.173712
-0.53228
0.337245
0.0348288
-0.189741
-0.287979
-1.23322
-1.23322
-1.23322
-0.960499
-1.30877
-1.30877
-1.01383
-0.332169
-0.502057
-0.687984
-1.11636
-1.11636
-0.930998
-0.930998
-1.64789
-1.64789
-0.786153
-0.786153
-0.0296646
-0.150151
0.374887
-0.321459
0.547574
0.78116
0.430765
-0.294757
-0.278272
-0.295665
-0.457342
-1.34069
-1.71712
-0.941341
-0.941341
-0.941341
-0.129552
0.473674
0.871019
1.03542
0.316428
-0.0518081
0.758761
0.670558
1.44838
0.990897
1.10064
1.10064
1.10064
0.407465
0.947662
0.743821
1.31609
1.31609
1.31609
0.799247
0.799247
1.06251
1.06251
1.33112
0.909007
0.92911
0.92911
0.92911
0.540636
1.2073
1.2073
0.457851
0.457851
0.457851
-0.0779343
0.195854
0.741541
0.741541
-0.0556197
0.196467
-0.343297
-0.343297
-0.294851
0.681248
1.36111
1.36111
1.32814
1.36893
1.36893
1.36893
1.09155
1.09155
1.11435
0.141966
-0.774689
-0.774689
-0.774689
-0.032268
-0.942605
-0.942605
-0.942605
-0.385726
-1.0907
-0.386456
-0.37415
-0.844154
-0.844154
-1.29273
-0.323554
0.624587
0.624587
0.19177
1.08423
1.08423
0.381987
0.761868
0.0325265
0.38208
-0.369353
-0.608156
-0.608156
0.221715
1.04753
0.984102
0.66765
0.346661
0.906873
0.835211
0.835211
1.03054
0.197493
1.01662
0.402254
0.402254
-0.0531039
0.492646
0.492646
0.769456
-0.11792
-0.686479
0.0467408
-0.327307
-0.516584
-0.516584
-0.656528
-0.80054
-0.80054
-0.741139
-0.673111
-0.00820364
-0.160123
-0.732717
-0.884418
-0.884418
-0.10476
0.340218
-0.584704
-1.14153
-0.17589
-0.374544
-0.58017
0.0540477
0.364891
1.08284
0.258853
-0.153139
-0.610219
-1.18697
-0.817897
-0.817897
-0.315523
0.229131
0.671311
0.671311
-0.000302378
-0.620993
-0.714335
-0.063394
0.0864084
0.439613
-0.0485429
-0.755307
-0.235915
-1.03518
-1.03518
-1.20043
-1.20043
-1.20043
-1.20446
-0.557917
-0.557917
-0.557917
-0.446731
0.229676
0.229676
-0.57225
-0.71538
-0.866576
0.109967
-0.418885
-0.670967
-0.0312141
-0.0842307
-0.900844
-0.900844
-0.900844
-0.900844
-0.900844
-0.900844
-0.8987
-0.89138
-1.10756
-1.10756
-0.507774
-0.267315
0.506329
-0.402881
-0.810363
-0.412581
0.0322704
-0.743659
-0.743659
-1.3346
-0.760811
-0.760811
-0.307279
-0.571507
-0.11692
0.548171
0.451535
1.04967
1.04967
0.280387
0.317526
0.71451
0.71451
0.666485
-0.0233468
-0.775045
-0.99688
-0.99688
-0.453877
-0.453877
0.318702
-0.0606793
0.443967
0.590931
0.800515
0.800515
0.809608
0.912382
0.912382
1.04996
0.394394
-0.0170802
-0.221839
-0.516228
-0.752365
-0.753192
-0.753192
-0.253737
0.299445
0.959289
1.04527
1.5178
1.5178
0.944746
0.944746
0.109239
0.0294409
-0.585248
-0.818791
-0.818791
-0.818791
-0.974306
-0.61981
-0.818906
-0.558855
-0.0929358
-0.310101
0.637454
0.637454
0.494475
0.116346
-0.547493
-0.305933
-0.305933
-0.782562
-0.39899
-1.17433
-0.263229
-0.315098
0.476615
0.672207
1.01915
1.43057
0.896192
1.5919
1.5919
1.45229
1.45229
1.46323
1.05065
1.3208
1.39037
1.3591
0.531856
0.424937
-0.174583
-0.946822
-0.497571
-0.497571
0.267741
0.675057
1.08107
1.08107
1.08107
1.51889
1.51889
1.17561
0.827968
1.25247
1.1176
0.208492
-0.413822
-0.312711
-0.101307
-0.997302
-0.46183
-0.850796
0.145969
-0.829753
-0.674939
-0.786954
-0.353749
-1.11132
-0.686531
-0.367669
-1.00496
-1.00496
-0.283602
0.37279
-0.319813
-0.788208
-0.788208
-0.788208
0.102558
0.000573274
-0.178469
-0.00502053
-0.597769
-0.247237
0.189192
-0.735156
-0.163922
0.0872787
-0.544369
0.146415
-0.248053
0.57884
0.57884
0.0271221
0.860427
1.22798
0.37755
-0.13943
0.676816
0.989915
0.989915
0.0837626
-0.0804674
-0.854576
-0.703315
-0.24456
-0.101657
-0.233225
-0.541675
-1.02596
-0.119551
-0.416051
-0.412468
-0.459023
-1.2914
-1.2914
-1.39848
-1.39848
-1.39848
-0.969715
-0.969715
-0.969715
-0.969715
-0.20117
0.64923
0.929949
0.89029
0.803644
1.12873
1.00994
1.00994
1.00994
0.0106477
0.0502495
-0.782082
0.0411843
0.575898
0.575898
1.45991
0.804779
0.314475
0.987671
0.548446
-0.203315
0.302964
0.877917
0.667837
1.53121
1.53121
1.53121
1.53121
1.53121
1.53121
1.55469
1.54973
1.54973
1.54973
1.35404
1.35404
1.35404
1.35404
1.20255
1.20255
1.20255
0.632309
-0.0861233
0.81092
1.22421
1.22421
1.04521
1.26347
1.15048
1.15048
1.27797
0.810986
0.810986
1.16335
1.16335
1.16335
0.248508
0.340169
1.254
1.254
0.3307
0.629423
0.486754
1.08565
0.813102
0.351378
0.0914365
-0.552392
-0.552392
-0.44264
-1.08361
-0.879382
-0.929194
-1.37998
-1.40291
-1.06888
-1.34421
-1.34421
-1.82061
-1.29455
-1.29455
-1.29455
-1.29455
-1.16238
-0.586898
-0.0737397
0.0820373
0.221533
0.0741891
0.100632
-0.601106
-1.1289
-0.695717
-0.695717
-0.584044
-0.767508
-0.960875
-0.960875
-0.960875
-0.703173
-1.18561
-1.18561
-1.06325
-0.166526
-0.276316
-1.25771
-1.29008
-0.921215
-0.817538
-0.817538
-0.377482
-0.563161
-0.601089
-0.87234
-0.654644
-1.29885
-0.496822
-0.967716
-0.551601
-0.0352875
0.917135
0.428013
0.310425
-0.424743
-0.415909
-0.415909
-0.295561
-0.789858
-0.881739
-0.881739
-0.881739
-1.04936
-1.04936
-0.90663
-0.90663
-0.90663
-0.90663
-0.944087
-0.512726
-0.232267
-1.00329
-1.00329
-0.538939
-0.538939
0.417071
0.223642
-0.615931
0.332541
0.918185
1.04902
0.223722
0.64504
0.611859
0.668775
-0.0114373
0.984125
0.963235
0.175109
-0.793102
-0.867096
0.0773466
-0.224789
-0.169674
-0.761822
-0.761822
-0.761822
-0.761822
-1.37586
-1.40376
-1.18694
-1.18694
-1.64192
-0.815393
-0.815393
-0.996695
-0.902899
-0.28552
-0.568521
-0.750226
-0.2897
-0.365505
0.494786
0.594256
0.989636
0.353477
1.23923
1.23923
0.469183
0.268327
0.454469
-0.459167
-0.286646
-0.894164
-1.09108
-1.09108
-1.09108
-0.441382
-1.309
-1.1773
-1.1773
-1.10488
-1.10488
-1.10488
-0.460272
-1.07592
-1.07592
-0.244968
0.388589
0.90876
0.681857
0.248346
0.55487
1.2175
1.2175
1.2175
1.01378
1.01378
0.687692
0.158691
-0.52256
-0.52256
-0.632535
-0.73882
-1.12944
-1.49613
-1.22902
-0.944587
-0.944587
-1.21815
-0.818099
-0.649078
-0.85899
-0.408606
-1.37637
-1.18613
-0.310346
-0.442898
-0.210784
0.5011
0.619161
0.619161
1.07824
0.971371
0.795277
0.795277
1.44839
0.876046
0.876046
0.0210203
0.320381
0.372006
0.0784456
-0.425081
-1.3149
-1.60479
-1.30142
-1.30142
-0.768129
-0.768129
-0.851587
-1.65885
-1.92229
-1.42582
-0.860704
-1.49205
-1.49205
-1.49205
-1.49205
-1.05948
-1.13542
-1.13542
-0.444904
-1.0135
-1.0135
-1.0135
-0.681932
-0.938627
-0.491973
-0.934671
-0.934671
-0.232826
-0.645239
-0.12149
-0.881606
-0.265586
-0.646229
-0.930451
-0.472935
-0.895341
-0.560078
-0.0237961
0.326149
0.371063
0.371063
0.681886
1.20806
0.873028
0.873028
0.873028
0.715955
0.859083
0.859083
0.860857
0.860857
1.05362
1.05362
1.05362
0.242092
-0.0635732
0.00688902
0.367157
-0.385891
-0.219345
-1.16165
-1.14694
-1.67004
-1.67004
-1.62254
-1.62254
-0.777842
-0.777842
-1.0848
-1.58113
-1.58113
-1.20288
-0.765334
-0.765334
-0.765334
-0.42335
-0.234913
-0.313372
-0.791698
-1.1077
-1.1077
-1.1077
-1.1077
-1.1077
-1.1077
-0.239653
0.612563
-0.194919
0.244424
-0.696677
-0.999675
-1.21677
-1.54827
-1.54827
-1.55344
-1.3303
-0.577435
-0.277679
-0.0364761
-0.212755
-0.30362
0.582146
0.646746
0.646746
0.683671
0.683671
1.10926
0.266423
-0.0419113
-0.0941367
0.740588
0.740588
0.740588
0.313312
0.703188
0.703188
0.703188
0.703188
1.64083
1.64083
0.646795
0.115244
0.15747
0.376915
-0.0584495
0.415405
1.11459
1.54641
1.23945
1.23945
1.09982
1.09982
0.664465
0.664465
0.664465
-0.181734
-0.764626
-0.554507
-1.00219
-0.789641
-0.84834
-0.578833
-1.29896
-0.906345
-1.51377
-1.51377
-1.51377
-1.51377
-0.739831
-0.852319
-0.852319
-1.17422
-0.792279
-0.767853
-1.37052
-0.711285
-0.711285
-1.6462
-1.6462
-1.09216
-1.79603
-1.79603
-1.00986
-1.37472
-1.37472
-1.6286
-0.909925
-0.909925
-0.909925
-0.522402
-0.522402
0.0222958
-0.655601
-0.206226
-1.18529
-1.18529
-0.925706
-0.925706
-0.925706
-0.925706
-0.925706
0.0289823
-0.000318709
-0.355798
-0.396854
0.413079
0.392177
0.281903
-0.521129
-1.29519
-0.513777
-0.49701
-0.165222
-0.650982
-0.650982
-0.650982
0.236731
-0.583453
-0.556615
0.369538
0.801017
0.801017
0.801017
0.515444
0.660315
0.660315
0.356676
0.987685
0.667918
1.12796
0.486039
0.0137323
0.724608
0.700662
0.700662
0.746507
1.27627
0.859291
1.14925
1.14925
1.14925
0.515421
0.903751
0.903751
0.903751
1.03155
0.879593
0.246942
0.322143
1.06589
1.3947
0.494161
-0.449298
-0.775947
-0.414545
-0.414545
-0.522005
0.0644165
0.292229
0.679512
0.561841
-0.0819355
0.262485
-0.0526166
0.0651767
-0.107279
-0.529484
-0.76095
-0.851508
-0.851508
-1.54991
-1.54991
-1.37054
-0.761448
-0.504517
-0.551884
-0.838049
-0.477893
-0.0704001
0.23494
0.969076
0.969076
0.969076
1.4054
1.4054
1.11467
1.11467
1.08526
0.551537
0.129788
-0.241445
-0.0760851
-0.588099
-0.588099
-0.392309
-0.293475
-0.223319
-0.6042
-0.00486479
0.189684
-0.253984
-0.591095
-0.952545
-0.952545
-0.551258
-0.60744
-1.04511
-0.839735
-0.839735
-0.0720868
0.915353
0.258234
1.03815
0.631273
1.34006
1.08081
1.08081
1.08081
0.08787
-0.803307
-0.803307
-0.00109409
0.812013
0.828079
0.828079
1.05155
1.05155
0.526682
-0.4244
0.172705
-0.512342
-1.34614
-1.15293
-1.15293
-1.39113
-1.39113
-1.39113
-1.01342
-0.3541
0.433416
1.36278
1.36278
1.89163
1.89163
1.89163
1.89163
1.89163
1.89163
1.89163
1.89163
1.64563
1.01357
0.277859
0.922244
0.325957
-0.343585
0.252919
-0.530426
-0.186559
-0.186559
-0.0233339
-0.976794
-0.976794
-1.02582
-0.597447
-0.731126
-0.731126
-0.731126
-0.0413633
0.0473038
0.438326
0.7791
0.383257
1.09425
0.539109
1.26542
1.26542
1.26542
0.609925
-0.367977
0.361432
0.799881
0.584464
0.584464
0.584464
1.19703
0.738089
1.29274
1.29274
1.29274
1.368
0.582145
0.582145
0.775663
1.65473
0.861118
1.23784
0.722886
0.722886
0.722886
0.722886
1.30035
1.30035
1.30035
1.30035
0.869529
0.923927
0.796613
-0.00743591
-0.816511
-0.816511
-1.26124
-1.02363
-1.02363
-0.507032
-0.0747538
-0.610399
-0.621788
0.0700259
-0.0252783
0.945017
1.23949
1.23949
1.02394
1.02394
1.02394
1.02394
0.968795
0.968795
1.31346
1.31346
0.530994
0.0602741
-0.119591
0.304413
0.884296
1.40336
1.40336
1.41911
1.81838
1.80568
1.20159
0.470555
-0.431223
0.407084
0.407666
0.129529
-0.792952
-0.242546
-0.761753
-0.761753
-0.761753
-0.0591691
-0.0594717
-0.788587
-0.376561
-1.1249
-0.521088
-0.538198
-1.03973
-0.90758
-0.214128
-0.320193
-1.0236
-1.45617
-1.0359
-0.40558
0.440448
-0.387538
-0.548482
-0.548482
-0.517271
-0.517271
-0.517271
-0.954887
-0.954887
-0.887183
-0.777393
-0.567572
0.135777
0.569318
0.445447
0.828127
0.813197
0.813197
0.0963452
1.05237
1.05237
0.979018
1.12471
1.03479
1.03479
1.3267
1.3267
1.3267
1.3267
0.454497
1.21589
1.21589
1.21589
0.501364
0.419021
0.419021
0.254412
-0.649435
-0.555433
0.381873
-0.0975741
0.419863
-0.354422
-0.843311
-0.710976
-0.710976
-1.01824
-1.25385
-0.823215
-0.289701
-1.08814
-1.03328
-1.14361
-1.14361
-1.39669
-1.16663
-0.39937
-0.39937
-1.05199
-1.05199
-0.126561
0.653446
-0.187259
-1.04493
-1.04493
-1.08999
-1.73138
-0.941708
-0.941708
-0.941708
-0.1015
-0.871056
-0.49775
-0.542077
-0.222453
0.338719
0.338719
1.1943
1.02645
1.02645
1.88863
1.42955
1.339
1.339
0.660503
0.635519
0.635519
0.569384
0.569384
0.127319
0.85421
0.689904
0.303194
0.281882
-0.703745
-0.703745
-0.703745
-0.703745
-0.8594
-1.15499
-1.17959
-1.17959
-1.29633
-1.19456
-1.08231
-0.634113
-0.634113
-0.634113
-0.634113
-0.393828
-1.16211
-1.46637
-1.3984
-1.3984
-1.3984
-0.4467
0.207064
0.248803
0.597431
0.597431
0.325517
1.15157
1.15157
0.954869
0.341333
1.15093
1.15093
1.15093
1.15093
0.983861
0.679958
0.679958
0.891944
0.891944
0.891944
0.485058
0.120732
0.600247
0.139307
-0.0857556
-0.741585
-1.13573
-1.61883
-1.61883
-1.61883
-1.61883
-1.61883
-0.792615
-0.779606
-0.779606
-0.779606
-0.779606
-0.711271
0.257238
-0.188922
-0.550114
-0.484922
0.250779
0.285548
0.0961975
0.961119
0.961119
1.11238
0.175107
0.277129
-0.422475
-0.378619
-0.691881
-0.848671
-0.774728
-0.372976
0.612892
0.126932
-0.176911
0.476703
0.868355
0.868355
1.66886
1.66886
0.80346
0.80346
0.529974
0.529974
0.529974
0.491705
1.00415
1.01616
1.28142
0.613336
0.956615
0.751642
1.26887
0.639535
1.36116
1.36116
1.36116
0.879626
0.0748828
0.939696
1.80365
1.90435
1.90435
1.90435
1.90435
1.64231
1.26871
0.869316
0.869316
0.256332
0.0990008
-0.220509
-0.256761
-0.868363
-0.760542
-1.41055
-1.55798
-1.56395
-1.56395
-1.3121
-0.850442
-0.0293226
0.0586832
-0.434287
-0.397805
0.128274
-0.453972
-1.38777
-0.62214
0.0929071
-0.661481
-0.661481
-0.997793
-1.29275
-1.29275
-0.714652
-0.714652
-0.492018
-0.492018
-0.53025
0.243607
0.718085
-0.176887
-0.686309
-0.686309
-0.439368
-1.27082
-1.15531
-1.15531
-0.365847
-1.34924
-0.91248
-0.91248
-0.91248
-0.871432
-0.592047
0.357927
1.30962
0.436331
-0.486044
-0.486044
-0.819974
-0.440953
0.364501
-0.394379
-0.0453702
-0.926219
-1.20078
-1.20078
-1.20078
-1.20078
-0.562277
0.0685058
-0.472534
-0.777768
-1.17553
-0.210559
-0.713609
-0.46218
-0.216633
-0.947933
-0.97236
-0.974641
-0.132009
-0.0701922
0.233974
0.869137
0.869137
0.899813
0.899813
0.899813
1.25024
0.758454
1.16475
1.16475
1.33025
1.33025
0.916357
0.160006
0.778325
1.06097
0.260857
0.608034
0.0900868
-0.489351
-0.489351
0.190431
-0.189397
0.355366
0.248708
1.02529
1.02529
0.930468
1.07851
1.07851
1.07851
1.07851
1.21429
1.21429
1.21429
1.21429
1.21429
1.23328
1.0962
1.0962
1.46696
1.09008
1.09008
1.09008
0.385499
-0.226237
-0.536199
-0.536199
-0.536199
0.293465
0.239312
-0.166273
0.7598
0.219576
0.685214
1.01313
1.01313
1.01313
1.01313
0.980581
0.816149
0.816149
0.816149
0.583567
-0.371346
0.390793
1.32955
0.923828
0.923828
1.76832
1.76832
1.76832
1.76832
1.76832
1.76832
0.933419
0.933419
1.29256
1.22226
0.437821
1.39052
1.39052
1.39052
1.39052
1.2877
0.425045
-0.421182
-0.184359
0.0264507
0.224335
-0.677106
-1.32318
-1.32318
-1.32318
-0.91768
-0.91768
-0.143233
-0.45994
-1.16277
-0.805189
-0.805189
-0.0958322
0.602798
0.387167
0.140217
-0.494865
-1.24572
-1.24572
-1.24572
-0.89583
-0.486278
-0.486278
-0.486278
-0.486278
-0.486278
0.41107
0.58304
0.58304
1.15399
0.915762
1.14289
0.929059
1.85846
1.85846
1.85846
1.46895
1.12871
1.12871
1.12871
1.12871
0.414633
-0.119284
-0.682378
-0.682378
-0.693445
0.0990919
-0.799944
0.0429132
-0.743969
-0.743969
-0.0510432
0.01164
0.823974
0.928104
0.617464
0.631324
0.631324
-0.0159032
0.280499
-0.382869
-0.130763
-0.236229
0.023752
0.216982
-0.411705
-0.135663
0.396432
-0.256879
-1.09891
-1.29187
-1.0838
-1.0838
-0.792996
-0.792996
-0.795669
-0.0719059
-1.06414
-1.06414
-1.06414
-1.06414
-0.327744
-0.191068
-0.328011
0.501335
0.501335
0.501335
1.4002
1.4002
1.08012
1.08012
1.10399
1.10399
1.2621
1.2621
0.950865
1.6185
1.32541
0.692737
0.689002
-0.210928
0.213963
0.124221
0.336136
-0.191468
0.41889
-0.383484
0.0411013
-0.367123
-0.959166
-0.710028
-1.08679
-0.60224
-0.709306
-0.13902
-0.0849944
-0.352543
-1.0184
-1.2277
-1.03309
-1.03309
-1.24605
-0.293879
-0.263856
-1.00596
-1.00596
-0.946456
-0.409176
0.102761
-0.495168
-0.48392
-0.100459
-0.788972
-0.788972
-0.382677
0.432003
0.432003
0.040186
0.0163745
0.577396
0.25567
1.06493
0.586918
0.892084
0.269516
-0.46438
-0.226071
0.634026
0.36044
0.977625
0.163844
0.837784
0.837784
1.24998
1.68037
1.68037
1.22058
1.50235
1.50235
0.815956
0.394707
-0.597045
-0.597045
-0.514962
0.214227
0.124618
-0.143838
-0.031171
0.596437
0.596437
-0.375378
-0.756881
-0.756881
-0.756881
-0.431712
-0.42028
-0.991411
-0.991411
-1.01275
-1.55773
-0.799143
-0.593274
-0.811347
-0.811347
-0.821077
-0.331325
-1.13749
-1.13749
-1.25975
-0.712902
-0.712902
-0.86298
-1.09613
-1.03131
-0.241181
-0.0737395
-0.0438385
-0.23677
-1.03887
-1.89636
-1.4526
-1.12005
-0.383947
0.00929257
-0.836673
-1.24367
-1.09583
-1.48211
-1.48211
-0.525153
-0.693721
-0.693721
-0.803386
-0.803386
-0.844569
-0.844569
-0.767599
-0.992582
-0.992582
-0.669992
-0.986008
-0.986008
-0.986008
-0.986008
-0.986008
-0.984531
-0.589639
-1.22305
-0.78312
-0.899786
-0.723419
-0.752435
-0.495941
-1.01314
-1.01314
-0.532453
-0.319396
-0.773668
-0.283276
0.159307
0.513565
1.12312
1.12312
1.51602
1.51602
1.1721
1.1721
0.953947
1.22112
1.71771
0.781167
0.781167
0.781167
0.781167
0.227185
0.418101
-0.272583
-0.232113
-0.622993
-0.599813
-1.24357
-1.78697
-1.50634
-0.72143
-1.00322
-1.5398
-1.5398
-1.04947
-0.47719
-1.28236
-1.28236
-1.28236
-1.28236
-0.329082
-0.329082
-0.164706
-0.169892
0.489383
-0.117413
-0.892884
-0.892884
-0.884204
-0.39583
-0.39583
-1.30992
-1.30992
-1.30992
-1.30992
-1.15305
-1.054
-0.0693521
-1.00706
-0.0394845
0.245386
0.796029
0.776982
0.776982
1.02557
1.02557
0.286124
0.118728
0.273622
0.668126
1.10388
1.10388
1.25763
1.25763
1.25763
1.00792
1.00792
0.284456
-0.525184
-0.888306
-0.444825
0.00837873
0.108713
-0.540091
-0.540091
-0.540091
-0.926033
-0.926033
-0.926033
-0.820475
-0.865181
-0.989656
-1.39563
-1.75935
-1.75935
-1.24149
-0.449906
0.514851
0.588342
-0.342332
0.32918
0.32918
-0.0566477
-0.45032
-0.150297
0.37502
0.37502
0.788042
1.29236
1.65229
1.65229
1.21104
0.574531
1.40576
1.40576
1.40576
0.419436
1.2692
0.835338
0.557734
0.557734
1.2045
0.889175
0.60481
0.710032
0.710032
0.404361
0.122916
0.300122
-0.501945
-0.632091
-0.928881
-1.03027
-1.28815
-1.28815
-1.32721
-0.520199
0.198513
0.674455
0.674455
0.719763
0.709542
0.709542
1.2706
0.684471
0.721217
0.41133
0.426017
0.669913
1.12274
0.231682
-0.163289
0.775054
1.20768
1.20768
1.20768
0.269894
-0.725372
0.137476
0.923395
0.697459
0.704732
0.704732
0.704732
-0.119482
-0.184328
0.31272
-0.31094
0.50684
0.50684
0.50684
-0.400573
-0.268654
0.687702
1.22558
1.22558
1.22558
1.05928
1.05928
0.964614
0.964614
0.964614
0.964614
0.964614
0.693545
0.693545
0.620735
1.25156
1.51024
1.51024
1.51024
0.917103
1.30405
0.501294
1.25899
1.25899
1.25899
1.25899
0.403649
1.12664
1.12664
0.966818
0.966818
0.614963
0.614963
0.614963
-0.0709122
0.309646
0.123347
-0.73241
-1.14083
-0.394326
0.0845463
-0.558484
-0.558484
-0.929859
-0.798097
-0.798097
-0.153578
-0.416992
-0.416992
-0.658061
-1.0721
-1.0721
-0.662948
-0.653109
0.304006
0.304006
1.13533
1.13533
0.86357
0.872866
0.850642
0.850642
-0.0749622
-0.644356
0.329283
0.710927
1.15451
1.50295
1.2408
2.09814
2.09814
1.8136
0.952589
0.908506
0.410266
0.945676
0.12874
1.10222
0.638505
0.716572
1.1752
1.04288
1.51953
0.548633
0.548633
0.981776
0.767311
0.26582
0.579241
0.579241
0.0629748
-0.559336
-0.884289
-0.884289
-0.884289
-0.907461
-0.970663
-1.17811
-1.17811
-1.17811
-0.931677
-1.29433
-1.29433
-1.29433
-0.329152
-0.813858
-0.612629
-0.382135
0.548299
0.548299
1.16156
1.16156
1.20684
1.20684
1.15568
0.770182
0.881588
0.881588
0.580836
0.0786718
-0.313573
-0.178827
-0.0142473
-0.913485
-1.13662
-0.924482
-0.924482
-0.775847
-0.859477
-0.04771
-0.474296
-0.0212901
-0.838233
-0.838233
0.0103439
-0.67063
-0.168384
-0.588068
-1.18662
-1.32404
-1.32404
-1.59737
-1.41099
-0.69548
-0.603
-1.04794
-1.04794
-1.04794
-1.15621
-0.509842
-1.40765
-1.40765
-1.40765
-1.40765
-1.02613
-0.448792
-1.34651
-1.42835
-1.42835
-1.42835
-1.34668
-0.643902
-0.643902
-0.929307
-0.929307
-1.14508
-1.6543
-0.659749
-1.27865
-1.14347
-0.811701
-0.811701
-0.637036
-0.637036
0.194603
0.352116
0.905904
1.23746
1.13315
0.934068
0.934068
0.854426
0.854426
0.454503
0.650147
0.67235
0.67235
1.00093
0.613482
0.927992
0.0708916
-0.761415
-0.584091
-1.30959
-1.30959
-0.478646
-0.127896
-0.493705
-1.18283
-0.560896
-0.464852
0.0718019
-0.464589
-0.439584
-0.494933
-1.01549
-0.660613
-1.29111
-1.29111
-1.7813
-1.7813
-1.85622
-1.85622
-1.85622
-1.83738
-1.83738
-1.83738
-1.25443
-1.25443
-0.260378
-0.446849
0.454564
1.31864
0.77191
-0.177421
0.387452
-0.322622
-1.14107
-1.14107
-1.00657
-1.00657
-1.00657
-0.224418
-0.776739
-0.776739
-0.943203
-1.18156
-1.01511
-1.01511
-0.773305
-0.642983
-0.70686
-1.04096
-0.583459
0.123469
-0.472493
-0.472493
-0.658443
0.223066
0.700281
1.05305
0.380915
-0.461123
-0.461123
-0.849061
-0.849061
-0.670025
-1.14559
-1.14559
-1.22985
-0.563569
0.391878
0.553199
0.142141
1.13474
0.905698
1.37271
1.37271
1.37271
1.28223
1.47937
1.47937
1.47937
1.56556
0.975859
0.975859
0.01033
-0.0831854
-0.199203
-0.80122
0.0137235
-0.0961013
-0.233747
-1.03904
-1.03904
-0.720202
-0.720202
-1.15946
-0.962328
-1.26238
-1.26238
-1.26238
-1.26238
-1.26238
-1.26238
-0.29471
0.181317
0.763849
0.814263
-0.172472
-0.652028
-0.652028
-0.652028
-1.27789
-1.10226
-0.853536
-0.853536
-0.33659
-0.950987
-0.201764
-0.202872
0.738732
1.16155
1.68371
1.68371
1.24971
0.486567
0.486567
0.813761
-0.145943
0.278419
0.196379
-0.0666927
0.390839
0.390839
-0.425221
0.362947
0.481587
1.43543
1.50085
1.43956
0.515874
0.435944
-0.0410548
0.380477
0.504112
0.504112
0.213136
0.423365
1.13319
1.43893
1.43893
1.43893
1.39561
0.787561
-0.190193
-0.385114
-0.86916
-0.86916
-0.86916
-1.33604
-1.33604
-1.33604
-1.36762
-1.36762
-1.36762
-1.07924
-0.777926
-1.30808
-0.966005
-0.0683854
-0.625229
-1.21383
-0.335452
-0.248426
0.668053
0.675163
0.4297
1.25671
1.25671
1.25671
0.39156
0.843817
0.0882085
0.904141
0.904141
1.82712
1.24896
0.506116
0.723781
1.42242
1.42242
1.42242
1.42242
1.7939
1.08217
0.844284
0.844284
0.461622
0.237792
0.886071
0.804523
0.110912
0.0243423
-0.946575
-0.946575
-1.16989
-1.16989
-1.16989
-1.57734
-1.26896
-0.520288
-0.520288
-1.25701
-1.25701
-0.348554
-1.0579
-0.390073
-0.382389
-0.382389
0.39347
0.332695
1.19046
0.843428
0.843428
0.596639
0.496463
0.496463
0.496463
0.955358
1.05569
0.555297
-0.300474
-0.820908
-0.820908
-0.239256
-0.765867
-0.96389
-0.96389
-0.96389
-0.96389
-0.96389
-1.13052
-0.596566
-0.596566
-1.03187
-1.50412
-0.950861
-0.967468
-0.967468
-0.261116
0.297396
1.27815
1.31795
0.611285
0.462679
1.0815
0.737335
0.0462318
0.866603
0.866603
0.612514
1.51614
0.548781
0.690895
1.07054
0.887088
0.281648
-0.331594
-0.940736
-0.118742
-0.402351
0.462652
0.0282066
-0.205848
-0.809797
-0.845631
-0.592548
-0.890226
-0.890226
-0.890226
-1.19109
-0.765989
-0.765989
-1.01886
-1.05313
-1.05313
-1.07979
-0.405586
-0.660888
-0.660888
-0.367107
0.287795
-0.0245855
0.689053
0.689053
0.689053
0.755498
1.30501
0.378819
0.591129
0.236798
-0.291408
0.280165
-0.639583
-0.639583
-1.20941
-0.85224
-0.85224
-0.85224
0.0469376
0.636727
0.757884
0.433433
-0.37332
-1.06649
-1.06649
-1.06649
-0.51986
-0.689147
-0.0965252
0.130018
-0.639553
-0.713477
-0.766049
-0.315027
0.0742565
0.0470958
-0.464166
-0.0118396
-0.446507
-0.396955
-0.396955
-0.396955
-0.396955
-0.0716172
-0.930932
-0.930932
-0.930932
-1.39328
-1.39328
-1.54807
-1.54807
-0.961055
-0.853615
-1.10775
-1.16714
-0.75846
-0.975086
-0.483653
-0.526405
-1.24117
-0.332637
-1.12535
-1.0026
-0.359559
-0.0285664
-0.840811
-0.840811
-0.711731
-0.253507
-0.968144
-0.807547
-0.413473
0.00139585
-0.364003
-0.892681
-1.38139
-1.32094
-1.32094
-1.32094
-0.981315
-0.981315
-0.367581
0.027349
-0.579461
0.2445
-0.352832
-0.577916
0.330988
0.472185
-0.143208
0.491602
1.29864
0.65563
0.65563
0.365856
0.484859
1.11743
1.11743
1.11743
1.11743
0.718258
1.23869
1.06214
1.06214
1.30222
0.788814
1.06207
0.987827
0.649523
0.261284
0.290499
0.92102
1.30342
1.29443
1.29443
1.29443
0.794746
0.794746
1.05382
1.05382
1.05382
0.735922
-0.261257
-1.22798
-0.889531
-0.577901
-0.577901
-0.117458
-0.831962
-0.244473
-0.758547
-0.758547
-1.11662
-1.42632
-1.42632
-1.13571
-0.582146
-0.582146
-0.582146
0.104206
0.643622
0.350507
-0.629703
0.297047
-0.0294822
-0.925078
-0.665447
-0.665447
-0.665447
-0.511516
-0.511516
-0.162249
0.197582
-0.594871
-1.33505
-1.33505
-1.9514
-1.71857
-0.940811
-0.940811
-1.02156
-1.02156
-1.02156
-1.19418
-0.234542
0.0422
0.968522
0.568552
0.968024
0.968024
0.092976
-0.61643
-0.61643
-0.61643
-0.61643
-1.03919
-1.03919
-0.73692
-0.829106
0.0517317
-0.231017
-0.676331
-0.307562
0.665534
-0.315567
0.532709
1.31445
0.648676
0.648676
0.139022
0.223109
-0.348948
-0.399571
-0.399571
-1.31508
-1.31508
-1.31508
-1.31508
-1.01865
-0.358412
-0.696727
-0.696727
-0.669567
-0.995071
-0.995071
-0.995071
-1.20368
-0.256626
-0.803027
-0.803027
-0.773852
-0.773852
-0.345941
-0.44923
-0.556902
-0.327015
-1.25251
-0.701036
-0.701036
-0.701036
-1.47249
-1.47249
-1.67969
-1.67969
-1.51243
-0.801574
-0.955017
-0.955017
-0.464946
0.132929
-0.718035
-0.960115
-0.960115
-0.262259
-0.455425
-1.18427
-1.18427
-0.314108
-1.27242
-0.671457
-0.671457
-0.745299
-0.745299
-0.668996
0.199248
0.419526
-0.164017
-0.190042
0.492301
0.81255
1.23758
1.23758
1.23758
0.550594
0.663398
0.6802
0.6802
0.299463
0.413036
0.522667
0.678897
0.678897
0.269046
-0.307495
-0.0991787
0.452964
0.684082
-0.24657
-0.450995
-0.684386
-0.223384
-0.736304
-0.138243
-0.269716
-0.864001
-0.813661
-0.813661
-0.813661
-0.873346
-0.228186
-0.915726
-0.706011
-0.89975
-0.89975
-0.492893
-0.779879
-0.459387
-1.2
-1.44969
-0.645597
-1.03676
-1.03676
-0.601171
-1.18189
-1.60049
-1.60049
-1.60049
-1.62908
-1.62908
-0.956957
-0.387886
-0.387886
-1.14312
-1.14312
-0.664942
-1.2447
-1.2447
-0.512226
-0.512226
-1.05392
-1.47159
-0.769284
-0.680196
-0.680196
-0.680196
-0.680196
0.149777
0.510955
0.510955
-0.126459
-0.240248
-0.0868181
-0.987579
-0.987579
-0.987579
-0.987579
-1.27021
-0.870739
-0.870739
-0.60177
-0.814424
-0.459029
-0.0091021
0.104519
0.926459
0.692909
0.070633
-0.703494
-0.703494
-0.260322
-0.260322
0.291453
1.14902
0.205936
-0.663574
-0.855716
-0.855716
-0.855716
-0.587719
-0.682407
-0.682407
-0.0838964
-0.152865
0.601974
-0.350416
-0.350416
-1.11713
-1.11713
-1.11713
-1.72576
-1.72576
-1.72576
-0.859883
-0.73334
-0.73334
-0.0932731
0.789092
0.413916
0.180244
0.807745
0.807745
0.463021
0.937171
0.937171
0.937171
0.937171
0.825986
0.677691
0.677691
0.856486
0.0356176
-0.861041
-0.861041
-0.861041
-0.457867
-0.316412
-1.05135
-0.286826
-1.26621
-1.26621
-1.26621
-1.26621
-1.34383
-1.0092
-1.72232
-1.72232
-1.61495
-1.61495
-1.21085
-1.21085
-1.21085
-1.80001
-1.93033
-1.93033
-1.93033
-1.93033
-1.93033
-1.76091
-1.27099
-1.27099
-1.27099
-1.27099
-0.400391
0.544019
0.99485
0.739895
0.475867
1.01395
0.577282
0.577282
0.966118
0.966118
1.72389
1.24532
1.24532
1.04532
0.689187
0.66002
1.02461
1.02461
0.705399
0.705399
0.659509
0.659509
-0.309315
-0.220926
-0.385101
-1.12296
-0.716312
0.199625
0.272877
0.818554
0.818554
0.818554
1.78202
1.55199
1.0724
0.511126
0.511126
0.618404
0.0255344
-0.963383
-1.20483
-1.20483
-1.20483
-1.20483
-1.20483
-1.20483
-1.20219
-0.958811
-0.958811
-0.91329
-0.91329
-0.576351
-0.576351
-0.616237
-0.616237
0.17797
-0.278538
0.380088
0.384848
0.18921
0.320844
1.05845
0.10805
-0.0226701
-0.16515
-0.770264
-0.770264
-0.571816
0.258777
-0.545762
0.0207092
0.595555
-0.0529025
-0.55561
-0.92575
-0.902073
-0.902073
-1.01568
-1.01568
-0.895894
-0.245878
0.666321
1.08173
0.23018
-0.453889
-1.22348
-1.22348
-1.22348
-1.22348
-1.22348
-0.755762
-1.24239
-0.391223
0.173211
0.770058
1.28723
1.48331
1.48331
1.14355
1.14355
0.485892
0.064883
0.833918
0.833918
0.833918
0.833918
0.833918
1.48532
0.899548
0.0257144
0.790153
0.790153
1.37122
1.37122
0.65577
1.26333
0.427452
-0.189244
-0.345306
-0.345306
0.146623
-0.205655
-0.691128
0.0847386
0.535769
0.892553
0.892553
1.40278
0.733636
0.12941
-0.824473
-0.824473
-0.430202
0.280068
0.632566
1.34849
1.34849
1.34849
1.34849
0.976799
0.976799
0.878582
0.660289
0.601834
0.457883
0.474388
0.260081
-0.36596
-0.00708952
-0.393084
0.278991
0.177955
0.276624
-0.510367
-0.308145
-0.495608
-0.972248
-0.972248
-0.972248
-0.496237
-0.496237
-0.637909
0.219604
-0.503381
0.338664
0.338664
0.255546
0.360844
0.0778557
0.57711
0.470725
0.73984
0.432149
1.18736
1.18736
1.18736
1.18736
0.895026
1.0955
1.0955
0.317112
-0.644985
-0.788168
-0.788168
-0.788168
0.161272
0.364474
1.12996
1.12996
1.37096
1.37096
1.37096
1.37096
1.37096
0.420905
-0.54637
-0.551067
-0.668619
-0.668619
-0.668619
-1.20503
-1.20503
-0.895216
-1.4935
-1.4935
-0.879102
0.00459791
0.137244
-0.285971
0.0827103
-0.62714
-0.88006
-0.182393
-0.745732
-0.0683844
0.759113
0.759113
0.759113
0.841704
0.841704
0.199391
-0.737807
0.140441
0.264792
-0.318009
-0.892206
-1.44497
-1.50332
-1.29579
-1.29579
-1.29579
-1.29579
-0.716517
-1.07012
-1.07012
-1.07012
-1.07012
-0.780708
-0.780708
-1.05919
-0.888552
-1.36838
-2.04545
-2.04545
-2.04545
-2.04545
-1.86439
-1.14146
-0.75624
-0.75624
-0.180675
0.0165435
0.243778
0.545993
0.823834
0.849866
0.541165
0.268422
-0.462725
-0.416178
0.0497187
0.253307
-0.616528
-0.517317
-1.41279
-1.41279
-0.653838
-0.653838
0.237026
1.20553
1.20553
1.20553
0.539831
0.858105
0.959485
0.959485
0.889215
-0.0174375
0.318434
0.436913
1.09961
1.09876
1.09876
1.09876
1.09876
0.433864
-0.172299
0.283602
0.699154
0.699154
0.699154
-0.173811
0.807281
0.807281
0.504652
0.504652
0.38955
0.440177
0.916559
1.24929
0.731198
0.445389
-0.202233
-0.534558
-0.972356
-0.972356
-0.982674
-0.982674
-1.47809
-1.51727
-1.33465
-1.33465
-0.792872
-1.19508
-1.33774
-1.22526
-0.602689
-0.602689
-1.42641
-1.42641
-0.472688
-0.472688
-1.26748
-1.26748
-0.490301
-0.758368
-0.758368
-0.758368
-0.758368
-0.397297
-1.03943
-0.388161
0.415465
0.374847
0.654393
0.955205
0.408856
0.791901
0.732951
-0.142162
0.367971
-0.117589
0.86978
0.199088
-0.322483
0.546848
1.00974
1.00974
1.00974
1.27732
1.27208
1.28357
1.28357
0.907513
1.39071
0.509607
0.791043
0.0228575
-0.0273742
0.955417
0.955417
0.955417
0.955417
0.955417
0.423871
-0.572676
-0.213597
0.127192
-0.195132
-0.465726
0.0593155
-0.877854
-0.877854
-0.877854
-0.484104
-0.432531
-1.03672
-0.62604
-0.62604
-0.580932
-0.580932
-0.580932
-0.540099
-0.941462
-0.941462
-1.15105
-1.15105
-1.15105
-0.236852
0.730523
-0.0591521
-0.950607
-0.650833
-0.650833
-1.43689
-0.62079
0.264798
0.773141
0.773141
0.773141
0.711007
-0.165026
-0.210124
0.690216
0.690216
0.730928
0.306256
0.0113761
-0.0895305
0.660651
1.48556
1.48556
1.87812
1.62163
1.62163
1.62163
1.62163
1.21877
1.21877
1.08603
0.764716
0.314316
1.29194
1.32125
1.9981
1.9981
1.99724
1.73311
1.73311
1.72776
1.26688
1.11918
1.11918
1.11918
0.234094
0.11383
0.255306
0.0521699
-0.559902
-0.480481
0.00983256
0.228512
1.13528
1.03169
1.15229
0.30405
-0.590516
-0.462617
-0.499591
-0.514453
-1.37311
-1.37311
-0.622219
0.104238
-0.327507
0.0258991
-0.341806
-0.417566
-0.293312
-0.0162598
-0.379789
-1.04207
-0.967082
-0.953218
-0.953218
-0.953218
-1.36547
-1.25054
-1.25054
-0.952202
-0.952202
-0.8984
-0.8984
-1.07778
-1.07778
-1.07778
-1.55806
-1.55806
-1.55806
-1.55806
-1.58088
-1.63784
-1.63784
-0.776408
-0.70702
-0.0780408
-0.99345
-0.185131
0.668631
1.25486
1.25486
1.15291
1.15291
1.41666
0.855278
0.855278
0.606712
0.136192
0.81797
1.59301
0.622497
0.519988
1.17489
1.08094
0.799054
0.799054
0.799054
0.609124
0.323189
1.13443
1.13443
1.13443
1.13443
1.13443
0.806892
0.855336
0.855336
0.872708
0.939835
-0.0108864
0.827014
0.594786
0.0453667
-0.0482223
-0.868936
-0.868936
-0.807275
-0.564819
-0.911906
-0.56768
-1.10921
-1.10921
-0.977104
-0.903211
-1.29985
-0.678869
0.0978261
-0.865016
-0.865016
-1.09584
-0.816979
-0.816979
-1.19944
-1.18697
-1.18697
-0.699143
-0.193587
-1.18853
-0.637037
-1.10994
-1.10994
-1.10994
-0.504766
-1.22391
-1.22391
-1.22391
-1.05204
-1.05204
-0.766469
-0.225846
-0.829401
-0.539955
-0.780279
-1.35637
-1.23583
-1.23583
-1.23583
-1.03676
-0.83986
-0.83986
-0.83986
-0.7926
-0.212352
0.729355
0.502982
1.10906
1.10906
0.488995
0.488995
0.393069
0.393069
0.308034
0.00551658
0.00608563
0.420797
0.420797
0.420797
0.583449
0.718787
0.718787
0.718787
0.634078
-0.211219
-1.17465
-0.939622
-0.260437
0.174493
-0.636155
-0.636155
-0.636155
-0.636155
-0.627258
0.22121
0.442904
0.558001
0.619505
-0.0720434
0.367774
0.305575
0.000197496
-0.26655
0.224524
-0.476097
-1.17086
-1.68284
-1.68284
-1.68284
-0.775056
-1.54431
-0.870659
-1.29878
-0.416564
0.448297
0.717963
0.717963
0.717963
0.717963
0.977547
0.28486
-0.276685
-0.479132
-0.602759
-0.602759
-0.705519
-1.18137
-0.319821
-0.468931
-0.395134
-0.921902
-0.939561
-0.939561
-0.464525
0.139603
0.907596
0.815054
0.250783
-0.414342
0.316333
0.995782
1.11287
0.984722
0.984722
0.984722
0.984722
0.984722
0.512198
-0.174531
0.406566
-0.0839921
0.280075
0.131525
-0.491384
-1.19834
-1.36628
-0.504282
0.368242
-0.594229
0.366974
0.932522
0.997129
0.959321
0.586429
1.09119
1.09119
1.09119
1.09119
1.09119
1.09119
1.09119
0.894316
0.894316
0.485369
0.391569
0.986699
0.277136
0.228273
-0.378461
-0.686896
-0.826254
-0.2828
-0.390182
-0.390182
-1.23751
-0.925211
-0.925211
-0.944155
-0.191711
-1.1467
-0.520992
-0.520992
-0.333719
-0.263313
-0.948401
-0.697408
0.0705731
0.668289
0.668289
1.45101
1.13683
0.549641
1.16451
0.521497
1.16394
1.00366
0.392496
-0.0369228
0.476895
0.418923
1.16941
1.0719
0.718444
0.598276
1.2711
1.17963
1.17963
1.17963
0.276797
-0.692266
-0.634907
-0.467594
-0.467594
-1.22204
-1.08765
-1.01343
-0.694768
-0.694768
-1.34866
-0.967059
-0.967059
-1.00849
-0.0864263
-1.06887
-0.279399
-0.0970176
-0.154585
0.671478
0.890154
1.17406
0.946759
0.433875
0.828309
0.828309
0.262736
1.07306
1.02167
1.02167
0.786329
-0.0481294
-0.733245
-1.17676
-1.17676
-1.17676
-0.273472
0.174415
0.829633
0.831343
0.831343
1.5436
0.919427
0.919427
0.919427
0.987026
0.479422
0.850425
0.850425
0.850425
1.73304
1.73304
1.64893
1.64893
1.19423
0.488655
-0.210526
-0.143347
0.457078
-0.414889
-0.62454
-0.280477
0.632057
1.33297
0.510582
-0.181154
0.13799
0.848122
0.848122
-0.139365
-0.971509
-0.25423
-1.17333
-1.17333
-1.70939
-0.861518
-0.861518
-1.21405
-1.21405
-1.24399
-1.24399
-1.24399
-0.835625
-0.835625
-0.835625
-0.835625
-0.811016
-0.927268
-1.35336
-1.35336
-1.35336
-1.53319
-2.26563
-1.29998
-1.29998
-0.340287
-0.729097
-1.20785
-0.36234
-0.674878
-0.674878
-0.110625
-0.510537
-0.490379
-0.216874
0.0590941
0.211286
0.371238
1.18591
1.18591
1.18591
1.18591
0.880855
0.880855
1.30336
1.30336
1.06665
1.06665
1.06665
1.14943
0.498293
-0.374945
0.0488498
-0.261989
0.214266
0.237003
0.569239
0.297986
0.50217
0.72556
0.0805662
-0.449007
-0.815542
-0.0607322
0.668457
0.308957
0.0990301
1.06866
0.450775
0.149091
-0.726419
-0.882848
-0.882848
-0.882848
-0.882848
-1.02364
-1.02364
-1.02364
-1.02364
-0.933674
-0.445765
-0.445765
0.248344
0.849967
0.849967
0.849967
0.416303
0.0833362
0.779739
0.908899
0.269145
0.813353
1.27775
1.36754
0.923233
0.619579
0.141366
-0.623158
-0.931646
-0.931646
0.0282554
0.118484
-0.438716
-0.379583
-0.845637
-0.845637
-0.404432
-0.332404
-0.729164
-0.742842
-0.686851
-0.510495
0.479622
0.616233
1.12986
1.26968
1.3132
1.28309
1.28309
1.28309
1.449
0.811373
0.811373
0.834778
0.744729
0.189969
1.17967
0.574757
0.574757
0.574757
0.275249
-0.446477
-0.425271
-0.425271
-0.31125
-0.999885
-0.272209
-1.18995
-0.90757
-0.983302
-1.18719
-0.446688
-0.397086
0.307679
0.222805
-0.126191
0.323157
0.809672
0.534851
1.18717
0.610612
0.327858
1.16092
1.16092
1.16092
2.08036
2.08036
1.25681
0.836767
1.02167
0.971427
0.561092
0.164872
-0.186908
-0.690886
-0.911356
-1.43157
-1.43157
-1.581
-1.581
-1.10859
-0.146597
0.812974
0.638921
0.247564
1.14556
0.772803
0.859263
0.642735
0.636052
0.575474
-0.129404
-0.123838
0.24667
-0.183032
-1.17188
-1.50316
-1.50316
-0.861823
-0.861823
-0.341958
-0.181047
0.342666
-0.394185
0.26041
0.071163
-0.355328
-0.824825
-0.418563
-1.06394
-1.06394
-1.06394
-0.659016
-0.871091
-1.36494
-1.1768
-1.1768
-1.34492
-1.10034
-0.84889
-0.84889
-0.84889
-0.84889
-0.755754
-0.755754
-1.28289
-1.28289
-0.336763
0.410379
0.851673
0.782594
0.0340633
-0.136786
-0.523704
-0.205708
-0.473708
-0.498766
-0.498766
-0.331923
-0.0475467
-0.236013
0.247364
0.356097
1.07465
1.07465
1.07465
1.16949
0.734801
0.535402
-0.0956936
-0.616811
-0.616811
-0.225648
-0.948081
-0.948081
-1.16513
-1.16513
-1.16513
-0.980341
-0.980341
-1.01525
-1.06005
-0.0661773
0.348341
0.979534
1.43934
1.43934
0.669216
0.627175
0.503373
0.88143
0.47546
-0.331628
-0.640193
0.28091
0.944325
0.944325
1.29448
0.64044
0.499979
0.499586
0.591361
0.0667457
-0.0110433
0.540552
-0.141554
0.0637292
-0.672274
-0.987851
-0.987851
-0.471458
-0.769519
-0.953623
-0.674288
-0.287553
0.0464376
0.476801
1.15829
1.15829
1.15829
1.15829
0.24717
1.21006
1.21006
1.36435
1.36435
0.56089
1.47288
1.47288
1.47288
1.47288
0.980683
0.431595
0.668617
1.32127
0.772758
0.772758
0.934027
0.428079
0.647762
1.05393
0.483369
-0.510168
-0.841439
-0.167046
0.727843
0.802477
1.21848
0.607855
0.362049
-0.0230957
-0.261718
-1.00742
-0.176561
-0.380949
-0.425641
0.507851
0.837041
0.82962
0.82962
0.82962
0.12207
-0.465519
0.3876
1.2005
0.829097
1.37153
1.37153
1.37153
0.442048
1.12306
1.12306
0.551169
1.36806
1.36806
1.16773
1.16773
1.16773
0.813852
0.847086
0.453722
-0.463116
-1.07922
-0.314622
0.0160309
-0.584802
-0.250901
0.0881849
0.0177935
0.727809
0.243848
0.00381759
0.81069
0.495511
1.20408
1.20408
0.897404
1.50885
1.13834
0.146207
-0.830739
-0.564257
-0.811914
-0.877052
-0.261835
-0.187693
-0.922652
-0.124378
0.110859
0.196138
-0.275827
-0.87979
-0.87979
-0.87979
-0.768925
-0.768925
-1.36848
-1.41536
-1.41536
-1.41536
-1.18501
-1.18501
-1.4721
-1.4721
-1.4721
-0.519323
-0.460837
-0.460837
-1.03421
-1.04906
-0.857628
-0.857628
-1.53481
-0.548181
0.301702
0.301702
-0.538536
-0.504807
-1.18183
-1.18183
-1.18183
-1.47331
-1.47331
-1.47331
-0.921355
-0.921355
-0.57411
-1.20933
-1.20933
-1.20933
-1.14547
-1.14616
-1.14616
-1.11725
-1.25908
-1.13024
-1.07117
-1.33492
-0.723183
-0.838364
0.0129205
-0.049603
0.0889897
0.58166
0.58166
1.1253
0.361263
1.03748
0.646125
0.646125
0.646125
0.646125
0.711107
0.0482919
0.459143
1.07375
1.07375
1.07375
0.64591
0.916711
0.25811
0.576574
0.847989
0.847989
0.847989
0.847989
-0.00637591
-0.315748
-0.146306
0.0542934
0.822557
0.37975
-0.533066
-0.555097
-0.701247
-0.790015
-0.256177
0.127805
-0.613931
-0.613931
0.27679
0.239629
0.366441
0.805858
0.906188
0.906188
0.906188
0.906188
1.21245
1.21245
0.744655
0.744655
0.983066
0.983066
1.12904
1.12904
0.36982
0.107462
0.385265
-0.0381455
0.211232
1.0564
1.0564
0.276685
-0.410386
-0.538811
-0.506337
-0.506337
-0.0972559
-0.950716
-0.950716
-0.465999
-0.465999
-0.744969
-0.744969
-0.744969
-1.31022
-0.911053
-0.843844
-0.23457
-0.780849
-0.347088
0.2342
0.908433
0.908433
0.908433
-0.0567424
-0.713275
-0.846906
-1.01026
-0.95456
-0.95456
-0.150323
0.161564
-0.806507
-0.806507
-0.806507
-1.23429
-0.712317
-0.976571
-0.976571
-0.976571
-1.15857
-1.15857
-0.414671
-0.414671
-0.414671
0.458269
0.458269
-0.22322
0.0590038
0.208843
0.839276
0.318787
-0.660738
-0.91091
-0.91091
-1.08147
-1.08147
-1.09918
-1.07782
-0.956036
-0.956036
-0.728159
0.0102818
0.204176
-0.17136
0.139393
0.545491
0.701888
0.863817
1.20505
1.20594
0.513293
0.67439
0.67439
1.00309
0.238763
1.06329
1.67119
1.67119
1.67119
0.674777
-0.255027
-1.00481
-1.00481
-1.00481
-0.761373
-0.683088
-1.36711
-1.36711
-1.36711
-1.36778
-1.36778
-1.36778
-1.36778
-1.36778
-0.523684
-0.523684
0.240784
0.161268
-0.0819578
-0.458099
-1.01114
-0.226348
-0.753648
-0.753648
-0.753648
-0.924865
-1.62151
-1.26332
-1.08192
-0.08751
-0.422788
-0.422788
-0.587838
0.293465
-0.0883758
-0.0400939
0.073175
-0.338691
-0.368378
-0.732746
-0.745541
-0.745541
-0.551788
-0.551788
0.0972093
-0.630856
-0.447087
-1.25174
-1.25174
-1.25174
-0.75596
-1.50492
-1.25052
-0.791332
-0.791332
-0.791332
-0.608333
-0.608333
-0.646303
-0.239931
-0.690897
-0.293261
-0.40696
-0.643132
0.0719831
-0.404285
-0.404285
-1.37086
-1.19274
-1.19274
-1.23302
-1.23302
-1.10834
-1.10834
-0.316015
-0.316015
-0.869549
-0.869549
-1.35838
-1.35838
-1.51631
-1.51631
-1.09713
-1.19876
-1.19876
-1.19876
-1.19486
-1.19486
-1.19486
-1.19486
-1.19486
-0.869589
-0.439279
-0.759334
-0.759334
-0.45001
-0.790797
0.0958488
0.162544
0.0439464
0.157448
0.242056
-0.416818
-0.466095
0.322151
-0.00612401
-0.438385
-0.554268
-0.831367
-0.831367
-0.521256
-0.521256
-0.521256
-0.774404
-0.344676
0.427514
0.427514
0.427514
0.300764
0.413808
0.909564
0.976786
0.976786
0.665562
-0.279669
-0.602873
-0.230582
-0.426472
-0.426472
0.239186
-0.0166879
-0.289957
-0.842228
-0.804736
-1.18502
-0.570667
-0.142696
-0.75435
-0.91219
-0.716514
-0.911373
-0.027352
0.0312097
0.545849
0.545849
-0.376059
-0.376059
-0.376059
0.507353
1.29942
0.745399
1.12638
1.12638
1.12638
0.486348
0.486348
0.394418
-0.519983
-1.22519
-1.1495
-1.00213
-1.00213
-1.15439
-0.464238
-0.906233
-0.226336
0.0811895
0.264266
-0.198096
-0.554914
-0.220158
-1.15442
-0.63023
-0.63023
-0.63023
-1.37122
-1.23926
-1.23926
-1.23926
-1.41822
-0.791001
0.202455
-0.78803
-0.78803
-0.78803
-1.33278
-1.33278
-1.66031
-1.18223
-1.56417
-1.02414
-0.656161
0.15969
1.0105
0.330116
0.548578
0.548578
0.0104252
0.492467
0.491867
0.267705
1.18783
1.18783
0.505744
0.967048
1.02383
1.16203
1.16203
0.989455
0.989455
1.46063
1.46063
0.467571
0.467571
1.03861
1.03861
0.226291
0.968385
0.932806
0.932806
-0.0662069
0.0863289
-0.367207
-0.811095
-0.271821
-0.271821
-0.170475
0.253904
0.0904374
0.0347823
-0.620431
-0.123394
-0.0363268
0.210803
1.14843
1.14843
1.34253
1.34253
1.016
1.01573
0.447154
0.447154
0.119476
0.119476
-0.813101
-0.813101
0.102963
-0.113983
-0.371447
-1.26119
-1.26119
-1.26119
-1.26119
-1.37484
-1.42305
-1.42305
-0.702956
0.209511
0.777173
0.777173
0.745671
0.745671
0.525583
1.19133
1.01415
0.737756
0.361258
0.249746
-0.207597
-0.659018
-1.47548
-0.98323
-0.731149
-0.370702
-1.36644
-1.36644
-1.36644
-0.683059
-1.01603
-1.38091
-1.38091
-1.17582
-0.392682
-0.57484
-0.506572
-0.0183905
-0.116871
0.448909
1.11374
1.11374
1.07374
0.762227
0.558346
0.782279
0.782279
1.29846
1.29846
1.34617
1.39213
0.6412
0.456759
0.456759
0.702846
0.702846
0.514941
0.36291
0.479814
0.730804
0.730804
0.472955
0.814866
1.22812
0.711928
1.12134
0.191687
0.601632
1.14301
0.393361
-0.249043
-0.249043
0.206137
-0.576522
-0.756426
-0.756426
0.126041
-0.554953
-0.886303
-0.886303
-0.886303
-0.886303
-0.886303
-0.630471
-0.630471
-0.464717
-0.180234
-0.21533
-0.995434
-0.312278
-0.260049
0.117418
-0.470838
-0.674641
-0.674641
-0.7061
-0.7061
-0.835294
-0.823978
-0.823978
-1.50696
-1.50696
-1.09998
-1.09998
-0.280913
0.210553
0.634161
0.634161
0.634161
1.14944
0.480517
0.678838
0.678838
0.678838
1.11004
0.776459
0.776459
1.68144
1.05785
0.903695
0.444407
0.444407
0.622345
0.437221
0.726741
0.92416
0.92416
1.63419
1.92305
1.92305
1.05378
1.05378
0.618097
0.618097
1.18831
1.18831
1.19011
1.19011
1.40378
1.40378
1.61077
1.61077
0.711474
0.0508338
-0.882065
-0.738865
-0.738865
-1.14406
-0.381573
-0.469416
-0.406953
-0.406953
-1.23929
-1.63614
-1.51512
-0.789489
-0.142032
-0.645448
-0.892462
-1.32282
-1.32282
-1.32282
-0.970609
-0.970609
-0.293356
-0.316757
-1.20667
-1.02375
-1.02375
-0.604756
-0.370228
-0.623599
-0.623599
-1.28297
-0.62922
0.0812614
1.00062
1.27251
1.27251
0.373685
0.576602
0.751274
0.906003
0.906003
1.09887
1.09887
1.09887
0.120922
-0.645953
-0.645953
-0.381542
0.585411
0.629744
-0.0509505
-0.869034
-0.869034
-1.84826
-1.84826
-1.5081
-1.2206
-1.2206
-0.279753
-0.71467
-0.71467
-0.829258
-0.829258
-0.829258
-0.829258
-0.829258
-0.829258
-0.829258
-0.829258
-0.777149
-0.777149
-0.231755
0.685694
0.685694
1.07231
0.937587
0.937587
1.41847
0.818694
0.591899
0.591899
0.564066
1.10169
1.10169
0.945707
0.622578
0.173099
0.106477
0.901517
0.870577
0.828136
0.580669
0.580669
0.580669
0.580669
1.12523
0.429161
0.429161
-0.345448
-0.468295
-0.109847
-0.39197
-0.403218
-0.38789
-0.771808
-0.243808
0.0832435
-0.297517
-0.0878848
-1.07994
-0.858253
-1.45731
-1.45731
-1.45731
-1.27754
-1.27754
-1.27754
-1.27754
-0.742758
-0.512075
-0.58228
-0.867009
-0.867009
-0.621067
-0.249872
0.63098
0.757718
0.397844
0.994299
0.3807
0.451076
-0.498625
-0.498625
-0.679395
-0.633812
-0.633812
-0.277344
-0.420399
0.256549
0.219877
0.453358
-0.436104
-0.436104
-0.861234
-0.861234
-1.18042
-0.624142
0.351308
-0.556562
-0.556562
0.428887
0.978476
1.67421
1.67421
1.67421
1.67421
1.71478
1.10504
0.665571
0.81746
0.81746
0.673562
0.858844
0.723598
0.980868
0.980868
0.980868
0.980868
0.980868
0.980868
0.0125887
-0.162511
0.42553
-0.314558
-0.314558
-1.22804
-0.802703
-0.802703
0.131153
0.507262
0.165559
-0.0699151
0.59869
0.59869
0.690032
1.42147
1.42147
0.47927
0.251946
-0.696849
-0.696849
-0.696849
-0.696849
-1.40609
-1.40609
-0.998528
-1.03712
-0.699825
-0.396972
-0.376732
-0.376732
-1.17299
-1.17299
-0.180823
0.351922
0.351922
-0.208571
-1.05829
-0.645171
-0.645171
-0.0824136
-0.00282802
0.488101
0.433502
0.778612
1.03533
1.03533
1.03533
0.871687
0.871687
1.05064
1.05064
