# mu = 2, sigma = 1
pos
-1.13126
-1.52889
-1.28232
-1.37858
-1.37858
-0.778539
-0.778539
-1.43219
-1.35932
-1.69781
-2.03447
-1.0789
-1.43212
-1.43769
-0.50812
-1.48924
-1.8201
-2.20825
-1.98497
-2.24713
-2.31646
-2.42604
-1.4961
-1.9741
-2.12056
-2.87084
-2.0079
-2.0079
-2.0079
-2.0079
-1.55832
-1.39326
-2.02677
-2.81101
-2.09629
-2.6166
-3.22882
-2.37832
-3.19738
-3.19738
-2.31652
-1.84533
-1.84533
-2.27873
-2.27873
-2.27873
-1.4242
-1.37938
-1.61988
-2.2883
-2.88186
-2.49647
-2.49647
-2.17923
-2.48833
-2.48833
-1.65119
-2.01515
-1.55259
-1.55259
-1.83062
-1.83062
-1.45767
-1.45767
-1.45767
-1.45767
-1.86171
-1.86171
-1.86171
-1.03893
-1.54736
-2.30072
-2.52849
-2.38856
-2.38856
-1.53091
-1.53091
-2.3722
-2.3722
-2.3722
-2.3722
-2.3722
-2.00406
-2.39904
-2.39904
-1.99139
-1.43659
-1.43659
-0.905658
-0.273059
-0.969364
-1.01348
-1.64822
-0.924349
-0.924349
-1.62402
-1.55925
-2.16817
-2.60063
-1.99605
-2.43847
-2.83281
-2.83281
-3.1808
-3.45361
-2.59526
-2.59526
-3.28778
-2.72112
-3.12159
-2.15028
-2.15028
-1.91803
-2.85389
-2.85389
-2.70955
-2.53775
-2.93689
-2.93689
-3.40698
-3.40698
-3.40698
-3.08179
-3.08179
-2.78097
-1.95176
-2.2192
-2.88216
-2.88216
-3.01683
-3.18054
-3.51135
-3.51135
-3.51135
-3.37903
-3.37903
-2.97141
-3.26651
-3.26651
-3.26651
-2.7964
-3.13219
-2.45114
-3.42484
-3.42484
-3.51647
-3.21656
-2.62053
-2.62053
-3.5064
-3.5064
-3.12046
-2.73048
-2.73048
-2.49382
-2.91649
-2.91649
-2.91649
-2.79346
-2.76597
-1.84309
-1.84309
-2.34114
-2.34114
-2.34114
-2.27196
-2.21743
-1.44598
-1.8631
-2.07265
-1.54412
-2.14646
-1.45341
-2.06837
-2.06837
-2.06837
-2.97372
-3.04911
-3.04911
-2.56913
-2.53199
-2.53199
-2.89239
-2.89239
-2.89239
-2.24887
-2.24887
-2.24927
-1.59864
-2.39818
-2.39818
-2.01767
-1.587
-1.587
-1.66664
-1.66664
-1.72247
-1.37576
-1.69945
-1.69945
-2.14387
-1.74109
-2.31913
-2.31913
-1.60535
-2.59258
-3.35796
-2.45453
-2.03495
-2.03495
-2.12882
-1.80352
-0.809946
-1.33303
-2.31382
-2.74259
-1.87971
-1.43508
-2.3334
-1.39231
-1.39231
-1.29462
-1.02857
-1.37272
-1.94003
-1.94003
-1.87323
-1.87323
-1.87323
-1.87323
-1.87323
-1.98786
-1.40051
-1.24937
-1.55275
-1.04104
-1.93223
-2.39615
-2.51972
-2.51972
-2.42315
-1.79905
-1.47772
-1.47772
-1.47772
-1.40104
-1.78481
-1.73231
-2.39155
-2.59414
-2.59414
-2.09107
-2.0909
-2.0909
-2.12315
-1.55197
-1.33926
-2.30685
-1.40756
-1.16338
-1.74112
-2.08358
-2.91524
-3.05114
-3.05114
-3.05114
-2.6491
-1.82219
-1.46859
-1.26747
-1.02045
-1.02045
-1.7966
-2.20336
-2.12443
-1.56991
-1.89528
-1.85925
-1.85925
-1.85925
-2.5392
-3.03742
-3.74104
-3.74104
-3.74104
-3.74104
-3.61668
-3.61668
-3.3893
-3.48694
-2.76513
-2.48113
-1.68301
-1.68301
-2.04608
-1.57351
-1.34904
-1.38167
-1.13841
-1.18264
-1.18264
-2.1515
-2.1515
-1.90142
-2.36596
-3.27076
-3.27076
-3.27076
-3.14904
-2.64388
-2.75741
-3.15597
-3.15597
-2.49052
-2.49052
-2.70237
-2.70237
-2.70129
-2.4054
-2.68106
-2.89899
-2.89134
-2.89134
-2.89134
-2.96722
-2.96722
-3.48897
-2.89038
-2.9101
-2.74832
-2.05412
-1.65069
-1.05687
-0.711008
-1.54622
-2.02163
-2.02163
-2.01295
-1.67286
-1.85525
-1.31845
-2.28898
-2.28898
-2.28898
-1.59381
-1.24537
-1.44425
-1.33976
-1.95576
-2.24998
-2.24998
-2.24998
-1.54342
-1.54342
-1.54342
-1.54342
-2.04931
-2.30135
-2.46415
-1.4847
-1.4847
-2.45032
-2.33943
-2.04683
-2.80476
-2.80476
-2.80476
-2.00078
-2.11938
-2.11938
-2.11938
-1.64916
-0.91899
-0.91899
-0.91899
-1.15355
-1.15355
-0.945912
-1.59803
-1.59803
-1.47315
-1.39799
-1.42053
-1.81337
-1.78246
-1.78246
-1.79417
-2.6213
-2.7987
-2.7722
-1.84642
-1.68737
-2.11734
-2.14768
-1.30289
-0.607283
0.0399876
-0.651553
-1.31401
-2.07289
-1.92813
-1.9262
-1.46015
-1.41447
-2.13126
-2.13126
-1.33512
-1.12068
-2.01057
-1.86928
-1.06523
-1.06523
-1.91909
-1.91909
-1.91909
-2.91179
-2.25063
-2.25063
-2.25063
-2.41463
-2.51911
-2.78987
-3.02837
-3.02837
-3.22368
-3.22368
-3.22368
-3.25719
-3.46574
-2.71134
-1.73258
-1.73258
-2.33053
-1.39096
-1.39096
-0.956614
-0.857482
-0.882201
-1.43616
-1.66951
-0.683466
0.25007
-0.335836
-0.946717
-1.20268
-1.20268
-0.659382
-0.0956172
-1.04043
-1.04043
-1.72284
-1.72284
-2.30182
-2.08206
-2.08206
-2.08206
-2.53371
-2.87972
-3.55303
-3.55303
-3.55303
-3.23279
-3.5898
-3.07459
-2.8716
-3.07808
-2.96521
-2.96521
-3.0115
-3.0115
-3.32162
-3.33977
-3.33977
-3.33977
-3.33977
-3.33977
-3.33977
-2.98338
-2.746
-1.74937
-1.85093
-1.8342
-1.8342
-1.47075
-1.5905
-1.5905
-1.38912
-1.26387
-1.20088
-0.507492
-0.733355
-0.804962
-1.26095
-1.65944
-1.97976
-2.88572
-3.098
-3.18786
-2.67956
-2.05747
-3.01133
-2.82012
-2.82012
-2.11908
-1.80026
-2.27301
-2.27301
-2.25538
-2.95451
-2.1073
-1.33624
-1.19611
-1.41636
-1.59904
-2.36882
-2.51393
-1.93582
-1.48229
-1.9699
-1.9699
-1.56821
-1.90302
-1.73876
-1.01473
-1.01473
-1.01473
-1.01473
-1.01473
-1.75207
-2.73919
-2.29793
-2.44065
-1.89088
-2.29978
-1.53136
-2.02796
-2.02796
-2.02796
-1.18211
-1.18211
-0.981392
-1.90126
-1.90126
-2.75152
-2.88445
-3.61492
-3.61492
-3.61492
-3.61492
-3.61492
-3.15409
-3.03453
-2.20018
-2.20018
-1.67543
-1.41461
-1.57131
-1.29077
-2.16611
-2.91639
-3.14012
-3.14012
-2.50347
-2.56149
-2.56149
-2.99175
-2.95971
-2.79637
-2.79637
-2.79637
-2.009
-2.70603
-2.54543
-2.19881
-1.88856
-2.17939
-2.17939
-1.5271
-1.88281
-1.88281
-1.5498
-2.40008
-2.40008
-2.40008
-3.12659
-2.71711
-2.15869
-2.87714
-2.80874
-2.79261
-3.23947
-2.49375
-2.79892
-3.47548
-3.47548
-3.56135
-2.9018
-2.36468
-3.14068
-3.0331
-3.0331
-2.58889
-1.66407
-2.4074
-1.77755
-2.50182
-2.39363
-2.15624
-2.15624
-2.17332
-2.17332
-2.17332
-2.17332
-1.54878
-1.56747
-1.57321
-1.57321
-1.57321
-1.8168
-1.8168
-2.08789
-1.90602
-1.90602
-2.63778
-1.85956
-1.94501
-2.7565
-2.86922
-2.42896
-1.70471
-2.04927
-1.17719
-1.17719
-1.4998
-1.37626
-1.19271
-1.40196
-1.54836
-2.24119
-2.24119
-2.3178
-1.90606
-1.5798
-2.03451
-2.03451
-2.6375
-2.40232
-2.65064
-2.65064
-1.77676
-1.2652
-1.81791
-1.26903
-1.63175
-2.45313
-2.91326
-2.91326
-2.91326
-2.91326
-2.91326
-2.91326
-2.46067
-2.35561
-2.79644
-2.60222
-2.3978
-1.56563
-1.56563
-1.56563
-1.1226
-1.1226
-0.327892
-0.578181
0.038407
0.599405
1.28152
0.663528
0.785917
0.752634
1.16098
1.16098
1.65819
1.88982
1.66506
1.22657
1.47984
2.17133
2.83236
2.83236
2.83236
2.83236
1.9933
1.9933
1.9933
2.05072
2.05072
1.9218
1.9218
2.61771
2.61771
2.00384
1.80679
1.83676
1.03817
0.999602
1.19695
1.71296
2.25617
1.7011
1.7011
2.36635
2.57688
2.57688
1.82813
2.28075
1.89785
1.80773
2.23944
2.4678
2.4678
1.67931
1.47065
1.2881
1.09297
0.549191
1.4377
1.37894
2.06319
3.03805
2.16301
2.16301
2.56757
2.12457
2.23256
2.54595
2.29217
1.68497
1.75543
2.23916
2.23916
2.45144
2.87312
1.88152
2.6199
1.75713
2.30196
2.30196
2.30196
2.94974
2.57464
1.77422
2.75933
2.75933
2.34309
2.34309
2.64376
2.82988
1.9472
1.9472
2.219
2.34485
1.71707
0.84927
1.14753
1.14753
2.11556
2.60916
2.60916
2.60916
2.47265
2.47265
1.82731
1.82731
1.8106
1.41097
2.27396
1.68777
1.253
2.11502
2.62099
2.16145
2.01659
1.61201
1.61201
2.5757
1.64586
1.09278
1.09278
0.970563
0.970563
1.33896
1.33411
0.813677
1.72352
1.72352
2.31059
1.86608
2.31377
2.31377
1.34465
1.82004
2.12966
2.09598
1.61558
1.6497
1.66203
2.37221
2.07562
2.07562
2.49839
2.49839
2.0501
2.91555
3.14981
3.14981
3.14981
3.33332
3.33332
3.1209
3.1209
2.3781
2.13824
2.13824
1.78196
1.43445
1.43445
2.26484
1.36327
1.0016
1.0016
1.08649
1.39829
1.44462
2.08685
2.08685
1.08895
1.51727
1.51727
1.51727
2.10099
1.9095
2.2048
2.10152
1.87444
2.08773
2.08773
1.5387
0.599218
1.27294
2.20602
1.21209
1.21209
1.74447
2.26019
2.01377
2.32925
1.97713
1.97713
1.93503
1.98385
1.46109
2.37641
2.22411
2.45115
1.47906
2.46841
2.46841
1.75341
1.75341
1.9919
1.3052
1.29523
1.29523
1.86799
1.94736
2.27752
2.56585
2.01709
1.2022
1.83583
1.50698
2.42135
2.31797
1.57055
1.51461
1.7521
1.20176
2.07568
1.8572
1.97599
1.55971
1.43559
1.38185
1.38185
1.38185
1.51129
1.51129
1.27958
2.03596
2.28496
2.1091
2.11582
1.42921
0.956713
1.62531
1.62531
0.640497
1.28662
1.28662
1.92278
1.92278
1.92278
2.311
2.8992
3.7076
3.7076
3.02413
2.69818
2.69818
2.10332
1.71085
2.28479
2.28479
2.35518
1.71463
2.57986
2.88855
2.066
2.53814
2.61825
2.61825
2.37299
2.37299
2.29659
1.61805
2.49543
2.49543
2.49543
2.805
2.805
3.61622
3.61622
3.61622
3.61622
3.61622
3.61622
4.12513
4.12513
4.12513
3.21539
2.78963
2.46446
3.30862
3.30862
2.5143
1.52256
2.2942
1.99022
1.99022
1.53237
2.48882
1.59294
1.59294
1.81772
1.65919
1.08493
1.08493
1.08493
1.08493
2.03549
2.03549
2.58328
3.02718
2.03173
2.03173
1.56976
1.33366
1.33366
1.38079
1.53445
1.53445
2.07128
2.3435
2.92881
2.22833
2.64983
2.64983
2.64983
2.64983
2.82767
2.82767
2.82767
2.07392
2.56645
2.5963
2.82192
3.08963
3.08494
2.21077
3.07286
3.15675
2.20418
1.88543
2.16326
1.93826
2.03779
2.03779
1.37107
1.37107
0.817011
0.433878
0.433878
0.195003
-0.685181
-1.12264
-0.49002
-0.692623
-0.692623
-1.53756
-2.50154
-2.1808
-2.07532
-1.88045
-1.66927
-1.37879
-1.61395
-2.25008
-2.25008
-2.96771
-3.03811
-2.75923
-2.75923
-2.10095
-2.36219
-2.76737
-2.76737
-2.76737
-2.76737
-1.8111
-1.57905
-1.88647
-1.88647
-1.46643
-0.960853
-1.79301
-2.5229
-2.10213
-2.73867
-2.63562
-2.31557
-1.8902
-2.09825
-2.12007
-2.23532
-2.23532
-1.45128
-1.02156
-0.319098
-1.00618
-1.00618
-1.04209
-0.931563
-0.30156
-0.0181982
0.555024
0.27717
1.04322
1.62916
1.62916
0.68664
0.68664
0.68664
1.33287
1.33287
1.33287
1.32205
1.32205
1.3351
1.3351
1.16737
1.01632
1.60027
1.76116
1.04862
1.32578
1.87778
2.35393
2.35393
1.42589
2.16912
2.06633
2.52679
1.65616
2.43035
2.43035
2.00011
1.92959
1.84858
1.84858
1.84858
2.05227
2.80028
2.80028
2.84218
2.76835
2.76835
2.52295
2.55401
1.76538
1.76538
2.57294
2.57294
3.03352
3.03352
2.40449
2.40449
2.89258
2.89258
2.52135
2.52135
1.88976
1.26568
2.19398
2.69422
3.07751
2.35791
2.35791
2.30581
2.30581
2.30581
2.4304
2.48423
1.85319
1.85319
2.80478
2.80478
2.30092
2.56193
3.06179
2.17252
2.2436
2.2436
2.31008
1.79263
1.87487
2.63537
2.48283
2.48283
1.90962
1.90962
2.18105
2.18105
2.07034
2.07034
2.44262
2.44262
2.613
2.613
3.21373
3.21373
2.41303
2.03781
2.08674
2.08674
1.93801
2.91614
2.91614
2.22187
2.22187
3.07649
2.70939
2.70939
3.29655
2.92366
2.75429
3.17915
2.68195
1.74639
2.52439
2.77759
2.53292
2.64627
2.05037
1.68116
0.980721
0.974825
0.687985
1.60285
2.42816
2.92349
2.58799
2.34293
1.76497
1.16126
1.0928
1.54773
2.08383
1.69672
2.50365
2.96311
2.96311
2.92004
3.26538
2.99956
2.6205
1.93601
1.93601
2.47697
1.55843
2.15955
2.51888
1.98266
1.26545
1.25582
0.579274
1.10143
1.13619
1.89887
2.21493
2.02879
2.02879
1.49676
1.49676
1.85628
1.85628
1.05173
1.81788
2.49504
1.72638
2.11
2.11
2.20489
2.5713
2.47576
1.49241
1.40822
1.53331
1.60614
1.97538
2.25481
2.25481
3.02991
3.02991
2.9493
2.21537
2.29416
2.29416
2.29204
2.29204
1.77045
2.56098
2.36339
2.36339
1.71339
1.71339
1.03465
0.398964
0.629585
0.629585
0.629585
1.09766
1.3039
1.32184
1.338
1.338
1.32308
1.40041
0.975382
0.975382
0.975382
-0.00368498
-0.66487
-0.66487
-1.03021
-1.04388
-1.43439
-1.72377
-2.11541
-1.9936
-1.25167
-2.12219
-1.31942
-1.96553
-1.96553
-2.20231
-1.5396
-1.95759
-1.63507
-1.01521
-1.21406
-1.21406
-1.6161
-1.31476
-1.31476
-1.67412
-0.835268
-1.83283
-2.50027
-2.62803
-2.26587
-2.14921
-2.14921
-2.14921
-2.02463
-2.02463
-2.50826
-2.51788
-2.51788
-2.84658
-2.27053
-2.2985
-2.57026
-2.27538
-1.45999
-2.26561
-2.03864
-2.22121
-2.22121
-2.56839
-1.96224
-1.43109
-1.43109
-2.02183
-2.21337
-2.1024
-2.49949
-2.11127
-2.11127
-2.87026
-2.04925
-2.52537
-2.71715
-2.71715
-2.71715
-2.71715
-2.51093
-1.54291
-1.85338
-1.85338
-2.18288
-1.6298
-1.86414
-2.33624
-2.90849
-2.16002
-1.75143
-0.916895
-0.671768
-1.12876
-0.989457
-0.989457
-0.989457
-0.989457
-0.921637
-1.15298
-1.99641
-2.59412
-2.09473
-2.90987
-1.9596
-1.90742
-1.94789
-1.94789
-1.94789
-2.00783
-2.00783
-2.00783
-2.23365
-1.74081
-1.74
-0.917852
-1.38181
-1.38181
-1.61451
-1.61451
-1.59907
-1.6838
-2.00196
-2.50748
-1.82632
-1.82632
-2.69799
-1.802
-1.802
-1.91437
-2.79599
-2.67156
-1.83085
-2.22391
-2.22391
-2.41195
-2.52128
-2.52128
-1.73463
-0.779424
-1.08564
-1.24732
-2.03752
-2.85299
-2.75597
-2.75597
-2.75597
-2.53465
-2.24531
-2.24531
-2.24531
-1.84538
-1.26808
-1.22254
-1.88616
-1.88616
-0.948167
-0.725466
-0.988069
-1.26303
-2.17859
-2.17859
-1.47637
-1.47637
-1.84248
-0.958785
-0.935117
-0.538705
-1.08879
-1.14567
-1.14567
-1.14567
-1.14567
-1.46048
-1.51668
-2.30278
-2.30278
-2.08253
-1.9045
-2.4863
-2.4863
-2.4863
-1.77042
-1.77042
-2.45296
-1.5624
-2.49272
-2.49272
-2.78174
-2.78174
-2.89419
-2.87208
-3.24057
-2.24723
-2.24723
-2.24723
-2.03141
-2.11225
-2.11225
-2.21334
-2.30704
-2.86266
-2.18725
-1.4786
-2.27736
-1.78263
-1.78263
-2.11896
-2.11896
-2.17229
-2.74765
-1.98737
-1.34102
-1.34102
-2.29062
-2.29062
-1.52549
-2.14707
-1.17704
-1.17704
-1.60714
-1.61481
-1.52643
-1.96559
-1.38725
-1.0259
-1.90898
-1.90898
-1.4041
-1.4041
-1.80278
-2.20057
-2.60882
-2.60882
-2.60882
-2.48055
-2.02433
-2.24576
-2.44539
-2.44539
-2.3969
-2.3969
-2.53718
-2.53718
-1.86733
-1.50647
-1.49528
-0.777937
-0.796235
-0.796235
-0.885185
-1.39291
-0.851932
-0.851932
-1.64436
-1.64436
-1.01613
-1.38879
-1.38879
-1.85291
-1.86273
-1.40585
-1.59251
-1.99311
-1.99311
-1.99311
-1.61597
-0.802305
-1.16743
-1.07072
-1.07072
-1.05555
-1.42233
-1.60858
-1.72409
-2.19779
-2.19779
-2.41767
-2.90474
-2.90474
-3.13702
-3.20338
-2.2572
-2.2572
-1.56824
-1.56824
-2.32783
-1.59649
-1.59649
-1.62568
-1.57038
-2.06921
-3.00561
-2.82682
-3.45027
-3.16804
-3.16804
-2.53412
-2.53412
-2.53412
-2.8072
-2.19881
-1.71544
-2.71201
-2.2297
-2.5598
-3.21517
-3.21517
-3.21517
-3.21517
-2.82137
-2.84196
-1.972
-1.972
-2.26873
-1.63469
-1.93558
-1.82056
-2.74126
-2.34259
-2.34259
-2.92943
-2.45855
-1.62292
-2.27115
-1.5708
-2.16008
-2.16008
-1.16624
-0.934317
-1.43123
-1.43123
-1.43123
-1.80853
-1.91795
-1.85617
-1.92593
-1.45877
-1.28389
-1.37337
-1.63785
-2.50832
-2.07329
-1.60181
-2.41338
-3.06173
-3.28265
-3.28265
-3.28265
-2.31908
-2.31908
-2.46372
-2.46372
-2.46372
-2.24717
-1.5896
-2.54141
-2.54141
-2.42802
-1.73345
-1.73345
-1.89418
-2.33787
-2.21259
-2.8376
-2.68807
-2.68807
-1.89114
-2.30238
-2.07685
-2.03332
-2.03332
-2.09194
-1.90657
-2.52617
-2.254
-2.27056
-1.80286
-2.66904
-2.85877
-3.21692
-2.94463
-3.09675
-2.30375
-2.19194
-2.19194
-3.06033
-3.56163
-3.56163
-3.56163
-3.56163
-3.46642
-2.55392
-1.93037
-1.9194
-1.9194
-1.9194
-1.9194
-1.97093
-2.301
-2.49707
-2.00084
-2.00084
-2.80149
-2.80149
-2.15969
-1.20388
-1.20388
-2.12133
-2.76962
-2.76962
-3.296
-3.01011
-2.18777
-2.18777
-2.68611
-2.87395
-2.87395
-1.99328
-1.57591
-2.30999
-2.30999
-2.4892
-2.4892
-3.45706
-3.51032
-3.58561
-3.47025
-2.94435
-3.3558
-2.41219
-2.17781
-3.0647
-2.77705
-2.77705
-1.81299
-2.09815
-2.09815
-2.20937
-2.4104
-2.4104
-2.31916
-1.61374
-1.96853
-1.96853
-1.87095
-1.87095
-1.26289
-0.477798
-0.570906
-0.47259
-1.36072
-1.36072
-1.0298
-0.744359
-0.625285
-1.02859
-1.48762
-1.48762
-2.44749
-1.7661
-1.78495
-1.84375
-1.46899
-1.46899
-1.46899
-2.36735
-2.1679
-1.28022
-1.13177
-1.20375
-1.88842
-1.30616
-1.94921
-1.73849
-2.54372
-3.1039
-2.76857
-2.40819
-2.40819
-1.75876
-1.32544
-1.32544
-2.29174
-2.07363
-2.07363
-1.69609
-2.30728
-1.48701
-1.48701
-1.85866
-1.88692
-1.88692
-1.88692
-1.88692
-1.34225
-1.48038
-1.17432
-1.13744
-1.04884
-1.47218
-1.87793
-1.87793
-1.87793
-1.54009
-2.4618
-3.10087
-3.05185
-3.05185
-3.05185
-2.07448
-2.44008
-1.45721
-1.74792
-1.74792
-2.24702
-1.30837
-1.64957
-2.17293
-2.17293
-1.839
-1.46238
-0.97685
-1.41278
-0.980891
-1.71459
-1.71459
-2.70947
-2.26331
-2.26331
-2.34921
-1.48644
-1.48644
-0.65311
-0.65311
-1.07491
-1.07491
-0.955556
-0.104089
-0.549207
-0.866133
-1.14646
-1.7385
-1.60254
-2.32346
-2.32346
-2.32346
-1.51222
-1.51222
-1.59938
-1.44207
-0.739825
-0.847193
-0.847193
-1.12179
-0.923902
-1.8498
-1.13506
-0.600692
-0.537843
-0.537843
-0.869086
-1.53088
-1.11628
-1.52906
-1.52906
-1.63133
-0.96677
-0.96677
-0.96677
-1.85837
-2.01561
-1.22155
-1.65629
-2.23149
-1.55643
-1.65175
-1.54926
-1.54926
-1.19367
-2.15783
-2.33383
-1.62522
-1.46833
-2.38596
-2.31543
-2.31543
-1.47136
-1.94561
-1.94561
-1.11956
-1.81101
-1.95447
-1.96317
-1.80388
-1.89239
-1.89239
-1.89239
-1.89239
-2.16663
-2.10496
-2.10496
-2.42199
-2.23216
-1.33857
-1.33857
-1.33857
-0.70232
-0.646028
-0.583938
-0.583938
-0.852795
-0.852795
-1.04039
-1.04039
-1.97936
-1.95226
-1.68983
-1.88185
-0.954932
-1.12154
-1.6632
-1.6632
-1.80801
-1.80801
-1.48103
-2.36368
-1.95491
-2.5477
-1.61457
-1.75005
-1.75005
-2.15742
-2.15742
-2.51133
-2.12798
-1.24403
-1.83504
-1.64291
-2.47242
-1.75484
-1.44736
-1.0405
-1.0405
-1.53145
-2.49443
-3.22525
-3.22525
-3.22525
-2.48989
-2.34872
-3.16128
-2.76075
-2.76075
-1.90636
-2.33007
-2.33007
-2.52448
-2.03783
-1.57475
-1.57475
-1.57475
-1.57475
-2.48391
-2.48391
-2.48391
-1.50097
-2.4171
-1.72681
-0.728799
-1.04812
-1.1147
-1.1147
-0.892827
-1.39854
-2.32245
-2.32245
-2.12607
-2.12607
-2.12607
-2.51638
-1.78189
-1.15479
-1.60819
-1.53869
-2.07601
-2.44251
-2.44251
-1.87833
-1.87833
-2.15794
-1.41236
-1.41236
-1.19455
-1.65901
-1.51975
-2.04042
-2.10522
-1.1178
-1.92919
-1.08652
-1.08652
-1.08652
-0.26288
-1.08172
-1.94205
-2.55549
-2.55549
-3.09467
-3.09467
-2.59107
-1.81026
-2.26142
-2.26142
-1.46189
-1.49326
-2.28969
-2.28969
-1.94972
-1.68145
-1.98002
-2.02699
-1.93182
-2.27655
-2.0696
-1.86466
-1.86466
-2.23653
-2.26431
-1.73692
-2.08016
-1.88552
-1.88552
-1.88552
-1.84068
-1.84068
-1.34146
-1.34146
-1.3903
-2.33501
-2.6435
-2.02731
-2.90768
-2.90768
-2.64807
-2.29832
-1.58056
-1.58056
-1.81161
-1.81161
-1.32861
-1.39517
-2.01867
-2.11753
-1.76201
-1.82976
-1.82976
-1.82976
-1.62055
-2.15813
-2.15813
-2.73534
-2.64933
-2.64933
-2.64933
-2.38286
-1.62665
-2.40177
-2.12923
-1.49523
-1.49523
-1.49523
-1.99495
-1.81621
-1.37674
-1.37674
-1.21525
-2.17386
-1.31266
-2.05843
-1.64158
-1.95267
-2.70053
-2.70053
-2.30508
-1.90278
-2.54434
-2.27331
-2.83097
-2.83097
-2.72113
-3.18204
-3.25781
-3.25781
-3.39526
-3.39526
-2.42248
-2.42248
-2.82437
-2.82437
-3.04894
-2.58146
-2.79354
-2.3641
-1.48478
-1.48478
-2.18406
-2.27468
-2.27468
-2.27468
-2.27468
-2.24259
-1.67709
-0.982211
-1.19544
-1.19544
-1.95537
-1.79465
-2.07671
-2.14292
-2.68205
-2.68205
-2.34699
-1.6116
-1.6116
-1.79517
-2.33452
-2.11564
-2.11564
-2.11564
-1.64216
-2.16514
-1.35375
-1.68391
-2.23466
-1.76755
-1.76755
-1.63387
-1.2221
-1.94406
-2.11949
-2.72358
-2.51465
-3.08668
-3.08668
-2.10652
-1.66079
-2.30249
-1.77764
-2.40481
-1.95523
-1.5916
-2.29086
-1.51529
-1.10431
-0.207232
-0.317325
-0.938652
-1.30261
-0.788742
-1.7625
-0.822126
-1.55773
-1.89151
-2.22133
-2.50298
-2.6527
-2.51694
-2.13139
-2.13139
-2.26009
-2.26009
-2.26009
-1.77591
-2.25265
-2.68105
-2.31592
-2.31592
-2.31592
-2.63235
-2.17826
-2.52515
-1.91021
-2.11227
-3.10485
-3.13782
-2.99905
-2.99905
-2.85263
-3.12893
-3.30859
-2.39962
-2.80305
-2.26802
-2.66637
-2.84601
-2.76114
-3.16503
-3.78518
-3.79782
-3.79782
-3.35893
-3.67108
-3.48717
-3.48717
-3.48717
-3.41525
-2.59955
-2.59955
-2.63576
-2.34965
-2.20493
-2.20493
-1.24515
-1.27889
-0.397302
-0.268543
-0.399891
-0.785705
-1.5135
-1.47374
-1.83182
-1.83182
-1.70227
-1.65101
-1.68509
-2.0508
-1.84012
-2.65132
-2.43338
-1.86869
-1.86869
-1.79852
-2.56523
-2.56523
-2.56523
-2.13788
-1.62214
-1.76941
-2.17024
-2.19924
-1.53871
-1.83074
-1.64796
-0.893902
-1.37321
-1.37321
-2.09297
-1.54595
-2.51137
-2.26424
-2.26424
-1.5467
-1.90316
-1.90316
-1.85927
-1.14655
-1.14655
-1.34745
-2.08983
-1.61713
-1.76099
-1.76099
-1.50471
-1.54482
-0.884722
-0.884722
-0.499718
-1.03124
-1.63288
-1.9821
-2.67166
-3.18741
-2.45251
-3.17841
-3.17841
-2.58295
-1.82391
-2.26814
-2.26814
-1.95728
-1.95728
-1.17613
-1.81968
-1.19848
-1.56419
-2.3965
-2.37009
-2.62353
-2.18908
-2.18908
-1.91993
-2.17829
-1.61205
-1.0486
-0.122178
0.36509
1.2219
2.14439
2.58908
2.58908
2.5544
2.48738
2.63811
2.34666
2.34666
1.82999
1.53897
1.53897
1.53897
2.09111
2.56008
3.0275
2.56441
2.56441
1.67522
1.67522
1.26647
0.298214
0.619152
1.36275
1.84957
1.84957
1.84957
1.92168
1.53448
1.95538
1.46712
1.91529
2.22438
2.85701
2.52556
2.52556
2.52556
2.52556
2.52289
2.251
2.28879
2.28879
2.28879
2.07523
1.56746
2.10735
2.10735
2.10735
2.15218
2.46442
2.46442
3.04799
2.28659
2.2974
2.70143
2.00332
1.50976
2.44093
1.72585
1.49491
1.39012
0.699792
0.699792
0.209792
0.861359
0.434895
0.534718
-0.204257
-0.527375
-0.527375
-0.260496
-0.210121
0.785394
0.0642104
0.0110641
0.496205
0.638483
0.638483
0.0486494
-0.819613
-1.0579
-1.41738
-1.33006
-0.472258
-0.472258
-0.5949
-0.246663
0.362118
0.0569896
-0.261465
0.725622
0.725622
0.725622
0.339416
1.19506
1.73872
2.20737
2.33027
2.61765
2.61765
1.65227
2.01808
2.79673
2.48482
2.48482
1.60862
1.45137
1.61373
2.24544
2.24544
2.27207
2.4864
2.596
2.596
2.596
2.79907
3.09066
2.93223
2.11761
2.14054
2.14054
2.14054
2.14054
1.50701
1.0008
0.723088
0.92842
1.88404
1.97932
1.97932
1.97932
2.10358
1.95809
2.1565
1.77433
2.01566
2.01566
1.68405
1.99631
2.18994
1.43717
2.05375
1.78641
1.2898
2.07629
1.88605
1.58597
2.22161
2.22161
2.22161
2.49145
3.14777
3.14777
3.3523
3.07431
2.7066
2.7066
1.88038
1.75929
0.779287
0.779287
0.589369
1.17425
0.944179
1.4291
1.4291
1.42792
2.40742
2.61928
1.90896
1.71281
1.37035
1.39593
1.49797
2.00937
2.52818
1.59527
2.10653
1.8425
1.55034
1.75914
1.75914
1.75914
1.71548
1.71548
1.01421
1.72546
1.72546
2.15837
2.95938
2.51827
1.72876
2.40295
2.91714
2.91714
2.91714
2.60452
1.87422
2.00268
2.00268
2.72518
2.27419
1.85149
2.64426
2.64426
2.64426
2.91729
2.68843
2.79201
2.09401
2.70786
3.42295
3.42295
2.69498
2.08565
1.37339
1.37339
2.09616
1.78244
1.78263
1.78263
1.65798
1.94444
2.47691
2.73295
2.73135
2.73135
2.73135
2.73135
1.86908
1.93847
1.86585
2.30832
2.76984
2.76984
2.22495
1.7476
1.7476
2.21565
2.21565
2.44203
2.74003
2.74003
2.64295
2.25262
1.54314
1.56125
2.07597
1.98023
2.1125
2.1125
1.79059
0.981078
1.23245
1.23245
1.08747
1.08747
0.655962
0.655962
0.780832
1.75562
1.75562
1.35889
2.11989
1.73913
2.50478
2.00002
2.57448
1.97161
1.97161
2.67221
2.64635
1.89138
2.01606
2.01606
2.69006
2.72918
2.56031
2.36186
1.94485
1.90709
2.07297
2.14286
1.78678
1.83133
1.83133
1.35355
1.59649
2.12621
2.80066
2.59305
2.88502
2.11548
2.17107
1.26514
1.45663
1.45663
0.649293
1.00975
1.62171
2.21919
2.68759
3.02926
3.02926
2.7781
2.71459
2.71459
2.71459
2.65705
2.67221
1.82958
1.82958
1.82958
1.82958
1.61453
2.09777
2.09777
2.09777
2.02354
2.31231
2.31231
2.74232
3.39961
3.39961
3.15075
3.15075
2.50213
1.56764
1.81846
2.55469
2.98026
1.99713
2.79455
2.75138
1.89386
2.52068
1.92844
2.36476
2.16803
2.16803
1.34612
1.50948
1.51367
1.43922
2.16776
2.16776
2.74304
2.74304
2.74304
2.26088
2.65504
3.09989
2.95558
3.08776
3.08776
2.24319
2.24392
2.24392
2.24392
1.63521
2.40585
2.32778
1.90895
2.59271
2.56807
2.56807
2.56807
2.20474
2.47786
2.37302
1.72679
1.9454
1.9454
1.13574
1.26188
0.998697
0.998697
1.30313
1.28787
1.5782
2.43577
2.80401
2.26524
2.26524
2.60317
2.60317
1.89742
1.89742
1.80836
1.82553
1.63714
2.05778
3.03662
2.11336
2.11336
1.52278
1.86302
1.753
1.56154
1.56154
1.56154
0.733094
0.733094
0.471792
-0.248004
0.751204
1.28739
1.91472
1.37848
2.19484
1.23717
1.70313
2.5593
2.15864
2.15864
2.15864
1.70564
1.70564
1.70564
2.59648
2.65354
2.65354
2.65354
2.38452
2.38215
1.9808
2.15061
2.50058
1.75789
2.00551
2.60208
2.60208
2.60208
2.33321
2.33321
2.33321
1.42446
1.42446
1.26379
1.26379
1.34466
1.17019
1.17019
2.01508
2.39788
1.99777
1.82978
2.79725
2.1634
2.1634
1.88478
2.08441
2.08441
1.31805
1.49539
1.49539
0.871943
1.09806
0.640342
0.11817
-0.707971
-0.707971
-0.707971
-1.24215
-1.58358
-1.58358
-1.58358
-2.51136
-2.0361
-2.0361
-2.44009
-1.88639
-2.08838
-3.05917
-3.05917
-2.26755
-2.26755
-1.91399
-1.91399
-1.0092
-0.771464
-0.916033
-0.554231
-0.554231
0.0767473
-0.221303
0.21548
0.839925
0.483083
0.790737
0.151457
0.190267
0.735337
0.735337
0.454692
0.591593
-0.390105
0.324975
0.122577
1.00109
0.574172
0.574172
1.25943
1.31893
1.09477
1.09477
1.09477
1.09477
1.30273
0.886164
0.886164
1.61812
1.58215
1.10967
1.18678
1.13338
1.13338
1.9217
1.94335
2.67208
2.52598
2.59729
2.70093
2.71003
2.46978
3.43252
3.43252
3.43252
2.52193
1.80396
1.19349
1.18419
0.593598
1.39819
2.06624
1.81476
2.41903
1.8469
1.50513
1.44297
1.44297
1.33953
1.33953
1.33953
1.33953
1.21027
1.21027
2.12284
2.99949
2.41317
2.41317
1.7335
1.87834
1.7726
1.45457
2.00688
2.07301
2.07301
1.56515
0.99024
0.518236
0.974595
0.974595
1.51683
1.08537
1.08537
1.23597
1.72699
2.08023
3.02476
3.07637
3.90518
4.12605
4.12605
3.56649
3.56649
3.36062
3.37252
3.52547
3.52547
3.18814
2.47049
2.47049
2.47049
1.75297
2.32525
2.00256
1.47908
1.47908
1.47908
2.09603
1.75667
1.2337
1.26589
1.41954
2.31356
2.31356
2.31356
2.46114
2.52023
2.14372
1.98189
1.98189
1.5665
1.5665
2.05422
2.05422
2.69595
2.20499
1.62231
1.90906
1.81456
1.31038
2.08689
2.08689
1.61384
1.61384
2.20313
2.78344
2.4747
2.27341
1.80941
1.77076
1.26397
2.13108
2.13108
1.92043
2.76188
1.80705
1.06768
1.51312
1.22171
1.22171
1.57209
1.5698
1.5698
1.03613
1.73654
2.34891
2.71455
2.61704
2.0294
2.0294
2.10442
2.48288
2.33368
2.4201
1.96934
2.58991
2.58991
2.6187
3.28332
3.28332
3.17368
3.17368
3.17368
3.17368
2.37946
2.41635
2.23781
1.64921
2.29395
2.29395
2.05516
2.05516
2.05516
1.19089
1.19089
1.19117
1.19117
0.99679
0.99679
1.5848
1.28579
1.28579
1.71944
2.0823
2.00912
1.80398
1.84136
1.84136
1.47544
1.52164
2.40186
1.49862
1.94282
1.94282
2.33478
2.33478
2.42611
2.23726
2.35678
2.35678
2.35678
2.48503
2.67159
2.67159
1.7253
1.55653
1.55653
1.32766
1.32766
1.06578
1.06578
1.40952
1.29481
1.94126
2.02256
2.02256
2.02256
1.99875
1.18946
1.72757
1.22385
0.503613
-0.202139
0.267386
0.954702
1.34512
1.5344
1.65527
2.64832
2.64832
1.72503
2.70336
3.06562
3.28015
3.28015
2.63424
2.63424
2.20446
1.76693
1.13169
1.45026
2.04657
2.53715
2.53715
2.52212
2.19579
1.59775
1.74748
2.21997
2.01141
1.3658
1.39166
1.39166
1.63048
1.42301
1.73797
2.2959
2.2959
2.00582
1.86731
2.38911
2.38911
2.68582
2.68582
2.68582
2.41672
2.41672
1.79151
1.97935
2.42428
1.7006
1.06965
0.885303
1.73643
1.47914
1.28519
1.24212
1.24212
2.0129
1.90087
2.07181
2.00496
1.10656
1.10656
1.10656
1.10656
1.75408
1.5732
1.66038
1.85394
1.85394
1.89215
2.00256
2.15698
2.00985
2.00985
2.96996
2.96996
3.30549
3.30549
3.26673
3.26673
2.85795
2.65762
3.07616
2.44738
2.44738
2.54628
2.7611
2.20767
2.46871
2.41974
2.53753
2.02623
2.34169
2.34169
2.34169
2.34169
2.34169
2.77541
2.81912
2.50972
1.7082
2.33211
2.36526
2.41631
1.9115
2.38222
2.28746
1.67109
0.947259
1.45102
0.753886
1.18539
0.589429
1.11526
1.11526
1.65157
1.06582
1.06582
1.06582
1.41136
1.76262
2.03972
2.03972
1.84327
2.1144
1.21408
1.10175
1.59968
1.79251
1.59446
1.1726
1.67995
1.67995
1.67995
2.1053
2.1053
2.96272
2.63975
1.63983
2.56658
2.09322
2.11884
2.11884
1.52247
2.2883
2.98442
2.98442
3.33482
2.72656
3.55705
3.20053
2.60407
2.23622
2.23622
1.52467
0.869249
1.58705
1.58705
1.14962
1.184
1.65856
2.34275
2.34275
2.03268
1.42955
1.10962
1.10962
1.552
2.21604
1.71596
2.03416
2.47423
1.64065
2.38132
2.38132
2.08992
2.08992
2.08992
2.40848
1.9636
1.9636
1.42777
2.02862
1.53102
1.04471
1.04471
1.04471
1.04471
1.00545
1.27239
1.27239
0.386892
0.596753
1.48064
2.24111
2.24111
2.24111
2.00609
1.5876
1.4104
2.34769
2.34769
2.34769
2.35137
2.34845
2.34845
3.11513
3.11513
3.11513
3.02986
2.05551
1.79844
1.10809
1.59744
1.59744
1.32234
1.25452
1.25452
1.01115
1.01115
0.954478
1.89228
2.39678
1.82094
2.28081
2.45405
1.87448
0.921183
1.17838
0.26767
-0.635422
-0.635422
-0.43118
-1.4002
-1.58235
-2.48011
-2.3558
-1.7089
-2.19912
-2.19912
-2.13233
-1.64341
-1.73402
-1.26353
-0.433383
0.39567
0.39567
1.23876
1.29597
1.6219
1.6219
2.56479
2.56479
2.56479
2.36875
1.54808
1.96262
2.18169
2.15317
3.01567
3.01567
3.11494
2.7386
2.7386
2.44238
2.54758
1.77696
1.76527
1.76527
2.3259
1.50361
2.01916
2.01916
2.01916
2.14712
1.51902
1.91008
1.91008
1.30602
1.11257
1.11128
1.96265
1.96265
2.66232
2.246
1.71292
0.748171
1.11249
1.11249
1.11249
0.254724
0.808651
0.578012
0.578012
1.47309
1.46273
2.05641
2.93604
2.04931
2.09489
2.79898
3.01319
2.42378
2.60346
2.5819
3.19355
3.19355
2.46548
1.66495
2.46803
2.46803
1.69869
1.69869
1.69869
1.69869
1.69869
1.69869
2.53122
1.68689
2.65698
2.65698
1.93182
1.93182
1.32794
1.32794
1.32794
1.32794
1.39985
1.55745
1.98403
1.97719
1.12934
1.25625
1.22799
1.22799
1.13534
2.06427
2.06427
2.67099
2.97039
2.97039
2.31512
2.70262
2.58754
2.30251
2.30251
2.45885
1.78433
1.84955
2.57301
2.15714
2.38966
2.38966
2.81296
1.96082
1.96082
2.54696
3.01264
2.52829
1.70306
1.70306
1.70306
2.36934
2.4132
2.4132
2.4132
2.57338
2.57338
3.0681
3.24418
2.26528
2.26528
1.80682
1.42397
1.42397
1.60519
1.37985
2.02742
2.16381
2.17078
2.14345
2.14345
2.6141
2.6141
1.79621
1.79621
1.79621
2.47108
2.11107
1.24398
1.5445
1.32139
1.32139
0.984917
1.58292
1.58292
2.11585
1.8842
1.8842
1.20555
1.61931
0.896015
1.2638
1.71535
2.35521
1.7645
0.927885
1.58997
2.22479
2.04145
2.03082
1.64388
0.917911
0.917911
0.883845
1.20901
1.21989
1.21989
2.07153
1.61458
2.26271
2.26271
2.00328
2.86001
2.82632
2.88816
2.20451
1.79881
1.79881
1.00014
1.76751
1.76751
0.95903
0.94191
0.94191
0.315286
0.0943687
-0.0199551
-0.485094
-0.9961
-1.28349
-0.899146
-0.899146
-0.899146
-1.22284
-1.22284
-0.73199
0.264248
0.247541
-0.0187224
-0.68818
-0.0363937
0.698651
1.16954
1.82491
1.82491
2.652
1.65279
2.45937
1.74214
1.74214
2.36978
1.54363
2.5405
1.59849
2.25306
1.33838
1.58187
1.89083
1.89083
1.89083
1.89083
2.49861
1.6053
1.77821
1.75928
0.940159
1.87885
1.88483
1.36712
1.35512
1.35512
1.9476
1.78486
1.78486
0.808362
1.74876
1.54097
1.45577
0.626856
1.53251
2.07497
1.90637
2.28818
2.28818
2.35424
2.27897
2.27897
1.92975
2.33965
2.33965
2.5713
2.42361
2.42361
2.23323
3.01116
3.01116
2.69397
2.85945
2.85945
2.85945
2.85945
3.55819
3.55819
3.55819
3.55819
2.95131
3.34139
3.34139
3.33971
2.9559
2.97034
2.66714
3.5141
3.18386
3.52863
2.96081
2.96081
3.30271
2.87757
3.70438
3.90872
3.30368
3.30368
3.0885
2.2873
2.69134
3.09755
3.09755
3.09755
3.56383
3.56383
3.56383
3.27652
2.30786
2.30786
2.56669
1.72324
2.18266
1.60079
1.30011
1.65979
1.55291
1.55291
2.45694
2.16424
1.79951
1.7942
1.7942
2.09832
1.55361
1.61477
1.05687
1.11237
1.11237
2.02397
2.31797
1.81132
1.81132
2.20066
2.5592
2.84119
2.3011
1.36473
1.21931
2.00781
1.60861
1.62265
2.22939
2.40544
2.66425
2.72353
2.24268
1.42069
1.91023
2.20714
2.49385
2.52902
2.12203
1.57978
1.24672
1.27364
1.23698
2.077
2.75504
2.75504
2.92024
2.92024
2.67734
1.99264
2.33209
2.33209
2.53736
2.53736
1.68282
1.68282
1.84731
1.66613
1.66613
2.61156
2.52529
1.79551
1.94966
2.61958
2.61958
2.80407
2.94271
2.94271
1.97674
2.48294
2.48294
2.04182
2.11604
2.9709
3.04507
2.38895
2.38895
2.19615
1.57424
1.01481
1.8549
1.64861
1.84715
1.86184
1.86184
2.59346
2.82001
2.88497
3.68194
3.64838
3.64838
3.64838
2.74711
2.91539
3.36743
3.67954
2.70948
2.23754
3.00736
2.08939
2.24897
3.17228
3.17228
4.04485
3.24979
3.24979
3.24979
2.34685
1.71495
0.784442
0.803036
0.803036
0.803036
0.897553
1.79804
1.78111
1.78111
2.29227
1.48562
2.18021
1.79127
0.813148
1.77806
2.68678
2.68678
2.68678
2.92171
2.97597
2.97597
2.73972
2.73972
2.73972
2.63557
2.63557
2.52607
2.29973
2.29973
2.29973
2.52709
2.52709
1.77641
2.11495
1.29651
1.51371
1.60425
2.51311
1.63278
1.94299
2.40879
2.40879
2.81339
2.81339
2.81339
2.45508
2.06563
2.06563
2.06563
3.06407
3.25714
2.52911
2.00056
2.00056
2.00056
2.87049
2.95932
2.58254
2.55128
2.03939
1.76666
1.17758
1.02529
1.48772
1.38213
1.60925
1.71991
1.71991
1.71991
2.66127
2.03056
2.03056
2.2259
1.33094
1.33094
1.50121
2.12328
2.71
2.7612
2.25321
2.31723
2.25159
2.25159
2.25159
2.75341
2.84487
2.98539
2.7778
2.37023
1.78777
1.12066
1.26442
0.913604
1.82694
1.82694
2.24141
2.65769
1.78231
1.31279
1.46141
1.35164
1.75001
2.45835
1.87558
1.60965
1.59848
1.4289
1.4289
2.17631
3.13668
2.83103
2.83103
2.23023
2.23023
2.23023
2.20729
2.80471
2.02299
1.1872
0.239352
0.902456
0.810024
0.810024
0.63119
0.525434
-0.43024
-0.211298
-0.0642165
0.0834687
-0.606145
-0.627638
0.367187
-0.0972944
-0.620981
-0.172311
0.499763
0.499763
-0.120607
0.723037
0.690203
1.1405
1.1405
0.98634
0.98634
0.98634
0.86111
0.472914
0.931463
0.417884
0.701277
0.707476
0.967711
1.32205
1.30368
1.30368
1.908
1.58352
1.51397
0.959771
0.990251
1.77611
1.8431
0.980249
1.25579
1.2097
1.2097
2.07173
2.65891
1.68993
1.40126
2.2639
2.02373
2.44103
2.44103
1.60796
1.71928
1.71928
1.71928
2.17063
2.17601
2.36372
2.36372
2.48452
2.02108
2.02108
2.02108
2.91278
2.54426
2.5147
2.27624
2.67052
2.75196
2.28891
2.08241
2.24823
2.24823
2.62767
1.78814
2.67522
2.653
2.281
2.81239
2.63189
2.54151
2.54151
2.3713
2.50261
1.60076
2.38949
2.38949
2.54555
1.5863
1.5863
0.788487
0.396257
-0.418116
-1.25325
-1.25325
-1.87121
-1.87121
-1.58094
-2.05196
-2.24879
-1.85977
-1.85977
-1.85977
-1.85977
-1.85977
-1.85977
-1.35557
-1.35557
-1.54894
-1.54894
-1.18484
-2.17777
-2.00886
-1.979
-1.83556
-1.35349
-1.35349
-1.2379
-2.0141
-1.47825
-2.37854
-1.70523
-1.70523
-2.28591
-1.91354
-0.986406
-0.611499
-0.611499
-1.06481
-1.06481
-1.06481
-1.06481
-1.06481
-1.45026
-2.43558
-1.58769
-1.95421
-1.95421
-1.03374
-0.930119
-1.57039
-1.53353
-1.9596
-1.7986
-2.70241
-1.70528
-1.70528
-2.01643
-1.66628
-2.47502
-2.87591
-2.04321
-1.91325
-1.78861
-2.70632
-2.13916
-1.34129
-0.956311
-1.70012
-1.64952
-2.21002
-2.21002
-1.93405
-2.40492
-2.3583
-2.3583
-2.44878
-3.25553
-3.25553
-2.42402
-1.54395
-1.67366
-2.25145
-1.43013
-1.20142
-1.65967
-2.05269
-1.64169
-1.64169
-1.2369
-0.743065
-0.414108
-1.1373
-1.1373
-1.1373
-1.37596
-1.37596
-1.04644
-1.67125
-1.67125
-2.63851
-2.61822
-1.93086
-1.93086
-2.04022
-1.2735
-1.50513
-1.50513
-1.70397
-1.24736
-1.59315
-1.59315
-1.59315
-1.59315
-1.13916
-1.60804
-1.60804
-2.59138
-2.59138
-3.06757
-2.77651
-1.85297
-1.92257
-1.29635
-1.29635
-1.99845
-2.2354
-2.2354
-2.2354
-2.7772
-2.87209
-2.49377
-2.61011
-2.26879
-1.80731
-1.98424
-2.79578
-3.57597
-3.23419
-3.23419
-3.23419
-3.23419
-2.86966
-2.82038
-2.42097
-2.61035
-2.61035
-2.61035
-1.76902
-1.62707
-2.49636
-2.78672
-2.78672
-2.15035
-2.6195
-2.6195
-1.66486
-2.06611
-2.03457
-2.97456
-2.97456
-2.589
-2.83704
-3.12266
-3.12266
-2.24005
-1.94807
-2.45922
-2.45922
-2.64688
-2.64688
-2.13621
-2.042
-1.73657
-2.46108
-2.74159
-3.2891
-3.2891
-3.2891
-3.02753
-2.80605
-2.80605
-3.08946
-3.08946
-3.17191
-2.68275
-3.47743
-3.59887
-3.59887
-2.85317
-2.649
-3.15319
-3.15319
-2.72156
-2.72156
-2.58534
-3.26377
-3.31375
-3.19505
-2.64306
-2.64306
-3.26668
-3.26668
-2.33787
-2.97883
-2.29894
-3.07256
-3.07256
-3.07256
-3.33501
-2.55606
-2.55606
-1.93826
-1.93826
-2.80483
-2.78214
-2.78214
-2.34272
-2.51391
-1.76265
-2.3497
-2.72825
-1.92467
-1.22097
-2.1832
-2.17218
-2.44621
-2.44621
-2.29318
-2.29318
-2.29318
-2.29318
-1.48384
-1.8747
-2.76841
-1.993
-1.41892
-2.2045
-1.95612
-0.958284
-0.927606
-1.12966
-1.19278
-1.19278
-1.62837
-1.59019
-1.24684
-1.31423
-1.90143
-1.9881
-1.82107
-0.913276
-1.88036
-1.3474
-1.77765
-1.57995
-2.0426
-2.20252
-1.7211
-1.81838
-1.544
-1.98052
-1.98052
-1.23941
-1.66173
-2.63169
-2.77294
-2.77294
-2.48836
-2.18578
-1.82037
-1.93143
-1.93143
-1.34212
-1.70314
-1.70314
-1.22456
-1.24858
-1.24858
-1.22853
-1.22853
-1.96574
-1.16364
-1.12819
-1.86301
-1.81959
-2.05883
-2.08097
-2.06933
-2.06933
-1.90743
-1.0769
-1.0769
-0.932678
-0.746066
-1.4488
-1.35731
-1.41961
-1.24218
-1.37123
-1.08616
-1.08616
-1.69125
-2.36635
-2.81928
-2.81928
-2.73358
-2.73358
-3.20964
-3.65998
-3.65998
-3.65998
-3.65998
-3.43756
-4.37916
-4.37916
-3.62025
-2.81587
-3.36231
-2.81252
-2.81252
-1.94941
-1.94941
-2.1499
-1.47997
-1.99548
-2.6273
-1.97707
-2.01387
-1.64686
-1.35438
-1.64577
-1.64577
-1.61318
-1.86458
-1.86458
-2.15638
-2.36901
-1.98618
-2.12574
-2.65195
-2.48053
-1.89803
-2.32838
-2.32838
-2.96176
-2.03344
-2.17817
-1.97065
-1.58297
-1.73817
-1.79404
-1.87054
-2.00912
-1.81836
-1.69133
-1.69133
-1.88604
-1.88604
-1.88604
-2.15809
-2.15809
-2.15809
-2.15809
-1.89765
-1.12151
-0.888273
-1.08432
-1.08432
-1.86139
-1.14414
-0.569231
-0.569231
-1.05266
-0.971634
-0.971634
-1.63519
-1.0686
-1.07057
-1.31282
-1.35087
-2.23333
-1.68173
-1.94559
-2.05957
-1.92741
-1.22057
-1.22057
-1.93607
-1.67933
-1.62814
-1.62814
-2.04637
-2.69282
-2.69282
-2.69282
-2.69282
-2.752
-1.90054
-2.64809
-1.69129
-1.83001
-2.2973
-2.2973
-1.88911
-2.28355
-2.15968
-1.79731
-2.04543
-2.04543
-2.04543
-2.04543
-1.40149
-1.40149
-1.4892
-1.4892
-1.63948
-2.63397
-1.79904
-2.67481
-3.63426
-3.13411
-3.13411
-3.30565
-3.30565
-3.03056
-2.41986
-2.41986
-2.41986
-2.19291
-2.19291
-2.09723
-2.96904
-2.96904
-3.26338
-3.26338
-2.50621
-2.50621
-2.60133
-2.05511
-1.39259
-1.39259
-1.39259
-1.39259
-0.633316
-1.56552
-1.27829
-1.62389
-1.59421
-1.59421
-2.17301
-2.5638
-3.19612
-3.19612
-2.39522
-2.39522
-2.32007
-1.95911
-2.24148
-1.67699
-2.50521
-1.71291
-1.42987
-1.63653
-1.63653
-2.56274
-2.56274
-3.20442
-3.20442
-3.20442
-3.20442
-2.6673
-2.5831
-2.32045
-2.32045
-2.32045
-2.32045
-3.13371
-2.77414
-1.94418
-2.14318
-1.33586
-1.33586
-1.33586
-1.55756
-1.5017
-1.87599
-2.41309
-2.35709
-1.67433
-1.67433
-1.00146
-1.00146
-1.41736
-1.12944
-2.08633
-2.36264
-2.36264
-2.515
-2.515
-2.515
-3.07517
-2.23584
-1.39837
-0.495665
-0.495665
-0.87055
-0.777217
-1.36386
-1.36386
-1.36386
-1.82301
-2.13606
-2.13606
-2.13606
-1.35708
-1.08956
-1.60478
-1.60478
-1.5578
-2.27274
-1.48219
-1.48219
-1.16202
-1.32034
-1.32034
-1.90937
-2.60923
-2.16775
-2.12197
-2.80708
-2.08664
-2.24998
-1.76742
-1.35208
-2.04628
-2.93426
-2.93426
-2.93426
-2.93426
-2.03062
-2.03062
-1.28283
-1.28283
-1.28283
-1.77042
-2.50495
-2.01785
-1.34141
-2.23848
-2.23848
-1.53458
-1.19731
-1.52748
-1.52748
-1.93884
-1.87273
-1.29711
-1.29711
-2.00048
-2.00048
-1.5428
-1.5428
-1.59134
-1.59134
-1.17179
-1.17179
-1.17179
-2.11919
-1.82639
-1.27296
-1.01375
-1.05682
-0.856375
-0.856375
-0.856375
-0.856375
-0.856375
-1.14679
-1.30408
-2.24866
-2.39082
-1.47426
-1.33004
-1.33004
-1.63138
-1.97067
-2.15512
-2.15512
-2.54965
-2.56327
-2.00193
-2.00193
-1.62062
-1.57853
-0.999131
-1.66069
-2.59595
-2.59595
-3.01763
-3.01763
-3.83342
-3.10568
-3.82822
-4.12955
-4.17002
-4.17002
-4.17002
-3.92688
-3.9211
-3.9211
-3.9211
-3.9211
-3.9211
-3.86022
-3.62671
-3.62671
-3.62671
-3.62671
-2.88893
-2.80164
-2.61553
-2.38724
-2.44818
-2.5423
-1.97206
-1.97206
-1.56314
-1.417
-2.26557
-2.26557
-1.95961
-2.30813
-1.67869
-1.67869
-2.05392
-2.23589
-1.84807
-1.26076
-1.26076
-0.885466
-0.771261
-1.18848
-1.50292
-1.35174
-1.18501
-1.36842
-1.36842
-1.39731
-1.39731
-2.06675
-1.43045
-2.01471
-1.82206
-2.05308
-2.94282
-2.94282
-2.94282
-2.32765
-1.78399
-1.73922
-1.32492
-2.27026
-1.68269
-1.81504
-2.07777
-1.33194
-1.98605
-2.8048
-2.78259
-2.78259
-2.39109
-2.33906
-1.90225
-2.69257
-2.83883
-3.55423
-3.59364
-3.23066
-3.23066
-3.27877
-2.83109
-2.81258
-3.33185
-3.08231
-3.08231
-2.67344
-2.67344
-2.98163
-2.94362
-2.94362
-2.94362
-2.94362
-2.27217
-2.27217
-2.16692
-1.75957
-1.27595
-1.65373
-1.78227
-1.78227
-2.30997
-1.78252
-1.20593
-0.76594
-0.114188
0.283643
1.10398
2.05196
1.58697
1.58697
1.12187
1.87732
1.87732
1.87732
1.87732
1.8102
2.03422
2.18622
2.03635
2.57491
2.79982
3.15667
2.16231
2.07089
1.97733
1.97733
2.49177
2.49177
1.66028
1.77065
1.77065
1.77065
2.02303
2.78953
1.80636
1.57838
2.4227
2.63623
2.42381
2.42381
3.09835
2.80513
2.71316
2.28781
2.28781
1.82695
2.02321
1.66845
1.66845
1.66845
2.30201
2.30201
2.30201
1.47926
1.56518
2.12171
1.47201
1.47201
2.18543
2.00733
2.00733
1.14028
1.99554
1.92663
2.54011
2.54637
1.89251
1.89251
2.60652
2.60652
2.61906
2.05647
2.05647
2.23346
1.74914
1.87184
1.67985
1.67985
2.43044
1.94504
1.94504
1.73226
1.41131
1.65946
1.1413
1.96629
1.73292
2.1204
1.68398
2.32268
1.43551
1.99321
1.99321
2.2348
2.2348
2.17273
2.54816
3.24902
3.24595
3.24595
3.02745
3.02745
2.22913
2.22913
2.16574
2.05073
2.05073
2.42211
2.83697
2.08989
2.9963
2.9963
2.9963
2.90907
3.54714
3.31544
2.71047
1.78982
1.8542
2.76765
2.28604
1.76848
2.67372
2.67372
1.98844
1.98844
1.98844
2.62883
2.62883
2.62883
2.84848
2.84848
3.44423
2.63845
2.63845
2.47288
2.47288
2.10184
1.89975
1.1891
1.35834
1.35834
1.35834
2.017
1.52232
1.73231
1.84726
1.84726
2.69729
2.13478
2.13478
2.20343
2.88381
1.89074
2.22538
3.00218
3.00218
3.00218
3.00218
3.00218
2.21927
2.21927
1.32162
1.18054
2.1215
2.50879
2.50879
2.07428
1.84391
2.52712
3.30497
3.30497
2.35306
2.14107
2.04266
2.9942
2.48509
3.19808
3.3844
2.56096
2.56096
1.85111
1.85111
1.85111
1.94195
1.99801
1.96399
2.31628
2.76494
2.24067
1.32163
2.15349
1.42206
0.752601
0.752601
0.653642
-0.302701
-0.302701
0.342015
0.544389
1.39071
2.23963
2.38176
1.80358
2.79475
3.03132
3.03132
3.03132
2.96478
2.42896
2.34965
2.4376
2.66189
1.75933
1.94508
2.23905
2.68773
1.83875
2.79348
2.2138
2.2138
2.2138
1.27754
2.23661
1.56508
1.56508
1.56508
1.58354
1.36324
1.33556
1.33556
1.40957
2.1595
1.66445
2.29448
2.49701
2.49701
2.49701
2.86248
3.22944
3.22944
3.22944
3.1274
2.64666
3.34367
3.34367
3.34367
3.45649
2.64898
1.69005
2.00645
1.07148
1.73563
1.79304
2.32568
1.61052
2.15142
3.08351
2.64781
2.22716
2.10849
1.17728
1.6814
1.75941
2.64153
2.30021
1.90085
1.90085
2.28615
2.21242
2.73794
1.9954
1.40762
1.13481
1.13481
1.39865
1.63122
1.44921
1.56543
2.35035
2.35035
2.60468
1.8007
1.61547
0.99186
1.12803
1.12803
1.30437
1.30437
1.60942
2.0116
2.93597
3.08012
3.08012
3.27067
2.31458
2.94687
2.94687
2.94687
2.94687
2.09011
2.09011
2.09011
2.09011
1.90672
2.47934
2.47934
2.47934
2.47934
2.05976
2.448
1.7525
2.53542
2.18397
2.32173
3.20197
3.20197
3.20197
3.20197
3.12587
3.12587
3.12587
3.12587
2.48074
2.48074
2.10177
2.10177
2.19822
2.15783
2.0934
1.23586
1.98555
2.47876
1.57953
1.45235
1.66767
1.66767
2.60267
2.60267
2.91529
2.91529
3.2627
3.40309
2.67074
2.61407
2.57597
1.93036
2.32323
2.70881
1.88491
2.61904
1.97332
1.91468
2.3622
2.00557
2.00557
2.00557
1.61721
1.61721
1.6361
2.61108
2.61108
3.06771
3.31906
3.86357
3.86357
3.86357
3.70306
3.83592
3.74612
3.57301
3.6877
3.6877
3.6877
3.45333
3.1889
2.47028
2.47028
2.46711
3.1102
3.50057
3.50057
3.50057
2.94449
2.84943
1.95839
2.02657
2.43782
1.59263
1.8459
1.91168
1.52792
2.05107
1.28832
1.56674
2.21944
2.33088
2.15923
2.56705
2.56705
1.5801
1.98723
2.9706
3.17294
3.17294
2.96699
2.96699
2.06491
1.22939
1.23484
1.65855
1.97711
2.55382
2.08618
1.65406
1.58632
1.38306
0.505094
0.858568
1.19667
1.72951
1.78371
1.49056
0.569103
0.333805
0.874255
0.874255
0.991131
0.991131
0.991131
1.92197
1.92197
1.92197
2.87046
2.87046
3.08022
3.4803
3.4803
3.4803
3.41631
3.60818
3.60818
3.07904
2.82154
1.86987
1.86987
1.53735
2.47234
2.07946
2.5086
1.51293
2.44191
2.44191
2.47731
2.47731
2.82156
2.82156
2.82156
2.50758
2.69432
2.01096
2.97017
2.97017
3.31225
4.1783
4.64992
4.64992
4.64992
4.64992
3.90134
3.90134
3.90134
3.17807
3.00643
3.00643
2.11839
1.74995
1.74995
1.74995
1.30733
2.18692
3.0996
2.6583
1.77147
1.59341
1.99984
1.99984
2.4632
2.50485
2.50485
2.25924
1.78234
1.50412
1.88754
1.88754
1.88754
1.27143
1.40062
1.68006
1.85394
1.31534
2.13076
2.55728
2.06018
2.7883
2.9675
2.74009
2.47616
2.47616
2.37567
2.06753
1.57504
2.11783
1.8137
2.42062
2.13102
2.42402
2.66514
2.74772
2.70852
1.92421
1.22216
1.05674
1.69974
1.79016
1.54073
1.54073
1.4889
1.97048
2.06055
2.14781
1.66491
1.49084
1.49084
1.49084
1.61322
1.94626
2.15695
2.66769
2.94206
2.94206
2.94206
2.42458
2.13414
1.87679
1.32017
2.13152
2.13152
2.54796
2.70135
2.70135
2.90102
2.90102
1.99548
2.48821
2.14625
2.14625
2.2255
1.65168
0.826068
1.4892
1.4892
1.85001
1.37967
2.31789
2.31789
1.51193
2.23744
2.67596
1.92175
2.29706
2.27215
2.27215
2.14978
2.73524
2.65236
2.32664
1.98894
2.91468
2.71933
2.59425
2.56727
2.43199
2.17656
1.61481
1.81426
1.42437
1.42437
2.36882
1.86044
1.47515
1.51854
2.04136
2.04136
2.63579
2.52937
2.36374
2.61151
2.61151
3.41282
3.44639
3.44639
3.44639
3.44639
2.93732
3.87392
3.09851
2.42494
2.83903
1.84183
2.65672
2.94449
2.42928
1.85072
1.85072
1.85072
2.08602
2.08602
2.23865
1.46086
1.57887
2.21805
2.21805
2.35829
1.43546
1.43546
1.46373
1.22901
2.14174
1.96833
1.99634
2.20654
2.03778
2.03778
1.67552
0.905091
1.21453
1.21453
1.11484
1.30455
2.05633
2.61525
2.0894
2.22209
2.22209
2.00961
2.00961
2.20724
2.79121
2.45198
2.45198
2.06365
1.60909
1.60909
2.01427
2.01427
2.01427
2.76726
1.935
1.19887
1.83979
1.83979
1.83979
1.83979
2.19046
2.39757
1.51571
1.51571
1.48111
2.0429
2.0429
2.47131
1.49369
1.6631
1.712
2.14749
2.4823
2.4823
1.49112
1.49112
1.49112
1.81651
2.23368
2.2872
1.73966
2.68689
3.19811
3.19811
2.63783
2.63783
2.63783
2.5973
1.8601
1.79549
1.58202
2.08753
2.08753
2.56888
1.99802
1.99802
1.13806
1.84759
1.84759
1.09407
2.03235
1.75083
1.60498
0.717326
1.45685
1.45685
1.45685
2.12729
2.17936
2.17936
1.59933
1.30553
1.30553
2.19501
1.54724
1.54724
1.92796
1.44135
1.44135
1.80276
1.30836
0.844831
1.60058
2.33977
2.49374
2.49374
2.32418
2.32418
2.21763
2.21763
2.21763
1.96131
2.38263
1.81914
1.81914
1.70698
1.70698
1.69011
1.57369
2.26842
2.96518
2.96518
3.91378
3.91378
3.91378
3.89572
3.89572
3.34803
3.29411
3.1408
3.1408
3.54738
3.54738
3.54738
2.8465
2.57359
2.57359
2.71028
2.46454
3.17298
3.29458
2.61925
3.36893
3.36893
2.80361
2.00461
2.38601
2.66923
2.49217
2.49217
2.15743
3.14431
3.25199
2.2844
2.2844
1.42159
1.6018
1.51136
1.47842
1.47358
1.47358
1.98317
2.25302
3.20069
2.62234
2.62234
2.89701
2.03274
1.868
2.58651
1.66144
2.64439
1.65769
1.65769
1.56806
1.90124
1.90124
2.73841
3.49559
3.49559
2.55389
1.9152
2.0945
2.0945
2.72846
2.51509
2.52855
2.52855
2.65314
3.09445
3.59854
3.57915
3.57915
3.43068
3.60241
3.8439
3.17311
2.33679
2.32855
1.51128
2.21673
1.69
1.06835
1.25969
0.767003
0.14007
0.151145
-0.225342
-0.120687
-0.701829
-0.701829
-0.770048
-1.47596
-2.25212
-1.89347
-1.89347
-1.38652
-1.85791
-1.56903
-1.62347
-1.62347
-1.76753
-1.76753
-1.48172
-1.6045
-1.6045
-1.12757
-1.69035
-1.94994
-2.87072
-3.76511
-3.26503
-3.33146
-3.19938
-2.96785
-3.36539
-3.36539
-2.59581
-3.06098
-3.06098
-2.67784
-3.10859
-3.10859
-3.10859
-3.23912
-3.23912
-3.23912
-2.40007
-2.40007
-2.54512
-2.54512
-2.54512
-1.66301
-1.2952
-1.13408
-1.56561
-0.736185
-0.845236
-1.75032
-2.68563
-3.2811
-3.33345
-2.8216
-1.82421
-1.82421
-2.1545
-1.70236
-1.24565
-1.69649
-2.33426
-1.9368
-2.04935
-1.94959
-1.94959
-1.49138
-1.49138
-1.37076
-1.37076
-1.37076
-0.807861
-1.68588
-2.67955
-2.85356
-2.85632
-2.67743
-2.12474
-2.12474
-2.74462
-2.33132
-2.72104
-2.72104
-2.19834
-2.19834
-2.19834
-1.9573
-2.23214
-2.472
-2.472
-2.09393
-1.88974
-2.05235
-3.04772
-3.04772
-2.05526
-2.1499
-2.5295
-2.48428
-2.3909
-2.80316
-2.15676
-1.79918
-1.80127
-1.80127
-0.882969
-1.30216
-1.68241
-1.6194
-1.6194
-1.60349
-1.32402
-1.19404
-1.19404
-1.19404
-1.19404
-1.37071
-0.878518
-1.52531
-1.78718
-2.0425
-2.23872
-3.10183
-3.10183
-3.97898
-3.80356
-3.80356
-3.7307
-3.24632
-4.02492
-4.02492
-4.02492
-4.02492
-3.93065
-4.12199
-3.65985
-3.09403
-3.09403
-3.03603
-2.42799
-1.73686
-2.13097
-2.13097
-2.13097
-2.57572
-3.07667
-3.07667
-2.27685
-1.74458
-1.74458
-1.74458
-1.7861
-1.76267
-2.23736
-1.32192
-1.66406
-1.66406
-1.76002
-2.55642
-2.55642
-3.1695
-3.77639
-3.23701
-3.15539
-3.56244
-3.20145
-3.20145
-3.00371
-3.00371
-2.45848
-2.45848
-2.54186
-2.43333
-2.43333
-1.71144
-1.42027
-1.42027
-1.76968
-1.22189
-1.06614
-0.249411
-0.375844
-0.894711
-0.855537
-0.855537
-0.378116
-0.148788
-0.691143
-0.338218
0.358374
0.152496
0.104762
0.965512
0.982756
1.23486
1.17029
1.26514
1.52066
1.56985
2.30413
3.12163
3.1843
3.47248
3.64124
3.64124
3.66988
3.20136
3.20136
2.40126
2.40126
2.7104
2.7104
1.83426
1.11198
1.92702
2.15422
1.60834
1.60834
1.80083
1.80083
1.11943
1.58095
1.58095
1.58095
2.2643
1.59389
1.03391
1.03391
0.188284
1.12764
1.97114
2.22314
2.22314
2.22314
2.22314
1.61787
1.61787
1.61787
1.56863
1.08882
2.02107
2.85805
2.85805
2.85805
3.01955
3.01955
3.01955
3.24642
2.90595
2.34771
2.13441
1.93573
1.93573
1.37121
1.29896
1.24236
1.23629
1.23629
2.21307
2.38381
1.82114
1.42354
2.38402
2.32913
2.17616
2.84667
2.0832
1.85334
1.82909
1.69507
1.80164
1.21874
0.281927
0.510164
0.529309
1.10656
0.711711
0.711711
0.711711
0.711711
0.711711
1.27164
1.40273
1.40273
1.76737
1.8764
1.8764
1.44697
1.57247
1.57247
1.57247
1.47947
1.53517
1.67387
2.47333
1.85839
1.78664
1.78664
1.50163
1.50163
1.77266
1.77266
1.77266
1.77266
2.29474
2.53502
2.10204
1.64712
1.64712
1.83706
1.40199
1.3467
1.5666
0.788697
0.540421
-0.0658441
0.208361
0.360865
1.04395
1.77823
2.21508
1.59579
1.32434
1.71772
1.49247
2.3147
1.54338
2.4272
2.66755
2.23585
1.9007
1.9007
1.30768
1.1276
1.86626
1.65695
1.65695
1.65695
2.58323
1.9926
2.48587
2.17904
2.54441
2.67206
3.27356
2.65507
3.50616
3.80208
3.12042
3.46216
3.46216
2.93216
2.07675
1.48867
2.37521
2.81677
2.03675
3.01941
2.99926
2.99926
3.13273
2.5197
2.68508
1.91754
2.77565
3.13396
2.63961
2.38121
2.38121
1.96489
1.56568
1.56568
2.05621
2.05621
1.48973
1.26805
1.26805
2.01094
2.5886
2.5886
1.67195
1.67195
1.60515
2.51335
1.66858
1.66858
0.986989
0.986989
1.07124
1.75239
0.795027
0.983007
0.983007
1.01722
1.01722
1.72482
1.72482
2.59932
2.47896
2.47896
1.63388
1.63388
2.34521
1.69198
2.10546
2.10546
1.45393
1.45393
0.96955
1.28282
1.28282
1.13656
0.983388
1.32646
1.24581
1.13346
2.03063
2.03063
2.03063
2.65181
1.98653
1.37267
1.37267
0.96215
0.940719
1.12799
1.56183
1.79146
2.29151
2.31242
2.2041
2.09135
1.62774
1.53915
1.53915
2.08641
2.08641
2.08641
1.75052
2.63101
2.15553
2.15553
2.00874
2.65542
1.69018
2.25662
1.85736
2.42606
2.57876
2.57876
2.84974
3.34186
3.34186
2.99102
2.99102
2.95956
2.95956
2.73638
2.70351
3.05343
2.46048
2.38119
1.56838
1.62439
1.62439
1.15625
2.08125
2.08125
2.8055
1.90775
1.71142
2.69797
1.93999
2.86529
2.72005
2.55026
3.22875
3.22875
2.40049
1.44704
2.33716
2.28846
2.28846
2.66886
2.14564
1.92613
1.92613
1.71514
1.71514
1.71514
1.83601
1.83601
2.81172
2.40529
2.40529
2.40529
1.86884
1.08261
1.11236
1.11236
0.800055
0.800055
1.75422
2.35033
1.41443
1.86393
1.86393
2.12888
2.00071
2.00071
2.28362
2.28362
2.28362
2.65569
2.10518
2.2487
2.78638
2.31151
1.63815
1.63815
1.46541
2.02553
2.02553
1.92092
1.11083
0.49235
0.642161
0.642161
0.642161
1.26253
0.875349
1.0102
1.15236
1.83776
2.79879
2.79879
2.79625
2.04562
2.04562
2.04562
2.27365
2.85009
2.5357
2.66323
2.26892
2.26892
2.26892
1.48197
1.21942
1.9578
1.9578
1.9578
2.79066
3.13024
2.18649
2.18649
1.593
1.96763
2.44835
1.93503
2.91016
2.96226
3.63454
3.5606
2.84944
2.85447
2.85447
2.94169
3.68331
2.78841
2.32406
2.62146
2.95826
2.95826
2.83473
2.83473
2.77319
3.0402
3.0402
3.0402
3.0402
2.10198
2.10198
2.62167
2.35143
2.17995
2.05406
2.36357
2.67594
2.67594
3.38774
2.61594
2.41948
1.66694
1.60716
2.14913
1.51608
1.51608
2.10061
2.10061
1.87153
1.87153
1.74385
2.04185
1.26325
1.50472
2.24663
3.1408
2.26724
1.93562
1.74007
1.74007
1.58751
2.18632
2.97616
2.57344
1.67141
1.67141
1.59537
2.09144
2.97282
2.60476
2.33337
2.33337
2.33337
1.51712
1.91948
1.91948
1.28022
1.28022
0.514851
0.472877
0.889417
0.889417
1.3119
1.14406
1.93967
1.26634
1.46906
1.9031
1.45126
1.34821
0.728616
1.6684
1.07131
1.07131
1.07131
1.07131
1.07131
1.40319
1.74304
0.750761
1.08227
1.73107
1.62936
1.62936
1.26189
2.13979
2.95728
2.95728
2.66381
2.66381
2.26089
2.26089
2.26089
2.26089
3.2381
3.2381
2.55893
2.35005
2.20865
1.52645
1.28674
1.01397
1.32532
0.946019
0.747853
0.747853
1.13743
1.81196
2.57673
2.56769
2.56769
2.66037
1.74217
1.96995
2.18411
2.18411
2.38858
1.57575
1.81285
1.70735
1.7071
2.12061
2.12061
2.00045
1.65849
1.16005
1.12891
1.25494
1.11798
0.790891
0.423473
0.780031
1.10976
1.90922
1.90922
2.87514
2.67196
2.67196
2.51834
2.51834
1.68421
1.43465
2.16751
1.64792
2.35736
1.9435
2.3837
2.37137
1.49765
1.10766
0.632467
1.24144
0.943397
1.16417
1.86971
2.06076
2.06076
1.92215
1.92215
1.92215
1.67201
1.67201
1.67201
0.874545
1.54006
1.46055
1.46055
2.06557
2.55071
3.51592
3.51592
2.92194
2.92194
3.02927
3.02927
3.02927
3.02927
3.27322
3.27322
3.3145
3.3145
3.3145
3.19048
2.19064
2.03852
2.7773
2.31053
2.52666
2.52666
2.50889
2.50889
2.73845
1.76607
1.60698
1.60698
1.56931
2.42029
2.42029
2.42029
3.07987
3.5956
3.19151
2.99254
2.78087
2.78087
2.78087
2.38799
2.38799
1.82629
2.27612
1.6754
1.85728
0.910755
0.711412
1.04862
1.16736
1.16736
0.671248
-0.303059
-0.787178
0.0102233
-0.530209
-0.530209
-1.20318
-1.28489
-1.30408
-2.02372
-2.21348
-1.73777
-1.56419
-1.56419
-1.56419
-1.26795
-1.66191
-2.25839
-1.45519
-1.45519
-1.99669
-1.99669
-1.51924
-2.42146
-1.81471
-1.00028
-1.21521
-1.21521
-1.21521
-0.889347
-0.774562
-0.774562
-1.74258
-1.53499
-1.8875
-2.47144
-2.12012
-1.62952
-1.01757
-1.74093
-1.64395
-1.85956
-1.85956
-1.39198
-1.93293
-1.93293
-2.04194
-2.84184
-2.84184
-2.84184
-2.82456
-2.82456
-2.36823
-1.80982
-1.97418
-2.30894
-2.61117
-1.81811
-1.97906
-2.35218
-2.35218
-2.35218
-2.62611
-1.88577
-1.89149
-1.89149
-1.86366
-2.01163
-1.283
-1.81861
-1.7655
-1.7655
-1.7655
-2.33381
-2.84825
-2.92345
-2.22175
-1.50368
-1.83824
-2.06477
-1.39568
-1.00642
-0.0929624
-0.0341024
-0.873924
-1.57677
-1.37432
-1.37432
-0.662414
-0.662414
-1.60455
-1.60455
-1.95172
-1.42575
-0.659416
-0.659416
-1.26633
-0.61508
0.181593
-0.57389
-1.34723
-1.31731
-1.31731
-1.59608
-1.59608
-1.97515
-1.97515
-2.02718
-1.97439
-2.20118
-2.17404
-2.17404
-2.65346
-1.9042
-1.9042
-2.79041
-2.40915
-1.55993
-1.8612
-1.54374
-2.47391
-2.25399
-2.25399
-3.12563
-3.12563
-3.02383
-3.41024
-2.75406
-2.75406
-2.75406
-2.07399
-1.74616
-1.15081
-0.495374
-1.14372
-1.34982
-1.19888
-0.61295
-1.33208
-1.33208
-1.69723
-2.26479
-1.88296
-1.66342
-1.96324
-2.94604
-2.50103
-3.26772
-2.32176
-2.32176
-2.32176
-1.81497
-1.7653
-1.46837
-1.31297
-1.28601
-1.06263
-1.08973
-1.39138
-1.01449
-1.79486
-1.55813
-1.70458
-1.19115
-1.19115
-1.19115
-0.257434
-0.0361968
0.905961
0.946145
1.42792
1.52645
2.36886
2.76718
2.32407
2.32407
2.32407
2.32407
2.22137
1.98214
1.72878
1.76256
2.30999
2.30999
2.30999
1.79401
1.79401
2.32785
3.02346
3.22691
3.22691
2.45055
2.45055
2.12372
1.92916
1.90121
1.72438
1.94078
1.53876
2.41587
2.67286
2.67286
2.67286
2.67286
2.67286
2.89945
2.89945
3.22602
2.98751
2.98751
2.98751
2.95224
2.95224
2.1015
1.44225
1.4877
1.4877
1.47288
2.08532
1.83293
2.58139
1.92701
1.92701
2.19667
2.19667
2.19667
2.19667
2.19667
1.90987
2.0639
1.59394
1.60427
1.54682
1.08267
1.08267
1.47107
2.34804
1.69376
1.40967
2.38918
2.99536
2.41041
2.8533
2.47427
1.73408
2.31718
2.93907
2.19577
1.50147
1.50147
2.20337
2.34175
2.67667
2.63575
2.36085
2.88539
2.22637
2.27801
3.0194
3.0194
3.0194
2.7145
1.98817
1.68985
2.00848
2.21179
2.21179
2.28686
2.28686
2.36329
1.72088
1.72088
1.72088
1.5306
1.19012
1.78469
2.32856
2.03102
2.03102
1.87261
2.47904
2.47904
2.47904
2.35884
2.35884
1.48932
1.48932
2.13072
2.13072
2.06101
2.0966
2.0966
2.27749
2.26825
2.26825
2.58918
1.69271
2.59389
2.54759
2.1222
2.1222
2.77343
2.88513
2.88513
2.12432
2.21351
1.32438
0.746313
1.05487
1.56479
1.55201
1.47527
2.15944
1.67914
1.67914
1.86023
1.8305
1.82359
1.77833
1.40218
1.74505
1.74505
1.20008
1.20008
1.54938
1.88675
2.4782
2.46205
1.80186
1.21106
1.86334
1.86334
0.874649
1.10862
1.84685
2.83582
2.83582
1.90316
2.59157
3.48434
3.02212
2.43513
2.76616
1.99053
1.89383
2.69833
2.38748
2.00656
1.38359
1.6298
1.60114
2.1342
1.19091
1.45645
1.45766
1.45766
1.57547
1.0215
1.0215
1.0215
1.34158
1.19554
1.41645
1.74346
2.13211
2.13211
2.48068
2.48068
1.83664
1.83664
1.30611
1.9383
2.52438
2.51812
2.6766
1.70076
2.16685
2.72052
2.08899
1.5592
1.19396
1.19396
0.919817
0.919817
1.05107
0.953034
1.12113
1.12113
2.10397
1.81604
0.936325
0.936325
0.936325
1.28979
1.77166
1.77166
1.80707
2.65946
2.05319
1.5538
1.5538
1.5538
1.5538
2.23649
2.46592
2.46592
2.47739
1.59287
1.43144
1.43144
1.62982
1.67242
1.62546
2.29435
2.94157
2.84779
2.39558
1.84255
1.84255
1.33723
1.33723
1.8218
1.8218
1.8218
1.30968
1.30968
1.30968
1.16297
1.51336
1.56148
1.21415
1.35256
1.97536
1.57573
1.63607
1.72231
1.4383
1.44408
1.16977
1.16977
1.16977
0.369428
-0.276415
-0.268372
0.726733
0.726733
1.33819
1.48165
1.03396
1.03396
2.01592
2.01592
2.01592
2.01592
1.42626
1.51836
1.36124
2.1739
2.1739
2.45414
2.16558
1.77654
0.997077
1.83279
1.45757
1.45757
1.45757
1.9238
1.74078
1.14011
1.30889
1.96304
1.96304
1.78934
1.78934
2.52342
3.20205
3.20205
3.20205
3.20205
3.20205
3.28129
3.28129
3.28129
2.78445
2.78445
1.9732
1.78602
1.91439
1.68036
2.60666
3.13067
2.90693
2.56124
3.05822
2.28284
1.81768
1.70528
1.72874
2.33829
3.21563
3.21563
3.19442
3.19442
3.19442
2.86034
2.7442
2.36021
2.36021
2.36021
1.69784
1.93232
1.61963
1.61963
1.12229
1.30192
1.71846
2.01747
2.63542
2.1674
1.94128
0.991615
1.17695
1.17695
0.960107
1.30018
1.30018
1.30861
1.30861
1.77126
1.68723
1.73589
1.60247
2.2098
1.51208
1.33424
2.15363
2.15363
2.64135
3.05022
2.76786
2.76786
2.24933
2.24933
2.46459
2.95305
2.80213
1.95353
1.95497
2.05276
1.24094
1.62531
0.639012
1.04761
0.166332
0.663861
0.663861
0.663861
0.890178
1.05889
0.100014
-0.0244621
0.697791
0.341342
0.770907
-0.0208268
0.511879
0.511879
0.777143
0.893614
0.893614
1.45319
0.840917
1.4377
0.846251
1.56165
1.03929
1.03929
1.5051
1.02657
1.02657
1.02657
1.15725
2.06428
2.87692
3.31908
3.31908
3.31908
2.60321
2.24947
2.24947
2.24947
2.05589
1.85667
1.84906
1.01286
0.950128
1.03725
1.08595
1.15474
1.15474
1.74609
1.74609
1.28496
2.21496
2.74011
3.29455
2.75991
2.44054
1.78774
2.2538
2.0488
1.36745
1.36745
1.36745
0.86374
0.86374
0.86374
0.646269
0.991349
0.856249
0.865083
1.54737
1.72569
1.89519
2.69116
2.05966
1.9303
1.46786
1.39278
2.34508
2.34508
1.69871
0.994873
0.956568
1.12993
1.67602
1.67602
2.40748
2.40748
1.75726
1.73922
1.10097
1.10097
1.10097
1.31753
1.31753
1.18236
1.33667
1.43748
2.25073
2.11286
2.27557
1.81275
2.14583
2.3911
1.83512
1.83512
1.78323
1.88215
1.88215
2.3851
2.3851
3.32095
3.45487
3.06594
2.80635
2.80635
2.30304
2.30304
2.92001
2.92001
2.42581
2.72523
2.65201
2.34523
2.13534
1.14336
1.76686
1.76686
2.37809
2.40043
2.40043
2.07616
2.90679
2.90679
2.73514
2.27311
1.92481
1.93324
1.93324
1.93324
1.72984
1.72984
2.10724
1.90928
1.94847
1.10411
1.10411
0.590154
1.4926
1.4926
1.4926
1.4926
2.33294
2.18609
2.24647
2.44099
1.80162
1.64239
2.17013
1.28439
1.59163
1.59163
1.79411
0.811435
1.71848
1.76506
1.76506
1.76506
1.96314
2.26961
1.83401
2.15372
2.24638
2.36965
1.73432
2.41704
2.00765
2.94105
2.19747
2.78263
2.32732
2.32732
2.80511
2.80511
2.69689
2.69689
2.34723
1.86379
1.86379
1.28974
1.28974
0.405156
0.151572
-0.749185
-1.36857
-1.60719
-2.49077
-2.55168
-3.17689
-2.9428
-2.9428
-3.31772
-2.97525
-2.38673
-1.5293
-1.5293
-2.38156
-2.19726
-1.94061
-2.46423
-2.32444
-2.47905
-1.81284
-1.41311
-0.885573
-0.539768
-0.318759
-0.596333
-0.160043
-0.637061
-0.0178868
-0.62454
-0.656351
-1.60589
-1.60589
-2.50111
-1.83841
-2.58106
-2.41098
-2.55162
-3.09927
-2.73695
-2.83399
-1.97932
-2.44594
-2.44594
-2.44594
-2.44594
-1.92593
-1.92593
-2.04707
-2.05747
-2.2321
-2.37887
-2.60681
-2.56572
-2.1545
-1.54653
-1.54653
-1.87908
-1.87908
-1.48384
-2.07574
-2.51488
-2.23904
-2.16986
-2.94744
-2.77149
-2.54027
-2.3785
-2.3115
-2.3115
-1.90779
-1.32778
-0.454012
-1.3182
-1.3182
-1.04427
-0.993087
-0.993087
-0.993087
-1.57017
-2.47249
-1.97684
-1.98883
-2.44557
-2.44557
-2.67126
-3.21568
-2.81531
-2.6917
-1.79495
-1.80127
-1.80127
-2.41111
-2.20698
-2.13098
-1.75111
-2.35455
-1.36875
-1.08706
-1.81681
-1.42225
-1.42225
-2.21779
-2.52847
-2.36904
-2.11524
-2.11524
-1.99164
-1.62775
-1.80516
-2.0953
-2.0953
-1.3171
-1.3171
-1.3171
-0.786981
-1.71409
-2.70175
-2.70175
-2.84071
-2.32739
-2.47399
-2.20079
-1.65662
-1.68546
-2.35951
-2.36784
-2.66143
-2.22136
-1.35462
-1.35462
-2.00511
-2.37573
-1.5765
-1.5765
-1.73552
-2.51415
-2.48099
-2.48099
-1.68929
-1.67489
-2.19308
-2.19308
-1.63763
-1.63763
-2.10608
-2.32588
-1.88527
-2.089
-2.089
-2.29366
-2.29366
-2.29366
-2.29366
-2.80225
-3.29125
-3.40084
-2.47491
-2.70519
-1.95998
-1.95998
-2.5049
-2.5049
-2.53549
-3.09746
-3.09746
-3.03341
-2.29214
-2.33257
-1.60041
-1.99799
-1.84252
-2.41468
-2.32989
-1.69668
-2.01326
-2.35058
-2.35058
-1.91489
-2.66919
-2.50687
-2.34217
-1.67118
-1.23931
-1.85034
-1.85034
-2.2539
-2.36588
-2.5943
-2.32439
-2.32439
-2.32439
-2.52348
-2.52348
-2.17015
-2.17015
-2.19229
-1.66276
-1.81622
-1.81622
-1.42795
-1.42795
-1.0665
-1.0665
-0.752434
-0.808333
-1.75607
-1.2316
-1.2316
-1.62364
-1.62364
-1.62364
-1.62364
-1.65
-1.80559
-1.77395
-2.20158
-1.39358
-1.39358
-1.39358
-1.72017
-1.5606
-1.61147
-2.26102
-2.09883
-2.4132
-2.40219
-2.40219
-2.2044
-1.3456
-1.44339
-1.81027
-2.49843
-2.49843
-2.23222
-2.61164
-1.8932
-1.8932
-1.8932
-2.12471
-2.12471
-2.97627
-2.93237
-2.79595
-3.5944
-3.5944
-3.5944
-2.90146
-3.54585
-2.79303
-2.79303
-2.10689
-2.46633
-2.26441
-2.65656
-2.37062
-2.03836
-2.03836
-2.03836
-1.7468
-1.7468
-2.38543
-2.47664
-1.79814
-1.79764
-2.07624
-1.67644
-1.31226
-2.23968
-1.81024
-2.3349
-1.53232
-1.77354
-1.77354
-2.70435
-1.83127
-1.83127
-1.64174
-1.58823
-1.57869
-0.770983
-0.770983
-1.40455
-1.40455
-2.15022
-3.07136
-3.95117
-3.95117
-3.95117
-3.61366
-3.61366
-3.65688
-3.42088
-3.42088
-2.7716
-2.77735
-1.91127
-2.74568
-3.08557
-3.08557
-3.08557
-2.34894
-2.81009
-2.14206
-1.53653
-1.53653
-2.44784
-2.97747
-2.97747
-2.18752
-1.53528
-1.3479
-0.745609
-0.805569
-0.725607
-0.567983
-0.567983
-0.751304
-0.751304
-1.08627
-1.77416
-1.77416
-1.16078
-1.9805
-1.36364
-1.71958
-1.71936
-2.5493
-3.4114
-3.4114
-3.4114
-3.4114
-2.81864
-2.61709
-2.80033
-2.78291
-2.75734
-2.75734
-2.25122
-2.65067
-2.87742
-2.87742
-2.22601
-1.47433
-2.28104
-1.80986
-1.80986
-1.78086
-2.04589
-1.99027
-1.99027
-2.33726
-2.63981
-2.45696
-2.95886
-3.13539
-3.13539
-2.36147
-2.4415
-2.4415
-2.4415
-1.66338
-2.25765
-2.25765
-2.25765
-2.44768
-1.59128
-1.51971
-1.51033
-1.35654
-2.28048
-2.0083
-1.25398
-1.20912
-1.10069
-0.846732
-0.846732
-0.417894
0.27413
-0.619615
-1.21477
-1.8954
-2.7086
-2.85743
-2.9632
-2.54688
-3.14697
-2.77185
-2.77185
-2.77185
-2.33481
-2.67815
-2.71893
-2.28497
-2.28497
-2.28497
-2.28497
-2.09406
-2.09406
-1.51742
-1.51742
-2.48596
-2.48596
-2.48596
-2.87858
-2.87858
-2.87858
-1.89953
-1.89953
-1.68684
-0.711896
-0.711896
-0.711896
-1.42725
-1.18512
-1.9954
-2.6703
-1.93944
-1.93944
-1.93944
-2.46927
-2.46662
-1.82831
-0.864442
-0.864442
-0.829612
-1.04408
-1.83074
-1.19614
-1.81002
-1.98195
-1.98195
-1.98195
-1.98195
-1.98195
-1.03383
-1.58837
-1.29346
-2.2333
-1.58116
-1.90104
-1.76636
-2.38566
-1.84011
-1.84011
-2.78942
-2.78942
-3.10473
-2.37163
-1.87006
-2.63285
-2.34499
-2.67066
-2.67066
-2.01332
-2.47526
-2.47526
-1.97849
-1.97849
-1.12573
-1.34426
-1.72455
-2.23703
-2.23703
-2.58414
-2.58414
-2.69517
-2.05557
-2.00158
-2.3352
-1.76613
-2.62034
-1.86564
-2.55207
-2.55207
-2.55207
-2.06592
-2.65716
-2.79622
-2.90114
-2.79379
-1.94104
-1.76621
-1.51461
-1.77524
-1.71477
-1.05213
-1.024
-1.024
-0.909088
-1.54121
-1.38952
-1.38952
-2.32197
-2.48185
-2.48185
-2.16511
-2.16511
-2.16511
-2.25412
-2.56253
-2.42548
-2.42548
-2.23847
-1.48605
-1.91659
-2.31435
-1.99061
-1.34362
-1.23182
-0.881351
-1.50163
-1.89269
-1.89269
-1.89269
-1.89952
-1.62624
-1.85634
-1.85634
-1.85634
-1.42353
-1.46557
-1.08269
-0.652349
-1.06962
-1.06962
-1.57396
-1.56488
-1.70234
-2.11135
-2.65225
-2.21915
-2.32832
-1.50949
-1.64774
-1.58353
-2.08299
-1.76466
-2.45995
-2.45995
-1.94127
-1.94127
-2.884
-2.72952
-3.23288
-3.23288
-2.66715
-3.04856
-2.36511
-2.36511
-1.95448
-1.95448
-2.40803
-2.14526
-1.51326
-1.79001
-1.00964
-1.32366
-1.32366
-0.984355
-0.976752
-0.0766853
-0.363542
-0.158287
-0.899195
-0.923584
-0.874416
-1.54011
-1.54011
-1.07356
-1.44357
-1.69478
-1.3971
-1.3971
-2.3756
-2.3756
-2.3756
-2.97048
-2.19562
-2.34212
-1.86474
-1.36801
-1.80831
-2.58951
-2.16769
-2.33884
-2.64536
-2.64536
-2.98423
-2.09095
-2.06119
-1.83844
-1.75786
-2.07009
-2.07009
-1.18274
-0.903509
-0.903509
-0.903509
-1.37378
-1.5871
-2.2817
-2.00953
-2.00953
-1.78457
-1.78457
-1.04148
-1.37688
-0.868223
-1.00467
-0.207382
0.667727
0.231231
0.746201
1.23052
1.23052
1.28575
1.6987
1.29175
0.845153
1.10239
1.02975
1.24749
1.12713
1.57444
2.56275
1.74823
1.88014
1.88014
2.5274
1.70225
2.5677
2.5677
2.5677
2.7472
2.96053
2.09723
2.09723
1.51724
1.34692
1.31799
1.6384
1.51968
1.66389
1.66389
1.91427
1.2663
1.09349
1.11172
1.23523
1.23523
1.20458
0.801148
1.06738
1.87146
1.58323
2.51977
2.77481
1.82845
2.7445
2.7445
1.87038
2.56562
2.56562
2.56562
3.07778
2.49552
2.49552
2.51068
1.93539
1.93539
1.99376
1.34109
2.27135
2.27135
1.50863
1.56407
1.56407
1.56407
2.13989
1.27326
1.0885
1.0885
0.409507
1.16295
2.11987
2.03797
1.29749
1.56325
2.06819
1.90852
1.7821
1.7821
1.82817
1.82817
2.30065
1.35023
0.788332
0.821731
0.641494
1.18091
1.99917
2.35084
1.85759
1.12904
0.23767
0.338249
0.016701
0.00646991
-0.706623
-0.308282
0.39018
-0.459769
-0.459769
-0.539468
-0.594725
0.304669
-0.310354
0.297518
-0.543554
-0.0766298
0.38656
0.38656
1.01354
1.01354
1.2384
1.99083
1.94055
1.52158
2.48146
2.39849
1.66548
2.30162
2.30162
1.93872
1.93872
1.93872
1.11518
1.11518
0.886747
0.761678
1.1136
1.80195
1.1063
1.1063
0.765856
0.861754
0.245151
0.599083
0.599083
1.17755
1.27621
1.58852
1.29616
0.538865
0.658334
-0.0969744
-0.348507
-0.509601
-1.11647
-1.31707
-1.31707
-1.65058
-1.6454
-2.615
-3.31962
-3.31962
-3.18002
-3.18002
-3.18002
-2.68107
-2.24884
-2.24884
-2.24884
-2.12802
-1.13613
-0.561961
-0.561961
-0.895362
-0.895362
-0.260005
0.0454729
0.975778
1.75286
1.75286
1.75286
1.75286
1.69987
1.94478
1.43663
1.43663
0.472478
1.01261
1.01261
1.46286
1.62856
2.42497
2.48882
2.43905
1.89911
0.910637
0.569351
1.47072
1.49051
1.89298
1.25375
0.823088
0.878797
0.0751934
-0.223768
-0.25136
-0.850002
-1.33847
-1.1509
-1.25354
-1.25354
-1.97273
-1.97273
-1.65107
-0.960703
-0.902971
-1.26471
-1.63056
-1.63056
-1.5749
-2.48013
-1.60945
-1.60945
-1.70107
-1.81039
-1.17991
-0.993658
-0.592033
-0.54901
-0.54901
-0.54901
0.263022
0.313972
1.12748
0.821147
0.821147
0.676822
1.02067
0.357636
-0.591727
-1.46629
-1.88078
-0.946686
-0.946686
-1.18396
-1.21684
-1.96973
-1.96973
-1.96973
-1.32051
-1.13808
-1.9468
-1.9468
-1.1195
-1.1195
-1.1195
-1.1195
-1.1195
-2.07924
-1.26818
-0.722544
-1.19767
-0.573618
-0.265276
-0.0614723
-0.53419
-0.320282
-0.311302
0.573707
0.573707
1.53785
2.20985
2.20985
1.92062
1.92062
1.25521
1.25521
2.25048
1.41414
1.41414
1.94577
1.75617
1.75617
1.31703
1.12066
1.50073
1.7857
2.65693
2.0503
2.10773
2.10773
2.78263
2.4653
1.53928
1.53928
2.4826
2.4663
1.73353
1.97541
1.19645
1.11091
0.84898
1.43754
1.43754
2.04685
2.04685
2.04685
2.04685
2.39576
2.85337
2.82069
2.82069
2.82069
2.82069
2.29641
2.29641
3.14243
2.7551
3.16472
3.29198
3.45758
3.45758
3.35627
2.99154
2.73443
3.58944
3.54132
2.71893
3.02558
3.02558
3.02558
3.32192
3.29389
3.29389
3.50838
3.4074
3.4074
3.02451
2.98104
2.71254
2.71254
2.50812
2.00645
2.79027
2.79027
2.57529
2.57529
2.93045
1.95541
1.45125
1.45125
1.45125
1.17931
1.17931
1.77624
1.77624
1.77624
1.01059
1.34908
1.34908
2.20888
2.60354
1.75507
2.4819
1.86438
1.86438
1.99132
2.54726
2.54726
3.07279
3.9341
3.9341
3.9341
3.88799
3.12981
2.18166
2.0506
2.0506
1.78566
1.21832
1.24273
0.993269
1.78685
1.78685
2.38816
2.22719
2.22719
2.23143
1.74965
1.51292
2.23402
1.36917
1.36917
1.57206
1.57206
1.57206
1.73464
2.59888
2.59888
2.59888
1.60567
2.20795
2.20795
2.65677
1.82997
1.82997
2.48991
2.76817
1.77385
2.58984
2.65374
3.05501
3.59717
3.30852
3.30852
2.89756
3.47753
3.24125
3.23714
3.30168
2.77644
2.77644
2.77644
3.30686
3.30686
3.30686
3.30686
3.30686
2.72177
2.72177
2.56866
2.56866
2.279
2.279
2.0464
2.0464
1.28368
0.989651
1.51349
0.798906
0.899291
0.946614
0.0846052
0.439223
-0.376431
-0.186756
0.686651
1.34588
0.348188
-0.494454
-0.600579
-1.22427
-2.09786
-2.01894
-1.39408
-0.923457
-0.173629
-0.0278296
-0.842088
-1.5863
-1.86355
-1.47139
-1.47139
-1.47139
-1.47139
-1.47139
-1.47139
-1.66305
-1.60103
-0.876313
-1.63064
-0.847661
-0.847661
-1.22086
-1.25471
-2.04513
-1.68509
-1.34802
-1.25228
-1.89163
-1.87189
-2.86184
-2.73333
-3.22952
-3.22952
-2.81752
-2.81752
-1.8457
-2.64333
-1.96283
-2.71324
-2.71324
-2.16868
-2.23524
-1.47604
-0.732916
-0.917763
-0.727769
-0.727769
-0.0916986
0.0524312
0.692746
0.903451
1.07205
1.62996
2.1298
1.97501
2.85711
2.03284
1.54135
0.890363
0.890363
1.75674
1.34093
1.43408
1.2071
0.641415
0.855377
1.81207
1.81207
2.38408
3.25024
2.72476
2.61119
2.61119
2.64128
2.64128
1.65131
1.65131
2.0912
2.0912
2.19251
2.19251
1.80526
1.91453
1.24332
1.34084
1.37242
1.43943
0.902455
0.902455
1.0281
1.0281
1.52853
1.52853
1.18122
1.18122
1.37873
1.67302
1.67302
0.912712
0.912712
0.912712
1.81109
2.28862
1.86644
1.86644
1.76482
1.38041
1.38041
2.18957
2.18957
2.46904
1.8151
0.962327
1.94725
2.2161
1.65571
1.64346
1.64346
2.26899
2.26899
2.27639
1.81652
1.81652
2.2471
1.26141
1.9987
1.9987
1.40285
1.40285
2.19104
1.42648
0.434474
0.302181
0.0520809
-0.89166
-1.73266
-2.64156
-1.90041
-2.58314
-2.20965
-1.66549
-1.66549
-2.34784
-3.13434
-3.55917
-3.55917
-2.57309
-1.80554
-1.80554
-1.80554
-1.88175
-1.23958
-1.46525
-1.46525
-2.19366
-2.19366
-1.57063
-1.22375
-1.07256
-1.51364
-1.51364
-1.39669
-0.609524
-0.915568
-0.930023
-1.77111
-2.37519
-2.37519
-1.50983
-1.39867
-1.86491
-2.0382
-1.87263
-1.87263
-1.04611
-1.04611
-1.48266
-1.58836
-1.58836
-2.11815
-2.11815
-1.33808
-1.8571
-1.97879
-2.50662
-1.50941
-0.611112
-1.37645
-1.16156
-1.16156
-1.5256
-1.23289
-1.80588
-1.55175
-1.72144
-1.72144
-1.72144
-1.10414
-1.82773
-1.48407
-1.10209
-1.82773
-1.56013
-2.29443
-2.7419
-2.13221
-1.63868
-1.38856
-1.39907
-1.3477
-2.22967
-2.8325
-2.8325
-2.75023
-3.11081
-2.46061
-2.34804
-2.34804
-2.10758
-2.79891
-2.79891
-2.79891
-2.73249
-2.73249
-1.8849
-1.8725
-1.64795
-2.19891
-2.48542
-2.48542
-3.20614
-3.36899
-3.73339
-3.73339
-3.11101
-2.8156
-2.8156
-1.9492
-2.62088
-2.17703
-2.17703
-2.17703
-2.17703
-2.17703
-2.17703
-1.92249
-1.65082
-2.09119
-2.31943
-3.22232
-3.36442
-2.49813
-2.68824
-3.46375
-3.46375
-3.56378
-3.03297
-2.51087
-1.92503
-1.77209
-2.51646
-3.16853
-2.17372
-2.17372
-2.17372
-2.38409
-1.99943
-2.41656
-1.55676
-1.46872
-1.46872
-2.30781
-2.95001
-3.02975
-3.15109
-2.56451
-2.57171
-3.13743
-2.64993
-2.64993
-2.64993
-2.89819
-2.98872
-2.98872
-2.98872
-2.98872
-2.97308
-2.28142
-1.81947
-1.81947
-1.70105
-1.70105
-2.16688
-2.16688
-1.93786
-1.93786
-2.02657
-2.02657
-1.42048
-1.42048
-0.8534
-0.8534
-0.960406
-0.823074
-0.823074
-0.823074
-0.823074
-0.608169
0.263407
-0.140044
-0.799113
-0.799113
-0.799113
-1.61229
-1.37719
-1.37719
-1.03808
-0.837947
-0.837947
-0.0875472
0.334792
0.919964
0.919964
1.16082
1.16082
1.16082
1.16082
1.52262
2.20779
1.69054
0.875958
1.09008
1.24298
1.93998
1.80637
2.17141
2.66729
2.00004
1.39814
1.79894
2.23095
1.27335
1.27335
1.902
2.28106
1.71676
1.71676
1.82056
2.0653
2.01218
2.01218
2.01218
2.64611
2.15323
2.15323
2.22857
2.53208
2.53208
2.33055
1.6168
2.1055
2.09742
1.54791
1.20719
1.20719
1.22187
1.63053
2.14817
2.14817
2.14817
1.60908
1.60908
2.03455
1.9217
2.06191
2.39539
1.87233
2.24029
3.2062
3.2062
3.37152
3.37152
2.49341
2.55012
1.95389
2.09807
1.18178
1.18178
2.10873
2.07266
1.76041
1.76041
2.20667
2.41711
2.15744
2.82393
1.92197
2.55657
2.05245
2.42865
2.54146
2.77449
1.96254
1.96254
2.26475
2.81339
2.81339
1.95683
1.20959
1.76228
1.9569
2.43096
1.46454
1.46454
1.46454
1.43743
1.20602
1.20602
1.20602
1.3657
1.3657
1.75688
1.37474
0.932099
0.932099
0.932099
0.919245
0.89403
1.28421
0.423321
-0.408196
-1.15314
-1.15314
-1.45545
-1.91542
-2.11779
-1.38685
-2.15135
-2.29723
-1.62296
-0.667315
-1.54553
-1.03699
-0.741674
-0.741674
-1.03822
-1.03822
-1.69336
-2.55405
-2.55405
-2.55405
-2.4643
-2.4643
-1.93419
-2.35519
-2.17576
-2.41256
-2.29733
-2.99898
-2.30904
-2.34341
-1.85706
-1.36875
-1.9412
-1.9412
-2.13691
-2.13691
-2.7431
-2.6248
-2.18928
-2.18928
-2.18928
-2.18928
-1.5561
-1.5561
-2.19357
-1.99468
-1.91041
-2.75389
-2.10625
-2.16067
-2.03528
-2.03528
-2.96459
-2.65964
-2.65964
-2.64032
-2.64032
-2.64318
-1.75992
-1.22133
-1.22133
-1.10369
-0.355167
-0.859511
-0.859511
-1.77117
-1.77117
-2.03125
-2.90469
-2.77625
-2.37242
-2.347
-1.38871
-1.38871
-0.454516
-0.986083
-0.62177
-0.596933
-0.712019
-0.712019
-0.712019
-1.43176
-1.58961
-1.58961
-1.58961
-2.27669
-2.70553
-2.65362
-2.65362
-2.73029
-2.73029
-2.81845
-2.9161
-2.66074
-1.81056
-1.64429
-2.54756
-1.71151
-1.61777
-1.33346
-1.33346
-1.33346
-1.68225
-1.03299
-1.03299
-0.652595
-0.627837
-0.96004
-0.852067
-1.45675
-2.41128
-1.83643
-1.35129
-1.80724
-1.80724
-1.64228
-2.53409
-2.53409
-2.66715
-2.00526
-1.92174
-1.2626
-1.95774
-1.95774
-2.05582
-2.38246
-3.07598
-2.70758
-1.94027
-2.02743
-1.92342
-1.92342
-2.17336
-2.17336
-1.74095
-2.56092
-2.60097
-2.37329
-2.37329
-3.15007
-3.15007
-3.62638
-3.03563
-2.11497
-2.11497
-2.02504
-2.47843
-3.12237
-3.12237
-3.12237
-3.12237
-2.20902
-1.91219
-1.91219
-1.91219
-1.91219
-1.91219
-1.91219
-1.95069
-1.13084
-1.19998
-1.19998
-1.56237
-2.41536
-1.84831
-2.53866
-2.53866
-1.55215
-2.12095
-3.08755
-3.08755
-3.08755
-3.13922
-2.8512
-2.8512
-2.8512
-2.8512
-2.98345
-2.31031
-2.1458
-1.97154
-1.88397
-1.77507
-2.61857
-1.8871
-1.8871
-2.33725
-2.15642
-2.01502
-1.44226
-0.715773
-1.67081
-1.62817
-1.99695
-1.62675
-1.62675
-1.65207
-1.65207
-1.38744
-1.93541
-2.49666
-2.49666
-2.0451
-2.0451
-2.83494
-2.33431
-1.54595
-1.50866
-2.32546
-3.25673
-3.25673
-3.25673
-2.84066
-2.84066
-2.84066
-2.84066
-2.84066
-2.84214
-2.11065
-1.82846
-2.37327
-1.37708
-2.05893
-1.72724
-2.65567
-1.83929
-1.83929
-1.1963
-0.604589
-1.35298
-1.41361
-1.73206
-2.45276
-2.45276
-2.48551
-2.48551
-2.83981
-2.83981
-3.78113
-3.78113
-3.78113
-3.78113
-2.80133
-2.80133
-2.80133
-2.80133
-1.82224
-2.13123
-2.13123
-2.42247
-2.42247
-2.42247
-1.97171
-1.97171
-1.97475
-2.28613
-2.36004
-2.65321
-1.8615
-1.8615
-2.12094
-2.29483
-1.9229
-1.9229
-2.15862
-2.15862
-1.3821
-1.3821
-1.46464
-1.65619
-1.22987
-1.55649
-0.758721
-1.1796
-0.978689
-1.09283
-1.30987
-0.824684
-1.09731
-1.12101
-1.64499
-1.20578
-1.84244
-2.05628
-2.05628
-1.83837
-2.53295
-1.73097
-1.85104
-2.37148
-1.54293
-1.54293
-2.29486
-2.77203
-2.77203
-2.77203
-3.37649
-3.26281
-3.33877
-3.59012
-3.59012
-3.59012
-3.67598
-3.67598
-3.88915
-3.6105
-3.33004
-3.33004
-2.56808
-3.12897
-2.28007
-2.6249
-2.6249
-2.90646
-2.0378
-1.51097
-1.72851
-1.72851
-1.72851
-1.73582
-1.73582
-0.801997
-0.815292
-1.78056
-1.53421
-1.53421
-1.15535
-1.4801
-1.93885
-1.56161
-0.911565
-1.16977
-0.882313
-1.00943
-0.949981
-1.7601
-2.16271
-2.16271
-1.32489
-1.70387
-1.70387
-1.65998
-1.26159
-1.26159
-2.15999
-2.13561
-2.13561
-2.13561
-2.13561
-2.48263
-1.66156
-2.48816
-2.48816
-2.85257
-2.23445
-2.38936
-1.41591
-1.49082
-1.4311
-1.24271
-0.631144
-0.987532
-1.73386
-2.6154
-2.6154
-2.6154
-2.46312
-2.24228
-2.65061
-3.42948
-3.42948
-2.74854
-2.02429
-2.5153
-1.5537
-1.28807
-1.43493
-1.43493
-1.43493
-1.51084
-1.24143
-1.1278
-1.95987
-2.15437
-1.65924
-1.59706
-1.84726
-2.501
-2.501
-1.69662
-1.69662
-2.13621
-2.13621
-2.01915
-2.01915
-2.2471
-2.2471
-2.92937
-2.45566
-2.6966
-2.6966
-2.99178
-2.99178
-2.99178
-2.54433
-2.54433
-1.90068
-2.13984
-1.39912
-1.65682
-1.88685
-2.24885
-2.31979
-1.99748
-1.09718
-1.241
-1.241
-1.241
-2.04385
-2.88352
-2.98234
-2.98234
-2.79579
-2.79579
-2.36417
-2.30159
-1.53714
-1.86556
-1.37704
-1.88511
-2.35102
-2.53003
-2.12144
-2.27201
-1.87031
-2.3219
-2.47549
-2.91021
-3.85297
-3.85297
-3.36683
-2.95894
-2.95894
-2.95894
-2.10902
-1.35697
-2.31192
-2.55649
-2.61941
-2.19673
-2.19673
-2.19673
-1.88172
-1.51472
-1.4097
-1.72893
-1.72893
-1.72893
-2.39511
-2.39511
-2.44033
-2.44033
-2.129
-2.129
-2.129
-1.14865
-2.01658
-2.01658
-2.01658
-2.01658
-1.70558
-1.90855
-1.81505
-1.4186
-2.24715
-2.81835
-3.21411
-2.98802
-2.64726
-2.64726
-2.64726
-2.64726
-2.72536
-2.72536
-3.23969
-3.23969
-3.13162
-3.41853
-2.76098
-2.66047
-2.82868
-1.87394
-1.28051
-1.31988
-1.83065
-1.83065
-1.83065
-2.36556
-2.51114
-3.14163
-2.7246
-3.33812
-2.34041
-3.16383
-2.6389
-2.78806
-2.44156
-2.44156
-1.54883
-1.54883
-1.57286
-1.697
-1.697
-1.14509
-1.35358
-1.35358
-2.16064
-2.39924
-2.39924
-2.39924
-3.11966
-3.04241
-3.24125
-2.84853
-2.9726
-2.9726
-2.9726
-3.42179
-2.9457
-2.5878
-2.73974
-2.00979
-1.41127
-0.617927
-1.4353
-1.94486
-2.56846
-2.56846
-2.38581
-2.38581
-1.7905
-1.7905
-2.46295
-1.57857
-1.88498
-1.11022
-1.11022
-1.94378
-1.81642
-2.14499
-2.14499
-2.63711
-3.62327
-3.53952
-3.51626
-3.16688
-3.06345
-3.06345
-2.32239
-2.26813
-2.37546
-2.33123
-1.51582
-0.888742
-0.888742
-1.79899
-1.40726
-1.40726
-0.853746
-0.853746
-0.853746
-1.64786
-1.82588
-2.26492
-1.56604
-1.33582
-1.44419
-1.44419
-1.27723
-1.27723
-1.27723
-1.49018
-2.23933
-2.0546
-1.56799
-1.46143
-1.08014
-0.677888
-0.720471
-0.720471
-0.864082
-1.06479
-1.06479
-1.17953
-1.6842
-2.24746
-1.89961
-2.64132
-2.04127
-2.04127
-2.04127
-1.48804
-0.843874
-1.59542
-1.63193
-1.24805
-2.18982
-2.18982
-1.50136
-1.91861
-1.86475
-2.23377
-1.43604
-1.43604
-1.80658
-1.2772
-0.504663
-0.504663
0.218901
-0.0844531
-1.03381
-1.03381
-1.03381
-1.978
-1.978
-1.1155
-1.83911
-1.7473
-2.30295
-2.30295
-2.08309
-1.63791
-1.52814
-1.52814
-1.52814
-1.73908
-1.73908
-2.18404
-2.18404
-2.64707
-3.1696
-3.12759
-2.57333
-2.78893
-2.11374
-1.75045
-2.51908
-2.15161
-1.58134
-2.40012
-1.67328
-2.64558
-2.64558
-3.33924
-2.58502
-2.18278
-2.03655
-2.81431
-2.00419
-1.0899
-0.851877
-1.31875
-2.22968
-1.61066
-1.61066
-1.24694
-1.24694
-1.58091
-2.31795
-2.31795
-2.95015
-2.68116
-2.68116
-2.30321
-2.43451
-1.50457
-0.840237
-1.61005
-0.94467
-0.94467
-0.566333
0.357446
1.11698
1.11698
1.48337
2.26087
2.50771
1.69027
2.56464
1.68477
1.68477
1.68477
1.42443
1.4786
1.93804
2.16664
1.47709
2.43525
1.55628
1.55628
1.61982
1.639
1.86225
1.65684
2.06133
2.19145
2.19145
2.28718
2.30801
2.30801
2.38128
2.01501
1.68591
2.53898
2.28407
3.00572
2.4331
2.1227
2.82889
2.82889
2.82889
2.82889
2.82889
2.1158
1.51581
1.83173
1.8166
0.97942
1.82028
1.82028
1.40514
1.40514
1.57094
1.57094
1.92465
1.70016
1.10581
1.10581
1.00039
0.904516
1.62024
1.83909
1.45722
1.45722
1.45722
1.49768
1.52284
1.18509
1.18509
2.16057
1.2016
1.19226
1.41458
1.9815
2.24807
2.16277
2.16277
2.16277
1.87246
1.87246
2.34859
2.48865
3.37464
2.53314
1.65941
1.75394
1.75394
2.66055
2.63734
2.63734
3.13706
3.04068
3.27693
3.27693
3.27693
3.27693
2.81589
3.27374
2.49672
2.49672
2.62975
2.62975
2.64025
2.64025
3.03217
2.80681
2.85784
2.38711
2.39169
2.39169
1.44861
2.27964
1.4907
1.13567
2.0603
2.51227
2.59926
2.16415
2.16503
2.03791
2.03791
2.7014
2.7014
2.7014
2.08794
1.14536
1.14536
1.99868
1.99868
1.99868
1.10524
0.991709
1.06617
1.06617
0.528588
0.438643
0.439367
0.566586
0.566586
1.44504
2.20233
2.12049
2.93709
2.17116
1.92744
1.48084
1.48084
2.36293
2.18919
1.52819
1.52819
0.834733
0.834733
0.834733
1.40159
1.69474
0.783218
1.29509
1.29509
1.49996
1.49996
1.49996
0.952011
1.81359
2.69697
2.69697
3.26852
3.26852
3.59422
3.58924
4.57767
4.66906
4.66906
4.12238
4.25642
3.97037
3.18445
2.37416
2.37416
1.77903
1.58849
2.05526
1.86193
1.86193
1.86193
1.05329
1.20218
1.60163
1.78408
2.29074
2.80829
2.80829
3.24749
2.35014
2.35014
2.35014
1.80037
1.47789
1.47789
2.34736
1.8584
2.38333
2.29737
2.29737
1.85437
2.24508
2.74315
2.74315
2.74315
2.74315
1.91252
1.91252
2.1523
2.1523
1.9293
2.51228
2.51228
2.46438
2.46438
2.25785
2.25785
2.25785
2.37598
1.55009
1.9299
1.40881
2.26234
2.08618
1.63986
1.63986
1.16481
1.16481
1.65877
0.943679
1.8096
1.33321
0.506714
0.841419
1.57078
1.61208
1.90161
2.52177
2.16043
1.74528
1.74528
2.2685
2.67438
1.71378
1.01806
0.0495823
0.74668
0.381844
-0.313012
-1.0533
-0.428404
-0.194607
0.0127
-0.225623
0.0462181
-0.860949
-0.860949
-1.10764
-1.10764
-1.10764
-1.17718
-1.17718
-1.17718
-1.17718
-1.17718
-1.61789
-1.61789
-1.61789
-1.46586
-1.46586
-1.33177
-1.39926
-1.15077
-1.75009
-1.0487
-0.944172
-1.10829
-1.08312
-2.03441
-3.03155
-2.21737
-2.39654
-2.37471
-2.37471
-2.37471
-2.26333
-2.26333
-2.12615
-1.89527
-2.15054
-1.28806
-0.656612
-0.535482
0.203967
-0.0874619
-0.985848
-1.08248
-1.0549
-1.38956
-1.38956
-1.62117
-1.85991
-2.64606
-2.72823
-2.34872
-2.28031
-2.28031
-1.77831
-2.09254
-1.90653
-2.56068
-2.56068
-3.28328
-2.71621
-2.49579
-2.07324
-1.56323
-1.71252
-2.09886
-2.09886
-2.09886
-1.59624
-1.59624
-1.59624
-1.65933
-2.18329
-2.55114
-2.39412
-1.6328
-2.22142
-2.22142
-2.22142
-2.88559
-3.19965
-2.88234
-3.11489
-3.11489
-3.11489
-2.43106
-2.78626
-2.74152
-2.17261
-2.26613
-2.26613
-2.26613
-2.79677
-2.2488
-2.23418
-2.23418
-1.87502
-2.61832
-2.61832
-1.77976
-2.04447
-2.98729
-2.98729
-2.24241
-1.42659
-1.55241
-2.10096
-2.44414
-2.33348
-1.6347
-1.23951
-1.23951
-1.36135
-2.2331
-2.72489
-2.46735
-2.42662
-2.46554
-1.8732
-1.8732
-2.698
-2.59542
-2.80181
-2.2338
-1.37218
-1.37218
-1.7557
-1.7557
-1.7557
-1.21859
-1.47034
-1.47034
-2.10776
-1.94468
-1.94468
-2.61064
-2.51059
-2.19696
-2.11718
-1.3851
-2.11198
-1.7415
-1.7415
-1.72102
-2.17866
-2.24049
-2.69126
-2.69126
-1.93878
-1.37665
-1.36919
-1.36919
-2.272
-2.79862
-2.79862
-2.54364
-1.58342
-1.67547
-1.60128
-2.48664
-2.63394
-2.25997
-2.04091
-1.27888
-1.49335
-1.49335
-1.49335
-1.65224
-1.69399
-2.01564
-2.01564
-1.83701
-2.02328
-1.8775
-2.6743
-2.20734
-1.90617
-2.89663
-2.63276
-2.63276
-2.02492
-1.52599
-2.4125
-2.01331
-2.35058
-2.35058
-1.75509
-2.53825
-2.15465
-2.08602
-2.33375
-2.64564
-2.64564
-2.64564
-2.23166
-2.53201
-3.37621
-3.37621
-3.37621
-2.69996
-1.74723
-2.58882
-2.85132
-3.31316
-2.87891
-2.87891
-2.28992
-2.41524
-2.8254
-1.88625
-1.31444
-1.44559
-1.89821
-1.89821
-2.24699
-1.47728
-1.47728
-1.06507
-2.03569
-2.44005
-2.44005
-1.84874
-2.60798
-2.60798
-2.60798
-2.46313
-1.78151
-1.78151
-2.13628
-2.07022
-2.27718
-1.82824
-2.60516
-2.60516
-2.60516
-2.60185
-1.9591
-1.4523
-1.18377
-1.18377
-2.13295
-2.11164
-2.59053
-3.24296
-3.45133
-3.20736
-2.37136
-2.49201
-2.49201
-2.57734
-2.43447
-1.97472
-2.16906
-2.16906
-2.16906
-2.16906
-2.7606
-2.7606
-3.34566
-3.34566
-2.63027
-2.63027
-2.19365
-1.3
-2.16922
-1.9536
-1.33718
-1.6188
-1.6188
-1.19298
-2.13465
-1.98858
-2.06026
-2.06026
-1.19012
-1.13164
-0.52106
-0.413738
-1.09898
-1.09898
-1.03198
-1.3447
-1.3447
-1.3447
-1.61764
-1.61764
-1.23875
-1.2235
-1.83006
-1.81636
-2.68306
-2.68306
-3.29595
-2.43868
-2.08482
-1.28909
-0.385435
-1.38198
-1.38198
-1.38198
-2.3772
-2.2856
-2.39266
-2.85796
-2.85796
-2.36996
-1.70023
-2.02769
-1.93443
-2.04119
-1.91819
-1.13679
-1.88269
-2.07776
-2.07776
-1.72405
-1.72405
-1.72405
-1.72405
-2.58669
-2.05138
-2.05138
-2.05138
-1.13203
-1.62205
-1.77416
-1.77416
-1.77416
-2.49369
-1.93909
-1.19843
-2.1596
-2.77776
-2.57622
-2.57622
-3.29015
-3.00465
-3.00465
-3.15954
-3.15954
-3.24233
-3.24233
-2.60047
-2.60047
-2.60047
-2.41102
-2.41102
-2.05213
-1.43284
-2.40621
-1.81995
-1.31753
-1.31753
-2.01294
-2.28629
-1.95644
-1.92452
-2.21486
-1.65167
-1.72958
-2.57417
-2.57417
-3.22256
-3.22256
-2.38956
-1.7453
-1.47772
-1.47772
-0.664736
-1.14475
-1.36675
-1.28576
-2.16766
-2.16766
-2.61254
-1.63439
-2.60756
-1.8846
-2.32963
-2.92796
-1.97563
-2.42278
-2.42278
-2.42278
-2.87705
-2.01145
-2.01145
-1.1775
-1.1775
-1.06212
-0.849987
-1.54681
-1.32416
-1.43417
-2.13702
-2.01909
-2.82818
-2.34033
-2.20986
-2.20986
-2.20986
-2.20986
-1.32125
-1.16471
-1.16471
-1.37621
-1.37621
-2.2065
-2.79459
-2.43353
-2.57584
-2.57584
-2.7395
-2.96653
-2.96653
-2.87548
-3.16972
-2.32354
-2.32354
-2.32354
-2.15016
-2.15016
-2.38769
-3.08086
-2.46003
-2.46003
-2.49702
-1.88512
-1.6734
-1.6734
-1.57542
-2.1172
-1.17475
-1.17475
-1.17475
-1.17475
-0.973936
-1.2189
-0.663368
-0.476463
0.409231
-0.344542
0.00701842
0.184697
-0.00624156
0.808603
0.729214
1.51256
1.90731
1.90731
1.76835
1.22487
1.22487
1.4101
0.43927
0.298484
-0.123831
0.082854
-0.656444
-0.605106
-1.01049
-1.53325
-1.73265
-1.9856
-2.13063
-2.13063
-2.12217
-2.12217
-2.12217
-1.66059
-1.66059
-1.66059
-2.26098
-2.44
-1.60446
-1.60446
-2.11844
-3.03691
-3.5216
-3.51394
-3.51394
-2.91718
-3.10751
-3.10751
-2.50427
-1.659
-1.659
-1.659
-2.60453
-2.48836
-2.02877
-2.3644
-2.36304
-1.81184
-2.58275
-2.58275
-1.70031
-2.29969
-2.29969
-2.25337
-2.25337
-1.95442
-1.9395
-2.34507
-2.34507
-1.40382
-2.39641
-1.44461
-1.36452
-1.36452
-1.32565
-1.13237
-1.74856
-0.885179
-0.885179
-1.62675
-0.979443
-1.46183
-0.647048
-1.3788
-0.988242
-1.60341
-1.58448
-1.54741
-2.47159
-2.61263
-2.67111
-2.05589
-1.76988
-1.74894
-1.29546
-0.960741
-0.910353
-1.65397
-1.91162
-1.81943
-1.81943
-0.829843
-1.03399
-1.54465
-1.54465
-2.33748
-3.11433
-2.15043
-1.84557
-2.57626
-2.57626
-2.57626
-1.64003
-1.68493
-1.50687
-0.798912
-0.850974
-0.0873981
0.332411
-0.253286
0.210204
-0.599505
-1.32922
-1.32922
-1.84983
-2.82541
-1.98004
-2.3205
-2.04584
-1.38596
-1.38596
-1.90398
-1.90398
-1.91546
-2.22303
-2.22303
-2.24812
-2.24812
-1.44526
-2.13188
-2.34606
-2.34606
-2.59147
-1.85631
-2.20334
-2.20334
-1.34286
-1.34286
-1.58709
-1.58709
-1.58979
-2.58938
-2.75836
-2.31422
-2.78507
-2.08869
-1.66542
-2.31036
-2.97194
-3.32711
-3.53493
-3.53493
-3.39823
-3.39823
-2.64896
-1.9352
-1.8515
-1.8515
-2.48764
-2.05474
-2.05474
-1.27322
-1.50183
-1.54543
-1.54543
-2.41374
-2.17866
-2.14927
-2.51563
-2.01748
-2.86258
-2.28659
-2.51418
-2.51418
-2.62841
-2.01152
-1.79122
-1.79122
-1.77129
-1.75749
-1.83829
-1.83829
-1.63197
-1.40983
-1.40983
-1.40983
-1.78698
-0.979412
-1.39626
-1.59137
-1.70599
-2.02514
-2.68132
-3.05146
-2.58137
-2.75114
-2.31437
-2.28298
-1.6388
-1.85956
-1.85956
-2.35337
-2.35337
-2.35337
-3.06924
-3.06924
-2.67391
-2.88321
-2.88321
-2.04691
-2.53912
-2.11738
-1.84834
-1.68337
-2.27903
-2.27903
-2.41525
-1.713
-2.11185
-2.21992
-2.85664
-2.85664
-2.32465
-1.62991
-2.47787
