# best half averages
2545.46
2330.9
2182.52
2099.31
2012.32
1904.39
1800.83
1744.46
1706.49
1649.69
1598.18
1539.58
1503.56
1466.39
1426.96
1371.45
1351.89
1306.1
1280.24
1258.23
1250.44
1226.07
1213.67
1197.65
1157.89
1120.28
1074.12
1054.96
1030.95
1014.35
997.741
989.769
987.373
979.549
969.615
958.164
938.091
923.132
900.174
887.871
856.959
833.639
821.755
807.351
780.852
764.538
755.874
755.884
746.955
738.918
730.341
721.293
715.794
700.672
678.046
669.905
660.382
643.962
633.63
624.565
611.244
599.11
588.206
576.994
567.666
558.142
555.868
555.115
555.384
548.966
543.297
541.347
541.418
538.304
533.023
532.804
531.645
530.444
529.845
527.076
525.834
525.444
525.105
524.087
529.433
533.037
523.476
531.604
506.881
495.717
491.969
490.822
490.903
489.308
487.981
487.329
487.265
486.704
492.123
486.616
478.925
476.046
466.596
466.385
464.366
461.345
460.653
462.292
460.16
447.072
440.595
438.162
438.091
437.415
435.008
433.593
431.147
428.746
427.762
417.868
401.808
401.501
401.531
402.038
391.661
386.144
378.605
375.398
374.73
370.813
369.164
366.467
362.362
359.778
356.063
353.749
353.54
352.555
351.43
350.683
346.983
342.103
328.791
327.218
320.749
320.053
315.252
310.895
310.895
310.761
310.128
307.794
306.336
303.164
299.807
299.661
304.81
296.944
295.981
293.422
291.047
288.192
287.439
285.621
285.494
284.726
284.279
283.356
282.929
280.894
279.51
275.509
273.08
270.586
268.56
263.504
263.418
263.418
263.353
263.159
262.291
260.19
260.19
260.142
259.894
258.384
257.737
257.737
257.407
255.324
252.99
252.365
247.779
244.775
241.769
241.381
240.359
239.391
237.81
237.586
236.717
234.117
232.363
230.673
230.573
230.146
228.665
226.329
225.529
224.791
222.869
220.17
218.948
218.968
218.231
216.828
216.78
216.384
214.89
213.868
213.223
213.223
213.223
213.223
213.223
213.188
213.016
212.43
211.499
211.493
211.487
211.424
211.185
211.169
211.169
211.095
210.642
210.406
210.406
210.406
210.274
209.841
208.186
205.196
204.338
202.573
200.502
200.189
198.454
194.571
183.883
178.924
178.924
178.909
178.88
178.722
177.931
177.31
176.588
175.573
174.764
174.732
174.606
174.227
175.076
173.941
172.973
172.249
172.084
172.112
172.012
171.619
170.469
169.828
168.81
168.8
168.757
168.597
168.278
168.278
168.263
168.221
167.924
167.555
167.477
167.133
166.613
166.407
166.285
165.88
165.833
165.778
165.516
165.516
165.461
165.297
174.534
170.369
162.789
162.716
162.346
162.099
161.782
161.782
161.782
161.782
161.782
161.782
161.779
161.774
161.727
161.566
161.422
160.524
158.036
157.973
157.686
157.655
157.655
157.648
157.648
157.614
157.477
157.314
157.314
157.314
157.314
157.314
157.314
157.314
158.757
158.597
173.263
157.304
157.248
156.919
156.623
156.287
154.528
153.108
152.78
151.037
149.757
149.508
149.223
149.223
149.223
149.214
149.195
149.025
148.726
148.652
148.554
147.819
147.524
147.524
147.524
147.524
147.509
147.495
147.495
147.377
146.778
146.776
146.765
146.71
146.452
146.212
145.999
145.627
145.622
145.627
145.621
145.61
145.529
145.357
145.357
145.357
145.357
145.357
145.357
145.331
145.199
144.837
142.943
141.33
141.33
141.291
141.131
140.483
139.281
139.158
138.825
138.825
138.802
138.779
138.665
137.932
137.681
137.681
137.681
137.681
137.681
137.681
137.675
137.656
137.583
137.337
137.147
136.972
136.79
136.702
136.631
136.561
136.346
136.346
136.346
136.346
136.309
136.271
136.213
135.827
134.527
134.451
134.339
133.844
132.829
132.483
132.313
131.786
131.566
131.513
131.298
130.907
130.812
130.599
130.152
129.234
127.177
127.122
127.122
127.122
127.122
127.122
127.122
127.122
127.122
127.122
127.122
127.122
127.122
127.122
127.122
127.121
127.071
126.779
125.615
125.61
125.514
125.051
123.966
123.878
123.878
123.878
123.878
123.878
123.878
123.878
123.858
123.754
123.637
123.137
122.485
120.857
119.241
118.668
118.668
118.668
118.668
118.668
118.668
118.668
118.668
118.668
118.668
118.668
118.668
118.668
118.668
118.668
118.199
118.399
118.465
118.2
117.828
117.428
116.549
116.236
115.82
115.784
115.784
115.784
115.784
115.784
115.784
115.784
115.767
115.784
115.784
115.784
115.784
115.784
115.784
115.784
115.784
115.784
115.784
115.784
115.784
115.784
115.784
115.784
115.769
115.701
115.392
114.882
114.786
114.786
114.784
114.781
114.769
114.726
116.985
114.726
114.69
114.619
114.295
112.927
112.623
112.609
112.609
112.609
112.609
112.609
112.609
112.609
112.609
112.608
112.606
112.569
112.502
112.238
111.509
111.201
110.705
110.003
109.618
109.063
108.944
108.82
108.411
108.544
108.678
108.678
108.678
108.678
108.678
108.678
108.678
108.678
108.678
108.678
108.678
108.676
108.674
108.663
108.635
108.565
108.565
108.565
108.565
108.565
108.565
108.565
108.565
108.565
108.526
108.29
107.503
106.599
106.599
106.599
106.599
106.599
106.598
106.598
106.595
106.587
106.587
106.587
106.587
106.587
106.548
106.432
106.112
105.006
104.642
104.642
104.642
104.642
104.642
104.642
104.642
104.642
104.642
104.642
104.642
104.642
104.642
104.642
104.642
104.642
104.642
104.611
104.638
104.61
104.511
104.172
103.652
103.215
103.072
103.053
102.98
102.845
102.845
102.845
102.845
102.845
102.845
102.845
102.845
102.845
102.828
102.828
102.778
102.61
102.006
102.006
101.977
101.976
101.919
101.627
100.547
100.547
100.547
100.547
100.482
100.417
100.287
99.9606
97.4216
97.2648
97.2581
97.2193
97.1056
96.7059
96.1499
96.1499
96.1499
96.1499
96.1499
96.1499
96.1499
96.1499
96.1499
96.1473
96.1395
96.129
96.1055
96.0191
96.0191
96.0191
96.0191
96.0191
96.0191
96.0191
96.0191
96.0191
96.0191
96.0191
96.0191
96.0191
96.0191
96.0191
96.0191
96.0191
96.0191
96.01
96.01
96.0009
95.7116
96.1575
95.8647
95.565
95.561
95.5489
95.4926
95.3638
95.3638
95.3638
95.3638
95.3638
95.3354
95.307
95.2502
95.1366
94.8497
93.9437
93.9437
93.9371
93.8975
93.7715
93.5992
93.5335
93.2986
93.2484
93.2484
93.2484
93.2484
93.2484
93.2484
93.2484
93.2484
93.2416
93.2212
93.1804
92.9422
92.9082
92.9082
92.9082
92.9082
92.9082
92.9082
92.9082
92.9082
92.9082
92.9082
92.9082
92.9082
92.9082
92.9082
92.9082
92.9082
92.9082
92.9082
92.9059
92.899
92.8807
92.8166
92.7937
92.7937
92.7937
92.7937
92.7937
92.7937
92.7937
92.7937
92.7937
92.7937
92.7937
92.7937
92.7937
92.7937
92.7937
92.7937
92.7937
92.7826
92.7491
92.5594
92.2357
92.2357
92.2357
92.2357
92.2357
92.2357
92.2357
92.2357
92.2357
92.2357
92.2357
92.2357
92.219
92.1612
91.9694
91.7141
91.4014
91.3827
91.3267
91.1774
90.7081
90.4683
90.4683
90.4683
90.4683
90.4656
90.4469
90.3616
90.3349
90.3349
90.3349
90.3235
90.3349
90.3349
97.2205
91.165
90.3349
90.3349
90.3349
90.3332
90.3316
90.3265
90.3098
90.2646
90.2512
90.2512
90.2512
90.2512
90.2512
90.2512
90.2512
90.2512
90.2371
90.1601
90.0471
89.6954
89.1899
89.0234
87.6032
87.0253
86.7287
85.767
84.5319
80.8919
79.3113
78.6901
78.2713
77.5773
77.241
77.2356
77.2356
77.2356
77.2226
77.1707
77.0928
76.9111
76.5866
76.5866
76.5866
76.5866
76.5866
76.5866
76.5866
76.5866
76.5866
76.5866
76.5866
76.5811
76.5588
76.4974
76.3079
76.3079
76.3079
76.3079
76.3013
76.2947
76.2566
76.1091
75.9471
75.8101
75.6936
75.6164
75.4166
75.3902
75.3902
75.3902
75.3902
75.3902
75.3902
75.3902
75.3902
75.3902
75.3902
75.3902
75.3902
75.3902
75.3902
75.3902
75.3902
75.3902
75.3902
75.3902
75.3902
75.3902
75.3902
75.3902
75.3902
75.3902
75.3902
75.3902
75.3902
75.2348
75.1276
75.1337
74.7813
74.7736
74.361
74.4877
73.1255
71.8812
71.5351
71.5351
71.5351
71.5229
71.4866
71.3969
71.2457
70.8657
70.7035
70.6838
70.6838
70.6838
70.6706
70.6706
70.6838
70.6838
70.6774
70.6324
70.4718
70.3626
70.3626
70.3626
70.3559
70.3492
70.3024
70.2153
70.0278
70.0278
70.0278
70.0278
70.0278
70.0278
70.0278
70.0278
70.0278
70.0278
70.0278
70.0278
70.0278
70.0278
70.0278
70.0278
70.0278
70.0278
70.0278
70.0278
70.0278
70.0278
70.0278
70.0278
70.0278
70.0278
70.0278
70.0278
70.0278
70.0278
70.0278
70.0278
70.0278
70.0278
70.0278
70.0221
70.0221
69.9869
69.893
69.6988
69.323
68.5582
68.5582
68.5582
68.5582
68.5582
68.5582
68.5582
68.5582
68.5582
68.5582
68.5582
68.5582
68.5582
68.5582
68.5582
68.5582
68.5582
68.5582
68.5582
68.5582
68.5582
68.5582
68.5582
68.5582
68.5582
68.5582
68.5582
68.5582
68.5582
68.5582
68.5582
68.5582
68.5582
68.5582
68.5582
68.5582
68.5582
68.5582
68.555
68.5455
68.5327
68.4857
68.3989
68.3893
68.3607
68.2559
67.9223
67.9223
67.9223
67.9223
67.9223
67.9223
67.9223
67.9223
67.9223
67.9223
67.9223
67.9223
67.9223
67.9223
67.9223
67.9223
67.9223
67.9223
67.9223
67.9223
67.9223
67.9223
67.9223
67.9223
67.9223
67.9223
67.9223
67.9223
67.9223
67.9223
67.9216
67.9216
67.9223
67.9223
67.9223
67.9223
67.9223
67.9223
67.9223
67.9223
67.9223
67.9223
67.9223
67.9223
67.9223
67.9223
67.9223
67.9223
67.9223
67.9223
67.9223
67.9223
67.9223
67.9223
67.9223
67.9223
67.9223
67.9223
67.9223
67.9223
67.9223
67.9223
67.9223
67.9223
67.9223
67.9223
67.9223
67.9223
67.9223
67.9223
67.9223
67.9223
67.9223
67.9223
67.9223
67.9223
67.9223
67.9223
67.9223
67.9223
67.9223
67.9223
67.9223
67.9223
67.9223
67.9223
67.9223
67.9223
67.9223
67.9223
67.9223
67.9223
67.9223
67.9223
67.9223
67.9223
67.9223
67.9223
67.9223
67.9223
67.9223
67.9223
67.9223
67.9223
67.9223
67.9223
67.9223
67.9223
67.9223
67.9223
67.9223
67.9223
67.9223
67.9223
67.9223
67.9223
67.9223
67.9223
67.9223
67.9223
67.9223
67.9223
67.9223
67.9223
67.9126
67.8545
67.7965
67.5837
67.4386
67.4386
67.4386
67.4386
67.4386
67.4386
67.4386
67.4386
67.4386
67.4386
67.4386
67.4386
67.4386
67.4386
67.4386
67.4386
67.4386
67.4386
67.4386
67.437
67.4339
67.4276
67.4009
67.3602
67.3602
67.3602
67.3602
67.3602
67.3602
67.3602
67.2938
67.1279
66.5977
66.5307
66.5307
66.5307
66.5307
66.5307
66.5307
66.5307
66.5307
66.5307
66.5307
66.5307
66.5307
66.5307
66.5307
66.5307
66.5264
66.5138
66.4927
66.4464
66.3199
66.3199
66.3199
66.3199
66.3199
66.3199
66.3199
66.3199
66.3199
66.3199
66.3199
66.3199
66.3199
66.3199
66.3199
66.3094
66.2989
66.2779
66.2043
65.9415
65.7943
65.7943
65.7943
65.7943
65.7943
65.7943
65.7943
65.7943
65.7943
65.7943
65.7943
65.7943
65.7943
65.7943
65.7943
65.7943
65.7943
65.7943
65.7943
65.7943
65.7943
65.7943
65.7943
65.7943
65.7943
65.7943
65.7943
65.7943
65.7921
65.7833
65.7592
65.6919
65.5548
65.4679
65.452
65.4071
65.3411
65.3411
65.3411
65.3411
65.3411
65.3411
65.3411
65.3411
65.3411
65.3411
65.3411
65.3411
65.3411
65.3411
65.3411
65.3411
65.3411
65.3411
65.3411
65.3411
65.3411
65.3411
65.3411
65.3411
65.3411
65.3411
65.3411
66.2731
71.21
65.3411
66.8189
65.3411
65.3411
65.3411
65.3411
65.3411
65.3411
65.3411
65.3411
65.3411
65.3411
65.3411
65.3411
65.3411
65.3411
65.3411
65.3411
65.3411
65.3411
65.3411
65.3411
65.3411
65.3411
65.3411
65.3411
65.3411
65.3411
65.3411
65.3411
65.3411
65.3411
65.3411
65.324
65.2726
65.2042
64.9553
64.4856
64.4786
64.4645
64.4221
64.2527
64.1327
64.1327
64.1327
64.1327
64.1327
64.1327
64.1327
64.1327
64.1327
64.1327
64.1327
64.1327
64.1327
64.1327
64.1327
64.1327
64.1327
64.1327
64.1327
64.1327
64.1327
64.1327
64.1327
64.1327
64.1327
64.1327
64.1321
64.1305
64.1248
64.109
64.1045
64.1045
64.1045
64.1045
64.1045
64.1045
64.1045
64.1045
64.1045
64.1045
64.1045
64.1045
64.1045
64.1045
64.1045
64.1045
64.1045
64.1045
64.1045
64.1045
64.1045
64.1045
64.1045
64.1045
64.1045
64.1045
64.1045
64.1045
64.1045
64.1045
64.1045
64.1045
64.1045
64.1045
64.1045
64.1045
64.1045
64.1045
64.1045
64.1045
64.1045
64.1045
64.1045
64.1045
64.1045
64.1045
64.1045
64.1045
64.1045
64.1045
64.1045
64.0889
64.0889
64.0424
63.9803
63.7784
63.3281
63.3281
63.3281
63.3281
63.3281
63.3281
63.3281
63.3281
63.3281
63.3994
63.3281
63.3281
63.3281
63.3281
63.3281
63.3281
63.3281
63.3281
63.3281
63.3281
63.3281
63.3281
63.3281
63.3281
63.3281
63.3281
63.3281
63.3281
63.3281
63.3281
63.3281
63.3281
63.3281
63.3281
63.3281
63.3281
63.3281
63.3281
63.3281
63.3281
63.3281
63.3281
63.3281
63.3281
63.3281
63.3185
63.2957
63.174
62.9387
62.9225
62.9225
62.9225
62.9225
62.9225
62.9225
62.9225
62.9225
62.9225
62.9225
62.9225
62.9225
62.9225
62.9225
62.9225
62.9225
62.9225
62.9225
62.9225
62.9225
62.9225
62.9225
62.9225
62.9225
62.9225
62.9225
62.9225
62.9225
62.9225
62.9225
62.9225
62.9225
62.9225
62.9225
62.9225
62.9225
62.9225
62.9225
62.9225
62.9225
62.9225
62.9225
62.9225
62.9225
62.9225
62.9225
62.9225
62.9225
62.9225
62.9225
62.9225
62.9225
62.9225
62.9225
62.9225
62.9225
62.9225
62.9225
62.9225
62.9225
62.9225
62.9225
62.9225
62.9225
62.9225
62.9225
62.9225
62.9225
62.9225
62.9225
62.9225
62.9225
62.9225
62.9225
62.9225
62.9225
62.9225
62.9225
62.9225
62.9225
62.9225
62.9225
62.9225
62.9225
62.9225
62.9225
62.9225
62.9225
62.9225
62.9225
62.9225
62.9225
62.9225
62.9225
62.9225
62.9225
62.9225
62.9225
62.9225
62.9225
62.9225
62.9225
62.9225
62.9225
62.9225
62.9225
62.9225
62.9225
62.9196
62.9085
62.8871
62.8341
62.7354
62.6889
62.6646
62.6646
62.6646
62.6646
62.6646
62.6646
62.6646
62.6646
62.6646
62.6646
62.6646
62.6646
62.66
62.6508
62.6097
62.4907
62.4358
62.4358
62.4358
62.4358
62.4358
62.4358
62.4358
62.4358
62.4358
62.4358
62.4358
62.6595
62.4358
62.4358
62.4358
62.4358
62.719
62.4358
62.9235
62.4358
62.4358
62.4358
62.4358
62.4358
62.4358
62.4358
62.4358
62.4358
62.4358
62.4358
62.4358
62.4358
62.4358
62.4358
62.4358
62.4358
62.4358
62.4358
62.4358
62.4358
62.4358
62.4358
62.4358
62.4358
62.4358
62.4358
62.4358
62.4358
62.4358
62.4358
62.4358
62.4358
62.4358
62.4358
62.4358
62.4358
62.4358
62.4358
62.4358
62.4358
62.4358
62.4358
62.4358
62.4358
62.4358
62.4358
62.4358
62.4358
62.4358
62.4358
62.4358
62.4358
62.4358
62.4358
62.4358
62.4358
62.3423
62.3085
62.0204
61.4701
60.5448
60.0671
59.4462
59.4462
59.4462
59.4462
59.4462
59.4462
63.3619
59.4462
59.5936
59.4462
59.4462
59.4462
59.4462
59.4462
59.4462
59.4462
59.4462
59.4462
59.4462
59.4462
59.4462
59.4462
59.4462
59.4462
59.4462
59.4462
59.4462
59.4462
59.4462
59.4462
59.4462
59.4462
59.4462
59.4462
59.4462
59.4462
59.4462
59.4462
59.4462
59.4462
59.4462
59.4462
59.4462
59.4462
59.4462
59.4462
59.4462
59.4462
59.4462
59.4462
59.4462
59.4462
59.4462
59.4462
59.4462
59.4462
59.4462
59.4462
59.4462
59.4462
59.4462
59.4462
59.4462
59.4462
59.4251
59.4198
59.3774
59.2556
59.1815
59.1815
59.1815
59.1815
59.1815
59.1815
59.1815
59.1815
59.1815
59.1815
59.1815
59.1815
59.1815
59.1815
59.1815
59.1815
59.1815
59.1815
59.1815
59.1815
59.1815
59.1815
59.1815
59.1815
59.1815
59.1815
59.1815
59.1815
59.1815
59.1815
59.1815
59.1815
59.1815
59.1815
59.1815
59.1815
59.1803
59.178
59.1675
59.4798
59.1281
59.1235
59.1235
59.1235
59.1235
59.1235
59.1408
59.1235
59.1235
59.1235
59.1235
59.1235
59.1235
59.1235
59.1235
59.1235
59.1235
59.1235
59.1235
59.1235
59.1235
59.1235
59.1235
59.1235
59.1235
59.1235
59.1235
59.1235
59.1235
59.1235
59.1235
59.1235
59.1235
59.1235
59.1235
59.1235
59.1235
59.1235
59.1235
59.1235
59.1164
59.1022
59.0525
58.9318
58.7685
58.7685
58.7685
58.7685
58.7685
58.7685
58.7685
58.7685
58.7685
58.7685
58.7685
58.7685
58.7685
58.7685
58.7685
58.7685
58.7685
58.7685
58.7685
58.7685
58.7685
58.7685
58.7685
58.7685
58.7685
58.7685
58.7685
58.7685
58.7685
58.7685
58.7685
58.7685
58.7685
58.7685
58.7685
58.7685
58.7685
58.7685
58.7685
58.7685
58.7685
58.7685
58.7685
58.7685
58.7685
58.7685
58.7685
58.7685
58.7685
58.7685
58.7685
58.7685
58.7685
58.7685
58.7685
58.7685
58.7685
58.7685
58.7685
58.7685
58.7685
58.7685
58.7685
58.7685
58.7685
58.7685
58.7685
58.7685
58.7685
58.7685
58.7685
58.7685
58.7685
58.7685
58.7685
58.7685
58.7685
58.7685
58.7685
58.7685
58.7685
58.7685
58.7685
58.7685
58.7685
58.7685
58.7685
58.7685
58.7685
58.7685
58.7685
58.7685
58.7685
58.7685
58.7685
58.7685
58.7685
58.7685
58.7685
58.7685
58.7685
58.7685
58.7685
58.7685
58.7685
58.7685
58.7685
58.7685
58.7685
58.7685
58.7685
58.7685
58.7685
58.7685
58.7685
58.7681
58.7681
58.7677
58.7659
58.759
58.7503
58.7503
58.7503
58.7503
58.7503
58.7503
58.7503
58.7503
58.7503
58.7503
58.7503
58.7503
58.7503
58.7503
58.7503
58.7503
58.7503
58.7503
58.7503
58.7503
58.7503
58.7503
58.7503
58.7503
58.7503
58.7503
58.7503
58.7503
58.7503
58.7503
58.7503
58.7503
58.7503
58.7503
58.7503
58.7503
58.7503
58.7503
58.7503
58.7503
58.7503
58.7503
58.7503
58.7503
58.7503
58.7503
58.7503
58.7503
58.7503
58.7503
58.7503
58.7503
58.7503
58.7503
58.7503
58.7503
58.7503
58.7503
58.7503
58.7503
58.7503
58.7503
58.7503
58.7503
58.7503
58.7503
58.7503
58.7503
58.7503
58.7503
58.7503
58.7503
58.7503
58.7503
58.7503
58.7503
58.7503
58.7503
58.7503
58.7503
58.7503
58.7503
58.7503
58.7503
58.7503
58.7503
58.7503
58.7503
58.7503
58.7503
58.7503
58.7503
58.7503
58.7503
58.7503
58.7503
58.7503
58.7503
58.7503
58.7503
58.7503
58.7503
58.7503
58.7503
58.7503
58.7503
58.7503
58.7503
58.7503
58.7503
58.7503
58.7503
58.7503
58.7503
58.7503
58.7503
58.7503
58.7503
58.7503
58.7503
58.7503
58.7503
58.7503
58.7503
58.7503
58.7503
58.7503
58.7503
58.7503
58.7503
58.7503
58.7503
58.7503
58.7503
58.7503
58.7503
58.7503
58.7503
58.7503
58.7503
58.7503
58.7503
58.7503
58.7503
58.7503
58.7503
58.7503
58.7503
58.7503
58.7503
58.7503
58.7503
58.7503
58.7503
58.7503
58.7503
58.7503
58.7503
58.7503
58.7503
58.7503
58.7503
58.7503
58.7503
58.7503
58.7503
58.7503
58.7503
58.7503
58.7503
58.7503
58.7503
58.7503
58.7503
58.7503
58.7503
58.7503
58.7503
58.7503
58.7503
58.7503
58.7503
58.7503
58.7503
58.7503
58.7503
58.7503
58.7503
58.7503
58.7503
58.7503
58.7503
58.7503
58.7503
58.7503
58.7503
58.7503
58.7503
58.7503
58.7503
58.7503
58.7503
58.7503
58.7503
58.7503
58.7503
58.7503
58.7503
58.7503
58.7503
58.7503
58.7503
58.7407
58.7311
60.1832
58.7503
58.7503
58.7503
58.7503
58.7503
58.7503
58.7503
58.7503
58.7503
58.7503
58.7503
58.7503
58.7503
58.7503
58.7503
58.7503
58.7503
58.7503
58.7503
58.7503
58.7503
58.7503
58.7503
58.7503
58.7503
58.7503
58.7503
58.7503
58.7503
58.7503
58.7503
58.7503
58.7503
58.7503
58.7503
58.7503
58.7503
58.7503
58.7503
58.7503
58.7503
58.7503
58.7503
58.7503
58.7503
58.7503
58.7503
58.7503
58.7503
58.7503
58.7503
58.7503
58.7503
58.7503
58.7503
58.7503
58.7503
58.7503
58.7503
58.7503
58.7503
58.7503
58.7503
58.7503
58.7503
58.7503
58.7503
58.7503
58.7503
58.7503
58.7503
58.7503
58.7503
58.7503
58.7503
58.7503
58.7503
58.7503
58.7503
58.7503
58.7503
58.7503
58.7503
58.7503
58.7503
58.7503
58.7503
58.7503
58.7503
58.7503
58.7503
58.7503
58.7503
58.7503
58.7503
58.7503
58.7503
58.7503
58.7503
58.7503
58.7503
58.7503
58.7503
58.7503
58.7503
58.7503
58.7503
58.7503
58.7503
58.7503
58.7503
58.7503
58.7503
58.7503
58.7503
58.7503
58.7503
58.7503
58.7503
58.7503
58.7503
58.7503
58.7503
58.7503
58.7503
58.7503
58.7503
58.7503
58.7503
58.7503
58.7503
58.7503
58.7503
58.7503
58.7503
58.7503
58.7503
58.6645
58.6301
58.3863
57.8533
57.1132
57.028
57.028
57.028
57.028
57.028
57.028
57.028
57.028
57.028
57.028
57.028
57.028
57.028
57.028
57.028
57.028
57.028
57.028
57.028
57.028
57.028
57.028
57.028
57.028
57.028
57.028
57.028
57.028
57.028
57.028
57.028
57.028
57.028
57.028
57.028
57.028
57.028
57.028
57.028
57.028
57.028
57.028
57.028
57.028
57.028
57.028
57.028
57.028
57.028
57.028
57.028
57.028
57.028
57.028
57.028
57.028
57.028
57.028
57.028
57.028
57.028
57.028
57.028
57.028
57.028
57.028
57.028
57.028
57.028
57.028
57.028
57.028
57.028
57.028
57.028
57.028
57.028
57.028
57.028
57.028
57.028
57.028
57.028
57.028
57.028
57.028
57.028
57.028
57.028
57.028
57.028
57.028
57.028
57.028
57.028
57.028
57.028
57.028
57.028
57.028
57.028
57.028
57.028
57.028
57.028
57.028
57.028
57.028
57.028
57.028
57.028
57.028
57.028
57.028
57.028
57.028
57.028
57.028
57.028
57.028
57.028
57.028
57.028
57.028
57.028
57.028
57.028
57.028
57.028
57.028
57.028
57.028
57.028
57.028
57.028
57.028
57.028
57.028
57.028
57.028
57.028
57.028
57.028
57.028
57.028
57.028
57.028
57.028
57.028
57.028
57.028
57.028
57.028
57.028
57.028
57.028
57.028
57.028
57.028
57.028
57.028
57.028
57.028
57.028
57.028
57.028
57.028
57.028
57.028
57.028
57.028
57.028
57.028
57.028
57.028
57.028
57.028
57.028
57.028
57.028
57.028
57.028
57.028
57.028
57.028
57.028
57.028
57.028
57.028
57.028
57.028
57.028
57.028
57.028
57.028
57.028
57.028
57.028
57.028
57.028
57.028
57.028
57.028
57.028
57.028
57.028
57.028
57.028
57.028
57.028
57.028
57.028
57.028
57.0261
57.0261
57.0168
56.9888
56.944
56.9346
56.9346
56.9346
56.9346
56.9346
56.9346
56.9346
56.9346
56.9346
56.9346
56.9346
56.9346
56.9346
56.9346
56.9346
56.9346
56.9346
56.9346
56.9346
56.9346
56.9346
56.9346
56.9346
56.9346
56.9346
56.9346
56.9346
56.9346
56.9346
56.9346
56.9346
56.9346
56.9346
56.9346
56.9346
56.9346
56.9346
56.9346
56.9346
56.9346
56.9346
56.9346
56.9346
56.9346
56.9346
56.9346
56.9346
56.9346
56.9346
56.9346
56.9346
56.9346
56.9346
56.9346
56.9346
56.9346
56.9346
56.9346
56.9346
56.9346
56.9346
56.9346
56.9346
56.9346
56.9346
56.9346
56.9346
56.9346
56.9346
56.9346
56.9346
56.9346
56.9346
56.9346
56.9346
56.9346
56.9346
56.9346
56.9346
56.9346
56.9346
56.9346
56.9346
56.9346
56.9346
56.9346
56.9346
56.9346
56.9346
56.9346
56.9346
56.9346
56.9346
56.9346
56.9346
56.9346
56.9346
56.9346
56.9346
56.9346
56.9346
56.9346
56.9346
56.9346
56.9346
56.9346
56.9346
56.9346
56.9346
56.9346
56.9346
56.9346
56.9346
56.9346
56.9346
56.9346
56.9346
56.9346
56.9346
56.9346
56.9346
56.9346
56.9346
56.9346
56.9346
56.9346
56.9346
56.9346
56.9346
56.9346
56.9346
56.9346
56.9346
56.9346
56.9346
56.9346
56.9346
56.9346
56.9346
56.9346
56.9346
56.9346
56.9346
56.9346
56.9346
56.9346
56.9346
56.9346
56.9346
56.9346
56.9346
56.9346
56.9346
56.9346
56.9346
56.9346
56.9346
56.9346
56.9346
56.9346
56.9346
56.9346
56.9346
56.9346
56.9346
56.9346
56.9346
56.9346
56.9346
56.9346
56.9346
56.9346
56.9346
56.9346
56.9346
56.9346
56.9346
56.9346
56.9346
56.9346
56.9346
56.9346
56.9346
56.9346
56.9346
56.9346
56.9346
56.9346
56.9346
56.9346
56.9346
56.9346
56.9346
56.9346
56.9346
56.9346
56.9346
56.9346
56.9346
56.9346
56.9346
56.9346
56.9346
56.9346
56.9346
56.9346
56.9346
56.9346
56.9346
56.9346
56.9346
56.9346
56.9346
56.9346
56.9346
56.9346
56.9346
56.9346
56.9346
56.9346
56.9346
56.9346
56.9346
56.9346
56.9346
56.9346
56.9346
56.9346
56.9346
56.9346
56.9346
56.9346
56.9346
56.9346
56.9346
56.9346
56.9346
56.9346
56.9346
56.9346
56.9346
56.9346
56.9346
56.9346
56.9346
56.9346
56.9346
56.9346
56.9346
56.9346
56.9346
56.9346
56.9346
56.9346
56.9346
56.9346
56.9346
56.9346
56.9346
56.9346
56.9346
56.9346
56.9346
56.9346
56.9346
56.9346
56.9346
56.9186
56.8562
56.7749
56.5107
56.4963
56.4963
56.4963
56.4963
56.4963
56.4963
56.4963
56.4963
56.4963
56.4963
56.4963
56.4963
56.4963
56.4963
56.4963
56.4963
56.4963
56.4963
56.4963
56.4963
56.4963
56.4963
56.4963
56.4963
56.4963
56.4963
56.4963
56.4963
56.4963
56.4963
56.4963
56.4963
56.4963
56.4963
56.4963
56.4963
56.4963
56.4963
56.4963
56.4963
56.4963
56.4963
56.4963
56.4963
56.4963
56.4963
56.4963
56.4963
56.4963
56.4963
56.4963
56.4963
56.4963
56.4963
56.4963
56.4963
56.4963
56.4963
56.4963
56.4963
56.4963
56.4963
56.4963
56.4963
56.4963
56.4963
56.4963
56.4963
56.4963
56.4963
56.4963
56.4963
56.4963
56.4963
56.4963
56.4963
56.4963
56.4963
56.4963
56.4963
56.4963
56.4963
56.4963
56.4963
56.4963
56.4963
56.4963
56.4963
56.4963
56.4963
56.4963
56.4963
56.4963
56.4963
56.4963
56.4963
56.4963
56.4963
56.4963
56.4963
56.4963
56.4963
56.4963
56.4963
56.4963
56.4963
56.4963
56.4963
56.4963
56.4963
56.4963
56.4963
56.4963
56.4963
56.4963
56.4963
56.4963
56.4963
56.4963
56.4963
56.4963
56.4963
56.4963
56.4963
56.4963
56.4963
56.4963
56.4963
56.4963
56.4963
56.4963
56.4963
56.4963
56.4963
56.4963
56.4963
56.4963
56.4963
56.4963
56.4963
56.4963
56.4963
56.4963
56.4963
56.4963
56.4963
56.4963
56.4963
56.4963
56.4963
56.4963
56.4963
56.4963
56.4963
56.4963
56.4963
56.4963
56.4963
56.4963
56.4963
56.4963
56.4963
56.4963
56.4963
56.4963
56.4963
56.4963
56.4963
56.4963
56.4963
56.4963
56.4963
56.4963
56.4963
56.4963
56.4963
56.4963
56.4963
56.4963
56.4963
56.4963
56.4963
56.4963
56.4963
56.4963
56.4963
56.4963
56.4963
56.4963
56.4963
56.4963
56.4963
56.4963
56.4963
56.4963
56.4963
56.4963
56.4963
56.4963
56.4963
56.4963
56.4963
56.4963
56.4963
56.4963
56.4963
56.4963
56.4963
56.4963
56.4963
56.4963
56.4963
56.4963
56.4963
56.4963
56.4963
56.4963
56.4963
56.4963
56.4963
56.4963
56.4963
56.4963
56.4963
56.4963
56.4963
56.4963
56.4963
56.4963
56.4963
56.4963
56.4963
56.4963
56.4963
56.4963
56.4963
56.4963
56.4963
56.4963
56.4963
56.4963
56.4963
56.4963
56.4963
56.4963
56.4963
56.4963
56.4963
56.4963
56.4963
56.4963
56.4963
56.4963
56.4963
56.4963
56.4963
56.4963
56.4963
56.4963
56.4963
56.4963
56.4963
56.4963
56.4963
56.4963
56.4963
56.4963
56.4963
56.4963
56.4963
56.4963
56.4963
56.4963
56.4963
56.4963
56.4963
56.4963
56.4963
56.4963
56.4963
56.4963
56.4963
56.4963
56.4963
56.4963
56.4963
56.4963
56.4963
56.4963
56.4963
56.4963
56.4963
56.4963
56.4963
56.4963
56.4963
56.4963
56.4963
56.4963
56.4963
56.4963
56.4963
56.4963
56.4963
56.4963
56.4963
56.4963
56.4963
56.4963
56.4963
56.4963
56.4963
56.4963
56.4963
56.4963
56.4963
56.4963
56.4963
56.4963
56.4963
56.4963
56.4963
56.4963
56.4963
56.4963
56.4963
56.4963
56.4963
56.4963
56.4963
56.4963
56.4963
56.4963
56.4963
56.4963
56.4963
56.4963
56.4963
56.4963
56.4963
56.4963
56.4963
56.4963
56.4963
56.4963
56.4963
56.4963
56.4963
56.4963
56.4963
56.4963
56.4963
56.4963
56.4963
56.4963
56.4963
56.4963
56.4963
56.4963
56.4963
56.4963
56.4963
56.4963
56.4963
56.4963
56.4963
56.4963
56.4963
56.4963
56.4963
56.4963
56.4963
56.4963
56.4963
56.4963
56.4963
56.4963
56.4963
56.4963
56.4963
56.4963
56.4963
56.4963
56.4963
56.4963
56.4963
56.4963
56.4963
56.4963
56.4963
56.4963
56.4963
56.4963
56.4963
56.4963
56.4963
56.4963
56.4963
56.4963
56.4963
56.4963
56.4963
56.4963
56.4963
56.4963
56.4963
56.4963
56.4963
56.4963
56.4963
56.4963
56.4963
56.4963
56.4963
56.4963
56.4963
56.4963
56.4963
56.4963
56.4963
56.4963
56.4963
56.4963
56.4963
56.4963
56.4963
56.4963
56.4963
56.4963
56.4963
56.4963
56.4963
56.4963
56.4963
56.4963
56.4963
56.4963
56.4963
56.4963
56.4963
56.4963
56.4963
56.4963
56.4963
56.4963
56.4963
56.4963
56.4963
56.4963
56.4963
56.4963
56.4963
56.4963
56.4963
56.4963
56.4963
56.4963
56.4963
56.4963
56.4963
56.4963
56.4963
56.4963
56.4963
56.4963
56.4963
56.4963
56.4963
56.4963
56.4963
56.4963
56.4963
56.4963
56.4963
56.4963
56.4963
56.4963
56.4963
56.4963
56.4963
56.4963
56.4963
56.4963
56.4963
56.4963
56.4963
56.4963
56.4963
56.4963
56.4963
56.4963
56.4963
56.4963
56.4963
56.4963
56.4963
56.4963
56.4963
56.4963
56.4963
56.4963
56.4963
56.4963
56.4963
56.4963
56.4963
56.4963
56.4963
56.4963
56.4963
56.4963
56.4963
56.4963
56.4963
56.4963
56.4963
56.4963
56.4963
56.4963
56.4963
56.4963
56.4963
56.4963
56.4963
56.4963
56.4963
56.4963
56.4963
56.4963
56.4963
56.4963
56.4963
56.4963
56.4963
56.4963
56.4963
56.4963
56.4963
56.4963
56.4963
56.4963
56.4963
56.4963
56.4963
56.4963
56.4963
56.4963
56.4963
56.4963
56.4963
56.4963
56.4963
56.4963
56.4963
56.4963
56.4963
56.4963
56.4963
56.4963
56.4963
56.4963
56.4963
56.4963
56.4963
56.4963
56.4963
56.4963
56.4963
56.4963
56.4963
56.4963
56.4963
56.4963
56.4963
56.4963
56.4963
56.4963
56.4963
56.4963
56.4963
56.4963
56.4963
56.4963
56.4963
56.4963
56.4963
56.4963
56.4963
56.4963
56.4963
56.4963
56.4963
56.4963
56.4963
56.4963
56.4963
56.4963
56.4963
56.4963
56.4963
56.4963
56.4963
56.4963
56.4963
56.4963
56.4963
56.4963
56.4963
56.4963
56.4963
56.4963
56.4963
56.4963
56.4963
56.4963
56.4963
56.4963
56.4963
56.4963
56.4963
56.4963
56.4963
56.4963
56.4963
56.4963
56.4963
56.4963
56.4963
56.4963
56.4963
56.4963
56.4963
56.4963
56.4963
56.4963
56.4963
56.4963
56.4963
56.4963
56.4963
56.4963
56.4963
56.4963
56.4963
56.4963
56.4963
56.4963
56.4963
56.4963
56.4963
56.4963
56.4963
56.4963
56.4963
56.4963
56.4963
56.4963
56.4963
56.4963
56.4963
56.4963
56.4963
56.4963
56.4963
56.4963
56.4963
56.4963
56.4963
56.4963
56.4963
56.4963
56.4963
56.4963
56.4963
56.4963
56.4963
56.4963
56.4963
56.4963
56.4963
56.4963
56.4963
56.4963
56.4963
56.4963
56.4963
56.4963
56.4963
56.4963
56.4963
56.4963
56.4963
56.4963
56.4963
56.4963
56.4963
56.4963
56.4963
56.4963
56.4963
56.4963
56.4963
56.4963
56.4963
56.4963
56.4963
56.4963
56.4963
56.4963
56.4963
56.4963
56.4963
56.4963
56.4963
56.4963
56.4963
56.4963
56.4963
56.4963
56.4963
56.4963
56.4963
56.4963
56.4963
56.4963
56.4963
56.4963
56.4963
56.4963
56.4963
56.4963
56.4963
56.4963
56.4963
56.4963
56.4963
56.4963
56.4963
56.4963
56.4963
56.4963
56.4963
56.4963
56.4963
56.4963
56.4963
56.4963
56.4963
56.4963
56.4963
56.4963
56.4963
56.4963
56.4963
56.4963
56.4963
56.4963
56.4963
56.4963
56.4963
56.4963
56.4963
56.4963
56.4963
56.4963
56.4963
56.4963
56.4963
56.4963
56.4963
56.4963
56.4963
56.4963
56.4963
56.4963
56.4963
56.4963
56.4963
56.4963
56.4963
56.4963
56.4963
56.4963
56.4963
56.4963
56.4963
56.4963
56.4963
56.8884
56.4963
56.4963
56.4963
56.4963
56.4963
56.4963
56.4963
56.4963
56.4963
56.4963
56.4963
56.4963
56.4963
56.4963
56.4963
56.4963
56.4963
56.4963
56.4963
56.4963
56.4963
56.4963
56.4963
56.4963
56.4963
56.4963
56.4963
56.4963
56.4963
56.4963
56.4963
56.4963
56.4963
56.4963
56.4963
56.4963
56.4963
56.4963
56.4963
56.4963
56.4963
56.4963
56.4963
56.4963
56.4963
56.4963
56.4963
56.4963
56.4963
56.4963
56.4963
56.4963
56.4963
56.4963
56.4963
56.4963
56.4963
56.4963
56.4963
56.4963
56.4963
56.4963
56.4963
56.4963
56.4963
56.4963
56.4963
56.4963
56.4963
56.4963
56.4963
56.4963
56.4963
56.4963
56.4963
56.4963
56.4963
56.4963
56.4963
56.4963
56.4963
56.4963
56.4963
56.4963
56.4963
56.4963
56.4963
56.4963
56.4963
56.4963
56.4963
56.4963
56.4963
56.4963
56.4963
56.4963
56.4963
56.4963
56.4963
56.4963
56.4963
56.4963
56.4963
56.4963
56.4963
56.4963
56.4963
56.4963
56.4963
56.4963
56.4963
56.4963
56.4963
56.4963
56.4963
56.4963
56.4963
56.4963
56.4963
56.4963
56.4963
56.4963
56.4963
56.4963
56.4963
56.4963
56.4963
56.4963
56.4963
56.4963
56.4963
56.4963
56.4963
56.4963
56.4963
56.4963
56.4963
56.4963
56.4963
56.4963
56.4963
56.4963
56.4963
56.4963
56.4963
56.4963
56.4963
56.4963
56.4963
56.4963
56.4963
56.4963
56.4963
56.4963
56.4963
56.4963
56.4963
56.4963
56.4963
56.4963
56.4963
56.4963
56.4963
56.4963
56.4963
56.4963
56.4963
56.4963
56.4963
56.4963
56.4963
56.4963
56.4963
56.4963
56.4963
56.4963
56.4963
56.4963
56.4963
56.4963
56.4963
56.4963
56.4963
56.4963
56.4963
56.4963
56.4963
56.4963
56.4963
56.4963
56.4963
56.4963
56.4963
56.4963
56.4963
56.4963
56.4963
56.4963
56.4963
56.4963
56.4963
56.4963
56.4963
56.4963
56.4963
56.4963
56.4963
56.4963
56.4963
56.4963
56.4963
56.4963
56.4963
56.4963
56.4963
56.4963
56.4963
56.4963
56.4963
56.4963
56.4963
56.4963
56.4963
56.4963
56.4963
56.4963
56.4963
56.4963
56.4963
56.4963
56.4963
56.4963
56.4963
56.4963
56.4963
56.4963
56.4963
56.4963
56.4963
56.4963
56.4963
56.4963
56.4963
56.4963
56.4963
56.4963
56.4963
56.4963
56.4963
56.4963
56.4963
56.4963
56.4963
56.4963
56.4963
56.4963
56.4963
56.4963
56.4963
56.4963
56.4963
56.4963
56.4963
56.4963
56.4963
56.4963
56.4963
56.4963
56.4963
56.4963
56.4963
56.4963
56.4963
56.4963
56.4963
56.4963
56.4963
56.4963
56.4963
56.4963
56.4963
56.4963
56.4963
56.4963
56.4963
56.4963
56.4963
56.4963
56.4963
56.4963
56.4963
56.4963
56.4963
56.4963
56.4963
56.4963
56.4963
56.4963
56.4963
56.4963
56.4963
56.4963
56.4963
56.4963
56.4963
56.4963
56.4963
56.4963
56.4963
56.4963
56.4963
56.4963
56.4963
56.4963
56.4963
56.4963
56.4963
56.4963
56.4963
56.4963
56.4963
56.4963
56.4963
56.4963
56.4963
56.4963
56.4963
56.4963
56.4963
56.4963
56.4963
56.4963
56.4963
56.4963
56.4963
56.4963
56.4963
56.4963
56.4963
56.4963
56.4963
56.4963
56.4963
56.4963
56.4963
56.4963
56.4963
56.4963
56.4963
56.4963
56.4963
56.4963
56.4963
56.4963
56.4963
56.4963
56.4963
56.4963
56.4963
56.4963
56.4963
56.4963
56.4963
56.4963
56.4963
56.4963
56.4963
56.4963
56.4963
56.4963
56.4963
56.4963
56.4963
56.4963
56.4963
56.4963
56.4963
56.4963
56.4963
56.4963
56.4963
56.4963
56.4963
56.4963
56.4963
56.4963
56.4963
56.4963
56.4963
56.4963
56.4963
56.4963
56.4963
56.4963
56.4963
56.4963
56.4963
56.4963
56.4963
56.4963
56.4963
56.4963
56.4963
56.4963
56.4963
56.4963
56.4963
56.4963
56.4963
56.4963
56.4963
56.4963
56.4963
56.4963
56.4963
56.4963
56.4963
56.4963
56.4963
56.4963
56.4963
56.4963
56.4963
56.4963
56.4963
56.4963
56.4963
56.4963
56.4963
56.4963
56.4963
56.4963
56.4963
56.4963
56.4963
56.4963
56.4963
56.4963
56.4963
56.4963
56.4963
56.4963
56.4963
56.4963
56.4963
56.4963
56.4963
56.4963
56.4963
56.4963
56.4963
56.4963
56.4963
56.4963
56.4963
56.4963
56.4963
56.4963
56.4963
56.4963
56.4963
56.4963
56.4963
56.4963
56.4963
56.4963
56.4963
56.4963
56.4963
56.4963
56.4963
56.4963
56.4963
56.4963
56.4963
56.4963
56.4963
56.4963
56.4963
56.4963
56.4963
56.4963
56.4963
56.4963
56.4963
56.4963
56.4963
56.4963
56.4963
56.4963
56.4963
56.4963
56.4963
56.4963
56.4963
56.4963
56.4963
56.4963
56.4963
56.4963
56.4963
56.4963
56.4963
56.4963
56.4963
56.4963
56.4963
56.4963
56.4963
56.4963
56.4963
56.4963
56.4963
56.4963
56.4963
56.4963
56.4963
56.4963
56.4963
56.4963
56.4963
56.4963
56.4963
56.4963
56.4963
56.4963
56.4963
56.4963
56.4963
56.4963
56.4963
56.4963
56.4963
56.4963
56.4963
56.4963
56.4963
56.4963
56.4963
56.4963
56.4963
56.4963
56.4963
56.4963
56.4963
56.4963
56.4963
56.4963
56.4963
56.4963
56.4963
56.4963
56.4963
56.4963
56.4963
56.4963
56.4963
56.4963
56.4963
56.4963
56.4963
56.4963
56.4963
56.4963
56.4963
56.4963
56.4963
56.4963
56.4963
56.4963
56.4963
56.4963
56.4963
56.4963
56.4963
56.4963
56.4963
56.4963
56.4963
56.4963
56.4963
56.4963
56.4963
56.4963
56.4963
56.4963
56.4963
56.4963
56.4963
56.4963
56.4963
56.4963
56.4963
56.4963
56.4963
56.4963
56.4963
56.4963
56.4963
56.4963
56.4963
56.4963
56.4963
56.4963
56.4963
56.4963
56.4963
56.4963
56.4963
56.4963
56.4963
56.4963
56.4963
56.4963
56.4963
56.4963
56.4963
56.4963
56.4963
56.4963
56.4963
56.4963
56.4963
56.4963
56.4963
56.4963
56.4963
56.4963
56.4963
56.4963
56.4963
56.4963
56.4963
56.4963
56.4963
56.4963
56.4963
56.4963
56.4963
56.4963
56.4963
56.4963
56.4963
56.4963
56.4963
56.4963
56.4963
56.4963
56.4963
56.4963
56.4963
56.4963
56.4963
56.4963
56.4963
56.4963
56.4963
56.4963
56.4963
56.4963
56.4963
56.4963
56.4963
56.4963
56.4963
56.4963
56.4963
56.4963
56.4963
56.4963
56.4963
56.4963
56.4963
56.4963
56.4963
56.4963
56.4963
56.4963
56.4963
56.4963
56.4963
56.4963
56.4963
56.4963
56.4963
56.4963
56.4963
56.4963
56.4963
56.4963
56.4963
56.4963
56.4963
56.4963
56.4963
56.4963
56.4963
56.4963
56.4963
56.4963
56.4963
56.4963
56.4963
56.4963
56.4963
56.4963
56.4963
56.4963
56.4963
56.4963
56.4963
56.4963
56.4963
56.4963
56.4963
56.4963
56.4963
56.4963
56.4963
56.4963
56.4963
56.4963
56.4963
56.4963
56.4963
56.4963
56.4963
56.4963
56.4963
56.4963
56.4963
56.4963
56.4963
56.4963
56.4963
56.4963
56.4963
56.4963
56.4963
56.4963
56.4963
56.4963
56.4963
56.4963
56.4963
56.4963
56.4963
56.4963
56.4963
56.4963
56.4963
56.4963
56.4963
56.4963
56.4963
56.4963
56.4963
56.4963
56.4963
56.4963
56.4963
56.4963
56.4963
56.4963
56.4963
56.4963
56.4963
56.4963
56.4963
56.4963
56.4963
56.4963
56.4963
56.4963
56.4963
56.4963
56.4963
56.4963
56.4963
56.4963
56.4963
56.4963
56.4963
56.4963
56.4963
56.4963
56.4963
56.4963
56.4963
56.4963
56.4963
56.4963
56.4963
56.4963
56.4963
56.4963
56.4963
56.4963
56.4963
56.4963
56.4963
56.4963
56.4963
56.4963
56.4963
56.4963
56.4963
56.4963
56.4963
56.4963
56.4963
56.4963
56.4963
56.4963
56.4963
56.4963
56.4963
56.4963
56.4963
56.4963
56.4963
56.4963
56.4963
56.4963
56.4963
56.4963
56.4963
56.4963
56.4963
56.4963
56.4963
56.4963
56.4963
56.4963
56.4963
56.4963
56.4963
56.4963
56.4963
56.4963
56.4963
56.4963
56.4963
56.4963
56.4963
56.4963
56.4963
56.4963
56.4963
56.4963
56.4963
56.4963
56.4963
56.4963
56.4963
56.4963
56.4963
56.4963
56.4963
56.4963
56.4963
56.4963
56.4963
56.4963
56.4963
56.4963
56.4963
56.4963
56.4963
56.4963
56.4963
56.4963
56.4963
56.4963
56.4963
56.4963
56.4963
56.4963
56.4963
56.4963
56.4963
56.4963
56.4963
56.4963
56.4963
56.4963
56.4963
56.4963
56.4963
56.4963
56.4963
56.4963
56.4963
56.4963
56.4963
56.4963
56.4963
56.4963
56.4963
56.4963
56.4963
56.4963
56.4963
56.4963
56.4963
56.4963
56.4963
56.4963
56.4963
56.4963
56.4963
56.4963
56.4963
56.4963
56.4963
56.4963
56.4963
56.4963
56.4963
56.4963
56.4963
56.4963
56.4963
56.4963
56.4963
56.4963
56.4963
56.4963
56.4963
56.4963
56.4963
56.4963
56.4963
56.4963
56.4963
56.4963
56.4963
56.4963
56.4963
56.4963
56.4963
56.4963
56.4963
56.4963
56.4963
56.4963
56.4963
56.4963
56.4963
56.4963
56.4963
56.4963
56.4963
56.4963
56.4963
56.4963
56.4963
56.4963
56.4963
56.4963
56.4963
56.4963
56.4963
56.4963
56.4963
56.4963
56.4963
56.4963
56.4963
56.4963
56.4963
56.4963
56.4963
56.4963
56.4963
56.4963
56.4963
56.4963
56.4963
56.4963
56.4963
56.4963
56.4963
56.4963
56.4963
56.4963
56.4963
56.4963
56.4963
56.4963
56.4963
56.4963
56.4963
56.4963
56.4963
56.4963
56.4963
56.4963
56.4963
56.4963
56.4963
56.4963
56.4963
56.4963
56.4963
56.4963
56.4963
56.4963
56.4963
56.4963
56.4963
56.4963
56.4963
56.4963
56.4963
56.4963
56.4963
56.4963
56.4963
56.4963
56.4963
56.4963
56.4963
56.4963
56.4963
56.4963
56.4963
56.4963
56.4963
56.4963
56.4963
56.4963
56.4963
56.4963
56.4963
56.4963
56.4963
56.4963
56.4963
56.4963
56.4963
56.4963
56.4963
56.4963
56.4963
56.4963
56.4963
56.4963
56.4963
56.4963
56.4963
56.4963
56.4963
56.4963
56.4963
56.4963
56.4963
56.4963
56.4963
56.4963
56.4963
56.4963
56.4963
56.4963
56.4963
56.4963
56.4963
56.4963
56.4963
56.4963
56.4963
56.4963
56.4963
56.4963
56.4963
56.4963
56.4963
56.4963
56.4963
56.4963
56.4963
56.4963
56.4963
56.4963
56.4963
56.4963
56.4963
56.4963
56.4963
56.4963
56.4963
56.4963
56.4963
56.4963
56.4963
56.4963
56.4963
56.4963
56.4963
56.4963
56.4963
56.4963
56.4963
56.4963
56.4963
56.4963
56.4963
56.4963
56.4963
56.4963
56.4963
56.4963
56.4963
56.4963
56.4963
56.4963
56.4963
56.4963
56.4963
56.4963
56.4963
56.4963
56.4963
56.4963
56.4963
56.4963
56.4963
56.4963
56.4963
56.4963
56.4963
56.4963
56.4963
56.4963
56.4963
56.4963
56.4963
56.4963
56.4963
56.4963
56.4963
56.4963
56.4963
56.4963
56.4963
56.4963
56.4963
56.4963
56.4963
56.4963
56.4963
56.4963
56.4963
56.4963
56.4963
56.4963
56.4963
56.4963
56.4963
56.4963
56.4963
56.4963
56.4963
56.4963
56.4963
56.4963
56.4963
56.4963
56.4963
56.4963
56.4963
56.4963
56.4963
56.4963
56.4963
56.4963
56.4963
56.4963
56.4963
56.4963
56.4963
56.4963
56.4963
56.4963
56.4963
56.4963
56.4963
56.4963
56.4963
56.4963
56.4963
56.4963
56.4963
56.4963
56.4963
56.4963
56.4963
56.4963
56.4963
56.4963
56.4963
56.4963
56.4963
56.4963
56.4963
56.4963
56.4963
56.4963
56.4963
56.4963
56.4963
56.4963
56.4963
56.4963
56.4963
56.4963
56.4963
56.4963
56.4963
56.4963
56.4963
56.4963
56.4963
56.4963
56.4963
56.4963
56.4963
56.4963
56.4963
56.4963
56.4963
56.4963
56.4963
56.4963
56.4963
56.4963
56.4963
56.4963
56.4963
56.4963
56.4963
56.4963
56.4963
56.4963
56.4963
56.4963
56.4963
56.4963
56.4963
56.4963
56.4963
56.4963
56.4963
56.4963
56.4963
56.4963
56.4963
56.4963
56.4963
56.4963
56.4963
56.4963
56.4963
56.4963
56.4963
56.4963
56.4963
56.4963
56.4963
56.4963
56.4963
56.4963
56.4963
56.4963
56.4963
56.4963
56.4963
56.4963
56.4963
56.4963
56.4963
56.4963
56.4963
56.4963
56.4963
56.4963
56.4963
56.4963
56.4963
56.4963
56.4963
56.4963
56.4963
56.4963
56.4963
56.4963
56.4963
56.4963
56.4943
56.4902
56.48
56.4597
56.4252
56.3948
56.3948
56.3948
56.3948
56.3948
56.3948
56.3948
56.3948
56.3948
56.3948
56.3948
56.3948
56.3948
56.3948
56.3948
56.3948
56.3948
56.3948
56.3948
56.3948
56.3948
56.3948
56.3948
56.3948
56.3948
56.3948
56.3948
56.3948
56.3948
56.3948
56.3948
56.3948
56.3948
56.3948
56.3948
56.3948
56.3948
56.3948
56.3948
56.3948
56.3948
56.3948
56.3948
56.3948
56.3948
56.3948
56.3948
56.3948
56.3948
56.3948
56.3948
56.3948
56.3948
56.3948
56.3948
56.3948
56.3948
56.3948
56.3948
56.3948
56.3948
56.3948
56.3948
56.3948
56.3948
56.3948
56.3948
56.3948
56.3948
56.3948
56.3948
56.3948
56.3948
56.3948
56.3948
56.3948
56.3948
56.3948
56.3948
56.3948
56.3948
56.3948
56.3948
56.3948
56.3948
56.3948
56.3948
56.3948
56.3948
56.3948
56.3948
56.3948
56.3948
56.3948
56.3948
56.3948
56.3948
56.3948
56.3948
56.3948
56.3948
56.3948
56.3948
56.3948
56.3948
56.3948
56.3948
56.3948
56.3948
56.3948
56.3948
56.3948
56.3948
56.3948
56.3948
56.3948
56.3948
56.3948
56.3948
56.3948
56.3948
56.3948
56.3948
56.3948
56.3948
56.3948
56.3948
56.3948
56.3948
56.3948
56.3948
56.3948
56.3948
56.3948
56.3948
56.3948
56.3948
56.3948
56.3948
56.3948
56.3948
56.3948
56.3948
56.3948
56.3948
56.3948
56.3948
56.3948
56.3948
56.3948
56.3948
56.3948
56.3948
56.3948
56.3948
56.3948
56.3948
56.3948
56.3948
56.3948
56.3948
56.3948
56.3948
56.3948
56.3948
56.3948
56.3948
56.3948
56.3948
56.3948
56.3948
56.3948
56.3948
56.3948
56.3948
56.3948
56.3948
56.3948
56.3948
56.3948
56.3948
56.3948
56.3948
56.3948
56.3948
56.3948
56.3948
56.3948
56.3948
56.3948
56.3948
56.3948
56.3948
56.3948
56.3948
56.3948
56.3948
56.3948
56.3948
56.3948
56.3948
56.3948
56.3948
56.3948
56.3948
56.3948
56.3948
56.3948
56.3948
56.3948
56.3948
56.3948
56.3948
56.3948
56.3948
56.3948
56.3948
56.3948
56.3948
56.3948
56.3948
56.3948
56.3948
56.3948
56.3948
56.3948
56.3948
56.3948
56.3948
56.3948
56.3948
56.3948
56.3948
56.3948
56.3948
56.3948
56.3948
56.3948
56.3948
56.3948
56.3948
56.3948
56.3948
56.3948
56.3948
56.3948
56.3948
56.3948
56.3948
56.3948
56.3948
56.3948
56.3948
56.3948
56.3948
56.3948
56.3948
56.3948
56.3948
56.3948
56.3948
56.3948
56.3948
56.3948
56.3948
56.3948
56.3948
56.3948
56.3948
56.3948
56.3948
56.3948
56.3948
56.3948
56.3948
56.3948
56.3948
56.3948
56.3948
56.3948
56.3948
56.3948
56.3948
56.3948
56.3948
56.3948
56.3948
56.3948
56.3948
56.3948
56.3948
56.3948
56.3948
56.3948
56.3948
56.3948
56.3948
56.3948
56.3948
56.3948
56.3948
56.3948
56.3948
56.3948
56.3948
56.3948
56.3948
56.3948
56.3948
56.3948
56.3948
56.3948
56.3948
56.3948
56.3948
56.3948
56.3948
56.3948
56.3948
56.3948
56.3948
56.3948
56.3948
56.3948
56.3948
56.3948
56.3948
56.3948
56.3948
56.3948
56.3948
56.3948
56.3948
56.3948
56.3948
56.3948
56.3948
56.3948
56.3948
56.3948
56.3948
56.3948
56.3948
56.3948
56.3948
56.3948
56.3948
56.3948
56.3948
56.3948
56.3948
56.3948
56.3948
56.3948
56.3948
56.3948
56.3948
56.3948
56.3948
56.3948
56.3948
56.3948
56.3948
56.3948
56.3948
56.3948
56.3948
56.3948
56.3948
56.3948
56.3948
56.3948
56.3948
56.3948
56.3948
56.3948
56.3948
56.3948
56.3948
56.3948
56.3948
56.3948
56.3948
56.3948
56.3948
56.3948
56.3948
56.3948
56.3948
56.3948
56.3948
56.3948
56.3948
56.3948
56.3948
56.3948
56.3948
56.3948
56.3948
56.3948
56.3948
56.3948
56.3948
56.3948
56.3948
56.3948
56.3948
56.3948
56.3948
56.3948
56.3948
56.3948
56.3948
56.3948
56.3948
56.3948
56.3948
56.3948
56.3948
56.3948
56.3948
56.3948
56.3948
56.3948
56.3948
56.3948
56.3948
56.3948
56.3948
56.3948
56.3948
56.3948
56.3948
56.3948
56.3948
56.3948
56.3948
56.3948
56.3948
56.3948
56.3948
56.3948
56.3948
56.3948
56.3948
56.3948
56.3948
56.3948
56.3948
56.3948
56.3948
56.3948
56.3948
56.3948
56.3948
56.3948
56.3948
56.3948
56.3948
56.3948
56.3948
56.3948
56.3948
56.3948
56.3948
56.3948
56.3948
56.3948
56.3948
56.3948
56.3948
56.3948
56.3948
56.3948
56.3948
56.3948
56.3948
56.3948
56.3948
56.3948
56.3948
56.3948
56.3948
56.3948
56.3948
56.3948
56.3948
56.3948
56.3948
56.3948
56.3948
56.3948
56.3948
56.3948
56.3948
56.3948
56.3948
56.3948
56.3948
56.3948
56.3948
56.3948
56.3948
56.3948
56.3948
56.3948
56.3948
56.3948
56.3948
56.3948
56.3948
56.3948
56.3948
56.3948
56.3948
56.3948
56.3948
56.3948
56.3948
56.3948
56.3948
56.3948
56.3948
56.3948
56.3948
56.3948
56.3948
56.3948
56.3948
56.3948
56.3948
56.3948
56.3948
56.3948
56.3948
56.3948
56.3948
56.3948
56.3948
56.3948
56.3948
56.3948
56.3948
56.3948
56.3948
56.3948
56.3948
56.3948
56.3948
56.3948
56.3948
56.3948
56.3948
56.3948
56.3948
56.3948
56.3948
56.3948
56.3948
56.3948
56.3948
56.3948
56.3948
56.3948
56.3948
56.3948
56.3948
56.3948
56.3948
56.3948
56.3948
56.3948
56.3948
56.3948
56.3948
56.3948
56.3948
56.3948
56.3948
56.3948
56.3948
56.3948
56.3948
56.3948
56.3948
56.3948
56.3948
56.3948
56.3948
56.3948
56.3948
56.3948
56.3948
56.3948
56.3948
56.3948
56.3948
56.3948
56.3948
56.3948
56.3948
56.3948
56.3948
56.3948
56.3948
56.3948
56.3948
56.3948
56.3948
56.3948
56.3948
56.3948
56.3948
56.3948
56.3948
56.3948
56.3948
56.3948
56.3948
56.3948
56.3948
56.3948
56.3948
56.3948
56.3948
56.3948
56.3948
56.3948
56.3948
56.3948
56.3948
56.3948
56.3948
56.3948
56.3948
56.3948
56.3948
56.3948
56.3948
56.3948
56.3948
56.3948
56.3948
56.3948
56.3948
56.3948
56.3948
56.3948
56.3948
56.3948
56.3948
56.3948
56.3948
56.3948
56.3948
56.3948
56.3948
56.3948
56.3948
56.3948
56.3948
56.3948
56.3948
56.3948
56.3948
56.3948
56.3948
56.3948
56.3948
56.3948
56.3948
56.3948
56.3948
56.3948
56.3948
56.3948
56.3948
56.3948
56.3948
56.3948
56.3948
56.3948
56.3948
56.3948
56.3948
56.3948
56.3948
56.3948
56.3948
56.3948
56.3948
56.3948
56.3948
56.3948
56.3948
56.3948
56.3948
56.3948
56.3948
56.3948
56.3948
56.3948
56.3948
56.3948
56.3948
56.3948
56.3948
56.3948
56.3948
56.3948
56.3948
56.3948
56.3948
56.3948
56.3948
56.3948
56.3948
56.3948
56.3948
56.3948
56.3948
56.3948
56.3948
56.3948
56.3948
56.3948
56.3948
56.3948
56.3948
56.3948
56.3948
56.3948
56.3948
56.3948
56.3948
56.3948
56.3948
56.3948
56.3948
56.3948
56.3948
56.3948
56.3948
56.3948
56.3948
56.3948
56.3948
56.3948
56.3948
56.3948
56.3948
56.3948
56.3948
56.3948
56.3948
56.3948
56.3948
56.3948
56.3948
56.3948
56.3948
56.3948
56.3948
56.3948
56.3948
56.3948
56.3948
56.3948
56.3948
56.3948
56.3948
56.3948
56.3948
56.3948
56.3948
56.3948
56.3948
56.3948
56.3948
56.3948
56.3948
56.3948
56.3948
56.3948
56.3948
56.3948
56.3948
56.3948
56.3948
56.3948
56.3948
56.3948
56.3948
56.3948
56.3948
56.3948
56.3948
56.3948
56.3948
56.3948
56.3948
56.3948
56.3948
56.3948
56.3948
56.3948
56.3948
56.3948
56.3948
56.3948
56.3948
56.3948
56.3948
56.3948
56.3948
56.3948
56.3948
56.3948
56.3948
56.3948
56.3948
56.3948
56.3948
56.3948
56.3948
56.3948
56.3948
56.3948
56.3948
56.3948
56.3948
56.3948
56.3948
56.3948
56.3948
56.3948
56.3948
56.3948
56.3948
56.3948
56.3948
56.3948
56.3948
56.3948
56.3948
56.3948
56.3948
56.3948
56.3948
56.3948
56.3948
56.3948
56.3948
56.3948
56.3948
56.3948
56.3948
56.3948
56.3948
56.3948
56.3948
56.3948
56.3948
56.3948
56.3948
56.3948
56.3948
56.3948
56.3948
56.3948
56.3948
56.3948
56.3948
56.3948
56.3948
56.3948
56.3948
56.3948
56.3948
56.3948
56.3948
56.3948
56.3948
56.3948
56.3948
56.3948
56.3948
56.3948
56.3948
56.3948
56.3948
56.3948
56.3948
56.3948
56.3948
56.3948
56.3948
56.3948
56.3948
56.3948
56.3948
56.3948
56.3948
56.3948
56.3948
56.3948
56.3948
56.3948
56.3948
56.3948
56.3948
56.3948
56.3948
56.3948
56.3948
56.3948
56.3948
56.3948
56.3948
56.3948
56.3948
56.3948
56.3948
56.3948
56.3948
56.3948
56.3948
56.3948
56.3948
56.3948
56.3948
56.3948
56.3948
56.3948
56.3948
56.3948
56.3948
56.3948
56.3948
56.3948
56.3948
56.3948
56.3948
56.3948
56.3948
56.3948
56.3948
56.3948
56.3948
56.3948
56.3948
56.3948
56.3948
56.3948
56.3948
56.3948
56.3948
56.3948
56.3948
56.3948
56.3948
56.3948
56.3948
56.3948
56.3948
56.3948
56.3948
56.3948
56.3948
56.3948
56.3948
56.3948
56.3948
56.3948
56.3948
56.3948
56.3948
56.3948
56.3948
56.3948
56.3948
56.3948
56.3948
56.3948
56.3948
56.3948
56.3948
56.3948
56.3948
56.3948
56.3948
56.3948
56.3948
56.3948
56.3948
56.3948
56.3948
56.3948
56.3948
56.3948
56.3948
56.3948
56.3948
56.3948
56.3948
56.3948
56.3948
56.3948
56.3948
56.3948
56.3948
56.3948
56.3948
56.3948
56.3948
56.3948
56.3948
56.3948
56.3948
56.3948
56.3948
56.3948
56.3948
56.3948
56.3948
56.3948
56.3948
56.3948
56.3948
56.3948
56.3948
56.3948
56.3948
56.3948
56.3948
56.3948
56.3948
56.3948
56.3948
56.3948
56.3948
56.3948
56.3948
56.3948
56.3948
56.3948
56.3948
56.3948
56.3948
56.3948
56.3948
56.3948
56.3948
56.3948
56.3948
56.3948
56.3948
56.3948
56.3948
56.3948
56.3948
56.3948
56.3948
56.3948
56.3948
56.3948
56.3948
56.3948
56.3948
56.3948
56.3948
56.3948
56.3948
56.3948
56.3948
56.3948
56.3948
56.3948
56.3948
56.3948
56.3948
56.3948
56.3948
56.3948
56.3948
56.3948
56.3948
56.3948
56.3948
56.3948
56.3948
56.3948
56.3948
56.3948
56.3948
56.3948
56.3948
56.3948
56.3948
56.3948
56.3948
56.3948
56.3948
56.3948
56.3948
56.3948
56.3948
56.3948
56.3948
56.3948
56.3948
56.3948
56.3948
56.3948
56.3948
56.3948
56.3948
56.3948
56.3948
56.3948
56.3948
56.3948
56.3948
56.3948
56.3948
56.3948
56.3948
56.3948
56.3948
56.3948
56.3948
56.3948
56.3948
56.3948
56.3948
56.3948
56.3948
56.3948
56.3948
56.3948
56.3948
56.3948
56.3948
56.3948
56.3948
56.3948
56.3948
56.3948
56.3948
56.3948
56.3948
56.3948
56.3948
56.3948
56.3948
56.3948
56.3948
56.3948
56.3948
56.3948
56.3948
56.3948
56.3948
56.3948
56.3948
56.3948
56.3948
56.3948
56.3948
56.3948
56.3948
56.3948
56.3948
56.3948
56.3948
56.3948
56.3948
56.3948
56.3948
56.3948
56.3948
56.3948
56.3948
56.3948
56.3948
56.3948
56.3948
56.3948
56.3948
56.3948
56.3948
56.3948
56.3948
56.3948
56.3948
56.3948
56.3948
56.3948
56.3948
56.3948
56.3948
56.3948
56.3948
56.3948
56.3948
56.3948
56.3948
56.3948
56.3948
56.3948
56.3948
56.3948
56.3948
56.3948
56.3948
56.3948
56.3948
56.3948
56.3948
56.3948
56.3948
56.3948
56.3948
56.3948
56.3948
56.3948
56.3948
56.3948
56.3948
56.3948
56.3948
56.3948
56.3948
56.3948
56.3948
56.3948
56.3948
56.3948
56.3948
56.3948
56.3948
56.3948
56.3948
56.3948
56.3948
56.3948
56.3948
56.3948
56.3948
56.3948
56.3948
56.3948
56.3948
56.3948
56.3948
56.3948
56.3948
56.3948
56.3948
56.3948
56.3948
56.3948
56.3948
56.3948
56.3948
56.3948
56.3948
56.3948
56.3948
56.3948
56.3948
56.3948
56.3948
56.3948
56.3948
56.3948
56.3948
56.3948
56.3948
56.3948
56.3948
56.3948
56.3948
56.3948
56.3948
56.3948
56.3948
56.3948
56.3948
56.3948
56.3948
56.3948
56.3948
56.3948
56.3948
56.3948
56.3948
56.3948
56.3948
56.3948
56.3948
56.3948
56.3948
56.3948
56.3948
56.3948
56.3948
56.3948
56.3948
56.3948
56.3948
56.3948
56.3948
56.3948
56.3948
56.3948
56.3948
56.3948
56.3948
56.3948
56.3948
56.3948
56.3948
56.3948
56.3948
56.3948
56.3948
56.3948
56.3948
56.3948
56.3948
56.3948
56.3948
56.3948
56.3948
56.3948
56.3948
56.3948
56.3948
56.3948
56.3948
56.3948
56.3948
56.3948
56.3948
56.3948
56.3948
56.3948
56.3948
56.3948
56.3948
56.3948
56.3948
56.3948
56.3948
56.3948
56.3948
56.3948
56.3948
56.3948
56.3948
56.3948
56.3948
56.3948
56.3948
56.3948
56.3948
56.3948
56.3948
56.3948
56.3948
56.3948
56.3948
56.3948
56.3948
56.3948
56.3948
56.3948
56.3948
56.3948
56.3948
56.3948
56.3948
56.3948
56.3948
56.3948
56.3948
56.3948
56.3948
56.3948
56.3948
56.3948
56.3948
56.3948
56.3948
56.3948
56.3948
56.3948
56.3948
56.3948
56.3948
56.3948
56.3948
56.3948
56.3948
56.3948
56.3948
56.3948
56.3948
56.3948
56.3948
56.3948
56.3948
56.3948
56.3948
56.3948
56.3948
56.3948
56.3948
56.3948
56.3948
56.3948
56.3948
56.3948
56.3948
56.3948
56.3948
56.3948
56.3948
56.3948
56.3948
56.3948
56.3948
56.3948
56.3948
56.3948
56.3948
56.3948
56.3948
56.3948
56.3948
56.3948
56.3948
56.3948
56.3948
56.3948
56.3948
56.3948
56.3948
56.3948
56.3948
56.3948
56.3948
56.3948
56.3948
56.3948
56.3948
56.3948
56.3948
56.3948
56.3948
56.3948
56.3948
56.3948
56.3948
56.3948
56.3948
56.3948
56.3948
56.3948
56.3948
56.3948
56.3948
56.3948
56.3948
56.3948
56.3948
56.3948
56.3948
56.3948
56.3948
56.3948
56.3948
56.3948
56.3948
56.3948
56.3948
56.3948
56.3948
56.3948
56.3948
56.3948
56.3948
56.3948
56.3948
56.3948
56.3948
56.3948
56.3948
56.3948
56.3948
56.3948
56.3948
56.3948
56.3948
56.3948
56.3948
56.3948
56.3948
56.3948
56.3948
56.3948
56.3948
56.3948
56.3948
56.3948
56.3948
56.3948
56.3948
56.3948
56.3948
56.3948
56.3948
56.3948
56.3948
56.3948
56.3948
56.3948
56.3948
56.3948
56.3948
56.3948
56.3948
56.3948
56.3948
56.3948
56.3948
56.3948
56.3948
56.3948
56.3948
56.3948
56.3948
56.3948
56.3948
56.3948
56.3948
56.3948
56.3948
56.3948
56.3948
56.3948
56.3948
56.3948
56.3948
56.3948
56.3948
56.3948
56.3948
56.3948
56.3948
56.3948
56.3948
56.3948
56.3948
56.3948
56.3948
56.3948
56.3948
56.3948
56.3948
56.3948
56.3948
56.3948
56.3948
56.3948
56.3948
56.3948
56.3948
56.3948
56.3948
56.3948
56.3948
56.3948
56.3948
56.3948
56.3948
56.3948
56.3948
56.3948
56.3948
56.3948
56.3948
56.3948
56.3948
56.3948
56.3948
56.3948
56.3948
56.3948
56.3948
56.3948
56.3948
56.3948
56.3948
56.3948
56.3948
56.3948
56.3948
56.3948
56.3948
56.3948
56.3948
56.3948
56.3948
56.3948
56.3948
56.3948
56.3948
56.3948
56.3948
56.3948
56.3948
56.3948
56.3948
56.3948
56.3948
56.3948
56.3948
56.3948
56.3948
56.3948
56.3948
56.3948
56.3948
56.3948
56.3948
56.3948
56.3948
56.3948
56.3948
56.3948
56.3948
56.3948
56.3948
56.3948
56.3948
56.3948
56.3948
56.3948
56.3948
56.3948
56.3948
56.3948
56.3948
56.3948
56.3948
56.3948
56.3948
56.3948
56.3948
56.3948
56.3948
56.3948
56.3948
56.3948
56.3948
56.3948
56.3948
56.3948
56.3948
56.3948
56.3948
56.3948
56.3948
56.3948
56.3948
56.3948
56.3948
56.3948
56.3948
56.3948
56.3948
56.3948
56.3948
56.3948
56.3948
56.3948
56.3948
56.3948
56.3948
56.3948
56.3948
56.3948
56.3948
56.3948
56.3948
56.3948
56.3948
56.3948
56.3948
56.3948
56.3948
56.3948
56.3948
56.3948
56.3948
56.3948
56.3948
56.3948
56.3948
56.3948
56.3948
56.3948
56.3948
56.3948
56.3948
56.3948
56.3948
56.3948
56.3948
56.3948
56.3948
56.3948
56.3948
56.3948
56.3948
56.3948
56.3948
56.3948
56.3948
56.3948
56.3948
56.3948
56.3948
56.3948
56.3948
56.3948
56.3948
56.3948
56.3948
56.3948
56.3948
56.3948
56.3948
56.3948
56.3948
56.3948
56.3948
56.3948
56.3948
56.3948
56.3948
56.3948
56.3948
56.3948
56.3948
56.3948
56.3948
56.3948
56.3948
56.3948
56.3948
56.3948
56.3948
56.3948
56.3948
56.3948
56.3948
56.3948
56.3948
56.3948
56.3948
56.3948
56.3948
56.3948
56.3948
56.3948
56.3948
56.3948
56.3948
56.3948
56.3948
56.3948
56.3948
56.3948
56.3948
56.3948
56.3948
56.3948
56.3948
56.3948
56.3948
56.3948
56.3948
56.3948
56.3948
56.3948
56.3948
56.3948
56.3948
56.3948
56.3948
56.3948
56.3948
56.3948
56.3948
56.3948
56.3948
56.3948
56.3948
56.3948
56.3948
56.3948
56.3948
56.3948
56.3948
56.3948
56.3948
56.3948
56.3948
56.3948
56.3948
56.3948
56.3948
56.3948
56.3948
56.3948
56.3948
56.3948
56.3948
56.3948
56.3948
56.3948
56.3948
56.3948
56.3948
56.3948
56.3948
56.3948
56.3948
56.3948
56.3948
56.3948
56.3948
56.3948
56.3948
56.3948
56.3948
56.3948
56.3948
56.3948
56.3948
56.3948
56.3948
56.3948
56.3948
56.3948
56.3948
56.3948
56.3948
56.3948
56.3948
56.3948
56.3948
56.3948
56.3948
56.3948
56.3948
56.3948
56.3948
56.3948
56.3948
56.3948
56.3948
56.3948
56.3948
56.3948
56.3948
56.3948
56.3948
56.3948
56.3948
56.3948
56.3948
56.3948
56.3948
56.3948
56.3948
56.3948
56.3948
56.3948
56.3948
56.3948
56.3948
56.3948
56.3948
56.3948
56.3948
56.3948
56.3948
56.3948
56.3948
56.3948
56.3948
56.3948
56.3948
56.3948
56.3948
56.3948
56.3948
56.3948
56.3948
56.3948
56.3948
56.3948
56.3948
56.3948
56.3948
56.3948
56.3948
56.3948
56.3948
56.3948
56.3948
56.3948
56.3948
56.3948
56.3948
56.3948
56.3948
56.3948
56.3948
56.3948
56.3948
56.3948
56.3948
56.3948
56.3948
56.3948
56.3948
56.3948
56.3948
56.3948
56.3948
56.3948
56.3948
56.3948
56.3948
56.3948
56.3948
56.3948
56.3948
56.3948
56.3948
56.3948
56.3948
56.3948
56.3948
56.3948
56.3948
56.3948
56.3948
56.3948
56.3948
56.3948
56.3948
56.3948
56.3948
56.3948
56.3948
56.3948
56.3948
56.3948
56.3948
56.3948
56.3948
56.3948
56.3948
56.3948
56.3948
56.3948
56.3948
56.3948
56.3948
56.3948
56.3948
56.3948
56.3948
56.3948
56.3948
56.3948
56.3948
56.3948
56.3948
56.3948
56.3948
56.3948
56.3948
56.3948
56.3948
56.3948
56.3948
56.3948
56.3948
56.3948
56.3948
56.3948
56.3948
56.3948
56.3948
56.3948
56.3948
56.3948
56.3948
56.3948
56.3948
56.3948
56.3948
56.3948
56.3948
56.3948
56.3948
56.3948
56.3948
56.3948
56.3948
56.3948
56.3948
56.3948
56.3948
56.3948
56.3948
56.3948
56.3948
56.3948
56.3948
56.3948
56.3948
56.3948
56.3948
56.3948
56.3948
56.3948
56.3948
56.3948
56.3948
56.3948
56.3948
56.3948
56.3948
56.3948
56.3948
56.3948
56.3948
56.3948
56.3948
56.3948
56.3948
56.3948
56.3948
56.3948
56.3948
56.3948
56.3948
56.3948
56.3948
56.3948
56.3948
56.3948
56.3948
56.3948
56.3948
56.3948
56.3948
56.3948
56.3948
56.3948
56.3948
56.3948
56.3948
56.3948
56.3948
56.3948
56.3948
56.3948
56.3948
56.3948
56.3948
56.3948
56.3948
56.3948
56.3948
56.3948
56.3948
56.3948
56.3948
56.3948
56.3948
56.3948
56.3948
56.3948
56.3948
56.3948
56.3948
56.3948
56.3948
56.3948
56.3948
56.3948
56.3948
56.3948
56.3948
56.3948
56.3948
56.3948
56.3948
56.3948
56.3948
56.3948
56.3948
56.3948
56.3948
56.3948
56.3948
56.3948
56.3948
56.3948
56.3948
56.3948
56.3948
56.3948
56.3948
56.3948
56.3948
56.3948
56.3948
56.3948
56.3948
56.3948
56.3948
56.3948
56.3948
56.3948
56.3948
56.3948
56.3948
56.3948
56.3948
56.3948
56.3948
56.3948
56.3948
56.3948
56.3948
56.3948
56.3948
56.3948
56.3948
56.3948
56.3948
56.3948
56.3948
56.3948
56.3948
56.3948
56.3948
56.3948
56.3948
56.3948
56.3948
56.3948
56.3948
56.3948
56.3948
56.3948
56.3948
56.3948
56.3948
56.3948
56.3948
56.3948
56.3948
56.3948
56.3948
56.3948
56.3948
56.3948
56.3948
56.3948
56.3948
56.3948
56.3948
56.3948
56.3948
56.3948
56.3948
56.3948
56.3948
56.3948
56.3948
56.3948
56.3948
56.3948
56.3948
56.3948
56.3948
56.3948
56.3948
56.3948
56.3948
56.3948
56.3948
56.3948
56.3948
56.3948
56.3948
56.3948
56.3948
56.3948
56.3948
56.3948
56.3948
56.3948
56.3948
56.3948
56.3948
56.3948
56.3948
56.3948
56.3948
56.3948
56.3948
56.3948
56.3948
56.3948
56.3948
56.3948
56.3948
56.3948
56.3948
56.3948
56.3948
56.3948
56.3948
56.3948
56.3948
56.3948
56.3948
56.3948
56.3948
56.3948
56.3948
56.3948
56.3948
56.3948
56.3948
56.3948
56.3948
56.3948
56.3948
56.3948
56.3948
56.3948
56.3948
56.3948
56.3948
56.3948
56.3948
56.3948
56.3948
56.3948
56.3948
56.3948
56.3948
56.3948
56.3948
56.3948
56.3948
56.3948
56.3948
56.3948
56.3948
56.3948
56.3948
56.3948
56.3948
56.3948
56.3948
56.3948
56.3948
56.3948
56.3948
56.3948
56.3948
56.3948
56.3948
56.3948
56.3948
56.3948
56.3948
56.3948
56.3948
56.3948
56.3948
56.3948
56.3948
56.3948
56.3948
56.3948
56.3948
56.3948
56.3948
56.3948
56.3948
56.3948
56.3948
56.3948
56.3948
56.3948
56.3948
56.3948
56.3948
56.3948
56.3948
56.3948
56.3948
56.3948
56.3948
56.3948
56.3948
56.3948
56.3948
56.3948
56.3948
56.3948
56.3948
56.3948
56.3948
56.3948
56.3948
56.3948
56.3948
56.3948
56.3948
56.3948
56.3948
56.3948
56.3948
56.3948
56.3948
56.3948
56.3948
56.3948
56.3948
56.3948
56.3948
56.3948
56.3948
56.3948
56.3948
56.3948
56.3948
56.3948
56.3948
56.3948
56.3948
56.3948
56.3948
56.3948
56.3948
56.3948
56.3948
56.3948
56.3948
56.3948
56.3948
56.3948
56.3948
56.3948
56.3948
56.3948
56.3948
56.3948
56.3948
56.3948
56.3948
56.3948
56.3948
56.3948
56.3948
56.3948
56.3948
56.3948
56.3948
56.3948
56.3948
56.3948
56.3948
56.3948
56.3948
56.3948
56.3948
56.3948
56.3948
56.3948
56.3948
56.3948
56.3948
56.3948
56.3948
56.3948
56.3948
56.3948
56.3948
56.3948
56.3948
56.3948
56.3948
56.3948
56.3948
56.3948
56.3948
56.3948
56.3948
56.3948
56.3948
56.3948
56.3948
56.3948
56.3948
56.3948
56.3948
56.3948
56.3948
56.3948
56.3948
56.3948
56.3948
56.3948
56.3948
56.3948
56.3948
56.3948
56.3948
56.3948
56.3948
56.3948
56.3948
56.3948
56.3948
56.3948
56.3948
56.3948
56.3948
56.3948
56.3948
56.3948
56.3948
56.3948
56.3948
56.3948
56.3948
56.3948
56.3948
56.3948
56.3948
56.3948
56.3948
56.3948
56.3948
56.3948
56.3948
56.3948
56.3948
56.3948
56.3948
56.3948
56.3948
56.3948
56.3948
56.3948
56.3948
56.3948
56.3948
56.3948
56.3948
56.3948
56.3948
56.3948
56.3948
56.3948
56.3948
56.3948
56.3948
56.3948
56.3948
56.3948
56.3948
56.3948
56.3948
56.3948
56.3948
56.3948
56.3948
56.3948
56.3948
56.3948
56.3948
56.3948
56.3948
56.3948
56.3948
56.3948
56.3948
56.3948
56.3948
56.3948
56.3948
56.3948
56.3948
56.3948
56.3948
56.3948
56.3948
56.3948
56.3948
56.3948
56.3948
56.3948
56.3948
56.3948
56.3948
56.3948
56.3948
56.3948
56.3948
56.3948
56.3948
56.3948
56.3948
56.3948
56.3948
56.3948
56.3948
56.3948
56.3948
56.3948
56.3948
56.3948
56.3948
56.3948
56.3948
56.3948
56.3948
56.3948
56.3948
56.3948
56.3948
56.3948
56.3948
56.3948
56.3948
56.3948
56.3948
56.3948
56.3948
56.3948
56.3948
56.3948
56.3948
56.3948
56.3948
56.3948
56.3948
56.3948
56.3948
56.3948
56.3948
56.3948
56.3948
56.3948
56.3948
56.3948
56.3948
56.3948
56.3948
56.3948
56.3948
56.3948
56.3948
56.3948
56.3948
56.3948
56.3948
56.3948
56.3948
56.3948
56.3948
56.3948
56.3948
56.3948
56.3948
56.3948
56.3948
56.3948
56.3948
56.3948
56.3948
56.3948
56.3948
56.3948
56.3948
56.3948
56.3948
56.3948
56.3948
56.3948
56.3948
56.3948
56.3948
56.3948
56.3948
56.3948
56.3948
56.3948
56.3948
56.3948
56.3948
56.3948
56.3948
56.3948
56.3948
56.3948
56.3948
56.3948
56.3948
56.3948
56.3948
56.3948
56.3948
56.3948
56.3948
56.3948
56.3948
56.3948
56.3948
56.3948
56.3948
56.3948
56.3948
56.3948
56.3948
56.3948
56.3948
56.3948
56.3948
56.3948
56.3948
56.3948
56.3948
56.3948
56.3948
56.3948
56.3948
56.3948
56.3948
56.3948
56.3948
56.3948
56.3948
56.3948
56.3948
56.3948
56.3948
56.3948
56.3948
56.3948
56.3948
56.3948
56.3948
56.3948
56.3948
56.3948
56.3948
56.3948
56.3948
56.3948
56.3948
56.3948
56.3948
56.3948
56.3948
56.3948
56.3948
56.3948
56.3948
56.3948
56.3948
56.3948
56.3948
56.3948
56.3948
56.3948
56.3948
56.3948
56.3948
56.3948
56.3948
56.3948
56.3948
56.3948
56.3948
56.3948
56.3948
56.3948
56.3948
56.3948
56.3948
56.3948
56.3948
56.3948
56.3948
56.3948
56.3948
56.3948
56.3948
56.3948
56.3948
56.3948
56.3948
56.3948
56.3948
56.3948
56.3948
56.3948
56.3948
56.3948
56.3948
56.3948
56.3948
56.3948
56.3948
56.3948
56.3948
56.3948
56.3948
56.3948
56.3948
56.3948
56.3948
56.3948
56.3948
56.3948
56.3948
56.3948
56.3948
56.3948
56.3948
56.3948
56.3948
56.3948
56.3948
56.3948
56.3948
56.3948
56.3948
56.3948
56.3948
56.3948
56.3948
56.3948
56.3948
56.3948
56.3948
56.3948
56.3948
56.3948
56.3948
56.3948
56.3948
56.3948
56.3948
56.3948
56.3948
56.3948
56.3948
56.3948
56.3948
56.3948
56.3948
56.3948
56.3948
56.3948
56.3948
56.3948
56.3948
56.3948
56.3948
56.3948
56.3948
56.3948
56.3948
56.3948
56.3948
56.3948
56.3948
56.3948
56.3948
56.3948
56.3948
56.3948
56.3948
56.3948
56.3948
56.3948
56.3948
56.3948
56.3948
56.3948
56.3948
56.3948
56.3948
56.3948
56.3948
56.3948
56.3948
56.3948
56.3948
56.3948
56.3948
56.3948
56.3948
56.3948
56.3948
56.3948
56.3948
56.3948
56.3948
56.3948
56.3948
56.3948
56.3948
56.3948
56.3948
56.3948
56.3948
56.3948
56.3948
56.3948
56.3948
56.3948
56.3948
56.3948
56.3948
56.3948
56.3948
56.3948
56.3948
56.3948
56.3948
56.3948
56.3948
56.3948
56.3948
56.3948
56.3948
56.3948
56.3948
56.3948
56.3948
56.3948
56.3948
56.3948
56.3948
56.3948
56.3948
56.3948
56.3948
56.3948
56.3948
56.3948
56.3948
56.3948
56.3948
56.3948
56.3948
56.3948
56.3948
56.3948
56.3948
56.3948
56.3948
56.3948
56.3948
56.3948
56.3948
56.3948
56.3948
56.3948
56.3948
56.3948
56.3948
56.3948
56.3948
56.3948
56.3948
56.3948
56.3948
56.3948
56.3948
56.3948
56.3948
56.3948
56.3948
56.3948
56.3948
56.3948
56.3948
56.3948
56.3948
56.3948
56.3948
56.3948
56.3948
56.3948
56.3948
56.3948
56.3948
56.3948
56.3948
56.3948
56.3948
56.3948
56.3948
56.3948
56.3948
56.3948
56.3948
56.3948
56.3948
56.3948
56.3948
56.3948
56.3948
56.3948
56.3948
56.3948
56.3948
56.3948
56.3948
56.3948
56.3948
56.3948
56.3948
56.3948
56.3948
56.3948
56.3948
56.3948
56.3948
56.3948
56.3948
56.3948
56.3948
56.3948
56.3948
56.3948
56.3948
56.3948
56.3948
56.3948
56.3948
56.3948
56.3948
56.3948
56.3948
56.3948
56.3948
56.3948
56.3948
56.3948
56.3948
56.3948
56.3948
56.3948
56.3948
56.3948
56.3948
56.3948
56.3948
56.3948
56.3948
56.3948
56.3948
56.3948
56.3948
56.3948
56.3948
56.3948
56.3948
56.3948
56.3948
56.3948
56.3948
56.3948
56.3948
56.3948
56.3948
56.3948
56.3948
56.3948
56.3948
56.3948
56.3948
56.3948
56.3948
56.3948
56.3948
56.3948
56.3948
56.3948
56.3948
56.3948
56.3948
56.3948
56.3948
56.3948
56.3948
56.3948
56.3948
56.3948
56.3948
56.3948
56.3948
56.3948
56.3948
56.3948
56.3948
56.3948
56.3948
56.3948
56.3948
56.3948
56.3948
56.3948
56.3948
56.3948
56.3948
56.3948
56.3948
56.3948
56.3948
56.3948
56.3948
56.3948
56.3948
56.3948
56.3948
56.3948
56.3948
56.3948
56.3948
56.3948
56.3948
56.3948
56.3948
56.3948
56.3948
56.3948
56.3948
56.3948
56.3948
56.3948
56.3948
56.3948
56.3948
56.3948
56.3948
56.3948
56.3948
56.3948
56.3948
56.3948
56.3948
56.3948
56.3948
56.3948
56.3948
56.3948
56.3948
56.3948
56.3948
56.3948
56.3948
56.3948
56.3948
56.3948
56.3948
56.3948
56.3948
56.3948
56.3948
56.3948
56.3948
56.3948
56.3948
56.3948
56.3948
56.3948
56.3948
56.3948
56.3948
56.3948
56.3948
56.3948
56.3948
56.3948
56.3948
56.3948
56.3948
56.3948
56.3948
56.3948
56.3948
56.3948
56.3948
56.3948
56.3948
56.3948
56.3948
56.3948
56.3948
56.3948
56.3948
56.3948
56.3948
56.3948
56.3948
56.3948
56.3948
56.3948
56.3948
56.3948
56.3948
56.3948
56.3948
56.3948
56.3948
56.3948
56.3948
56.3948
56.3948
56.3948
56.3948
56.3948
56.3948
56.3948
56.3948
56.3948
56.3948
56.3948
56.3948
56.3948
56.3948
56.3948
56.3948
56.3948
56.3948
56.3948
56.3948
56.3948
56.3948
56.3948
56.3948
56.3948
56.3948
56.3948
56.3948
56.3948
56.3948
56.3948
56.3948
56.3948
56.3948
56.3948
56.3948
56.3948
56.3948
56.3948
56.3948
56.3948
56.3948
56.3948
56.3948
56.3948
56.3948
56.3948
56.3948
56.3948
56.3948
56.3948
56.3948
56.3948
56.3948
56.3948
56.3948
56.3948
56.3948
56.3948
56.3948
56.3948
56.3948
56.3948
56.3948
56.3948
56.3948
56.3948
56.3948
56.3948
56.3948
56.3948
56.3948
56.3948
56.3948
56.3948
56.3948
56.3948
56.3948
56.3948
56.3948
56.3948
56.3948
56.3948
56.3948
56.3948
56.3948
56.3948
56.3948
56.3948
56.3948
56.3948
56.3948
56.3948
56.3948
56.3948
56.3948
56.3948
56.3948
56.3948
56.3948
56.3948
56.3948
56.3948
56.3948
56.3948
56.3948
56.3948
56.3948
56.3948
56.3948
56.3948
56.3948
56.3948
56.3948
56.3948
56.3948
56.3948
56.3948
56.3948
56.3948
56.3948
56.3948
56.3948
56.3948
56.3948
56.3948
56.3948
56.3948
56.3948
56.3948
56.3948
56.3948
56.3948
56.3948
56.3948
56.3948
56.3948
56.3948
56.3948
56.3948
56.3948
56.3948
56.3948
56.3948
56.3948
56.3948
56.3948
56.3948
56.3948
56.3948
56.3948
56.3948
56.3948
56.3948
56.3948
56.3948
56.3948
56.3948
56.3948
56.3948
56.3948
56.3948
56.3948
56.3948
56.3948
56.3948
56.3948
56.3948
56.3948
56.3948
56.3948
56.3948
56.3948
56.3948
56.3948
56.3948
56.3948
56.3948
56.3948
56.3948
56.3948
56.3948
56.3948
56.3948
56.3948
56.3948
56.3948
56.3948
56.3948
56.3948
56.3948
56.3948
56.3948
56.3948
56.3948
56.3948
56.3948
56.3948
56.3948
56.3948
56.3948
56.3948
56.3948
56.3948
56.3948
56.3948
56.3948
56.3948
56.3948
56.3948
56.3948
56.3948
56.3948
56.3948
56.3948
56.3948
56.3948
56.3948
56.3948
56.3948
56.3948
56.3948
56.3948
56.3948
56.3948
56.3948
56.3948
56.3948
56.3948
56.3948
56.3948
56.3948
56.3948
56.3948
56.3948
56.3948
56.3948
56.3948
56.3948
56.3948
56.3948
56.3948
56.3948
56.3948
56.3948
56.3948
56.3948
56.3948
56.3948
56.3948
56.3948
56.3948
56.3948
56.3948
56.3948
56.3948
56.3948
56.3948
56.3948
56.3948
56.3948
56.3948
56.3948
56.3948
56.3948
56.3948
56.3948
56.3948
56.3948
56.3948
56.3948
56.3948
56.3948
56.3948
56.3948
56.3948
56.3948
56.3948
56.3948
56.3948
56.3948
56.3948
56.3948
56.3948
56.3948
56.3948
56.3948
56.3948
56.3948
56.3948
56.3948
56.3948
56.3948
56.3948
56.3948
56.3948
56.3948
56.3948
56.3948
56.3948
56.3948
56.3948
56.3948
56.3948
56.3948
56.3948
56.3948
56.3948
56.3948
56.3948
56.3948
56.3948
56.3948
56.3948
56.3948
56.3948
56.3948
56.3948
56.3948
56.3948
56.3948
56.3948
56.3948
56.3948
56.3948
56.3948
56.3948
56.3948
56.3948
56.3948
56.3948
56.3948
56.3948
56.3948
56.3948
56.3948
56.3948
56.3948
56.3948
56.3948
56.3948
56.3948
56.3948
56.3948
56.3948
56.3948
56.3948
56.3948
56.3948
56.3948
56.3948
56.3948
56.3948
56.3948
56.3948
56.3948
56.3948
56.3948
56.3948
56.3948
56.3948
56.3948
56.3948
56.3948
56.3948
56.3948
56.3948
56.3948
56.3948
56.3948
56.3948
56.3948
56.3948
56.3948
56.3948
56.3948
56.3948
56.3948
56.3948
56.3948
56.3948
56.3948
56.3948
56.3948
56.3948
56.3948
56.3948
56.3948
56.3948
56.3948
56.3948
56.3948
56.3948
56.3948
56.3948
56.3948
56.3948
56.3948
56.3948
56.3948
56.3948
56.3948
56.3948
56.3948
56.3948
56.3948
56.3948
56.3948
56.3948
56.3948
56.3948
56.3948
56.3948
56.3948
56.3948
56.3948
56.3948
56.3948
56.3948
56.3948
56.3948
56.3948
56.3948
56.3948
56.3948
56.3948
56.3948
56.3948
56.3948
56.3948
56.3948
56.3948
56.3948
56.3948
56.3948
56.3948
56.3948
56.3948
56.3948
56.3948
56.3948
56.3948
56.3948
56.3948
56.3948
56.3948
56.3948
56.3948
56.3948
56.3948
56.3948
56.3948
56.3948
56.3948
56.3948
56.3948
56.3948
56.3948
56.3948
56.3948
56.3948
56.3948
56.3948
56.3948
56.3948
56.3948
56.3948
56.3948
56.3948
56.3948
56.3948
56.3948
56.3948
56.3948
56.3948
56.3948
56.3948
56.3948
56.3948
56.3948
56.3948
56.3948
56.3948
56.3948
56.3948
56.3948
56.3948
56.3948
56.3948
56.3948
56.3948
56.3948
56.3948
56.3948
56.3948
56.3948
56.3948
56.3948
56.3948
56.3948
56.3948
56.3948
56.3948
56.3948
56.3948
56.3948
56.3948
56.3948
56.3948
56.3948
56.3948
56.3948
56.3948
56.3948
56.3948
56.3948
56.3948
56.3948
56.3948
56.3948
56.3948
56.3948
56.3948
56.3948
56.3948
56.3948
56.3948
56.3948
56.3948
56.3948
56.3948
56.3948
56.3948
56.3948
56.3948
56.3948
56.3948
56.3948
56.3948
56.3948
56.3948
56.3948
56.3948
56.3948
56.3948
56.3948
56.3948
56.3948
56.3948
56.3948
56.3948
56.3948
56.3948
56.3948
56.3948
56.3948
56.3948
56.3948
56.3948
56.3948
56.3948
56.3948
56.3948
56.3948
56.3948
56.3948
56.3948
56.3948
56.3948
56.3948
56.3948
56.3948
56.3948
56.3948
56.3948
56.3948
56.3948
56.3948
56.3948
56.3948
56.3948
56.3948
56.3948
56.3948
56.3948
56.3948
56.3948
56.3948
56.3948
56.3948
56.3948
56.3948
56.3948
56.3948
56.3948
56.3948
56.3948
56.3948
56.3948
56.3948
56.3948
56.3948
56.3948
56.3948
56.3948
56.3948
56.3948
56.3948
56.3948
56.3948
56.3948
56.3948
56.3948
56.3948
56.3948
56.3948
56.3948
56.3948
56.3948
56.3948
56.3948
56.3948
56.3948
56.3948
56.3948
56.3948
56.3948
56.3948
56.3948
56.3948
56.3948
56.3948
56.3948
56.3948
56.3948
56.3948
56.3948
56.3948
56.3948
56.3948
56.3948
56.3948
56.3948
56.3948
56.3948
56.3948
56.3948
56.3948
56.3948
56.3948
56.3948
56.3948
56.3948
56.3948
56.3948
56.3948
56.3948
56.3948
56.3948
56.3948
56.3948
56.3948
56.3948
56.3948
56.3948
56.3948
56.3948
56.3948
56.3948
56.3948
56.3948
56.3948
56.3948
56.3948
56.3948
56.3948
56.3948
56.3948
56.3948
56.3948
56.3948
56.3948
56.3948
56.3948
56.3948
56.3948
56.3948
56.3948
56.3948
56.3948
56.3948
56.3948
56.3948
56.3948
56.3948
56.3948
56.3948
56.3948
56.3948
56.3948
56.3948
56.3948
56.3948
56.3948
56.3948
56.3948
56.3948
56.3948
56.3948
56.3948
56.3948
56.3948
56.3948
56.3948
56.3948
56.3948
56.3948
56.3948
56.3948
56.3948
56.3948
56.3948
56.3948
56.3948
56.3948
56.3948
56.3948
56.3948
56.3948
56.3948
56.3948
56.3948
56.3948
56.3948
56.3948
56.3948
56.3948
56.3948
56.3948
56.3948
56.3948
56.3948
56.3948
56.3948
56.3948
56.3948
56.3948
56.3948
56.3948
56.3948
56.3948
56.3948
56.3948
56.3948
56.3948
56.3948
56.3948
56.3948
56.3948
56.3948
56.3948
56.3948
56.3948
56.3948
56.3948
56.3948
56.3948
56.3948
56.3948
56.3948
56.3948
56.3948
56.3948
56.3587
56.2594
55.9977
55.9435
55.9435
55.9435
55.9435
55.9435
55.9435
55.9435
55.9435
55.9435
55.9435
55.9435
55.9435
55.9435
55.9435
55.9435
55.9435
55.9435
55.9435
55.9435
55.9435
55.9435
55.9435
55.9435
55.9435
55.9435
55.9435
55.9435
55.9435
55.9435
55.9435
55.9435
55.9435
55.9435
55.9435
55.9435
55.9435
55.9435
55.9435
55.9435
55.9435
55.9435
55.9435
55.9435
55.9435
55.9435
55.9435
55.9435
55.9435
55.9435
55.9435
55.9435
55.9435
55.9435
55.9435
55.9435
55.9435
55.9435
55.9435
55.9435
55.9435
55.9435
55.9435
55.9435
55.9435
55.9435
55.9435
55.9435
55.9435
55.9435
55.9435
55.9435
55.9435
55.9435
55.9435
55.9435
55.9435
55.9435
55.9435
55.9435
55.9435
55.9435
55.9435
55.9435
55.9435
55.9435
55.9435
55.9435
55.9435
55.9435
55.9435
55.9435
55.9435
55.9435
55.9435
55.9435
55.9435
55.9435
55.9435
55.9435
55.9435
55.9435
55.9435
55.9435
55.9435
55.9435
55.9435
55.9435
55.9435
55.9435
55.9435
55.9435
55.9435
55.9435
55.9435
55.9435
55.9435
55.9435
55.9435
55.9435
55.9435
55.9435
55.9435
55.9435
55.9435
55.9435
55.9435
55.9435
55.9435
55.9435
55.9435
55.9435
55.9435
55.9435
55.9435
55.9435
55.9435
55.9435
55.9435
55.9435
55.9435
55.9435
55.9435
55.9435
55.9435
55.9435
55.9435
55.9435
55.9435
55.9435
55.9435
55.9435
55.9435
55.9435
55.9435
55.9435
55.9435
55.9435
55.9435
55.9435
55.9435
55.9435
55.9435
55.9435
55.9435
55.9435
55.9435
55.9435
55.9435
55.9435
55.9435
55.9435
55.9435
55.9435
55.9435
55.9435
55.9435
55.9435
55.9435
55.9435
55.9435
55.9435
55.9435
55.9435
55.9435
55.9435
55.9435
55.9435
55.9435
55.9435
55.9435
55.9435
55.9435
55.9435
55.9435
55.9435
55.9435
55.9435
55.9435
55.9435
55.9435
55.9435
55.9435
55.9435
55.9435
55.9435
55.9435
55.9435
55.9435
55.9435
55.9435
55.9435
55.9435
55.9435
55.9435
55.9435
55.9435
55.9435
55.9435
55.9435
55.9435
55.9435
55.9435
55.9435
55.9435
55.9435
55.9435
55.9435
55.9435
55.9435
55.9435
55.9435
55.9435
55.9435
55.9435
55.9435
55.9435
55.9435
55.9435
55.9435
55.9435
55.9435
55.9435
55.9435
55.9435
55.9435
55.9435
55.9435
55.9435
55.9435
55.9435
55.9435
55.9435
55.9435
55.9435
55.9435
55.9435
55.9435
55.9435
55.9435
55.9435
55.9435
55.9435
55.9435
55.9435
55.9435
55.9435
55.9435
55.9435
55.9435
55.9435
55.9435
55.9435
55.9435
55.9435
55.9435
55.9435
55.9435
55.9435
55.9435
55.9435
55.9435
55.9435
55.9435
55.9435
55.9435
55.9435
55.9435
55.9435
55.9435
55.9435
55.9435
55.9435
55.9435
55.9435
55.9435
55.9435
55.9435
55.9435
55.9435
55.9435
55.9435
55.9435
55.9435
55.9435
55.9435
55.9435
55.9435
55.9435
55.9435
55.9435
55.9435
55.9435
55.9435
55.9435
55.9435
55.9435
55.9435
55.9435
55.9435
55.9435
55.9435
55.9435
55.9435
55.9435
55.9435
55.9435
55.9435
55.9435
55.9435
55.9435
55.9435
55.9435
55.9435
55.9435
55.9435
55.9435
55.9435
55.9435
55.9435
55.9435
55.9435
55.9435
55.9435
55.9435
55.9435
55.9435
55.9435
55.9435
55.9435
55.9435
55.9435
55.9435
55.9435
55.9435
55.9435
55.9435
55.9435
55.9435
55.9435
55.9435
55.9435
55.9435
55.9435
55.9435
55.9435
55.9435
55.9435
55.9435
55.9435
55.9435
55.9435
55.9435
55.9435
55.9435
55.9435
55.9435
55.9435
55.9435
55.9435
55.9435
55.9435
55.9435
55.9435
55.9435
55.9435
55.9435
55.9435
55.9435
55.9435
55.9435
55.9435
55.9435
55.9435
55.9435
55.9435
55.9435
55.9435
55.9435
55.9435
55.9435
55.9435
55.9435
55.9435
55.9435
55.9435
55.9435
55.9435
55.9435
55.9435
55.9435
55.9435
55.9435
55.9435
55.9435
55.9435
55.9435
55.9435
55.9435
55.9435
55.9435
55.9435
55.9435
55.9435
55.9435
55.9435
55.9435
55.9435
55.9435
55.9435
55.9435
55.9435
55.9435
55.9435
55.9435
55.9435
55.9435
55.9435
55.9435
55.9435
55.9435
55.9435
55.9435
55.9435
55.9435
55.9435
55.9435
55.9435
55.9435
55.9435
55.9435
55.9435
55.9435
55.9435
55.9435
55.9435
55.9435
55.9435
55.9435
55.9435
55.9435
55.9435
55.9435
55.9435
55.9435
55.9435
55.9435
55.9435
55.9435
55.9435
55.9435
55.9435
55.9435
55.9435
55.9435
55.9435
55.9435
55.9435
55.9435
55.9435
55.9435
55.9435
55.9435
55.9435
55.9435
55.9435
55.9435
55.9435
55.9435
55.9435
55.9435
55.9435
55.9435
55.9435
55.9435
55.9435
55.9435
55.9435
55.9435
55.9435
55.9435
55.9435
55.9435
55.9435
55.9435
55.9435
55.9435
55.9435
55.9435
55.9435
55.9435
55.9435
55.9435
55.9435
55.9435
55.9435
55.9435
55.9435
55.9435
55.9435
55.9435
55.9435
55.9435
55.9435
55.9435
55.9435
55.9435
55.9435
55.9435
55.9435
55.9435
55.9435
55.9435
55.9435
55.9435
55.9435
55.9435
55.9435
55.9435
55.9435
55.9435
55.9435
55.9435
55.9435
55.9435
55.9435
55.9435
55.9435
55.9435
55.9435
55.9435
55.9435
55.9435
55.9435
55.9435
55.9435
55.9435
55.9435
55.9435
55.9435
55.9435
55.9435
55.9435
55.9435
55.9435
55.9435
55.9435
55.9435
55.9435
55.9435
55.9435
55.9435
55.9435
55.9435
55.9435
55.9435
55.9435
55.9435
55.9435
55.9435
55.9435
55.9435
55.9435
55.9435
55.9435
55.9435
55.9435
55.9435
55.9435
55.9435
55.9435
55.9435
55.9435
55.9435
55.9435
55.9435
55.9435
55.9435
55.9435
55.9435
55.9435
55.9435
55.9435
55.9435
55.9435
55.9435
55.9435
55.9435
55.9435
55.9435
55.9435
55.9435
55.9435
55.9435
55.9435
55.9435
55.9435
55.9435
55.9435
55.9435
55.9435
55.9435
55.9435
55.9435
55.9435
55.9435
55.9435
55.9435
55.9435
55.9435
55.9435
55.9435
55.9435
55.9435
55.9435
55.9435
55.9435
55.9435
55.9435
55.9435
55.9435
55.9435
55.9435
55.9435
55.9435
55.9435
55.9435
55.9435
55.9435
55.9435
55.9435
55.9435
55.9435
55.9435
55.9435
55.9435
55.9435
55.9435
55.9435
55.9435
55.9435
55.9435
55.9435
55.9435
55.9435
55.9435
55.9435
55.9435
55.9435
55.9435
55.9435
55.9435
55.9435
55.9435
55.9435
55.9435
55.9435
55.9435
55.9435
55.9435
55.9435
55.9435
55.9435
55.9435
55.9435
55.9435
55.9435
55.9435
55.9435
55.9435
55.9435
55.9435
55.9435
55.9435
55.9435
55.9435
55.9435
55.9435
55.9435
55.9435
55.9435
55.9435
55.9435
55.9435
55.9435
55.9435
55.9435
55.9435
55.9435
55.9435
55.9435
55.9435
55.9435
55.9435
55.9435
55.9435
55.9435
55.9435
55.9435
55.9435
55.9435
55.9435
55.9435
55.9435
55.9435
55.9435
55.9435
55.9435
55.9435
55.9435
55.9435
55.9435
55.9435
55.9435
55.9435
55.9435
55.9435
55.9435
55.9435
55.9435
55.9435
55.9435
55.9435
55.9435
55.9435
55.9435
55.9435
55.9435
55.9435
55.9435
55.9435
55.9435
55.9435
55.9435
55.9435
55.9435
55.9435
55.9435
55.9435
55.9435
55.9435
55.9435
55.9435
55.9435
55.9435
55.9435
55.9435
55.9435
55.9435
55.9435
55.9435
55.9435
55.9435
55.9435
55.9435
55.9435
55.9435
55.9435
55.9435
55.9435
55.9435
55.9435
55.9435
55.9435
55.9435
55.9435
55.9435
55.9435
55.9435
55.9435
55.9435
55.9435
55.9435
55.9435
55.9435
55.9435
55.9435
55.9435
55.9435
55.9435
55.9435
55.9435
55.9435
55.9435
55.9435
55.9435
55.9435
55.9435
55.9435
55.9435
55.9435
55.9435
55.9435
55.9435
55.9435
55.9435
55.9435
55.9435
55.9435
55.9435
55.9435
55.9435
55.9435
55.9435
55.9435
55.9435
55.9435
55.9435
55.9435
55.9435
55.9435
55.9435
55.9435
55.9435
55.9435
55.9435
55.9435
55.9435
55.9435
55.9435
55.9435
55.9435
55.9435
55.9435
55.9435
55.9435
55.9435
55.9435
55.9435
55.9435
55.9435
55.9435
55.9435
55.9435
55.9435
55.9435
55.9435
55.9435
55.9435
55.9435
55.9435
55.9435
55.9435
55.9435
55.9435
55.9435
55.9435
55.9435
55.9435
55.9435
55.9435
55.9435
55.9435
55.9435
55.9435
55.9435
55.9435
55.9435
55.9435
55.9435
55.9435
55.9435
55.9435
55.9435
55.9435
55.9435
55.9435
55.9435
55.9435
55.9435
55.9435
55.9435
55.9435
55.9435
55.9435
55.9435
55.9435
55.9435
55.9435
55.9435
55.9435
55.9435
55.9435
55.9435
55.9435
55.9435
55.9435
55.9435
55.9435
55.9435
55.9435
55.9435
55.9435
55.9435
55.9435
55.9435
55.9435
55.9435
55.9435
55.9435
55.9435
55.9435
55.9435
55.9435
55.9435
55.9435
55.9435
55.9435
55.9435
55.9435
55.9435
55.9435
55.9435
55.9435
55.9435
55.9435
55.9435
55.9435
55.9435
55.9435
55.9435
55.9435
55.9435
55.9435
55.9435
55.9435
55.9435
55.9435
55.9435
55.9435
55.9435
55.9435
55.9435
55.9435
55.9435
55.9435
55.9435
55.9435
55.9435
55.9435
55.9435
55.9435
55.9435
55.9435
55.9435
55.9435
55.9435
55.9435
55.9435
55.9435
55.9435
55.9435
55.9435
55.9435
55.9435
55.9435
55.9435
55.9435
55.9435
55.9435
55.9435
55.9435
55.9435
55.9435
55.9435
55.9435
55.9435
55.9435
55.9435
55.9435
55.9435
55.9435
55.9435
55.9435
55.9435
55.9435
55.9435
55.9435
55.9435
55.9435
55.9435
55.9435
55.9435
55.9435
55.9435
55.9435
55.9435
55.9435
55.9435
55.9435
55.9435
55.9435
55.9435
55.9435
55.9435
55.9435
55.9435
55.9435
55.9435
55.9435
55.9435
55.9435
55.9435
55.9435
55.9435
55.9435
55.9435
55.9435
55.9435
55.9435
55.9435
55.9435
55.9435
55.9435
55.9435
55.9435
55.9435
55.9435
55.9435
55.9435
55.9435
55.9435
55.9435
55.9435
55.9435
55.9435
55.9435
55.9435
55.9435
55.9435
55.9435
55.9435
55.9435
55.9435
55.9435
55.9435
55.9435
55.9435
55.9435
55.9435
55.9435
55.9435
55.9435
55.9435
55.9435
55.9435
55.9435
55.9435
55.9435
55.9435
55.9435
55.9435
55.9435
55.9435
55.9435
55.9435
55.9435
55.9435
55.9435
55.9435
55.9435
55.9435
55.9435
55.9435
55.9435
55.9435
55.9435
55.9435
55.9435
55.9435
55.9435
55.9435
55.9435
55.9435
55.9435
55.9435
55.9435
55.9435
55.9435
55.9435
55.9435
55.9435
55.9435
55.9435
55.9435
55.9435
55.9435
55.9435
55.9435
55.9435
55.9435
55.9435
55.9435
55.9435
55.9435
55.9435
55.9435
55.9435
55.9435
55.9435
55.9435
55.9435
55.9435
55.9435
55.9435
55.9435
55.9435
55.9435
55.9435
55.9435
55.9435
55.9435
55.9435
55.9435
55.9435
55.9435
55.9435
55.9435
55.9435
55.9435
55.9435
55.9435
55.9435
55.9435
55.9435
55.9435
55.9435
55.9435
55.9435
55.9435
55.9435
55.9435
55.9435
55.9435
55.9435
55.9435
55.9435
55.9435
55.9435
55.9435
55.9435
55.9435
55.9435
55.9435
55.9435
55.9435
55.9435
55.9435
55.9435
55.9435
55.9435
55.9435
55.9435
55.9435
55.9435
55.9435
55.9435
55.9435
