# best half averages
2591.67
2401.52
2302.94
2204.27
2116.41
2045.49
1960.27
1905.15
1822.4
1741.79
1691.22
1657.36
1615.07
1578.88
1536.96
1498.19
1454.68
1409.98
1369.37
1349.68
1328.52
1309.75
1295.37
1285.9
1272.87
1246.12
1229.66
1207.55
1186.96
1166.95
1161.62
1142.68
1111.29
1072.98
1026.15
997.653
983.355
965.325
955.966
944.656
924.324
899.841
790.532
768.167
761.105
751.7
726.442
712.04
707.586
704.14
700.594
695.263
682.367
672.624
666.065
660.969
646.416
636.735
633.275
625.095
615.465
608.068
589.079
579.666
576.812
569.538
562.917
562.032
559.985
556.398
552.529
545.969
532.366
526.699
524.209
519.575
510.256
498.149
492.926
486.137
478.398
473.999
473.456
472.019
468.44
463.447
454.912
444.719
434.659
434.005
431.855
429.363
425.635
420.974
417.51
414.792
410.838
408.284
406.071
402.503
399.405
396.683
391.572
386.68
385.649
380.29
366.604
362.569
354.964
353.966
351.901
349.847
349.118
340.408
339.07
337.556
337.492
337.16
336.278
332.771
331.065
330.671
330.5
330.023
330.05
327.667
321.928
321.061
318.194
317.972
317.635
314.893
312.57
311.079
309.729
309.729
309.729
309.587
309.485
309.676
308.752
304.851
303.857
301.311
300.403
300.032
310.504
297.634
293.71
292.747
292.523
294.039
290.197
287.844
281.445
274.151
271.525
268.949
266.06
262.083
262.505
261.087
262.961
260.186
259.679
257.299
257.063
254.467
245.957
245.762
245.059
244.787
242.18
242.141
241.989
241.088
240.692
240.214
240.144
241.84
245.758
251.365
238.069
236.935
233.752
233.752
233.741
233.664
237.822
244.888
240.712
243.343
257.462
236.961
231.344
231.266
230.742
228.234
227.455
227.451
227.399
231.385
227.06
226.467
225.308
225.218
224.586
223.042
222.758
222.217
221.586
219.878
219.187
219.06
218.661
217.467
217.502
217.094
215.277
215.255
215.179
215.829
214.113
213.938
213.562
212.077
208.29
206.846
205.109
200.785
200.34
200.311
200.185
199.384
194.425
193.773
193.676
193.463
194.51
194.952
191.094
188.706
187.733
187.733
187.702
187.672
187.245
186.205
186.129
186.101
185.836
185.089
185.089
185.064
185.04
184.984
184.754
185.489
183.717
183.175
182.873
194.605
182.1
181.887
179.638
177.851
177.531
177.21
176.921
176.61
175.814
173.687
168.899
168.247
167.777
167.442
166.556
164.132
163.527
161.218
160.642
160.521
159.411
155.093
154.698
154.698
154.698
154.698
154.698
154.639
154.61
154.434
153.722
152.453
151.43
151.13
150.446
150.431
150.424
150.365
150.11
150.058
149.997
149.544
148.54
148.431
147.836
146.638
146.393
145.883
145.552
144.997
144.714
144.076
141.895
141.541
141.541
141.541
141.541
141.516
141.424
141.276
140.707
140.155
139.816
139.407
139.253
138.648
137.62
137.61
137.57
137.402
137.124
137.124
137.124
137.124
137.042
136.999
137.042
136.844
136.594
133.844
132.998
132.998
132.989
132.989
132.979
132.979
132.92
132.638
132.51
132.494
132.465
132.325
131.852
131.295
130.313
130
129.989
129.966
129.857
129.474
129.274
128.935
128.813
128.626
127.995
127.169
127.169
127.167
127.152
127.074
126.836
125.886
125.783
125.783
125.783
125.783
125.776
125.753
125.616
125.186
124.98
124.547
124.321
124.243
124.225
124.242
124.102
124.102
124.102
124.102
124.102
124.102
124.102
124.055
124.102
124.102
124.102
124.102
124.094
124.102
124.102
124.102
124.102
124.102
124.102
124.095
124.075
123.974
123.766
123.766
123.766
123.766
123.766
123.746
123.674
123.298
122.747
122.731
122.684
123.372
131.698
122.081
121.925
121.782
122.004
121.981
121.981
121.981
121.981
121.981
121.978
121.975
124.866
121.925
121.958
122.036
125.975
119.451
119.432
119.352
119.161
118.502
118.437
118.502
118.502
118.502
118.498
118.493
118.493
118.493
118.439
119.74
118.18
118.101
121.771
117.241
117.241
117.241
117.241
117.214
117.214
117.214
117.166
117.166
117.166
117.241
117.241
117.233
117.189
117.189
117.189
117.087
117.241
117.241
117.241
117.241
117.241
117.241
117.213
117.074
116.379
115.85
115.85
115.85
115.85
115.85
119.659
115.84
115.849
115.849
115.849
115.849
115.849
115.849
115.849
115.832
115.715
115.297
115.013
115.013
114.974
114.935
114.761
113.925
113.058
113.058
113.058
113.058
113.058
113.058
113.058
113.058
113.058
113.058
113.058
113.058
113.05
113.032
113.373
113.038
113.038
113.015
123.961
112.994
113.01
113.018
113.026
113.026
113.026
113.026
113.026
113.026
113.026
113.026
113.026
113.026
113.026
113.026
112.961
113.025
113.02
113.121
118.692
115.077
117.013
112.944
112.944
112.925
112.849
112.546
111.997
111.968
111.879
111.545
110.58
110.58
110.58
110.58
110.58
110.58
110.572
110.58
110.58
110.58
110.58
110.571
110.563
110.563
114.72
110.58
110.574
110.58
110.58
110.58
110.58
110.58
110.58
110.58
110.58
110.58
110.58
110.58
110.58
110.58
110.58
110.58
110.568
110.534
111.656
110.532
110.56
113.559
112.278
109.982
109.982
109.982
109.982
109.982
109.963
110.16
112.224
127.063
111.438
109.732
109.732
109.732
109.732
109.732
109.732
109.732
109.712
109.727
109.725
109.703
109.66
109.62
109.62
109.62
109.614
109.62
109.62
109.62
109.6
109.581
109.442
109.155
108.632
108.632
108.632
108.632
108.632
108.632
108.63
108.622
108.59
108.51
108.51
108.51
108.477
108.413
108.22
108.107
108.107
108.107
108.107
108.107
108.107
108.107
108.107
108.107
108.1
108.052
107.853
107.426
106.404
104.489
104.494
104.494
104.494
104.589
104.494
104.494
104.494
104.487
104.466
104.466
104.338
104.117
104.117
104.074
104.009
103.695
103.059
103.059
103.059
103.059
103.059
103.059
103.018
102.812
102.111
100.998
100.988
100.998
100.998
100.995
100.992
100.977
102.585
102.492
100.85
100.843
100.792
100.581
100.466
100.422
100.205
99.4657
99.4005
99.4005
99.4004
101.303
99.4004
99.4004
99.4004
99.4005
99.4005
99.4005
99.4005
99.4005
99.4005
99.4005
99.4005
99.4005
99.4005
99.3971
99.3936
99.366
99.3142
99.2278
99.2028
99.1528
98.7742
97.9783
97.9742
97.9621
97.9024
97.7604
97.7755
97.7755
97.7755
97.7755
97.7755
97.7755
97.7755
97.7755
97.7755
97.7755
97.7627
97.7371
97.6542
97.4892
97.1354
97.1354
97.1354
97.1354
97.1354
97.1354
97.1354
97.1354
97.1354
97.1354
97.1354
97.1354
97.1354
97.1354
97.1354
97.1354
97.1354
97.1354
97.1354
97.1354
97.1354
97.1354
97.1354
97.1354
97.1354
97.1354
97.1354
97.1354
97.1354
97.1142
96.9871
96.5182
96.0764
96.0764
96.0764
96.0764
96.0764
96.0764
96.0764
96.0764
96.0764
96.0669
96.0006
95.7542
95.6026
95.6026
95.6026
95.5992
95.5924
95.5583
95.4355
95.4321
95.4321
95.4321
95.4321
95.4199
95.4321
95.4321
95.4321
95.4321
95.4321
95.4321
95.4321
95.4321
95.4321
95.4321
95.4321
95.4321
95.4321
95.4271
95.4171
95.3973
95.368
95.4335
95.1836
95.1836
95.1803
95.177
95.1438
95.018
95.018
95.018
95.018
95.018
95.018
95.018
95.018
95.018
95.018
95.018
95.0033
94.9303
94.7257
94.2872
94.2872
94.2498
94.2498
94.2475
94.2781
94.2644
94.2166
94.1733
94.1733
94.1733
94.1733
94.1733
94.1733
94.1733
94.1733
94.1733
94.1666
94.1599
94.1332
94.0662
93.8386
93.8386
93.8386
93.8386
93.8386
93.8386
93.8386
93.8386
93.8386
93.8386
93.8386
93.8386
93.8386
93.8386
93.8386
93.8386
93.8386
93.8386
93.8386
93.8386
93.8386
93.8386
93.8386
93.8386
93.8386
93.8386
93.8386
93.8386
93.8386
93.8386
93.8386
93.8262
93.813
93.7751
93.7354
93.7354
93.7354
93.7268
93.6685
93.4358
93.3162
93.3162
93.3162
93.3162
93.3162
93.3158
93.4091
93.3143
93.3105
99.9007
100.316
93.296
93.296
93.296
93.296
93.296
93.2891
93.2755
93.2415
93.5843
93.0094
92.9132
92.7948
92.4688
92.0553
91.3882
90.8538
90.35
90.1649
89.7626
89.0369
88.5968
88.469
88.469
88.469
88.469
88.469
88.469
88.469
88.469
88.469
88.469
88.469
88.469
88.469
88.469
88.469
88.469
88.469
88.469
88.469
88.469
88.469
88.4676
88.4676
88.462
88.42
88.3605
88.2558
87.9228
87.9228
87.9228
87.9228
87.9228
87.9228
87.9228
87.9228
87.9228
87.9228
87.9228
87.9228
87.9228
87.9228
87.9228
87.9228
87.9228
87.9228
87.9228
87.9228
87.9228
87.9228
87.9228
87.9228
87.9228
87.9228
87.9228
87.9228
87.9228
87.9228
87.9228
87.9228
87.9228
87.9228
87.9228
87.9228
87.9228
87.9228
87.9228
87.9228
87.9228
87.9228
87.9228
87.9228
87.9228
87.9228
87.8693
87.8159
87.687
87.5142
87.6355
85.4904
85.2512
85.2512
85.2512
85.2512
85.2512
85.2512
85.2512
85.2512
85.2512
85.2512
85.2512
85.2512
85.2512
85.2512
85.2512
85.2512
85.2512
85.2512
85.2512
85.2512
85.2512
85.2512
85.2512
85.2512
85.2512
85.2512
85.2512
85.2512
85.2408
85.2408
85.2199
85.9996
85.2309
84.9694
84.7289
84.7289
84.7289
84.7289
84.7289
84.7289
84.7289
84.7289
84.7289
84.7289
84.7289
84.8601
84.7289
85.0966
84.7289
84.8476
84.7289
84.7289
84.7289
84.7289
84.7289
84.7289
84.7289
84.7289
84.7289
84.6915
84.654
84.6166
84.6166
84.654
84.654
84.5791
85.3253
84.7289
84.7217
84.7073
84.6352
84.3551
84.3245
84.2919
91.0023
83.9929
83.9841
83.9462
83.8556
83.8556
83.8556
83.8556
83.8556
83.8556
83.8556
83.8556
83.8556
83.8556
83.8556
83.8556
83.8493
83.8556
83.8556
83.8556
83.8556
83.8556
83.8556
83.8556
83.8556
83.8556
83.8556
83.8556
83.8556
83.8556
83.8556
83.8556
83.8556
83.8556
83.8556
83.8556
83.8556
83.3383
83.4032
83.1874
83.0204
85.2051
83.1874
84.3863
83.5215
83.6885
83.6562
83.0919
82.3297
80.0811
76.776
75.5035
75.5035
75.4729
75.4116
75.3424
75.0582
74.006
73.9711
73.9711
73.9711
73.9711
73.9711
73.9711
73.9711
73.9711
73.9711
73.9694
73.9694
73.9547
73.9323
73.8802
73.8598
73.778
73.5459
73.5455
73.5463
73.5463
73.5463
73.5463
73.5463
73.5463
73.5463
73.5463
73.5463
73.5463
73.5463
73.5458
73.5443
73.5448
73.6757
73.5443
73.6081
73.5448
73.5443
73.7566
73.5458
73.5463
73.5463
73.5463
73.5463
73.5463
73.5463
73.5463
73.5463
73.5463
73.5463
73.5463
73.5463
73.5463
73.5463
73.5463
73.5463
73.5459
73.5455
73.5459
73.5463
73.5463
73.5463
73.5463
73.5424
73.5458
73.5458
73.5463
73.5463
73.5463
73.5463
73.5463
73.5463
73.5463
73.5463
73.5463
73.5463
73.5463
73.5459
73.5463
73.5463
73.5463
73.5463
73.5463
73.5463
73.5463
73.5463
73.5463
73.5463
73.5463
73.5463
73.5463
73.5463
73.5408
73.5463
73.5463
73.5463
73.5463
73.5463
73.5463
73.5463
73.4429
73.3135
74.4398
72.8466
72.2527
72.2527
72.2488
72.2522
72.2527
72.2527
72.2527
72.2527
72.2527
72.2527
72.2527
72.2527
72.2527
72.2527
72.2527
72.2527
72.2527
72.2527
72.2527
72.2527
72.2527
72.2527
72.2527
72.2527
72.2527
72.2527
72.2488
72.2527
72.2527
72.2527
72.2527
72.2527
72.2527
72.2527
72.2527
72.2523
72.091
71.5909
70.6356
70.6356
70.6356
70.6151
70.6356
70.6356
70.6356
70.6356
70.6356
70.6356
70.6356
70.6307
70.6352
70.6356
70.6356
70.6356
70.6356
70.6313
70.6269
70.6269
70.6356
70.6356
70.6356
70.6356
70.6356
70.6356
70.6356
70.6356
70.6356
70.6352
70.6356
70.6356
70.6356
70.6356
70.6356
70.6356
70.6356
70.6356
70.6102
70.5467
70.3753
70.3182
70.3182
70.3182
70.3182
70.3182
70.3182
70.3182
70.3182
70.3182
70.3182
70.3177
70.3182
70.3182
70.3182
70.3182
70.3182
70.3126
70.3014
70.4709
70.2846
70.7076
70.7703
70.3182
70.3182
70.3182
70.3182
70.3182
70.3182
70.3182
70.3182
70.3182
70.3182
70.3182
70.3182
70.3182
70.3182
70.3182
70.1505
70.0681
69.8506
70.389
69.009
68.9206
68.9206
68.9206
68.9206
68.9206
68.9206
68.9156
68.9206
68.9206
68.9206
68.9206
68.9206
68.9206
68.9206
68.9206
68.9206
68.9206
68.9206
68.9206
68.9206
68.9206
68.9206
68.9206
68.9206
68.9206
68.9206
68.9206
68.9206
68.9206
68.9206
68.9206
68.9206
68.9206
68.9206
68.9206
68.9206
68.9206
68.9206
68.9206
68.9206
68.9206
68.9206
68.9206
68.9206
68.9206
68.9206
68.9206
68.9206
68.9206
68.9206
68.9206
68.9206
68.9206
68.9206
68.9206
68.9206
68.9206
68.9206
68.9206
68.9206
68.9206
68.9206
68.9206
68.9206
68.9206
68.9206
68.9206
68.9206
68.9206
68.9206
68.9206
68.9206
68.9206
68.9206
68.9206
68.9206
68.9206
68.9206
68.9206
68.9206
68.9206
68.9206
68.9206
68.9206
68.9206
68.9206
68.9206
68.9206
68.9206
68.9206
68.9206
68.9206
68.9206
68.9206
68.9206
68.9206
68.9206
68.9206
68.9206
68.9206
68.9206
68.9206
68.9206
68.9156
68.9206
68.9206
68.9206
68.9206
68.9206
68.9206
68.9201
68.9201
68.9206
68.9206
68.9206
68.9206
68.9206
68.9206
68.9206
68.9206
68.9206
68.9206
68.9206
68.9206
68.9166
68.9206
68.9206
68.9206
68.9206
68.9206
68.9206
68.9206
68.9206
68.9206
68.9206
68.9206
68.9206
68.9206
68.9206
68.9206
68.9206
68.9206
68.9206
68.9206
68.9206
68.9206
68.9166
68.9166
68.9156
68.9206
68.9206
68.9206
68.9206
68.9206
68.9206
68.9206
68.9206
68.9206
68.9206
68.9206
68.9206
68.9206
68.9206
68.9206
68.9206
68.9206
68.9206
68.9206
68.9206
68.9206
68.9128
68.8351
68.6331
68.532
68.532
68.532
68.532
68.532
68.532
68.532
68.532
68.532
68.5315
68.532
68.532
68.532
68.532
68.5281
68.532
68.532
68.532
68.532
68.532
68.532
68.532
68.4371
68.1929
67.9098
67.8127
67.8127
67.8127
67.8127
67.8127
67.8127
67.8127
67.8127
67.8127
67.8127
67.8127
67.8127
67.8127
67.8127
67.8127
67.8127
67.8127
67.8127
67.8127
67.8127
67.8127
67.8127
67.8127
67.8127
67.8127
67.8127
67.8127
67.8127
67.8127
67.8127
67.8127
67.8127
67.8127
67.8127
67.8127
67.8127
67.8127
67.8127
67.8127
67.8127
67.8127
67.8127
67.8127
67.8127
67.8127
67.8127
67.8127
67.8127
67.8127
67.8127
67.8127
67.8127
67.8127
67.8127
67.8127
67.8127
67.8127
67.8127
67.8127
67.8127
67.8127
67.8127
67.8127
67.8127
67.8127
67.8127
67.8127
67.8127
67.8127
67.8127
67.8127
67.8127
67.8127
67.8127
67.8127
67.8127
67.8127
67.8127
67.8127
67.8127
67.8127
67.8088
67.8127
67.8127
67.8127
67.8127
67.8127
67.8127
67.8127
67.8127
67.8127
67.8127
67.8078
67.8127
67.8127
67.8127
67.8127
67.8127
67.8127
67.8127
67.8127
67.8122
67.8127
67.8127
67.8127
67.8127
67.8127
67.8078
67.7928
67.8104
67.8078
67.8028
67.8028
67.7978
67.8028
67.8028
67.8078
67.8127
67.8127
67.8127
67.8127
67.8127
67.8127
67.8127
67.8127
67.8127
67.8127
67.8127
67.8127
67.8127
67.8127
67.8127
67.8127
67.8127
67.8127
67.8127
67.8127
67.8127
67.8127
67.8127
67.8127
67.8127
67.8122
67.8127
67.8127
67.8127
67.8127
67.8127
67.8122
67.8117
67.8127
67.8123
67.8127
67.8127
67.8127
67.8123
67.8127
67.7994
67.8083
67.8127
67.8127
67.8127
67.8127
67.8127
67.8127
67.8127
67.8127
67.8127
67.8127
67.8127
67.8127
67.8127
67.8127
67.8127
67.8127
67.8127
67.8127
67.8127
67.8127
67.8127
67.8127
67.8127
67.8127
67.8127
67.8127
67.8123
67.8127
67.8127
67.8127
67.8127
67.8127
67.8127
67.8127
67.8127
67.8127
67.8078
67.8078
67.8028
67.8127
67.8127
67.8127
67.8127
67.8127
67.8127
67.8127
67.8127
67.8127
67.8127
67.8127
67.8127
67.8127
67.8078
67.8127
67.8127
67.8127
67.8127
67.8127
67.8127
67.8127
67.8127
67.8127
67.8127
67.8127
67.8127
67.8127
67.8127
67.8127
67.8127
67.8127
67.8127
67.8127
67.8127
67.8127
67.8127
67.8127
67.8127
67.8127
67.7994
67.8038
67.7727
70.6364
68.1734
67.8722
67.5901
67.5901
67.5901
67.5901
67.5901
67.5901
67.5901
67.5901
67.5901
67.5901
67.5901
67.5901
67.5901
67.5901
67.5901
67.5897
67.5889
67.5885
67.5869
68.9434
68.9817
67.5125
67.4552
67.2258
66.4803
66.1362
66.1362
66.1362
66.1362
66.1362
66.1362
66.1362
66.1362
66.1362
66.1362
66.1362
66.1362
66.1362
66.1362
66.1362
66.1362
66.1362
66.1362
66.1362
66.1362
66.1362
66.1362
66.1362
66.1362
66.1362
66.1318
66.1229
66.1006
66.0336
65.9132
65.9132
65.9132
65.9132
65.9132
65.9132
65.9132
65.9132
65.9132
65.9132
65.9132
65.9132
65.9082
65.9059
65.8915
65.8625
65.7465
65.631
65.5508
65.5508
65.5508
65.5508
65.5508
65.5513
65.5508
65.5508
65.5508
65.5508
65.5508
73.0311
72.7058
65.5508
65.5508
65.5508
65.5508
65.5508
65.5508
65.5508
65.5508
65.5508
65.5508
65.5508
65.5508
65.5508
65.5508
65.5508
65.5508
65.5508
65.5508
65.5508
65.5508
65.5508
65.5508
65.5508
65.5508
65.5508
65.5508
65.5508
65.5508
65.5508
65.5508
65.5508
65.5508
65.5508
65.5508
65.5508
65.5508
65.5508
65.5508
65.5508
65.5508
65.5508
65.5508
65.5508
65.5508
65.5508
65.5508
65.5508
65.5508
65.5508
65.5508
65.5508
65.5508
65.5508
65.5508
65.5508
65.5508
65.5508
65.5508
65.5508
65.5508
65.5508
65.5508
65.5508
65.5508
65.5508
65.5508
65.5508
65.5508
65.5508
65.5508
65.5508
65.5508
65.5508
65.5508
65.5508
65.5508
65.5508
65.5508
65.5508
65.5508
65.5508
65.5508
65.5508
65.5508
65.5508
65.5508
65.5508
65.5508
65.5508
65.5508
65.5508
65.5508
65.5508
65.5508
65.5508
65.5508
65.5508
65.5508
65.5508
65.5508
65.5508
65.5508
65.5508
65.5508
65.5508
65.5508
65.5508
65.5508
65.5508
65.5508
65.5508
65.5508
65.5508
65.5508
65.5508
65.5508
65.5508
65.5508
65.5508
65.5508
65.5508
65.5508
65.5508
65.5508
65.5508
65.5508
65.5508
65.5508
65.5508
65.5508
65.5508
65.5508
65.5508
65.5508
65.5508
65.5508
65.5508
65.5508
65.5508
65.5508
65.5508
65.5508
65.5508
65.5508
65.5508
65.5508
65.5508
65.5508
65.5508
65.5508
65.5508
65.5508
65.5508
65.5508
65.5508
65.5508
65.5508
65.5508
65.5508
65.5508
65.5508
65.5508
65.5508
65.5508
65.5508
65.5508
65.5508
65.5508
65.5508
65.5508
65.5508
65.5508
65.5508
65.5508
65.5508
65.5508
65.5508
65.5508
65.5508
65.5508
65.5508
65.5508
65.5508
65.5508
65.5508
65.5508
65.5508
65.5508
65.5508
65.5508
65.5508
65.5508
65.5508
65.5508
65.5508
65.5508
65.5508
65.5508
65.5508
65.5508
65.5508
65.5508
65.5508
65.5508
65.5508
65.5508
65.5508
65.5508
65.5508
65.5508
65.5508
65.5508
65.5508
65.5508
65.5508
65.5508
65.5508
65.5508
65.5508
65.5508
65.5508
65.5508
65.5508
65.5508
65.5508
65.5508
65.5508
65.5508
65.5508
65.5508
65.5508
65.5508
65.5508
65.5508
65.5508
65.5508
65.5481
65.5401
65.5374
65.516
65.4411
65.417
65.417
65.417
65.417
65.417
65.417
65.417
65.417
65.417
65.417
65.417
65.417
65.417
65.417
65.417
65.417
65.417
65.417
65.417
65.417
65.417
65.417
65.417
65.417
65.417
65.417
65.417
65.417
65.417
65.417
65.417
65.417
65.417
65.417
65.417
65.417
65.417
65.417
65.417
65.417
65.417
65.417
65.417
65.417
65.417
65.417
65.417
65.4062
65.3954
65.3416
65.2528
64.927
64.8604
64.8122
64.7513
64.7513
64.7513
64.7513
64.7513
64.7513
64.7513
64.7513
64.7513
64.7513
64.7513
64.7513
64.7513
64.7513
64.7513
64.7513
64.7513
64.7513
64.7513
64.7513
64.7513
64.7513
64.7513
64.7513
64.7513
64.7513
64.7513
64.7513
64.7513
64.7513
64.7513
64.7513
64.7513
64.7513
64.7513
64.7513
64.7513
64.7513
64.7513
64.7513
64.7513
64.7513
64.7513
64.7513
64.7513
64.7513
64.7513
64.7513
64.7513
64.7513
64.7513
64.7513
64.7513
64.7513
64.7513
64.7513
64.7513
64.7513
64.7513
64.7513
64.7513
64.7513
64.7513
64.7513
64.7513
64.7513
64.7513
64.7513
64.7513
64.7513
64.7513
64.7513
64.7513
64.7513
64.7513
64.7513
64.7513
64.7513
64.7513
64.7513
64.7513
64.7513
64.7513
64.7513
64.7513
64.7513
64.7513
64.7513
64.7513
64.7513
64.7513
64.7513
64.7513
64.7513
64.7513
64.7513
64.7513
64.7513
64.7513
64.7513
64.7513
64.7513
64.7513
64.7513
64.7513
64.7513
64.7513
64.7513
64.7513
64.7513
64.7513
64.7513
64.7513
64.7513
64.7513
64.7513
64.7513
64.7513
64.7513
64.7513
64.7513
64.7513
64.7513
64.7513
64.7513
64.7513
64.7513
64.7513
64.7513
64.7513
64.7513
64.7513
64.7513
64.7513
64.7513
64.7513
64.7513
64.7513
64.7513
64.7513
64.7513
64.7513
64.7513
64.7513
64.7513
64.7513
64.7513
64.7513
64.7513
64.7513
64.7513
64.7513
64.7513
64.7513
64.7513
64.7513
64.7513
64.7513
64.7513
64.7513
64.7513
64.7513
64.7513
64.7513
64.7513
64.7513
64.7513
64.7513
64.7513
64.7513
64.7513
64.7513
64.7513
64.7513
64.7513
64.7513
64.7513
64.7513
64.7513
64.7513
64.7513
64.7513
64.7513
64.7513
64.7513
64.7513
64.7513
64.7513
64.7513
64.7513
64.7513
64.7513
64.7513
64.7513
64.7513
64.7513
64.7513
64.7513
64.7513
64.7513
64.7513
64.7513
64.7513
64.7513
64.7513
64.7513
64.7513
64.7513
64.7513
64.7513
64.7513
64.7513
64.7513
64.7513
64.7513
64.7513
64.7513
64.7513
64.7513
64.7513
64.7513
64.7513
64.7513
64.7513
64.7513
64.7513
64.7513
64.7513
64.7513
64.7513
64.7513
64.7513
64.7513
64.7513
64.7513
64.7513
64.7513
64.7513
64.7513
64.7513
64.7513
64.7513
64.7513
64.7513
64.7513
64.7513
64.7513
64.7513
64.7513
64.7513
64.7513
64.7513
64.7513
64.7513
64.7513
64.7513
64.7513
64.7513
64.7513
64.7513
64.7513
64.7513
64.7513
64.7513
64.7513
64.7513
64.7513
64.7513
64.7513
64.7513
64.7513
64.7513
64.7513
64.7513
64.7513
64.7513
64.7513
64.7513
64.7513
64.7513
64.7513
64.7513
64.7513
64.7513
64.7513
64.7513
64.7513
64.7513
64.7513
64.7513
64.7513
64.7397
64.7046
64.6812
64.459
64.1666
64.1666
64.1666
64.1666
64.1666
64.1666
64.1666
64.1666
64.1666
64.1666
64.1666
64.1666
64.1666
64.1666
64.1666
64.1666
64.1666
64.1666
64.1666
64.1666
64.1666
64.1666
64.1666
64.1666
64.1666
64.1666
64.1666
64.1666
64.1666
64.1666
64.1666
64.1666
64.1666
64.1666
64.1666
64.1666
64.1666
64.1666
64.1666
64.1666
64.1666
64.1666
64.1666
64.1666
64.1666
64.1666
64.1666
64.1666
64.1666
64.1666
64.1666
64.1666
64.1666
64.1666
64.1666
64.1666
64.1666
64.1666
64.1666
64.1666
64.1666
64.1666
64.1666
64.1666
64.1666
64.1666
64.1666
64.1666
64.1666
64.1666
64.1666
64.1666
64.1666
64.1666
64.1666
64.1666
64.1666
64.1666
64.1666
64.1666
64.1666
64.1666
64.1666
64.1666
64.1666
64.1666
64.1666
64.1666
64.1666
64.1666
64.1666
64.1666
64.1666
64.1666
64.1666
64.1666
64.1666
64.1666
64.1666
64.1666
64.1666
64.1666
64.1666
64.1666
64.1666
64.1666
64.1666
64.1666
64.1666
64.1666
64.1666
64.1666
64.1666
64.1666
64.1666
64.1666
64.1666
64.1666
64.1666
64.1666
64.1666
64.1666
64.1666
64.1666
64.1666
64.1666
64.1666
64.1666
64.1666
64.1666
64.1666
64.1666
64.1666
64.1666
64.1666
64.1666
64.1666
64.1666
64.1666
64.1666
64.1666
64.1666
64.1666
64.1666
64.1666
64.1666
64.1666
64.1666
64.1666
64.1666
64.1666
64.1666
64.1666
64.1666
64.1666
64.1666
64.1666
64.1666
64.1666
64.1666
64.1666
64.1666
64.1666
64.1666
64.1666
64.1666
64.1666
64.1666
64.1666
64.1666
64.1666
64.1666
64.1666
64.1666
64.1666
64.1666
64.1666
64.1666
64.1666
64.1666
64.1666
64.1666
64.1666
64.1666
64.1666
64.1666
64.1666
64.1666
64.1666
64.1666
64.1666
64.1666
64.1666
64.1666
64.1666
64.1666
64.1666
64.1666
64.1666
64.1666
64.1666
64.1666
64.1666
64.1666
64.1666
64.1666
64.1666
64.1666
64.1666
64.1666
64.1666
64.1666
64.1666
64.1666
64.1666
64.1666
64.1666
64.1666
64.1666
64.1666
64.1666
64.1666
64.1666
64.1666
64.1666
64.1666
64.1666
64.1666
64.1666
64.1666
64.1666
64.1666
64.1666
64.1666
64.1666
64.1666
64.1666
64.1666
64.1666
64.1666
64.1666
64.1666
64.1666
64.1666
64.1666
64.1666
64.1666
64.1666
64.1666
64.1666
64.1666
64.1666
64.1666
64.1666
64.1666
64.1666
64.1666
64.1666
64.1666
64.1666
64.1666
64.1666
64.1666
64.1666
64.1666
64.1666
64.1666
64.1666
64.1666
64.1666
64.1666
64.1666
64.1666
64.1666
64.1666
64.1666
64.1666
64.1666
64.1666
64.1666
64.1666
64.1666
64.1666
64.1666
64.1666
64.1666
64.1666
64.1666
64.1666
64.1666
64.1666
64.1666
64.1666
64.1666
64.1666
64.1666
64.1666
64.1666
64.1666
64.1666
64.1666
64.1666
64.1666
64.1666
64.1666
64.1666
64.1666
64.1666
64.1666
64.1666
64.1666
64.1666
64.1666
64.1666
64.1666
64.1666
64.1666
64.1666
64.1666
64.1666
64.1666
64.1666
64.1666
64.1666
64.1666
64.1666
64.1666
64.1666
64.1666
64.1666
64.1666
64.1666
64.1666
64.1666
64.1666
64.1666
64.1666
64.1666
64.1666
64.1666
64.1666
64.1666
64.1666
64.1666
64.1666
64.1666
64.1666
64.1666
64.1666
64.1666
64.1666
64.1666
64.1666
64.1666
64.1666
64.1666
64.1666
64.1666
64.1666
64.1666
64.1666
64.1666
64.1666
64.1666
64.1666
64.1666
64.1666
64.1666
64.1666
64.1666
64.1666
64.1666
64.1666
64.1666
64.1666
64.1666
64.1666
64.1666
64.1666
64.1666
64.1666
64.1666
64.1666
64.1666
64.1666
64.1666
64.1666
64.1666
64.1666
64.1666
64.1666
64.1666
64.1666
64.1666
64.1666
64.1666
64.1666
64.1666
64.1666
64.1666
64.1666
64.1666
64.1666
64.1666
64.1666
64.1666
64.1666
64.1666
64.1666
64.1666
64.1666
64.1666
64.1666
64.1666
64.1666
64.1666
64.1666
64.1666
64.1666
64.1666
64.1666
64.1666
64.1666
64.1666
64.1666
64.1666
64.1666
64.1666
64.1666
64.1666
64.1666
64.1666
64.1666
64.1666
64.1666
64.1666
64.1666
64.1666
64.1666
64.1666
64.1666
64.1666
64.1666
64.1666
64.1666
64.1666
64.1666
64.1666
64.1666
64.1666
64.1666
64.1666
64.1666
64.1666
64.1666
64.1666
64.1666
64.1666
64.1666
64.1666
64.1666
64.1666
64.1666
64.1666
64.1666
64.1666
64.1666
64.1666
64.1666
64.1666
64.1666
64.1666
64.1666
64.1666
64.1666
64.1666
64.1666
64.1666
64.1666
64.1666
64.1666
64.1666
64.1666
64.1666
64.1666
64.1666
64.1666
64.1666
64.1666
64.1666
64.1666
64.1666
64.1666
64.1666
64.1666
64.1666
64.1666
64.1666
64.1666
64.1666
64.1666
64.1666
64.1666
64.1666
64.1666
64.1666
64.1666
64.1666
64.1666
64.1666
64.1666
64.1666
64.1666
64.1666
64.1666
64.1666
64.1666
64.1666
64.1666
64.1666
64.1666
64.1666
64.1666
64.1666
64.1666
64.1666
64.1666
64.1666
64.1666
64.1666
64.1666
64.1666
64.1666
64.1666
64.1666
64.1666
64.1666
64.1666
64.1666
64.1666
64.1666
64.1666
64.1666
64.1666
64.1666
64.1666
64.1666
64.1666
64.1666
64.1666
64.1666
64.1666
64.1666
64.1666
64.1666
64.1666
64.1666
64.1666
64.1666
64.1666
64.1666
64.1666
64.1666
64.1666
64.1666
64.1666
64.1666
64.1666
64.1666
64.1666
64.1666
64.1666
64.1666
64.1666
64.1666
64.1666
64.1666
64.1666
64.1666
64.1666
64.1666
64.1666
64.1666
64.1666
64.1666
64.1666
64.1666
64.1666
64.1666
64.1666
64.1666
64.1666
64.1666
64.1666
64.1666
64.1666
64.1666
64.1666
64.1666
64.1666
64.1666
64.1666
64.1666
64.1666
64.1666
64.1666
64.1666
64.1666
64.1666
64.1666
64.1666
64.1666
64.1666
64.1666
64.1666
64.1666
64.1666
64.1666
64.1666
64.1666
64.1666
64.1666
64.1666
64.1666
64.1666
64.1666
64.1666
64.1666
64.1666
64.1666
64.1666
64.1666
64.1666
64.1666
64.1666
64.1666
64.1666
64.1666
64.1666
64.1666
64.1666
64.1666
64.1666
64.1666
64.1666
64.1666
64.1666
64.1666
64.1666
64.1666
64.1666
64.1666
64.1666
64.1666
64.1666
64.1666
64.1666
64.1666
64.1666
64.1666
64.1666
64.1666
64.1666
64.1666
64.1666
64.1666
64.1666
64.1666
64.1666
64.1666
64.1666
64.1666
64.1666
64.1666
64.1666
64.1666
64.1666
64.1666
64.1666
64.1666
64.1666
64.1666
64.1666
64.1666
64.1666
64.1666
64.1666
64.1666
64.1666
64.1666
64.1666
64.1666
64.1666
64.1666
64.1666
64.1666
64.1666
64.1666
64.1666
64.1666
64.1666
64.1666
64.1666
64.1666
64.1666
64.1666
64.1666
64.1666
64.1666
64.1666
64.1666
64.1666
64.1666
64.1666
64.1666
64.1666
64.1666
64.1666
64.1666
64.1666
64.1666
64.1666
64.1666
64.1666
64.1666
64.1666
64.1666
64.1666
64.1666
64.1666
64.1666
64.1666
64.1666
64.1666
64.1666
64.1666
64.1666
64.1666
64.1666
64.1666
64.1666
64.1666
64.1666
64.1666
64.1666
64.1666
64.1666
64.1666
64.1666
64.1666
64.1666
64.1666
64.1666
64.1666
64.1666
64.1666
64.1666
64.1666
64.1666
64.1666
64.1666
64.1666
64.1666
64.1666
64.1666
64.1666
64.1666
64.1666
64.1666
64.1666
64.1666
64.1666
64.1666
64.1666
64.1666
64.1666
64.1666
64.1666
64.1666
64.1666
64.1666
64.1666
64.1666
64.1666
64.1666
64.1666
64.1666
64.1666
64.1666
64.1666
64.1666
64.1666
64.1666
64.1666
64.1666
64.1666
64.1666
64.1666
64.1666
64.1666
64.1666
64.1666
64.1666
64.1666
64.1666
64.1666
64.1666
64.1666
64.1569
64.1666
64.1666
64.1666
64.1666
64.1666
64.1666
64.1666
64.1666
64.1666
64.1666
64.1666
64.1666
64.1666
64.1666
64.1666
64.1666
64.1666
64.1666
64.1666
64.1666
64.1666
64.1666
64.1666
64.1666
64.1666
64.1666
64.1413
64.0401
63.7118
62.9012
62.9012
62.9012
62.9012
62.9012
62.9012
62.9012
62.9012
62.9012
62.9012
62.9012
62.9012
62.9012
62.9012
62.9012
62.9012
62.9012
62.9012
62.9012
62.9012
62.9012
62.9012
62.9012
62.9012
62.9012
62.9012
62.9012
62.9012
62.9012
62.9012
62.9012
62.9012
62.9012
62.9012
62.9012
62.9012
62.9012
62.9012
62.9012
62.9012
62.9012
62.9012
62.9012
62.9012
62.9012
62.9012
62.9012
62.9012
62.9012
62.9012
62.9012
62.9012
62.9012
62.9012
62.9012
62.9012
62.9012
62.9012
62.9012
62.9012
62.9012
62.9012
62.9012
62.9012
62.9012
62.9012
62.9012
62.9012
62.9012
62.9012
62.9012
62.9012
62.9012
62.9012
62.9012
62.9012
62.9012
62.9012
62.9012
62.9012
62.9012
62.9012
62.9012
62.9012
62.9012
62.9012
62.9012
62.9012
62.9012
62.9012
62.9012
62.9012
62.9012
62.9012
62.9012
62.9012
62.9012
62.9012
62.9012
62.9012
62.9012
62.9012
62.9012
62.9012
62.9012
62.9012
62.9012
62.9012
62.9012
62.9012
62.9012
62.9012
62.9012
62.9012
62.9012
62.9012
62.9012
62.9012
62.9012
62.9012
62.9012
62.9012
62.9012
62.9012
62.9012
62.9012
62.9012
62.9012
62.9012
62.9012
62.9012
62.9012
62.9012
62.9012
62.9012
62.9012
62.9012
62.9012
62.9012
62.9012
62.9012
62.9012
62.9012
62.9012
62.9012
62.9012
62.9012
62.9012
62.9012
62.9012
62.9012
62.9012
62.9012
62.9012
62.9012
62.9012
62.9012
62.9012
62.9012
62.9012
62.9012
62.9012
62.9012
62.9012
62.9012
62.9012
62.9012
62.9012
62.9012
62.9012
62.9012
62.9012
62.9012
62.9012
62.9012
62.9012
62.9012
62.9012
62.9012
62.9012
62.9012
62.9012
62.9012
62.9012
62.9012
62.9012
62.9012
62.9012
62.9012
62.9012
62.9012
62.9012
62.9012
62.9012
62.9012
62.9012
62.9012
62.9012
62.9012
62.9012
62.9012
62.9012
62.9012
62.9012
62.9012
62.9012
62.9012
62.9012
62.9012
62.9012
62.9012
62.9012
62.9012
62.9012
62.9012
62.9012
62.9012
62.9012
62.9012
62.9012
62.9012
62.9012
62.9012
62.9012
62.9012
62.9012
62.9012
62.9012
62.9012
62.9012
62.9012
62.9012
62.9012
62.9012
62.9012
62.9012
62.9012
62.9012
62.9012
62.9012
62.9012
62.9012
62.9012
62.9012
62.9012
62.9012
62.9012
62.9012
62.9012
62.9012
62.9012
62.9012
62.9012
62.9012
62.9012
62.9012
62.9012
62.9012
62.9012
62.9012
62.9012
62.9012
62.9012
62.9012
62.9012
62.9012
62.9012
62.9012
62.9012
62.9012
62.9012
62.9012
62.9012
62.9012
62.9012
62.9012
62.9012
62.9012
62.9012
62.9012
62.9012
62.9012
62.9012
62.9012
62.9012
62.9012
62.9012
62.9012
62.9012
62.9012
62.9012
62.9012
62.9012
62.9012
62.9012
62.9012
62.9012
62.9012
62.9012
62.9012
62.9012
62.9012
62.9012
62.9012
62.9012
62.9012
62.9012
62.9012
62.9012
62.9012
62.9012
62.9012
62.9012
62.9012
62.9012
62.9012
62.9012
62.9012
62.9012
62.9012
62.9012
62.9012
62.9012
62.9012
62.9012
62.9012
62.9012
62.9012
62.9012
62.9012
62.9012
62.9012
62.9012
62.9012
62.9012
62.9012
62.9012
62.9012
62.9012
62.9012
62.9012
62.9012
62.9012
62.9012
62.9012
62.9012
62.9012
62.9012
62.9012
62.9012
62.9012
62.9012
62.9012
62.9012
62.9012
62.9012
62.9012
62.9012
62.9012
62.9012
62.9012
62.9012
62.9012
62.9012
62.9012
62.9012
62.9012
62.9012
62.9012
62.9012
62.9012
62.9012
62.9012
62.9012
62.9012
62.9012
62.9012
62.9012
62.9012
62.9012
62.9012
62.9012
62.9012
62.9012
62.9012
62.9012
62.9012
62.9012
62.9012
62.9012
62.9012
62.9012
62.9012
62.9012
62.9012
62.9012
62.9012
62.9012
62.9012
62.9012
62.9012
62.9012
62.9012
62.9012
62.9012
62.9012
62.9012
62.9012
62.9012
62.9012
62.9012
62.9012
62.9012
62.9012
62.9012
62.9012
62.9012
62.9012
62.9012
62.9012
62.9012
62.9012
62.9012
62.9012
62.9012
62.9012
62.9012
62.9012
62.9012
62.9012
62.9012
62.9012
62.9012
62.9012
62.9012
62.9012
62.9012
62.9012
62.9012
62.9012
62.9012
62.9012
62.9012
62.9012
62.9012
62.9012
62.9012
62.9012
62.9012
62.9012
62.9012
62.9012
62.9012
62.9012
62.9012
62.9012
62.9012
62.9012
62.9012
62.9012
62.9012
62.9012
62.9012
62.9012
62.9012
62.9012
62.9012
62.9012
62.9012
62.9012
62.9012
62.9012
62.9012
62.9012
62.9012
62.9012
62.9012
62.9012
62.9012
62.9012
62.9012
62.9012
62.9012
62.9012
62.9012
62.9012
62.9012
62.9012
62.9012
62.9012
62.9012
62.9012
62.9012
62.9012
62.9012
62.9012
62.9012
62.9012
62.9012
62.9012
62.9012
62.9012
62.9012
62.9012
62.9012
62.9012
62.9012
62.9012
62.9012
62.9012
62.9012
62.9012
62.9012
62.9012
62.9012
62.9012
62.9012
62.9012
62.9012
62.9012
62.9012
62.9012
62.9012
62.9012
62.9012
62.9012
62.9012
62.9012
62.9012
62.9012
62.9012
62.9012
62.9012
62.9012
62.9012
62.9012
62.9012
62.9012
62.9012
62.9012
62.9012
62.9012
62.9012
62.9012
62.9012
62.9012
62.9012
62.9012
62.9012
62.9012
62.9012
62.9012
62.9012
62.9012
62.9012
62.9012
62.9012
62.9012
62.9012
62.9012
62.9012
62.9012
62.9012
62.9012
62.9012
62.9012
62.9012
62.9012
62.9012
62.9012
62.9012
62.9012
62.9012
62.9012
62.9012
62.9012
62.9012
62.9012
62.9012
62.9012
62.9012
62.9012
62.9012
62.9012
62.9012
62.9012
62.9012
62.9012
62.9012
62.9012
62.9012
62.9012
62.9012
62.9012
62.9012
62.9012
62.9012
62.9012
62.9012
62.9012
62.9012
62.9012
62.9012
62.9012
62.9012
62.9012
62.9012
62.9012
62.9012
62.9012
62.9012
62.9012
62.9012
62.9012
62.9012
62.9012
62.9012
62.9012
62.9012
62.9012
62.9012
62.9012
62.9012
62.9012
62.9012
62.9012
62.9012
62.9012
62.9012
62.9012
62.9012
62.9012
62.9012
62.9012
62.9012
62.9012
62.9012
62.9012
62.9012
62.9012
62.9012
62.9012
62.9012
62.9012
62.9012
62.9012
62.9012
62.9012
62.9012
62.9012
62.9012
62.9012
62.9012
62.9012
62.9012
62.9012
62.9012
62.9012
62.9012
62.9012
62.9012
62.9012
62.9012
62.9012
62.9012
62.9012
62.9012
62.9012
62.9012
62.9012
62.9012
62.9012
62.9012
62.9012
62.9012
62.9012
62.9012
62.9012
62.9012
62.9012
62.9012
62.9012
62.9012
62.9012
62.9012
62.9012
62.9012
62.9012
62.9012
62.9012
62.9012
62.9012
62.9012
62.9012
62.9012
62.9012
62.9012
62.9012
62.9012
62.9012
62.9012
62.9012
62.9012
62.9012
62.9012
62.9012
62.9012
62.9012
62.9012
62.9012
62.9012
62.9012
62.9012
62.9012
62.9012
62.9012
62.9012
62.9012
62.9012
62.9012
62.9012
62.9012
62.9012
62.9012
62.9012
62.9012
62.9012
62.9012
62.9012
62.9012
62.9012
62.9012
62.9012
62.9012
62.9012
62.9012
62.9012
62.9012
62.9012
62.9012
62.9012
62.9012
62.9012
62.9012
62.9012
62.9012
62.9012
62.9012
62.9012
62.9012
62.9012
62.9012
62.9012
62.9012
62.9012
62.9012
62.9012
62.9012
62.9012
62.9012
62.9012
62.9012
62.9012
62.9012
62.9012
62.9012
62.9012
62.9012
62.9012
62.9012
62.9012
62.9012
62.9012
62.9012
62.9012
62.9012
62.9012
62.9012
62.9012
62.9012
62.9012
62.9012
62.9012
62.9012
62.9012
62.9012
62.9012
62.9012
62.9012
62.9012
62.9012
62.9012
62.9012
62.9012
62.9012
62.9012
62.9012
62.9012
62.9012
62.9012
62.9012
62.9012
62.9012
62.9012
62.9012
62.9012
62.9012
62.9012
62.9012
62.9012
62.9012
62.9012
62.9012
62.9012
62.9012
62.9012
62.9012
62.9012
62.9012
62.9012
62.9012
62.9012
62.9012
62.9012
62.9012
62.9012
62.9012
62.9012
62.9012
62.9012
62.9012
62.9012
62.9012
62.9012
62.9012
62.9012
62.9012
62.9012
62.9012
62.9012
62.9012
62.9006
62.9012
62.9012
62.9012
62.9012
62.9012
62.9012
62.9012
62.9012
62.9012
62.9012
62.9012
62.9012
62.9012
62.9012
62.9012
62.9012
62.9012
62.9012
62.9012
62.9012
62.9012
62.9012
62.9012
62.9012
62.9012
62.9012
62.9012
62.9012
62.9012
62.9012
62.9012
62.9012
62.9012
62.9012
62.9012
62.9012
62.9012
62.9012
62.9012
62.9012
62.9012
62.9012
62.9012
62.9012
62.9012
62.9012
62.9012
62.9012
62.9012
62.9012
62.9012
62.9012
62.9012
62.9012
62.9012
62.9012
62.9012
62.9012
62.9012
62.9012
62.9012
62.9012
62.9012
62.9012
62.9012
62.9985
62.9012
62.9012
62.9012
62.9012
62.9012
62.9012
62.9012
62.9012
62.9012
62.9012
62.9012
62.9012
62.9012
62.8967
62.8967
62.9012
62.9012
62.9012
62.9012
62.9012
62.9012
62.9012
62.9012
62.9012
62.9012
62.9012
62.9012
62.9012
62.9012
62.9012
62.9012
62.9012
62.9012
62.9012
62.9012
62.9012
62.9012
62.9012
62.9012
62.9012
62.9012
62.9012
62.9012
62.9012
62.9012
62.9012
62.9012
62.9012
62.9012
62.9012
62.9012
62.9012
62.9012
62.9012
62.9012
62.9012
62.9012
62.9012
62.9012
62.9012
62.9012
62.9012
62.9012
62.9012
62.9012
62.9012
62.9012
62.9012
62.9012
62.9012
62.9012
62.9012
62.9012
62.9012
62.9012
62.9012
62.9012
62.9012
62.9012
62.9012
62.9012
62.9012
62.9012
62.9012
62.9012
62.9012
62.9012
62.9012
62.9012
62.9012
62.9012
62.9012
62.9012
62.9012
62.9012
62.9012
62.9012
62.9012
62.9012
62.9012
62.9012
62.9012
62.9012
62.9012
62.9012
62.9012
62.9012
62.9012
62.9012
62.9012
62.9012
62.9012
62.9012
62.9012
62.9012
62.9012
62.9012
62.9012
62.9012
62.9012
62.9012
62.9012
62.9012
62.9012
62.9012
62.9012
62.9012
62.9012
62.9012
62.9012
62.9012
62.9012
62.9012
62.8868
62.8724
63.1061
62.9012
62.9012
62.9012
62.9012
62.9012
62.9012
62.9012
62.9012
62.9012
62.9012
62.9012
62.9012
62.9012
62.9012
62.9012
62.9012
62.9012
62.9012
62.9012
62.9012
62.9012
62.9012
62.9012
62.9012
62.9012
62.9012
62.9012
62.9012
62.9012
62.9012
62.9012
62.9012
62.9012
62.9012
62.9012
62.9012
62.9012
62.8868
62.9012
62.9012
62.9012
62.9012
62.9012
62.9012
62.9012
62.9012
62.9012
62.9012
62.9012
62.9012
62.9012
62.9012
62.9012
62.9012
62.9012
62.9012
62.9012
62.9012
62.9012
62.9012
62.9012
62.9012
62.9012
62.9012
62.9012
62.9012
62.9012
62.9012
62.9012
62.9012
62.9012
62.9012
62.9012
62.9012
62.9012
62.9012
62.9012
63.3347
62.9012
62.9012
62.9012
62.9012
62.9012
62.9012
62.9012
62.9012
62.9012
62.9012
62.9012
62.9012
62.9012
62.9012
62.9012
62.9012
62.9012
62.9012
62.9012
62.9012
62.9012
62.9012
62.9012
62.9012
62.9012
62.9012
62.9012
62.9012
62.9012
62.9012
62.9012
62.9012
62.9012
62.9012
62.9012
62.9012
62.9012
62.9012
62.9012
62.9012
62.9012
62.9012
62.9012
62.9012
62.9012
62.9012
62.9012
62.9012
62.9012
62.9012
62.9012
62.9012
62.9012
62.9012
62.9012
62.9012
62.9012
62.9012
62.9012
62.9012
62.9012
62.9012
62.9012
62.9012
62.9012
62.9012
62.9012
62.9012
62.9012
62.9012
62.9012
62.9012
62.9012
62.9012
62.9012
62.9012
62.9012
62.9012
62.9012
62.9012
62.9012
62.9012
62.9012
62.9012
62.9012
62.9012
62.9012
62.9012
62.9012
62.9012
62.9012
62.9012
62.9012
62.9012
62.9012
62.9012
62.9012
62.9012
62.9012
62.9012
62.9012
62.9012
62.9012
62.9012
62.9012
62.9012
62.9012
62.9012
62.9012
62.9012
62.9012
62.9012
62.9012
62.9012
62.9012
62.9012
62.9012
62.9012
62.9012
62.8807
62.9012
62.9012
62.9012
62.9012
62.9012
62.9012
62.9012
62.9012
62.9012
62.9012
62.9012
62.9012
62.9012
62.9012
62.9012
62.9012
62.9012
62.9012
62.9012
62.9012
62.9012
62.9012
62.9012
62.9012
62.9012
62.9012
62.9012
62.9012
62.9012
62.9012
62.9012
62.9012
62.9012
62.9012
62.9012
62.9012
62.9012
62.9012
62.9012
62.9012
62.9012
62.9012
62.9012
62.9012
62.9012
62.9012
62.9012
62.9012
62.9012
62.9012
62.9012
62.9012
62.9012
62.9012
62.9012
62.9012
62.9012
62.9012
62.9012
62.9012
62.9012
62.9012
62.9012
62.9012
62.9012
62.9012
62.9012
62.9012
62.9012
62.9012
62.9012
62.9012
62.9012
62.9012
62.9012
62.9012
62.9012
62.9012
62.9012
62.8807
62.8602
62.8807
62.9012
62.9012
62.9012
62.9012
62.9012
62.9012
62.9012
62.9012
62.9012
62.9012
62.9012
62.9012
62.9012
62.9012
62.9012
62.9012
62.9012
62.9012
62.9012
62.9012
62.9012
62.9012
62.9012
62.9012
62.9012
62.9012
62.9012
62.9012
62.9012
62.9012
62.9012
62.9012
62.9012
62.9012
62.9012
62.9012
62.9012
62.9012
62.9012
62.9012
62.9012
62.9012
62.9012
62.9012
62.9012
62.9012
62.9012
62.9012
62.9012
62.9012
62.9012
62.9012
62.9012
62.9012
62.9012
62.9012
62.9012
62.9012
62.9012
62.9012
62.9012
62.9012
62.9012
62.9012
62.9012
62.9012
62.9012
62.9012
62.9012
62.9012
62.9012
62.9012
62.9012
62.9012
62.9012
62.9012
62.9012
62.9012
62.9012
62.9012
62.9012
62.9012
62.9012
62.9012
62.9012
62.9012
62.9012
62.9012
62.9012
62.9012
62.9012
62.9012
62.9012
62.9012
62.9012
62.9012
62.9012
62.9012
62.9012
62.9012
62.9012
62.9012
62.9012
62.9012
62.9012
62.9012
62.9012
62.9012
62.9012
62.9012
62.9012
62.9012
62.9012
62.9012
62.9012
62.9012
62.9012
62.8803
62.8594
62.9012
62.9012
62.9012
62.9012
62.9012
62.9012
62.9012
62.9012
62.9012
62.9012
62.9012
62.9012
62.9012
62.9012
62.9012
62.9012
62.9012
62.9012
62.9012
62.9012
62.9012
62.9012
62.9012
62.9012
62.9012
62.9012
62.9012
62.9012
62.9012
62.9012
62.9012
62.9012
62.9012
62.9012
62.9012
62.9012
62.9012
62.9012
62.9012
62.9012
62.9012
62.9012
62.9012
62.9012
62.9012
62.9012
62.9012
62.9012
62.9012
62.9012
62.9012
62.9012
62.9012
62.9012
62.9012
62.9012
62.9012
62.9012
62.9012
62.9012
62.9012
62.9012
62.9012
62.9012
62.9012
62.9012
62.9012
62.9012
62.9012
62.9012
62.9012
62.9012
62.9012
62.9012
62.9012
62.9012
62.9012
62.9012
62.8803
62.9012
62.9012
62.9012
62.9012
62.9012
62.9012
62.9012
62.9012
62.9012
62.9012
62.9012
62.9012
62.9012
62.9012
62.9012
62.9012
62.9012
62.9012
62.9012
62.9012
62.9012
62.9012
62.9012
62.9012
62.9012
62.9012
62.9012
62.9012
62.9012
62.9012
62.9012
62.9012
62.9012
62.9012
62.9012
62.9012
62.9012
62.9012
62.9012
62.9012
62.9012
62.9012
62.9012
62.9012
62.9012
62.9012
62.9012
62.9012
62.9012
62.9012
62.9012
62.9012
62.9012
62.9012
62.9012
62.9012
62.9012
62.9012
62.9012
62.9012
62.9012
62.9012
62.9012
62.9012
62.9012
62.9012
62.9012
62.9012
62.9012
62.9012
62.9012
62.9012
62.9012
62.9012
62.9012
62.9012
62.9012
62.9012
62.9012
62.9012
62.9012
62.9012
62.9012
62.9012
62.9012
62.9012
62.9012
62.9012
62.9012
62.9012
62.9012
62.9012
62.9012
62.9012
62.9012
62.9012
62.9012
62.9012
62.9012
62.9012
62.9012
62.9012
62.9012
62.9012
62.9012
62.9012
62.9012
62.9012
62.9012
62.9012
62.9012
62.9012
62.9012
62.9012
62.9012
62.9012
62.9012
62.9012
62.9012
62.9012
62.9012
62.9012
62.9012
62.9012
62.9012
62.9012
62.9012
62.9012
62.9012
62.9012
62.9012
62.9012
62.9012
62.9012
62.9012
62.9012
62.9012
62.9012
62.9012
62.9012
62.9012
62.9012
62.9012
62.9012
62.9012
62.9012
62.9012
62.9012
62.9012
62.9012
62.9012
62.9012
62.9012
62.9012
62.9012
62.9012
62.9012
62.9012
62.9012
62.9012
62.9012
62.9012
62.9012
62.9012
62.9012
62.9012
62.9012
62.9012
62.9012
62.9012
62.9012
62.9012
62.9012
62.9012
62.9012
62.9012
62.9012
62.9012
62.9012
62.9012
62.9012
62.9012
62.9012
62.9012
62.9012
62.9012
62.9012
62.9012
62.9012
62.9012
62.9012
62.9012
62.9012
62.9012
62.9012
62.9012
62.9012
62.9012
62.9012
62.9949
62.9012
62.9012
62.9012
62.9012
62.9012
62.9012
62.9012
62.9012
62.9012
62.9012
62.9012
62.9012
62.9012
62.9012
62.9012
62.9012
62.9012
62.9012
63.1367
62.9012
62.9012
62.9012
62.9012
62.9012
62.9012
62.9012
62.9012
62.9012
62.9012
62.9012
62.9012
62.9012
62.9012
62.9012
62.9012
62.9012
62.9012
62.9012
62.9012
62.9012
62.9012
62.9012
62.9012
62.9012
62.9012
62.9012
62.9012
62.9012
62.9012
62.9012
62.9012
62.9012
62.9012
62.9012
62.9012
62.9012
62.9012
62.9012
62.9012
62.9012
62.9012
62.9012
62.9012
62.9012
62.9012
62.9012
62.9012
62.9012
62.9012
62.9012
62.9012
62.9012
62.9012
62.9012
62.9012
62.9012
62.9012
62.9012
62.9012
62.9012
62.9012
62.9012
62.9012
62.9012
62.9012
62.9012
62.9012
62.9012
62.9012
62.9012
62.9012
62.9012
62.9012
62.9012
62.9012
62.9012
62.9012
62.9012
62.9012
62.9012
62.9012
62.9012
62.9012
62.9012
62.9012
62.9012
62.9012
62.9012
62.9012
62.9012
62.9012
62.9012
62.9012
62.9012
62.9012
62.9012
62.9012
62.9012
62.9012
62.9012
62.9012
62.9012
62.9012
62.9012
62.9012
62.9012
62.9012
62.9012
62.9012
62.9012
62.9012
62.9012
62.9012
62.9012
62.9012
62.9012
62.9012
62.9012
62.9012
62.9012
62.9012
62.9012
62.9012
62.9012
62.9012
62.9012
62.9012
62.9012
62.9012
62.9012
62.9012
62.9012
62.9012
62.9012
62.9012
62.9012
62.9012
62.9012
62.9012
62.9012
62.9012
62.9012
62.9012
62.9012
62.9012
62.9012
62.9012
62.9012
62.9012
62.9012
62.9012
62.9012
62.9012
62.9012
62.9012
62.9012
62.9012
62.9012
62.9012
62.9012
62.9012
62.9012
62.9012
62.9012
62.9012
62.9012
62.9012
62.9012
62.9012
62.9012
62.9012
62.9012
62.9012
62.9012
62.9012
62.9012
62.9012
62.9012
62.9012
62.9012
62.9012
62.9012
62.9012
62.9012
62.9012
62.9012
62.9012
62.9012
62.9012
62.9012
62.9012
62.9012
62.9012
62.9012
62.9012
62.9012
62.9012
62.9012
62.9012
62.9012
62.9012
62.9012
62.9012
62.9012
62.9012
62.9012
62.9012
62.9012
62.9012
62.9012
62.9012
62.9012
62.9012
62.9012
62.9012
62.9012
62.9012
62.9012
62.9012
62.9012
62.9012
62.9012
62.9012
62.9012
62.9012
62.9012
62.9012
62.9012
62.9012
62.9012
62.9012
62.9012
62.9012
62.9012
62.9012
62.9012
62.9012
62.9012
62.9012
62.9012
62.9012
62.9012
62.9012
62.9012
62.9012
62.9012
62.9012
62.9012
62.9012
62.9012
62.9012
62.9012
62.9012
62.9012
62.9012
62.9012
62.9012
62.9012
62.9012
62.9012
62.9012
62.9012
62.9012
62.9012
62.9012
62.9012
62.9012
62.9012
62.9012
62.9012
62.9012
62.9012
62.9012
62.9012
62.9012
62.9012
62.9012
62.9012
62.9012
62.9012
62.9012
62.9012
62.9012
62.9012
62.9012
62.9012
62.9012
62.9012
62.9012
62.9012
62.9012
62.9012
62.9012
62.9012
62.9012
62.9012
62.9012
62.9012
62.9012
62.8762
62.9012
62.9012
62.9012
62.9012
62.9012
62.9012
62.9012
62.9012
62.9012
62.9012
62.9012
62.9012
62.9012
62.9012
62.9012
62.9012
62.9012
62.9012
62.9012
62.9012
62.9012
62.9012
62.9012
62.9012
62.9012
62.9012
62.9012
62.9012
62.9012
62.9012
62.9012
62.9012
62.9012
62.9012
62.9012
62.9012
62.9012
62.9012
62.9012
62.9012
62.9012
62.9012
62.9012
62.9012
62.9012
62.9012
62.9012
62.9012
62.9012
62.9012
62.9012
62.9012
62.9012
62.9012
62.9012
62.9012
62.9012
62.9012
62.9012
62.9012
62.9012
62.9012
62.9012
62.9012
62.9012
62.9012
62.9012
62.9012
62.9012
62.9012
62.9012
62.9012
62.9012
62.9012
62.9012
62.9012
62.9012
62.9012
62.9012
62.9012
62.9012
62.9012
62.9012
62.9012
62.9012
62.9012
62.9012
62.9012
62.9012
62.9012
62.9012
62.9012
62.9012
62.9012
62.9012
62.9012
62.9012
62.9012
62.9012
62.9012
62.9012
62.9012
62.9012
62.9012
62.9012
62.9012
62.9012
62.9012
62.9012
62.9012
62.9012
62.9012
62.9012
62.9012
62.9012
62.9012
62.9012
62.9012
62.9012
62.8862
62.8712
62.8862
62.9012
62.9012
62.9012
62.9012
62.9012
62.9012
62.9012
62.9012
62.9012
62.9012
62.9012
62.9012
62.9012
62.9012
62.9012
62.9012
62.9012
62.9012
62.9012
62.9012
62.9012
62.9012
62.9012
62.9012
62.9012
62.9012
62.9012
62.9012
62.9012
62.9012
62.9012
62.9012
62.9012
62.9012
62.9012
62.9012
62.9012
62.9012
62.9012
62.9012
62.9012
62.9012
62.9012
62.9012
62.9012
62.9012
62.9012
62.9012
62.9012
62.9012
62.9012
62.9012
62.9012
62.9012
62.9012
62.9012
62.9012
62.9012
62.9012
62.9012
62.9012
62.9012
62.9012
62.9012
62.9012
62.9012
62.9012
62.9012
62.9012
62.9012
62.9012
62.9012
62.9012
62.9012
62.9012
62.9012
62.9012
62.8006
62.9012
62.9012
62.9012
62.9012
62.9012
62.9012
62.9012
62.9012
62.9012
62.9012
62.9012
62.9012
62.9012
62.9012
62.9012
62.9012
62.9012
62.9012
62.9012
62.9012
62.9012
62.9012
62.9012
62.9012
62.9012
62.9012
62.9012
62.9012
62.9012
62.9012
62.9012
62.9012
62.9012
62.9012
62.9012
62.9012
62.9012
62.9012
62.9012
62.7503
62.9012
62.9012
62.9012
62.9012
62.9012
62.9012
62.9012
62.9012
62.9012
62.9012
62.9012
62.9012
62.9012
62.9012
62.9012
62.9012
62.9012
62.9012
62.9012
62.9012
62.9012
62.9012
62.9012
62.9012
62.9012
62.9012
62.9012
62.9012
62.9012
62.9012
62.9012
62.9012
62.9012
62.9012
62.9012
62.9012
62.9012
62.9012
62.9012
62.9012
62.9012
62.9012
62.9012
62.9012
62.9012
62.9012
62.9012
62.9012
62.9012
62.9012
62.9012
62.9012
62.9012
62.9012
62.9012
62.9012
62.9012
62.9012
62.9012
62.9012
62.9012
62.9012
62.9012
62.9012
62.9012
62.9012
62.9012
62.9012
62.9012
62.9012
62.9012
62.9012
62.9012
62.9012
62.9012
62.9012
62.9012
62.9012
62.9012
62.9012
62.9012
62.9012
62.9012
62.9012
62.9012
62.9012
62.9012
62.9012
62.9012
62.9012
62.9012
62.9012
62.9012
62.9012
62.9012
62.9012
62.9012
62.9012
62.9012
62.9012
62.9012
62.9012
62.9012
62.9012
62.9012
62.9012
62.9012
62.9012
62.9012
62.9012
62.9012
62.9012
62.9012
62.9012
62.9012
62.9012
62.9012
62.9012
62.9012
62.9012
62.9012
62.9012
62.9012
62.9012
62.9012
62.9012
62.9012
62.9012
62.9012
62.9012
62.9012
62.9012
62.9012
62.9012
62.9012
62.9012
62.9012
62.9012
62.9012
62.9012
62.9012
62.9012
62.9012
62.9012
62.9012
62.9012
62.9012
62.9012
62.9012
62.9012
62.9012
62.9012
62.9012
62.9012
62.9012
62.9012
62.9012
62.9012
62.9012
62.7376
62.9442
62.7729
62.4295
66.9928
62.9012
62.9012
62.9012
62.9012
62.9012
62.9012
62.9012
62.9012
62.9012
62.9012
62.9012
62.9012
62.9012
62.9012
62.9012
62.9012
62.9012
62.9012
62.9012
62.9012
62.9012
62.9012
62.9012
62.9012
62.9012
62.9012
62.9012
62.9012
62.9012
62.9012
62.9012
62.9012
62.9012
62.9012
62.9012
62.9009
62.9006
62.8991
62.9844
62.9762
62.8935
62.8863
62.8863
62.8863
62.8863
62.8863
62.8863
62.8776
62.8776
62.8611
62.8863
62.8776
62.8863
62.8863
62.8863
62.8863
62.8863
62.8863
62.8863
62.8863
62.8863
62.8863
62.8863
62.8863
62.8863
62.8863
62.8863
62.8863
62.8863
62.8863
62.8863
62.8863
62.8863
62.8863
62.8863
62.7778
62.8863
62.8863
62.8863
62.8863
62.8863
62.8863
62.8863
62.8863
62.8863
62.8863
62.8863
62.8863
62.8863
62.8863
62.8863
62.861
62.8863
62.8863
62.8863
62.8863
62.8863
62.8863
62.8863
62.8863
62.861
62.8611
62.8863
62.8863
62.8863
62.8863
62.8863
62.8863
62.8863
62.8863
62.8863
62.837
62.8863
62.8863
62.8863
62.832
62.8863
62.8863
62.8863
62.8863
62.8863
62.8863
62.8863
62.8863
62.8863
62.8863
62.8863
62.8863
62.8863
62.8863
62.8863
62.8863
62.8863
62.8863
62.8863
62.8863
62.8863
62.8863
62.8863
62.8863
62.8863
62.8863
62.878
62.8863
62.8863
62.8863
62.8863
62.8863
62.8863
62.8863
62.8863
62.8863
62.8863
62.8863
62.8863
62.8863
62.8863
62.8863
62.8863
62.8863
62.8863
62.8776
62.8776
62.8356
62.8863
62.8863
62.8863
62.8863
62.8863
62.8863
62.8863
62.8863
62.8863
62.8863
62.8863
62.8776
62.8688
62.8688
62.8601
62.8514
62.8688
62.8688
62.8688
62.8863
62.8863
62.8863
62.8863
62.8863
62.8863
62.8863
62.8863
62.8863
62.8863
62.8863
62.8863
62.8863
62.8863
62.8611
62.8359
62.8611
62.8863
62.8863
62.8863
62.8611
62.8359
62.8359
62.8611
62.8863
62.8776
62.8863
62.8863
62.8863
62.8863
62.8863
62.8863
62.8863
62.8863
62.8863
62.8863
62.8863
62.8863
62.8611
62.8863
62.837
62.7877
62.6892
62.7384
62.837
62.8863
62.8863
62.8863
62.8863
62.8863
62.8863
62.8863
62.7778
62.6742
62.8863
62.8863
62.8863
62.8863
62.8863
62.8863
62.8863
62.8863
62.8863
62.8863
62.8863
62.8863
62.8863
62.8863
62.8863
62.8863
62.8863
62.8863
62.8863
62.8863
62.8863
62.8863
62.8863
62.8863
62.8863
62.8863
62.8863
62.8863
62.8863
62.8863
62.8863
62.8863
62.8863
62.8863
62.8863
62.8863
62.8863
62.8863
62.7235
62.8863
62.8863
62.8863
62.8863
62.8863
62.8863
62.8863
62.8863
62.8863
62.8863
62.8863
62.8863
62.8863
62.8863
62.8863
62.8863
62.8863
62.8863
62.8863
62.8863
62.8863
62.8863
62.8863
62.8863
62.8863
62.8776
62.8776
62.8863
62.8863
62.8863
62.8863
62.8863
62.8863
62.8863
62.8863
62.8863
62.8863
62.8863
62.8863
62.8863
62.8863
62.8863
62.8863
62.8776
62.8611
62.8359
62.7351
64.8041
62.8359
62.8611
62.8611
62.8863
62.8863
62.8863
62.8283
62.779
62.5906
66.3987
64.6909
67.7874
62.5413
62.2949
71.3305
62.1964
66.0666
79.0222
69.0583
61.196
60.4224
60.4224
60.4224
60.4224
60.4224
60.4224
60.4224
60.4224
60.4224
60.4224
60.4224
60.4175
60.4125
60.4224
60.4224
60.4224
60.4224
60.4224
60.4224
60.4224
60.4224
60.4224
60.4224
60.4224
60.4224
60.4224
60.4224
60.4224
60.4224
60.4224
60.4224
60.4224
60.4224
60.4224
60.4224
60.4224
60.4224
60.4224
60.4224
60.4224
60.4224
60.4224
60.4224
60.4224
60.4224
60.4224
60.4224
60.4224
60.4224
60.4224
60.4224
60.4224
60.4224
60.4224
60.4224
60.4224
60.4224
60.4224
60.4224
60.4224
60.4224
60.4224
60.4224
60.4224
60.4224
60.4224
60.4224
60.4224
60.4224
60.4716
60.4175
60.4224
60.4224
60.4224
60.4224
60.4224
60.4224
60.4224
60.4224
60.4224
60.4224
60.4224
60.4224
60.4224
60.4224
60.4224
60.4224
60.4224
60.4224
60.4224
60.4224
60.4224
60.4224
60.4224
60.4224
60.4224
60.4224
60.4224
60.4224
60.4224
60.4224
60.4224
60.4224
60.4224
60.4224
60.4224
60.4224
60.4224
60.4224
60.5454
60.4224
60.4224
60.4224
60.4224
60.4224
60.4224
60.4224
60.4224
60.4224
60.4224
60.4224
60.4224
60.4224
60.4224
60.4224
60.4224
60.4224
60.4224
60.4224
60.4224
60.4224
60.4224
60.4224
60.4224
60.4224
60.4224
60.4224
60.4224
60.4224
60.4224
60.4224
60.4224
60.4224
60.4224
60.4224
60.4224
60.4224
60.4224
60.4224
60.4224
60.4949
62.5843
60.4224
60.4224
60.4224
60.4224
60.4224
60.4224
60.4224
60.4224
60.4224
60.4224
60.4224
60.4224
60.4224
60.4224
60.4224
60.4224
60.4224
60.4224
60.4224
60.4224
60.4224
60.4224
60.4224
60.4224
60.4224
60.4224
60.4224
60.4224
60.4224
60.4224
60.4224
60.4224
60.4224
60.4224
60.4224
60.4224
60.4224
60.4224
60.4224
60.4224
60.4224
60.4224
60.4175
60.4125
62.3075
60.4224
60.4224
60.4224
60.4224
60.4224
60.4224
60.4224
60.4224
60.4224
60.4224
60.4224
60.4224
60.4224
60.4224
60.4224
60.4224
60.4224
60.4224
60.4224
60.4224
60.4224
60.4224
60.4224
60.4224
60.4224
60.4224
60.4224
60.4224
60.4224
60.4224
60.4224
60.4224
60.4224
60.4224
60.4224
60.4224
60.4224
60.4224
60.4224
60.4224
60.4224
60.4224
60.4224
60.4224
60.4224
60.4224
60.4224
60.4224
60.4224
60.4224
60.4224
60.4224
60.4224
60.4224
60.4125
60.4224
60.4224
60.4224
60.4224
60.4224
60.4224
60.4224
60.4224
60.4224
60.4224
60.4224
60.4224
60.4224
60.4224
60.4224
60.4224
60.4224
60.4224
60.4224
60.4224
60.4224
60.4224
60.4224
60.4224
60.4224
60.4224
60.4224
60.4224
60.4224
60.4224
60.4224
60.4224
60.4224
60.4224
60.4224
60.4224
60.4224
60.4224
60.4224
60.4224
60.4224
60.4224
60.4224
60.4224
60.4224
60.4224
60.4224
60.4224
60.4224
60.4224
60.4224
60.4224
60.4224
60.4224
60.4224
60.4224
60.4224
60.4224
60.4224
60.4224
60.4224
60.4224
60.4224
60.4224
60.4224
60.4224
60.4224
60.4168
60.3944
60.3607
60.3052
60.1536
60.1417
60.1417
60.1417
60.1417
60.1417
60.1417
60.1417
60.1417
60.1417
60.1417
60.1417
60.1417
60.1417
60.1417
60.1417
60.1417
60.1417
60.1417
60.1417
60.1417
60.1417
60.1417
60.1417
60.1417
60.1417
60.1417
60.1417
60.1417
60.1417
60.1417
60.1417
60.1417
60.1417
60.1417
60.1417
60.1417
60.1417
60.1417
60.1417
60.1417
60.1417
60.1417
60.1417
60.1417
60.1417
60.1417
60.1417
60.1368
60.1417
60.1417
60.1417
60.1417
60.1417
60.1417
60.1417
60.1417
60.1417
60.1417
60.1417
60.1417
60.1417
60.1417
60.1417
60.1417
60.1417
60.1417
60.1417
60.1417
60.1417
60.1417
60.1417
60.1417
60.1417
60.1417
60.1417
60.1417
60.1417
60.1417
60.1417
60.1417
60.1417
60.1417
60.1417
60.1417
60.1417
60.1417
60.1417
60.1417
60.1417
60.1417
60.1417
60.1417
60.1417
60.1417
60.1417
60.1417
60.1417
60.1417
60.1417
60.1417
60.1417
60.1417
60.1417
60.1417
60.1417
60.1417
60.1417
60.1417
60.1417
60.1417
60.1417
60.1417
60.1417
60.1417
60.1417
60.1417
60.1417
60.1417
60.1417
60.1417
60.1417
60.1417
60.1417
60.1417
60.1417
60.1417
60.1417
60.1417
60.1417
60.1417
60.1417
60.1417
60.1417
60.1417
60.1417
60.1417
60.1417
60.1417
60.1417
60.1417
60.1417
60.1417
60.1417
60.1417
60.1417
60.1417
60.1417
60.1417
60.1417
60.1417
60.1417
60.1417
60.1417
60.1417
60.1417
60.1417
60.1417
60.1417
60.1417
60.1417
60.1417
60.1417
60.1417
60.1417
60.1417
60.1417
60.1417
60.1318
60.1368
60.1368
60.1368
60.1368
60.1417
60.1417
60.1417
60.1417
60.1417
60.1417
60.1417
60.1417
60.1417
60.1417
60.1368
60.1417
60.1417
60.1417
60.1417
60.1417
60.1417
60.1417
60.1417
60.1417
60.1417
60.1417
60.1417
60.1417
60.1417
60.1417
60.1417
60.1417
60.1417
60.1417
60.1417
60.1417
60.1368
60.1417
60.1417
60.1417
60.1417
60.1417
60.1417
60.1417
60.1417
60.1417
60.1417
60.1417
60.1417
60.1417
60.1417
60.1417
60.1417
60.1417
60.1417
60.1417
60.1417
60.1417
60.1417
60.1417
60.1417
60.1417
60.1417
60.1417
60.1417
60.1417
60.1417
60.1417
60.1417
60.1417
60.1417
60.1417
60.1417
60.1417
60.1417
60.1417
60.1417
60.1417
60.1417
60.1417
60.1417
60.1417
60.1417
60.1417
60.1417
60.1417
60.1417
60.1417
60.1417
60.1417
60.1417
60.1417
60.1417
60.1417
60.1417
60.1417
60.1417
60.1417
60.1417
60.1417
60.1417
60.1417
60.1417
60.1417
60.1417
60.1417
60.1417
60.1417
60.1417
60.1417
60.1417
60.1417
60.1417
60.1417
60.1417
60.1417
60.1417
60.1417
60.1417
60.1417
60.1417
60.1417
60.1417
60.1417
60.1417
60.1417
60.1417
60.1417
60.1417
60.1417
60.1417
60.1417
60.1417
60.1417
60.1417
60.1417
60.1417
60.1417
60.1692
60.1417
60.1417
60.1417
60.1417
60.1417
60.1417
60.1417
60.1417
60.1417
60.1417
60.1417
60.1417
60.1417
60.1417
60.1417
60.1417
60.1417
60.1417
60.1417
60.1417
60.1417
60.1417
60.1417
60.1417
60.1417
60.1417
60.1417
60.1417
60.1417
60.1417
60.1417
60.1417
60.1417
60.1417
60.1417
60.1417
60.1417
60.1417
60.1417
60.1417
60.1417
60.1417
60.1417
60.1417
60.1417
60.1417
60.1417
60.1417
60.1417
60.1417
60.1417
60.1417
60.1417
60.1417
60.1368
60.1417
60.1417
60.1417
60.1417
60.1417
60.1417
60.1417
60.1417
60.1417
60.1417
60.1417
60.1417
60.1417
60.1417
60.1417
60.1417
60.1417
60.1417
60.1417
60.1417
60.1417
60.1417
60.1417
60.1417
60.1417
60.1417
60.1417
60.1417
60.1417
60.1417
60.1417
60.1417
60.1417
60.1417
60.1417
60.1417
60.1417
60.1417
60.1417
60.1417
60.1417
60.1417
60.1417
60.1417
60.1417
60.1417
60.1417
60.1417
60.1417
60.1417
60.1417
60.1417
60.1417
60.1417
60.1417
60.1417
60.1417
60.1417
60.1417
60.1417
60.1417
60.1417
60.1417
60.1417
60.1417
60.1417
60.1417
60.1417
60.1417
60.1417
60.1417
60.1417
60.1417
60.1417
60.1417
60.1417
60.1417
60.1417
60.1417
60.1417
60.1417
60.1417
60.1417
60.1417
60.1417
60.1417
60.1417
60.1417
60.1417
60.1417
60.1417
60.1417
60.1417
60.1417
60.1417
60.1417
60.1417
60.1417
60.1417
60.1417
60.1417
60.1417
60.1417
60.1417
60.1417
60.1417
60.1417
60.1417
60.1417
60.1417
60.1417
60.1417
60.1417
60.1417
60.1417
60.1417
60.1417
60.1417
60.1417
60.1417
60.1417
60.1417
60.1417
60.1417
60.1417
60.1417
60.1417
60.1417
60.1417
60.1417
60.1417
60.1417
60.1417
60.1417
60.1417
60.1417
60.1417
60.1417
60.1417
60.1417
60.1417
60.1417
60.1417
60.1417
60.1417
60.1417
60.1417
60.1417
60.1417
60.1417
60.1417
60.1417
60.1417
60.1417
60.1417
60.1417
60.1417
60.1417
60.1417
60.1417
60.1417
60.1417
60.1417
60.1417
60.1417
60.1417
60.1417
60.1417
60.1417
60.1417
60.1417
60.1417
60.1417
60.1417
60.1417
60.1417
60.1417
60.1417
60.1417
60.1417
60.1417
60.1417
60.1417
60.1417
60.1417
60.1417
60.1417
60.1417
60.1417
60.1417
60.1417
60.1417
60.1417
60.1417
60.1417
60.1417
60.1417
60.1417
60.1417
60.1417
60.1417
60.1417
60.1417
60.1417
60.1417
60.1417
60.1417
60.1417
60.1417
60.1417
60.1417
60.1417
60.1417
60.1417
60.1417
60.1417
60.1417
60.1417
60.1417
60.1417
60.1368
60.1318
60.1318
62.8659
60.1417
60.1417
60.1417
60.1417
60.1417
60.1417
60.1417
60.1417
60.1417
60.1417
60.1417
60.1417
60.1417
60.1417
60.1417
60.1417
60.1417
60.1417
60.1417
60.1417
60.1417
60.1318
60.1318
60.1417
60.1417
60.1417
60.1417
60.1417
60.1417
60.1417
60.1417
60.1417
60.1417
60.1417
60.1417
60.1417
60.1417
60.1417
60.1417
60.1417
60.1417
60.1417
60.1417
60.1417
60.1417
60.1417
60.1417
60.1417
60.1417
60.1417
60.1417
60.1417
60.1417
60.1417
60.1417
60.1417
60.1417
60.1417
60.1417
60.1417
60.1417
60.1318
60.1318
60.1318
60.1417
60.1417
60.1417
60.1417
60.1417
60.1417
60.1417
60.1417
60.1417
60.1417
60.1417
60.1417
60.1417
60.1417
60.1417
60.1417
60.1417
60.1417
60.1417
60.1417
60.1417
60.1417
60.1417
60.1417
60.1417
60.1417
60.1417
60.1417
60.1417
60.1417
60.1417
60.1417
60.1417
60.1417
60.1417
60.1417
60.1417
60.1318
60.1368
60.1318
60.1417
60.1417
60.1417
60.1417
60.1417
60.1417
60.1417
60.1417
60.1417
60.1417
60.1417
60.1417
60.1417
60.1417
60.1417
60.1417
60.1417
60.1417
60.1417
60.1417
60.1417
60.1417
60.1368
60.1584
60.1417
60.1417
60.1417
60.1417
60.1417
60.1417
60.1417
60.1368
60.1417
60.1417
60.1417
60.1417
60.1417
60.1368
60.1417
60.1417
60.1417
60.1417
60.1417
60.1417
60.1417
60.1417
60.1368
60.1318
60.1368
60.1417
60.1417
60.1417
60.1417
60.1417
60.1417
60.1417
60.1417
60.1417
60.1417
60.1417
60.1417
60.1417
60.1417
60.1417
60.1417
60.1417
60.1417
60.1417
60.1417
60.1417
60.1417
60.1417
60.1417
60.1417
60.1417
60.1417
60.1417
60.1417
60.1417
60.1417
60.1417
60.1417
60.1417
60.1417
60.1417
60.1417
60.1417
60.1417
60.1417
60.1368
60.1417
60.1417
60.1417
60.1417
60.1417
60.1417
60.1417
60.1417
60.1417
60.1417
60.1417
60.1417
60.1417
60.1417
60.1417
60.1417
60.1417
60.1417
60.1417
60.1417
60.1417
60.1417
60.1417
60.1417
60.1417
60.1417
60.1417
60.1417
60.1417
60.1417
60.1417
60.1417
60.1417
60.1417
60.1417
60.1417
60.1417
60.1417
60.1417
60.1417
60.1417
60.1417
60.1417
60.1417
60.1417
60.1417
60.1417
60.1417
60.1417
60.1417
60.1417
60.1417
60.1417
60.1417
60.1417
60.1417
60.1417
60.1417
60.1417
60.1417
60.1417
60.1417
60.1417
60.1417
60.1417
60.1417
60.1417
60.1417
60.1417
60.1417
60.1417
60.1417
60.1417
60.1417
60.1417
60.1417
60.1417
60.1417
60.1417
60.1417
60.1368
60.1368
60.1318
60.1417
60.1417
60.1417
60.1417
60.1417
60.1417
60.1417
60.1368
60.1318
60.1218
60.1655
60.1218
60.4522
60.1318
60.1368
60.1268
60.1417
60.1417
60.1417
60.1417
60.1417
60.1417
60.1417
60.1417
60.1318
60.2241
60.1417
60.1417
60.1417
60.1417
60.1417
60.1417
60.1417
60.1417
60.1417
60.1417
60.1417
60.1417
60.1417
60.1417
60.1417
60.1417
60.1417
60.1417
60.1417
60.1417
60.1417
60.1417
60.1417
60.1417
60.1417
60.1417
60.1417
60.1417
60.1417
60.1417
60.1417
60.1417
60.1417
60.1417
60.1417
60.1417
60.1417
60.1417
60.1417
60.1417
60.1417
60.1417
60.1417
60.1417
60.1417
60.1417
60.1417
60.1417
60.1417
60.1417
60.1417
60.1417
60.1417
60.1417
60.1417
60.1417
60.1417
60.1417
60.1417
60.1417
60.1417
60.1417
60.1417
60.1417
60.1417
60.1417
60.1417
60.1417
60.1417
60.1417
60.1417
60.1417
60.1417
60.1417
60.1417
60.1417
60.1417
60.1417
60.1417
60.1417
60.1417
60.1417
60.1417
60.1417
60.1417
60.1417
60.1417
60.1417
60.1417
60.1417
60.1417
60.1417
60.1417
60.1417
60.1417
60.1417
60.1417
60.1417
60.1417
60.1417
60.1417
60.1417
60.1417
60.1417
60.1417
60.1417
60.1417
60.1417
60.1417
60.1417
60.1417
60.1417
60.1417
60.1417
60.1417
60.1417
60.1417
60.1417
60.1368
60.1417
60.1417
60.1417
60.1417
60.1417
60.1417
60.1417
60.1417
60.1417
60.1417
60.1417
60.1417
60.1417
60.1417
60.1417
60.1417
60.1417
60.1417
60.1417
60.1417
60.1417
60.1417
60.1417
60.1417
60.1417
60.1417
60.1417
60.1417
60.1417
60.1417
60.1417
60.1417
60.1417
60.1417
60.1417
60.1417
60.1417
60.1368
60.1318
60.1417
60.1417
60.1417
60.1417
60.1417
60.1417
60.1417
60.1417
60.1417
60.1417
60.1417
60.1417
60.1417
60.1417
60.1417
60.1417
60.1417
60.1417
60.1417
60.1417
60.1417
60.1417
60.1417
60.1417
60.1417
60.1417
60.1417
60.1417
60.1417
60.1417
60.1417
60.1417
60.1417
60.1417
60.1417
60.1417
60.1417
60.1417
60.1417
60.1417
60.1417
60.1417
60.1417
60.1417
60.1417
60.1417
60.1417
60.1417
60.1417
60.1417
60.1417
60.1417
60.1417
60.1417
60.1417
60.1417
60.1417
60.1417
60.1417
60.1417
60.1417
60.1417
60.1417
60.1417
60.1417
60.1417
60.1417
60.1417
60.1417
60.1417
60.1417
60.1417
60.1417
60.1417
60.1417
60.1417
60.1417
60.1417
60.1417
60.1417
60.1318
60.1318
60.9318
60.1417
60.1417
60.1417
60.1417
60.1417
60.1417
60.1417
60.1417
60.1417
60.1417
60.1417
60.1417
60.1417
60.1417
60.1417
60.1417
60.1417
60.1417
60.1417
60.1417
60.1417
60.1417
60.1417
60.1417
60.1417
60.1417
60.1417
60.1417
60.1417
60.1417
60.1417
60.1417
60.1417
60.1417
60.1417
60.1417
60.1417
60.1318
60.1318
60.1417
60.1417
60.1417
60.1417
60.1417
60.1417
60.1417
60.1417
60.1417
60.1417
60.1417
60.1417
60.1417
60.1417
60.1417
60.1417
60.1417
60.1417
60.1417
60.1417
60.1417
60.1417
60.1417
60.1417
60.1417
60.1417
60.1417
60.1417
60.1417
60.1417
60.1417
60.1417
60.1417
60.1417
60.1417
60.1417
60.1417
60.1417
60.1318
60.1268
60.1458
60.3482
60.1417
60.1417
60.1417
60.1417
60.1417
60.1417
60.1417
60.1417
60.1368
60.1322
60.1368
60.1417
60.1417
60.1368
60.1417
60.1417
60.1417
60.1417
60.1417
60.1417
60.1417
60.1417
60.1417
60.1417
60.1417
60.1417
60.1417
60.1417
60.1417
60.1417
60.1417
60.1417
60.1417
60.1417
60.1417
60.1417
60.1417
60.1417
60.1417
60.1417
60.1417
60.1417
60.1417
60.1417
60.1417
60.1417
60.1417
60.1417
60.1417
60.1417
60.1417
60.1417
60.1417
60.1417
60.1417
60.1417
60.1417
60.1417
60.1417
60.1417
60.1417
60.1417
60.1417
60.1417
60.1417
60.1417
60.1417
60.1417
60.1417
60.1417
60.1417
60.1417
60.1417
60.1417
60.1417
60.1417
60.1417
60.1417
60.1417
60.1417
60.1417
60.1417
60.1417
60.1417
60.1417
60.1417
60.1417
60.1417
60.1417
60.1417
60.1417
60.1417
60.1417
60.1417
60.1417
60.1417
60.1417
60.1417
60.1417
60.1417
60.1368
60.1417
60.1417
60.1417
60.1417
60.1417
60.1417
60.1417
60.1417
60.1417
60.1417
60.1417
60.1417
60.1417
60.1417
60.1417
60.1417
60.1417
60.1417
60.1417
60.1417
60.1417
60.1417
60.1417
60.1417
60.1417
60.1417
60.1417
60.1417
60.1417
60.1417
60.1417
60.1417
60.1417
60.1417
60.1417
60.1417
60.1417
60.1417
60.1417
60.1417
60.1417
60.1417
60.1417
60.1417
60.1417
60.1417
60.1417
60.1417
60.1417
60.1417
60.1417
60.1417
60.1417
60.1417
60.1417
60.1417
60.1417
60.1417
60.1417
60.1417
60.1417
60.1417
60.1417
60.1417
60.1417
60.1417
60.1417
60.1417
60.1417
60.1417
60.1417
60.1417
60.1417
60.1417
60.1417
60.1417
60.1417
60.1417
60.1417
60.1417
60.1417
60.1417
60.1417
60.1417
60.1417
60.1417
60.1417
60.1417
60.1417
60.1417
60.1417
60.1417
60.1417
60.1417
60.1417
60.1318
60.1218
60.1268
60.1417
60.1417
60.1417
60.1417
60.1417
60.1417
60.1417
60.1417
60.1417
60.1417
60.1417
60.1417
60.1417
60.1417
60.1417
60.1417
60.1417
60.1417
60.1417
60.1417
60.1417
60.1417
60.1417
60.1417
60.1417
60.1417
60.1417
60.1417
60.1417
60.1417
60.1417
60.1417
60.1417
60.1417
60.1417
60.1417
60.1417
60.1318
60.1318
60.1368
60.1318
60.1268
60.2169
60.1417
60.1417
60.1417
60.1417
60.1417
60.1417
60.1417
60.1417
60.1417
60.1417
60.1417
60.1417
60.1417
60.1417
60.1417
60.1417
60.1417
60.1417
60.1417
60.1417
60.1417
60.1417
60.1417
60.1417
60.1417
60.1417
60.1417
60.1417
60.1417
60.1417
60.1417
60.1417
60.1417
60.1417
60.1318
60.1218
60.1169
60.7693
63.6059
60.1417
60.1417
60.1417
60.1417
60.1417
60.1417
60.1417
60.1417
60.1417
60.1417
60.1417
60.1417
60.1417
60.1417
60.1417
60.1417
60.1417
60.1417
60.1417
60.1417
60.1417
60.1417
60.1417
60.1368
60.1318
60.1368
60.1318
60.1368
60.1417
60.1417
60.1417
60.1417
60.1417
60.1417
60.1417
60.1417
60.1417
60.1417
60.1417
60.1417
60.1417
60.1417
60.1417
60.1417
60.1417
60.1417
60.1417
60.1417
60.1417
60.1417
60.1417
60.1417
60.1417
60.1417
60.1417
60.1417
60.1417
60.1417
60.1417
60.1417
60.1417
60.1417
60.1417
60.1417
60.1417
60.1417
60.1417
60.1417
60.1417
60.1417
60.1417
60.1417
60.1417
60.1417
60.1417
60.1516
60.1318
60.1218
60.1069
60.092
60.0771
63.7941
59.913
59.8931
59.8931
59.8931
59.8931
59.8931
59.8931
59.8931
59.8931
59.8931
59.8931
59.8931
59.8931
59.8931
59.8931
59.8931
59.8931
59.8931
59.8931
59.8931
59.8931
59.8931
59.8931
59.8931
59.8931
59.8931
59.8931
59.8931
59.8931
59.8931
59.8931
59.8931
59.8931
59.8931
59.8931
59.8931
59.8931
59.8931
59.8931
59.8931
59.8931
59.8931
59.8931
59.8931
59.8931
59.8931
59.8931
59.8931
59.8931
59.8931
59.8931
59.8931
59.8931
59.8931
59.8931
59.8931
59.8931
59.8931
59.8931
59.8931
59.8931
59.8931
59.8931
59.8931
59.8931
59.8931
59.8931
59.8931
59.8931
59.8931
59.8931
59.8931
59.8931
59.8931
59.8931
59.8931
59.8931
59.8931
59.8931
59.8931
59.8931
59.8931
59.8931
59.8931
59.8931
59.8931
59.8931
59.8931
59.8931
59.8931
59.8931
59.8931
59.8931
59.8931
59.8931
59.8931
59.8931
59.8931
59.8931
59.8931
59.8931
59.8931
59.8931
59.8931
59.8931
59.8931
59.8931
59.8931
59.8931
59.8931
59.8931
59.8931
59.8931
59.8931
59.8931
59.8931
59.8931
59.8931
59.8931
59.8931
59.8931
59.8931
59.8931
59.8931
59.8931
59.8931
59.8931
59.8931
59.8931
59.8931
59.8931
59.8931
59.8931
59.8931
59.8931
59.8931
59.8931
59.8931
59.8931
59.8931
59.8931
59.8931
59.8931
59.8931
59.8931
59.8931
59.8931
59.8931
59.8931
59.8931
59.8931
59.8931
59.8908
59.8908
59.8931
59.8931
59.8931
59.8931
59.8931
59.8931
59.8931
59.8931
59.8931
59.8931
59.8931
59.8908
59.8886
59.8886
59.8749
62.7475
64.1715
67.5036
61.4484
59.7793
59.7793
59.7793
59.7793
59.7793
59.7793
59.7793
59.7793
59.7793
59.7793
59.7793
59.7793
59.7793
59.7793
59.7793
59.7793
59.7793
59.7793
59.7793
59.7793
59.7793
59.7793
59.7793
59.9313
59.7793
59.7793
59.7793
59.7793
59.7793
59.7793
59.7793
59.7793
59.7793
59.7793
59.7793
59.7793
59.7793
59.7793
59.7793
59.7793
59.7793
59.7793
59.7793
59.7793
59.7793
59.7793
59.7793
59.7793
59.7793
59.7793
59.7793
59.7793
59.7793
59.7793
59.7793
59.7793
59.7793
59.7793
59.7793
59.7793
59.7793
59.7793
59.7793
59.7793
59.7793
59.7793
59.7793
59.7793
59.7793
59.7793
59.7793
59.7793
59.7793
59.7793
59.7793
59.7793
59.7793
59.7793
59.7793
59.7793
59.7793
59.7793
59.7793
59.7793
59.7793
59.7793
59.7793
59.7793
59.7793
59.7793
59.7793
59.7793
59.7793
59.7793
59.7793
59.7793
59.7793
59.7793
59.7793
59.7793
59.7793
59.7793
59.7793
59.7793
59.7793
59.7793
59.7793
59.7793
59.7793
59.7793
59.7793
59.7793
59.7793
59.7793
59.7793
59.7793
59.7793
59.7793
59.7793
59.7793
59.7793
59.7793
59.7793
59.7793
59.7793
59.7793
59.7793
59.7793
59.7793
59.7793
59.7793
59.7793
59.7793
59.7793
59.7793
59.7793
59.7793
59.7793
59.7793
59.7793
59.7793
59.7793
59.7793
59.7793
59.7793
59.7793
59.7793
59.7793
59.7793
59.7793
59.8815
59.7793
59.7793
59.7793
59.7793
59.7793
59.7793
59.7793
59.7793
59.7793
59.7793
59.7793
59.7793
59.7793
59.7793
59.7793
59.7793
59.7793
59.7793
59.7793
59.7793
59.7793
59.7793
59.7793
59.7793
59.7793
59.7793
59.7793
59.7793
59.7793
59.7793
59.7793
59.7793
59.7793
59.7793
59.7793
59.7793
59.7793
59.7793
59.7793
59.7793
59.7793
59.7793
59.7793
59.7793
59.7793
59.7793
59.7793
59.7793
59.7793
59.7793
59.7793
59.7793
59.7793
59.7793
59.7793
59.7793
59.7793
59.7793
59.7793
59.7793
59.7793
59.7793
59.7793
59.7793
59.7793
59.7793
59.7793
59.7793
59.7793
59.7793
59.7793
59.7793
59.7793
59.7793
59.7793
59.7793
59.7793
59.7793
59.7793
59.7793
59.7793
59.7793
59.7793
59.7793
59.7793
59.7793
59.7793
59.7793
59.7793
59.7793
59.7793
59.7793
59.7793
59.7793
59.7793
59.7793
59.7793
59.7793
59.7793
59.7793
59.7793
59.7793
59.7793
59.7793
59.7793
59.7793
59.7793
59.7793
59.7793
59.7793
59.7793
59.7793
59.7793
59.7793
59.7793
59.7793
59.7793
59.7793
59.7793
59.7793
59.7793
59.7793
59.7793
59.7793
59.7793
59.7793
59.7793
59.7793
59.7793
59.7793
59.7793
59.7793
59.7793
59.7793
59.7793
59.7793
59.7793
59.7793
59.7793
59.7793
59.7793
59.7793
59.7793
59.7793
59.7793
59.7793
59.7793
59.7793
59.7793
59.7793
59.7793
59.7793
59.7793
59.7793
59.7793
64.8652
59.7793
67.6399
59.7793
59.7793
59.7793
59.7793
59.7793
59.7793
59.7793
59.7793
59.7793
59.7793
59.7793
59.7793
59.7793
59.7793
59.7793
59.7793
59.7793
59.7793
59.7793
59.7793
59.7793
59.7793
59.7793
59.7793
59.7793
59.7793
59.7793
59.7793
59.7793
59.7793
59.7793
59.7793
59.7793
59.7793
59.7793
59.7793
59.7793
59.7793
59.7793
59.7793
59.7793
59.7793
59.7793
59.7793
59.7793
59.7793
59.7793
59.7793
59.7793
59.7793
59.7793
59.7793
59.7793
59.7793
59.7793
59.7793
59.7793
59.7793
59.7793
59.7793
59.7793
59.7793
59.7793
59.7793
59.7793
59.7793
59.7793
59.7793
59.7793
59.7793
59.7793
59.7793
59.7793
59.7793
59.7793
59.7793
59.7793
59.7793
59.7793
59.7793
59.7793
59.7793
59.7793
59.7793
59.7793
59.7793
59.7793
59.7793
59.7793
59.7793
59.7793
59.7793
59.7793
63.1803
59.7793
59.7793
59.7793
59.7793
59.7793
59.7793
59.7793
59.7793
59.7793
59.7793
59.7793
59.7793
59.7793
59.7793
59.7793
59.7793
59.7793
59.7793
59.7793
59.7793
59.7793
59.7793
59.7793
59.7793
59.7793
59.7793
59.7793
59.7793
59.7793
59.7793
59.7793
59.7793
59.7793
59.7793
59.7793
59.7793
59.7793
59.7793
59.7793
59.7793
59.7793
59.7793
59.7793
59.7793
59.7793
59.7793
59.7793
59.7793
59.7793
59.7793
59.7793
59.7793
59.7793
59.7793
59.7793
59.7793
59.7793
59.7793
59.7793
59.7793
59.7793
59.7793
59.7793
59.7793
59.7793
59.7793
59.7793
59.7793
59.7793
59.7793
59.7793
59.7793
59.7793
59.7793
59.7793
59.7793
59.7793
59.7793
59.7793
59.7793
59.7793
59.7793
59.7793
60.763
59.7793
59.7793
59.7793
59.7793
59.7793
59.7793
59.7793
59.7793
59.7793
59.7793
59.7793
59.7793
59.7793
59.7793
59.7793
59.7793
59.7793
59.7793
59.7793
59.7793
59.7793
59.7793
59.7793
59.7793
59.7793
59.7793
59.7793
59.7793
59.7793
59.7793
59.7793
59.7793
59.7793
59.7793
59.7793
59.7793
59.7793
59.7793
59.7793
59.7793
59.7793
59.7793
59.7793
59.7793
59.7793
59.7793
59.7793
59.7793
59.7793
59.7793
59.7793
59.7793
59.7793
59.7793
59.7793
59.7793
59.7793
59.7793
59.7793
59.7793
59.7793
59.7793
59.7793
59.7793
59.7793
59.7793
59.7793
59.7793
59.7793
59.7793
59.7793
59.7793
59.7793
59.7793
59.7793
59.7793
59.7793
59.7793
59.7793
59.7793
59.7793
59.7793
59.7793
59.7793
59.7793
59.7793
59.7793
59.7793
59.7793
59.7793
59.7793
59.7793
59.7793
59.7793
59.7793
59.7793
59.7793
59.7793
59.7793
59.7793
59.7793
59.7793
59.7793
59.7793
59.7793
59.7793
59.7793
59.7793
59.7793
59.7793
59.7793
59.7793
59.7793
59.7793
59.7793
59.7793
59.7793
59.7793
59.7793
59.7793
59.7793
59.7793
59.7793
59.7793
59.7793
59.7793
59.7793
59.7793
59.7793
59.7793
59.7793
59.7793
59.7793
59.7793
59.7793
59.7793
59.7793
59.7793
59.7793
59.7793
59.7793
59.7793
59.7793
59.7793
59.7793
59.7793
59.7793
59.7793
59.7793
59.7793
59.7793
59.7793
59.7793
59.7793
59.7793
59.7793
59.7793
59.7793
59.7793
59.7793
59.7793
59.7793
59.7793
59.7793
59.7793
59.7793
59.7793
59.7793
59.7793
59.7793
59.7793
59.7793
59.7793
59.7793
59.7793
59.7793
59.7793
59.7793
59.7793
59.7793
59.7793
59.7793
59.7793
59.7793
59.7793
59.7793
59.7793
59.7793
59.7793
59.7793
59.7793
59.7793
59.7793
59.7793
59.7793
59.7793
59.7793
59.7793
59.7793
59.7793
59.7793
59.7793
59.7793
59.7793
59.7793
59.7793
59.7793
59.7793
59.7793
59.7793
59.7793
59.7793
59.7793
59.7793
59.7793
59.7793
59.7793
59.7793
59.7793
59.7793
59.7793
59.7793
59.7793
59.7793
59.7793
59.7793
59.7793
59.7793
59.7793
59.7793
59.7793
59.7793
59.7793
59.7793
59.7793
59.7793
59.7793
59.7793
59.7793
59.7793
59.7793
59.7793
59.7793
59.7793
59.7793
59.7793
59.7793
59.7793
59.7793
59.7793
59.7793
59.7793
59.7793
59.7793
59.7793
59.7793
59.7793
59.7793
59.7793
59.7793
59.7793
59.7793
59.7793
59.7793
59.7793
59.7793
59.7793
59.7793
59.7793
59.7793
59.7793
59.7793
59.7793
59.7793
59.7793
59.7793
59.7793
59.7793
59.7793
59.7793
59.7793
59.7793
59.7793
59.7793
59.7793
59.7793
59.7793
59.7793
59.7793
59.7793
59.7793
59.7793
60.1696
63.3994
59.7793
59.7793
59.7793
59.7793
59.7793
59.7793
59.7793
59.7793
59.7793
59.7793
59.7793
59.7793
59.7793
59.7793
59.7793
59.7793
59.7793
59.7793
59.7793
59.7793
59.7793
59.7793
59.7793
59.7793
59.7793
59.7793
59.7793
59.7793
59.7793
59.7793
59.7793
59.7793
59.7793
59.7793
59.7793
59.7793
59.7793
59.7793
59.7793
59.7793
59.7793
59.7793
59.7793
59.7793
59.7793
59.7793
59.7793
59.7793
59.7793
59.7793
59.7793
59.7793
59.7793
59.7793
59.7793
59.7793
59.7793
59.7793
59.7793
59.7793
59.7793
59.7793
59.7793
59.7793
59.7793
59.7793
59.7793
59.7793
59.7793
59.7793
59.7793
59.7793
59.7793
59.7793
59.7793
59.7793
59.7793
59.7793
59.7793
59.7793
59.7793
59.7793
59.7793
59.7793
59.7793
59.7793
59.7793
59.7793
59.7793
59.7793
59.7793
59.7793
59.7793
59.7793
59.7793
59.7793
59.7793
59.7793
59.7793
59.7793
59.7793
59.7793
59.7793
59.7793
59.7793
59.7793
59.7793
59.7793
59.7793
59.7793
59.7793
59.7793
59.7793
59.7793
59.7793
59.7793
59.7793
59.7793
59.7793
59.7793
59.7793
59.7793
59.7793
59.7793
59.7793
59.7793
59.7793
59.7793
59.7793
59.7793
59.7793
59.7793
59.7793
59.7793
59.7793
59.7793
59.7793
59.7793
59.7793
59.7793
59.7793
59.7793
59.7793
59.7793
59.7793
59.7793
59.7793
59.7793
59.7793
59.7793
59.7793
59.7793
59.7793
59.7793
59.7793
59.7793
59.7793
59.7793
59.7793
59.7793
59.7793
59.7793
59.7793
59.7793
59.7793
59.7793
59.7793
59.7793
59.7793
59.7793
59.7793
59.7793
59.7793
59.7793
59.7793
59.7793
59.7793
59.7793
59.7793
59.7793
59.7793
59.7793
59.7793
59.7793
59.7793
59.7793
59.7793
59.7793
59.7793
59.7793
59.7793
59.7793
59.7793
59.7793
59.7793
59.7793
59.7793
59.7793
59.7793
59.7793
59.7793
59.7793
59.7793
59.7793
59.7793
59.7793
59.7793
59.7793
59.7793
59.7793
59.7793
59.7793
59.7793
59.7793
59.7793
59.7793
59.7793
59.7793
59.7793
59.7793
59.7793
59.7793
59.7793
59.7793
59.7793
59.7793
59.7793
59.7793
59.7793
59.7793
59.7793
59.7793
59.7793
59.7793
59.7793
59.7793
59.7793
59.7793
59.7793
59.7793
59.7793
59.7793
59.7793
59.7793
59.7793
59.7793
59.7793
59.7793
59.7793
59.7793
59.7793
59.7793
59.7793
59.7793
59.7793
59.7793
59.7793
59.7793
59.7793
59.7793
59.7793
59.7793
59.7793
59.7793
59.7793
59.7793
59.7793
59.7793
59.7793
59.7793
59.7793
59.7793
59.7793
59.7793
59.7793
59.7793
59.7793
59.7793
59.7793
59.7793
59.7793
59.7793
59.7793
59.7793
59.7793
59.7793
59.7793
59.7793
59.7793
59.7793
59.7793
59.7793
59.7793
59.7793
59.7793
59.7793
59.7793
59.7793
59.7793
59.7793
59.7793
59.7793
59.7793
59.7793
59.7793
59.7793
59.7793
59.7793
59.7793
59.7793
59.7793
59.7793
59.7793
59.7793
59.7793
59.7793
59.7793
59.7793
59.7793
59.7793
59.7793
59.7793
59.7793
59.7793
59.7793
59.7793
59.7793
59.7793
59.7793
59.7793
59.7793
59.7793
59.7793
59.7793
59.7793
59.7793
59.7793
59.7793
59.7793
59.7793
59.7793
59.7793
59.7793
59.7793
59.7793
59.7793
59.7793
59.7793
59.7793
59.7793
59.7793
59.7793
59.7793
59.7793
59.7793
59.7793
59.7793
59.7793
59.7793
59.7793
59.7793
59.7793
59.7793
59.7793
59.7793
59.7793
59.7793
59.7793
59.7793
59.7793
59.7793
59.7793
59.7793
59.7793
59.7793
59.7793
59.7793
59.7793
59.7793
59.7793
59.7793
59.7793
59.7793
59.7793
59.7793
59.7793
59.7793
59.7793
59.7793
59.7793
59.7793
59.7793
59.7793
59.7793
59.7793
59.7793
59.7793
59.7793
59.7793
59.7793
59.7793
59.7793
59.7793
59.7793
59.7793
59.7793
59.7793
59.7793
59.7793
59.7793
59.7793
59.7793
59.7793
59.7793
59.7793
59.7793
59.7793
59.7793
59.7793
59.7793
59.7793
59.7793
59.7793
59.7793
59.7793
59.7793
59.7793
59.7793
59.7793
59.7793
59.7793
59.7793
59.7793
59.7793
59.7793
59.7793
59.7793
59.7793
59.7793
59.7793
59.7793
59.7793
59.7793
59.7793
59.7793
59.7793
59.7793
59.7793
59.7793
59.7793
59.7793
59.7793
59.7793
59.7793
59.7793
59.7793
59.7793
59.7793
59.7793
59.7793
59.7793
59.7793
59.7793
59.7793
59.7793
59.7793
59.7793
59.7793
59.7793
59.7793
59.7793
59.7793
59.7793
59.7793
59.7793
59.7793
59.7793
59.7793
59.7793
59.7793
59.7793
59.7793
59.7793
59.7793
59.7793
59.7793
59.7793
59.7793
59.7793
59.7793
59.7793
59.7793
59.7793
59.7793
59.7793
59.7793
59.7793
59.7793
59.7793
59.7793
59.7793
59.7793
59.7793
59.7793
59.7793
59.7793
59.7793
59.7793
59.7793
59.7793
59.7793
59.7793
59.7793
59.7793
59.7793
59.7793
59.7793
59.7793
59.7793
59.7793
59.7793
59.7793
59.7793
59.7793
59.7793
59.7793
59.7793
59.7793
59.7793
59.7793
59.7793
59.7793
59.7793
59.7793
59.7793
59.7793
59.7793
59.7793
59.7793
59.7793
59.7793
59.7793
59.7793
59.7793
59.7793
59.7793
59.7793
59.7793
59.7793
59.7793
59.7793
59.7793
59.7793
59.7793
59.7793
59.7793
59.7793
59.7793
59.7793
59.7793
59.7793
59.7793
59.7793
59.7793
59.7793
59.7793
59.7793
59.7793
59.7793
59.7793
59.7793
59.7793
59.7793
59.7793
59.7793
59.7793
59.7793
59.7793
59.7793
59.7793
59.7793
59.7793
59.7793
59.7793
59.7793
59.7793
59.7793
59.7793
59.7793
59.7793
59.7793
59.7793
59.7793
59.7793
59.7793
59.7793
59.7793
59.7793
59.7793
59.7793
59.7793
59.7793
59.7793
59.7793
59.7793
59.7793
59.7793
59.7793
59.7793
59.7793
59.7793
59.7793
59.7793
59.7793
59.7793
59.7793
59.7793
59.7793
59.7793
59.7793
59.7793
59.7793
59.7793
59.7793
59.7793
59.7793
59.7793
59.7793
59.7793
59.7793
59.7793
59.7793
59.7793
59.7793
59.7793
59.7793
59.7793
59.7793
59.7793
59.7793
59.7793
59.7793
59.7793
59.7793
59.7793
59.7793
59.7793
59.7793
59.7793
59.7793
59.7793
59.7756
59.7793
59.7793
59.7793
59.7793
59.7793
59.7793
59.7793
59.7793
59.7793
59.7793
59.7793
59.7793
59.7793
59.7793
59.7793
59.7793
59.7793
59.7793
59.7793
59.7793
59.7793
59.7793
59.7793
59.7793
59.7793
59.7793
59.7793
59.7793
59.7793
59.7793
59.7793
59.7793
59.7793
59.7793
59.7793
59.7793
59.7793
59.7793
59.7793
59.7793
59.7793
59.7793
59.7793
59.7793
59.7793
59.7793
59.7793
59.7793
59.7793
59.7793
59.7793
59.7793
59.7793
59.7793
59.7793
59.7793
59.7793
59.7793
59.7793
59.7793
59.7793
59.7793
59.7793
59.7793
59.7793
59.7793
59.7793
59.7793
59.7793
59.7793
59.7793
59.7793
59.7793
59.7793
59.7793
59.7793
59.7793
59.7793
59.7793
59.7793
59.7793
59.7793
59.7793
59.7793
59.7793
59.7793
59.7793
59.7793
59.7793
59.7793
59.7793
59.7793
59.7793
59.7793
59.7793
59.7793
59.7793
59.7793
59.7793
59.7793
59.7793
59.7793
59.7793
59.7793
59.7793
59.7793
59.7793
59.7793
59.7793
59.7793
59.7793
59.7793
59.7793
59.7793
59.7793
59.7793
59.7793
59.7793
59.7793
59.7793
59.7793
59.7793
59.7793
59.7793
59.7793
59.7793
59.7793
59.7793
59.7793
59.7793
59.7793
59.7793
59.7793
59.7793
59.7793
59.7793
59.7793
59.7793
59.7793
59.7793
59.7793
59.7793
59.7793
59.7793
59.7793
59.7793
59.7793
59.7793
59.7793
59.7793
59.7793
59.7793
59.7793
59.7793
59.7793
59.7793
59.7793
59.7793
59.7793
59.7793
59.7793
59.7793
59.7793
59.7793
59.7793
59.7793
59.7793
59.7793
59.7793
59.7793
59.7793
59.7793
59.7793
59.7793
59.7793
59.7793
59.7793
59.7793
59.7793
59.7793
59.7793
59.7793
59.7793
59.7793
59.7793
59.7793
59.7793
59.7793
59.7793
59.7793
59.7793
59.7793
59.7793
59.7793
59.7793
59.7793
59.7793
59.7793
59.7793
59.7793
59.7793
59.7793
59.7793
59.7793
59.7793
59.7793
59.7793
59.7793
59.7793
59.7793
59.7793
59.7793
59.7793
59.7793
59.7793
59.7793
59.7793
59.7793
59.7793
59.7793
59.7793
59.7793
59.7793
59.7793
59.7793
59.7793
59.7793
59.7793
59.7793
59.7793
59.7793
59.7793
59.7793
59.7793
59.7793
59.7793
59.7793
59.7793
59.7793
59.7793
59.7793
59.7793
59.7793
59.7793
59.7793
59.7793
59.7793
59.7793
59.7793
59.7793
59.7793
59.7793
59.7793
59.7793
59.7793
59.7793
59.7793
59.7793
59.7793
59.7793
59.7793
59.7793
59.7793
59.7793
59.7793
59.7793
59.7793
59.7793
59.7793
59.7793
59.7793
59.7793
59.7793
59.7793
59.7793
59.7793
59.7793
59.7793
59.7793
59.7793
59.7793
59.7793
59.7793
59.7793
59.7793
59.7793
59.7793
59.7793
59.7793
59.7793
59.7793
59.7793
59.7793
59.7793
59.7793
59.7793
59.7793
59.7793
59.7793
59.7793
59.7793
59.7793
59.7793
59.7793
59.7793
59.7793
59.7793
59.7793
59.7793
59.7793
59.7793
59.7793
59.7793
59.7793
59.7793
59.7793
59.7793
59.7793
59.7793
59.7793
59.7793
59.7793
59.7793
59.7793
59.7793
59.7793
59.7793
59.7793
59.7793
59.7793
59.7793
59.7793
59.7793
59.7793
59.7793
59.7793
59.7793
59.7793
59.7793
59.7793
59.7793
59.7793
59.7793
59.7793
59.7793
59.7793
59.7793
59.7793
59.7793
59.7793
59.7793
59.7793
59.7793
59.7793
59.7793
59.7793
59.7793
59.7793
59.7793
59.7793
59.7793
59.7793
59.7793
59.7793
59.7793
59.7793
59.7793
59.7793
59.7793
59.7793
59.7793
59.7793
59.7793
59.7793
59.7793
59.7793
59.7793
59.7793
59.7793
59.7793
59.7793
59.7793
59.7793
59.7793
59.7793
59.7793
59.7793
