# best half averages
2545.46
2330.9
2182.52
2099.31
2012.32
1904.39
1800.83
1744.46
1706.49
1649.69
1598.18
1539.58
1503.56
1466.39
1426.96
1371.45
1351.89
1306.1
1280.24
1258.23
1250.44
1226.07
1213.67
1197.65
1157.89
1120.28
1074.12
1054.96
1030.95
1014.35
997.741
989.769
987.373
979.549
969.615
958.164
938.091
923.132
900.174
887.871
856.959
833.639
821.755
807.351
780.852
764.538
755.874
755.884
746.955
738.918
730.341
721.293
715.794
700.672
678.046
669.905
660.382
643.962
633.63
624.565
611.244
599.11
588.206
576.994
567.666
558.142
555.868
555.115
555.384
548.966
543.297
541.347
541.418
538.304
533.023
532.804
531.645
530.444
529.845
527.076
522.636
516.53
493.026
472.706
466.793
458.747
457.985
455.897
450.521
444.892
439.282
435.957
433.285
432.359
431.063
429.455
427.605
425.649
424.597
423.464
419.784
416.727
412.601
411.543
410.117
408.627
407.383
417.75
405.598
407.668
397.211
396.166
394.412
394.054
392.719
388.637
388.637
388.628
388.362
386.514
380.669
379.913
374.052
367.136
332.993
329.885
327.504
322.528
321.744
321.438
320.638
320.468
322.703
319.342
318.507
317.135
322.649
315.079
298.901
286.704
286.487
286.298
286.291
286.241
286.338
286.331
287.972
284.522
280.789
278.377
277.821
277.246
275.45
273.882
273.618
272.579
271.511
271.081
268.71
268.595
267.789
266.345
269.389
263.924
262.183
260.61
259.919
258.232
257.772
257.767
257.738
257.514
257.055
256.317
254.61
254.532
254.491
254.313
253.388
252.192
251.06
248.963
247.535
247.373
246.83
246.699
246.339
246.18
245.884
245.32
244.504
243.121
242.594
241.535
239.136
237.953
236.158
233.02
232.612
234.099
229.841
227.309
222.886
222.873
222.904
223.171
222.577
221.541
217.649
217.384
217.381
217.369
218.938
216.903
216.716
216.687
216.532
216.404
217.187
215.569
215.49
216.361
216.309
214.221
213.246
212.753
212.908
212.296
211.19
210.953
210.89
210.34
207.965
207.963
207.945
207.881
207.608
206.899
206.418
206.375
206.319
206.414
206.404
206.331
206.147
205.637
203.842
202.124
200.839
198.672
195.661
195.332
193.743
192.669
192.669
192.588
191.984
189.563
188.58
188.58
188.58
188.58
188.572
188.481
188.328
188.142
188.11
187.891
186.997
186.478
186.478
186.451
186.369
185.907
184.85
184.118
183.767
183.537
183.05
182.755
182.069
180.252
178.611
179.271
179.303
179.293
179.217
179.046
179.028
178.945
178.782
178.782
178.782
178.782
178.782
178.644
178.643
178.494
178.434
178.2
177.551
175.356
169.236
164.619
164.619
164.586
164.456
164.162
163.223
162.989
162.989
162.94
162.709
161.948
160.921
160.853
160.618
160.294
160.13
159.752
157.836
157.8
157.408
161.413
155.456
142.919
140.319
140.108
140.036
139.503
137.536
137.414
136.699
136.288
136.234
135.926
135.631
135.575
135.238
133.555
132.826
132.826
132.791
132.826
132.826
132.818
132.771
132.699
132.388
132.076
130.647
129.856
129.807
129.581
129.867
129.459
129.459
129.459
129.459
129.444
129.399
129.176
128.713
128.713
128.713
128.66
128.66
128.63
128.505
128.838
128.154
126.602
126.471
126.314
125.317
125.317
125.317
125.317
125.317
125.317
125.317
125.317
125.317
125.317
125.26
125.121
125.558
124
122.481
122.468
122.446
122.426
122.456
122.458
122.343
122.02
121.973
121.973
121.973
121.966
121.966
121.95
121.896
121.604
121.534
121.258
121.195
121.195
121.195
121.184
121.446
121.145
121.195
121.195
121.195
121.195
121.195
121.195
121.195
121.194
121.192
121.183
121.154
121.154
121.154
121.154
121.154
121.154
121.124
121.124
121.154
121.154
121.154
121.154
121.154
121.154
121.154
121.154
121.154
121.154
121.154
121.154
121.154
121.154
121.154
121.154
121.142
121.106
120.939
120.546
120.455
120.06
119.965
119.965
119.965
119.953
119.925
119.852
119.658
118.734
118.567
118.567
118.567
118.567
118.567
118.555
118.567
118.567
118.567
118.567
118.567
118.567
118.567
118.567
118.567
118.567
118.567
118.567
118.567
118.567
118.567
118.555
118.54
118.563
118.551
118.458
118.29
118.112
117.581
116.895
116.79
116.79
116.783
116.79
116.79
116.779
116.769
116.636
116.276
116.276
116.276
116.276
116.276
116.265
116.223
115.951
115.752
115.752
115.752
115.752
115.752
115.752
115.752
115.752
115.752
115.752
115.718
115.648
115.207
113.841
113.346
112.889
111.937
111.782
111.546
110.684
110.126
110.027
109.728
109.107
108.874
108.642
108.468
107.849
107.688
107.688
107.672
107.702
107.702
107.702
107.695
107.648
107.458
107.302
107.35
107.321
107.308
107.147
106.705
105.337
105.337
105.337
105.337
105.337
105.337
105.337
105.335
105.332
105.313
105.255
105.198
105.198
105.196
105.18
105.154
105.03
104.923
104.804
104.532
103.191
102.068
101.952
101.803
101.685
100.626
100.554
100.535
100.52
100.444
100.105
99.6356
99.2472
98.0862
98.7095
98.0205
98.0244
98.0244
98.0244
98.0244
98.0244
98.0213
98.0213
97.9821
97.9799
97.9794
97.9106
97.4668
96.3965
96.3762
96.3558
96.2133
95.4602
95.3991
95.3991
95.3934
95.3637
95.3166
95.1196
95.1024
95.1355
95.075
95.0682
95.0682
95.0682
95.0682
95.0508
95.0334
94.9813
94.7453
94.199
94.199
94.199
94.199
94.1877
94.199
94.199
94.1738
94.1097
94.1026
93.8484
93.5967
93.5967
93.5967
93.5967
93.5967
93.5967
93.5967
93.5967
93.5967
93.5967
93.5967
93.5967
93.5967
93.5967
93.5967
93.5967
93.5789
93.5967
93.5967
93.5967
93.5967
93.5967
93.5967
93.5967
93.5914
93.5967
93.5967
93.5967
93.5967
93.5262
93.4851
93.4118
95.7577
96.505
100.156
95.406
91.5074
91.5074
91.4444
91.1606
90.3839
89.9626
89.9626
89.9626
89.9626
89.9626
89.9626
89.9626
89.9626
89.9626
89.9621
90.1023
91.6112
89.9141
89.9183
89.7522
89.5423
88.8535
88.8566
88.8566
88.8224
88.5831
87.7625
87.147
87.147
87.147
87.147
87.147
87.147
87.147
87.147
87.147
87.147
87.1398
87.1252
87.0743
86.8777
86.7831
86.7831
86.7831
86.7831
86.7831
86.7831
86.7831
86.7831
86.7831
86.7831
86.7831
86.7831
86.7831
86.7831
86.7735
86.7639
86.679
91.4031
86.3894
86.303
86.303
86.303
86.303
86.303
86.2987
86.2944
86.2858
86.241
86.1526
86.0881
86.0881
86.0881
86.0881
86.0881
86.0881
86.0881
86.0881
86.0881
86.0881
86.0769
86.043
95.0043
89.1692
88.093
86.0543
86.0769
86.0656
86.7157
86.0881
86.0881
86.0577
85.9732
85.71
84.6432
84.5614
84.5444
84.4877
84.2836
84.2836
84.2836
84.2836
84.2836
84.2836
84.2836
84.2836
84.2836
84.2836
84.2836
84.2836
84.2836
84.2836
84.2836
84.2836
84.2836
84.2677
84.124
83.9219
83.475
83.4432
83.3479
83.0088
82.9559
82.9433
82.9057
82.7574
82.3731
82.2615
82.085
81.8187
81.8187
81.8171
81.7977
81.7177
81.5012
81.166
81.166
81.166
81.166
81.166
81.166
81.166
81.166
81.166
81.166
81.166
81.166
81.166
81.166
81.166
81.162
81.1044
81.4961
81.1581
81.8443
81.1515
81.0794
80.9206
80.4877
80.4429
80.4381
80.4223
80.3653
80.3653
80.3653
80.3653
80.3653
80.3653
80.3653
80.3653
80.3653
80.3653
80.3653
80.3037
80.239
80.1774
84.1747
80.3653
80.3653
80.3653
80.3653
80.3653
80.3653
80.3653
80.3653
80.354
80.3315
80.3202
80.5516
80.3617
80.3428
80.354
80.3653
80.3653
80.3653
80.3653
80.3653
80.3457
80.3653
80.3653
80.3535
80.2829
80.0828
79.7768
79.7768
79.7768
79.7768
79.7768
79.7768
79.7768
79.7768
79.7768
79.7737
79.7706
79.7706
79.7706
79.7656
79.7729
79.7768
79.7656
79.7768
79.7768
79.7768
79.7768
79.7768
79.7768
79.7768
79.7768
79.7768
79.7768
79.7768
79.7768
79.7768
79.7768
79.7768
79.7768
79.7768
79.7768
79.7768
79.7768
79.7768
79.7768
79.7768
79.7768
79.7768
79.7768
79.7768
79.7768
79.7768
79.8327
79.7768
79.7768
79.7639
79.7768
79.7768
80.4862
79.6536
80.5384
79.6975
82.0513
79.7768
79.7768
79.7768
79.7768
79.7768
79.7768
79.7768
79.7656
79.7543
79.7366
79.7059
80.4155
79.7591
79.7768
79.7768
79.7768
79.7768
79.7152
79.7152
79.7768
79.7768
79.7768
79.773
79.7768
79.7768
79.7768
79.7768
79.7768
79.7768
79.7768
79.7768
79.7768
79.7768
79.7152
79.592
78.7296
76.7584
76.6968
76.6968
76.6859
76.6204
76.4784
76.1508
76.1508
76.1508
76.1508
76.1508
76.1508
76.1508
76.1508
76.1508
76.1508
76.1508
76.1508
76.1508
76.1503
76.1508
76.1508
76.1508
76.1508
76.1508
76.1508
76.1508
76.1508
76.1508
76.1508
76.1508
76.1508
76.1508
76.1508
76.1508
76.1508
76.1508
76.1508
76.1508
76.1508
76.1508
76.1508
76.1508
76.1508
76.1508
76.1508
76.1508
76.1508
76.1508
76.1508
76.1508
76.1508
76.1508
76.1508
76.1508
76.1508
76.1508
76.1508
76.1508
76.1508
76.1508
76.1508
76.1508
76.1508
76.1508
76.1508
76.1508
76.1508
76.1508
76.1473
76.1401
76.1081
76.2788
75.9652
75.9613
75.9532
75.9613
75.9613
75.9576
76.6325
75.9385
76.1681
76.3432
75.7821
75.7821
75.7821
75.7821
75.7821
75.7821
75.7821
75.7821
75.7821
75.7821
75.7821
75.7821
75.7821
75.7821
75.7821
75.7821
75.7821
75.7815
75.7821
75.7821
75.7821
75.7821
75.7821
75.7821
75.7821
75.7821
75.7821
75.7799
75.7756
75.7562
75.6828
75.6741
75.6741
75.6741
75.6741
75.6741
75.6741
75.6741
75.6741
75.6741
75.6605
75.66
75.6605
75.6741
75.6741
75.6741
75.6741
75.6738
75.6729
75.6724
75.6724
75.6724
75.6681
75.6629
78.3032
79.762
82.4708
75.6676
78.0711
78.4989
75.6522
75.6522
75.6522
75.6522
75.6522
75.6522
75.6522
75.6522
75.6522
75.6522
75.6522
75.6522
75.6522
75.6522
75.6522
75.6522
75.6522
75.6522
75.6522
75.6522
75.6522
75.6522
75.6522
75.6522
75.6522
75.6522
75.6522
75.6522
75.6522
75.6522
75.6522
75.6522
75.6522
75.6522
75.6522
75.6522
75.6522
75.6522
75.6522
75.6522
75.6522
75.6522
75.6522
75.6463
75.6522
75.6522
75.6522
75.6522
75.6522
75.6522
75.6522
75.6522
75.6522
75.6522
75.6522
75.5679
75.5679
75.6674
75.61
75.61
75.6522
75.6522
75.6522
75.6522
75.6522
75.6522
75.6391
75.6522
75.6522
75.6522
75.6522
75.6522
75.6522
75.6522
75.6522
75.6522
75.6522
75.6522
75.6522
75.6522
75.6522
75.6522
75.6522
75.6522
75.6522
75.6522
75.6522
75.6522
75.6522
75.6522
75.6522
75.6522
75.6522
75.6522
75.6522
75.5258
75.3995
75.8585
76.9092
75.1889
79.9347
77.9151
73.5463
73.5463
73.5463
73.5463
73.5463
73.5362
73.5221
73.4754
73.4348
73.1165
73.0394
73.0388
73.0394
73.0394
73.0394
73.0394
73.0394
73.0394
73.0394
73.0394
73.0321
73.0248
72.9811
72.7963
72.6754
72.6754
72.6754
72.6754
72.6754
72.6754
72.6754
72.6754
72.6754
72.6754
72.6754
72.6754
72.6754
72.6754
72.6754
72.6754
72.6754
72.6754
72.6754
72.6754
72.6611
72.6035
72.4596
72.112
71.9561
71.9561
71.9561
71.9561
71.9561
71.9561
71.9561
71.9561
71.9561
71.9561
71.9556
71.9561
71.9561
71.9561
71.9561
71.9561
71.9561
71.9561
71.9561
71.9561
71.9561
71.9561
71.9561
71.9561
71.9561
71.9561
71.9561
71.9535
71.951
71.9535
71.9406
71.9096
71.8268
71.8268
71.8268
71.8268
71.8268
71.8268
71.8268
71.8268
71.8268
71.8268
71.8268
71.8268
71.8268
71.8268
71.8268
71.8268
71.8268
71.8268
71.8268
71.8229
71.8229
71.8268
71.8268
71.8229
71.8268
71.8268
71.8268
71.8268
71.8268
71.8268
71.8268
71.8268
71.8268
71.7915
71.6962
71.6724
71.3865
70.6356
70.6356
70.6356
70.6356
70.6356
70.6356
70.6356
70.6356
70.6356
70.6356
70.6356
70.6356
70.6356
70.6356
70.6351
70.6356
70.6356
70.6351
70.6356
70.6356
70.6356
70.6356
70.6356
70.6356
70.63
70.6244
70.6356
70.6356
70.6356
70.6356
70.6356
70.6356
70.6356
70.6356
70.6356
70.6356
70.6102
70.5825
70.4769
70.3182
70.2999
70.228
69.9729
69.5989
69.5989
69.5989
69.5989
69.5989
69.5989
69.5989
69.5989
69.5989
69.5989
69.5989
69.5989
69.5989
69.5989
69.5989
69.5989
69.5989
69.5931
69.5698
69.5232
69.366
69.3077
69.3077
69.3077
69.3077
69.3077
69.3077
69.3077
69.3021
69.296
69.2631
69.2073
69.1291
69.0265
69.0145
69.0125
68.9424
68.7536
68.5966
68.5922
68.4738
68.3677
68.3677
68.3677
68.3677
68.3677
68.3638
68.3677
68.3677
68.3677
68.3677
68.3677
68.3677
68.3677
68.3677
68.3677
68.3677
68.3672
68.3677
68.3677
68.3677
68.3677
68.3677
68.3672
68.3677
68.3677
68.3677
68.3677
68.3677
68.3677
68.3677
68.3677
68.3677
68.3677
68.3677
68.3677
68.3677
68.3677
68.3677
68.3677
68.3677
68.3677
68.3677
68.3677
68.3677
68.3677
68.3677
68.3677
68.3677
68.3677
68.3677
68.3677
68.3677
68.3677
68.3677
68.3677
68.3677
68.3677
68.3677
68.3677
68.3677
68.3677
68.3677
68.3664
68.3638
68.3467
68.2977
68.2654
68.2776
68.2654
68.2042
68.8466
67.9322
67.6906
67.6906
67.6906
67.6906
67.6906
67.6906
67.6906
67.6906
67.6906
67.6906
67.6906
67.6906
67.6906
67.6906
67.6906
67.6906
67.6906
67.6906
67.6906
67.6906
67.6906
67.6906
67.6906
67.6906
67.6906
67.6906
67.6906
67.6906
67.6906
67.6906
67.6906
67.6906
67.6906
67.6906
67.6906
67.6906
67.6906
67.6906
67.6906
67.6893
67.6875
67.6867
67.6893
67.6854
67.667
67.625
67.625
67.625
67.625
67.6244
67.625
67.625
67.625
67.625
67.625
67.625
67.625
67.625
67.625
67.625
67.625
67.625
67.625
67.625
67.625
67.625
67.625
67.625
67.625
67.625
67.625
67.625
67.625
67.625
67.6244
67.6239
67.6244
67.625
67.625
67.625
67.625
67.625
67.625
67.625
67.625
67.625
67.621
67.608
67.5949
67.574
67.4879
67.3236
67.1445
66.9729
66.9729
66.9729
66.9612
66.9145
66.7624
66.3882
66.3882
66.3882
66.3882
66.3882
66.3882
66.3877
66.3866
66.3871
66.3882
66.3882
66.3882
66.3882
66.3882
66.3882
66.3882
66.3882
66.3882
66.3882
66.3882
66.3882
66.3877
66.3877
66.3882
66.3882
66.3882
66.3882
66.3882
66.3882
66.3882
66.3882
66.3882
66.3882
66.3882
66.3877
66.3882
66.3882
66.3882
66.3882
66.3882
66.3882
66.3882
66.3882
66.3882
66.3882
66.3882
66.3882
66.3882
66.3882
66.3882
66.3882
66.3882
66.3882
66.3882
66.3882
66.3882
66.3882
66.3882
66.3882
66.3882
66.3878
66.3882
66.3882
66.3882
66.3882
66.3882
66.3882
66.3882
66.3882
66.3882
66.3882
66.3882
66.3882
66.3882
66.3882
66.3882
66.3882
66.3882
66.3882
66.3882
66.3882
66.3843
66.3843
66.3725
66.5838
66.3882
66.3882
66.3882
66.3882
66.3882
66.3882
66.3882
66.3882
66.3877
66.3882
66.3882
66.3882
66.3882
66.3882
66.3882
66.3882
66.3882
66.3882
66.3882
66.3882
66.3882
66.3882
66.3882
66.3882
66.3882
66.3882
66.3882
66.3882
66.3877
66.3882
66.3882
66.3882
66.3882
66.3882
66.3882
66.3882
66.3882
66.3804
66.3649
66.3027
66.2223
65.9997
65.9997
65.9997
65.9997
65.9997
65.9997
65.9997
65.9997
65.9997
65.9997
65.9997
65.9997
65.9997
65.9997
65.9997
65.9997
65.9997
65.9997
65.9997
65.9997
65.9957
65.9997
65.9997
65.9997
65.9997
65.9997
65.9997
65.9997
65.9997
65.9997
65.9997
65.9997
65.9997
65.9997
65.9997
65.9997
65.9997
65.9997
65.9997
65.9997
65.9997
65.9997
65.9997
65.9997
65.9997
65.9997
65.9997
65.9997
65.9997
65.9997
65.9997
65.9997
65.9997
65.9997
65.9997
65.9997
65.9997
65.9997
65.9997
65.9997
65.9997
65.9997
65.9997
65.9997
65.9997
65.9997
65.9997
65.9991
65.9981
65.9981
65.9997
65.9997
65.9997
65.9997
65.9997
65.9997
65.9997
65.9997
65.9997
65.9931
65.9997
65.9997
65.9997
65.9997
65.9997
65.9997
65.9997
65.9997
65.9997
65.9997
65.9997
65.9997
65.9997
65.9997
65.9997
65.9997
65.9997
65.9997
65.9997
65.9997
65.9997
65.9997
65.9997
65.9997
65.9997
65.9997
65.9997
65.9997
65.9997
65.9997
65.9997
65.9997
65.9997
65.9997
65.9997
65.9997
65.9997
65.9997
65.9997
65.9997
65.9997
65.9997
65.9997
65.9991
65.9991
65.9997
65.9997
65.9997
65.9997
65.9997
65.9997
65.9997
65.9997
65.9997
65.9997
65.9997
65.9997
65.9997
65.9997
65.9997
65.9997
65.9991
65.9997
65.9997
65.9997
65.9997
65.9997
65.9997
65.9997
65.9997
65.9991
65.9997
65.9997
65.9997
65.9997
65.9997
65.9997
65.9997
65.9997
65.9997
65.9997
65.9997
65.9997
65.9997
65.9997
65.9997
65.9997
65.9997
65.9997
65.9997
65.9997
65.9997
65.9997
65.9997
65.9997
65.9997
65.9997
65.9997
65.9997
65.9991
65.9986
65.9986
65.9991
65.9976
67.5507
65.9986
65.9971
72.4937
65.9997
65.9997
65.9997
65.9997
65.9997
65.9997
65.9991
65.9997
65.9997
65.9997
65.9997
65.9997
65.9997
65.9997
65.9997
65.9997
65.9997
65.9997
65.9997
65.9997
65.9997
65.9997
65.9997
65.9997
65.9997
65.9997
65.9997
65.9997
65.9997
65.9997
65.9997
65.9997
65.9997
65.9997
65.9997
65.9997
65.9997
65.9997
65.9997
65.9997
65.9997
65.9997
65.9997
65.9997
65.9997
65.9997
65.9997
65.9997
65.9997
65.9997
65.9997
65.9997
65.9997
65.9997
65.9997
65.9991
65.9997
65.9997
65.9997
65.9997
65.9997
65.9997
65.9997
65.9993
65.9997
65.9997
65.9997
65.9997
65.9991
65.9986
65.9991
65.9997
65.9997
65.9997
65.9993
65.9997
65.9997
65.9997
65.9991
65.9997
65.9997
65.9997
65.9997
65.9997
65.9997
65.9997
65.9997
65.9997
65.9997
65.9997
65.9947
65.9997
65.9997
65.9997
65.9997
65.9997
65.9997
65.9997
65.9997
65.9997
65.9997
65.9997
65.9997
65.9997
65.9997
65.9997
65.9997
65.9997
65.9997
65.9997
65.9997
65.9997
65.9997
65.9997
65.9997
65.9997
65.9997
65.9997
65.9993
65.9993
65.998
65.9997
65.9997
65.9997
65.9997
65.9997
65.9997
65.9997
65.9997
65.9997
65.9997
65.9997
65.9997
65.9997
65.9997
65.9997
65.9997
65.9997
65.9997
65.9997
65.9997
65.9997
65.9997
65.9997
65.9997
65.9997
65.9997
65.9997
65.9997
65.9997
65.9997
65.9997
65.9997
65.9997
65.9997
65.9997
65.9997
65.9997
65.9997
65.9997
65.9997
65.9997
65.9997
65.9997
65.9997
65.9997
65.9997
65.9997
65.9997
65.9997
65.9997
65.9997
65.9997
65.9997
65.9997
65.9991
65.9997
65.9997
65.9997
65.9997
65.9997
65.9997
65.9997
65.9997
65.9997
65.9997
65.9997
65.9997
65.9997
65.9997
65.9997
65.9997
65.9957
65.9957
65.9879
66.0579
65.9918
65.9918
65.9957
65.9997
65.9997
65.9997
65.9997
65.9997
65.9997
65.9957
65.9879
66.7871
65.9957
65.9997
65.9997
65.9997
65.9947
65.9997
65.9997
65.9997
65.9997
65.9997
65.9997
65.9997
65.9997
65.9997
65.9997
65.9997
65.9997
65.9997
65.9997
65.9907
65.9997
65.9997
65.9997
65.9997
65.9991
65.9986
65.9971
66.0375
75.1691
65.9997
65.9997
65.9997
65.9997
65.9997
65.9997
65.9997
65.9997
65.9997
65.9997
65.9997
65.9997
65.9997
65.9997
65.9997
65.9997
65.9997
65.9997
65.9997
65.9997
65.9997
65.9997
65.9997
65.9997
65.9997
65.9997
65.9997
65.9997
65.9957
65.9997
65.9997
65.9997
65.9997
65.9997
65.9997
65.9991
65.9997
65.9997
65.9997
65.9997
65.9997
65.9997
65.9997
65.9997
65.9997
65.9997
65.9997
65.9997
65.9997
65.9997
65.9997
65.9997
65.9997
65.9997
65.9997
65.9997
65.9997
65.9997
65.9997
65.9997
65.9997
65.9997
65.9997
65.9997
65.9997
65.9997
65.9997
65.9997
65.9997
65.9997
65.9747
65.9997
65.9997
65.9997
65.9997
65.9997
65.9997
65.9997
65.9997
65.9997
65.9997
65.9997
65.9997
65.9997
65.9997
65.9997
65.9997
65.9997
65.9997
65.9997
65.9997
65.9997
65.9997
65.9997
65.9997
65.9997
65.9997
65.9997
65.9997
65.9997
65.9997
65.9997
65.9997
65.9997
65.9997
65.9997
65.9997
65.9997
65.9947
65.9997
65.9821
65.9997
65.9997
65.9997
65.9997
65.9997
65.9997
65.9997
65.9997
65.9997
65.9997
65.9997
65.9997
65.9997
65.9997
65.9997
65.9997
65.9997
65.9997
65.9997
65.9997
65.9997
65.9997
65.9997
65.9997
65.9997
65.9997
65.9997
65.9997
65.9997
65.9997
65.9991
65.9986
65.9991
65.9997
65.9997
65.9997
65.9991
65.9997
65.9997
65.9752
65.9752
65.9997
65.9997
65.9997
65.9947
65.9997
65.9997
65.9997
65.9997
65.9997
65.9997
65.9997
65.9997
65.9997
65.9997
65.9997
65.9997
65.9997
65.9997
65.9991
65.9986
65.9976
69.8687
65.9986
65.9986
65.9971
65.9976
66.8729
65.9981
65.9976
65.9971
65.9955
68.2114
65.9944
69.745
69.568
65.9736
65.9736
65.9736
65.9736
65.9732
65.9736
65.9736
65.9736
65.9736
65.9736
65.9736
65.9736
65.9736
65.9736
65.9736
65.9736
65.9736
65.9736
65.9736
65.9736
65.9736
65.9736
65.9736
65.9736
65.9736
65.9736
65.9736
65.9736
65.9736
65.9736
65.9736
65.9736
65.9736
65.9736
65.9736
65.9736
65.9736
65.9736
65.9736
65.9736
65.9736
65.9736
65.9736
65.9247
65.9736
65.9736
65.9736
65.9736
65.9736
65.9736
65.9736
65.9736
65.9736
65.9736
65.9736
65.9736
65.9736
65.9736
65.9736
65.9736
65.9736
65.9736
65.9736
65.9736
65.9736
65.9736
65.9736
65.9736
65.9736
65.9736
65.9736
65.9736
65.9736
65.9736
65.9736
65.9736
65.9736
65.9736
65.9736
65.9736
65.9736
65.9736
65.9736
65.9736
65.9736
65.9736
65.9736
65.9736
65.9736
65.9736
65.9736
65.9736
65.9736
65.9736
65.9736
65.9736
65.9736
65.9736
65.9736
65.9736
65.9736
65.9736
65.9736
65.9736
65.9736
65.9736
65.9736
65.9736
65.9736
65.9736
65.9736
65.9736
65.9736
65.9736
65.9736
65.9736
65.9736
65.9736
65.9736
65.9736
65.9736
65.9736
65.9736
65.9736
65.9736
65.9736
65.9736
65.9736
65.9736
65.9736
65.9736
65.9736
65.9736
65.9736
65.9736
65.9736
65.9736
65.9736
65.9736
65.9736
65.9736
65.9736
65.9736
65.9736
65.9736
65.9736
65.9732
65.9736
65.9736
65.9736
65.9736
65.9736
65.9736
65.9736
65.9736
65.9736
65.9736
65.9736
65.9736
65.9736
65.9736
65.9736
65.9736
65.9736
65.9736
65.9736
65.9736
65.9736
65.9736
65.9736
65.9736
65.9736
65.9736
65.9736
65.9736
65.9736
65.9736
65.9736
65.9736
65.9736
65.9736
65.9736
65.9736
65.9736
65.9736
65.9736
65.9736
65.9736
65.9736
65.9736
65.9736
65.9736
65.9736
65.9736
65.9736
65.9736
65.9736
65.9736
65.9736
65.9686
65.9736
65.9736
65.9736
65.9736
65.9736
65.9736
65.9736
65.9736
65.9736
65.9736
65.9736
65.9736
65.9736
65.9736
65.9736
65.9736
65.9736
65.9736
65.9736
65.9736
65.9736
65.9736
65.9736
65.9736
65.9736
65.9736
65.9736
65.9736
65.9736
65.9736
65.9736
65.9674
65.9674
65.9736
65.9736
65.9736
65.9736
65.9736
65.9736
65.9736
65.9736
65.9736
65.9736
65.9013
65.9736
65.9736
65.9736
65.9736
65.9736
65.9736
65.9736
65.9736
65.9736
65.9736
65.9736
65.9736
65.9736
65.9736
65.9736
65.9736
65.9736
65.9736
65.9736
65.9736
65.9736
65.9736
65.9736
65.9736
65.9736
65.9736
65.9736
65.9736
65.9697
65.9697
65.9697
65.9658
65.9736
65.9736
65.9736
65.9736
65.9736
65.9736
65.9736
65.9736
65.9736
65.9736
65.9736
65.9736
65.9736
65.9736
65.9736
65.9736
65.9736
65.9736
65.9736
65.9736
65.9736
65.9736
65.9736
65.9736
65.9736
65.9736
65.9736
65.9736
65.9736
65.9736
65.9736
65.9736
65.9736
65.9736
65.9736
65.9736
65.9736
65.9736
65.9736
65.9736
65.9736
65.9736
65.9736
65.9736
65.9693
65.9693
65.9693
65.9736
65.9736
65.9736
65.9736
65.9736
65.9736
65.9736
65.9736
65.9736
65.9736
65.9736
65.9736
65.9736
65.9736
65.9736
65.9736
65.9736
65.9736
65.9736
65.9736
65.9736
65.9736
65.9736
65.9736
65.9736
65.9736
65.9736
65.9736
65.9736
65.9736
65.9736
65.9736
65.9736
65.9736
65.9736
65.9736
65.9736
65.9736
65.9736
65.9736
65.9477
65.9736
65.9736
65.9736
65.9736
65.9736
65.9736
65.9736
65.9736
65.9736
65.9732
65.9736
65.9736
65.9736
65.9736
65.9736
65.9736
65.9736
65.9736
65.9736
65.9736
65.9736
65.9736
65.9736
65.9736
65.9736
65.9736
65.9736
65.9736
65.9736
65.9736
65.9736
65.9736
65.9736
65.9736
65.9736
65.9697
65.9736
65.9736
65.9736
65.9013
65.9732
65.9718
65.9643
65.9306
65.8728
65.8807
65.8807
65.8807
65.8807
65.8807
65.8807
65.8807
65.8807
65.8807
65.8807
65.8807
65.8807
65.8807
65.8807
65.8807
65.8807
65.8807
65.8807
65.8807
65.8807
65.8807
65.8807
65.8807
65.8807
65.8807
65.8807
65.8807
65.8807
65.8807
65.8807
65.8807
65.8807
65.8807
65.8807
65.8121
65.7778
65.7435
65.8464
65.8807
65.8807
65.8807
65.8757
65.8707
65.8757
65.8807
65.8807
65.8807
65.8807
65.8807
65.8807
65.8807
65.8807
65.8807
65.8807
65.8807
65.8807
65.8807
65.8807
65.8807
65.8807
65.8807
65.8807
65.8807
65.8807
65.8807
65.8807
65.8807
65.8807
65.8807
65.8807
65.8807
65.8807
65.8807
65.8807
65.8807
65.8807
65.8807
65.8807
65.8807
65.8807
65.8807
65.8807
65.8807
65.8807
65.8807
65.8807
65.8807
65.8807
65.8807
65.8807
65.8807
65.8807
65.8807
65.8807
65.8807
65.8741
65.859
65.7948
65.6562
65.5507
65.5507
65.5507
65.5507
65.5507
65.5507
65.5507
65.5507
65.5507
65.5507
65.5507
65.5507
65.5507
65.5507
65.5507
65.5507
65.5507
65.5507
65.5507
65.5507
65.5507
65.5507
65.5507
65.5507
65.5507
65.5507
65.5331
65.4403
65.4049
65.1575
64.6539
64.6054
64.4688
64.235
63.6426
63.5634
63.5634
63.5634
63.5634
63.5634
63.5634
63.5634
63.5634
63.5634
63.5634
63.5634
63.5634
63.5634
63.5634
63.5634
63.5634
63.5634
63.5634
63.5634
63.5634
63.5634
63.5634
63.5634
63.5634
63.5634
63.5634
63.5634
63.5634
63.5634
63.5634
63.5634
63.5634
63.5634
63.5634
63.5634
63.5634
63.5634
63.5634
63.5634
63.5634
63.5634
63.5634
63.5634
63.5634
63.5634
63.5634
63.5634
63.5634
63.5634
63.5634
63.5634
63.5634
63.5634
63.5634
63.5634
63.5634
63.5634
63.5634
63.5634
63.5634
63.5634
63.5634
63.5634
63.5634
63.5634
63.5634
63.5634
63.5634
63.5634
63.5634
63.5634
63.5634
63.5634
63.5634
63.5634
63.5634
63.5634
63.5634
63.5634
63.5634
63.5634
63.5634
63.5634
63.5634
63.5634
63.5634
63.6559
63.5634
63.5634
63.5634
63.5634
63.5634
63.5634
63.5634
63.5634
63.5634
63.5634
63.5634
63.5634
63.5634
63.5634
63.5634
63.5634
63.5634
63.5634
63.5634
63.5634
63.5634
63.5634
63.5634
63.5634
63.5634
63.5634
63.5634
63.5584
63.5584
63.5584
63.5634
63.5634
63.5634
63.5634
63.5634
63.5634
63.5634
63.5634
63.5584
63.5634
63.5634
63.5634
63.5634
63.5634
64.0507
63.5634
63.5634
63.5634
63.5634
63.5634
63.5634
63.5634
63.5634
63.5634
63.5634
63.5634
63.5634
63.5634
63.5634
63.5634
63.5634
63.5634
63.5634
63.5634
63.5634
63.5634
63.5634
63.5634
63.5634
63.5634
63.5634
63.5634
63.5634
63.5634
63.5634
63.5634
63.5634
63.5634
63.5634
63.5634
63.5634
63.5634
63.5634
63.5634
63.5634
63.5634
63.5634
63.5634
63.5634
63.5634
63.559
63.559
63.5634
63.5634
63.5634
63.5634
63.5634
63.5634
63.5634
63.5634
63.5689
63.7829
66.8225
63.5634
71.5472
67.4249
69.1405
70.8875
66.3309
63.5634
63.5634
63.5595
63.5634
63.5634
63.5634
63.5634
63.5634
63.5634
63.5634
63.563
63.5634
63.5634
63.5634
63.5634
63.5634
63.5634
63.5634
63.5634
63.5634
63.5526
63.5418
63.5203
63.4448
63.1216
63.0246
63.0246
63.0246
63.0246
63.0246
63.0246
63.0246
63.0246
63.0246
63.0246
63.0246
63.0246
63.0246
63.0246
63.0246
63.0246
63.0246
63.0246
63.0246
63.0246
63.0246
63.0246
63.0246
63.0246
63.0206
63.0246
63.0246
63.0246
63.0246
63.0206
63.0128
63.0128
63.2469
63.0246
63.0246
63.0246
63.0246
63.0246
63.0246
63.0246
63.0246
63.0246
63.0246
63.0246
63.0246
63.0246
63.0246
63.0246
63.0246
63.0246
63.0246
63.0246
63.0246
63.0246
63.0246
63.0246
63.0246
63.0246
63.0246
63.0246
63.0246
63.0246
63.0246
63.0246
63.0246
63.0246
63.0246
63.0246
63.0246
63.0246
63.0242
63.0246
63.0246
63.0246
63.0246
63.0246
63.0246
63.0246
63.0246
63.0246
63.0246
63.0246
63.0246
63.0246
63.0246
63.0246
63.0246
63.0246
63.0246
63.0246
63.0246
63.0242
63.0246
63.0246
63.0246
63.0246
63.0246
63.0246
63.0246
63.0246
63.0246
63.0246
63.0246
63.0246
63.0246
63.0171
63.0246
63.0246
63.0246
63.0246
63.0246
63.0246
63.0246
63.0246
63.0246
63.0246
63.0246
63.0246
63.0246
63.0246
63.0246
63.0246
63.0246
63.0246
63.0246
63.0246
63.0246
63.0246
63.0246
63.0246
63.0246
63.0246
63.0246
63.0246
63.0246
63.0246
63.0246
63.0246
63.0246
63.0246
63.0246
63.0246
63.0246
63.0246
63.0246
63.0246
63.0246
63.0246
63.0246
63.0246
63.0246
63.0246
63.0246
63.0246
63.0246
63.0246
63.0246
63.0246
63.0246
63.0246
63.0246
63.0246
63.0246
63.0246
63.0246
63.0246
63.0246
63.0246
63.0246
63.0246
63.0246
63.0246
63.0246
63.0246
63.0246
63.0246
63.0246
63.0246
63.0246
63.0246
63.0246
63.0246
63.0246
63.0246
63.0246
63.0246
63.0246
63.0246
63.0246
63.0246
63.0246
63.0246
63.0246
63.0246
63.0246
63.0246
63.0246
63.0246
63.0246
63.0246
63.0246
63.0246
63.0246
63.0246
63.0246
63.0246
63.0246
63.0246
63.0246
63.0246
63.0246
63.0246
63.0246
63.0246
63.0246
63.0246
63.0246
63.0246
63.0246
63.0246
63.0246
63.0246
63.0246
63.0246
63.0246
63.0246
63.0246
63.0246
63.0246
63.0246
63.0246
63.0246
63.0246
63.0246
63.0246
63.0246
63.0246
63.0246
63.0246
63.0246
63.0246
63.0246
63.0246
63.0246
63.0246
63.0246
63.0246
63.0246
63.0246
63.0246
63.0246
63.0246
63.0246
63.0196
63.0246
63.0246
63.0246
63.0246
63.0246
63.0246
63.0246
63.0246
63.0246
63.0246
63.0246
63.0246
63.0246
63.0246
63.0246
63.0246
63.0246
63.0246
63.0246
63.0246
63.0246
63.0246
63.0246
63.0246
63.0246
63.0147
63.0172
63.0246
63.0246
63.0246
63.0246
63.0246
63.0246
63.0246
63.0246
63.0246
63.0246
63.0246
63.0246
63.0246
63.0246
63.0246
63.0246
63.0246
63.0246
63.0246
63.0246
63.0246
63.0246
63.0246
63.0246
63.0246
63.0246
63.0246
63.0246
63.0246
63.0202
63.0159
63.0072
63.0033
63.2858
62.9942
67.2024
63.0072
62.9942
67.7316
63.453
64.2675
63.0159
63.0159
63.0116
63.0072
63.0029
63.0116
63.0159
63.0116
63.0029
62.9812
66.8081
63.0837
75.2141
69.3302
62.8338
62.8077
62.8077
62.8077
62.8077
62.8077
62.8077
62.8077
62.8077
62.8077
62.8077
62.8077
62.8077
62.8077
62.8077
62.8077
62.8077
62.8077
62.8077
62.8077
62.8077
62.8077
62.8077
62.8077
62.8028
62.8077
62.8077
62.8077
62.8077
62.8077
62.8077
62.8077
62.8077
62.8077
62.8077
62.8077
62.8077
62.8077
62.8077
62.8077
62.8077
62.8077
62.8077
62.8077
62.8077
62.8077
62.8077
62.8077
62.8077
62.8077
62.8077
62.8077
62.8077
62.8077
62.8077
62.8077
62.8077
62.8077
62.8077
62.8077
62.8077
62.8077
62.8077
62.8077
62.8077
62.8077
62.8077
62.8077
62.8077
62.8077
62.8077
62.8077
62.8077
62.8028
62.7978
62.8077
62.8077
62.8077
62.8077
62.8077
62.8077
62.8077
62.8077
62.8077
62.8077
62.8077
62.8077
62.8077
62.8077
62.8077
62.8077
62.8077
62.8077
62.8077
62.8077
62.8077
62.8077
62.8077
62.8077
62.8077
62.8077
62.8077
62.8077
62.8077
62.8077
62.8077
62.8077
62.8077
62.8077
62.8077
62.8077
62.8077
62.8077
62.8077
62.8077
62.8077
62.8077
62.8077
62.8077
62.8077
62.8077
62.8077
62.8077
62.8077
62.8077
62.8077
62.8077
62.8077
62.8077
62.8077
62.8077
62.8077
62.8077
62.8077
62.8077
62.8077
62.8077
62.8077
62.8077
62.8077
62.8077
62.8077
62.8077
62.8077
62.8077
62.8077
62.8077
62.8077
62.8077
62.8077
62.8077
62.8077
62.8077
62.8077
62.8077
62.8077
62.8077
62.8077
62.8077
62.8077
62.8077
62.8077
62.8077
62.8077
62.8077
62.8077
62.8077
62.8077
62.8077
62.8077
62.8077
62.8077
62.8077
62.8077
62.8077
62.8077
62.8077
62.8077
62.8077
62.8077
62.8028
62.8077
62.8077
62.8077
62.8077
62.8077
62.8077
62.8077
62.8077
62.8077
62.8077
62.8077
62.8077
62.8077
62.8077
62.8077
62.8077
62.8077
62.8077
62.8077
62.8077
62.8077
62.8077
62.8077
62.8077
62.8077
62.8077
62.8077
62.8077
62.8077
62.8077
62.8077
62.8028
62.8077
62.8077
62.8077
62.8077
62.8077
62.8077
62.8077
62.8077
62.8077
62.8077
62.8077
62.8077
62.8077
62.8077
62.8077
62.8077
62.8077
62.8077
62.8077
62.8077
62.8077
62.8077
62.8077
62.8077
62.8052
62.7976
62.7849
62.7519
62.6809
62.6809
62.6809
62.6809
62.6809
62.6809
62.6759
62.6759
62.6809
62.6809
62.6809
62.6809
62.6809
62.6809
62.6809
62.6809
62.6809
62.6809
62.6809
62.6809
62.6809
62.6809
62.6809
62.6809
62.6809
62.6809
62.6809
62.6809
62.6809
62.6809
62.6809
62.6809
62.6809
62.6809
62.6809
62.6809
62.6809
62.6809
62.6809
62.6809
62.6809
62.6809
62.6809
62.6759
62.671
62.666
62.6809
62.6809
62.6809
62.6809
62.6809
62.6809
62.6809
62.6809
62.6809
62.6809
62.6809
62.6809
62.6809
62.6809
62.6809
62.6809
62.6809
62.6809
62.6809
62.6809
62.6809
62.6809
62.6809
62.6809
62.6809
62.6809
62.6809
62.6809
62.6809
62.6809
62.6809
62.6759
62.6809
62.6809
62.6809
62.6809
62.6809
62.6809
62.6809
62.6809
62.6809
62.6809
62.6809
62.6809
62.6809
62.6809
62.6809
62.6809
62.6809
62.6809
62.6809
62.6809
62.6809
62.6809
62.6809
62.6809
62.6809
62.6809
62.6809
62.6809
62.6809
62.6809
62.6809
62.6809
62.6809
62.6809
62.6809
62.6809
62.6809
62.6809
62.6809
62.6809
62.6809
62.6809
62.6809
62.6809
62.6809
62.6809
62.6809
62.6809
62.6809
62.6809
62.6809
62.6809
62.6809
62.6809
62.6809
62.6809
62.6809
62.6809
62.6759
62.671
62.671
62.671
62.6809
62.6809
62.6809
62.6809
62.6809
62.6809
62.6809
62.6809
62.6809
62.6809
62.6809
62.6809
62.6809
62.6809
62.6809
62.6809
62.6809
62.6809
62.6809
62.6809
62.6809
62.6809
62.6809
62.6809
62.6809
62.6809
62.6809
62.6809
62.6809
62.6809
62.6809
62.6809
62.6809
62.6809
62.6809
62.6809
62.6809
62.6809
62.6809
62.6809
62.6809
62.6809
62.6809
62.6809
62.6809
62.6809
62.6809
62.6809
62.6809
62.6809
62.6809
62.6809
62.6809
62.6809
62.6809
62.6809
62.6809
62.6809
62.6809
62.6809
62.6809
62.6809
62.6809
62.6809
62.6809
62.6809
62.6809
62.6809
62.6809
62.6809
62.6809
62.6809
62.6809
62.6809
62.6809
62.6809
62.6809
62.6809
62.6809
62.6809
62.6809
62.6809
62.6809
62.6809
62.6809
62.6809
62.6759
62.6809
62.6809
62.6809
62.6809
62.6809
62.6809
62.6809
62.6809
62.6809
62.6809
62.6809
62.6809
62.6809
62.6809
62.6809
62.6809
62.6809
62.6809
62.6809
62.6809
62.6809
62.6809
62.6809
62.6809
62.6809
62.6809
62.6809
62.6809
62.6809
62.6809
62.6809
62.6809
62.6809
62.6809
62.6809
62.6809
62.6809
62.6809
62.6809
62.6809
62.6809
62.6809
62.6809
62.6809
62.6809
62.6809
62.6809
62.6809
62.6809
62.6809
62.6809
62.6809
62.6809
62.6809
62.6809
62.6809
62.6809
62.6809
62.6809
62.6809
62.6809
62.6809
62.6809
62.6809
62.6809
62.6809
62.6809
62.6809
62.6809
62.6809
62.6809
62.6809
62.6809
62.6809
62.6809
62.6809
62.6809
62.6809
62.6809
62.6809
62.6809
62.6809
62.6809
62.6809
62.6809
62.6809
62.6809
62.6809
62.6809
62.6809
62.6809
62.6809
62.6809
62.6809
62.6809
62.6809
62.6809
62.6809
62.6809
62.6809
62.6809
62.6809
62.6809
62.6809
62.6809
62.6809
62.6809
62.6809
62.6809
62.6809
62.6809
62.6809
62.6809
62.6809
62.6809
62.6809
62.6809
62.6809
62.6809
62.6809
62.6809
62.6809
62.6809
62.6809
62.6809
62.6809
62.6809
62.6809
62.6809
62.6809
62.6809
62.6809
62.6809
62.6809
62.6809
62.6809
62.6809
62.6809
62.6809
62.6809
62.6809
62.6809
62.6809
62.6809
62.6809
62.6809
62.6809
62.6809
62.6809
62.6809
62.6809
62.6809
62.6809
62.6809
62.6809
62.6809
62.6809
62.6809
62.6809
62.6809
62.6809
62.6809
62.6809
62.6809
62.6809
62.6809
62.6809
62.6809
62.6809
62.6809
62.6809
62.6809
62.6809
62.6809
62.6809
62.6809
62.6809
62.6809
62.6809
62.6809
62.6809
62.6809
62.6809
62.6809
62.6809
62.6809
62.6809
62.6809
62.6809
62.6809
62.6809
62.6809
62.6809
62.6809
62.6809
62.6809
62.6809
62.6809
62.6809
62.6809
62.6809
62.6809
62.6809
62.6809
62.6809
62.6809
62.6809
62.6809
62.6809
62.6809
62.6809
62.6809
62.6809
62.6809
62.6809
62.6809
62.6809
62.6809
62.6809
62.6809
62.6809
62.6809
62.6809
62.6809
62.6809
62.6809
62.6809
62.6809
62.6809
62.6809
62.6809
62.6809
62.6809
62.6809
62.6809
62.6809
62.6809
62.6809
62.6809
62.6809
62.6809
62.6809
62.6809
62.6809
62.6809
62.6809
62.6809
62.6809
62.6809
62.6809
62.6809
62.6809
62.6809
62.6809
62.6809
62.6809
62.6809
62.6809
62.6809
62.6809
62.6809
62.6809
62.6809
62.6809
62.6809
62.6809
62.6809
62.6809
62.6809
62.6809
62.6809
62.6809
62.6809
62.6809
62.6809
62.6809
62.6809
62.6809
62.6809
62.6809
62.6809
62.6809
62.6809
62.6809
62.6809
62.6809
62.6809
62.6809
62.6809
62.6809
62.6809
62.6809
62.6809
62.6809
62.6809
62.6809
62.6809
62.6809
62.6809
62.6809
62.6809
62.6809
62.6809
62.6809
62.6809
62.6809
62.6809
62.6809
62.6809
62.6809
62.6809
62.6809
62.6809
62.6809
62.6809
62.6809
62.6809
62.6809
62.6809
62.6809
62.6809
62.6809
62.6759
62.6809
62.6809
62.6809
62.6809
62.6809
62.6809
62.6809
62.6809
62.6809
62.6809
62.6809
62.6809
62.6809
62.6809
62.6809
62.6809
62.6809
62.6809
62.6809
62.6809
62.6809
62.6809
62.6809
62.6809
62.6809
62.6809
62.6809
62.6809
62.6809
62.6809
62.6809
62.6809
62.6809
62.6809
62.6809
62.6809
62.6809
62.6809
62.6809
62.6809
62.6809
62.6809
62.6809
62.6809
62.6809
62.6809
62.6809
62.6809
62.6809
62.6809
62.6809
62.6809
62.6809
62.6809
62.6809
62.6809
62.6809
62.6809
62.6809
62.6809
62.6809
62.6809
62.6809
62.6809
62.6809
62.6809
62.6809
62.6809
62.6809
62.6809
62.6809
62.6809
62.6809
62.6809
62.6809
62.6809
62.6809
62.6809
62.6809
62.6809
62.6809
62.6809
62.6809
62.6809
62.6809
62.6809
62.6809
62.6809
62.6809
62.6809
62.6809
62.6809
62.6809
62.6809
62.6809
62.6809
62.6809
62.6809
62.6809
62.6809
62.6809
62.8643
62.6809
62.6809
62.6809
62.6809
62.6759
62.6759
62.6809
62.6809
62.6809
62.6809
62.6809
62.6809
62.6809
62.6809
62.6809
62.6809
62.6809
62.6809
62.6809
62.6809
62.6809
62.6809
62.6809
62.6809
62.6809
62.6809
62.6809
62.6809
62.6809
62.6809
62.6809
62.6809
62.6809
62.6809
62.6809
62.6809
62.6809
62.6809
62.6809
62.6809
62.6809
62.6809
62.6809
62.6809
62.6809
62.6809
62.6809
62.6809
62.6809
62.6809
62.6809
62.6809
62.6809
62.6809
62.6809
62.6809
62.6809
62.6809
62.6809
62.6809
62.6809
62.6809
62.6809
62.6809
62.6809
62.6809
62.6809
62.6809
62.6809
62.6809
62.6809
62.6809
62.6809
62.6809
62.6809
62.6809
62.6809
62.6809
62.6809
62.6809
62.6809
62.6809
62.6809
62.6809
62.6809
62.6809
62.6809
62.6809
62.6809
62.6809
62.6809
62.6809
62.6809
62.6809
62.6809
62.6809
62.6809
62.6809
62.6809
62.6809
62.6809
62.6809
62.6809
62.6809
62.6809
62.6809
62.6809
62.6809
62.6809
62.6809
62.6809
62.6809
62.6809
62.6809
62.6809
62.6809
62.6809
62.6809
62.6809
62.6809
62.6809
62.6809
62.6809
62.6809
62.6809
62.6809
62.6809
62.6809
62.6809
62.6809
62.6809
62.6809
62.6809
62.6809
62.6809
62.6809
62.6809
62.6809
62.6809
62.6809
62.6809
62.6809
62.6809
62.6809
62.6809
62.6809
62.6809
62.6809
62.6809
62.6809
62.6809
62.6809
62.6809
62.6809
62.6809
62.6809
62.6809
62.6809
62.6809
62.6809
62.6809
62.6809
62.6809
62.6809
62.6809
62.6809
62.6809
62.6809
62.6809
62.6809
62.6809
62.6809
62.6809
62.6809
62.6809
62.6809
62.6809
62.6809
62.6809
62.6809
62.6809
62.6809
62.6809
62.6809
62.6809
62.6809
62.6809
62.6809
62.6809
62.6759
62.6759
62.6809
62.6809
62.6759
62.666
62.6809
62.6809
62.6809
62.6809
62.6809
62.6809
62.6809
62.6809
62.6809
62.6809
62.6809
62.6809
62.6759
62.6759
62.666
62.6759
62.6809
62.6809
62.6809
62.6809
62.6809
62.6809
62.6809
62.6809
62.6809
62.6809
62.6809
62.6809
62.6809
62.6809
62.6809
62.6809
62.6809
62.6809
62.6809
62.6809
62.6809
62.6809
62.6809
62.6809
62.6809
62.6809
62.6809
62.6809
62.6809
62.6809
62.6809
62.6809
62.6809
62.6809
62.6809
62.6809
62.6809
62.6809
62.6809
62.6809
62.6809
62.6809
62.6809
62.6809
62.6809
62.6809
62.6809
62.6809
62.6809
62.6809
62.6809
62.6809
62.6809
62.6809
62.6809
62.6809
62.6809
62.6809
62.6809
62.6809
62.6809
62.6809
62.6809
62.6809
62.6809
62.6809
62.6809
62.6809
62.6809
62.6809
62.6809
62.6809
62.6809
62.6809
62.6809
62.6809
62.6809
62.6809
62.6809
62.6809
62.6809
62.6809
62.6809
62.6809
62.6809
62.6809
62.6809
62.6809
62.6809
62.6809
62.6809
62.6809
62.6809
62.6809
62.6809
62.6809
62.6809
62.6809
62.6809
62.6809
62.6809
62.6809
62.6809
62.6809
62.6809
62.6809
62.6809
62.6809
62.6809
62.6809
62.6809
62.6809
62.6809
62.6809
62.6809
62.6809
62.6809
62.6759
62.6809
62.6809
62.6809
62.6809
62.6809
62.6809
62.6809
62.6809
62.6809
62.6809
62.6809
62.6809
62.6809
62.6809
62.6809
62.6809
62.6809
62.6809
62.6809
62.6809
62.6809
62.6809
62.6809
62.6809
62.6809
62.6809
62.6809
62.6809
62.6809
62.6809
62.6809
62.6809
62.6759
62.6809
62.6809
62.6809
62.6809
62.6809
62.6809
62.6809
62.6809
62.6809
62.6809
62.6809
62.6809
62.6809
62.6809
62.6809
62.6759
62.6809
62.6809
62.6809
62.6809
62.6809
62.6809
62.6809
62.6809
62.6809
62.6809
62.6809
62.6809
62.6809
62.6809
62.6809
62.6809
62.6809
62.6809
62.6809
62.6809
62.6809
62.6809
62.6809
62.6809
62.6809
62.6809
62.6809
62.6809
62.6809
62.6809
62.6809
62.6809
62.6809
62.6809
62.6809
62.6809
62.6809
62.6809
62.6809
62.6809
62.6809
62.6809
62.6809
62.6809
62.6809
62.6809
62.6809
62.6809
62.6809
62.6809
62.6809
62.6809
62.6809
62.6809
62.6809
62.6809
62.6809
62.6809
62.6809
62.6809
62.6809
62.6809
62.6809
62.6809
62.6809
62.6809
62.6809
62.6809
62.6809
62.6809
62.6809
62.6809
62.6809
62.6809
62.6809
62.6809
62.6809
62.6809
62.6809
62.6809
62.6809
62.6809
62.6809
62.6809
62.6809
62.6809
62.6809
62.6809
62.6809
62.6809
62.6809
62.6809
62.6772
62.6809
62.6809
62.6809
62.6809
62.6809
62.6809
62.6809
62.6809
62.6809
62.6809
62.6809
62.6809
62.6809
62.6809
62.6809
62.6809
62.6809
62.6809
62.6809
62.6809
62.6809
62.6809
62.6809
62.6809
62.6809
62.6809
62.6809
62.6809
62.6809
62.6809
62.6809
62.6809
62.6809
62.6809
62.6809
62.6809
62.6809
62.6809
62.6809
62.6809
62.6809
62.6809
62.6809
62.6809
62.6809
62.6809
62.6809
62.6809
62.6809
62.6809
62.6809
62.6809
62.6809
62.6809
62.6809
62.6809
62.6809
62.6809
62.6809
62.6809
62.6809
62.6809
62.6809
62.6809
62.6809
62.6809
62.6809
62.6809
62.6809
62.6809
62.6809
62.6809
62.6809
62.6809
62.6809
62.6809
62.6809
62.6809
62.6809
62.6809
62.6809
62.6809
62.6809
62.6809
62.6809
62.6809
62.6809
62.6809
62.6809
62.6809
62.6809
62.6809
62.6809
62.6809
62.6809
62.6809
62.6809
62.6809
62.6809
62.6809
62.6809
62.6809
62.6809
62.6809
62.6809
62.6809
62.6809
62.6809
62.6809
62.6809
62.6809
62.6809
62.6809
62.6809
62.6809
62.6809
62.6809
62.6809
62.6809
62.6809
62.6809
62.6809
62.6809
62.6809
62.6809
62.6809
62.6809
62.6809
62.6809
62.6809
62.6809
62.6809
62.6809
62.6809
62.6809
62.6809
62.6809
62.6809
62.6809
62.6809
62.6809
62.6809
62.6809
62.6809
62.6809
62.6809
62.6809
62.6809
62.6809
62.6809
62.6809
62.6809
62.6809
62.6809
62.6809
62.6809
62.6809
62.6809
62.6809
62.6809
62.6809
62.6809
62.6809
62.6809
62.6809
62.6809
62.6809
62.6809
62.6809
62.6809
62.6809
62.6809
62.6809
62.6809
62.6809
62.6809
62.6809
62.6809
62.6809
62.6809
62.6809
62.6809
62.6809
62.6809
62.6809
62.6809
62.6809
62.6809
62.6809
62.6809
62.6809
62.6809
62.6809
62.6809
62.6809
62.6809
62.6809
62.6809
62.6809
62.6809
62.6809
62.6809
62.6809
62.6809
62.6809
62.6809
62.6809
62.6809
62.6809
62.6809
62.6809
62.6809
62.6809
62.6809
62.6809
62.6809
62.6809
62.6809
62.6809
62.6809
62.6809
62.6809
62.6809
62.6809
62.6809
62.6809
62.6809
62.6809
62.6809
62.6759
62.7293
62.6759
62.6809
62.6809
62.6809
62.6809
62.6809
62.6809
62.6809
62.6809
62.6809
62.6809
62.6809
62.6809
62.6809
62.6809
62.6809
62.6809
62.6809
62.6809
62.6809
62.6809
62.6809
62.6809
62.6797
62.675
62.6571
62.6249
62.6213
62.6213
62.6213
62.6213
62.6213
62.6213
62.6213
62.6213
62.6213
62.6213
62.6213
62.6213
62.6213
62.6213
62.6213
62.6213
62.6213
62.6213
62.6213
62.6213
62.6213
62.6213
62.6213
62.6213
62.6213
62.6213
62.6213
62.6213
62.6213
62.6213
62.6213
62.6213
62.6213
62.6213
62.6213
62.6213
62.6213
62.6213
62.6213
62.6213
62.6213
62.6213
62.6213
62.6213
62.6213
62.6213
62.6213
62.6213
62.6213
62.6213
62.6213
62.6213
62.6213
62.6213
62.6213
62.6213
62.6213
62.6213
62.6213
62.6213
62.6213
62.6213
62.6213
62.6213
62.6213
62.6213
62.6213
62.6213
62.6213
62.6213
62.6213
62.6213
62.6213
62.6213
62.6213
62.6213
62.6213
62.6213
62.6213
62.6213
62.6213
62.6163
62.6213
62.6213
62.6213
62.6213
62.6213
62.6213
62.6213
62.6213
62.6213
62.6213
62.6213
62.6213
62.6213
62.6213
62.6213
62.6213
62.6213
62.6213
62.6213
62.6213
62.6213
62.6213
62.6213
62.6213
62.6213
62.6213
62.6213
62.6213
62.6213
62.6213
62.6213
62.6213
62.6213
62.6213
62.6213
62.6213
62.6213
62.6213
62.6213
62.6213
62.6213
62.6213
62.6213
62.6213
62.6213
62.6213
62.6213
62.6213
62.6213
62.6213
62.6213
62.6213
62.6213
62.6213
62.6213
62.6213
62.6213
62.6213
62.6213
62.6213
62.6213
62.6213
62.6213
62.6213
62.6213
62.6213
62.6213
62.6213
62.6213
62.6213
62.6213
62.6213
62.6213
62.6213
62.6213
62.6213
62.6213
62.6213
62.6213
62.6213
62.6213
62.6213
62.6213
62.6213
62.6213
62.6213
62.6213
62.6213
62.6213
62.6213
62.6213
62.6213
62.6213
62.6213
62.6213
62.6213
62.6213
62.6213
62.6213
62.6213
62.6213
62.6213
62.6213
62.6213
62.6213
62.6213
62.6213
62.6213
62.6213
62.6213
62.6213
62.6213
62.6213
62.6213
62.6213
62.6213
62.6213
62.6213
62.6213
62.6213
62.6213
62.6213
62.6213
62.6213
62.6213
62.6213
62.6213
62.6213
62.6213
62.6213
62.6213
62.6213
62.6213
62.6213
62.6213
62.6213
62.6213
62.6213
62.6213
62.6213
62.6213
62.6213
62.6213
62.6213
62.6213
62.6213
62.6213
62.6213
62.6213
62.6213
62.6213
62.6213
62.6213
62.6213
62.6213
62.6213
62.6213
62.6213
62.6213
62.6213
62.6213
62.6213
62.6213
62.6213
62.6213
62.6213
62.6213
62.6213
62.6213
62.6213
62.6213
62.6213
62.6213
62.6213
62.6213
62.6213
62.6213
62.6213
62.6213
62.6213
62.6213
62.6213
62.6213
62.6213
62.6213
62.6213
62.6213
62.6213
62.6213
62.6213
62.6213
62.6213
62.6213
62.6213
62.6213
62.6213
62.6213
62.6213
62.6213
62.6213
62.6213
62.6213
62.6213
62.6213
62.6213
62.6213
62.6213
62.6213
62.6213
62.6213
62.6213
62.6213
62.6213
62.6213
62.6213
62.6213
62.6213
62.6213
62.6213
62.6213
62.6213
62.6213
62.6213
62.6213
62.6213
62.6213
62.6213
62.6213
62.6213
62.6213
62.6213
62.6213
62.6213
62.6213
62.6213
62.6213
62.6213
62.6213
62.6213
62.6213
62.6213
62.6213
62.6213
62.6213
62.6213
62.6213
62.6213
62.6213
62.6213
62.6213
62.6213
62.6213
62.6213
62.6213
62.6213
62.6213
62.6213
62.6213
62.6213
62.6213
62.6213
62.6213
62.6213
62.6213
62.6213
62.6213
62.6213
62.6213
62.6213
62.6213
62.6213
62.6213
62.6213
62.6213
62.6213
62.6213
62.6213
62.6213
62.6213
62.6213
62.6213
62.6213
62.6213
62.6213
62.6213
62.6213
62.6213
62.6213
62.6213
62.6213
62.6213
62.6213
62.6213
62.6213
62.6213
62.6213
62.6213
62.6213
62.6213
62.6213
62.6163
62.6163
62.6213
62.6213
62.6213
62.6163
62.6213
62.6213
62.6213
62.6213
62.6213
62.6213
62.6213
62.6213
62.6213
62.6213
62.6213
62.6213
62.6213
62.6213
62.6213
62.6213
62.6213
62.6213
62.6213
62.6213
62.6213
62.6213
62.6213
62.6213
62.6213
62.6213
62.6213
62.6213
62.6213
62.6213
62.6213
62.6193
62.6193
62.6213
62.6213
62.6213
62.6213
62.6213
62.6213
62.6213
62.6213
62.6213
62.6213
62.6213
62.6213
62.6213
62.6213
62.6213
62.6213
62.6213
62.6213
62.6213
62.6213
62.6213
62.6213
62.6213
62.6213
62.6213
62.6213
62.6213
62.6213
62.6213
62.6213
62.6213
62.6213
62.6213
62.6213
62.6213
62.6213
62.6213
62.6213
62.6213
62.6213
62.6213
62.6213
62.6213
62.6213
62.6213
62.6213
62.6213
62.6213
62.6213
62.6213
62.6213
62.6213
62.6213
62.6163
62.6163
62.6213
62.6213
62.6213
62.6213
62.6213
62.6213
62.6213
62.6213
62.6213
62.6213
62.6213
62.6213
62.6213
62.6213
62.6213
62.6213
62.6213
62.6213
62.6213
62.6213
62.6213
62.6213
62.6213
62.6213
62.6213
62.6213
62.6213
62.6213
62.6213
62.6213
62.6213
62.6213
62.6213
62.6213
62.6213
62.6213
62.6213
62.6213
62.6213
62.6213
62.6213
62.6213
62.6213
62.6213
62.6213
62.6213
62.6213
62.6213
62.6213
62.6213
62.6213
62.6213
62.6213
62.6213
62.6213
62.6213
62.6213
62.6213
62.6213
62.6213
62.6213
62.6213
62.6213
62.6213
62.6213
62.6213
62.6213
62.6213
62.6213
62.6213
62.6213
62.6213
62.6213
62.6213
62.6213
62.6213
62.6213
62.6213
62.6213
62.6213
62.6213
62.6213
62.6213
62.6213
62.6213
62.6213
62.6213
62.6213
62.6213
62.6213
62.6213
62.6213
62.6213
62.6213
62.6213
62.6213
62.6213
62.6213
62.6213
62.6213
62.6213
62.6213
62.6213
62.6213
62.6213
62.6213
62.6213
62.6213
62.6213
62.6213
62.6213
62.6213
62.6213
62.6213
62.6213
62.6213
62.6213
62.6213
62.6213
62.6213
62.6213
62.6213
62.6213
62.6213
62.6213
62.6213
62.6213
62.6213
62.6213
62.6213
62.6213
62.6213
62.6213
62.6213
62.6213
62.6213
62.6213
62.6213
62.6213
62.6213
62.6213
62.6213
62.6213
62.6213
62.6213
62.6213
62.6213
62.6213
62.6213
62.6213
62.6213
62.6213
62.6213
62.6213
62.6213
62.6213
62.6213
62.6213
62.6213
62.6213
62.6213
62.6213
62.6213
62.6213
62.6213
62.6213
62.6213
62.6213
62.6213
62.6213
62.6213
62.6213
62.6213
62.6213
62.6213
62.6213
62.6163
62.6163
62.6163
62.6213
62.6213
62.6213
62.6213
62.6213
62.6213
62.6213
62.6213
62.6213
62.6213
62.6213
62.6213
62.6213
62.6213
62.6213
62.6213
62.6213
62.6213
62.6213
62.6213
62.6213
62.6213
62.6213
62.6213
62.6213
62.6213
62.6213
62.6213
62.6213
62.6213
62.6163
62.6213
62.6213
62.6213
62.6213
62.6213
62.6213
62.6213
62.6213
62.6213
62.6213
62.6213
62.6213
62.6176
62.6139
62.5992
62.5586
62.4738
62.437
62.437
62.437
62.437
62.437
62.437
62.437
62.437
62.437
62.437
62.437
62.437
62.437
62.437
62.437
62.437
62.437
62.437
62.437
62.437
62.437
62.437
62.437
62.437
62.437
62.437
62.437
62.437
62.437
62.437
62.437
62.437
62.437
62.437
62.437
62.437
62.437
62.437
62.437
62.437
62.432
62.437
62.437
62.437
62.437
62.437
62.437
62.437
62.437
62.437
62.437
62.437
62.437
62.437
62.437
62.437
62.437
62.437
62.437
62.437
62.437
62.437
62.437
62.437
62.437
62.437
62.437
62.437
62.437
62.437
62.437
62.437
62.437
62.437
62.437
62.437
62.437
62.437
62.437
62.437
62.437
62.437
62.437
62.437
62.437
62.437
62.437
62.437
62.437
62.437
62.437
62.437
62.432
62.427
62.437
62.437
62.437
62.437
62.437
62.437
62.437
62.437
62.437
62.437
62.437
62.437
62.437
62.437
62.437
62.437
62.437
62.437
62.437
62.437
62.437
62.437
62.437
62.437
62.437
62.437
62.437
62.437
62.437
62.437
62.437
62.437
62.437
62.437
62.437
62.437
62.437
62.437
62.437
62.437
62.7138
62.437
62.437
62.437
62.437
62.437
62.437
62.437
62.437
62.437
62.437
62.437
62.437
62.437
62.437
62.437
62.437
62.437
62.437
62.437
62.437
62.437
62.437
62.437
62.437
62.432
62.437
62.437
62.437
62.437
62.437
62.437
62.437
62.437
62.437
62.437
62.437
62.437
62.437
62.437
62.437
62.437
62.437
62.437
62.437
62.437
62.437
62.437
62.437
62.437
62.437
62.437
62.437
62.437
62.437
62.437
62.437
62.437
62.437
62.437
62.437
62.437
62.437
62.437
62.437
62.437
62.437
62.437
62.437
62.437
62.437
62.437
62.437
62.437
62.437
62.437
62.437
62.437
62.437
62.437
62.437
62.437
62.437
62.437
62.437
62.437
62.437
62.437
62.437
62.437
62.437
62.437
62.437
62.437
62.437
62.437
62.437
62.437
62.437
62.437
62.437
62.437
62.437
62.437
62.437
62.437
62.437
62.437
62.437
62.437
62.437
62.437
62.437
62.437
62.437
62.437
62.432
62.432
62.437
62.437
62.437
62.437
62.437
62.437
62.437
62.437
62.437
62.432
62.422
62.4171
62.3773
70.0965
70.5584
65.3461
69.0076
65.0305
62.2281
62.1883
62.1883
62.1883
62.1883
62.1883
62.1883
62.1883
62.1883
62.1883
62.1883
62.1883
62.1883
62.1883
62.1883
62.1883
62.1883
62.1883
62.1883
62.1883
62.1883
62.1883
62.1883
62.1883
62.1883
62.1883
62.1883
62.1883
62.1883
62.1883
62.1883
62.1883
62.1883
62.1883
62.1883
62.1883
62.1883
62.1883
62.1883
62.1865
62.1846
62.1846
62.1883
62.1883
62.1883
62.1883
62.1883
62.1883
62.1883
62.1883
62.1883
62.1883
62.1883
62.1883
62.1883
62.1883
62.1883
62.1883
62.1883
62.1883
62.1883
62.1883
62.1883
62.1883
62.1883
62.1883
62.1883
62.1883
62.1883
62.1883
62.1861
62.1838
62.1792
62.2244
62.1861
62.1883
62.1883
62.1883
62.1861
62.1883
62.1883
62.1883
62.1883
62.1883
62.1883
62.1883
62.1883
62.1883
62.1883
62.1883
62.1883
62.1883
62.1883
62.1883
62.1883
62.1883
62.1883
62.1883
62.1883
62.1883
62.1883
62.1883
62.1883
62.1883
62.1883
62.1883
62.1883
62.1883
62.1883
62.1883
62.1883
62.1883
62.1883
62.1883
62.1883
62.1883
62.1883
62.1883
62.1883
62.1883
62.1883
62.1883
62.1883
62.1883
62.1883
62.1883
62.1883
62.1883
62.1883
62.1883
62.1883
62.1883
62.1883
62.1883
62.1883
62.1883
62.1883
62.1883
62.1883
62.1883
62.1883
62.1883
62.1883
62.1883
62.1883
62.1883
62.1883
62.1883
62.1883
62.1883
62.1883
62.1883
62.1883
62.1861
62.1883
62.1883
62.1883
62.1883
62.1883
62.1883
62.1883
62.1883
62.1883
62.1883
62.1883
62.1883
62.1883
62.1883
62.1861
62.1883
62.1883
62.1883
62.1883
62.1883
62.1883
62.1883
62.1883
62.1883
62.1883
62.1883
62.1883
62.1883
62.1883
62.1883
62.1883
62.1883
62.1883
62.1883
62.1883
62.1883
62.1883
62.1883
62.1883
62.1883
62.1883
62.1883
62.1883
62.1883
62.1883
62.1883
62.1883
62.1883
62.1883
62.1883
62.1883
62.1883
62.1883
62.1883
62.1883
62.1883
62.1883
62.1883
62.1883
62.1883
62.1883
62.1883
62.1883
62.1883
62.1883
62.1883
62.1883
62.1883
62.1883
62.1883
62.1883
62.1883
62.1883
62.1883
62.1883
62.1883
62.1883
62.1883
62.1883
62.1883
62.1883
62.1883
62.1883
62.1883
62.1883
62.1883
62.5299
62.1883
62.1883
62.1883
62.1883
62.1883
62.1883
62.1883
62.1883
62.1883
62.1883
62.1883
62.1883
62.1883
62.1883
62.1883
62.1883
62.1883
62.1883
62.1883
62.1883
62.1883
62.1883
62.1883
62.1883
62.1883
62.1883
62.1883
62.153
62.1177
62.1177
62.1177
62.153
62.1883
62.1883
62.1883
62.1883
62.1883
62.1883
62.1883
62.1883
62.1883
62.1883
62.1883
62.1883
62.1883
62.1883
62.1883
62.1883
62.1883
62.1883
62.1883
62.1883
62.1883
62.1883
62.1883
62.1883
62.1883
62.1883
62.1883
62.1883
62.1883
62.1883
62.1883
62.1883
62.1883
62.1883
62.1883
62.1177
62.153
62.153
62.1883
62.1883
62.1883
62.1883
62.1883
62.1883
62.1883
62.1883
62.1883
62.1883
62.1883
62.1883
62.1883
62.1883
62.1883
62.1883
62.1883
62.1883
62.1883
62.1883
67.1509
66.8146
63.8125
62.1883
62.1883
62.1883
62.1883
62.1883
62.1883
62.1883
62.1883
62.1883
62.1883
62.1883
62.1883
62.1883
62.1883
62.1883
62.1883
62.1883
62.1883
62.1883
62.1883
62.1883
62.1883
62.1883
62.1883
62.1883
62.1883
62.1883
62.1883
62.1883
62.1883
62.1883
62.1883
62.1883
62.1883
62.1883
62.1883
62.1883
62.1883
62.1883
62.1883
62.1883
62.1883
62.1883
62.1883
62.1883
62.1883
62.1883
62.1883
62.1883
62.1883
62.1883
62.1883
62.1883
62.1883
62.1883
62.1883
62.1883
62.1883
62.1883
62.1883
62.1883
62.1883
62.1883
62.1883
62.1883
62.1883
62.1883
62.1883
62.1883
62.1883
62.1883
62.1883
62.1883
62.1883
62.1883
62.1883
62.1883
62.1883
62.1883
62.1883
62.1883
62.1883
62.1883
62.1883
62.1883
62.1883
62.1883
62.1883
62.1883
62.1883
62.1883
62.1883
62.1883
62.1883
62.1474
62.1883
62.1883
62.1883
62.1883
62.1883
62.1883
62.1883
62.1883
62.1883
62.1883
62.1883
62.1861
62.1838
62.1792
62.1792
62.1883
62.1883
62.1883
62.1883
62.1883
62.1883
62.1883
62.1883
62.1883
62.1883
62.1883
62.1883
62.1883
62.1883
62.1883
62.1883
62.1883
62.1883
62.1883
62.1861
62.1815
62.1815
62.1838
62.1838
62.1883
62.1883
62.1883
62.1883
62.1883
62.1883
62.1883
62.1883
62.1883
62.1883
62.1883
62.1883
62.1883
62.1883
62.1883
62.1883
62.1883
62.1883
62.1883
62.1883
62.1883
62.1883
62.1883
62.1883
62.1883
62.1883
62.1883
62.1883
62.1883
62.1883
62.1883
62.1883
62.1883
62.1883
62.1883
62.1883
62.1883
62.1883
62.1883
62.1883
62.5733
62.1474
62.1883
62.1883
62.1883
62.1883
62.1883
62.1883
62.1883
62.1883
62.1883
62.1883
62.1883
62.1883
62.1883
62.1883
62.1883
62.1883
62.1883
62.1883
62.1883
62.1883
62.1883
62.1883
62.1865
62.1883
62.1883
62.1883
62.1883
62.1883
62.1883
62.1883
62.1883
62.1883
62.1861
62.1861
62.1883
62.1883
62.1883
62.1883
62.1883
62.1883
62.1883
62.1883
62.1883
62.1883
62.1865
62.1846
62.2214
62.1883
62.1883
62.1883
62.1883
62.1883
62.1883
62.1883
62.1883
62.1883
62.1883
62.1883
62.1883
62.1883
62.1883
62.1883
62.1883
62.1883
62.1883
62.1883
62.1883
62.1883
62.1883
62.1883
62.1883
62.1883
62.1883
62.1883
62.1883
62.1883
62.1883
62.1883
62.1474
62.1065
62.1474
62.1065
62.172
62.1556
62.172
62.172
62.1883
62.1883
62.1883
62.1883
62.1883
62.1883
62.1883
62.1883
62.1883
62.1883
62.1883
62.1883
62.1883
62.1883
62.1883
62.1883
62.1883
62.1883
62.1883
62.1883
62.1883
62.1883
62.1883
62.1883
62.1883
62.1883
62.1883
62.1883
62.1883
62.1883
62.1883
62.1883
62.1065
62.1883
62.1883
62.1883
62.1883
62.1883
62.1883
62.1883
62.1883
62.1883
62.1883
62.1883
62.1883
62.1883
62.1883
62.1883
62.1883
62.1883
62.1883
62.1883
62.1883
62.1883
62.1883
62.1883
62.1883
62.1883
62.1883
62.1883
62.1883
62.1883
62.1883
62.1883
62.1883
62.1883
62.1883
62.1883
62.1883
62.1883
62.1883
62.1883
62.172
62.1556
62.1883
62.1883
62.1883
62.1883
62.1883
62.1883
62.1883
62.1883
62.1883
62.1883
62.1883
62.1883
62.1883
62.1883
62.1883
62.1883
62.1861
62.1883
62.1883
62.1883
62.1883
62.1883
62.1883
62.1883
62.1883
62.1883
62.1883
62.1883
62.1883
62.1883
62.1883
62.1883
62.1883
62.1883
62.1883
62.1883
62.1883
62.1883
62.1474
62.1883
62.1883
62.1883
62.1883
62.1883
62.1883
62.1883
62.1883
62.1883
62.1883
62.1883
62.1883
62.1883
62.1883
62.1883
62.1883
62.1883
62.1883
62.1883
62.1883
62.1883
62.1883
62.1883
62.1883
62.1883
62.1883
62.1883
62.1883
62.1883
62.1883
62.1883
62.1883
62.1883
62.1883
62.1883
62.1883
62.1883
62.1883
62.1883
62.1883
62.1883
62.1883
62.1883
62.1883
62.1883
62.1883
62.1883
62.1883
62.1883
62.1883
62.1883
62.1883
62.1883
62.1883
62.1883
62.1883
62.1883
62.1883
62.1883
62.1883
62.1883
62.1883
62.1883
62.1883
62.1861
62.1838
62.1861
62.1861
62.1883
62.1883
62.1883
62.1883
62.1883
62.1883
62.1883
62.1883
62.1883
62.1883
62.1883
62.1883
62.1883
62.1883
62.1883
62.1883
62.1883
62.1883
62.1883
62.1883
62.1883
62.1883
62.1883
62.1883
62.1883
62.1883
62.1883
62.1883
62.1883
62.1883
62.1883
62.1883
62.1883
62.1883
62.1883
62.1883
62.1883
62.1883
62.1883
62.1883
62.1883
62.1883
62.1883
62.1883
62.1883
62.1883
62.1883
62.1883
62.1883
62.1883
62.1883
62.1474
62.1065
62.5877
62.1065
61.9837
62.2458
62.1883
62.1883
62.1883
62.1883
62.1883
62.1883
62.1883
62.1883
62.1883
62.1883
62.1883
62.1883
62.1883
62.1883
62.1883
62.1883
62.1883
62.1883
62.1883
62.1883
62.1883
62.1883
62.1883
62.1883
62.1883
62.1883
62.1883
62.1883
62.1883
62.1883
62.1883
62.1883
62.1883
62.1883
62.1883
62.1883
62.1883
62.1883
62.1883
62.1883
62.1883
62.1883
62.1883
62.1883
62.1883
62.1883
62.1883
62.1883
62.1883
62.1883
62.1883
62.1883
62.1883
62.1883
62.1883
62.1883
62.1883
62.1883
62.1883
62.1883
62.1883
62.1883
62.1883
62.1883
62.1883
62.1883
62.1883
62.1883
62.1861
62.1861
62.1838
62.1838
62.2202
62.1838
62.1065
62.1065
62.1883
62.1883
62.1883
62.1883
62.1883
62.1883
62.1883
62.1883
62.1883
62.1883
62.1883
62.1883
62.1883
62.1883
62.1883
62.1883
62.1883
62.1883
62.1883
62.1883
62.1883
62.1883
62.1883
62.1883
62.1883
62.1883
62.1883
62.1883
62.1883
62.1883
62.1883
62.1883
62.1883
62.1883
62.1883
62.1883
62.1883
62.1883
62.1474
62.1883
62.1883
62.1883
62.1883
62.1883
62.1883
62.1883
62.1883
62.1883
62.1883
62.1883
62.1883
62.1883
62.1883
62.1883
62.1883
62.1883
62.1883
62.1883
62.1883
62.1883
62.1861
62.1883
62.1883
62.1883
62.1883
62.1883
62.1883
62.1883
62.1883
62.1883
62.1883
62.1883
62.1883
62.1861
62.1838
62.1883
62.1883
62.1883
62.1883
62.1883
62.1883
62.1883
62.1883
62.1883
62.1883
62.1883
62.1883
62.1883
62.1883
62.1883
62.1883
62.1883
62.1883
62.1883
62.1883
62.1883
62.1883
62.1883
62.1883
62.1883
62.1883
62.1883
62.1883
62.1883
62.1883
62.1883
62.1883
62.1883
62.1883
62.1883
62.1883
62.1883
62.1883
62.1883
62.1883
62.1883
62.1883
62.1883
62.1883
62.1883
62.1883
62.1883
62.1883
62.1883
62.1883
62.1883
62.1883
62.1883
62.1883
62.1883
62.1883
62.1883
62.1883
62.1883
62.1883
62.1883
62.1883
62.1883
62.1883
62.1883
62.1883
62.1883
62.1883
62.1883
62.1883
62.1883
62.1883
62.1883
62.1883
62.1883
62.1883
62.1883
62.1883
62.1883
62.1883
62.1883
62.1883
62.1883
62.1474
62.1883
62.1883
62.1883
62.1883
62.1883
62.1883
62.1883
62.1883
62.1883
62.1883
62.1883
62.1883
62.1883
62.1883
62.1883
62.1883
62.1883
62.1883
62.1883
62.1883
62.1883
62.1883
62.1883
62.1883
62.1883
62.1883
62.1883
62.1883
62.1883
62.1883
62.1883
62.1883
62.1883
62.1883
62.1883
62.1883
62.1883
62.1883
62.1883
62.1065
62.1883
62.1883
62.1883
62.1883
62.1883
62.1883
62.1883
62.1883
62.1883
62.1883
62.1883
62.1883
62.1883
62.1883
62.1883
62.1883
62.1883
62.1883
62.1883
62.1883
62.1883
62.1883
62.1883
62.1883
62.1883
62.1861
62.1861
62.1792
62.1838
62.1883
62.1883
62.1883
62.1883
62.1883
62.1883
62.1883
62.1883
62.1883
62.1883
62.1065
62.1065
62.1474
62.1474
62.0655
61.9837
62.0655
62.1883
62.1883
62.1883
62.1883
62.1883
62.1883
62.1883
62.1883
62.1883
62.1883
62.1883
62.1883
62.1883
62.1883
62.1883
62.1883
62.1883
62.1883
62.1883
62.1883
62.1883
62.1883
62.1883
62.1883
62.1883
62.1883
62.1883
62.1883
62.1883
62.1883
62.1883
62.1883
62.1883
62.1883
62.1883
62.1883
62.1883
62.1883
62.1883
62.1883
62.1883
62.1883
62.1861
62.1883
62.1883
62.1883
62.1883
62.1883
62.1883
62.1883
62.1883
62.1883
62.1883
62.1883
62.1883
62.1883
62.1883
62.1883
62.1883
62.1883
62.1883
62.1883
62.1883
62.1883
62.1883
62.1883
62.1883
62.1883
62.1883
62.1883
62.1883
62.1883
62.1883
62.1883
62.1883
62.1883
62.1883
62.1883
62.1883
62.1861
62.1883
62.1883
62.1883
62.1883
62.1883
62.1883
62.1883
62.1883
62.1883
62.1883
62.1883
62.1883
62.1883
62.1883
62.1883
62.1883
62.1883
62.1883
62.1883
62.1883
62.1883
62.1883
62.1883
62.1883
62.1883
62.1883
62.1883
62.1883
62.1883
62.1883
62.1883
62.1883
62.1883
62.1065
62.1065
62.1883
62.1883
62.1883
62.1883
62.1883
62.1883
62.1883
62.1883
62.1883
62.1883
62.1883
62.1883
62.1883
62.1883
62.1883
62.1883
62.1883
62.1883
62.1883
62.1883
62.1883
62.1883
62.1883
62.1883
62.1883
62.1883
62.1883
62.1883
62.1883
62.1883
62.1861
62.1883
62.1883
62.1883
62.1883
62.1883
62.1883
62.1883
62.1883
62.1883
62.1883
62.1883
62.1883
62.1883
62.1883
62.1883
62.1883
62.1883
62.1883
62.1883
62.1883
62.1883
62.1883
62.1883
62.1883
62.1883
62.1883
62.1883
62.1883
62.1883
62.1883
62.1883
62.1883
62.1883
62.1861
62.1861
62.1883
62.1883
62.1883
62.1883
62.1883
62.1883
62.1883
62.1883
62.1883
62.1883
62.1883
62.1883
62.1883
62.1883
62.1883
62.1883
62.1883
62.1883
62.1883
62.1883
62.1883
62.1883
62.1883
62.1883
62.1883
62.1883
62.1883
62.1883
62.1883
62.1883
62.1883
62.1883
62.1883
62.1883
62.1883
62.1883
62.1883
62.1883
62.1883
62.1883
62.1883
62.1883
62.1883
62.1883
62.1883
62.1883
62.1883
62.1883
62.1883
62.1883
62.1883
62.1883
62.1883
62.1883
62.1883
62.1883
62.1883
62.1883
62.1883
62.1883
62.1883
62.1883
62.1883
62.1883
62.1883
62.1883
62.1883
62.1883
62.1883
62.1883
62.1883
62.1883
62.1883
62.1883
62.1883
62.1883
62.1883
62.1883
62.1883
62.1883
62.1883
62.1883
62.1883
62.1883
62.1883
62.1883
62.1883
62.1883
62.1883
62.1883
62.1883
62.1883
62.1474
62.1065
62.1474
62.1883
62.1883
62.1883
62.1883
62.1883
62.1883
62.1883
62.1883
62.1883
62.1883
62.1883
62.1883
62.1883
62.1883
62.1883
62.1883
62.1883
62.1883
62.1883
62.1883
62.1883
62.1883
62.1883
62.1883
62.1883
62.1883
62.1883
62.1883
62.1883
62.1883
62.1883
62.1883
62.1883
62.1883
62.1883
62.1883
62.1883
62.1883
62.1883
62.1883
62.1883
62.1883
62.1883
62.1883
62.1883
62.1883
62.1883
62.1883
62.1883
62.1883
62.1883
62.1883
62.1883
62.1883
62.1883
62.1883
62.1883
62.1883
62.1883
62.1883
62.1883
62.1883
62.1883
62.1883
62.1883
62.1883
62.1883
62.1883
62.1883
62.1883
62.1883
62.1883
62.1883
62.1883
62.1883
62.1883
62.1883
62.1883
62.1883
62.1883
62.1883
62.1883
62.1883
62.1883
62.1883
62.1883
62.1883
62.1883
62.1883
62.1883
62.1883
62.1883
62.1883
62.1883
62.1883
62.1883
62.1883
62.1883
62.1883
62.1883
62.1883
62.1883
62.1883
62.1883
62.1883
62.1883
62.1883
62.1883
62.1883
62.1883
62.1883
62.1883
62.1883
62.1883
62.1883
62.1883
62.1883
62.1883
62.1883
62.1883
62.1883
62.1883
62.1883
62.1883
62.1861
62.1861
62.1883
62.1861
62.1883
62.1883
62.1883
62.1883
62.1883
62.1883
62.1883
62.1883
62.1883
62.1883
62.1883
62.1883
62.1883
62.1883
62.1861
62.1861
62.1861
62.1883
62.1883
62.1883
62.1883
62.1883
62.1883
62.1883
62.1883
62.1883
62.1883
62.1883
62.1883
62.1883
62.1883
62.1883
62.1861
62.1815
62.1958
62.1883
62.1883
62.1883
62.1883
62.1883
62.1883
62.1883
62.1883
62.1883
62.1883
62.1883
62.1883
62.1883
62.1883
62.1883
62.1883
62.1883
62.1883
62.1883
62.1883
62.1883
62.1883
62.1883
62.1883
62.1883
62.1883
62.1883
62.1883
62.1883
62.1883
62.1883
62.1883
62.1883
62.1883
62.1883
62.1883
62.1883
62.1883
62.1883
62.1883
62.1883
62.1883
62.1883
62.1883
62.1883
62.1883
62.1883
62.1883
62.1883
62.1883
62.1883
62.1883
62.1883
62.1883
62.1883
62.1883
62.1883
62.1883
62.1883
62.1883
62.1883
62.1883
62.1883
62.1883
62.1883
62.1883
62.1883
62.1883
62.1883
62.1883
62.1883
62.1883
62.1883
62.1883
62.0246
62.9382
62.1075
62.1883
62.1883
62.1883
62.1883
62.1883
62.1883
62.1883
62.1883
62.1883
62.1883
62.1883
62.1883
62.1883
62.1883
62.1883
62.1883
62.1883
62.1883
62.1883
62.1883
62.1883
62.1883
62.1883
62.1883
62.1883
62.1883
62.1883
62.1883
62.1883
62.1883
62.1883
62.1883
62.1883
62.1883
62.1883
62.1883
62.1883
62.1883
62.1883
62.1883
62.1883
62.1883
62.1883
62.1883
62.1883
62.1883
62.1883
62.1883
62.1883
62.1883
62.1883
62.1883
62.1883
62.1883
62.1883
62.1883
62.1883
62.1883
62.1883
62.1883
62.1883
62.1883
62.1883
62.1883
62.1883
62.1883
62.1883
62.1883
62.1883
62.1883
62.1883
62.1883
62.1883
62.1883
62.1883
62.1883
62.1883
62.1883
62.1861
62.1838
62.1883
62.1883
62.1883
62.1883
62.1883
62.1883
62.1883
62.1883
62.1883
62.1861
62.1861
62.1861
62.1883
62.1883
62.1883
62.1883
62.1883
62.1883
62.1883
62.1883
62.1883
62.1883
62.1883
62.1883
62.1883
62.1883
62.1883
62.1883
62.1883
62.1883
62.1883
62.1883
62.1883
62.1883
62.1883
62.1883
62.1883
62.1474
62.1883
62.1883
62.1883
62.1883
62.1883
62.1883
62.1883
62.1883
62.1883
62.1883
62.1883
62.1883
62.1883
62.1883
62.1883
62.1883
62.1883
62.1883
62.1883
62.1861
62.1883
62.1883
62.1883
62.1883
62.1883
62.1883
62.1883
62.1883
62.1883
62.1883
62.1883
62.1883
62.1883
62.1883
62.1883
62.1883
62.1883
62.1883
62.1883
62.1474
62.1883
62.1883
62.1883
62.1883
62.1883
62.1883
62.1883
62.1883
62.1883
62.1883
62.1883
62.1883
62.1883
62.1883
62.1883
62.1883
62.1883
62.1883
62.1883
62.1883
62.1883
62.1883
62.1883
62.1883
62.1883
62.1883
62.1883
62.1883
62.1883
62.1883
62.1883
62.1883
62.1883
62.1883
62.1883
62.1883
62.1883
62.1883
62.1883
62.1883
62.1883
62.1883
62.1883
62.1883
62.1883
62.1883
62.1883
62.1883
62.1883
62.1883
62.1883
62.1883
62.1883
62.1883
62.1883
62.1883
62.1883
62.1883
62.1883
62.1883
62.1883
62.1883
62.1883
62.1883
62.1883
62.1883
62.1883
62.1883
62.1883
62.1883
62.1883
62.1883
62.1883
62.1883
62.1883
62.1883
62.1883
62.1883
62.1883
62.1883
62.1883
62.1883
62.1883
62.1883
62.1883
62.1861
62.1815
62.1792
62.177
62.1701
62.1496
62.9088
62.0746
62.0746
62.0746
62.0746
62.0746
62.0746
62.0746
62.0746
62.0746
62.0746
62.0746
62.0746
62.0746
62.0746
62.0746
62.0746
62.0746
62.0746
62.0746
62.0746
62.0746
62.0746
62.0746
62.0746
62.0746
62.0746
62.0746
61.9199
61.9199
61.8818
64.9593
61.8813
64.2099
62.0746
62.0746
62.0746
62.0746
62.0746
62.0746
62.0746
62.0746
62.0746
62.0746
62.0746
62.0746
62.0746
62.0746
62.0746
62.0746
62.0746
62.0746
62.0746
62.0746
62.0746
62.0746
62.0746
62.0746
62.0746
62.0746
62.0746
62.0746
62.0746
62.0746
62.0746
62.0746
62.0746
62.0746
64.5101
62.0323
62.0701
62.3192
62.0746
62.0746
62.0746
62.0746
62.0746
62.0746
62.0746
62.0746
62.0746
62.0746
62.0746
62.0746
62.0746
62.0746
62.0746
62.0746
62.0746
62.0746
62.0746
62.0746
62.0746
62.0746
62.0746
62.0746
62.0746
62.0746
62.0746
62.0746
62.0746
62.0746
62.0746
62.0746
62.0771
62.0746
62.0746
62.0746
62.0746
62.0746
62.0746
62.0746
62.0746
62.0746
62.0746
62.0746
62.0746
62.0746
62.0746
62.0746
62.0746
62.0746
62.0746
62.0746
62.0746
62.0746
62.0746
62.0746
62.0746
62.0746
62.0746
62.0746
62.0746
62.0746
62.0746
62.0746
62.0746
62.0746
62.0746
62.0746
62.0746
62.0746
62.0746
62.0746
62.0746
62.0746
62.0746
62.0746
62.0309
62.0746
62.0746
62.0746
62.0746
62.0746
62.0746
62.0746
62.0746
62.0746
62.0746
62.0746
62.0746
62.0746
62.0746
62.0746
62.0746
62.0746
62.0746
62.0746
62.0746
62.0746
62.0746
62.0746
62.0746
62.0746
62.0746
62.0746
62.0746
62.0746
62.0746
62.0746
62.0746
62.0746
62.0746
62.0746
62.1222
62.0746
62.0746
62.0746
62.0746
62.0746
62.0746
62.0746
62.0746
62.0746
62.0746
62.2088
62.0746
62.0746
62.0746
62.0746
62.0746
62.0746
62.0746
62.0746
62.0746
62.0746
62.0746
62.0746
62.0746
62.0746
62.0746
62.0746
62.0746
62.0746
62.0746
62.0746
62.0746
62.0746
62.0746
62.0746
62.0746
62.0746
62.0746
62.0746
62.0892
62.0746
62.0746
62.0746
62.0199
61.9466
61.9242
61.6171
61.6393
61.6393
61.6393
61.6393
61.6393
61.6393
61.6393
61.6393
61.6393
61.6393
61.6393
61.6393
61.6393
61.6393
61.6393
61.6393
61.6393
61.6393
61.6393
61.6393
61.6393
61.6393
61.6393
61.6393
61.6393
61.6393
61.6393
61.6393
61.6393
61.6393
61.6393
61.6393
61.6393
61.6393
61.6393
61.6393
62.6953
61.6393
61.6393
61.6393
61.6393
61.6393
61.6393
61.6393
61.6393
61.6393
61.6393
61.6393
61.6393
61.6393
61.6393
61.6393
61.6393
61.6393
61.6393
61.6393
61.6393
61.6393
61.6393
61.6393
61.6393
61.6393
61.6393
61.6393
61.6393
61.6393
61.6393
61.6393
61.6393
61.6393
61.6393
61.6393
61.6393
61.6393
61.6393
61.6393
61.6393
61.6393
61.6393
61.6393
61.6393
61.6393
61.6393
61.6393
61.6393
61.6393
61.6393
61.6393
61.6393
61.6393
61.6393
61.6393
61.6393
61.6393
61.6393
61.6393
61.6393
61.6393
61.6393
61.6393
61.6448
63.6939
61.6393
61.6393
61.6393
61.6393
61.6393
61.6393
61.6393
61.6393
61.6393
61.6393
61.6393
61.6393
61.6393
61.6393
61.6393
61.6393
61.6393
61.6393
61.6393
61.6393
61.6393
61.6393
61.6393
61.6393
61.6393
61.6393
61.6393
61.6393
61.6393
61.6393
61.6393
61.6393
61.6393
61.6393
61.6393
61.6393
61.6393
61.6393
61.6393
61.6393
61.6393
61.6393
61.6393
61.6393
61.6393
61.6393
61.6393
61.6393
61.6393
61.6393
61.6393
61.6393
61.6393
61.6393
61.6021
61.6021
61.6393
61.6393
61.6393
61.6393
61.6393
61.6393
61.6393
61.6393
61.6393
61.6393
61.6393
61.6393
61.6393
61.6393
61.6393
61.6393
61.6393
61.6393
61.6393
61.6393
61.6393
61.6393
61.6393
61.6393
61.6393
61.6393
61.6393
61.6393
61.6393
61.6393
61.6393
61.6393
61.6393
61.6393
61.6393
61.6393
61.6393
61.6393
61.6393
61.6393
61.6393
61.6393
61.6393
61.6393
61.6393
61.6393
61.6393
61.6393
61.6393
61.6393
61.6393
61.6393
61.6393
61.6393
61.6393
61.6393
61.6393
61.6393
61.6393
61.6393
61.6393
61.6393
61.6393
61.6393
61.6393
61.6393
61.6393
61.6393
61.6393
61.6393
61.6393
61.6393
61.6393
61.6393
61.6393
61.6393
61.6393
61.6393
61.5121
61.5382
61.5442
61.4461
61.8561
61.432
61.0404
60.9027
60.8603
60.8603
60.8603
60.8603
60.8603
60.8603
60.8603
60.8603
60.8603
60.8603
60.8603
60.8603
60.8603
60.8603
60.8603
60.8603
60.8603
60.8603
60.8603
60.8603
60.8603
60.8603
60.8603
60.8603
60.8603
60.8603
60.8603
60.8603
60.8603
60.8603
60.8603
60.8603
60.8603
60.8603
60.8603
60.8603
60.8603
60.8603
60.8603
60.8603
60.8603
60.8603
60.8603
60.8603
60.8603
60.8603
60.8603
60.8603
60.8603
60.8603
60.8603
60.8603
60.8603
60.8603
60.8603
60.8603
60.8603
60.8603
60.8603
60.8603
60.8603
60.8603
60.8603
60.8603
60.8603
60.8603
60.8603
60.8603
60.8603
60.8603
60.8603
60.8603
60.8603
60.8603
60.8603
60.8603
60.8603
60.8603
60.8603
60.8603
60.8603
60.8603
60.8603
60.8603
60.8603
60.8603
60.8603
60.8603
60.8603
60.8603
60.8603
60.8603
60.8603
60.8603
60.8603
60.8603
60.8603
60.8603
60.8603
60.8603
60.8603
60.8603
60.8603
60.8603
60.8603
60.8603
60.8603
60.8603
60.8603
60.8603
60.8603
60.8603
60.7738
60.7306
60.4712
60.1685
59.7793
59.7793
59.7793
59.7793
59.7793
59.7793
59.7793
59.7793
59.7793
59.7793
59.7793
59.7793
59.7793
59.7793
59.7793
59.7793
59.7793
59.7793
59.7793
59.7793
59.7793
59.7793
59.7793
59.7793
59.7793
59.7793
59.7793
59.7793
59.7793
59.7793
59.7793
59.7793
59.7793
59.7793
59.7793
59.7793
59.7793
59.7793
59.7793
59.7793
59.7793
59.7793
59.7793
59.7793
59.7793
59.7793
59.7793
59.7793
59.7793
59.7793
59.7793
61.1504
59.7793
59.7793
59.7793
59.7793
59.7793
59.7793
59.7793
59.7793
59.7793
59.7793
59.7793
59.7793
59.7793
59.7793
59.7793
59.7793
59.7793
59.7793
59.7793
59.7793
59.7793
59.7793
59.7793
59.7793
59.7793
59.7793
59.7793
59.7793
59.7793
59.7793
59.7793
59.7793
59.7793
59.7793
59.7793
59.7793
59.7793
59.7793
59.7793
59.7793
59.7793
59.7793
59.7793
59.7793
59.7793
59.7793
59.7793
59.7793
59.7793
59.7793
59.7793
59.7793
59.7793
59.7793
59.7793
59.7793
59.7793
59.7793
59.7793
59.7793
59.7793
59.7793
59.7793
59.7793
59.7793
59.7793
59.7793
59.7793
59.7793
59.7793
59.7793
59.7793
59.7793
60.0393
59.7793
59.7793
59.7793
59.7793
59.7793
59.7793
59.7793
59.7793
59.7793
59.7793
59.7793
59.7793
59.7793
59.7793
59.7793
59.7793
59.7793
59.7793
59.7793
59.7793
59.7793
59.7793
59.7793
59.7793
59.7793
59.7793
59.7793
59.7793
59.7793
59.7793
59.7793
59.7793
59.7793
59.7793
59.7793
59.7793
59.7793
59.7793
59.7793
59.7793
59.7793
59.7793
59.7793
59.7793
59.7793
59.7793
59.7793
59.7793
59.7793
59.7793
59.7793
59.7793
59.7793
59.7793
59.7793
59.7793
59.7793
59.7793
59.7793
59.7793
59.7793
59.7793
59.7793
59.7793
59.7793
59.7793
59.7793
59.7793
59.7793
59.7793
59.7793
59.7793
59.7793
59.7793
59.7793
59.7793
59.7793
59.7793
59.7793
59.7793
59.7793
59.7793
59.7793
59.7793
59.7793
59.7793
59.7793
59.7793
59.7793
59.7793
59.7793
59.7793
59.7793
59.7793
59.7793
59.7793
59.7793
59.7793
59.7793
59.7793
59.7793
59.7793
59.7793
59.7793
59.7793
59.7793
59.7793
59.7793
59.7793
59.7793
59.7793
59.7793
59.7793
59.7793
59.7793
59.7793
59.7793
59.7793
59.7793
59.7793
59.7793
59.7793
59.7793
59.7793
59.7793
59.7793
59.7793
59.7793
59.7793
59.7793
59.7793
59.7793
59.7793
59.7793
59.7793
59.7793
59.7793
59.7793
59.7793
59.7793
59.7793
59.7793
59.7793
59.7793
59.7793
59.7793
59.7793
59.7793
59.7793
59.7793
59.7793
59.7793
59.7793
59.7793
59.7793
59.7793
59.7793
59.7793
59.7793
59.7793
59.7793
59.7793
59.7793
59.7793
59.7793
59.7793
59.7793
59.7793
59.7793
59.7793
59.7793
59.7793
59.7793
59.7793
59.7793
59.7793
59.7793
59.7793
59.7793
59.7793
59.7793
59.7793
59.7793
59.7793
59.7793
59.7793
59.7793
59.7793
59.7793
59.7793
59.7793
59.7793
59.7793
59.7793
59.7793
59.7793
59.7793
59.7793
59.7793
59.7793
59.7793
59.7793
59.7793
59.7793
59.7793
59.7793
59.7793
59.7793
59.7793
59.7793
59.7793
59.7793
59.7793
59.7793
59.7793
59.7793
59.7793
59.7793
59.7793
59.7793
59.7793
59.7793
59.7793
59.7793
59.7793
59.7793
59.7793
59.7793
59.7793
59.7793
59.7793
59.7793
59.7793
59.7793
59.7793
59.7793
59.7793
59.7793
59.7793
59.7793
59.7793
59.7793
59.7793
59.7793
59.7793
59.7793
59.7793
59.7793
59.7793
59.7793
59.7793
59.7793
59.7793
59.7793
59.7793
59.7793
59.7793
59.7793
59.7793
59.7793
59.7793
59.7793
59.7793
59.7793
59.7793
59.7793
59.7793
59.7793
59.7793
59.7793
59.7793
59.7793
59.7793
59.7793
59.7793
59.7793
59.7793
59.7793
59.7793
59.7793
59.7793
59.7793
59.7793
59.7793
59.7793
59.7793
59.7793
59.7793
59.7793
59.7793
59.7793
59.7793
59.7793
59.7793
59.7793
59.7793
59.7793
59.7793
59.7793
59.7793
59.7793
59.7793
59.7793
59.7793
59.7793
59.7793
59.7793
59.7793
59.7793
59.7793
59.7793
59.7793
59.7793
59.7793
59.7793
59.7793
59.7793
59.7793
59.7793
59.7793
59.7793
59.7793
59.7793
59.7793
59.7793
59.7793
59.7793
59.7793
59.7793
59.7793
59.7793
59.7793
59.7793
59.7793
59.7793
59.7793
59.7793
59.7793
59.7793
59.7793
59.7793
59.7793
59.7793
59.7793
59.7793
59.7793
59.7793
59.7793
59.7793
59.7793
59.7793
59.7793
59.7793
59.7793
59.7793
59.7793
59.7793
59.7793
59.7793
59.7793
59.7793
59.7793
59.7793
59.7793
59.7793
59.7793
59.7793
59.7793
59.7793
59.7793
59.7793
59.7793
59.7793
59.7793
59.7793
59.7793
59.7793
59.7793
59.7793
59.7793
59.7793
59.7793
59.7793
59.7793
59.7793
59.7793
59.7793
59.7793
59.7793
59.7793
59.7793
59.7793
59.7793
59.7793
59.7793
59.7793
59.7793
59.7793
59.7793
59.7793
59.7793
59.7793
59.7793
59.7793
59.7793
59.7793
59.7793
59.7793
59.7793
59.7793
59.7793
59.7793
59.7793
59.7793
59.7793
59.7793
59.7793
59.7793
59.7793
59.7793
59.7793
59.7793
59.7793
59.7793
59.7793
59.7793
59.7793
59.7793
59.7793
59.7793
59.7793
59.7793
59.7793
59.7793
59.7793
59.7793
59.7793
59.7793
59.7793
59.7793
59.7793
59.7793
59.7793
59.7793
59.7793
59.7793
59.7793
59.7793
59.7793
59.7793
59.7793
59.7793
59.7793
59.7793
59.7793
59.7793
59.7793
59.7793
59.7793
59.7793
59.7793
59.7793
59.7793
59.7793
59.7793
59.7793
59.7793
59.7793
59.7793
59.7793
59.7793
59.7793
59.7793
59.7793
59.7793
59.7793
59.7793
59.7793
59.7793
59.7793
59.7793
59.7793
59.7793
59.7793
59.7793
59.7793
59.7793
59.7793
59.7793
59.7793
59.7793
59.7793
59.7793
59.7793
59.7793
59.7793
59.7793
59.7793
59.7793
59.7793
59.7793
59.7793
59.7793
59.7793
59.7793
59.7793
59.7793
59.7793
59.7793
59.7793
59.7793
59.7793
59.7793
59.7793
59.7793
59.7793
59.7793
59.7793
59.7793
59.7793
59.7793
59.7793
59.7793
59.7793
59.7793
59.7793
59.7793
59.7793
59.7793
59.7793
59.7793
59.7793
59.7793
59.7793
59.7793
59.7793
59.7793
59.7793
59.7793
59.7793
59.7793
59.7793
59.7793
59.7793
59.7793
59.7793
59.7793
59.7793
59.7793
59.7793
59.7793
59.7793
59.7793
59.7793
59.7793
59.7793
59.7793
59.7793
59.7793
59.7793
59.7793
59.7793
59.7793
59.7793
59.7793
59.7793
59.7793
59.7793
59.7793
59.7793
59.7793
59.7793
59.7793
59.7793
59.7793
59.7793
59.7793
59.7793
59.7793
59.7793
59.7793
59.7793
59.7793
59.7793
59.7793
59.7793
59.7793
59.7793
59.7793
59.7793
59.7793
59.7793
59.7793
59.7793
59.7793
59.7793
59.7793
59.7793
59.7793
59.7793
59.7793
59.7793
59.7793
59.7793
60.1227
59.7793
59.7793
59.7793
59.7793
59.7793
59.7793
59.7793
59.7793
59.7793
59.7793
59.7793
59.7793
59.7793
59.7793
59.7793
59.7793
59.7793
59.7793
59.7793
59.7793
59.7793
59.7793
59.7793
59.7793
59.7793
59.7793
59.7793
59.7793
59.7793
59.7793
59.7793
59.7793
59.7793
59.7793
59.7793
59.7793
59.7793
59.7793
59.7793
59.7793
59.7793
59.7793
59.7793
59.7793
59.7793
59.7793
59.7793
59.7793
59.7793
59.7793
59.7793
59.7793
59.7793
59.7793
59.7793
59.7793
59.7793
59.7793
59.7793
59.7793
59.7793
59.7793
59.7793
59.7793
59.7793
59.7793
59.7793
63.9093
59.9203
61.0116
69.1466
67.0773
59.7793
59.7793
59.7793
59.7793
59.7793
59.7793
59.7793
59.7793
59.7793
59.7793
59.7793
59.7793
59.7793
59.7793
59.7793
59.7793
59.7793
59.7793
59.7793
59.7793
59.7793
59.7793
59.7793
59.7793
59.7793
59.7793
59.7793
59.7793
59.7793
59.7793
59.7793
59.7793
59.7793
59.7793
59.7793
59.7793
59.7793
59.7793
59.7793
59.7793
59.7793
59.7793
59.7793
59.7793
59.7793
59.7793
59.7793
59.7793
59.7793
59.7793
59.7793
59.7793
59.7793
59.7793
59.7793
59.7793
59.7793
59.7793
59.7793
59.7793
59.7793
59.7793
59.7793
59.7793
59.7793
59.7793
59.7793
59.7793
59.7793
59.7793
59.7793
59.7793
59.7793
59.7793
59.7793
59.7793
59.7793
59.7793
59.7793
59.7793
59.7793
59.7793
59.7793
59.7793
59.7793
59.7793
59.7793
59.7793
59.7793
59.7793
59.7793
59.7793
59.7793
59.7793
59.7793
59.7793
59.7793
59.7793
59.7793
59.7793
59.7793
59.7793
59.7793
59.7793
59.7793
59.7793
59.7793
59.7793
59.7793
59.7793
59.7793
59.7793
59.7793
59.7793
59.7793
59.7793
59.7793
59.7793
59.7793
59.7793
59.7793
59.7793
59.7793
59.7793
59.7793
59.7793
59.7793
59.7793
59.7793
59.7793
59.7793
59.7793
59.7793
59.7793
59.7793
59.7793
59.7793
59.7793
59.7793
59.7793
59.7793
59.7793
59.7793
59.7793
59.7793
59.7793
59.7793
59.7793
59.7793
59.7793
59.7793
59.7793
59.7793
59.7793
59.7793
59.7793
59.7793
59.7793
59.7793
59.7793
59.7793
59.7793
59.7793
59.7793
59.7793
59.7793
59.7793
59.7793
59.7793
59.7793
59.7793
59.7793
59.7793
59.7793
59.7793
59.7793
59.7793
59.7793
59.7793
59.7793
59.7793
59.7793
59.7793
59.7793
59.7793
59.7793
59.7793
59.7793
59.7793
59.7793
59.7793
59.7793
59.7793
59.7793
59.7793
59.7793
59.7793
59.7793
59.7793
59.7793
59.7793
59.7793
59.7793
59.7793
59.7793
59.7793
59.7793
59.7793
59.7793
59.7793
59.7793
59.7793
59.7793
59.7793
59.7793
59.7793
59.7793
59.7793
59.7793
59.7793
59.7793
59.7793
59.7793
59.7793
59.7793
59.7793
59.7793
59.7793
59.7793
59.7793
59.7793
59.7793
59.7793
59.7793
59.7793
59.7793
59.7793
59.7793
59.7793
59.7793
59.7793
59.7793
59.7793
59.7793
59.7793
59.7793
59.7793
59.7793
59.7793
59.7793
59.7793
59.7793
59.7793
59.7793
59.7793
59.7793
59.7793
59.7793
59.7793
59.7793
59.7793
59.7793
59.7793
59.7793
59.7793
59.7793
59.7793
59.7793
59.7793
59.7793
59.7793
59.7793
59.7793
59.7793
59.7793
59.7793
59.7793
59.7793
59.7793
59.7793
59.7793
59.7793
59.7793
59.7793
59.7793
59.7793
59.7793
59.7793
59.7793
59.7793
59.7793
59.7793
59.7793
59.7793
59.7793
59.7793
59.7793
59.7793
59.7793
59.7793
59.7793
59.7793
59.7793
59.7793
59.7793
59.7793
59.7793
59.7793
59.7793
59.7793
59.7793
59.7793
59.7793
59.7793
59.7793
59.7793
59.7793
59.7793
59.7793
59.7793
59.7793
59.7793
59.7793
59.7793
59.7793
59.7793
59.7793
59.7793
59.7793
59.7793
59.7793
59.7793
59.7793
59.7793
59.7793
59.7793
59.7793
59.7793
59.7793
59.7793
59.7793
59.7793
59.7793
59.7793
59.7793
59.7793
59.7793
59.7793
59.7793
59.7793
59.7793
59.7793
59.7793
59.7793
59.7793
59.7793
59.7793
59.7793
59.7793
59.7793
59.7793
59.7793
59.7793
59.7793
59.7793
59.7793
59.7793
59.7793
59.7793
59.7793
59.7793
59.7793
59.7793
59.7793
59.7793
59.7793
59.7793
59.7793
59.7793
59.7793
59.7793
59.7793
59.7793
59.7793
59.7793
59.7793
59.7793
59.7793
59.7793
59.7793
59.7793
59.7793
59.7793
59.7793
59.7793
59.7793
59.7793
59.7793
59.7793
59.7793
59.7793
59.7793
59.7793
59.7793
59.7793
59.7793
59.7793
59.7793
59.7793
59.7793
59.7793
59.7793
59.7793
59.7793
59.7793
59.7793
59.7793
59.7793
59.7793
59.7793
59.7793
59.7793
59.7793
59.7793
59.7793
59.7793
59.7793
59.7793
59.7793
59.7793
59.7793
59.7793
59.7793
59.7793
59.7793
59.7793
59.7793
59.7793
59.7793
59.7793
59.7793
59.7793
59.7793
59.7793
59.7793
59.7793
59.7793
59.7793
59.7793
59.7793
59.7793
59.7793
59.7793
59.7793
59.7793
59.7793
59.7793
59.7793
59.7793
59.7793
59.7793
59.7793
59.7793
59.7793
59.7793
59.7793
59.7793
59.7793
59.7793
59.7793
59.7793
59.7793
59.7793
59.7793
59.7793
59.7793
59.7793
59.7793
59.7793
59.7793
59.7793
59.7793
59.7793
59.7793
59.7793
59.7793
59.7793
59.7793
59.7793
59.7793
59.7793
59.7793
59.7793
59.7793
59.7793
59.7793
59.7793
59.7793
59.7793
59.7793
59.7793
59.7793
59.7793
59.7793
59.7793
59.7793
59.7793
59.7793
59.7793
59.7793
59.7793
59.7793
59.7793
59.7793
59.7793
59.7793
59.7793
59.7793
59.7793
59.7793
59.7793
59.7793
59.7793
59.7793
59.7793
59.7793
59.7793
59.7793
59.7793
59.7793
59.7793
59.7793
59.7793
59.7793
59.7793
59.7793
59.7793
59.7793
59.7793
59.7793
59.7793
59.7793
59.7793
59.7793
59.7793
59.7793
59.7793
59.7793
59.7793
59.7793
59.7793
59.7793
59.7793
59.7793
59.7793
59.7793
59.7793
59.7793
59.7793
59.7793
59.7793
59.7793
59.7793
59.7793
59.7793
59.7793
59.7793
59.7793
59.7793
59.7793
59.7793
59.7793
59.7793
59.7793
59.7793
59.7793
59.7793
59.7793
59.7793
59.7793
59.7793
59.7793
59.7793
59.7793
59.7793
59.7793
59.7793
59.7793
59.7793
59.7793
59.7793
59.7793
59.7793
59.7793
59.7793
59.7793
59.7793
59.7793
59.7793
59.7793
59.7793
59.7793
59.7793
59.7793
59.7793
59.7793
59.7793
59.7793
59.7793
59.7793
59.7793
59.7793
59.7793
59.7793
59.7793
59.7793
59.7793
59.7793
59.7793
59.7793
59.7793
59.7793
59.7793
59.7793
59.7793
59.7793
59.7793
59.7793
59.7793
59.7793
59.7793
59.7793
59.7793
59.7793
59.7793
59.7793
59.7793
59.7793
59.7793
59.7793
59.7793
59.7793
59.7793
59.7793
59.7793
59.7793
59.7793
59.7793
59.7793
59.7793
59.7793
59.7793
59.7793
59.7793
59.7793
59.7793
59.7793
59.7793
59.7793
59.7793
59.7793
59.7793
59.7793
59.7793
59.7793
59.7793
59.7793
59.7793
59.7793
59.7793
59.7793
59.7793
59.7793
