# best half averages
52.0228
48.6106
47.0352
42.0445
38.3113
37.3998
33.326
32.5748
30.3166
28.0953
26.4481
25.0246
24.8385
23.916
22.5858
21.2771
21.0045
20.7691
19.8583
18.5061
18.8012
18.6358
17.3524
16.2612
15.5469
16.5466
15.9606
14.4873
14.9407
13.6411
13.0328
13.1858
14.0592
14.6841
15.9378
13.2911
14.1203
12.9647
14.9091
13.8522
13.6081
14.578
15.0041
14.6928
15.6821
14.496
14.9675
13.1321
14.7584
12.8753
12.6799
12.5788
11.6451
12.5304
11.2046
10.918
11.5611
11.5914
11.9754
11.2176
11.7031
11.3337
10.5047
10.0083
11.9498
12.2656
12.1299
11.3068
10.2695
10.5543
11.4126
11.2679
10.8546
10.4693
10.6197
11.4583
9.92251
11.6097
11.6727
9.98173
10.645
11.3778
11.106
12.1693
10.8157
10.0432
9.76189
10.7518
9.98165
11.3128
11.3467
10.8061
11.1103
10.8547
12.1781
12.4049
12.6089
12.8846
12.5049
13.3118
13.1028
12.0933
11.45
11.9886
11.1102
12.4395
11.242
11.8812
10.8063
11.1341
11.0847
11.1457
9.79635
10.9755
10.6762
9.44654
10.2234
9.14582
10.2109
9.94094
11.0164
10.5608
10.1391
9.43312
8.46089
9.09121
9.28593
9.73638
9.37918
8.79893
9.87518
8.74722
9.65947
8.362
7.66067
9.08602
9.53595
8.74838
9.47426
8.38598
7.90132
9.66586
9.11307
9.46685
10.031
10.3049
9.52852
10.1849
10.5073
10.5644
10.4266
9.66562
11.0911
11.1434
10.9596
10.2959
11.6153
11.3725
11.3935
11.499
10.1986
9.8333
10.0566
9.8572
10.0223
9.08984
8.81279
9.49356
8.98119
8.24839
9.88379
9.93002
10.89
10.4933
11.027
9.77904
9.72441
10.5393
9.32168
9.32211
11.3177
11.1537
11.0684
9.90543
9.55632
9.27449
10.4198
9.86061
9.56198
10.2267
9.51149
8.96277
8.85078
9.30026
10.3228
9.60365
10.1485
9.992
8.62012
9.81407
9.28092
8.96837
9.735
8.94354
9.26876
8.59686
8.44216
9.66223
8.71336
8.37112
9.15196
10.5214
10.7361
9.99017
10.343
9.47634
9.01413
9.82225
8.86316
8.80124
9.57848
11.2502
11.8062
11.5226
11.5926
9.9162
9.96774
9.84238
9.11553
9.5871
9.94944
8.60609
10.0282
8.95313
10.3363
9.62913
9.75436
9.87404
8.44839
9.64784
9.54816
8.66272
8.64742
9.89869
9.89519
9.03198
8.6269
8.96243
8.37735
8.27544
9.05348
9.00362
8.42544
9.87421
10.1328
10.3911
9.08295
8.48393
9.24459
9.32725
9.67805
8.48333
8.97726
9.51322
9.91006
9.51137
10.0178
9.76472
10.1338
10.4242
10.3552
10.0164
9.81957
9.6556
10.5636
9.56291
8.89726
8.65133
10.764
11.486
11.427
11.4496
12.2955
11.0693
9.91744
8.49694
10.2634
9.12127
10.0037
10.2947
9.341
10.8273
11.0129
11.5429
11.0683
11.906
12.4459
11.8501
11.3663
11.9446
11.308
11.3084
12.5195
11.3557
11.6846
11.9557
10.2659
10.5492
11.7232
12.4056
12.0543
11.7315
12.3749
12.7587
12.877
12.4943
11.9134
12.3428
12.8781
13.7518
12.7174
13.636
13.9771
12.4958
12.5134
11.257
11.842
12.1348
11.8913
10.6929
11.258
11.1878
10.4279
11.1075
11.9528
11.3575
10.6108
10.8918
11.9642
12.0954
11.8529
13.0306
11.6015
12.2908
12.6763
12.1253
10.7605
10.7516
11.2904
11.6785
10.861
11.0191
11.1171
10.5571
11.2852
9.44861
11.1076
10.8528
11.1923
10.4782
10.6314
11.0408
9.94051
10.7837
9.63763
9.44544
10.1052
11.6569
10.2959
11.9852
11.7053
10.8762
11.9133
10.8178
10.7748
10.7293
10.5095
10.5386
9.84158
10.9601
10.0295
10.9582
10.1778
9.66359
10.4556
10.4456
10.0979
11.0326
10.725
11.1685
10.1875
10.0454
10.4493
10.1554
10.7368
10.4581
10.37
9.26001
9.9446
9.86664
8.43891
10.0249
10.1758
10.4069
10.1699
9.8592
10.1657
10.511
9.68152
9.54237
8.85068
9.39397
9.10275
8.82635
9.88504
8.8305
9.55804
9.7546
9.3118
8.75243
8.71536
9.78808
8.88694
9.17742
10.047
9.38259
8.36146
8.37523
9.54114
10.1278
10.713
9.90423
9.74063
9.59794
11.4123
12.2522
12.912
12.4906
12.3386
12.2742
12.4602
13.0597
11.2239
11.8473
11.6188
13.0448
12.2829
11.5673
10.4812
9.7883
10.2307
10.4259
9.67373
9.4915
10.0271
9.00856
10.5395
10.2252
10.9672
9.68613
10.163
11.0187
11.4161
10.4309
9.48581
10.4468
11.6582
10.873
11.9848
11.2939
10.5553
12.7369
12.3304
13.0259
12.7432
12.3125
13.1045
13.2643
12.4148
12.7256
13.6691
13.0985
13.1723
12.0395
11.9769
12.9599
13.4546
12.9194
12.3147
13.1787
13.2465
12.2446
14.0687
13.3355
12.0109
13.4794
11.6994
11.3112
11.8536
10.6035
10.427
11.3456
11.2692
11.7231
11.1192
10.84
12.4027
11.25
12.6088
10.8862
11.3379
11.8627
12.1153
10.8099
9.41357
9.95265
9.96463
9.3975
9.77992
9.81104
11.1929
10.5826
9.77451
12.2543
10.6458
10.5147
10.9279
9.56386
10.0859
9.29494
9.3136
9.57529
10.4891
9.78665
10.4579
9.54824
9.87513
8.93741
10.3723
10.079
9.41241
10.3018
9.20098
10.9302
10.0469
10.7885
10.7418
8.66499
10.4767
10.6412
10.7304
10.7967
9.79639
9.45624
10.6522
9.7397
9.71047
10.8474
10.2347
9.66473
9.5295
10.8824
9.5855
9.22483
9.68106
9.6777
9.8064
8.90896
9.77634
10.532
9.61334
9.84081
9.13375
7.94042
10.4521
9.55909
8.93395
9.86382
9.2583
8.13143
10.0262
10.1132
9.9135
9.72409
10.4834
11.4943
10.3369
10.849
9.61413
9.57606
9.11769
9.48797
9.13364
9.99151
9.41342
9.96521
9.78508
10.1903
9.88918
9.60994
9.05294
8.76411
8.85703
8.27561
8.7941
8.81851
8.23437
9.49082
10.2155
8.5346
9.09017
10.115
10.7707
9.62431
9.15477
9.88406
9.52849
8.84047
8.52075
9.01775
9.1705
9.52019
10.2735
9.23769
9.08982
8.32044
9.06744
9.29846
9.58744
8.92273
9.50189
9.71595
10.3624
9.29874
10.4157
11.1844
10.0042
9.09616
10.8192
11.2439
11.2126
11.9826
10.8466
11.4062
10.7404
9.41174
10.5558
10.9585
9.592
11.4633
11.9679
11.7208
12.5165
11.4457
11.2045
10.768
10.2592
10.3619
12.2999
11.6067
10.263
10.899
11.0249
10.8381
10.7962
9.93576
10.1769
10.1138
11.2114
10.2683
10.67
9.13086
9.85126
9.46545
9.59319
10.4587
10.497
9.96354
9.42355
10.2073
11.3812
11.3629
11.3235
10.7742
12.725
11.1153
10.2504
10.6913
9.29732
10.801
10.656
10.2667
9.88324
10.1658
9.2188
10.9364
10.9116
11.0003
10.3844
9.84843
9.60792
9.96736
9.77876
9.67409
9.05342
10.1249
9.26238
9.58835
10.3428
9.49338
9.29547
9.97657
9.92384
9.47106
9.01193
9.25437
8.94261
8.92857
9.74843
8.56051
9.34776
10.9602
10.7126
11.1452
11.4384
10.9389
10.8071
12.2869
11.7497
12.9219
12.4437
12.8956
12.9132
12.3394
11.3264
11.7781
10.854
9.90635
11.9168
11.0671
10.2202
11.0242
9.54386
11.0366
9.81696
10.7859
11.4036
9.38781
10.719
10.6992
10.3966
11.4958
10.1811
9.28353
9.78568
10.3694
10.1195
10.2651
10.5954
10.2227
10.1769
10.7355
9.94122
9.86658
10.3368
10.2434
11.5473
11.3245
9.52768
10.0183
10.4264
9.64503
10.2566
11.344
11.3704
11.0367
9.1533
10.6156
9.61988
8.6105
9.8642
11.8293
12.0774
12.5403
10.9443
10.6422
11.0395
11.5048
11.2148
11.1666
9.22492
8.6821
10.2265
8.64248
8.48264
8.17085
7.37325
9.02563
8.03728
7.87035
8.98587
8.91194
9.27829
10.0722
8.94035
9.14577
9.12595
8.49244
9.90678
9.29806
8.78357
8.22315
9.14042
8.33076
9.03028
9.28981
9.70633
8.16023
7.96555
8.50123
9.01104
8.28261
7.30738
8.08398
9.44135
9.75362
9.33649
10.5406
10.425
10.4446
10.3662
10.4484
9.51682
9.75271
9.65559
9.69836
9.75138
9.45744
9.02805
9.25853
10.4273
9.96837
9.90171
9.15359
9.78033
10.5643
9.84229
8.62957
9.95304
8.81397
9.65135
8.53546
8.25838
8.22794
8.90907
10.4877
9.60974
9.568
9.07799
8.86256
9.39287
10.193
8.9547
9.01239
10.6063
10.1167
8.91753
10.1824
7.8716
9.06997
9.24329
8.14624
8.80468
8.66981
8.14862
7.77056
8.32845
10.1288
8.99422
8.24115
11.042
9.09442
9.07988
7.97773
9.34812
9.66643
9.4182
10.7839
11.5192
10.6101
11.4198
11.6225
11.4875
11.8363
11.3061
10.5946
10.0821
9.61801
9.37596
10.1754
9.95614
8.63227
8.99954
9.307
9.27155
9.49316
9.77073
9.75143
10.34
9.25928
9.75062
9.76161
9.33382
9.64707
8.78362
11.2309
9.93942
11.258
11.6411
12.7224
13.4895
12.9915
13.8358
13.2383
12.0256
11.5226
10.5254
9.53323
9.57013
8.41078
9.35543
8.30388
8.48312
8.48032
9.03431
8.31945
8.09402
9.99146
8.95183
8.88755
9.63974
8.76058
9.32299
9.26947
8.95325
9.15667
8.58972
8.71371
8.35767
9.46788
8.84819
10.2839
10.5604
10.5077
9.26809
9.62844
9.56263
10.192
10.1399
9.6467
10.1594
10.3827
10.7785
10.8199
9.46245
9.62962
9.62205
10.3084
10.5712
9.79664
8.82191
9.38391
10.5609
10.9042
9.31421
9.19331
8.7919
8.94669
9.3744
9.27748
9.80304
10.3224
9.52148
10.2212
9.20646
10.4597
10.0194
10.0498
12.4814
12.0771
12.2923
11.9873
12.2647
12.5978
12.2704
12.9328
12.281
11.8812
11.3301
10.5264
