# best half averages
53.1882
49.77
46.7435
43.3348
41.0253
38.6837
36.4982
33.4848
31.9782
31.1294
29.2386
26.4812
25.8241
25.9916
24.8798
24.9465
24.3826
24.4221
23.7051
22.9941
21.2394
21.0057
20.4222
20.3836
19.7327
19.1307
19.9242
18.3505
17.2018
17.3674
16.2934
17.3989
15.9539
16.2775
15.7992
16.2905
15.8343
14.555
14.2251
14.0663
14.9205
14.6904
15.1938
14.3734
13.7361
14.2032
13.7441
13.939
12.6025
12.9657
12.0492
11.608
10.9549
10.2511
11.3739
11.3723
11.615
9.89068
10.2602
10.415
11.2846
10.8002
10.0879
9.4041
10.389
10.0086
9.23792
11.1619
9.64402
10.0827
9.75583
10.135
10.1512
10.0261
11.249
11.5524
11.0895
10.1878
9.28863
10.4289
8.78043
10.4365
9.94231
10.8093
10.4907
10.3423
10.2776
10.7942
10.5994
10.2228
9.76957
9.42174
9.73776
10.2605
10.4317
9.60332
9.19985
10.4384
9.71483
10.0948
9.06373
8.80925
11.1556
10.7628
9.87386
10.7592
10.7355
10.8568
12.489
12.8164
12.5282
12.604
12.38
12.1648
12.208
11.8114
12.4404
11.4687
10.852
10.5607
10.9773
12.2876
11.8902
11.947
12.0704
10.9735
11.1216
10.9021
9.9925
11.458
11.1674
10.0508
12.1312
12.1417
11.6963
12.8189
11.9763
11.8261
11.428
11.2004
11.8113
10.3288
12.2034
11.7389
13.279
12.6705
12.2395
11.7563
11.128
11.4742
13.3406
12.321
11.5921
11.029
12.4587
10.8684
10.4544
11.6698
12.0077
11.7686
10.2411
11.3971
10.8943
9.70709
10.6888
10.0261
10.2194
11.4911
10.7638
11.4264
10.5432
12.6402
12.9251
11.5289
12.2199
11.184
12.1019
12.6439
13.2267
14.1878
13.984
14.1299
14.0344
14.4635
14.7723
14.9615
14.2221
15.1828
14.3692
14.0678
13.5992
14.0971
14.0893
13.4457
14.9322
13.5783
13.4291
13.8293
13.0283
12.9152
13.6464
13.5861
14.4426
14.7028
13.3264
13.5662
14.3882
13.6784
14.5473
13.8955
13.1994
13.5871
13.321
13.7452
14.6487
12.9546
13.3395
12.9932
13.6215
14.7656
15.126
13.6858
13.2857
13.0091
14.1577
14.3429
13.8562
14.2388
14.3686
14.2957
13.0406
14.1539
14.4321
14.2006
13.2735
12.981
12.4428
13.4459
11.9634
12.8468
13.1706
12.6257
12.116
13.1028
12.8792
11.9424
12.4798
13.8843
12.6102
12.1736
12.0022
13.1962
12.3832
13.425
12.5412
11.4952
11.7837
11.8482
12.1091
11.8986
12.9267
11.5978
12.6224
11.5762
11.0355
12.5496
11.6512
10.8086
11.2941
11.2486
11.0845
10.3202
10.1937
9.78932
10.2865
10.1585
10.3876
9.55564
10.4601
10.6077
11.1584
10.6305
10.0207
10.2541
10.9256
9.42511
9.35669
9.74066
9.84083
9.68178
10.4987
8.99506
9.57797
8.82549
8.99394
8.2803
10.3657
10.3831
10.3555
9.25744
9.32101
9.67004
10.4441
9.94557
11.379
9.01431
9.71197
10.8412
11.2732
11.5954
11.0127
11.9309
12.6304
11.7261
13.1617
13.1275
13.2565
12.8759
11.9755
11.862
11.6775
12.1858
11.5941
12.4098
13.7805
12.8958
13.9022
13.6504
12.939
13.5801
11.8271
11.6099
12.1568
12.6777
13.0263
11.7767
10.6899
10.3888
10.9596
11.204
11.9279
12.3111
11.9811
12.2127
12.2657
12.8467
12.3269
12.4269
12.4768
13.1719
13.4309
12.6062
12.692
12.6456
12.2356
11.6966
10.7339
11.3891
12.0699
11.2458
11.2284
11.3243
11.0377
12.1839
11.3619
11.9629
11.1065
11.8603
11.8467
11.6158
11.5649
11.8073
11.0196
10.4944
10.4458
10.9608
12.1344
11.3643
11.8756
11.1157
11.7844
11.9712
11.6282
13.3853
12.7829
13.0461
12.1725
12.008
12.2561
13.1284
12.5159
12.5791
12.3709
13.2057
13.0331
13.4359
12.4036
12.3538
12.355
11.9828
12.2664
13.5999
13.1431
12.9462
12.8441
13.1651
14.0495
14.1025
13.1765
13.3583
13.1388
13.2868
12.9001
14.2521
12.4311
12.7934
12.6054
12.5773
12.4083
13.4484
13.046
12.7974
12.8107
13.2685
12.6116
12.7947
13.0875
12.2155
12.313
11.4746
11.4035
12.1333
10.9919
11.1385
11.5423
11.6362
11.2278
12.4402
12.0579
11.3644
10.4346
11.6801
10.5354
11.9578
11.2637
11.1533
11.1005
10.9091
12.5375
11.4548
11.1467
10.9031
11.6634
11.1482
12.0195
11.4094
12.5035
12.342
12.5556
11.569
11.2303
12.4073
12.013
11.7549
11.2988
11.2071
11.7231
11.6274
12.4987
11.362
11.4898
12.2885
11.0722
11.2167
11.2043
10.1714
10.7809
12.5367
12.0757
12.9088
12.2878
11.264
11.8272
11.9987
12.9692
14.0126
11.9027
11.496
12.8783
12.8919
12.0778
13.0385
14.1825
13.7948
13.4757
14.2485
14.776
14.1939
13.5969
12.5717
12.5826
12.2799
11.8118
13.4851
12.5561
12.1088
12.4518
12.7077
11.7532
11.373
11.7259
11.6859
12.3515
11.9584
12.1068
11.2646
12.2785
11.4414
12.7401
11.3723
12.6731
12.1985
11.6984
13.4107
13.0554
12.6231
12.1816
12.8065
11.8388
12.7878
12.6083
12.7489
12.0414
11.8565
11.1854
11.8062
12.6619
12.7308
12.3423
13.107
13.294
13.5366
13.7291
15.0295
14.2265
15.669
14.5752
14.1321
15.001
15.8433
14.7663
15.3573
15.3005
14.3075
14.5609
15.1149
14.7246
14.6462
14.4856
13.9254
14.4975
14.6784
13.154
13.0082
13.8386
13.3236
12.8677
12.6687
13.5262
12.3221
11.7705
11.7574
13.2944
13.024
12.2635
13.0663
13.5529
14.0514
13.9042
13.6611
12.9101
13.2416
11.7568
12.745
12.7404
12.9017
11.7899
11.9301
12.0212
12.259
11.3835
11.0564
11.0367
10.5961
10.5473
10.4153
10.9853
10.6606
10.8238
11.5856
11.6126
11.0321
12.6407
11.7146
11.7074
12.3249
11.5505
12.4555
12.4399
12.988
12.5605
12.8715
13.03
12.4083
11.5031
11.6352
12.3062
12.1393
11.7761
11.309
10.3356
10.4873
9.68541
10.8096
10.77
10.965
10.8046
11.2082
10.7274
11.0018
10.549
11.0774
10.1935
11.587
11.7433
11.2831
11.3741
12.2678
12.1361
11.8075
11.6087
10.8076
11.3202
12.6893
12.4432
12.6807
12.6408
13.6539
12.1968
12.4378
12.9536
12.6925
13.4577
12.8576
12.816
13.1088
14.038
13.6025
13.3286
12.9977
15.2401
14.5001
13.4508
13.3779
13.8101
14.1125
13.348
12.5252
12.3867
13.8313
13.5855
15.1974
15.1413
15.6342
15.2596
14.8778
14.5092
14.8859
14.2379
14.2188
14.6016
15.6111
14.5547
14.8041
15.3157
15.7097
14.8632
15.1617
15.3181
14.9559
15.8994
15.0953
15.2473
15.6231
14.9405
15.1503
14.455
14.3294
13.5663
12.6422
12.5963
12.2751
12.3269
10.9505
11.7117
10.4202
10.8611
11.4394
11.0693
11.6697
11.3664
11.0896
11.03
11.0355
10.9233
11.0223
10.8311
11.1876
11.3873
11.0194
10.2667
10.1034
9.9202
10.9248
11.5963
11.4517
11.8806
10.8059
9.84323
10.2755
10.2652
10.9594
11.2274
11.5606
10.6102
11.6747
11.7189
10.7016
11.693
10.433
10.0539
11.5585
11.5362
11.2559
11.3294
12.1755
10.8305
10.2561
11.4191
9.5338
11.4983
12.5966
11.476
12.626
12.3096
11.7738
12.4399
11.6689
11.4417
10.8764
11.3856
9.76294
9.81348
11.2137
10.6012
10.1505
10.9446
9.94048
9.59737
10.2
9.5045
9.48333
10.0948
10.3651
10.5467
9.73293
10.8235
9.402
10.1527
9.7775
9.01637
10.4932
9.38646
9.79403
9.13166
11.2825
10.9163
11.3045
11.8595
12.7319
13.2838
13.4704
13.9908
15.3999
14.1325
14.8519
15.6822
16.3334
16.4613
15.3556
15.6806
16.7777
15.3723
16.142
16.7426
15.9446
15.234
17.0241
16.0278
15.3149
15.1867
15.8245
15.9891
15.4605
15.7156
15.4994
14.8209
14.5872
13.8488
14.6837
15.5682
14.5151
13.9319
13.9705
15.2024
14.0677
14.5047
14.2917
14.3941
14.9174
14.9623
14.8045
15.9368
16.2937
15.1066
14.8313
14.3905
14.3151
14.3245
14.9307
14.705
14.8786
15.16
15.3129
15.0196
14.6393
14.2432
14.4817
14.3126
14.4252
15.0121
14.8762
14.2641
14.1304
12.7616
13.1716
15.1496
13.7893
13.2704
12.3924
13.1192
12.1959
12.7867
12.411
13.1163
11.4067
13.0778
12.3062
12.1546
11.3124
11.2364
11.7803
12.0051
11.3813
11.8875
11.6008
12.0657
12.4709
13.2139
12.3895
11.4963
11.5751
12.38
12.4453
12.9654
12.3753
12.6007
14.0727
13.1916
13.0226
13.0105
13.3312
14.7301
13.9003
13.4342
14.553
13.2056
12.2911
12.9872
13.7746
12.3128
12.8187
13.0343
14.0177
13.4907
13.0698
13.6832
13.1594
13.5469
12.2792
12.7607
13.4066
14.9031
14.0973
13.9788
13.7492
13.6216
14.8725
15.5688
14.8854
14.6413
13.4148
13.7165
14.7776
14.7396
14.2221
14.5482
13.5317
13.6872
12.7937
13.1445
12.5487
12.4999
12.9266
12.4452
12.5831
11.9574
12.5965
12.3645
12.2781
12.1399
11.8463
12.5267
11.671
12.4004
11.9897
12.7306
12.0825
13.1353
13.5243
12.3739
12.3443
11.648
12.0033
11.5043
10.8229
11.2773
9.96861
10.9182
12.3975
12.8894
13.2584
12.744
12.2924
13.2834
12.9487
12.9333
13.5963
13.345
13.1085
14.4681
13.1734
13.1042
12.6942
12.3297
12.2029
13.4931
12.7145
12.6663
12.3143
11.3517
11.146
11.6752
10.4072
11.2629
11.0506
11.3694
11.9472
11.5295
10.7047
11.4718
11.386
10.084
9.87538
11.6563
11.9688
11.3436
11.5341
11.1829
11.6922
