# best half averages
51.4949
46.8969
43.2105
40.137
37.6581
35.4221
36.15
32.9989
31.456
28.1909
27.3263
26.7337
25.9329
24.4267
25.092
23.6312
23.147
23.0008
22.1469
23.1758
22.4262
22.2913
21.6211
20.7313
21.3429
19.9038
20.3201
20.3826
19.8646
20.0606
18.729
19.1084
18.5027
19.9083
19.1155
18.0637
18.0681
16.8464
17.8471
16.8115
18.0534
18.4574
17.9918
17.468
18.4792
18.6314
18.6335
17.7201
17.7921
18.1674
17.5396
17.9701
19.086
17.3334
17.92
17.8031
17.8126
18.1871
19.0285
18.9042
18.0948
17.4927
18.6726
18.208
16.9165
16.9103
17.1548
17.0025
18.7135
16.8968
16.8522
16.3414
16.4437
16.8833
16.2005
15.6113
15.1981
15.3837
15.5205
15.6446
15.6463
14.531
13.3489
14.3802
13.842
14.1444
14.0212
14.3169
14.5485
14.9837
15.1297
14.2888
14.8019
14.153
15.2181
15.9745
16.0857
16.1604
16.0076
17.3964
16.6805
17.0005
17.4562
17.5855
17.7591
17.635
16.5469
17.3351
15.8886
15.9461
13.1563
13.2428
14.2651
12.6
13.3929
13.1969
12.6014
13.2126
12.0058
11.256
11.8379
11.6438
11.6382
11.5704
11.2706
9.95478
10.6535
10.9897
10.8312
10.5149
12.2941
11.4723
10.8051
10.624
10.374
10.9382
12.223
12.5375
12.3479
12.3413
12.3535
11.49
10.2549
12.2928
11.4021
14.1886
13.3654
12.6273
13.7245
13.8946
14.4233
14.1361
13.2618
13.5196
12.5579
13.8692
13.3499
11.8363
12.9644
12.896
11.7748
13.5825
13.3863
13.1402
11.838
11.2451
11.1495
12.3103
10.1064
12.1143
11.2029
12.6325
12.7308
12.1248
11.319
11.9066
10.0209
11.4578
12.3699
12.9719
13.4354
14.4095
13.8015
14.1424
14.5891
14.1162
13.327
13.91
13.551
13.9097
13.4002
14.0133
11.9329
13.7511
12.5749
13.007
11.8559
12.3317
11.7571
11.6727
11.3281
10.5614
11.557
11.894
10.9702
11.8087
11.5374
13.1322
12.8915
12.47
12.9609
13.2385
12.2695
12.7566
12.8279
13.0602
12.8206
13.8778
13.0348
13.2599
13.7926
13.9098
13.1012
14.1441
14.2387
13.6231
13.8799
14.5342
14.4765
14.8397
14.8984
14.5258
15.488
14.9443
14.0945
12.9598
13.0004
12.7996
13.199
11.7303
11.1359
11.5886
11.1666
11.3335
11.5074
10.6532
11.0124
10.322
10.5811
11.0222
10.9987
10.9835
9.16281
10.4045
10.5966
10.25
9.36153
10.0188
9.83107
10.392
10.5118
9.10938
10.1144
9.21489
8.87993
9.84235
9.82303
10.4131
9.21465
8.89243
8.92993
9.69993
9.08863
9.66835
10.0873
9.54747
9.31877
9.4666
9.87509
9.69947
8.81403
9.54735
9.18766
8.86762
9.12208
9.66385
10.0051
10.8271
9.80644
10.447
9.05407
9.91578
9.48796
9.11474
9.09114
9.68204
9.63776
9.77013
8.72916
10.5035
10.5376
10.1753
9.6938
10.4563
9.76107
10.6265
11.4425
10.6601
10.2187
12.0103
11.3195
12.1103
11.3698
11.6308
11.6787
12.4609
10.5253
10.0966
10.0285
10.9856
11.3902
10.4045
10.5005
13.0116
11.9821
11.2138
9.84534
10.688
10.3422
12.2992
11.3981
10.7169
10.6615
11.0377
9.91896
10.8649
10.8883
10.0051
10.6551
10.6797
11.0974
12.2434
10.2339
10.2525
10.256
9.96917
10.5474
9.86366
9.5908
9.9995
9.9293
9.69682
9.87777
9.21029
9.83182
10.9427
9.23672
9.22027
9.88519
8.88181
8.722
9.96907
8.91909
10.0735
9.99889
9.25249
9.62689
9.31066
10.1232
9.93123
9.79532
9.67658
7.92554
8.16418
9.00808
9.0198
8.97785
8.48128
9.83767
9.39755
9.14237
9.8818
9.66096
9.0267
9.36509
9.4202
9.32449
8.37333
9.0946
9.57229
9.08137
9.35776
9.64638
10.6863
11.3814
11.8887
12.1417
10.8741
14.2189
14.363
12.87
12.5818
13.3732
12.7688
13.6491
14.2287
12.5185
13.0375
13.136
12.3008
11.7768
10.8576
10.8737
10.9779
10.5928
11.5855
11.4633
11.2973
11.0262
11.8026
11.7187
11.6752
11.375
10.6041
11.2231
11.0693
9.842
10.7247
10.8339
11.4137
10.8283
10.809
10.0807
9.99681
10.41
9.89339
9.79569
9.66324
9.07018
11.5355
10.809
10.9747
10.6235
10.0232
10.9017
10.6954
10.8146
10.6123
10.2984
10.2214
10.178
11.2827
12.1937
10.6145
9.74829
11.4663
8.93007
10.1398
9.60629
11.1725
10.5134
10.2305
10.095
9.72412
10.3814
10.4404
9.82252
9.42446
11.0571
9.16258
9.48823
11.1932
9.6825
9.76253
9.45268
10.7443
10.4171
10.0403
9.93364
10.002
9.6584
9.92128
9.14305
9.08589
8.83725
9.76892
9.28226
8.41059
10.48
10.3007
9.6981
9.98023
9.84869
9.92674
10.5488
11.1382
10.6729
11.2142
11.6273
11.6426
10.3558
10.5329
10.0884
10.2793
11.0918
11.0019
10.1108
10.6537
10.5626
9.84341
9.42905
9.58591
9.79126
11.3786
11.7455
10.4424
10.7675
9.81038
10.2391
9.68864
9.75827
10.1
10.2213
11.2105
10.5774
10.5468
10.7407
9.94853
10.428
9.67788
10.0731
10.6816
11.2176
10.3345
10.6466
9.64919
9.36364
10.6946
10.1862
9.51847
9.01047
9.53806
10.7086
9.05341
9.11365
8.91961
8.55805
8.48234
8.43974
10.5418
10.4135
9.77538
10.6002
10.6641
10.2988
10.1533
10.6666
9.57302
11.388
10.9212
11.2442
10.6764
8.60043
10.5385
11.2074
9.78899
8.78091
9.41958
9.24581
9.94461
10.7487
11.6191
10.9173
10.5284
10.1553
11.2926
9.33113
9.15515
9.42975
9.9215
9.29718
8.633
9.31674
8.61858
8.68693
10.3373
9.03304
9.75891
9.83741
9.03251
9.56977
9.85113
8.95447
9.96728
9.44253
9.33379
9.19149
8.88104
8.69084
10.4428
10.9941
10.582
11.2633
11.5772
11.8145
11.6079
10.9421
10.3991
9.92595
9.92674
9.36067
9.02941
8.87847
8.88876
9.81498
10.1067
9.74199
8.35534
9.19445
9.32555
8.79118
8.40393
8.28999
8.27126
9.46193
9.01423
9.29758
9.18424
9.65385
9.15644
9.8342
10.3954
9.04792
8.98105
10.1509
9.62506
9.73544
10.4571
10.5296
11.2965
12.1468
10.0917
10.3101
10.6015
9.97206
10.3937
9.85161
9.63794
9.31048
10.3164
10.0021
10.135
10.3865
9.32985
11.1643
10.4162
8.82427
9.04422
9.84516
8.92582
8.38339
9.58239
8.74413
9.46942
9.55521
9.6242
10.5526
9.04809
8.30309
9.48529
9.19035
7.92161
9.8776
10.0531
9.44037
10.0297
10.8234
10.3613
9.73576
10.8826
9.91309
11.032
10.2201
8.94286
9.49124
10.7423
9.99665
9.62564
11.0223
11.5009
10.9608
10.7684
10.0352
10.5786
9.54515
9.241
9.99125
11.7134
10.9973
10.7955
11.1649
10.3107
9.30418
10.3059
9.6106
11.8728
10.7676
12.115
10.6274
10.7437
11.3198
11.6299
11.1824
10.4852
10.2138
10.6568
10.2504
10.6566
10.677
10.4529
9.51533
10.8516
9.91359
10.7679
9.93186
10.8544
9.76816
8.90249
10.608
10.8283
10.3294
10.3207
10.8973
11.8071
11.666
10.057
10.4723
9.66809
10.84
9.44984
9.99692
10.1581
11.4889
9.01704
9.21217
9.25394
9.22591
8.88677
9.0801
9.19536
11.1588
10.3453
10.4562
9.90987
9.5012
10.0557
11.0952
10.9828
11.4063
10.4459
8.92912
10.5257
9.80747
9.13145
10.3189
9.83264
10.4444
11.8596
12.2577
12.9241
14.5529
14.4374
14.1065
15.094
14.4541
14.7185
14.7146
15.985
15.238
16.1635
16.997
15.6678
15.1842
14.9928
13.0807
12.6752
12.6098
11.6686
11.5788
11.5437
12.5462
11.7595
10.995
11.4161
11.6045
10.1257
11.5202
10.5865
11.4658
11.579
12.0083
11.5695
12.4192
10.9435
10.9155
10.7417
12.2832
12.1715
13.489
12.2264
14.1202
14.5304
13.5015
13.5123
12.9037
12.7725
13.2227
11.616
11.9584
12.179
12.7475
12.3083
13.4106
11.7555
13.1009
12.6579
12.0646
12.2177
11.6681
12.7852
11.3374
11.1909
11.7448
12.4013
11.8505
11.2628
13.0606
13.8642
12.3458
12.1276
12.5805
12.7812
11.224
10.7163
12.0777
11.2749
11.6241
10.9987
10.5996
11.0609
11.3933
11.4571
10.9838
11.3994
10.5324
11.4768
11.0423
10.8066
10.8239
10.5932
11.2853
11.9335
12.6939
13.0991
12.3445
12.5537
13.3206
12.1667
11.8041
12.5742
13.0352
12.8683
13.8411
13.3347
13.5911
12.6739
12.2425
12.3105
12.6274
12.7391
11.4566
12.073
11.2917
13.3592
11.8212
12.1277
11.519
12.508
12.2903
11.5746
12.6679
11.507
10.9503
10.2524
10.7002
12.1457
10.838
9.60664
9.04962
11.5088
10.2806
10.0624
12.7449
11.719
10.0652
10.5054
10.477
10.1765
11.3633
9.93583
10.0627
10.057
9.48078
9.56312
10.9522
10.7642
10.0997
9.23716
10.3678
9.23497
9.4679
11.3264
10.8408
11.9282
11.4553
10.8598
11.5836
11.9716
12.4848
11.8392
11.5989
11.868
11.5423
11.6691
10.8979
10.8132
10.6078
10.9036
10.3515
10.1464
10.2153
10.6102
10.476
10.3431
9.61567
9.79407
9.85997
9.39058
8.92716
8.95693
9.76145
9.69828
10.1529
8.80366
9.79421
10.3005
9.83018
10.3947
10.4221
9.28722
9.66453
8.61097
9.10164
8.55276
10.0049
9.94885
9.98872
9.65715
9.92058
10.0185
10.0723
8.17996
8.9572
10.0362
9.57196
9.44465
9.3783
8.67261
8.21191
9.4461
10.114
9.61948
9.20407
8.97432
10.186
9.21592
10.1168
9.68003
10.5459
8.88694
9.06565
9.32197
9.501
10.7568
8.89581
10.1609
8.36183
9.06039
7.89409
8.50643
