# best half averages
52.7594
48.616
44.4864
38.2441
34.3499
31.7642
30.0458
28.0509
26.9654
25.9697
24.8675
26.4707
25.9334
24.9106
23.7225
24.0183
22.4809
21.935
23.4986
22.8753
22.7987
23.0831
21.1305
22.3186
21.0929
19.3593
20.1876
19.9728
19.8715
18.7632
19.2039
17.672
18.9005
18.5071
18.1617
17.8821
17.4214
18.9823
18.9527
19.4046
19.4256
18.4654
18.6899
16.7518
18.4241
17.3232
17.7671
17.7071
16.6143
15.4913
15.9175
15.3472
13.9916
14.7091
14.928
15.471
14.5176
13.4518
13.589
12.9758
13.929
13.2504
12.8852
14.2309
12.811
13.6799
13.4354
12.7587
11.7656
13.5447
13.1723
13.4197
13.6986
12.8348
13.025
12.826
13.4246
11.5126
11.806
12.0253
12.1036
12.0099
13.1259
12.2861
12.4176
12.836
13.3127
13.3405
13.359
12.9955
13.1443
13.4277
12.5511
13.1436
12.2033
12.3371
12.4382
12.6711
11.3149
10.8035
10.6612
10.7758
10.9047
11.3924
11.8212
11.0408
10.9198
12.3106
11.4802
11.6586
11.2886
11.8304
11.3434
11.7842
11.6494
12.4103
11.2309
11.6185
13.3334
14.0431
13.1901
14.5174
14.0657
13.6102
12.7887
13.4078
13.1537
13.0564
13.2125
13.9898
13.2307
12.8171
14.3088
14.3299
14.7532
13.7059
13.5238
12.5683
13.2867
12.5615
12.489
11.9503
12.2288
12.0834
11.0764
11.1847
11.3526
10.9605
10.9792
11.5831
11.4243
11.6504
11.0332
10.7317
11.1644
9.5586
10.5665
11.0548
10.5787
9.38962
10.5666
10.5371
9.81627
10.9204
11.0437
10.6883
11.3666
10.785
10.9762
11.1383
11.2468
11.0591
11.6621
11.2918
12.2902
12.4752
12.7571
13.5317
13.2318
13.2642
12.5199
11.9414
11.9349
12.3535
12.959
12.8488
13.3431
13.5386
12.6867
14.0229
14.5571
14.8072
14.9099
16.4885
16.167
15.1766
14.8868
14.2924
15.0905
15.7814
15.3386
15.9279
15.1577
15.6197
14.9698
14.7043
14.1769
14.2064
13.9492
13.7375
12.8732
12.5233
11.7475
12.6548
11.8246
12.2491
12.1394
12.142
13.0437
11.5795
11.8978
11.3658
12.1276
12.846
12.9804
12.3947
10.7986
11.9396
10.7834
11.4846
12.7673
12.1024
10.8894
12.1249
12.6696
12.3791
11.4651
11.3753
12.2323
10.8177
12.9949
12.9623
12.7324
13.5769
14.1126
14.0682
14.9376
13.8301
13.7806
13.5351
13.9348
13.4206
12.6769
12.9742
12.3259
12.0692
11.9974
12.29
11.8213
11.8734
13.9237
14.834
15.0925
14.8978
14.4643
12.9187
13.2905
13.4015
13.3532
13.3592
13.6977
14.3678
13.2763
12.5476
12.5868
13.1379
13.2295
12.6838
13.3125
12.7051
13.1802
13.5263
13.9494
14.0152
13.8009
14.2108
12.3779
12.8302
13.8668
12.4295
13.9098
13.8354
14.5137
14.2652
14.4626
13.5843
13.8137
13.731
13.9703
14.3899
14.2682
15.1451
15.1915
15.4889
14.7291
14.9182
15.0571
14.7203
13.945
14.1394
15.2476
14.8322
15.2592
16.1207
15.0623
14.7127
14.7172
14.5323
15.5827
14.6116
14.9336
17.0516
16.4745
16.4766
16.6023
15.8295
15.7358
15.8079
15.0123
15.0955
14.3912
14.0709
15.3066
14.2681
13.3782
13.6137
13.4734
12.5764
14.1063
14.7393
14.6237
14.3397
14.0712
15.8262
13.1157
14.4058
14.3847
15.57
15.3149
15.1794
15.283
14.7096
14.8234
14.2697
14.1474
14.1032
14.0694
13.051
13.3339
12.506
12.8986
12.9474
12.0999
13.3692
12.493
13.0367
13.5916
13.8037
15.0861
13.7755
13.2913
14.3115
13.7805
14.816
14.9314
13.1357
13.1013
12.8574
12.8742
12.7075
12.4774
11.9842
11.2482
10.2025
10.6225
11.4662
10.7492
10.9381
9.89197
9.25343
9.8829
9.66925
10.9226
10.4898
9.95983
10.6679
10.8365
9.68845
9.76039
9.69827
9.24063
10.2459
9.28093
9.90143
8.99477
9.65157
9.91571
9.01657
10.2633
9.68787
9.82128
10.3585
9.57536
8.40062
9.25183
9.7083
9.98613
9.69353
10.0474
9.03004
9.0849
8.06181
8.42096
7.97383
9.0536
8.8196
9.55086
9.2067
8.8005
7.89967
10.5512
10.903
10.654
9.95836
8.95473
8.51902
9.47343
9.37395
9.14413
9.1453
10.1265
8.86
9.06249
8.79862
8.75171
8.38641
9.40017
8.78908
7.98655
9.02792
8.42977
8.33835
7.83725
8.95919
9.00379
9.0325
9.1328
9.33729
9.07048
8.76123
9.74502
8.67895
8.52247
8.37343
8.31765
9.4642
9.11655
8.33994
8.80731
8.26585
8.84009
8.9388
7.69203
8.33671
8.48799
8.87461
9.77361
9.58007
10.2649
9.28709
10.2591
8.81133
9.00087
9.8768
9.10322
8.97682
10.9973
10.9783
11.7276
12.0551
10.9055
10.7162
11.8206
12.3367
12.7256
12.1654
12.7123
12.4609
12.5553
13.387
12.465
12.6793
12.7107
13.078
12.704
12.487
12.8526
12.9214
12.8652
12.9389
14.0203
13.0618
13.8214
14.7676
13.5873
13.2114
13.634
14.0848
13.2911
12.7053
12.1578
11.6237
13.3088
12.0588
12.1467
12.0942
11.4571
11.8846
12.5555
12.562
13.0511
12.7868
13.3675
12.9025
13.2456
13.5408
13.9462
13.6984
14.0151
13.9935
12.9238
12.7298
12.7892
12.4002
12.0706
13.0611
13.0361
13.024
13.5725
12.7345
13.021
14.5801
13.3992
13.3264
13.4373
12.8957
13.6186
13.4168
14.0022
12.0994
12.6808
12.3166
12.7836
12.0663
11.707
12.525
12.8398
11.9555
12.3779
11.3019
11.8002
13.2262
12.4132
12.889
11.8029
12.2905
12.8908
12.9617
13.7965
14.325
13.6317
12.9716
12.8409
12.5649
12.1951
11.597
11.3778
11.4324
12.1705
11.0413
11.5804
10.8906
9.79181
10.059
10.4804
10.3739
8.92557
10.5972
9.81435
9.27144
9.97719
10.1236
9.77085
9.11999
8.43977
10.3053
10.6068
8.99705
9.4391
10.1153
9.45148
10.2011
9.63107
10.0848
10.3137
10.0764
10.35
9.33751
9.38167
10.9986
10.5151
9.22774
9.82116
9.29088
9.68467
9.62016
8.93338
9.02523
10.1903
9.96062
9.3745
10.0471
8.68173
10.3909
9.26464
9.61998
10.6463
11.1728
10.2049
11.302
11.7141
10.346
12.1768
11.7069
12.9558
11.8022
12.8302
12.1188
11.407
11.3902
11.8818
11.1051
10.1315
10.6889
10.641
9.91081
9.46604
9.62908
9.47093
10.1467
8.83248
8.87788
8.77342
8.90883
9.24297
8.1966
8.64732
8.78091
8.37919
7.8521
9.49844
9.0955
9.78815
10.8481
11.8732
11.9022
11.7055
11.8481
12.5748
13.2533
12.5736
11.6966
11.4772
11.2583
11.3495
10.3606
10.1955
9.83434
10.0168
9.95338
9.1746
9.25618
9.98579
9.64827
11.8897
11.4821
10.5085
11.2553
10.5267
10.9152
11.2633
12.6272
13.8422
14.6239
13.4991
14.0726
13.8855
13.3029
14.5008
13.611
14.1306
13.6401
13.7215
14.2661
15.5377
15.3484
16.2037
16.3813
15.5832
15.2304
14.7719
13.8774
13.1231
12.4746
12.4845
11.4708
14.1611
13.9245
13.559
13.3856
13.8498
13.9117
13.7287
12.6375
12.0334
14.194
13.8607
13.1469
12.9664
12.8869
13.0132
11.8067
12.7023
11.9869
12.1481
11.4487
10.3396
11.0953
10.5587
10.3874
9.30177
10.1418
10.7785
9.77331
9.72044
9.19401
9.46849
9.08162
10.9314
9.71231
10.2424
9.52425
10.7014
11.0322
10.2452
9.83065
8.18003
9.88143
8.66855
9.03659
8.31462
9.18849
8.7123
7.91033
9.635
10.156
9.80648
11.2385
9.32375
9.143
9.23025
8.88859
8.61011
9.82815
8.522
9.47375
9.33204
8.18965
8.89782
8.32836
8.9994
9.63368
9.3293
9.56023
10.4246
9.48652
9.39976
8.8429
9.3498
9.1072
9.10608
9.01274
8.82572
9.93877
10.5657
10.3079
10.9782
11.233
11.3464
11.2537
10.5317
9.9566
9.30836
9.22254
8.2083
9.48348
9.76453
9.76659
8.53369
8.0812
7.65098
8.25819
7.92117
7.90601
7.83711
7.6861
8.30313
7.98673
8.49083
7.99076
8.40207
7.70338
7.41531
6.99707
7.92419
8.5528
9.22687
8.93272
8.36255
8.4976
8.38233
8.95173
8.80684
8.52188
8.80083
10.3572
9.3503
9.14301
8.34796
8.38389
8.20096
8.47476
8.20979
8.87077
8.75862
9.4382
8.73575
8.52265
8.64163
7.31154
7.42123
8.33378
9.40674
8.79847
9.36922
9.04421
7.92221
8.809
8.34433
9.00442
9.78557
9.26305
9.14915
9.22648
9.55063
8.61757
10.4939
9.47199
9.81184
9.19329
9.0854
8.47018
7.28018
9.52588
9.46467
8.32369
10.4879
10.1106
11.5563
10.29
9.48795
10.8193
11.3718
11.1346
12.3736
11.3992
12.1653
12.5712
13.5693
13.4685
13.4872
13.075
13.3987
13.4319
13.4665
13.0548
14.101
13.3156
14.7942
14.1741
13.2413
13.9375
12.1991
12.7289
10.9057
11.5861
10.7892
11.4143
11.0246
10.8368
10.3864
10.2575
10.7274
10.4226
10.3998
9.91234
10.3159
11.4807
10.8517
10.9362
10.6406
10.4673
10.9305
11.2321
10.2393
10.9941
11.6747
10.5242
10.0509
11.3792
10.1873
9.97156
9.53693
8.29537
9.31434
10.6378
10.2023
8.82581
9.163
7.94952
8.84537
8.78302
7.79518
8.13478
8.00156
9.00295
9.52339
9.47428
9.18076
8.44439
8.53655
9.4141
10.2855
9.23561
9.34881
9.09544
9.34507
9.00765
8.08193
8.60414
7.648
8.63119
9.68253
8.95038
8.79492
7.95678
8.66224
8.2261
9.09006
8.90743
10.1913
8.74027
9.42977
9.85589
9.29234
8.88446
9.56761
8.70259
9.68562
9.91509
8.63048
8.58066
10.0887
9.83676
9.13233
9.36343
8.81576
8.54457
8.86767
9.89864
