# best half averages
54.0839
50.2024
46.1657
43.8028
40.411
36.6763
34.0061
32.3421
30.5903
29.8644
28.5304
26.1753
24.9962
24.147
23.8656
23.4689
23.4867
23.3953
22.4374
22.6486
21.7235
19.8264
20.2123
19.7202
19.7461
18.5542
18.842
17.4158
17.7495
17.9952
16.3017
15.6246
14.5219
14.4008
12.7441
12.3331
14.2755
12.5318
12.4969
11.4789
13.0322
13.2677
12.0551
11.477
11.5111
11.6734
11.7195
11.8282
12.2962
10.8783
11.2519
10.8525
10.6464
11.2137
11.0191
11.809
10.2624
11.3194
10.7303
11.5028
11.6435
11.5779
11.1144
12.4035
12.0973
10.6451
12.4975
11.4018
11.5582
12.1813
13.0155
13.3219
12.4546
14.5864
13.606
14.4242
15.1857
15.3901
15.9082
16.5414
17.1168
16.6408
15.8696
14.7755
15.2956
15.2216
14.7083
13.6104
13.0093
13.457
13.5013
14.4363
14.9303
12.639
12.5491
12.8572
11.8304
11.6421
11.4548
11.2929
11.5687
11.7642
10.0189
11.986
11.2949
12.2858
12.3939
10.6491
11.8544
10.0534
12.1235
10.4672
10.322
9.82031
10.6251
10.374
10.5503
10.0142
10.2686
9.84771
10.2373
10.2651
11.8335
9.69859
9.84092
9.34928
10.7981
9.76208
10.5547
9.74618
9.16027
9.66713
9.54697
9.16697
10.3151
9.84076
9.95292
9.36547
9.66918
10.6702
9.43242
9.48338
9.28805
9.86329
9.22493
9.64209
9.88177
8.75927
8.94169
9.40069
9.98438
9.03499
8.84794
9.26782
9.19777
9.18963
9.27124
9.56809
9.01117
9.14662
9.00375
8.25509
8.79631
8.73026
9.44217
8.69324
8.8532
8.51264
7.34863
8.54177
7.58623
7.64932
8.27979
9.03144
7.9968
7.11839
8.6675
9.37712
10.1249
8.23279
10.1018
10.8561
12.4994
12.2413
12.5343
12.0058
13.6272
14.1341
12.501
14.0653
16.1152
14.1174
14.179
14.0942
14.1461
13.0818
13.3627
12.8784
12.5496
11.6796
12.2254
12.0293
11.57
11.5741
12.2547
11.5823
13.9457
11.3315
11.0803
13.1325
12.9026
13.5281
13.782
14.3667
13.5034
14.764
15.2303
14.9681
15.8959
13.7612
14.3004
13.6185
13.1773
14.138
13.5795
13.2362
14.4007
13.7738
13.2125
12.4821
12.8233
12.9116
13.7166
14.6856
14.0185
14.5847
13.864
13.7781
13.3022
12.2825
12.5368
12.7926
13.2614
12.8523
11.5349
11.3004
11.3127
11.2418
11.4389
11.7445
10.4892
10.0466
10.6777
10.2397
10.3515
10.472
11.0514
10.743
10.5716
10.6872
10.6335
9.90749
9.56845
9.53712
9.7198
10.307
10.1375
9.25134
9.64522
10.9047
10.3309
10.5648
11.3923
12.8685
12.2094
13.6429
13.4449
14.3704
12.2551
13.3997
13.4408
12.1908
12.006
12.862
12.0942
12.2611
12.6255
12.5851
12.5781
11.2411
12.2245
12.6599
11.6098
12.5604
11.6584
11.7455
12.3937
13.468
14.2174
12.7678
13.9022
14.3365
14.0658
13.9127
13.4354
14.5523
13.7452
13.6348
13.6484
13.79
14.4593
13.9208
15.8006
16.0852
16.3555
15.4102
16.0464
15.2773
16.2234
15.4703
15.832
15.2263
15.9991
15.6748
15.711
15.7214
15.6059
16.5414
16.2977
15.7274
15.0412
15.1904
16.4305
16.4585
17.0961
17.2866
17.0455
16.8549
17.2377
16.2722
16.8678
16.3365
15.1326
14.4437
15.3528
14.3612
14.2544
13.1129
14.0781
13.2312
13.211
14.1266
13.9762
13.4251
12.968
12.0393
14.2213
14.4687
13.0596
13.2438
12.7392
13.4918
12.2098
11.495
11.7061
12.1074
12.3153
12.2944
12.2395
11.6342
12.105
10.902
10.4588
10.5126
10.3583
10.3887
11.0397
11.4791
12.4543
11.9617
11.8512
11.7069
11.521
12.8401
12.9243
12.8388
12.5844
13.1265
13.1554
12.6999
13.6057
13.3505
13.8616
14.3602
14.9446
13.4186
13.5327
14.2828
12.3241
12.921
13.1898
13.2701
12.5854
13.3973
12.1377
13.9081
13.802
14.1784
12.6808
12.6502
13.8936
14.1269
13.7736
12.3506
12.5375
12.9455
12.9071
13.4708
12.4739
11.0085
12.149
12.4029
12.6767
12.7295
11.5041
12.5645
11.9864
12.6119
12.0164
11.6598
13.2963
11.5153
11.3993
10.802
12.6388
11.6296
11.8369
11.8658
11.4108
11.0669
11.5968
10.7828
10.8802
10.612
12.4498
11.0076
10.9127
11.0232
11.3956
10.5848
10.6082
10.8996
10.3856
9.71182
10.5306
10.0518
10.4763
10.7589
10.6052
10.8224
10.1521
10.3363
10.0271
10.4638
10.6414
11.2783
10.1179
9.75531
10.4303
9.61401
9.89968
10.1208
8.97803
10.1561
10.3699
9.81399
9.87754
10.0972
9.80312
10.7144
10.884
10.1079
10.6594
9.85303
10.2167
10.0882
9.52542
11.5197
10.1628
9.98468
10.105
10.1503
9.22902
9.51836
9.07495
9.23286
10.0839
8.55176
9.61635
8.62161
9.66845
9.02438
8.45681
9.99383
9.12066
9.40766
8.48962
8.38416
8.84085
8.74044
9.26389
9.62396
10.0989
8.63212
8.72338
8.69258
8.88203
8.81867
9.46672
8.74764
8.27043
8.68961
8.44279
8.21426
7.9717
9.01564
9.13978
8.8719
8.68299
9.79585
9.776
10.2678
10.2589
9.74697
9.2181
9.11691
9.27959
9.27327
8.26401
9.18136
8.85615
10.0429
8.82134
9.19739
8.55321
8.81597
8.78551
7.98441
9.48899
9.70157
8.40933
9.09139
7.69711
7.88842
7.8364
10.4982
10.2754
10.87
11.7826
11.4401
10.6437
10.8345
11.234
11.1168
11.0095
11.0596
11.1786
10.4347
10.3688
10.3742
9.81034
10.254
10.1173
11.1886
10.6618
12.3548
11.0865
10.2702
10.7031
10.1992
11.4905
10.5712
12.0893
11.887
11.8521
12.2041
13.1662
12.6662
12.461
12.4908
14.0718
13.5966
13.9891
14.7577
15.6173
14.3684
14.9855
15.4678
14.7546
15.5308
16.5532
16.2619
16.4021
16.488
16.0546
15.7619
16.9923
16.3319
16.7786
16.6808
15.9223
16.4862
17.0115
15.3534
15.6628
14.8196
15.0883
14.5199
14.2737
14.0005
13.0784
13.4132
13.0674
13.6753
12.9704
13.695
14.1429
13.9598
14.4678
13.8761
14.2205
14.2933
12.5404
13.3226
13.5261
11.6984
13.2321
12.1616
13.5173
11.9316
13.6836
13.0614
12.0625
13.1819
13.427
12.2675
12.2122
11.2888
11.9249
12.6805
12.6691
12.5281
11.7437
10.5049
11.714
11.6672
12.2054
11.3779
10.6825
11.5555
12.9952
12.2623
12.2511
12.317
12.4865
12.4059
11.4127
11.7525
13.0624
11.6985
12.3703
13.0638
12.9912
13.722
13.623
13.0699
13.9705
14.3917
13.6424
13.7767
13.6163
13.9462
13.642
11.9339
12.4052
12.8889
13.4997
12.3662
12.0738
12.3806
12.9328
12.2411
12.2639
11.7743
11.6101
12.6
12.6231
12.3285
12.8226
14.5745
13.9479
14.2621
13.1857
13.1781
13.0473
13.5588
14.3154
15.491
16.4848
16.468
16.6515
16.2592
15.8074
16.4016
15.9528
16.0771
16.0008
15.8312
17.1577
16.3583
16.0643
17.2705
16.922
16.7884
17.6191
16.8027
16.699
16.1567
16.9206
16.865
16.3775
17.0937
17.6401
16.4399
17.4305
16.7535
14.8495
15.326
15.3886
14.9241
15.2959
14.3103
14.5568
15.0745
14.8255
14.8075
13.9474
12.8067
13.9346
14.268
13.4034
13.5998
14.3734
13.4296
13.7758
13.4157
15.3897
14.6742
13.5361
13.4064
13.5496
12.7404
13.4635
12.6329
13.2769
13.7168
13.5743
13.3942
14.291
13.6118
13.9588
13.47
13.845
11.9572
12.6849
13.2999
12.8244
11.7802
13.6878
12.4906
11.7808
11.7508
12.1077
11.9704
13.5326
12.309
12.2131
12.2472
12.1935
13.4057
12.9323
12.8182
12.3601
11.2464
12.4644
12.8499
13.8136
12.9806
13.5937
13.2382
14.8617
15.2261
14.8819
15.1332
15.6622
15.9464
15.9729
16.0574
16.0137
15.1567
16.4272
17.3955
15.7576
16.0247
16.5997
14.281
14.1639
14.2808
13.9781
14.5864
12.9256
13.4808
14.5625
14.2932
15.4062
13.6038
14.1182
14.0892
15.7268
14.513
13.513
13.7171
14.7202
16.5126
16.0584
14.8924
15.3422
14.4775
14.8399
14.749
14.9322
14.1297
15.2826
15.1883
15.0706
14.2787
14.0872
15.9385
15.6154
14.861
13.2286
13.237
14.1506
14.0221
14.0362
13.5117
13.6614
13.9689
14.2326
14.6103
15.7742
14.3157
14.3146
15.6925
15.9207
15.8403
16.045
15.3517
15.972
16.256
16.3081
15.3065
14.9619
14.043
15.0698
14.2409
14.6576
13.9483
13.4861
14.2244
14.143
13.6931
13.4137
15.1695
13.4876
12.6603
11.7778
12.8498
13.0152
12.6382
12.8078
12.4817
11.5526
12.7706
11.8828
12.1756
12.2151
12.547
13.2193
12.6675
12.9855
11.3989
11.2653
11.5923
11.5585
12.6535
11.5048
11.5601
11.5442
12.4992
12.5108
11.0423
11.1669
10.8914
10.3008
9.87284
10.4151
10.5476
10.7214
10.8171
12.4727
12.1485
12.399
12.1768
13.1704
13.2439
13.7329
14.8706
14.534
15.3981
16.5653
17.382
16.9256
15.5767
15.5296
16.7378
16.2518
16.9825
16.8388
16.7955
18.8199
18.1478
18.4339
17.8652
17.597
17.0233
16.7936
17.3032
19.0984
17.7528
17.0005
16.3165
15.7673
15.2663
15.9301
16.221
16.343
16.1921
15.8249
14.8369
14.0167
13.9673
14.4146
14.1117
13.5315
14.606
13.9832
14.3965
13.0543
12.8659
12.091
12.0067
13.5524
12.8797
13.16
13.3095
12.1944
13.4902
14.4109
14.091
13.7475
14.1307
13.9459
14.2502
14.365
14.1699
13.6308
15.0623
14.5158
14.5294
15.5432
14.6717
16.2352
15.9721
15.2602
15.1299
14.7507
14.8468
16.0322
15.269
