# best half averages
51.6368
47.7224
44.6413
40.8962
39.0096
36.4007
32.7073
31.0545
28.5947
28.1455
27.0509
26.1981
26.2563
25.0911
25.163
23.7886
23.7906
22.0165
21.5963
20.7385
18.381
17.7524
16.102
15.3689
15.9487
16.2919
14.8391
14.3201
13.7024
13.7547
13.8326
13.0607
13.9389
12.1087
13.1329
12.1988
12.2357
11.7807
12.1877
13.1198
11.417
10.913
11.0638
12.0663
12.0799
11.5661
11.4946
10.4986
11.5978
10.4905
11.0648
10.7682
10.7922
10.4431
10.5441
12.8274
11.4373
11.6295
11.3321
10.9843
10.5014
12.3256
10.6193
11.0358
8.93927
9.17972
10.306
9.28897
8.40437
8.80666
9.97011
8.66037
9.3275
8.97909
9.7898
9.25381
9.1361
10.0868
10.2224
10.5798
11.2982
10.825
12.2595
11.9993
12.3191
13.0664
12.7057
12.6537
12.1628
13.7149
13.3083
11.7046
12.5581
11.4566
11.6801
11.7488
12.5168
11.8556
11.9037
11.1478
11.7969
11.866
10.452
11.1469
11.6746
12.0704
11.2647
10.4581
10.9911
10.4194
11.0547
12.0398
10.8852
11.2551
12.0852
12.7147
12.8352
13.6792
12.7659
13.4242
13.4292
13.8133
13.7027
13.2361
14.1717
13.6502
12.8221
13.2948
14.1226
15.0192
14.6691
14.4687
14.9473
14.702
15.4167
15.5295
15.7149
14.7604
14.9822
13.7081
12.9164
12.2464
11.6672
10.9939
11.1936
12.0906
11.5959
11.5418
11.1987
10.2524
10.1406
11.9478
10.7858
10.7158
10.8227
10.8056
10.8325
11.1714
10.5554
11.0382
9.63707
11.365
10.4524
11.085
12.3062
12.011
12.7031
12.5749
12.6941
13.3244
13.9922
13.6501
13.0552
14.2196
13.5901
13.1136
12.3847
11.6367
10.5183
11.1673
11.3713
11.5721
10.6647
9.48187
8.74166
9.59347
9.50842
9.78501
9.36018
9.32123
9.50873
10.441
9.89245
9.7673
10.2636
9.77872
10.2779
9.80631
10.2116
10.652
11.0091
12.3927
12.6362
13.3503
13.3416
13.4315
14.0079
13.3157
12.7187
12.3931
13.473
13.4317
11.31
11.9826
10.6205
11.5262
11.0688
10.1538
11.0541
11.2521
10.7106
11.1687
11.723
11.9521
11.7749
11.8056
12.1414
13.9533
12.8397
13.6072
13.9784
14.667
13.9269
14.1427
13.4968
13.9607
14.318
15.022
13.9058
14.4312
14.243
14.2955
12.9854
12.15
11.7427
11.7944
12.0944
11.7932
10.9472
11.6413
13.2208
13.1869
14.9694
14.6277
16.0423
14.8018
15.2096
15.7322
13.7252
13.8776
13.7838
14.1573
14.9115
13.4174
13.8761
12.7347
12.4901
13.878
13.3632
11.8439
11.5405
12.6632
12.997
11.2139
13.1199
11.777
11.5929
12.6313
12.398
13.3607
11.7642
10.7554
11.6307
10.8376
10.6422
11.8947
11.269
11.8413
11.0104
11.4026
10.9269
10.0942
11.6422
11.3694
11.5695
11.3746
10.8933
11.4879
11.1808
10.1913
10.4741
10.5521
9.40106
9.91996
10.1465
9.82496
10.2289
9.1873
8.6347
9.9816
8.99578
9.13936
8.36269
9.51221
9.04636
8.21316
9.02965
9.5065
9.08998
9.31659
8.58821
9.37714
9.5161
8.6291
9.03
8.99747
9.37947
10.0518
9.379
9.70047
8.90697
10.0098
9.57977
9.89108
8.55183
9.46326
9.18608
9.32403
8.28502
9.06934
9.40145
9.49168
9.11912
8.18081
10.1084
9.43316
8.73877
8.35891
9.92993
8.97718
8.2044
10.0275
10.6702
11.5028
11.0844
11.476
11.1267
11.2863
11.3202
11.1224
11.5213
11.0727
10.3267
10.3264
10.5629
10.89
9.26413
10.4968
9.87645
10.5792
11.7758
11.4272
10.7044
11.2198
10.681
8.78908
9.93229
11.0071
10.3704
9.87553
9.77893
9.29671
9.75438
8.92987
10.5198
9.50652
10.7728
10.3992
10.4629
11.1534
10.3282
11.4156
11.3135
10.5969
11.4058
11.4547
12.2243
10.7089
10.8094
10.2897
10.1812
10.1563
10.9432
11.1205
11.6036
11.5184
10.7457
12.034
12.3532
12.1096
11.5278
12.3447
13.9199
13.6499
13.3289
12.9317
12.8702
12.3986
12.1091
11.5479
11.5915
12.3181
11.7844
12.372
11.7196
11.7039
11.894
10.9851
10.4627
9.26109
9.29191
10.2601
9.90648
10.3537
10.0755
10.304
9.97501
9.65013
10.5716
11.2259
11.785
11.819
10.486
10.88
10.094
10.7515
10.2402
10.0275
10.3228
10.7386
10.8547
9.73563
9.88812
10.6686
11.0877
11.2322
10.2716
10.335
10.2127
10.1567
10.545
10.8113
10.26
10.218
11.3366
10.7836
11.0596
11.0052
10.7924
11.0818
11.0692
10.649
10.3533
10.7718
9.76286
11.0561
10.7461
11.0568
11.591
11.5718
13.6894
12.7913
13.1993
13.1214
14.0327
13.285
13.5872
13.6416
14.4637
14.4344
14.5869
14.6018
14.5258
13.6345
13.5548
13.5426
14.2817
14.9629
14.1576
14.4096
13.6471
13.9592
13.6258
12.6045
12.9407
13.0446
13.3949
12.4616
13.7003
13.6689
12.2003
12.6031
13.402
11.7118
11.8242
13.4988
13.08
12.5835
12.2691
12.8212
12.5275
12.1284
12.5596
11.9748
11.802
12.5415
13.631
13.2531
13.6732
13.5549
13.5417
13.4727
14.0825
14.3022
13.6982
12.823
13.3364
13.595
13.5115
12.7366
13.5279
12.5275
13.0045
12.0505
11.7556
13.0013
13.3444
13.0315
13.7749
12.1429
12.8615
13.5959
13.528
12.6537
12.4059
12.6871
13.3099
12.8849
12.8388
13.0937
12.5055
12.5515
12.2265
12.0849
12.1969
12.252
13.4867
13.3177
12.7097
11.9347
11.4433
11.4559
11.1524
11.3852
10.4216
10.8894
10.7787
10.9438
10.5241
10.9758
12.7187
11.3082
10.9296
11.6928
11.4061
10.4225
10.1906
11.5162
11.2162
10.2685
10.2964
10.402
11.1476
11.4431
10.5442
9.75234
10.3978
10.0324
10.481
9.69216
9.36545
9.93089
10.5392
9.33749
9.79642
9.35509
9.9214
9.59481
9.02739
9.14786
8.84191
9.64247
9.92619
8.55464
9.44959
9.5776
8.87471
9.62939
8.97029
9.3167
9.46244
9.01453
8.76895
9.03349
9.51363
9.50239
8.77294
8.67601
8.6331
8.00901
8.60869
9.05244
7.82016
9.55331
9.12304
8.32471
9.17609
9.93274
9.29163
9.4955
10.6696
9.34079
10.4596
9.56212
10.2997
9.85936
9.95015
9.49924
9.27105
8.6852
8.58173
9.49125
8.63596
9.73746
10.3935
8.96248
9.09184
9.42951
10.0066
10.6241
10.3796
11.5619
11.7315
12.4948
11.9816
12.7352
12.0892
12.303
12.5777
13.4334
13.7328
13.1677
15.0291
14.3785
13.7669
14.2538
12.8642
13.3355
13.1942
12.8761
12.4312
11.9794
12.931
13.0629
13.724
12.6352
11.7283
12.6586
12.3965
13.2825
12.2829
12.1987
13.5064
13.1499
12.433
12.0614
12.5424
11.3644
11.7671
11.3604
11.6856
12.4673
12.577
11.8558
10.9349
10.9566
11.9372
10.837
12.9409
11.8369
11.1728
11.3843
11.5774
11.7806
11.4399
12.2747
10.9651
11.5541
10.8929
11.4888
11.9989
13.3642
12.9237
12.3476
13.5637
13.9369
12.4278
12.9305
13.9521
14.1028
14.2614
13.395
14.0918
14.4952
13.9595
13.115
13.8872
13.3199
13.33
13.0022
12.0067
13.1873
12.5896
13.0451
13.9574
13.3024
11.9278
12.1644
12.3569
12.4902
11.6715
10.984
10.7534
11.6108
11.7955
11.4544
10.7427
11.2677
10.5119
9.93938
9.99771
11.8203
9.53385
9.93595
10.1412
10.1555
10.5266
10.9944
10.1351
10.6512
9.5512
10.7506
10.1794
9.76307
10.0452
10.8791
8.43521
8.84359
10.1752
9.49388
10.1226
10.9713
11.3725
11.8436
12.3246
11.4089
11.5299
12.1062
11.1015
11.5919
11.2762
12.4673
11.8587
11.9086
10.4599
12.7305
12.3894
12.7208
13.2811
13.1771
14.3294
14.2602
14.3125
13.8873
13.9515
14.0583
14.3523
13.0263
13.0456
14.4047
15.8006
14.3634
14.3529
15.9225
15.1935
15.0067
14.9119
15.3284
13.9354
15.0042
14.6426
15.8994
15.6683
14.2723
17.0723
16.4556
17.3217
17.1019
16.8911
16.7431
15.2838
15.9177
15.1533
15.9597
16.8284
17.0346
15.2171
15.8411
15.2934
15.4274
14.8186
15.4427
16.1584
15.0864
13.834
14.2833
13.8764
12.762
13.3163
12.2412
13.1362
12.5501
11.9728
12.2798
14.5899
13.9821
13.6693
12.757
12.1925
13.044
13.8563
13.5146
12.1033
12.7125
13.0816
13.7303
13.031
12.6898
12.524
14.6398
14.7769
14.4913
13.3693
13.3393
13.6188
12.7469
12.8539
12.476
13.0193
13.9917
14.5942
13.4274
12.6036
13.3373
12.3289
12.0142
12.431
12.1461
12.5178
10.8995
11.5308
11.2717
10.683
12.6824
12.3363
10.7316
10.7021
10.6096
10.5197
9.35483
9.92064
10.6273
9.68037
10.9233
10.619
10.938
10.7321
10.7176
10.709
11.0031
10.9574
10.0999
9.40843
10.7034
10.5982
10.8496
12.0726
10.6791
10.9809
9.68529
11.1367
10.7717
10.9923
10.9908
10.1146
10.7421
9.90875
9.7115
9.41367
8.71555
10.7893
10.678
10.2511
9.45124
11.1174
10.805
10.8855
10.6724
10.6855
10.8933
9.83916
12.113
10.9433
10.9014
11.3529
11.7617
12.7826
13.0671
12.9641
13.4892
12.1634
13.5957
12.862
11.7318
12.9957
12.5822
12.4271
12.4087
13.6579
13.2276
13.1595
14.1411
14.2439
13.9559
13.0884
14.1135
13.1917
11.9207
12.867
12.9552
11.9308
12.7826
12.6884
13.1307
12.9889
14.3922
13.8477
15.4394
15.0308
15.1346
15.9824
15.3975
14.8821
15.2098
14.5963
13.8349
15.2301
14.3318
13.2114
13.6727
13.9052
13.768
12.522
13.215
13.3444
11.6769
12.3915
12.0341
11.2576
11.9522
