# best half averages
53.3536
48.7244
43.8817
39.5301
37.8482
35.0993
32.7939
31.5445
30.7777
28.4083
27.6166
26.3775
26.4204
25.3374
25.9412
24.9972
26.056
25.7689
24.1709
24.5313
25.0962
24.6994
23.5674
22.9443
21.2397
21.7916
20.3916
18.8716
19.5148
18.159
17.7812
17.5482
17.3199
17.6619
17.6017
14.5642
14.1564
12.7841
13.275
11.6822
11.3802
11.4907
11.6711
10.5994
11.2345
10.8376
11.1011
10.8245
10.9098
9.99262
10.5783
11.7582
10.7579
11.2089
10.3384
10.4784
11.078
11.7594
10.3714
10.7883
11.4493
11.0969
9.10347
9.24382
10.2137
11.7792
10.7892
9.7776
9.04578
9.93015
10.645
11.0555
10.792
9.84259
10.2672
11.0986
10.0746
9.85071
9.65911
9.49176
10.0436
10.0264
10.4345
11.8986
10.3425
9.17889
9.21509
9.25882
9.93977
10.3427
10.4145
9.47443
9.94281
10.4514
10.1421
9.65541
8.93304
10.4943
9.61837
9.82878
10.3269
9.07995
9.63602
8.80369
9.09544
11.3243
10.0609
10.9762
10.0644
9.67926
10.9884
9.45416
8.99231
9.58355
9.13961
8.45367
8.29897
9.98823
9.0928
9.90932
10.9107
11.4512
11.5805
10.3676
8.72043
9.61243
10.5336
10.3833
10.4194
9.83449
10.9449
10.1702
11.1239
10.4388
10.0863
9.46147
10.5296
10.3207
10.6933
10.6529
10.6139
10.6657
10.9622
12.0262
11.8445
13.3799
13.3448
13.4454
13.9002
14.3321
13.8601
13.2802
14.7186
14.6394
14.8818
15.1485
15.0396
14.5279
14.6346
13.2898
13.6178
11.8559
11.9633
11.2131
12.0693
10.317
11.4274
11.239
10.7281
10.2799
11.0178
12.1248
11.4153
10.7871
10.8637
9.85931
10.2817
10.4865
10.4599
11.3929
10.9353
10.6471
10.5458
10.3535
10.9158
10.7622
12.0412
10.7401
10.3359
11.7593
10.9989
10.0088
9.49846
9.39567
9.86663
9.7503
10.8756
9.75459
8.836
9.76294
10.262
8.90128
10.0254
8.36727
8.90639
8.67417
7.94813
9.73931
8.76072
8.34043
9.4884
9.78554
9.61802
9.93951
8.10133
9.6407
8.3515
10.0822
9.08035
8.95296
8.98691
9.59554
10.1388
10.124
10.3764
9.48532
9.40696
10.1507
9.40806
9.82497
10.5273
9.81327
10.164
10.2176
9.96706
9.63534
10.6744
9.82145
10.9753
10.6991
10.3941
10.2894
10.2671
11.5132
12.1617
12.4422
12.673
13.0728
12.5483
12.8444
13.2215
12.7724
12.8967
13.0129
13.8356
14.1085
13.7542
12.6925
13.3699
14.5781
13.4416
12.9264
13.5966
12.9859
14.5423
14.7075
14.1502
15.3795
15.7784
14.4438
13.713
13.57
13.1077
13.4032
15.0349
13.7098
14.2036
13.089
13.1011
12.8643
13.1139
12.7919
14.5992
14.0519
13.5647
14.2124
15.3574
13.6801
15.1112
14.4605
14.606
14.7978
15.9474
15.4163
16.0953
17.2166
16.2699
15.6859
16.3636
15.9685
14.9938
14.1999
13.6774
14.3045
12.5077
12.7648
11.5503
11.9056
11.6752
12.7288
12.0847
12.0663
12.5707
11.811
12.3093
11.3972
11.8959
11.2622
11.645
10.494
10.395
11.0102
10.2346
9.7153
10.9245
9.804
10.6845
10.79
10.1879
9.89125
9.97126
9.55594
9.27511
9.19061
10.3128
10.1616
9.2871
9.39112
9.75196
9.32793
9.53483
10.1329
8.90118
9.95485
9.69961
9.95585
8.48483
9.15936
10.2758
9.40873
9.08157
9.14745
9.34502
9.29236
10.021
9.08206
9.75045
9.22401
9.48635
9.00135
9.24333
9.19404
9.02573
9.09683
8.43262
9.03789
8.38626
10.8023
10.862
12.0687
12.7547
11.5652
12.5776
12.7078
12.1237
12.4407
13.1905
12.0874
12.3333
12.7818
13.1964
13.3664
13.7706
13.3494
13.2255
15.007
14.0834
13.651
13.8174
12.8909
12.4522
11.646
12.3225
12.4708
12.3315
11.521
11.0337
11.7437
11.3818
12.6469
10.8227
11.9572
10.7705
11.3772
11.1519
11.8284
10.9775
11.5888
10.8185
9.8916
9.62741
9.15895
9.34695
9.65704
9.72547
9.63805
10.3728
10.1208
9.2306
8.47351
9.24809
9.48741
8.9841
9.20196
9.77673
9.22656
8.68368
8.89692
7.63654
8.60421
9.29917
8.77957
9.34689
8.11741
9.32365
8.07873
9.53072
8.43394
8.28926
8.27464
8.96459
8.21117
7.44389
8.79446
8.96415
8.36383
7.9211
7.9917
7.867
8.03811
8.65069
8.64555
8.54203
8.28438
8.27056
8.21371
8.79303
9.37059
9.69731
9.1045
9.79643
9.64315
10.5166
10.9072
11.395
11.1027
11.6941
11.4742
11.1066
10.52
10.2248
9.6877
10.304
9.96833
10.009
9.70439
10.1077
9.32758
9.29137
9.43616
9.95093
8.9775
10.1454
10.3946
9.0965
9.28777
8.63631
8.80694
8.2924
9.25058
9.24861
9.02209
10.1556
10.7912
10.9814
10.1363
8.96422
9.12517
9.66973
8.60556
7.99847
8.76225
8.37829
9.93478
10.1462
9.31367
9.47516
8.83407
8.47091
7.77846
8.4489
9.47464
9.24376
9.35163
7.14344
7.70236
8.53222
7.55662
7.60514
6.82382
8.68458
8.81258
8.85032
10.9227
9.33645
10.9745
12.4095
11.2647
12.2595
11.3771
11.9666
12.8819
12.5824
12.0842
12.3224
11.203
11.846
12.8154
14.1026
14.2589
12.8464
14.6235
13.5735
14.2567
13.6726
14.3608
14.8819
13.7799
14.7009
15.0754
14.8964
15.2557
15.0861
14.1463
15.2468
16.1999
15.4941
16.9486
15.5793
15.8832
16.1621
16.5532
16.232
15.7427
15.2301
15.5978
15.3949
13.7386
13.8124
14.7287
13.6666
13.2508
13.4955
12.6308
13.0192
13.414
11.9816
14.3249
13.8413
13.4104
14.7088
14.4295
14.4314
15.1732
15.2427
14.5087
14.6549
14.0819
13.7835
14.4327
14.6934
13.3126
14.4906
14.5593
14.1615
14.6314
13.3618
14.7931
13.6289
14.0592
12.8092
12.8026
12.2652
12.259
11.2981
12.4377
12.2245
12.0263
13.9301
13.6201
14.6737
13.8953
14.0837
15.3632
14.0937
14.5727
14.7035
13.7533
13.5283
12.6299
13.1953
13.8061
14.812
14.3618
14.6045
14.0202
14.3832
14.0086
14.5797
14.1124
14.2287
13.853
12.7082
12.3461
12.5185
12.0798
11.9788
11.3526
12.6129
12.7829
13.3814
14.0002
12.9666
12.9798
14.4869
12.7129
13.3907
13.9834
14.461
16.0239
15.2489
15.4217
14.2865
15.3396
14.3359
14.1236
14.5311
12.6962
13.5593
12.8425
12.9639
12.6843
12.7833
12.6966
12.4363
11.5727
10.8572
9.96722
10.5506
10.4895
10.6855
9.87689
9.77737
9.14465
9.40826
11.2941
10.3934
9.9932
9.78955
10.7842
11.0958
10.9992
10.812
11.1279
10.5346
10.3159
10.1561
10.0486
9.30505
10.5783
10.6696
10.1408
10.0023
10.0512
9.24028
10.8943
11.1767
11.1734
11.0523
13.0267
12.669
12.9507
13.9228
14.0214
14.815
14.1921
14.7068
13.7448
12.6885
12.5717
12.2659
12.8545
12.0827
12.408
12.2288
11.5541
12.1552
11.697
11.9066
12.1661
12.202
12.6746
13.0842
13.307
13.3322
12.4076
11.816
12.6985
11.3487
12.1743
12.0535
12.4773
12.9356
11.5754
12.0529
11.8128
11.2477
10.5251
12.2568
12.7066
12.2171
10.2933
11.2607
11.2247
11.4164
11.3541
11.8023
11.9346
11.5263
10.9821
11.2421
12.5107
11.5634
11.3295
11.443
11.0121
11.0907
11.5679
11.58
10.6172
11.3516
11.8115
11.0053
10.4739
10.666
10.6641
11.6356
10.9281
10.1424
9.85917
10.011
9.90871
10.267
11.1245
11.7267
11.038
9.99955
10.8208
10.1822
9.51289
9.66104
11.0603
11.6829
10.979
9.97156
9.56408
10.0819
10.2258
9.91172
9.77617
9.40154
9.88942
10.5422
9.79741
9.07254
9.62227
8.41968
10.8384
9.26215
8.33621
9.08488
9.22154
9.81266
9.83465
10.0522
9.49315
10.0632
9.34344
9.62619
9.20846
9.64758
9.0545
8.84957
9.09784
9.73678
10.1201
9.50292
9.84571
9.29196
9.52939
8.74036
9.4215
7.6117
9.56531
9.59267
10.235
8.88202
9.38588
10.4799
9.86251
9.44886
9.50466
9.35103
9.22023
8.79735
8.3354
8.42084
9.7465
8.99345
9.94756
9.16689
9.75561
9.54829
8.91044
10.8728
10.665
9.84376
9.2423
9.10273
9.53369
8.96237
9.30064
9.28573
7.87235
10.0084
10.825
9.70973
9.80191
9.53359
9.19579
9.59338
10.0087
10.4896
9.52085
12.0867
12.8957
13.1577
13.5883
12.7841
13.0068
12.7712
13.0889
12.3981
12.8362
12.1096
11.8272
11.5332
11.5419
11.8963
11.744
12.865
11.8656
12.7726
11.537
12.2154
12.1433
11.6642
12.4891
12.6878
11.6544
11.941
11.5609
13.3817
12.5956
13.6832
13.9836
14.6229
14.8206
14.0761
13.7228
13.9549
13.5937
14.3905
14.9828
14.2416
14.3527
14.1893
13.8594
12.3418
12.4173
12.1256
13.7595
12.051
13.561
12.9928
13.59
14.1447
14.2323
13.845
13.106
13.89
13.7959
14.1057
15.44
14.1409
14.3286
13.7508
12.3136
12.5477
11.2203
12.52
11.1907
11.4991
12.4302
12.6732
11.5226
11.9773
13.0846
12.5988
12.1359
13.4067
12.344
13.7205
13.7227
12.4288
13.5404
13.7525
12.1745
12.1031
12.6641
12.4576
12.8692
13.2579
14.6806
13.3895
13.3477
13.1472
13.3789
14.1141
13.7137
13.1767
12.7543
13.128
12.7623
11.9586
11.2278
12.0631
11.9485
12.249
12.5198
11.819
11.3607
12.1902
12.3153
12.3392
12.5247
12.5815
12.8052
12.8864
12.2664
12.6648
11.2483
11.434
11.8446
11.7537
11.4629
11.4281
11.0977
11.0064
10.5296
11.258
10.587
10.5264
11.6455
12.3719
12.7377
12.0406
13.035
11.8253
12.2276
