# best half averages
52.8968
48.9682
44.9817
39.4595
37.3008
35.9444
33.5323
32.2747
31.3922
28.3386
27.3094
27.7409
27.9436
26.8622
25.4398
24.4997
22.38
21.2436
20.105
19.5301
20.2053
20.2424
19.6729
18.3511
18.0017
19.3324
17.9727
17.849
16.7106
16.7766
16.2817
16.1344
17.248
17.5294
16.2694
16.4557
16.1462
14.4264
14.732
14.2227
14.1442
14.7968
14.6263
14.3962
13.2273
14.581
14.5332
13.834
13.8269
14.3097
14.2976
13.6656
14.2156
13.8069
14.3357
14.7283
14.6509
16.2722
15.3261
15.9363
16.0144
14.8034
14.309
14.7948
13.7039
14.4777
15.0921
14.2141
13.6825
14.5185
13.234
14.85
14.7077
14.856
14.8778
14.5946
15.5077
15.2737
14.9433
15.0444
14.4441
14.5406
15.3032
13.9104
14.7293
13.9598
13.7258
14.9529
15.3127
15.3263
14.7606
15.2968
14.7293
14.7731
14.5345
14.2395
16.3196
15.3489
14.9145
13.6519
14.3161
14.5001
13.6468
13.3726
13.5189
12.894
13.9339
12.9667
14.196
12.9037
12.7015
13.3053
13.3245
13.8882
11.79
12.5345
12.687
12.5954
11.7731
10.9093
12.567
12.6654
13.9612
13.663
14.0416
13.5029
13.5275
14.0058
13.9566
14.2407
14.1232
14.7728
13.197
12.9472
11.7942
12.6614
11.5122
13.2332
12.69
13.234
13.0753
11.305
13.0404
12.6237
13.2904
12.6851
11.9177
12.8721
13.5601
13.4453
14.2897
13.5989
12.9801
14.069
14.0779
13.7678
12.8362
13.952
12.953
12.3334
13.0145
12.9793
14.0012
13.5629
12.3446
12.9011
11.0358
11.7085
10.9814
12.3478
12.8148
12.8701
13.1187
12.474
11.8923
10.942
12.6391
12.4066
12.8908
12.3965
12.6898
13.2271
12.2369
12.756
13.1282
13.2027
11.636
12.6173
13.162
13.0017
12.8515
12.075
11.6355
12.0679
11.7849
11.1291
12.5375
12.4649
11.0976
12.5642
11.6517
11.2898
10.7755
12.6265
12.636
12.8881
12.3844
12.8239
11.7881
11.1579
11.1026
12.0582
11.6978
13.2994
12.3327
12.7364
13.087
13.3934
13.1045
13.2956
13.0929
12.938
12.1809
13.515
11.9521
11.7216
10.7959
12.2531
11.5502
11.4406
11.3031
12.4618
10.9205
11.3484
11.2359
11.1136
11.9813
11.2867
11.6544
11.7786
12.1215
11.1091
12.3255
11.9103
11.9005
12.2673
13.1912
13.3404
14.2906
13.9875
12.2893
12.8344
11.6091
11.3337
10.7792
11.6086
10.725
11.0585
10.8824
9.64317
10.8662
10.0895
11.5282
12.3514
12.6367
11.6566
12.8278
13.2748
14.4647
15.0409
14.5126
16.2767
14.6965
16.477
15.6414
14.6268
14.8444
13.8442
14.354
13.7412
14.1228
14.8092
13.5016
13.7726
13.1704
13.1752
13.302
13.1642
13.1823
14.0475
13.0041
11.234
12.4018
11.6296
12.1391
13.5418
13.754
14.4174
15.2472
13.9822
14.8477
14.5663
13.7697
14.1265
14.4987
14.2423
15.241
15.1723
16.0668
15.6824
15.4893
16.5543
15.5864
15.9901
15.8608
14.9054
14.8374
15.5389
16.0864
14.6006
15.2774
15.8422
14.428
14.7207
16.7792
15.8658
15.9025
15.7465
14.9271
16.2738
17.2821
16.7822
15.8848
16.2531
16.5965
16.762
16.8771
16.2248
15.5485
15.0745
15.4608
14.9052
14.5471
14.8562
14.764
14.0301
14.6372
14.1078
14.9721
13.3567
12.4583
13.0998
12.9702
11.2426
11.6942
12.2405
12.2727
11.6831
12.4818
11.652
11.827
12.3502
12.4606
10.8071
11.8288
11.9462
12.9696
12.2804
12.5088
12.5582
13.1914
13.985
14.461
14.8232
14.4292
14.5541
14.545
14.3087
14.0441
13.6494
12.5447
14.2408
13.665
12.8071
13.6656
12.7546
13.9594
13.6126
13.5431
14.8598
15.3573
17.3459
17.5857
17.2186
18.8634
15.9838
16.1073
16.5847
16.1035
14.5463
15.059
14.7795
15.6407
14.6902
15.1067
13.1761
13.431
13.4966
13.1934
13.1567
12.8054
12.8845
12.2578
13.8818
13.0079
12.5436
13.4073
13.3664
12.744
12.8585
12.1814
11.8388
13.3743
12.8231
13.0549
13.1024
13.5292
14.0108
13.2082
12.8419
13.7794
12.391
13.1909
12.1593
11.17
12.909
12.8449
12.3543
11.9111
12.5591
13.0244
12.8622
13.9939
13.6037
13.7728
14.0763
15.0866
13.0648
13.4554
14.4211
13.6538
14.061
13.0827
13.8265
13.5902
13.7514
13.7452
15.5245
13.5288
13.6292
12.8797
12.359
13.6115
13.4238
11.8403
11.6544
12.224
12.3078
12.9592
12.9208
13.1337
13.9723
13.3546
12.9203
12.632
13.8469
14.1884
12.9771
12.3971
13.9586
13.6551
13.8371
13.3513
14.2215
14.3113
13.3323
13.5517
12.5809
12.1514
11.0766
11.9671
11.5382
10.6411
11.211
10.3963
9.3853
10.1185
10.8069
10.2744
12.7305
12.0669
11.763
11.9134
12.0106
11.2511
10.6689
11.5582
11.7829
11.5919
12.5972
12.7188
11.3367
11.9049
11.6543
10.9291
11.5976
11.2543
12.1646
12.4997
12.1662
12.5926
12.2227
11.7405
11.9123
12.0237
12.0301
12.9671
12.9151
12.4538
13.4185
13.8167
13.3952
12.9757
13.3316
13.5197
13.9706
13.3582
12.8109
12.6753
12.4334
12.6995
12.451
11.1298
12.7437
14.1884
14.7526
12.9956
12.5767
13.6765
14.1499
14.7884
12.6353
13.7052
12.8318
13.4943
14.3952
14.2665
13.4195
13.5271
13.7076
13.6546
13.6957
12.5888
13.0078
13.0734
12.8235
13.6863
14.3046
14.1789
14.5409
14.1694
13.3944
14.4837
12.1389
13.0933
14.0243
13.4516
13.5279
13.2789
13.3662
14.1819
15.312
14.6789
14.2811
14.4835
15.8637
15.7532
15.2886
14.6989
15.4633
15.147
13.6141
14.3515
15.3997
14.317
15.5052
14.7491
14.5881
15.0658
14.6413
14.5238
13.0628
13.9463
13.6863
13.3988
12.9054
13.0857
11.9355
13.8971
13.7649
13.2704
14.788
14.0513
15.6421
15.4695
14.5174
14.2589
13.4695
12.9707
13.0019
13.58
13.101
12.101
12.5502
11.6128
11.1663
11.9473
11.5312
11.9001
12.0005
11.9629
12.9797
14.4038
14.1831
13.7605
15.111
13.3754
12.9999
13.4215
12.5674
13.3368
12.1542
12.9389
12.0529
12.6955
12.5666
12.0587
12.3155
11.5043
11.8164
11.9842
12.8225
13.5866
13.8749
13.3986
13.5733
12.8248
13.136
12.2396
12.2066
13.0655
12.392
12.9471
13.4265
12.3409
12.3923
13.2898
12.5087
12.169
12.0821
11.2482
12.3355
13.1043
12.879
13.7947
12.8303
13.6266
12.3108
12.2654
12.0348
13.8012
12.7876
12.8485
13.7037
12.8432
13.3123
14.3982
14.2559
12.9737
14.5939
14.861
14.8097
15.629
15.7879
15.0677
15.8095
16.2548
16.3272
16.8737
16.4798
16.0238
16.3276
15.7816
15.1284
16.9837
15.8811
16.6625
17.2338
15.8302
16.0453
16.5047
17.0273
16.3517
17.5194
16.7296
16.2817
15.4248
15.7566
15.7046
14.9997
14.8666
14.1341
14.6328
14.2171
13.806
13.0123
12.2505
11.9199
12.0702
13.186
12.4055
12.8916
12.2344
10.8364
11.4406
11.4149
11.1694
9.78012
11.4017
10.7436
11.3941
11.1561
10.7624
10.1791
10.5774
10.8291
10.0541
9.86667
9.88797
9.98601
9.60327
10.3004
10.0086
10.1093
10.8104
10.9965
11.7372
12.4233
11.3053
11.8421
11.5111
12.8112
11.9859
12.086
11.6226
11.2859
10.395
9.91383
11.1905
10.9263
11.9241
11.7326
11.2877
11.0962
10.2052
9.94429
9.29134
10.1975
9.73486
9.71766
11.0546
10.0047
9.13168
9.73653
9.6782
9.93787
8.16676
9.48184
9.88155
9.11213
10.0254
10.8338
10.7241
11.0316
11.0719
11.7741
12.3136
12.8732
11.7841
12.0185
12.189
12.2536
12.637
11.9606
12.9499
13.1219
13.6427
14.2391
12.6556
12.6212
13.4119
12.93
12.3743
12.1672
12.6397
11.9321
12.5079
11.8565
12.677
13.3896
13.78
14.3894
15.3198
15.7488
17.185
15.7095
16.1816
15.312
16.852
16.591
17.5212
17.0291
16.0014
16.8281
16.721
16.2787
16.6524
16.4911
15.7097
15.7921
15.4894
15.9564
16.8273
15.5679
14.8594
15.3357
15.6522
14.7782
15.2007
15.2388
14.7384
14.1794
13.9864
14.0689
14.0843
14.4874
13.503
13.8386
14.3954
14.0831
14.2264
13.7862
13.5386
12.5999
13.0955
12.6611
13.6539
14.4574
13.0719
13.1004
14.0672
13.1331
13.5999
14.0564
13.0602
13.0501
14.604
13.3101
14.152
13.8398
14.8838
14.5474
14.2418
13.9398
14.1231
15.0808
13.0714
13.6002
14.394
13.3675
14.8277
13.2826
14.9189
14.1842
14.5168
14.0905
13.9733
13.5872
13.9748
14.1351
14.0503
14.2947
14.8888
15.2896
15.0269
14.4914
13.5851
13.5604
12.4571
13.704
14.2379
14.4785
13.5943
13.445
12.503
14.144
12.1607
11.4845
11.3945
11.2756
11.3896
11.7117
10.4206
12.3598
13.1271
12.2424
12.3737
11.7881
10.8978
10.0587
9.84479
10.4052
10.485
9.81422
10.8606
10.8217
10.7396
10.6477
9.88522
11.0568
9.82179
10.789
11.0002
10.7083
10.1744
9.4738
10.2002
8.63692
9.85008
8.51042
9.73093
9.93229
9.16845
9.42022
9.38562
8.50732
8.72829
8.68114
10.1766
9.65214
11.6308
12.0925
12.731
10.8744
12.3406
13.4922
12.3898
12.1667
13.1625
13.1316
12.1543
12.2255
11.162
12.2369
12.6232
13.4194
13.098
13.0233
13.6763
13.4846
13.4938
13.8857
13.9799
13.56
13.1524
13.1849
13.9235
12.6749
12.9625
12.4646
11.0801
12.6839
11.5557
10.3232
11.5706
12.6193
11.4682
10.6476
9.99117
10.5463
