# best half averages
9.65438
8.9936
8.31586
7.66545
7.13194
6.94582
6.64036
6.45902
6.22197
5.66141
5.12121
4.75259
4.68317
4.57755
4.47259
4.24478
4.14714
3.97094
3.87502
3.71241
3.62012
3.45894
3.35428
3.20308
3.15726
3.01865
2.98616
2.93261
2.83978
2.8166
2.75167
2.69289
2.62301
2.58668
2.56641
2.52529
2.4931
2.4581
2.43168
2.38493
2.30063
2.27217
2.24806
2.24343
2.2431
2.17799
2.06088
2.06078
2.04877
2.00889
1.92039
1.91221
1.89089
1.88559
1.8767
1.8621
1.85687
1.8309
1.83062
1.82905
1.82635
1.82608
1.82488
1.82185
1.81278
1.81226
1.81019
1.80206
1.78688
1.78688
1.78688
1.78688
1.78688
1.78688
1.78688
1.78668
1.78626
1.78333
1.77644
1.77644
1.77644
1.77428
1.76977
1.74567
1.66207
1.64414
1.56593
1.55684
1.53823
1.51256
1.46479
1.44058
1.44058
1.44058
1.44014
1.43506
1.41442
1.36917
1.34019
1.34019
1.34019
1.34002
1.33902
1.33516
1.33181
1.33181
1.33181
1.33181
1.33069
1.33181
1.3318
1.33177
1.33165
1.33165
1.3315
1.33122
1.33049
1.32672
1.32444
1.32444
1.32444
1.32425
1.32389
1.32197
1.3153
1.31479
1.31377
1.30695
1.28939
1.28784
1.27904
1.26407
1.26398
1.26344
1.26333
1.26333
1.26333
1.26333
1.26333
1.26333
1.26333
1.26333
1.26333
1.26333
1.26333
1.26333
1.26333
1.26333
1.26333
1.26333
1.26333
1.26333
1.26277
1.2611
1.25526
1.24491
1.23976
1.23567
1.23567
1.23567
1.23567
1.23567
1.23567
1.23567
1.23567
1.23567
1.23567
1.23567
1.23567
1.23567
1.23567
1.23567
1.23567
1.23567
1.23567
1.23567
1.23567
1.23567
1.23567
1.23567
1.23567
1.23567
1.23567
1.23567
1.23567
1.23567
1.23567
1.23567
1.23567
1.23567
1.23567
1.23567
1.23567
1.23567
1.23567
1.23567
1.23567
1.23567
1.23567
1.23567
1.23567
1.23567
1.23567
1.23567
1.23567
1.23567
1.23567
1.23567
1.23567
1.23567
1.23567
1.23567
1.23567
1.23567
1.23567
1.23567
1.23567
1.23567
1.23567
1.23567
1.23567
1.23567
1.23567
1.23567
1.23567
1.23567
1.23567
1.23567
1.23567
1.23567
1.23567
1.23567
1.23528
1.23413
1.23066
1.21639
1.21639
1.21639
1.21639
1.21639
1.21639
1.21639
1.21639
1.21639
1.21639
1.21639
1.21639
1.21639
1.21639
1.21639
1.21639
1.21639
1.21639
1.21639
1.21639
1.21639
1.21639
1.21639
1.21639
1.21639
1.21639
1.21639
1.21639
1.21639
1.21639
1.21639
1.21639
1.21639
1.21639
1.21639
1.21639
1.21639
1.21639
1.21639
1.21639
1.21639
1.21622
1.21487
1.21017
1.20026
1.19212
1.19212
1.19212
1.19212
1.19212
1.19212
1.19212
1.19212
1.19212
1.19212
1.19212
1.19212
1.19212
1.19212
1.19212
1.19212
1.19212
1.19212
1.19212
1.19212
1.19212
1.19212
1.19212
1.19212
1.19212
1.19212
1.19212
1.19212
1.19212
1.19212
1.19212
1.19212
1.19212
1.19212
1.19212
1.19212
1.19212
1.19212
1.19212
1.19212
1.19212
1.19212
1.19212
1.19212
1.19212
1.19212
1.19212
1.19212
1.19212
1.19212
1.19212
1.19212
1.19212
1.19212
1.19212
1.19212
1.19212
1.19212
1.19212
1.19212
1.19212
1.19212
1.19212
1.19212
1.19205
1.19199
1.19167
1.19051
1.1889
1.1889
1.1889
1.18889
1.18885
1.18877
1.18844
1.18844
1.18844
1.18844
1.18844
1.18844
1.18844
1.18844
1.18844
1.18844
1.18844
1.18844
1.18844
1.18844
1.18844
1.18844
1.18844
1.18844
1.18844
1.18844
1.18844
1.18844
1.18844
1.18844
1.18844
1.18844
1.18844
1.18844
1.18844
1.18844
1.18844
1.18844
1.18844
1.18844
1.18844
1.18844
1.18844
1.18844
1.18844
1.18844
1.18844
1.18844
1.18844
1.18844
1.18844
1.18844
1.18844
1.18844
1.18844
1.18844
1.18844
1.18844
1.18844
1.18844
1.18844
1.18844
1.18844
1.18844
1.18844
1.18844
1.18844
1.18844
1.18844
1.18844
1.18844
1.18844
1.18844
1.18844
1.18844
1.1884
1.18833
1.18762
1.18667
1.18667
1.18667
1.18667
1.18667
1.18667
1.18667
1.18667
1.18667
1.18667
1.18667
1.18667
1.18667
1.18667
1.18667
1.18667
1.18667
1.18667
1.18667
1.18667
1.18667
1.18667
1.18667
1.18667
1.18667
1.18667
1.18667
1.18667
1.18667
1.18667
1.18667
1.18667
1.18667
1.18667
1.18667
1.18667
1.18667
1.18667
1.18667
1.18667
1.18667
1.18667
1.18667
1.18667
1.18667
1.18667
1.18667
1.18667
1.18667
1.18667
1.18667
1.18667
1.18667
1.18667
1.18667
1.18667
1.18667
1.18667
1.18667
1.18667
1.18667
1.18667
1.18667
1.18667
1.18667
1.18667
1.18667
1.18667
1.18667
1.18667
1.18667
1.18667
1.18667
1.18667
1.18667
1.18667
1.18667
1.18667
1.18667
1.18667
1.18667
1.18667
1.18667
1.18667
1.18667
1.18667
1.18667
1.18667
1.18667
1.18667
1.18667
1.18667
1.18667
1.18667
1.18667
1.18667
1.18667
1.18667
1.18667
1.18667
1.18667
1.18667
1.18667
1.18667
1.18667
1.18667
1.18667
1.18667
1.18667
1.18667
1.18667
1.18667
1.18667
1.18667
1.18667
1.18667
1.18667
1.18667
1.18667
1.18667
1.18667
1.18667
1.18667
1.18667
1.18667
1.18667
1.18667
1.18667
1.18667
1.18667
1.18667
1.18667
1.18667
1.18667
1.18667
1.18667
1.18667
1.18667
1.18667
1.18667
1.18667
1.18667
1.18667
1.18667
1.18667
1.18667
1.18667
1.18667
1.18667
1.18667
1.18667
1.18667
1.18667
1.18667
1.18667
1.18667
1.18667
1.18667
1.18667
1.18667
1.18667
1.18667
1.18667
1.18667
1.18667
1.18667
1.18667
1.18667
1.18667
1.18667
1.18667
1.18667
1.18667
1.18667
1.18667
1.18667
1.18667
1.18667
1.18667
1.18667
1.18667
1.18667
1.18667
1.18667
1.18667
1.18667
1.18667
1.18667
1.18667
1.18667
1.18667
1.18667
1.18667
1.18667
1.18667
1.18667
1.18667
1.18667
1.18667
1.18667
1.18667
1.18667
1.18667
1.18667
1.18667
1.18667
1.18667
1.18667
1.18667
1.18667
1.18667
1.18667
1.18667
1.18667
1.18667
1.18667
1.18667
1.18667
1.18667
1.18667
1.18667
1.18667
1.18667
1.18633
1.18566
1.17988
1.16953
1.16953
1.16953
1.16953
1.16953
1.16953
1.16953
1.16953
1.16953
1.16953
1.16953
1.16953
1.16953
1.16953
1.16953
1.16953
1.16953
1.16953
1.16953
1.16953
1.16953
1.16953
1.16953
1.16953
1.16953
1.16953
1.16953
1.16953
1.16953
1.16953
1.16953
1.16953
1.16953
1.16953
1.16953
1.16953
1.16953
1.16882
1.16739
1.15881
1.13381
1.13381
1.13381
1.13381
1.16104
1.13381
1.13381
1.13381
1.13381
1.13381
1.13381
1.13381
1.13381
1.13381
1.13381
1.13381
1.13381
1.13381
1.13381
1.13381
1.13381
1.13373
1.13329
1.13245
1.12987
1.12972
1.12921
1.12757
1.12757
1.12757
1.12757
1.12757
1.12757
1.12757
1.12757
1.12757
1.12757
1.12757
1.12757
1.12757
1.12757
1.12757
1.12757
1.12757
1.12757
1.12757
1.12757
1.12757
1.12757
1.12757
1.12757
1.12757
1.12757
1.12757
1.12757
1.12757
1.12757
1.12757
1.12757
1.12757
1.12757
1.12757
1.12757
1.12757
1.12757
1.12757
1.12757
1.12757
1.12757
1.12757
1.12757
1.12757
1.12757
1.12757
1.12757
1.12757
1.12757
1.12757
1.12757
1.12757
1.12757
1.12757
1.12757
1.12757
1.12757
1.12757
1.12757
1.12757
1.12757
1.12757
1.12757
1.12757
1.12757
1.12757
1.12757
1.12757
1.12757
1.12757
1.12757
1.12757
1.12757
1.12757
1.12757
1.12757
1.12757
1.12638
1.12044
1.0955
1.06817
1.06817
1.06817
1.06817
1.06817
1.06817
1.06817
1.06817
1.06817
1.06817
1.06817
1.06817
1.06817
1.06817
1.06817
1.06817
1.06817
1.06817
1.06817
1.06817
1.06817
1.06817
1.06817
1.06817
1.06817
1.06817
1.06817
1.06817
1.06817
1.06817
1.06817
1.06817
1.06817
1.06817
1.06817
1.06817
1.06817
1.06817
1.06817
1.06817
1.06817
1.06817
1.06817
1.06817
1.06817
1.06817
1.06817
1.06817
1.06817
1.06817
1.06817
1.06817
1.06817
1.06817
1.06817
1.06817
1.06817
1.06817
1.06817
1.06817
1.06817
1.06817
1.06817
1.06817
1.06817
1.06817
1.06817
1.06817
1.06817
1.06817
1.06817
1.06817
1.06817
1.06817
1.06817
1.06817
1.06817
1.06817
1.06817
1.06817
1.06817
1.06817
1.06817
1.06817
1.06817
1.06817
1.06817
1.06817
1.06817
1.06817
1.06817
1.06817
1.06817
1.06817
1.06817
1.06817
1.06817
1.06817
1.06817
1.06817
1.06817
1.06817
1.06817
1.06817
1.06817
1.06817
1.06817
1.06817
1.06817
1.06817
1.06817
1.06817
1.06817
1.06817
1.06817
1.06817
1.06817
1.06817
1.06817
1.06817
1.06817
1.06817
1.06817
1.06817
1.06817
1.06817
1.06817
1.06817
1.06817
1.06817
1.06817
1.06817
1.06817
1.06817
1.06817
1.06817
1.06817
1.06817
1.06817
1.06817
1.06817
1.06817
1.06817
1.06817
1.06817
1.06817
1.06817
1.06817
1.06817
1.06817
1.06817
1.06817
1.06817
1.06817
1.06817
1.06817
1.06817
1.06817
1.06817
1.06817
1.06817
1.06817
1.06817
1.06817
1.06817
1.06817
1.06817
1.06817
1.06817
1.06817
1.06817
1.06817
1.06817
1.06817
1.06817
1.06817
1.06817
1.06817
1.06817
1.06817
1.06817
1.06817
1.06817
1.06817
1.06817
1.06817
1.06817
1.06817
1.06817
1.06817
1.06817
1.06817
1.06817
1.06817
1.06817
1.06817
1.06817
1.06817
1.06817
1.06817
