# best half averages
9.67918
8.87864
8.2165
7.39501
6.86481
6.31853
5.76503
5.52907
5.40014
5.16757
4.92376
4.75798
4.47761
4.31832
3.90185
3.68163
3.49494
3.3514
3.21901
3.20829
3.16704
3.12652
3.10219
3.02715
2.85268
2.82667
2.77741
2.61785
2.42024
2.32733
2.3108
2.26286
2.21057
2.18577
2.10276
2.10276
2.10276
2.10276
2.09984
2.09399
2.06107
1.95085
1.93523
1.93274
1.92384
1.92384
1.92384
1.92355
1.9212
1.91327
1.90614
1.89771
1.89484
1.89484
1.89434
1.8885
1.85936
1.81487
1.80708
1.80708
1.80708
1.80708
1.80708
1.80708
1.80708
1.80708
1.80708
1.80589
1.80113
1.78055
1.7279
1.67611
1.64658
1.64327
1.613
1.49797
1.46249
1.38051
1.32078
1.32078
1.32022
1.32022
1.31967
1.31332
1.29325
1.28173
1.25077
1.23368
1.22551
1.20934
1.20934
1.20934
1.20934
1.20934
1.20934
1.20934
1.20934
1.20934
1.20928
1.20911
1.20853
1.20645
1.20645
1.20645
1.20645
1.20645
1.20633
1.20613
1.20563
1.20338
1.19591
1.19083
1.19083
1.19083
1.19083
1.19083
1.19083
1.19083
1.1902
1.18833
1.17914
1.15954
1.15954
1.15924
1.15836
1.15718
1.15512
1.14482
1.14482
1.14482
1.14482
1.14437
1.14347
1.14211
1.13756
1.12222
1.12222
1.12222
1.12222
1.12222
1.12222
1.12222
1.12222
1.12222
1.12222
1.12222
1.12222
1.12222
1.12222
1.12222
1.12222
1.12144
1.11757
1.09549
1.08344
1.08344
1.08344
1.08344
1.08344
1.08344
1.08344
1.08344
1.08344
1.08344
1.08344
1.08344
1.08344
1.08344
1.08344
1.08344
1.08344
1.08344
1.08344
1.08344
1.08344
1.08344
1.08344
1.08344
1.08344
1.08344
1.08344
1.08344
1.08344
1.08344
1.08344
1.08344
1.08344
1.08344
1.08344
1.08344
1.08344
1.08344
1.08344
1.08344
1.08344
1.08344
1.08344
1.08344
1.08344
1.08344
1.08344
1.08344
1.08344
1.08344
1.08344
1.08344
1.08344
1.08344
1.08344
1.08344
1.08344
1.08344
1.08344
1.08344
1.08344
1.08344
1.08344
1.08344
1.08344
1.08344
1.08344
1.08344
1.08344
1.08344
1.08344
1.08344
1.08344
1.08344
1.08344
1.08344
1.08344
1.08344
1.08344
1.08344
1.08344
1.08344
1.08344
1.08344
1.08344
1.08344
1.08344
1.08344
1.08344
1.08344
1.08344
1.08344
1.08344
1.08344
1.08344
1.08344
1.08344
1.08344
1.08344
1.08344
1.08344
1.08344
1.08344
1.08344
1.08344
1.08344
1.08344
1.08344
1.08344
1.08344
1.08344
1.08344
1.08344
1.08344
1.08344
1.08344
1.08344
1.08344
1.08344
1.08344
1.08341
1.08329
1.08273
1.08195
1.08195
1.08195
1.08195
1.08195
1.08195
1.08195
1.08195
1.08195
1.08195
1.0816
1.08052
1.07837
1.07157
1.06404
1.06404
1.06404
1.06404
1.06404
1.06404
1.06404
1.06404
1.06404
1.06404
1.06404
1.06404
1.06404
1.06404
1.06404
1.06404
1.06404
1.06404
1.06404
1.06404
1.06404
1.06404
1.06404
1.06404
1.06404
1.06404
1.06404
1.06404
1.06404
1.06395
1.06376
1.06311
1.06126
1.0594
1.0594
1.0594
1.0594
1.0594
1.0594
1.0594
1.0594
1.0594
1.0594
1.0594
1.0594
1.0594
1.0594
1.0594
1.0594
1.0594
1.0594
1.0594
1.0594
1.0594
1.0594
1.0594
1.0594
1.0594
1.0594
1.0594
1.0594
1.0594
1.0594
1.0594
1.0594
1.0594
1.0594
1.0594
1.0594
1.0594
1.0594
1.0594
1.0594
1.05938
1.05935
1.05916
1.05861
1.05861
1.05861
1.05861
1.05861
1.05861
1.05861
1.05861
1.05861
1.05861
1.05861
1.05861
1.05861
1.05861
1.05861
1.05861
1.05861
1.05861
1.05861
1.05861
1.05861
1.05861
1.05861
1.05861
1.05861
1.05861
1.05861
1.05861
1.05861
1.05861
1.05861
1.05861
1.05861
1.05861
1.05861
1.05861
1.05861
1.05861
1.05861
1.05861
1.05861
1.05861
1.05861
1.05861
1.05861
1.05861
1.05861
1.05861
1.05861
1.05861
1.05861
1.05861
1.05861
1.05861
1.05861
1.05861
1.05861
1.05861
1.05861
1.05861
1.05861
1.05861
1.05861
1.05861
1.05861
1.05861
1.05861
1.05861
1.05861
1.05861
1.05861
1.05861
1.05861
1.05861
1.05861
1.05861
1.05861
1.05861
1.05861
1.05861
1.05861
1.05861
1.05861
1.05861
1.05861
1.05861
1.05861
1.05861
1.05861
1.05861
1.05861
1.05861
1.05861
1.05861
1.05861
1.05861
1.05861
1.05861
1.05861
1.05861
1.05861
1.05861
1.05861
1.05861
1.05861
1.05861
1.05861
1.05861
1.05861
1.05861
1.05861
1.05861
1.05861
1.05861
1.05861
1.05861
1.05861
1.05861
1.05861
1.05861
1.05861
1.05861
1.05861
1.05861
1.05861
1.05861
1.05861
1.05861
1.05861
1.05861
1.05861
1.05861
1.05861
1.05861
1.05861
1.05861
1.05861
1.05861
1.05861
1.05861
1.05861
1.05861
1.05861
1.05861
1.05861
1.05861
1.05861
1.05861
1.05861
1.05861
1.05861
1.05861
1.05861
1.05861
1.05861
1.05861
1.05861
1.05861
1.05861
1.05861
1.05861
1.05861
1.05861
1.05861
1.05861
1.05861
1.05861
1.05861
1.05861
1.05861
1.05861
1.05861
1.05861
1.05861
1.05861
1.05861
1.05861
1.05861
1.05861
1.05861
1.05861
1.05861
1.05861
1.05861
1.05861
1.05861
1.05861
1.05861
1.05861
1.05861
1.05861
1.05861
1.05861
1.05861
1.05861
1.05861
1.05861
1.05861
1.05861
1.05861
1.05861
1.05861
1.05861
1.05861
1.05861
1.05861
1.05861
1.05861
1.05861
1.05861
1.05861
1.05861
1.05861
1.05861
1.05861
1.05861
1.05861
1.05861
1.05861
1.05861
1.05861
1.05861
1.05861
1.05861
1.05861
1.05861
1.05861
1.05861
1.05861
1.05861
1.05861
1.05861
1.05861
1.05861
1.05861
1.05861
1.05861
1.05861
1.05861
1.05861
1.05861
1.05861
1.05861
1.05861
1.05861
1.05861
1.05861
1.05861
1.05861
1.05861
1.05861
1.05861
1.05861
1.05861
1.05861
1.05861
1.05861
1.05861
1.05861
1.05861
1.05861
1.05861
1.05861
1.05861
1.05861
1.05861
1.05861
1.05861
1.05861
1.05861
1.05861
1.05861
1.05861
1.05861
1.05861
1.05861
1.05861
1.05861
1.05861
1.05861
1.05861
1.05861
1.05861
1.05861
1.05861
1.05861
1.05861
1.05861
1.05861
1.05861
1.05861
1.05861
1.05861
1.05861
1.05861
1.05861
1.05861
1.05861
1.05861
1.05861
1.05861
1.05861
1.05861
1.05861
1.05861
1.05861
1.05861
1.05861
1.05861
1.05861
1.05861
1.05861
1.05861
1.05861
1.05861
1.05861
1.05861
1.05861
1.05861
1.05861
1.05861
1.05861
1.05861
1.05861
1.05861
1.05861
1.05861
1.05861
1.05861
1.05861
1.05861
1.05861
1.05861
1.05861
1.05861
1.05861
1.05861
1.05861
1.05861
1.05861
1.05861
1.05861
1.05861
1.05861
1.05861
1.05861
1.05861
1.05861
1.05861
1.05861
1.05861
1.05861
1.05861
1.05861
1.05861
1.05861
1.05861
1.05861
1.05861
1.05861
1.05861
1.05861
1.05861
1.05861
1.05861
1.05861
1.05861
1.05861
1.05861
1.05861
1.05861
1.05861
1.05861
1.05861
1.05861
1.05861
1.05861
1.05861
1.05861
1.05861
1.05861
1.05861
1.05861
1.05861
1.05861
1.05861
1.05861
1.05861
1.05861
1.05861
1.05861
1.05861
1.05861
1.05861
1.05861
1.05861
1.05861
1.05861
1.05861
1.05861
1.05861
1.05861
1.05861
1.05861
1.05861
1.05861
1.05861
1.05861
1.05861
1.05861
1.05861
1.05861
1.05861
1.05861
1.05861
1.05861
1.05861
1.05861
1.05861
1.05861
1.05861
1.05861
1.05861
1.05861
1.05861
1.05861
1.05861
1.05861
1.05861
1.05861
1.05861
1.05861
1.05861
1.05861
1.05861
1.05861
1.05861
1.05861
1.05861
1.05861
1.05861
1.05861
1.05861
1.05861
1.05861
1.05861
1.05861
1.05861
1.05861
1.05861
1.05861
1.05861
1.05861
1.05861
1.05861
1.05861
1.05861
1.05861
1.05861
1.05861
1.05861
1.05861
1.05861
1.05861
1.05861
1.05861
1.05861
1.05861
1.05861
1.05861
1.05861
1.05861
1.05861
1.05861
1.05861
1.05861
1.05861
1.05861
1.05861
1.05861
1.05861
1.05861
1.05861
1.05861
1.05861
1.05861
1.05861
1.05861
1.05861
1.05861
1.05861
1.05861
1.05861
1.05861
1.05861
1.05861
1.05861
1.05861
1.05861
1.05861
1.05861
1.05861
1.05861
1.05861
1.05861
1.05861
1.05861
1.05861
1.05861
1.05861
1.05861
1.05861
1.05861
1.05861
1.05861
1.05861
1.05861
1.05861
1.05861
1.05861
1.05861
1.05861
1.05861
1.05861
1.05861
1.05861
1.05861
1.05861
1.05861
1.05861
1.05861
1.05861
1.05861
1.05861
1.05861
1.05861
1.05861
1.05861
1.05861
1.05861
1.05861
1.05861
1.05861
1.05861
1.05861
1.05861
1.05861
1.05861
1.05861
1.05861
1.05861
1.05861
1.05861
1.05861
1.05861
1.05861
1.05861
1.05861
1.05861
1.05861
1.05861
1.05861
1.05861
1.05861
1.05861
1.05861
1.05861
1.05861
1.05861
1.05861
1.05861
1.05861
1.05861
1.05861
1.05861
1.05861
1.05861
1.05861
1.05861
1.05861
1.05861
1.05861
1.05861
1.05861
1.05861
1.05861
1.05861
1.05861
1.05861
1.05861
1.05861
1.05861
1.05861
1.05861
1.05861
1.05861
1.05861
1.05861
1.05861
1.05861
1.05861
1.05861
1.05861
1.05861
1.05861
1.05861
1.05861
1.05861
1.05861
1.05861
1.05861
1.05861
1.05861
1.05861
1.05861
1.05861
1.05861
1.05861
1.05861
1.05861
1.05861
1.05861
1.05861
1.05861
1.05861
1.05861
1.05861
1.05861
1.05861
1.05861
1.05861
1.05861
1.05861
