# best half averages
9.7585
8.80153
8.22368
7.57498
6.9439
6.38031
5.95753
5.59173
5.11314
4.87154
4.54954
4.51568
4.4136
4.36542
4.29695
4.11367
4.09408
4.03873
3.87884
3.80744
3.66612
3.61871
3.40671
3.28229
3.11593
3.02413
2.93681
2.77015
2.75035
2.67577
2.66718
2.66404
2.65999
2.64295
2.58945
2.57009
2.4566
2.31049
2.2964
2.29012
2.28058
2.24493
2.12766
2.03859
1.98507
1.97797
1.96906
1.93916
1.93905
1.93851
1.9361
1.9337
1.9337
1.93368
1.93364
1.9335
1.93299
1.93299
1.93299
1.93299
1.93294
1.93282
1.93243
1.93017
1.92813
1.91251
1.89604
1.89351
1.88426
1.85309
1.84114
1.79123
1.76521
1.75324
1.71469
1.66311
1.66311
1.66311
1.66311
1.69439
1.664
1.66311
1.66311
1.65983
1.64545
1.58593
1.52593
1.52593
1.52575
1.52538
1.52458
1.52063
1.51404
1.50389
1.46445
1.44141
1.44064
1.44064
1.44064
1.44064
1.44064
1.44064
1.44064
1.44064
1.44064
1.44064
1.44064
1.44064
1.44064
1.44064
1.44064
1.44064
1.43924
1.42659
1.37531
1.37027
1.37027
1.36963
1.36528
1.36127
1.3436
1.29365
1.24165
1.24165
1.24165
1.24165
1.24165
1.24165
1.24165
1.24165
1.24123
1.23868
1.22807
1.22043
1.22043
1.22043
1.22043
1.2203
1.2203
1.21963
1.21681
1.21373
1.21373
1.21373
1.21373
1.21373
1.21373
1.21373
1.21373
1.21373
1.21373
1.21373
1.21373
1.21373
1.21373
1.21373
1.21373
1.21373
1.21373
1.21373
1.21373
1.21373
1.21373
1.21373
1.21373
1.21373
1.21373
1.21373
1.21359
1.21346
1.21238
1.20941
1.20698
1.20693
1.20693
1.20663
1.20538
1.20482
1.20482
1.20482
1.20482
1.20482
1.20482
1.20482
1.20482
1.20482
1.20482
1.20482
1.20482
1.20482
1.20482
1.20482
1.20482
1.20482
1.20482
1.20482
1.20482
1.20482
1.20482
1.20482
1.20482
1.20482
1.20482
1.20482
1.20482
1.20482
1.20482
1.20482
1.20482
1.20482
1.20482
1.20482
1.20482
1.20482
1.20482
1.20482
1.20482
1.20482
1.20482
1.20482
1.20482
1.20482
1.20482
1.20482
1.20482
1.20482
1.20482
1.20482
1.20469
1.2043
1.20223
1.19835
1.19835
1.19831
1.19822
1.19792
1.1965
1.19619
1.19619
1.19619
1.19619
1.19619
1.19619
1.19619
1.19619
1.19557
1.19247
1.18004
1.16513
1.16513
1.16513
1.16513
1.16513
1.16513
1.16513
1.16513
1.16513
1.16513
1.16513
1.16513
1.16513
1.16513
1.16513
1.16513
1.16513
1.16513
1.16513
1.16513
1.16513
1.16513
1.16513
1.16513
1.16513
1.16513
1.16513
1.16513
1.16513
1.16513
1.16513
1.16513
1.16513
1.16513
1.16513
1.16513
1.16513
1.16513
1.16513
1.16513
1.16513
1.16513
1.16513
1.16513
1.16513
1.16513
1.16513
1.16513
1.16513
1.16513
1.16513
1.16513
1.16513
1.16513
1.16513
1.16513
1.16513
1.16513
1.16513
1.16513
1.16513
1.16513
1.16513
1.16513
1.16513
1.16513
1.16513
1.16513
1.16513
1.16513
1.16513
1.16513
1.16513
1.16513
1.16513
1.16513
1.16513
1.16513
1.16513
1.16513
1.16513
1.16513
1.16513
1.16513
1.16513
1.16513
1.16513
1.16513
1.16513
1.16513
1.16513
1.16513
1.16513
1.16513
1.16513
1.16513
1.16513
1.16513
1.16513
1.16513
1.16513
1.16513
1.16513
1.16513
1.16513
1.16513
1.16513
1.16513
1.16513
1.16513
1.16513
1.16513
1.16513
1.16513
1.16513
1.16513
1.16513
1.16513
1.16513
1.16513
1.16513
1.16513
1.16513
1.16513
1.16513
1.16513
1.16513
1.16513
1.16513
1.16513
1.16513
1.16513
1.16513
1.16513
1.16513
1.16513
1.16513
1.16513
1.16513
1.16513
1.16513
1.16513
1.16513
1.16513
1.16513
1.16513
1.16513
1.16513
1.16513
1.16513
1.16513
1.16513
1.16513
1.16513
1.16513
1.16513
1.16513
1.16513
1.16513
1.16513
1.16513
1.16513
1.16513
1.16513
1.16513
1.16513
1.16513
1.16513
1.16513
1.16513
1.16513
1.16513
1.16513
1.16513
1.16513
1.16513
1.16513
1.16513
1.16513
1.16513
1.16513
1.16513
1.16513
1.16513
1.16513
1.16513
1.16513
1.16513
1.16513
1.16513
1.16513
1.16513
1.16513
1.16513
1.16513
1.16513
1.16513
1.16513
1.16513
1.16513
1.16513
1.16513
1.16513
1.16513
1.16513
1.16513
1.16513
1.16513
1.16513
1.16513
1.16513
1.16513
1.16513
1.16513
1.16513
1.16513
1.16513
1.16513
1.16513
1.16513
1.16513
1.16513
1.16513
1.16513
1.16513
1.16513
1.16513
1.16513
1.16513
1.16513
1.16513
1.16513
1.16513
1.16513
1.16513
1.16513
1.16513
1.16513
1.16513
1.16513
1.16513
1.16513
1.16513
1.16513
1.16513
1.16513
1.16513
1.16513
1.16513
1.16513
1.16513
1.16513
1.16513
1.16513
1.16513
1.16513
1.16513
1.16513
1.16513
1.16513
1.16513
1.16513
1.16513
1.16513
1.16513
1.16513
1.16513
1.16513
1.16513
1.16513
1.16513
1.16513
1.16513
1.16513
1.16513
1.16513
1.16513
1.16513
1.16513
1.16513
1.16513
1.16513
1.16513
1.16513
1.16513
1.16513
1.16513
1.16513
1.16513
1.16513
1.16513
1.16513
1.16513
1.16513
1.16513
1.16513
1.16513
1.16513
1.16513
1.16513
1.16513
1.16513
1.16513
1.16513
1.16513
1.16513
1.16513
1.16513
1.16513
1.16513
1.16513
1.16513
1.16513
1.16513
1.16513
1.16513
1.16513
1.16513
1.16513
1.16513
1.16513
1.16513
1.16513
1.16513
1.16513
1.16513
1.16513
1.16513
1.16513
1.16513
1.16513
1.16513
1.16513
1.16575
1.16513
1.16513
1.16513
1.16513
1.16513
1.16513
1.16513
1.16513
1.16513
1.16513
1.16513
1.16513
1.16513
1.16513
1.16513
1.16513
1.16513
1.16513
1.16513
1.16513
1.16513
1.16513
1.16513
1.16513
1.16513
1.16513
1.16513
1.16513
1.16513
1.16513
1.16513
1.16513
1.16513
1.16513
1.16513
1.16513
1.16513
1.16513
1.16513
1.16513
1.16513
1.16513
1.16513
1.16513
1.16513
1.16513
1.16513
1.16513
1.16513
1.16513
1.16513
1.16513
1.16513
1.16513
1.16513
1.16513
1.16513
1.16513
1.16513
1.16513
1.16513
1.16513
1.16513
1.16513
1.16513
1.16513
1.16513
1.16513
1.16513
1.16513
1.16513
1.16513
1.16513
1.16513
1.16513
1.16513
1.16513
1.16513
1.16513
1.16513
1.16513
1.16513
1.16513
1.16513
1.16513
1.16513
1.16513
1.16513
1.16513
1.16513
1.16513
1.16513
1.16513
1.16513
1.16513
1.16513
1.16513
1.16513
1.16513
1.16513
1.16513
1.16513
1.16513
1.16513
1.16513
1.16513
1.16513
1.16513
1.16513
1.16513
1.16513
1.16513
1.16513
1.16513
1.16513
1.16513
1.16513
1.16513
1.16513
1.16513
1.16513
1.16513
1.16513
1.16513
1.16513
1.16513
1.16513
1.16513
1.16513
1.16513
1.16513
1.16513
1.16513
1.16513
1.16513
1.16513
1.16513
1.16513
1.16513
1.16513
1.16513
1.16513
1.16513
1.16513
1.16513
1.16513
1.16513
1.16513
1.16513
1.16513
1.16513
1.16513
1.16513
1.16513
1.16513
1.16513
1.16513
1.16513
1.16513
1.16513
1.16513
1.16513
1.16513
1.16513
1.16513
1.16513
1.16513
1.16513
1.16513
1.16513
1.16513
1.16513
1.16513
1.16513
1.16513
1.16513
1.16513
1.16513
1.16513
1.16513
1.16513
1.16513
1.16513
1.16513
1.16513
1.16513
1.16513
1.16513
1.16513
1.16513
1.16513
1.16513
1.16513
1.16513
1.16513
1.16513
1.16513
1.16513
1.16513
1.16513
1.16513
1.16513
1.16513
1.16513
1.16513
1.16513
1.16513
1.16513
1.16513
1.16513
1.16513
1.16513
1.16513
1.16513
1.16513
1.16513
1.16513
1.16513
1.16513
1.16513
1.16513
1.16513
1.16513
1.16513
1.16513
1.16513
1.16513
1.16513
1.16513
1.16513
1.16513
1.16513
1.16513
1.16513
1.16513
1.16513
1.16513
1.16513
1.16513
1.16513
1.16513
1.16513
1.16513
1.16513
1.16513
1.16513
1.16513
1.16513
1.16513
1.16513
1.16513
1.16513
1.16513
1.16513
1.16513
1.16513
1.16513
1.16513
1.16513
1.16513
1.16513
1.16513
1.16513
1.16513
1.16513
1.16513
1.16513
1.16513
1.16513
1.16513
1.16513
1.16513
1.16513
1.16513
1.16513
1.16513
1.16513
1.16513
1.16513
1.16513
1.16513
1.16513
1.16513
1.16513
1.16513
1.16513
1.16513
1.16513
1.16513
1.16513
1.16513
1.16513
1.16513
1.16513
1.16513
1.16513
1.16513
1.16513
1.16513
1.16513
1.16513
1.16513
1.16513
1.16513
1.16513
1.16513
1.16513
1.16513
1.16513
1.16513
1.16513
1.16568
1.16534
1.16513
1.16474
1.16395
1.18684
1.16353
1.14558
1.14558
1.14558
1.14553
1.14544
1.1452
1.14813
1.14324
1.14324
1.14324
1.14324
1.14324
1.14324
1.14324
1.14324
1.14324
1.14324
1.14324
1.14324
1.14324
1.14324
1.14324
1.14324
1.14324
1.14324
1.14324
1.14324
1.14324
1.14324
1.14324
1.14324
1.14324
1.14324
1.14324
1.14324
1.14324
1.14324
1.14324
1.14324
1.14324
1.14324
1.14324
1.14324
1.14324
1.14324
1.14324
1.14324
1.14324
1.14324
1.14324
1.14324
1.14324
1.14324
1.14324
1.14324
1.14324
1.14324
1.14324
1.14324
1.14324
1.14324
1.14324
1.14324
1.14324
1.14324
1.14324
1.14324
1.14324
1.14324
1.14324
1.14324
1.14324
1.14324
1.14324
1.14324
1.14324
1.14324
1.14324
1.14324
1.14324
1.14324
1.14324
1.14324
1.14324
1.14324
1.14324
1.14324
1.14324
1.14324
1.14324
1.14324
1.14324
1.14324
1.14324
1.14324
1.14324
1.14324
1.14324
1.14324
1.14324
