# best half averages
9.74518
9.00149
8.51297
8.09512
7.55271
7.17163
6.83302
6.54929
6.04634
5.71333
5.24905
5.00877
4.62306
4.37099
4.25534
4.16549
3.99469
3.94569
3.82203
3.63211
3.47473
3.45701
3.39436
3.28713
3.12913
2.86919
2.73737
2.7333
2.71881
2.67556
2.59163
2.56485
2.40309
2.22542
2.20195
2.20195
2.20195
2.19994
2.19469
2.1755
2.1225
2.12181
2.12181
2.11933
2.11666
2.0852
1.99838
1.99235
1.97993
1.97088
1.9228
1.87947
1.87199
1.85936
1.85738
1.84492
1.83208
1.78115
1.71915
1.71915
1.71915
1.71915
1.71915
1.71915
1.71913
1.72972
1.71894
1.71803
1.7131
1.68023
1.57403
1.53695
1.53486
1.52858
1.51132
1.51132
1.51132
1.51132
1.51132
1.51127
1.51107
1.51051
1.5088
1.5088
1.5088
1.5088
1.5088
1.50797
1.50381
1.48804
1.46728
1.46728
1.46728
1.46728
1.46728
1.46728
1.4661
1.4591
1.43902
1.40455
1.39468
1.38571
1.38571
1.38571
1.38571
1.38571
1.38571
1.38571
1.38571
1.38571
1.38571
1.38571
1.38392
1.38213
1.37497
1.33739
1.29622
1.29622
1.29622
1.29622
1.29622
1.29622
1.29622
1.29622
1.29622
1.29622
1.29611
1.29545
1.29325
1.29071
1.29071
1.29071
1.29071
1.29071
1.29071
1.29071
1.29071
1.29071
1.29071
1.29071
1.29071
1.29071
1.29071
1.29071
1.29071
1.29071
1.29071
1.29071
1.29071
1.29071
1.29071
1.29071
1.29071
1.29071
1.29071
1.29071
1.29071
1.29071
1.29071
1.29071
1.29071
1.29071
1.29071
1.29071
1.29071
1.29071
1.29071
1.29071
1.29071
1.29071
1.29071
1.29071
1.29071
1.29071
1.29071
1.29071
1.29058
1.29021
1.2872
1.28445
1.28445
1.28445
1.28445
1.28445
1.28445
1.28445
1.28445
1.28445
1.28445
1.28445
1.28445
1.28445
1.28445
1.28445
1.28445
1.28445
1.28445
1.28445
1.28445
1.28445
1.28445
1.28445
1.28445
1.28445
1.28445
1.28445
1.28445
1.28445
1.28445
1.28445
1.28445
1.28445
1.28445
1.28445
1.28445
1.28445
1.28445
1.28445
1.28445
1.28445
1.28445
1.28445
1.28445
1.28445
1.28445
1.28445
1.28445
1.28445
1.28445
1.28445
1.28445
1.28445
1.28445
1.28445
1.28445
1.28445
1.28445
1.28445
1.28445
1.28445
1.28445
1.28445
1.28445
1.28445
1.28445
1.28292
1.27834
1.26153
1.20807
1.20807
1.20807
1.20807
1.20807
1.20807
1.20807
1.20807
1.20807
1.20807
1.20807
1.20807
1.20796
1.20786
1.21658
1.20754
1.20691
1.20508
1.20243
1.20205
1.2009
1.19594
1.19327
1.19327
1.19327
1.19327
1.19327
1.19327
1.19327
1.19327
1.19321
1.19303
1.19263
1.19101
1.19037
1.19037
1.19037
1.19028
1.18981
1.18889
1.18573
1.18573
1.18573
1.18573
1.18573
1.18573
1.18573
1.18573
1.18573
1.18573
1.18498
1.18173
1.17325
1.1542
1.15335
1.15019
1.14837
1.14837
1.14837
1.14837
1.14837
1.14837
1.14837
1.14837
1.14837
1.14837
1.14837
1.14837
1.14837
1.14837
1.14837
1.14837
1.14837
1.14837
1.14837
1.14837
1.14837
1.14837
1.14837
1.14837
1.14837
1.14837
1.14837
1.14837
1.14837
1.14837
1.14837
1.14837
1.14837
1.14837
1.14837
1.14837
1.14837
1.14837
1.14837
1.14837
1.14837
1.14837
1.14837
1.14837
1.14837
1.14837
1.14837
1.14837
1.14837
1.14837
1.14837
1.14837
1.14837
1.14837
1.14837
1.14837
1.14837
1.14837
1.14837
1.14837
1.14837
1.14681
1.14284
1.12017
1.0707
1.0707
1.0707
1.0707
1.0707
1.0707
1.0707
1.0707
1.08155
1.0707
1.0707
1.0707
1.0707
1.0707
1.0707
1.0707
1.0707
1.0707
1.0707
1.0707
1.0707
1.0707
1.0707
1.0707
1.0707
1.0707
1.0707
1.0707
1.0707
1.0707
1.0707
1.0707
1.0707
1.0707
1.0707
1.0707
1.0707
1.0707
1.0707
1.0707
1.0707
1.0707
1.0707
1.0707
1.0707
1.0707
1.0707
1.0707
1.0707
1.0707
1.0707
1.0707
1.0707
1.0707
1.0707
1.0707
1.0707
1.0707
1.0707
1.0707
1.0707
1.0707
1.0707
1.0707
1.0707
1.0707
1.0707
1.0707
1.0707
1.0707
1.0707
1.0707
1.0707
1.0707
1.0707
1.0707
1.0707
1.0707
1.0707
1.0707
1.0707
1.0707
1.0707
1.0707
1.0707
1.0707
1.0707
1.0707
1.0707
1.0707
1.0707
1.0707
1.0707
1.0707
1.0707
1.0707
1.0707
1.0707
1.0707
1.0707
1.0707
1.0707
1.0707
1.0707
1.0707
1.0707
1.0707
1.0707
1.0707
1.0707
1.0707
1.0707
1.0707
1.0707
1.0707
1.0707
1.0707
1.0707
1.0707
1.0707
1.0707
1.0707
1.0707
1.0707
1.0707
1.0707
1.0707
1.0707
1.0707
1.0707
1.0707
1.0707
1.0707
1.0707
1.0707
1.0707
1.0707
1.0707
1.0707
1.07049
1.06922
1.06306
1.06009
1.06009
1.06009
1.06009
1.06009
1.06009
1.06009
1.06009
1.06009
1.06009
1.06009
1.06009
1.06009
1.06009
1.06009
1.06009
1.06009
1.06009
1.06009
1.06009
1.06009
1.06009
1.06009
1.06009
1.06009
1.06009
1.06009
1.06009
1.06009
1.06009
1.06009
1.06009
1.06009
1.06009
1.06009
1.06009
1.06009
1.06009
1.06009
1.06009
1.06009
1.06009
1.06009
1.06009
1.06009
1.06009
1.06009
1.06009
1.06009
1.06009
1.06009
1.06009
1.06009
1.06009
1.06009
1.06009
1.06009
1.06009
1.06009
1.06009
1.06009
1.06009
1.06009
1.06009
1.06009
1.06009
1.06009
1.06009
1.06009
1.06009
1.06009
1.06009
1.06009
1.06009
1.06009
1.06009
1.06009
1.06009
1.06009
1.06009
1.06009
1.06009
1.06009
1.06009
1.06009
1.06009
1.06009
1.06009
1.06009
1.06009
1.06009
1.06009
1.06009
1.06009
1.06009
1.06009
1.06009
1.06009
1.06009
1.06009
1.06009
1.06009
1.06009
1.06009
1.06009
1.06009
1.06009
1.06009
1.06009
1.06009
1.06009
1.06009
1.06009
1.06009
1.06009
1.06009
1.06009
1.06009
1.06009
1.06009
1.06009
1.06009
1.06009
1.06009
1.06009
1.06009
1.06009
1.06009
1.06009
1.06009
1.06009
1.06009
1.06009
1.06009
1.06009
1.06009
1.06009
1.06009
1.06009
1.06009
1.06009
1.06009
1.06009
1.06009
1.06009
1.06009
1.06009
1.06009
1.06009
1.06009
1.06009
1.06009
1.06009
1.06009
1.06009
1.06009
1.06009
1.06009
1.06009
1.06009
1.06009
1.06009
1.06009
1.06009
1.06009
1.06009
1.06009
1.06009
1.06009
1.06009
1.06009
1.06009
1.06009
1.06009
1.06009
1.06009
1.06009
1.06009
1.06009
1.06009
1.06009
1.06009
1.06009
1.06009
1.06009
1.06009
1.06009
1.06009
1.06009
1.06009
1.06009
1.06009
1.06009
1.06009
1.06009
1.06009
1.06009
1.06009
1.06009
1.06009
1.06009
1.06009
1.06009
1.06009
1.06009
1.06009
1.06009
1.06009
1.06009
1.06009
1.06009
1.06009
1.06009
1.06009
1.06009
1.06009
1.06009
1.06009
1.06009
1.06009
1.06009
1.06009
1.06009
1.06009
1.06009
1.06009
1.06009
1.06009
1.06009
1.06009
1.06009
1.06009
1.06009
1.06009
1.06009
1.06009
1.06009
1.06009
1.06009
1.06009
1.06009
1.06009
1.06009
1.06009
1.06009
1.06009
1.06009
1.06009
1.06009
1.06009
1.06009
1.06009
1.06009
1.06009
1.06009
1.06009
1.06009
1.06009
1.06009
1.06009
1.06009
1.06009
1.06009
1.06009
1.06009
1.06009
1.06009
1.06009
1.06009
1.06009
1.06009
1.06009
1.06009
1.06009
1.06009
1.06009
1.06009
1.06009
1.06009
1.06009
1.06009
1.06009
1.06009
1.06009
1.06009
1.06009
1.06009
1.06009
1.06009
1.06009
1.06009
1.06009
1.06009
1.06009
1.06009
1.06009
1.06009
1.06009
1.06009
1.06009
1.06009
1.06009
1.06009
1.06009
1.06009
1.06009
1.06009
1.06009
1.06009
1.06009
1.06009
1.06009
1.06009
1.06009
1.06009
1.06009
1.06009
1.06009
1.06009
1.06009
1.06009
1.06009
1.06009
1.06009
1.06009
1.06009
1.06009
1.06009
1.06009
1.06009
1.06009
1.06009
1.06009
1.06009
1.06009
1.06009
1.06009
1.06009
1.06009
1.06009
1.06009
1.06009
1.06009
1.06009
1.06009
1.06009
1.06009
1.06009
1.06009
1.06009
1.06009
1.06009
1.06009
1.06009
1.06009
1.06009
1.06009
1.06009
1.06009
1.06009
1.06009
1.06009
1.06009
1.06009
1.06011
1.06009
1.06009
1.06009
1.06009
1.06009
1.06009
1.06009
1.06009
1.06009
1.06009
1.06009
1.06009
1.06009
1.06009
1.06009
1.06009
1.06009
1.06009
1.06009
1.06009
1.06009
1.06009
1.06009
1.06009
1.06009
1.06009
1.06009
1.06009
1.06009
1.06009
1.06009
1.06009
1.06009
1.06009
1.06009
1.06009
1.06009
1.06009
1.06009
1.06009
1.06009
1.06009
1.06009
1.06009
1.06009
1.06009
1.06009
1.06009
1.06009
1.06009
1.06009
1.06009
1.06009
1.06009
1.06009
1.06009
1.06009
1.06009
1.06009
1.06009
1.06009
1.06009
1.06009
1.06009
1.06009
1.06009
1.06009
1.06009
1.06009
1.06009
1.06009
1.06009
1.06009
1.06009
1.06009
1.06009
1.06009
1.06009
1.06009
1.06009
1.06009
1.06009
1.06009
1.06009
1.06009
1.06009
1.06009
1.06009
1.06009
1.06009
1.06009
1.06009
1.06009
1.06009
1.06009
1.06009
1.06009
1.06009
1.06009
1.06009
1.06009
1.06009
1.06009
1.06009
1.06009
1.06009
1.06009
1.06009
1.06009
1.06009
1.06009
1.06009
1.06009
1.06009
1.06009
1.06009
1.06009
1.06009
1.06009
1.06009
1.06009
1.06009
1.06009
1.06009
1.06009
