# best half averages
9.56136
8.94374
8.46322
8.07673
7.65847
7.17833
6.57662
6.08182
5.71719
5.29249
5.09875
5.02712
4.92527
4.77874
4.63084
4.49063
4.37059
4.26394
4.15338
4.03054
3.85261
3.52302
3.18524
3.18524
3.17823
3.15083
3.00119
2.88298
2.83878
2.7894
2.78004
2.74291
2.68408
2.6369
2.5085
2.37858
2.14576
2.13883
2.12818
2.10492
2.04791
2.04791
2.04714
2.04556
2.03668
1.99463
1.98744
1.97946
1.97577
1.97378
1.96348
1.95634
1.9549
1.94773
1.92621
1.8846
1.8846
1.8846
1.8846
1.8846
1.88387
1.88175
1.88764
1.85438
1.85438
1.85438
1.85407
1.85253
1.84667
1.84667
1.84667
1.84642
1.84515
1.8388
1.83397
1.83397
1.83348
1.82838
1.81272
1.81272
1.81168
1.80548
1.77191
1.76099
1.76099
1.76099
1.76066
1.75918
1.74946
1.74451
1.74451
1.74451
1.74451
1.74451
1.74398
1.74291
1.74076
1.7279
1.71336
1.704
1.65154
1.56388
1.55568
1.53243
1.49242
1.48022
1.48022
1.48022
1.48022
1.48022
1.48022
1.48022
1.48022
1.48022
1.48022
1.48022
1.48022
1.48022
1.48022
1.48014
1.48007
1.47952
1.52229
1.47566
1.47388
1.47023
1.46531
1.46531
1.46531
1.46531
1.46531
1.46531
1.46531
1.46531
1.46421
1.45875
1.44804
1.4103
1.4095
1.40513
1.39081
1.39081
1.39081
1.39081
1.39081
1.39081
1.39081
1.39081
1.38799
1.38517
1.36561
1.27864
1.24982
1.24982
1.24982
1.24982
1.24982
1.24982
1.24982
1.24982
1.24982
1.24982
1.24982
1.24982
1.2492
1.2492
1.24796
1.24361
1.22745
1.21875
1.21875
1.21875
1.21875
1.21875
1.21875
1.21875
1.21875
1.21875
1.21875
1.21875
1.21875
1.21875
1.21875
1.21875
1.21875
1.21875
1.21875
1.21875
1.21875
1.21875
1.21875
1.21875
1.21875
1.21875
1.21875
1.21875
1.21897
1.21875
1.21875
1.21875
1.21875
1.21875
1.21875
1.21875
1.21875
1.21875
1.21875
1.21875
1.21875
1.21875
1.21875
1.21875
1.21875
1.21875
1.21875
1.21875
1.21875
1.21875
1.21875
1.21875
1.21875
1.21875
1.21875
1.21875
1.21875
1.21875
1.21875
1.21875
1.21875
1.21875
1.21875
1.21875
1.21875
1.21875
1.21875
1.21875
1.21875
1.21875
1.21875
1.21875
1.21875
1.21875
1.21875
1.21875
1.21875
1.21875
1.21875
1.21875
1.21875
1.21875
1.21875
1.21875
1.21875
1.21875
1.21875
1.21875
1.21875
1.21875
1.21875
1.21875
1.21875
1.21875
1.21875
1.21875
1.21875
1.21875
1.21875
1.21875
1.21875
1.21875
1.21875
1.21875
1.21875
1.21875
1.21875
1.21875
1.21875
1.21875
1.21875
1.21875
1.21875
1.21875
1.21875
1.21875
1.21872
1.21857
1.21794
1.21719
1.21719
1.21719
1.21719
1.21719
1.21719
1.21719
1.21719
1.21719
1.21719
1.21719
1.21719
1.25103
1.25315
1.21933
1.21719
1.21719
1.21719
1.21719
1.21719
1.21719
1.21719
1.21719
1.21719
1.21719
1.21719
1.21719
1.21719
1.21719
1.21719
1.21719
1.21719
1.21719
1.21719
1.21719
1.21719
1.21719
1.21719
1.21719
1.21719
1.21719
1.21719
1.21719
1.21719
1.21719
1.21719
1.21719
1.21719
1.21719
1.21719
1.21719
1.21719
1.21719
1.21719
1.21719
1.21719
1.21719
1.21719
1.21719
1.21719
1.21719
1.21719
1.21719
1.21719
1.21719
1.21719
1.21719
1.21719
1.21719
1.21719
1.21719
1.21719
1.21719
1.21719
1.21719
1.21719
1.21719
1.21719
1.21719
1.21719
1.21719
1.21719
1.21719
1.21719
1.21531
1.20591
1.17017
1.17017
1.17017
1.17017
1.17017
1.17017
1.17017
1.17053
1.17017
1.17017
1.17017
1.17017
1.17017
1.17017
1.17017
1.17017
1.17017
1.17017
1.17017
1.17017
1.17017
1.17017
1.17017
1.17017
1.17017
1.17017
1.17017
1.17017
1.17017
1.17017
1.17017
1.17017
1.17017
1.17017
1.17017
1.17017
1.17017
1.17017
1.17017
1.17017
1.17017
1.17017
1.17017
1.17017
1.17017
1.17017
1.17017
1.17017
1.17017
1.17017
1.17017
1.17017
1.17017
1.17017
1.17017
1.17017
1.17017
1.17017
1.17017
1.17017
1.17017
1.17017
1.17017
1.17017
1.17017
1.17017
1.17017
1.17017
1.17017
1.17017
1.17017
1.17017
1.17017
1.17017
1.17017
1.17017
1.17017
1.17017
1.17017
1.17017
1.17017
1.17017
1.17017
1.17017
1.17017
1.17017
1.17017
1.17017
1.17017
1.17017
1.17017
1.17017
1.17017
1.17017
1.17017
1.17017
1.17017
1.17017
1.17017
1.17017
1.17017
1.17017
1.17017
1.17017
1.17017
1.17017
1.17017
1.17017
1.17017
1.17017
1.17017
1.17017
1.17017
1.17017
1.17017
1.17017
1.17017
1.17017
1.17017
1.17017
1.17017
1.17017
1.17017
1.17017
1.17017
1.17017
1.17017
1.17017
1.17017
1.17017
1.17017
1.17017
1.17017
1.17017
1.17017
1.17017
1.17017
1.17017
1.17017
1.17017
1.17017
1.17017
1.17017
1.17017
1.17017
1.17017
1.17017
1.17017
1.17017
1.17017
1.17017
1.17017
1.17017
1.17017
1.17017
1.17017
1.17017
1.17017
1.17017
1.17017
1.17017
1.17017
1.17017
1.17017
1.17017
1.17017
1.17017
1.17017
1.17017
1.17017
1.17017
1.17017
1.17017
1.17017
1.17017
1.17017
1.17017
1.17017
1.17017
1.17017
1.17017
1.17017
1.17017
1.17017
1.17017
1.17017
1.17017
1.17017
1.17017
1.17017
1.17017
1.17017
1.17017
1.17017
1.17017
1.17017
1.17017
1.17017
1.17017
1.17017
1.17017
1.17017
1.17017
1.17017
1.17017
1.17017
1.17017
1.17017
1.17017
1.17017
1.17017
1.17017
1.17017
1.17017
1.17017
1.17017
1.17017
1.17017
1.17017
1.17017
1.17017
1.17017
1.17017
1.17017
1.17017
1.17017
1.17017
1.17017
1.17017
1.17017
1.17017
1.17017
1.17017
1.17017
1.17017
1.17017
1.17017
1.17017
1.17017
1.17017
1.17017
1.17017
1.17017
1.17017
1.17017
1.17017
1.17017
1.17017
1.17017
1.17017
1.17017
1.17017
1.17017
1.17017
1.17017
1.17017
1.17017
1.17017
1.17017
1.17017
1.17017
1.17017
1.17017
1.17017
1.17017
1.17017
1.17017
1.17017
1.17017
1.17017
1.17017
1.17017
1.17017
1.17017
1.17017
1.17017
1.17017
1.17017
1.17017
1.17017
1.17017
1.17017
1.17017
1.17017
1.17017
1.17017
1.17017
1.17017
1.17017
1.17017
1.17017
1.17017
1.17017
1.17017
1.17017
1.17017
1.17017
1.17017
1.17017
1.17017
1.17017
1.17017
1.17017
1.17017
1.17017
1.17017
1.17017
1.17017
1.17017
1.17017
1.17017
1.17017
1.17017
1.17017
1.17017
1.17017
1.17017
1.17017
1.17017
1.17017
1.17017
1.17017
1.17017
1.17017
1.17017
1.17017
1.17017
1.17017
1.17017
1.17017
1.17017
1.17017
1.17017
1.17017
1.17017
1.17017
1.17017
1.17017
1.17017
1.17017
1.17017
1.17017
1.17017
1.17017
1.17017
1.17017
1.17017
1.17017
1.17017
1.17017
1.17017
1.17017
1.17017
1.17017
1.17017
1.17017
1.17017
1.17017
1.17017
1.17017
1.17017
1.17017
1.17017
1.17017
1.17017
1.17017
1.17017
1.17017
1.17017
1.17017
1.17017
1.17017
1.17017
1.17017
1.17017
1.17017
1.17017
1.17017
1.17017
1.17017
1.17017
1.17017
1.17017
1.17017
1.17017
1.17017
1.17017
1.17017
1.17017
1.17017
1.17017
1.17017
1.17017
1.17017
1.17017
1.17017
1.17017
1.17017
1.17017
1.17017
1.17017
1.17017
1.17017
1.17017
1.17017
1.17017
1.17017
1.17017
1.17017
1.17017
1.17017
1.17017
1.17017
1.17017
1.17017
1.17017
1.17017
1.17017
1.17017
1.17017
1.17017
1.17017
1.17017
1.17017
1.17017
1.17017
1.17017
1.17017
1.17017
1.17017
1.17017
1.17017
1.17017
1.17017
1.17017
1.17017
1.17017
1.17017
1.17017
1.17017
1.17017
1.17017
1.17017
1.17017
1.17017
1.17017
1.17017
1.17017
1.17017
1.17017
1.17017
1.17017
1.17017
1.17017
1.17017
1.17017
1.17017
1.17017
1.17017
1.17017
1.17017
1.17017
1.17017
1.1701
1.16977
1.16815
1.1668
1.1668
1.1668
1.1668
1.1668
1.1668
1.1668
1.1668
1.1668
1.1668
1.1668
1.1668
1.1668
1.1668
1.1668
1.1668
1.1668
1.1668
1.1668
1.1668
1.1668
1.1668
1.1668
1.1668
1.1668
1.1668
1.1668
1.1668
1.1668
1.1668
1.1668
1.1668
1.1668
1.1668
1.1668
1.1668
1.1668
1.1668
1.16669
1.16603
1.16338
1.16128
1.16128
1.16128
1.16128
1.16128
1.16128
1.16128
1.16128
1.16128
1.16128
1.16128
1.16128
1.16128
1.16128
1.16128
1.17538
1.16128
1.16128
1.16128
1.16128
1.16128
1.16128
1.16128
1.16128
1.16128
1.16128
1.16128
1.16128
1.16128
1.16128
1.16128
1.16128
1.16128
1.16128
1.16128
1.16128
1.16128
1.16128
1.16128
1.16128
1.16128
1.16128
1.16128
1.16128
1.16128
1.16128
1.16128
1.16128
1.16128
1.16128
1.16128
1.16128
1.16128
1.16128
1.16128
1.16128
1.16128
1.16128
1.16128
1.16128
1.16128
1.16128
1.16128
1.16128
1.16128
1.16128
1.16128
1.16128
1.16128
1.16128
1.16128
1.16128
1.16128
1.16128
1.16128
1.16128
1.16128
1.16128
1.16128
1.16128
1.16128
1.16128
1.16128
1.16128
1.16128
1.16128
1.16128
1.16128
1.16128
1.16128
1.16128
1.16128
1.16128
1.16128
1.16128
1.16128
1.16128
1.16128
1.16128
1.16128
1.16128
1.16128
1.16128
1.16128
1.16128
1.16128
1.16128
1.16128
1.16128
1.16128
1.16128
1.16128
1.16128
1.16128
1.16128
1.16128
1.16128
1.16128
1.16128
1.16128
