# best half averages
9.61373
8.44505
7.55642
7.03248
6.33294
5.96661
5.31311
5.05441
4.93417
4.77969
4.54721
4.20394
3.82627
3.73347
3.59907
3.3967
3.37424
3.34029
3.29519
3.28252
3.20368
3.13068
3.07612
3.02107
2.93622
2.91839
2.84973
2.68936
2.68769
2.68312
2.67003
2.70396
2.65169
2.67422
2.55073
2.51978
2.50681
2.49732
2.48317
2.47068
2.45006
2.38254
2.31209
2.23283
2.2282
2.20402
2.11671
2.08557
2.07274
2.02418
2.00099
1.99814
2.04283
2.04162
1.93992
1.93992
1.93988
1.93992
1.93916
1.93652
1.92367
1.89757
1.87823
1.84532
1.84519
1.8444
1.84233
2.02252
1.83682
1.88412
1.8265
1.8265
1.82547
1.81967
1.79749
1.75996
1.71504
1.69709
1.69585
1.69585
1.69585
1.69579
1.72234
1.80468
1.70416
1.69276
1.6901
1.63846
1.52588
1.4658
1.46484
1.46221
1.51115
1.44981
1.42709
1.4267
1.42506
1.42158
1.40419
1.34212
1.34212
1.34188
1.34165
1.34212
1.34212
1.34212
1.34212
1.34212
1.34212
1.34212
1.34212
1.34212
1.34212
1.34212
1.34273
1.38463
1.33877
1.33012
1.3297
1.32778
1.32144
1.30913
1.30913
1.30913
1.30913
1.30913
1.3089
1.30868
1.308
1.33842
1.31007
1.29782
1.29782
1.29782
1.29782
1.29782
1.29782
1.29782
1.29782
1.29782
1.29782
1.29782
1.29771
1.29782
1.29782
1.29782
1.29782
1.29782
1.29782
1.29782
1.29782
1.29726
1.29782
1.29782
1.29782
1.29782
1.29782
1.29782
1.29782
1.29782
1.29782
1.29782
1.29782
1.29782
1.29782
1.29782
1.29782
1.29782
1.29782
1.29782
1.29782
1.29782
1.29782
1.29782
1.29782
1.29782
1.29782
1.29782
1.29782
1.29782
1.29782
1.29782
1.29782
1.29782
1.29782
1.29782
1.29782
1.29782
1.29782
1.29782
1.29771
1.29696
1.29353
1.29166
1.28896
1.27584
1.25158
1.24939
1.24939
1.24939
1.24939
1.24939
1.24939
1.24939
1.24939
1.24939
1.24939
1.24939
1.24939
1.24939
1.24856
1.24526
1.23125
1.2063
1.20262
1.20262
1.20262
1.20262
1.20262
1.20262
1.20262
1.20262
1.20262
1.20262
1.20262
1.20262
1.20262
1.20262
1.20262
1.20262
1.20262
1.20262
1.20262
1.20262
1.20262
1.20262
1.20553
1.20262
1.20262
1.20262
1.20262
1.20262
1.20262
1.20262
1.20262
1.20262
1.20262
1.20262
1.20262
1.20262
1.20262
1.20262
1.20262
1.20262
1.20262
1.20262
1.20262
1.20262
1.20262
1.20262
1.20262
1.20262
1.20254
1.20207
1.20003
1.19816
1.19704
1.19552
1.18837
1.17066
1.17066
1.17066
1.16924
1.1664
1.15504
1.11529
1.09968
1.09968
1.09968
1.09968
1.09968
1.09968
1.09968
1.09968
1.09968
1.09968
1.09968
1.09968
1.09968
1.09968
1.09968
1.09968
1.09968
1.09968
1.09968
1.09968
1.09968
1.09968
1.09968
1.09968
1.09968
1.09968
1.09968
1.09968
1.09968
1.09968
1.09968
1.09968
1.09968
1.09968
1.09968
1.09968
1.09968
1.09968
1.09968
1.09968
1.09968
1.09968
1.09968
1.09968
1.09968
1.09968
1.09968
1.09968
1.09968
1.09968
1.09968
1.09968
1.09968
1.09968
1.09968
1.09968
1.09968
1.09968
1.09968
1.09968
1.09968
1.09968
1.09968
1.09968
1.09968
1.09968
1.09968
1.09968
1.09968
1.09968
1.09968
1.09968
1.09968
1.09968
1.09968
1.09968
1.09968
1.09968
1.09968
1.09968
1.09968
1.09968
1.09968
1.09968
1.09968
1.09968
1.09968
1.09968
1.09968
1.09968
1.09968
1.09968
1.09968
1.09968
1.09968
1.09968
1.09968
1.09968
1.09968
1.09968
1.09968
1.09968
1.09968
1.09968
1.09968
1.09968
1.09968
1.09968
1.09968
1.09968
1.09968
1.09968
1.09968
1.09968
1.09968
1.09968
1.09968
1.09968
1.09968
1.09968
1.09968
1.09968
1.09968
1.09968
1.09968
1.09968
1.09968
1.09968
1.09968
1.09968
1.09968
1.09968
1.09968
1.09968
1.09968
1.09968
1.09968
1.09968
1.09968
1.09968
1.09968
1.09968
1.09968
1.09968
1.09968
1.09968
1.09968
1.09968
1.09968
1.09968
1.09968
1.09968
1.09968
1.09968
1.09968
1.09968
1.09968
1.09968
1.09968
1.09968
1.09968
1.09968
1.09968
1.09968
1.09968
1.09968
1.09968
1.09968
1.09968
1.09968
1.09968
1.09968
1.09968
1.09968
1.09968
1.09968
1.09968
1.09968
1.09968
1.09968
1.09968
1.09968
1.09968
1.09968
1.09968
1.09968
1.09968
1.09968
1.09968
1.09968
1.09968
1.09968
1.09968
1.09968
1.09968
1.09968
1.09968
1.09968
1.09968
1.09968
1.09968
1.09968
1.09968
1.09968
1.09968
1.09968
1.09968
1.09968
1.09968
1.09968
1.09968
1.09968
1.09968
1.09968
1.09968
1.09968
1.09968
1.09968
1.09968
1.09968
1.09968
1.09968
1.09968
1.09968
1.09968
1.09968
1.09968
1.09968
1.09968
1.09968
1.09968
1.09968
1.09968
1.09968
1.09968
1.09968
1.09968
1.09968
1.09968
1.09968
1.09968
1.09968
1.09968
1.09968
1.09968
1.09968
1.09968
1.09968
1.09968
1.09968
1.09968
1.09968
1.09968
1.09968
1.09968
1.09968
1.09968
1.09968
1.09968
1.09968
1.09968
1.09968
1.09968
1.09968
1.09968
1.09968
1.09968
1.09968
1.09968
1.09968
1.09968
1.09968
1.09968
1.09968
1.09968
1.09968
1.09968
1.09968
1.09968
1.09968
1.09968
1.09968
1.09968
1.09968
1.09968
1.09968
1.09968
1.09968
1.09968
1.09968
1.09968
1.09968
1.09968
1.09968
1.09968
1.09968
1.09968
1.09968
1.09968
1.09968
1.09968
1.09968
1.09968
1.09968
1.09968
1.09968
1.09968
1.09968
1.09968
1.09968
1.09968
1.09968
1.09968
1.09968
1.09968
1.09968
1.09968
1.09968
1.09968
1.09968
1.09968
1.09968
1.09968
1.09968
1.09968
1.09968
1.09968
1.09968
1.09968
1.09968
1.09968
1.09968
1.09968
1.09968
1.09968
1.09968
1.09968
1.09968
1.09968
1.09968
1.09968
1.09968
1.09968
1.09968
1.09968
1.09968
1.09968
1.09968
1.09968
1.09968
1.09968
1.09968
1.09968
1.09968
1.09968
1.09968
1.09968
1.09968
1.09968
1.10081
1.09968
1.09968
1.09968
1.09968
1.09968
1.09968
1.09968
1.09968
1.09968
1.09968
1.09968
1.09968
1.09968
1.09968
1.09968
1.09968
1.09968
1.09968
1.09968
1.09968
1.09968
1.09968
1.09968
1.09968
1.09968
1.09968
1.09968
1.09968
1.09968
1.09968
1.09968
1.09968
1.09968
1.09968
1.09968
1.09968
1.09968
1.09968
1.09968
1.09968
1.09968
1.09968
1.09968
1.09968
1.09968
1.09968
1.09968
1.09968
1.09968
1.09968
1.09968
1.09968
1.09968
1.09968
1.09968
1.09968
1.09968
1.09968
1.09968
1.09968
1.09968
1.09968
1.09968
1.09968
1.09968
1.09968
1.09968
1.09968
1.09968
1.09968
1.09968
1.09968
1.09968
1.09968
1.09968
1.09968
1.09968
1.09968
1.09968
1.09968
1.09968
1.09968
1.09968
1.09968
1.09968
1.09968
1.09968
1.09968
1.09968
1.09968
1.09968
1.09968
1.09968
1.09968
1.09968
1.09968
1.09968
1.09968
1.09968
1.09968
1.09968
1.09968
1.09968
1.09968
1.09968
1.09968
1.09968
1.09968
1.09968
1.09968
1.09968
1.09968
1.09968
1.09968
1.09968
1.09968
1.09968
1.09968
1.09968
1.09968
1.09968
1.09968
1.09968
1.09968
1.09968
1.09968
1.09968
1.09968
1.09968
1.09968
1.09968
1.09968
1.09968
1.09968
1.09968
1.09968
1.09968
1.09968
1.09968
1.09968
1.09968
1.09968
1.09968
1.09968
1.09968
1.09968
1.09968
1.09968
1.09968
1.09968
1.09968
1.09968
1.09968
1.09968
1.09968
1.09968
1.09968
1.09968
1.09968
1.09968
1.09968
1.09968
1.09968
1.09968
1.09968
1.09968
1.09968
1.09968
1.09968
1.09968
1.09968
1.09968
1.09968
1.09968
1.09968
1.09968
1.09968
1.09968
1.09968
1.09968
1.09968
1.09968
1.09968
1.09968
1.09968
1.09968
1.09968
1.09968
1.09968
1.09968
1.09968
1.09968
1.09968
1.09968
1.09968
1.09968
1.09968
1.09968
1.09968
1.09968
1.09968
1.09968
1.09968
1.09968
1.09968
1.09968
1.09968
1.09968
1.09968
1.09968
1.09968
1.09968
1.09968
1.09968
1.09968
1.09968
1.09968
1.09968
1.09968
1.09968
1.09968
1.09968
1.09968
1.09968
1.09968
1.09968
1.09968
1.09968
1.09968
1.09968
1.09968
1.09968
1.09968
1.09968
1.09968
1.09968
1.09968
1.09968
1.09968
1.09968
1.09968
1.09968
1.09968
1.09968
1.09968
1.09968
1.09968
1.09968
1.09968
1.09968
1.09968
1.09968
1.09968
1.09968
1.09968
1.09968
1.09968
1.09968
1.09968
1.09968
1.09968
1.09968
1.09968
1.09968
1.09968
1.09968
1.09968
1.09968
1.09968
1.09968
1.09968
1.09968
1.09968
1.09968
1.09968
1.09968
1.09968
1.09968
1.09968
1.09968
1.09968
1.09968
1.09968
1.09968
1.09968
1.09968
1.09968
1.09968
1.09968
1.09968
1.09968
1.09968
1.09968
1.09968
1.09968
1.09968
1.09968
1.09968
1.09968
1.09968
1.09968
1.09968
1.09968
1.09968
1.09968
1.09968
1.09968
1.09968
1.09968
1.09968
1.09968
1.09968
1.09968
1.09968
1.09968
1.09968
1.09968
1.09968
1.09968
1.09968
1.09968
1.09968
1.09968
1.09968
1.09968
1.09968
1.09968
1.09968
1.09968
1.09968
1.09968
1.09968
1.09968
1.09968
1.09968
1.09968
1.09968
1.09968
1.09968
1.09968
1.09968
1.09968
1.09968
1.09968
1.09968
1.09968
1.09968
1.09968
1.09968
1.09968
1.09968
1.09968
1.09968
1.09947
1.09883
1.09713
1.09119
1.08907
1.08907
1.08907
1.08907
1.08907
1.08907
1.08907
