# best half averages
9.66139
8.84068
8.36995
7.80616
7.21917
6.83181
6.41223
5.97986
5.6077
5.48677
5.38636
5.12858
4.99397
4.80893
4.38483
3.93999
3.70828
3.6351
3.48836
3.32992
3.29029
3.19368
3.00395
2.79666
2.73294
2.56981
2.42449
2.40455
2.36631
2.34893
2.30275
2.29426
2.26665
2.20297
2.20244
2.20189
2.21434
2.23937
2.19232
2.16968
2.14785
2.08523
2.08461
2.08461
2.08461
2.08461
2.08035
2.14055
2.25059
2.07899
2.08318
2.07843
2.05005
2.01613
2.11882
2.00953
1.91401
1.90407
1.87672
1.87435
1.86595
1.85243
1.84621
1.82796
1.75466
1.73314
1.73145
1.72492
1.69124
1.64466
1.63725
1.61586
1.61536
1.60637
1.58923
1.58919
1.58866
1.58754
1.58435
1.5777
1.56446
1.56424
1.56274
1.5592
1.5592
1.5592
1.5592
1.5592
1.5592
1.5592
1.5592
1.5592
1.55913
1.55867
1.55638
1.55543
1.5544
1.55208
1.55208
1.55208
1.55208
1.55207
1.55201
1.55164
1.55162
1.55162
1.55162
1.55162
1.55162
1.55162
1.55162
1.55162
1.55162
1.55162
1.55162
1.55162
1.55162
1.55162
1.55162
1.55162
1.55162
1.55162
1.55162
1.55162
1.55162
1.55162
1.55162
1.55162
1.55162
1.55162
1.55162
1.55099
1.55029
1.54538
1.52779
1.51861
1.51618
1.50955
1.49859
1.49686
1.49677
1.48925
1.48743
1.48743
1.48743
1.48743
1.48743
1.48743
1.48743
1.48743
1.48743
1.48743
1.48743
1.48743
1.48743
1.48743
1.48743
1.48743
1.48743
1.48743
1.48743
1.48743
1.48743
1.48743
1.48743
1.48743
1.48743
1.48743
1.48743
1.48743
1.48649
1.48366
1.4623
1.4404
1.4404
1.4404
1.4404
1.4404
1.4404
1.4404
1.43868
1.43861
1.43781
1.51534
1.43732
1.43732
1.43732
1.43732
1.43732
1.43732
1.43732
1.43732
1.43732
1.43732
1.44318
1.43915
1.58065
1.44706
1.43732
1.49036
1.43597
1.43327
1.4238
1.37897
1.36972
1.36972
1.36972
1.36972
1.36972
1.36972
1.36966
1.36955
1.36852
1.36667
1.36657
1.36542
1.36367
1.35879
1.35105
1.35105
1.35105
1.35082
1.34854
1.34123
1.33952
1.33915
1.33856
1.33856
1.33856
1.33856
1.33856
1.33856
1.33856
1.33856
1.33856
1.33856
1.33856
1.33856
1.33856
1.33856
1.33856
1.33856
1.33856
1.33856
1.33856
1.33856
1.33856
1.33856
1.33856
1.33856
1.33856
1.33856
1.33856
1.33856
1.33856
1.33856
1.33856
1.33856
1.33856
1.33722
1.33588
1.33186
1.31577
1.27152
1.27152
1.27152
1.27152
1.27152
1.27152
1.27152
1.27152
1.27152
1.27152
1.27152
1.27152
1.27152
1.27152
1.27152
1.27152
1.27148
1.27138
1.27115
1.2699
1.26937
1.26937
1.26937
1.26937
1.26937
1.26937
1.26937
1.26914
1.26914
1.26892
1.26757
1.26329
1.25811
1.25811
1.25811
1.25811
1.25811
1.25811
1.25811
1.25811
1.25811
1.25811
1.25811
1.25811
1.25811
1.25811
1.25811
1.25811
1.25811
1.25811
1.25811
1.25811
1.25811
1.25811
1.25811
1.25811
1.25811
1.25811
1.25811
1.25811
1.25811
1.25811
1.25811
1.25811
1.25811
1.25811
1.25745
1.25745
1.25548
1.24891
1.22539
1.22526
1.22526
1.22526
1.22526
1.22526
1.22526
1.22526
1.22526
1.22526
1.22526
1.22526
1.22526
1.22526
1.22526
1.22526
1.22526
1.22526
1.22526
1.22526
1.22526
1.22526
1.22526
1.22526
1.22526
1.22526
1.22526
1.22526
1.22526
1.22526
1.22526
1.22526
1.22526
1.22526
1.22526
1.22526
1.22526
1.22526
1.22526
1.22526
1.22526
1.22526
1.22526
1.22526
1.22526
1.22526
1.22526
1.22526
1.22526
1.22526
1.22526
1.22526
1.22526
1.22526
1.22526
1.22526
1.22526
1.22526
1.22526
1.22526
1.22526
1.22526
1.22526
1.22526
1.22526
1.22526
1.22526
1.22526
1.22526
1.22526
1.22526
1.22526
1.22526
1.22526
1.22526
1.22526
1.22526
1.22526
1.22526
1.22526
1.22526
1.22526
1.22526
1.22526
1.22526
1.22526
1.22526
1.22526
1.22526
1.22526
1.22526
1.22526
1.22526
1.22526
1.22526
1.22526
1.22526
1.22526
1.22526
1.22526
1.22526
1.22526
1.22526
1.22526
1.22526
1.22526
1.22526
1.22526
1.22526
1.22526
1.22526
1.22526
1.22526
1.22526
1.22526
1.22526
1.22526
1.22526
1.22526
1.22526
1.22526
1.22526
1.22526
1.22526
1.22526
1.22526
1.22526
1.22526
1.22526
1.22526
1.22526
1.22526
1.22526
1.22526
1.22526
1.22526
1.22526
1.22526
1.22526
1.22526
1.22526
1.22526
1.22526
1.22526
1.22526
1.22526
1.22526
1.22526
1.22526
1.22526
1.22526
1.22526
1.22526
1.22526
1.22526
1.22526
1.22526
1.22526
1.22526
1.22526
1.22526
1.22526
1.22526
1.22526
1.22526
1.22526
1.22526
1.22526
1.22526
1.22526
1.22526
1.22526
1.22526
1.22526
1.22526
1.22526
1.22526
1.22526
1.22526
1.22526
1.22526
1.22526
1.22526
1.22526
1.22526
1.22526
1.22526
1.22526
1.22526
1.22526
1.22526
1.22526
1.22526
1.22526
1.22526
1.22526
1.22526
1.22526
1.22526
1.22526
1.22526
1.22526
1.22526
1.22526
1.22526
1.22526
1.22526
1.22526
1.22526
1.22526
1.22526
1.22526
1.22526
1.22526
1.22526
1.22526
1.22526
1.22526
1.22526
1.22526
1.22526
1.22526
1.22526
1.22526
1.22526
1.22526
1.22526
1.22526
1.22526
1.22526
1.22526
1.22526
1.22526
1.22526
1.22526
1.22526
1.22526
1.22526
1.22526
1.22526
1.22526
1.22526
1.22526
1.22526
1.22526
1.22526
1.22526
1.22526
1.22526
1.22526
1.22526
1.22526
1.22526
1.22526
1.22526
1.22526
1.22526
1.22526
1.22526
1.22526
1.22526
1.22526
1.22526
1.22526
1.22526
1.22526
1.22526
1.22526
1.22431
1.22337
1.22243
1.21488
1.18216
1.17808
1.17808
1.17808
1.17808
1.17808
1.17808
1.17808
1.17808
1.17808
1.17808
1.17808
1.17808
1.17808
1.17808
1.17808
1.17808
1.17808
1.17808
1.17808
1.17808
1.17808
1.17808
1.17808
1.17808
1.17808
1.17808
1.17808
1.17808
1.17808
1.17808
1.17808
1.17806
1.17798
1.17768
1.17681
1.17681
1.17681
1.17681
1.17651
1.17533
1.17386
1.16707
1.16205
1.16205
1.16205
1.16205
1.16205
1.16205
1.16205
1.16205
1.16205
1.16205
1.16205
1.16205
1.16205
1.16167
1.16167
1.15941
1.15565
1.14324
1.14324
1.14324
1.14324
1.14324
1.14324
1.14324
1.14324
1.14324
1.14324
1.14324
1.14324
1.14324
1.14324
1.14324
1.14324
1.14324
1.14324
1.14324
1.14324
1.14324
1.14324
1.14326
1.14815
1.14324
1.14324
1.14324
1.14324
1.14324
1.14324
1.14324
1.14324
1.14324
1.14324
1.14324
1.14324
1.14324
1.14324
1.14324
1.14324
1.14324
1.14324
1.14324
1.14324
1.14324
1.14324
1.14324
1.14324
1.14324
1.14324
1.14324
1.16592
1.2165
1.20559
1.14604
1.14324
1.14324
1.14324
1.14324
1.14324
1.14324
1.14324
1.14324
1.14324
1.14324
1.14324
1.14324
1.14324
1.14324
1.14324
1.14324
1.14324
1.14324
1.14324
1.14324
1.14324
1.14324
1.14324
1.14324
1.14324
1.14324
1.14324
1.14324
1.14324
1.14324
1.14324
1.14324
1.14324
1.14324
1.14324
1.14324
1.14324
1.14324
1.14324
1.14324
1.14324
1.14324
1.14324
1.14324
1.14324
1.14324
1.14324
1.14324
1.14324
1.14324
1.14324
1.14324
1.14324
1.14324
1.14324
1.14324
1.14324
1.14324
1.14324
1.14324
1.14324
1.14324
1.14324
1.14324
1.14324
1.14324
1.14324
1.14324
1.14324
1.14324
1.14324
1.14324
1.14324
1.14324
1.14324
1.14324
1.14324
1.14324
1.14324
1.14324
1.14324
1.14324
1.14324
1.14324
1.14324
1.14324
1.14324
1.14324
1.14324
1.14324
1.14324
1.14324
1.14324
1.14324
1.14324
1.14324
1.14324
1.14324
1.14324
1.14324
1.14324
1.14324
1.14324
1.14324
1.14324
1.14324
1.14324
1.14324
1.14324
1.14324
1.14324
1.14324
1.14324
1.14324
1.14324
1.14324
1.14324
1.14324
1.14324
1.14324
1.14324
1.14324
1.14324
1.14324
1.14324
1.14324
1.14324
1.14324
1.14324
1.14324
1.14324
1.14324
1.14324
1.14324
1.14324
1.14324
1.14324
1.14324
1.14324
1.14324
1.14324
1.14324
1.14324
1.14324
1.14324
1.14324
1.14324
1.14324
1.14324
1.14324
1.14324
1.14324
1.14324
1.14324
1.14324
1.14324
1.14324
1.14324
1.14324
1.14324
1.14324
1.14324
1.14324
1.14324
1.14324
1.14324
1.14324
1.14324
1.14324
1.14324
1.14324
1.14324
1.14324
1.14324
1.14324
1.14324
1.14324
1.14324
1.14324
1.14324
1.14324
1.14324
1.14324
1.14324
1.14324
1.14324
1.14324
1.14324
1.14324
1.14324
1.14324
1.14324
1.14324
1.14324
1.14324
1.14324
1.14324
1.14324
1.14324
1.14324
1.14324
1.14324
1.14324
1.14324
1.14324
1.14324
1.14324
1.14324
1.14324
1.14324
1.14324
1.14324
1.14324
1.14324
1.14324
1.14324
1.14324
1.14324
1.14324
1.14324
1.14324
1.14324
1.14324
1.14324
1.14324
1.14324
1.14324
1.14324
1.14324
1.14324
1.14324
1.14324
1.14324
1.14324
1.14324
1.14324
1.14324
1.14324
1.14324
1.14324
1.14324
1.14324
1.14324
1.14324
1.14324
1.14324
1.14324
1.14324
1.14324
1.14324
1.14324
1.14324
1.14324
1.14324
1.14324
1.14324
1.14324
1.14324
1.14324
1.14324
1.14324
1.14324
1.14324
1.14324
1.14324
1.14335
1.14324
1.14324
1.14324
1.14324
1.14324
1.14324
1.14324
1.14324
1.14324
1.14324
1.14324
1.14324
1.14324
1.14324
