# best half averages
9.91982
9.1185
8.5234
7.98238
7.29232
6.84602
6.52178
6.15888
5.4873
5.33039
5.2347
5.02241
4.55641
4.18852
3.99308
3.8176
3.68715
3.72202
3.50757
3.42347
3.32708
3.23337
3.18396
3.03091
2.78079
2.77105
2.73048
2.73048
2.73048
2.74576
2.81981
2.72064
2.67622
2.7177
2.47641
2.33773
2.30498
2.24299
2.21127
2.17156
2.16794
2.15872
2.12627
2.07438
2.0366
2.03071
2.0302
2.02898
2.01966
2.0029
2.0029
2.00269
2.00255
2.00111
1.99593
1.99163
1.97326
1.92377
1.8564
1.85631
1.85631
1.8564
1.8564
1.85636
1.8564
1.8564
1.8564
1.8564
1.8564
1.8564
1.8564
1.85636
1.85636
1.85636
1.8564
1.85561
1.85335
1.84368
1.8177
1.79595
1.78593
1.78593
1.7842
1.78091
1.76573
1.70868
1.70345
1.7009
1.69239
1.68231
1.6807
1.6707
1.66745
1.66736
1.66718
1.79814
1.66725
1.66695
1.68289
1.66406
1.66961
1.65938
1.65357
1.63944
1.61043
1.60873
1.60873
1.60873
1.60873
1.60873
1.60873
1.60873
1.60873
1.60873
1.60872
1.60868
1.60853
1.60802
1.60536
1.59422
1.55097
1.47473
1.46282
1.46185
1.45712
1.45699
1.45699
1.45699
1.45699
1.45699
1.45699
1.45699
1.45699
1.45699
1.45699
1.45699
1.4555
1.454
1.45188
1.4392
1.45988
1.38211
1.38211
1.38211
1.38211
1.38211
1.38211
1.38211
1.38211
1.38211
1.38211
1.38211
1.38211
1.38211
1.38085
1.37833
1.36536
1.31915
1.31915
1.31915
1.31915
1.31779
1.31235
1.29194
1.25112
1.25112
1.25112
1.25112
1.25112
1.25099
1.25034
1.2481
1.24192
1.23197
1.21141
1.21141
1.21141
1.21141
1.21141
1.21141
1.21141
1.21141
1.21141
1.21141
1.21141
1.21141
1.21141
1.21141
1.21141
1.21141
1.21141
1.21141
1.21141
1.21141
1.21141
1.21141
1.21141
1.21141
1.21141
1.21141
1.21141
1.21141
1.21141
1.21141
1.21141
1.21141
1.21141
1.21141
1.21141
1.21141
1.21141
1.21141
1.21141
1.21141
1.21141
1.21141
1.21141
1.21141
1.21141
1.21141
1.21141
1.21141
1.21141
1.21141
1.21141
1.21141
1.21141
1.21141
1.21141
1.21141
1.21141
1.21141
1.21141
1.21141
1.21141
1.21141
1.21141
1.21141
1.21141
1.21141
1.21141
1.21141
1.21141
1.21141
1.21141
1.21141
1.21141
1.21141
1.21066
1.20839
1.20234
1.17361
1.17361
1.17361
1.17361
1.17361
1.17361
1.17361
1.17361
1.17361
1.17361
1.25586
1.17361
1.17361
1.17361
1.17361
1.17361
1.17361
1.17361
1.17361
1.17361
1.17361
1.19284
1.24094
1.19593
1.18984
1.17361
1.17361
1.17361
1.17361
1.17361
1.17361
1.17361
1.17361
1.17361
1.17361
1.17361
1.17361
1.17361
1.17361
1.17361
1.17361
1.17361
1.17361
1.17361
1.17361
1.17361
1.17361
1.17361
1.17361
1.17361
1.17361
1.17361
1.17361
1.17361
1.17361
1.17361
1.17361
1.17361
1.17361
1.17361
1.17361
1.17361
1.17361
1.17361
1.17361
1.17361
1.17361
1.17361
1.17361
1.17361
1.17361
1.17361
1.17361
1.17361
1.17361
1.17361
1.17361
1.17361
1.17361
1.17361
1.17361
1.17361
1.17361
1.17361
1.17361
1.17361
1.17361
1.17361
1.17361
1.17361
1.17361
1.17361
1.17361
1.17361
1.17361
1.17361
1.17361
1.17361
1.17361
1.17361
1.17361
1.17361
1.17361
1.17361
1.17361
1.17361
1.17361
1.17361
1.17361
1.17361
1.17361
1.17361
1.17361
1.17361
1.17361
1.17361
1.17361
1.17361
1.17361
1.17361
1.17361
1.17361
1.17361
1.17361
1.17361
1.17361
1.17361
1.17361
1.17361
1.17361
1.17361
1.17361
1.17361
1.17361
1.17361
1.17361
1.17361
1.17361
1.17361
1.17361
1.17361
1.17361
1.17361
1.17361
1.17361
1.17361
1.17361
1.17361
1.17361
1.17361
1.17361
1.17361
1.17361
1.17361
1.17361
1.17361
1.17361
1.17361
1.17361
1.17361
1.17361
1.17361
1.17361
1.17361
1.17361
1.17361
1.17361
1.17361
1.17361
1.17361
1.17361
1.17361
1.17361
1.17361
1.17361
1.17361
1.17361
1.17361
1.17361
1.17361
1.1734
1.17319
1.17234
1.16651
1.16301
1.16301
1.16301
1.16301
1.16301
1.16301
1.16301
1.16301
1.16301
1.16301
1.16301
1.16301
1.16139
1.16139
1.15977
1.15653
1.13873
1.08191
1.0814
1.0792
1.07362
1.07362
1.07362
1.07362
1.07362
1.07362
1.07362
1.07362
1.07362
1.07362
1.07362
1.07362
1.07362
1.07362
1.07362
1.07362
1.07362
1.07362
1.07362
1.07362
1.07362
1.07362
1.07362
1.07362
1.07362
1.07362
1.07362
1.07362
1.07362
1.07362
1.07362
1.07362
1.07362
1.07362
1.07362
1.07362
1.07362
1.07362
1.07362
1.07362
1.07362
1.07362
1.07362
1.07362
1.07362
1.07362
1.07362
1.07362
1.07362
1.07362
1.07362
1.07362
1.07362
1.07362
1.07362
1.07362
1.07362
1.07362
1.07362
1.07362
1.07362
1.07362
1.07362
1.07362
1.07362
1.07362
1.07362
1.07362
1.07362
1.07362
1.07362
1.07362
1.07362
1.07362
1.07362
1.07362
1.07362
1.07362
1.07362
1.07362
1.07362
1.07362
1.07362
1.07362
1.07362
1.07362
1.07362
1.07362
1.07362
1.07362
1.07362
1.07362
1.07362
1.07362
1.07362
1.07362
1.07362
1.07362
1.07362
1.07362
1.07362
1.07362
1.07362
1.07362
1.07362
1.07362
1.07362
1.07362
1.07362
1.07362
1.07362
1.07362
1.07362
1.07362
1.07362
1.07362
1.07362
1.07362
1.07362
1.07362
1.07362
1.07362
1.07362
1.07362
1.07362
1.07362
1.07362
1.07362
1.07362
1.07362
1.07362
1.07362
1.07362
1.07362
1.07362
1.07362
1.07362
1.07362
1.07362
1.07362
1.07362
1.07362
1.07362
1.07362
1.07362
1.07362
1.07362
1.07362
1.07362
1.07362
1.07362
1.07362
1.07362
1.07362
1.07362
1.07362
1.07362
1.07362
1.07362
1.07362
1.07362
1.07362
1.07362
1.07362
1.07362
1.07362
1.07362
1.07362
1.07362
1.07362
1.07362
1.07362
1.07362
1.07362
1.07362
1.07362
1.07362
1.07362
1.07362
1.07362
1.07362
1.07362
1.07362
1.07362
1.07362
1.07362
1.07362
1.07362
1.07362
1.07362
1.07362
1.07362
1.07362
1.07362
1.07362
1.07362
1.07362
1.07362
1.07362
1.07362
1.07362
1.07362
1.07362
1.07362
1.07362
1.07362
1.07362
1.07362
1.07362
1.07362
1.07362
1.07362
1.07362
1.07362
1.07362
1.07362
1.07362
1.07362
1.07362
1.07362
1.07362
1.07362
1.07362
1.07362
1.07362
1.07362
1.07362
1.07362
1.07362
1.07362
1.07362
1.07362
1.07362
1.07362
1.07362
1.07362
1.07362
1.07362
1.07362
1.07362
1.07362
1.07362
1.07362
1.07362
1.07362
1.07362
1.07362
1.07362
1.07362
1.07362
1.07362
1.07362
1.07362
1.07362
1.07362
1.07362
1.07362
1.07362
1.07362
1.07362
1.07362
1.07362
1.07362
1.07362
1.07362
1.07362
1.07362
1.07362
1.07362
1.07362
1.07362
1.07362
1.07362
1.07362
1.07362
1.07362
1.07362
1.07362
1.07362
1.07362
1.07362
1.07362
1.07362
1.07362
1.07362
1.07362
1.07362
1.07362
1.07362
1.07362
1.07362
1.07362
1.07362
1.07362
1.07362
1.07362
1.07362
1.07362
1.07362
1.07362
1.07362
1.07362
1.07362
1.07362
1.07362
1.07362
1.07362
1.07362
1.07362
1.07362
1.07476
1.07362
1.07362
1.07362
1.07362
1.07362
1.07362
1.07362
1.07362
1.07362
1.07362
1.07362
1.07362
1.07362
1.07362
1.07362
1.07362
1.07362
1.07362
1.07362
1.07362
1.07362
1.07362
1.07355
1.07362
1.07362
1.07362
1.07362
1.07362
1.07362
1.07362
1.07362
1.07362
1.07362
1.07362
1.07362
1.07362
1.07362
1.07362
1.07362
1.07362
1.07362
1.07355
1.07355
1.07342
1.07301
1.07079
1.07025
1.07025
1.07025
1.07025
1.07025
1.07025
1.07025
1.07025
1.07025
1.07025
1.07025
1.07025
1.07025
1.07025
1.07025
1.07025
1.07025
1.07025
1.07025
1.07025
1.07025
1.07025
1.07025
1.07025
1.07025
1.07025
1.07025
1.07025
1.07025
1.07025
1.07025
1.07025
1.07025
1.07025
1.07025
1.07025
1.07025
1.07025
1.07025
1.07025
1.07025
1.07025
1.07025
1.07025
1.07025
1.07025
1.07025
1.07025
1.07025
1.07015
1.06995
1.06934
1.06742
1.06519
1.06519
1.06519
1.06519
1.06519
1.06519
1.06519
1.06519
1.06519
1.06519
1.06519
1.06519
1.06519
1.06519
1.06519
1.06519
1.06519
1.06519
1.06519
1.06519
1.06519
1.06519
1.06519
1.06519
1.06532
1.06603
1.06519
1.06519
1.07285
1.21141
1.06519
1.06519
1.06519
1.06519
1.06519
1.06519
1.06519
1.06519
1.06519
1.06519
1.06519
1.06519
1.06519
1.06519
1.06519
1.06519
1.06519
1.06519
1.06519
1.06519
1.06519
1.06519
1.06519
1.06519
1.06519
1.06519
1.06519
1.06519
1.06519
1.06519
1.06519
1.06519
1.06519
1.06519
1.06519
1.06519
1.06519
1.06519
1.06519
1.06519
1.06519
1.06519
1.06519
1.06519
1.06519
1.06519
1.06519
1.06519
1.06519
1.06519
1.06519
1.06519
1.06519
1.06519
1.06519
1.06519
1.06519
1.06519
1.06519
1.06519
1.06519
1.06519
1.06519
1.06519
1.06519
1.06519
1.06519
1.06519
1.06519
1.06519
1.06519
1.06519
1.06519
1.06519
1.06519
1.06519
1.06519
1.06519
1.06519
1.06519
1.06519
1.06519
1.06519
1.06519
1.06519
1.06519
1.06519
1.06519
1.06519
1.06519
1.06518
1.06517
1.06507
1.06473
1.06473
1.06473
1.06473
1.06473
1.06473
1.06473
1.06473
1.06473
1.06473
1.06473
1.06473
