# best half averages
9.88167
9.10597
8.66295
8.22038
7.71894
7.19817
6.37312
5.69792
5.25513
5.02995
4.82681
4.28616
3.8941
3.73601
3.64483
3.60066
3.56591
3.459
3.34072
3.33429
3.32026
3.30571
3.15743
3.14199
3.01033
2.98907
2.94653
2.92584
2.95117
2.82953
2.71331
2.6482
2.54312
2.49965
2.48897
2.41714
2.38075
2.23082
2.20019
2.22727
2.21623
2.21075
2.22771
2.27681
2.11759
2.10669
2.03653
1.99807
1.8972
1.79318
1.78968
1.77748
1.91319
1.80604
1.75448
1.7302
1.72589
1.70372
1.67299
1.65298
1.60686
1.60058
1.59773
1.5865
1.57028
1.54136
1.4952
1.33597
1.28256
1.28221
1.27952
1.27055
1.26549
1.26549
1.26545
1.26395
1.25894
1.23716
1.20602
1.20584
1.20512
1.20412
1.20412
1.20429
1.20429
1.20265
1.19938
1.18302
1.13377
1.12248
1.13764
1.12231
1.12591
1.12248
1.12231
1.12248
1.12236
1.12187
1.1209
1.11787
1.11641
1.11641
1.11641
1.11641
1.11641
1.1163
1.11564
1.11365
1.11089
1.11089
1.11089
1.11089
1.11089
1.11059
1.11059
1.11029
1.1088
1.10191
1.09592
1.09592
1.09592
1.09592
1.09592
1.09592
1.10693
1.09592
1.09591
1.0959
1.09586
1.09563
1.09546
1.09546
1.09546
1.09546
1.09546
1.09546
1.09546
1.09546
1.09546
1.09546
1.09546
1.09545
1.09545
1.09541
1.09522
1.09467
1.09467
1.09467
1.09467
1.09467
1.09467
1.09467
1.09467
1.09467
1.09467
1.09467
1.09467
1.09467
1.09467
1.09467
1.09467
1.09467
1.09467
1.09467
1.09467
1.09467
1.09467
1.09467
1.09467
1.09467
1.09467
1.09467
1.09467
1.09467
1.09467
1.09467
1.09467
1.09467
1.09467
1.09467
1.09467
1.09467
1.09467
1.09467
1.09467
1.09467
1.09373
1.09467
1.09467
1.09467
1.09467
1.09467
1.09467
1.09467
1.09467
1.09467
1.09467
1.09467
1.09467
1.09467
1.09467
1.09467
1.09467
1.09467
1.09462
1.09448
1.09401
1.0927
1.09139
1.08951
1.08857
1.08104
1.05659
1.04531
1.04531
1.04531
1.04531
1.04531
1.04531
1.04531
1.04531
1.04531
1.04531
1.04531
1.04531
1.04531
1.04531
1.04531
1.04531
1.04531
1.04531
1.04531
1.04531
1.04531
1.04531
1.04531
1.04531
1.04531
1.04531
1.04531
1.04531
1.04531
1.04531
1.04531
1.04531
1.04531
1.04531
1.04531
1.04531
1.04531
1.04531
1.04531
1.04531
1.04531
1.04531
1.04531
1.04531
1.04531
1.04531
1.04531
1.04531
1.04531
1.04531
1.04531
1.12811
1.04531
1.04531
1.04531
1.04531
1.04531
1.04531
1.04531
1.04531
1.04531
1.04531
1.04531
1.04531
1.04531
1.04531
1.04531
1.04531
1.04531
1.04531
1.04531
1.04531
1.04531
1.04531
1.04531
1.04531
1.04531
1.04531
1.04531
1.04531
1.04531
1.04583
1.04531
1.04531
1.04531
1.04531
1.04531
1.04531
1.04531
1.04531
1.04531
1.04531
1.04531
1.04531
1.04531
1.04531
1.04531
1.04531
1.04531
1.04531
1.04531
1.04531
1.04531
1.04531
1.04531
1.04531
1.04531
1.04531
1.04531
1.04531
1.04531
1.04531
1.04531
1.04531
1.04531
1.04531
1.04531
1.04531
1.04531
1.04531
1.04531
1.04531
1.04531
1.04531
1.04531
1.04531
1.04531
1.04531
1.04531
1.04531
1.04531
1.04531
1.04531
1.04531
1.04531
1.04531
1.04531
1.04531
1.04531
1.04531
1.04531
1.04531
1.06526
1.07604
1.04531
1.04549
1.08418
1.08709
1.04531
1.04531
1.04531
1.04531
1.04531
1.04531
1.04531
1.04531
1.04531
1.04531
1.04531
1.04531
1.04531
1.04531
1.04531
1.04531
1.04531
1.04531
1.04531
1.04531
1.04531
1.04531
1.04531
1.04531
1.04531
1.04531
1.04531
1.04531
1.04531
1.04531
1.04531
1.04531
1.04531
1.04531
1.04531
1.04531
1.04531
1.04531
1.04531
1.04531
1.04531
1.04531
1.04531
1.04531
1.04531
1.04531
1.04531
1.04531
1.04531
1.04531
1.04531
1.04531
1.04531
1.04531
1.04531
1.04531
1.04531
1.04531
1.04531
1.04531
1.04531
1.04531
1.04531
1.04531
1.04531
1.04531
1.04531
1.04531
1.04531
1.04531
1.04531
1.04531
1.04531
1.04531
1.04531
1.04531
1.04531
1.04531
1.04531
1.04531
1.04531
1.04531
1.04531
1.04531
1.04531
1.04531
1.04531
1.04531
1.04531
1.04531
1.04531
1.04531
1.04531
1.04531
1.04531
1.04531
1.04531
1.04531
1.04531
1.04531
1.04531
1.04531
1.04531
1.04531
1.04531
1.04531
1.04531
1.04531
1.04531
1.04531
1.04531
1.04531
1.04531
1.04531
1.04531
1.04531
1.04531
1.04531
1.04531
1.04531
1.04531
1.04531
1.04531
1.04531
1.04531
1.04531
1.04531
1.04531
1.04531
1.04531
1.04531
1.04531
1.04531
1.04531
1.04531
1.04531
1.04531
1.04531
1.04531
1.04531
1.04531
1.04531
1.04531
1.04531
1.04531
1.04531
1.04531
1.04531
1.04531
1.04531
1.04531
1.04531
1.04531
1.04531
1.04531
1.04531
1.04531
1.04531
1.04531
1.04531
1.04531
1.04531
1.04531
1.04531
1.04531
1.04531
1.04531
1.04531
1.04531
1.04531
1.04531
1.04531
1.04531
1.04531
1.04531
1.04531
1.04531
1.04531
1.04531
1.04531
1.04531
1.04531
1.04531
1.04531
1.04531
1.04531
1.04531
1.04531
1.04531
1.04531
1.04531
1.04531
1.04531
1.04531
1.04531
1.04531
1.04531
1.04531
1.04531
1.04531
1.04531
1.04531
1.04531
1.04531
1.04531
1.04531
1.04531
1.04531
1.04531
1.04531
1.04531
1.04531
1.04531
1.04531
1.04531
1.04531
1.04531
1.04531
1.04531
1.04531
1.04531
1.04531
1.04531
1.04531
1.04531
1.04531
1.04531
1.04531
1.04531
1.04531
1.04531
1.04531
1.04531
1.04531
1.04531
1.04531
1.04531
1.04531
1.04531
1.04531
1.04531
1.04531
1.04531
1.04531
1.04531
1.04531
1.04531
1.04531
1.04531
1.04531
1.04531
1.04531
1.04531
1.04531
1.04531
1.04531
1.04531
1.04531
1.04531
1.04531
1.04531
1.04531
1.04531
1.04531
1.04531
1.04531
1.04531
1.04531
1.04531
1.04531
1.04531
1.04531
1.04531
1.04531
1.04531
1.04531
1.04531
1.04531
1.04531
1.04531
1.04531
1.04531
1.04531
1.04531
1.04531
1.04531
1.04531
1.04531
1.04531
1.04531
1.04531
1.04531
1.04531
1.04531
1.04531
1.04531
1.04531
1.04531
1.04531
1.04531
1.04531
1.04531
1.04531
1.04531
1.04531
1.04531
1.04531
1.04531
1.04531
1.04531
1.04531
1.04531
1.04531
1.04531
1.04531
1.04531
1.04531
1.04531
1.04531
1.04531
1.04531
1.04531
1.04531
1.04531
1.04531
1.04531
1.04531
1.04531
1.04531
1.04531
1.04531
1.04531
1.04531
1.04531
1.04531
1.04531
1.04531
1.04531
1.04531
1.04531
1.04531
1.04531
1.04531
1.04531
1.04531
1.04531
1.04531
1.04531
1.04531
1.04531
1.04531
1.04531
1.04531
1.04531
1.04531
1.04531
1.04531
1.04531
1.04531
1.04531
1.04531
1.04531
1.04531
1.04531
1.04531
1.04531
1.04531
1.04531
1.04531
1.04531
1.04531
1.04531
1.04531
1.04531
1.04531
1.04531
1.04531
1.04531
1.04531
1.04531
1.04531
1.04531
1.04531
1.04531
1.04531
1.04531
1.04531
1.04531
1.04531
1.04531
1.04531
1.04531
1.04531
1.04531
1.04531
1.04531
1.04531
1.04531
1.04531
1.04531
1.04531
1.04531
1.04531
1.04531
1.04531
1.04531
1.04531
1.04531
1.04531
1.04531
1.04531
1.04531
1.04531
1.04531
1.04531
1.04531
1.04531
1.04531
1.04531
1.04531
1.04531
1.04531
1.04531
1.04531
1.04531
1.04531
1.04531
1.04531
1.04531
1.04531
1.04531
1.04531
1.04531
1.04531
1.04531
1.04531
1.04531
1.04531
1.04531
1.04531
1.04531
1.04531
1.04531
1.04531
1.04531
1.04531
1.04531
1.04531
1.04531
1.04531
1.04531
1.04531
1.04531
1.04531
1.04531
1.04531
1.04531
1.04531
1.04531
1.04531
1.04531
1.04531
1.04531
1.04531
1.04531
1.04531
1.04531
1.04531
1.04531
1.04531
1.04531
1.04531
1.04531
1.04531
1.04531
1.04531
1.04531
1.04531
1.04531
1.04531
1.04531
1.04531
1.04531
1.04531
1.04531
1.04531
1.04531
1.04531
1.04531
1.04531
1.04531
1.04531
1.04531
1.04531
1.04531
1.04531
1.04531
1.04531
1.04531
1.04531
1.04531
1.04531
1.04531
1.04531
1.04531
1.04531
1.04531
1.04531
1.04531
1.04531
1.04531
1.04531
1.04531
1.04531
1.04531
1.04531
1.04531
1.04531
1.04531
1.04531
1.04531
1.04531
1.04531
1.04531
1.04531
1.04531
1.04531
1.04531
1.04531
1.04531
1.04531
1.04531
1.04531
1.04531
1.04531
1.04531
1.04531
1.04531
1.04531
1.04531
1.04531
1.04531
1.04531
1.04531
1.04531
1.04531
1.04531
1.04531
1.04531
1.04531
1.04531
1.04531
1.04531
1.04531
1.04531
1.04531
1.04531
1.04531
1.04531
1.04531
1.04531
1.04531
1.04531
1.04531
1.04531
1.04531
1.04531
1.04531
1.04531
1.04531
1.04531
1.04531
1.04531
1.04531
1.04531
1.04531
1.04531
1.04531
1.04531
1.04531
1.04531
1.04531
1.04531
1.04531
1.04531
1.04531
1.04531
1.04531
1.04531
1.04531
1.04531
1.04531
1.04531
1.04531
1.04531
1.04531
1.04531
1.04531
1.04531
1.04531
1.04531
1.04531
1.04531
1.04531
1.04531
1.04531
1.04531
1.04531
1.04531
1.04531
1.04531
1.04531
1.04531
1.04531
1.04531
1.04531
1.04531
1.04531
1.04531
1.04531
1.04531
1.04531
1.04531
1.04531
1.04531
1.04531
1.04531
1.04531
1.04531
1.04531
1.04531
1.04531
1.04531
1.04531
1.04531
1.04531
1.04531
1.04531
1.04531
