# best half averages
9.84322
9.03397
8.64107
7.98232
7.4102
6.90611
6.43635
6.24048
5.86434
5.19799
4.74759
4.47192
4.27294
4.05128
3.86588
3.70769
3.6224
3.59856
3.55517
3.36366
3.34933
3.113
3.04251
2.87045
2.79867
2.79957
2.7631
2.63559
2.50996
2.44809
2.41263
2.4124
2.40767
2.39213
2.35738
2.32855
2.31379
2.25912
2.21161
2.18656
2.18197
2.18197
2.18183
2.18183
2.17908
2.17603
2.19747
2.23193
2.12211
2.0423
1.9937
1.93313
1.9025
1.87538
1.87202
1.85134
1.80736
1.76158
1.70169
1.66128
1.63103
1.58737
1.58614
1.58614
1.58614
1.58614
1.58614
1.58511
1.58406
1.58344
1.58236
1.58886
1.54678
1.53448
1.53183
1.52123
1.4762
1.40204
1.40204
1.40204
1.40204
1.40732
1.40208
1.426
1.40204
1.40188
1.40152
1.40047
1.39678
1.39065
1.38645
1.38645
1.38645
1.38645
1.38645
1.38645
1.38645
1.38645
1.38645
1.38645
1.38645
1.38645
1.38645
1.38645
1.38645
1.38645
1.38645
1.38645
1.38645
1.38645
1.38645
1.38645
1.38644
1.38636
1.38616
1.38575
1.38566
1.38566
1.38566
1.38566
1.38453
1.38566
1.38566
1.38566
1.38566
1.38566
1.38566
1.38566
1.38566
1.38566
1.38566
1.38566
1.38566
1.38566
1.38566
1.38566
1.38566
1.38566
1.38548
1.38512
1.38405
1.3794
1.37671
1.37671
1.37671
1.37671
1.37671
1.37671
1.37671
1.37671
1.37671
1.37671
1.37671
1.37933
1.37671
1.37671
1.37671
1.37671
1.37671
1.37671
1.37671
1.37671
1.37671
1.37671
1.37671
1.37671
1.37671
1.37654
1.376
1.37369
1.36783
1.36783
1.36783
1.36783
1.36783
1.36783
1.36783
1.36783
1.36783
1.36783
1.36783
1.36778
1.36764
1.36675
1.36548
1.36477
1.36406
1.35412
1.32996
1.32996
1.32996
1.3273
1.3154
1.29769
1.22772
1.19659
1.19638
1.22512
1.19627
1.26894
1.32389
1.19125
1.19125
1.19105
1.19086
1.19105
1.19465
1.19105
1.19105
1.20275
1.19126
1.24409
1.20541
1.18854
1.18854
1.18854
1.18854
1.18854
1.18854
1.18854
1.18854
1.18854
1.18854
1.18854
1.18835
1.18835
1.18854
1.18854
1.18854
1.18854
1.18854
1.18854
1.18854
1.18854
1.18854
1.18854
1.18841
1.18841
1.18854
1.18854
1.18854
1.18854
1.18842
1.18806
1.18636
1.18247
1.18209
1.1819
1.18152
1.18056
1.228
1.17292
1.17292
1.17292
1.17292
1.17292
1.17292
1.17635
1.17292
1.17292
1.17292
1.17292
1.17292
1.17292
1.17292
1.17292
1.17292
1.17292
1.17292
1.17292
1.17292
1.17292
1.17292
1.17292
1.17292
1.17292
1.17292
1.17292
1.17292
1.17292
1.17292
1.17292
1.17292
1.17717
1.35092
1.19779
1.17292
1.17292
1.17292
1.17292
1.17292
1.17292
1.17292
1.17292
1.17292
1.17292
1.17292
1.17292
1.17292
1.17292
1.17292
1.17292
1.17292
1.17292
1.17292
1.17292
1.17292
1.17292
1.17292
1.17292
1.17292
1.17292
1.17292
1.17292
1.17292
1.17292
1.17292
1.17292
1.17292
1.17292
1.17292
1.17292
1.17292
1.17292
1.17292
1.17292
1.17292
1.17292
1.17292
1.17292
1.17292
1.17292
1.17292
1.17292
1.17292
1.17292
1.17292
1.17292
1.17292
1.17292
1.17292
1.17292
1.17292
1.17292
1.17292
1.17292
1.17292
1.17292
1.17292
1.17292
1.17292
1.17292
1.17292
1.17292
1.17292
1.17292
1.17292
1.17292
1.17292
1.17292
1.17292
1.17292
1.17292
1.17292
1.17292
1.17292
1.17292
1.17292
1.17292
1.17292
1.17292
1.17292
1.17292
1.17292
1.17292
1.17292
1.17292
1.17292
1.17292
1.17292
1.17292
1.17292
1.17292
1.17292
1.17292
1.17292
1.17292
1.17292
1.17292
1.17292
1.17292
1.17292
1.17292
1.17292
1.17292
1.17292
1.17292
1.17292
1.17292
1.17292
1.17292
1.17292
1.17292
1.17292
1.17292
1.17292
1.17292
1.17292
1.17292
1.17292
1.17292
1.17292
1.17292
1.17292
1.17292
1.17292
1.17292
1.17292
1.17292
1.17292
1.17292
1.17292
1.17292
1.17292
1.17292
1.17292
1.17292
1.17292
1.17292
1.17292
1.17292
1.17292
1.17292
1.17292
1.17292
1.17292
1.17292
1.17292
1.17292
1.17292
1.17292
1.17292
1.17292
1.17292
1.17292
1.17292
1.17292
1.17292
1.17292
1.17292
1.17292
1.17292
1.17292
1.17292
1.17292
1.17292
1.17292
1.17292
1.17292
1.17292
1.17292
1.17292
1.17292
1.17292
1.17292
1.17292
1.17292
1.17292
1.17292
1.17292
1.17292
1.17292
1.17292
1.17292
1.17292
1.17292
1.17292
1.17292
1.17292
1.17292
1.17292
1.17292
1.17292
1.17292
1.17292
1.17292
1.17292
1.17292
1.17292
1.17292
1.17292
1.17292
1.17292
1.17292
1.17292
1.17292
1.17292
1.17292
1.17292
1.17292
1.17292
1.17292
1.17292
1.17292
1.17292
1.17292
1.17292
1.17292
1.17292
1.17292
1.17292
1.17292
1.17292
1.17292
1.17292
1.17292
1.17292
1.17292
1.17292
1.17292
1.17292
1.17292
1.17292
1.17292
1.17292
1.17292
1.17292
1.17292
1.17292
1.17292
1.17292
1.17292
1.17292
1.17292
1.17292
1.17292
1.17292
1.17292
1.17292
1.17292
1.17292
1.17292
1.17292
1.17292
1.17292
1.17292
1.17292
1.17289
1.17278
1.17221
1.17144
1.17144
1.17144
1.17144
1.17144
1.17144
1.17144
1.17144
1.17144
1.17144
1.17144
1.17144
1.17144
1.17144
1.17144
1.17144
1.17144
1.17144
1.17144
1.17144
1.17144
1.17144
1.17144
1.17144
1.17144
1.17144
1.17144
1.17144
1.17144
1.17144
1.17144
1.17144
1.17144
1.17144
1.17144
1.17144
1.17144
1.17144
1.17144
1.17144
1.17144
1.17144
1.17144
1.17144
1.17144
1.17144
1.17144
1.17144
1.17144
1.17144
1.17175
1.17144
1.17144
1.17144
1.17144
1.17144
1.17144
1.17144
1.17144
1.17144
1.17144
1.17144
1.17144
1.17144
1.17144
1.17144
1.17144
1.17144
1.17144
1.17144
1.17144
1.17144
1.17144
1.17144
1.17144
1.17144
1.17144
1.17144
1.17144
1.17144
1.17144
1.17144
1.17144
1.17144
1.17144
1.17144
1.17144
1.17144
1.17144
1.17144
1.17144
1.17144
1.17144
1.17144
1.17144
1.17144
1.17144
1.17144
1.17144
1.17144
1.17144
1.17144
1.17144
1.17144
1.17144
1.17144
1.17144
1.17144
1.17144
1.17144
1.17144
1.17144
1.17144
1.17144
1.17144
1.17144
1.17144
1.17144
1.17144
1.17144
1.17144
1.17144
1.17216
1.17144
1.17144
1.17144
1.17144
1.17144
1.17144
1.17144
1.17144
1.17144
1.17144
1.17144
1.17144
1.17144
1.17144
1.17144
1.17144
1.17144
1.17144
1.17144
1.17144
1.17144
1.17144
1.17144
1.17144
1.17144
1.17144
1.17144
1.17144
1.17144
1.17144
1.17144
1.17144
1.17144
1.17144
1.17144
1.17144
1.17144
1.17144
1.17144
1.17144
1.17144
1.17144
1.17144
1.17144
1.17144
1.17144
1.17144
1.17144
1.17144
1.17144
1.17144
1.17144
1.17144
1.17144
1.17144
1.17144
1.17144
1.17144
1.17144
1.17144
1.17047
1.17047
1.17047
1.17047
1.17144
1.17144
1.17144
1.17144
1.17144
1.17144
1.17144
1.17144
1.17144
1.17144
1.17144
1.17144
1.17144
1.17144
1.17144
1.17144
1.17144
1.17144
1.17144
1.17144
1.17144
1.17144
1.17144
1.17144
1.17144
1.17144
1.17144
1.2078
1.17144
1.17144
1.17144
1.17144
1.17144
1.17144
1.17144
1.17175
1.17144
1.17144
1.17144
1.17144
1.17144
1.17144
1.17144
1.17144
1.17144
1.17144
1.17144
1.17144
1.17144
1.17144
1.17144
1.17144
1.17144
1.17144
1.17144
1.17144
1.17144
1.17144
1.17144
1.17144
1.17144
1.17144
1.17144
1.17144
1.17144
1.17144
1.17144
1.17144
1.17144
1.17144
1.17144
1.17144
1.17144
1.17144
1.17144
1.17144
1.17144
1.17144
1.17144
1.17144
1.17144
1.17144
1.17144
1.17144
1.17144
1.17144
1.17144
1.17144
1.17144
1.17144
1.17144
1.17144
1.17144
1.17144
1.17144
1.17144
1.17144
1.17144
1.17144
1.17144
1.17144
1.17144
1.17144
1.17144
1.17144
1.17144
1.17144
1.17144
1.17144
1.17144
1.17144
1.17144
1.17144
1.17144
1.17144
1.17144
1.17144
1.17144
1.17144
1.17144
1.17144
1.17144
1.17144
1.17144
1.17144
1.17144
1.17144
1.17144
1.17144
1.17144
1.17144
1.17144
1.17144
1.17144
1.17144
1.17144
1.17144
1.17144
1.17144
1.17144
1.17144
1.17144
1.17144
1.17144
1.17144
1.17144
1.17144
1.17144
1.17144
1.17144
1.17144
1.17144
1.17144
1.17144
1.17144
1.17144
1.17144
1.17144
1.17144
1.17144
1.17144
1.17144
1.17144
1.17144
1.17144
1.17144
1.17144
1.17144
1.17144
1.17144
1.17144
1.17144
1.17144
1.17144
1.17144
1.17144
1.17144
1.17144
1.17144
1.17144
1.17144
1.17144
1.17144
1.17144
1.17144
1.17144
1.17144
1.17144
1.17144
1.17144
1.17144
1.17144
1.17144
1.17144
1.17144
1.17144
1.17144
1.17144
1.17144
1.17144
1.17144
1.17144
1.17144
1.17144
1.17144
1.17144
1.17144
1.17144
1.17144
1.17144
1.17144
1.17144
1.17144
1.17144
1.17144
1.17144
1.17144
1.17144
1.17144
1.17144
1.17144
1.17144
1.17144
1.17144
1.17144
1.17144
1.17144
1.17144
1.17144
1.17144
1.17144
1.17144
1.17144
1.17144
1.17144
1.17144
1.17144
1.17144
1.17144
1.17144
1.17144
1.17144
1.17144
1.17144
1.17144
1.17144
1.17144
1.17144
1.17144
1.17144
1.17144
1.17144
1.17144
1.17144
1.17144
1.17144
1.17144
1.17144
1.17144
1.17144
1.17144
1.17144
1.17144
