# best half averages
9.7104
9.20387
8.54836
8.17658
7.56845
7.02791
6.59738
6.08974
5.60988
5.32698
5.03161
4.82326
4.59084
4.54233
4.42171
4.13021
4.1107
4.09907
3.88083
3.86371
3.80155
3.70198
3.66892
3.61413
3.47256
3.26442
3.22008
3.11407
2.93557
2.87847
2.71588
2.68114
2.60222
2.5509
2.50676
2.40223
2.31463
2.28818
2.18341
2.1776
2.16748
2.13863
2.09833
2.09165
2.07066
2.04108
2.00449
1.9908
1.98445
1.98174
1.97124
1.95474
1.94702
1.94692
1.94692
1.94692
1.94692
1.94692
1.94692
1.94601
1.94504
1.93665
1.92214
1.90671
1.89681
1.87975
1.86428
1.84778
1.83649
1.80098
1.80098
1.80021
1.79925
1.79411
1.76775
1.76231
1.75271
1.73233
1.70612
1.64966
1.63443
1.63426
1.63398
1.63956
1.67764
1.61553
1.6164
1.52906
1.52906
1.52906
1.52906
1.52906
1.52906
1.52906
1.52906
1.52906
1.52906
1.52906
1.52906
1.52823
1.5214
1.49052
1.42673
1.31022
1.3068
1.28843
1.26362
1.25911
1.2552
1.22981
1.22277
1.22277
1.2222
1.22066
1.21251
1.19701
1.19701
1.19701
1.19701
1.19701
1.19701
1.19701
1.19701
1.19701
1.19701
1.19701
1.19696
1.19701
1.19701
1.19701
1.19701
1.19701
1.19701
1.19701
1.19701
1.19701
1.19701
1.19701
1.19701
1.19701
1.19701
1.19701
1.19701
1.19701
1.19701
1.19701
1.19701
1.19701
1.19701
1.19701
1.19701
1.19701
1.19701
1.19701
1.19701
1.19701
1.19701
1.19696
1.19701
1.19701
1.19701
1.19701
1.19701
1.19701
1.19701
1.19701
1.19701
1.19701
1.19701
1.19701
1.19701
1.19701
1.19701
1.19701
1.19671
1.19581
1.19342
1.18204
1.18204
1.18204
1.18204
1.18204
1.18204
1.18204
1.19183
1.19467
1.20171
1.18193
1.18113
1.17896
1.17652
1.17652
1.17652
1.17652
1.17652
1.17652
1.17652
1.17652
1.17652
1.17652
1.17652
1.17652
1.17652
1.17652
1.17652
1.17652
1.17652
1.17652
1.17652
1.17652
1.17652
1.17652
1.17652
1.17652
1.17652
1.17652
1.17652
1.17652
1.17652
1.17652
1.17652
1.17652
1.17652
1.17652
1.17652
1.17652
1.17652
1.17652
1.17652
1.17652
1.17652
1.17652
1.17652
1.17652
1.17652
1.17652
1.17652
1.17652
1.17652
1.17652
1.17652
1.17652
1.17652
1.17652
1.17652
1.17652
1.17652
1.17652
1.17652
1.17652
1.17652
1.17652
1.17652
1.17652
1.17652
1.17652
1.17652
1.17652
1.17652
1.17652
1.17652
1.17652
1.17652
1.17652
1.17652
1.17652
1.17652
1.17652
1.17652
1.17652
1.17652
1.17652
1.17652
1.17652
1.17652
1.17652
1.17652
1.17645
1.17603
1.17497
1.17299
1.17299
1.17232
1.16761
1.15077
1.13933
1.13933
1.13933
1.13933
1.13933
1.13933
1.13933
1.13933
1.13933
1.13933
1.13933
1.13933
1.13933
1.13933
1.13933
1.13933
1.13933
1.13933
1.13933
1.13933
1.13933
1.13933
1.13933
1.13933
1.13933
1.13933
1.13933
1.13933
1.13933
1.13933
1.13933
1.13933
1.13933
1.13933
1.13933
1.13933
1.13933
1.13933
1.13933
1.13933
1.13933
1.13933
1.13933
1.13933
1.13933
1.13933
1.13933
1.13933
1.13933
1.13933
1.13933
1.13933
1.13933
1.13933
1.13933
1.13933
1.13933
1.13933
1.13888
1.13799
1.13441
1.1201
1.11698
1.11698
1.11698
1.11698
1.11698
1.11698
1.11698
1.11698
1.11698
1.11698
1.11698
1.11698
1.11698
1.11698
1.11698
1.11698
1.12773
1.11698
1.11698
1.11698
1.11698
1.11698
1.11698
1.11698
1.11698
1.11698
1.11698
1.11698
1.11698
1.11698
1.11698
1.11698
1.11698
1.11698
1.11698
1.11698
1.11698
1.11698
1.11698
1.11698
1.11698
1.11698
1.11698
1.11698
1.11698
1.11698
1.11698
1.11698
1.11698
1.11698
1.11698
1.11698
1.11698
1.11698
1.11698
1.11698
1.11698
1.11698
1.11698
1.11698
1.11698
1.11698
1.11698
1.11698
1.11698
1.11698
1.11698
1.11698
1.11698
1.11698
1.11698
1.11698
1.11698
1.11698
1.11698
1.11698
1.11698
1.11698
1.11698
1.11698
1.11698
1.11698
1.11698
1.11698
1.11698
1.11698
1.11698
1.11698
1.11698
1.11698
1.11698
1.11698
1.11698
1.11698
1.11698
1.11698
1.11698
1.11698
1.11698
1.11698
1.11698
1.11698
1.11698
1.11698
1.11693
1.11665
1.11613
1.11463
1.11463
1.11463
1.11463
1.11455
1.11424
1.11287
1.10911
1.1081
1.1081
1.1081
1.1081
1.1081
1.1081
1.1081
1.1081
1.1081
1.1081
1.1081
1.1081
1.1081
1.1081
1.1081
1.1081
1.1081
1.1081
1.1081
1.1081
1.1081
1.1081
1.1081
1.1081
1.1081
1.1081
1.1081
1.1081
1.1081
1.1081
1.1081
1.1081
1.1081
1.1081
1.1081
1.1081
1.1081
1.1081
1.1081
1.1081
1.1081
1.1081
1.1081
1.1081
1.1081
1.1081
1.107
1.1048
1.0982
1.07512
1.05314
1.05312
1.05307
1.05296
1.05247
1.05235
1.05235
1.05235
1.05235
1.05235
1.05235
1.05235
1.05235
1.05235
1.05235
1.05235
1.05235
1.05235
1.05235
1.05235
1.05235
1.05235
1.05235
1.05235
1.05231
1.05228
1.20263
1.05199
1.05126
1.05059
1.05059
1.05059
1.05059
1.05059
1.05059
1.05059
1.05059
1.05059
1.05059
1.05059
1.05054
1.05043
1.04984
1.0479
1.0479
1.0479
1.0479
1.0479
1.0479
1.0479
1.0479
1.0479
1.0479
1.0479
1.0479
1.0479
1.0479
1.0479
1.0479
1.0479
1.0479
1.0479
1.0479
1.0479
1.0479
1.0479
1.0479
1.0479
1.0479
1.0479
1.0479
1.0479
1.0479
1.0479
1.0479
1.0479
1.0479
1.0479
1.04807
1.21135
1.0479
1.0479
1.0479
1.0479
1.0479
1.0479
1.0479
1.0479
1.0479
1.0479
1.04788
1.04785
1.0478
1.0476
1.04678
1.04663
1.04663
1.04663
1.04663
1.04663
1.0466
1.0465
1.0461
1.04531
1.04531
1.04531
1.04531
1.04531
1.04531
1.04531
1.04531
1.04531
1.04531
1.04531
1.04531
1.04531
1.04531
1.04531
1.04531
1.04531
1.04531
1.04531
1.04531
1.04531
1.04531
1.04531
1.04531
1.04531
1.04531
1.04531
1.04531
1.04531
1.04531
1.04531
1.04531
1.04531
1.04531
1.04531
1.04531
1.04531
1.04531
1.04531
1.04531
1.04531
1.04531
1.04531
1.04531
1.04531
1.04531
1.04531
1.04531
1.04531
1.04531
1.04531
1.04531
1.04531
1.04531
1.04531
1.04531
1.04531
1.04531
1.04531
1.04531
1.04531
1.04531
1.04531
1.04531
1.04531
1.04531
1.04531
1.04531
1.04531
1.04531
1.04531
1.04531
1.04531
1.04531
1.04531
1.04531
1.04531
1.04531
1.04531
1.04531
1.04531
1.04531
1.04531
1.04531
1.04531
1.04531
1.04531
1.04531
1.04531
1.04531
1.04531
1.04531
1.04531
1.04531
1.04531
1.04531
1.04531
1.04531
1.04531
1.04531
1.04531
1.04531
1.04531
1.04531
1.04531
1.04531
1.04531
1.04531
1.04531
1.04531
1.04531
1.04531
1.04531
1.04531
1.04531
1.04531
1.04531
1.04531
1.04531
1.04531
1.04531
1.04531
1.04531
1.04531
1.04531
1.04531
1.04531
1.04531
1.04531
1.04531
1.04531
1.04531
1.04531
1.04531
1.04531
1.04531
1.04531
1.04531
1.04531
1.04531
1.04531
1.04531
1.04531
1.04531
1.04531
1.04531
1.04531
1.04531
1.04531
1.04531
1.04531
1.04531
1.04531
1.04531
1.04531
1.04531
1.04531
1.04531
1.04531
1.04531
1.04531
1.04531
1.04531
1.04531
1.04531
1.04531
1.04531
1.04531
1.04531
1.04531
1.04531
1.04531
1.04531
1.04531
1.04531
1.04531
1.04531
1.04531
1.04531
1.04531
1.04531
1.04531
1.04531
1.04531
1.04531
1.04531
1.04531
1.04531
1.04531
1.04531
1.04531
1.04531
1.04531
1.04531
1.04531
1.04531
1.04531
1.04531
1.04531
1.04531
1.04531
1.04531
1.04531
1.04531
1.04531
1.04531
1.04531
1.04531
1.04531
1.04531
1.04531
1.04531
1.04531
1.04531
1.04531
1.04531
1.04531
1.04531
1.04531
1.04531
1.04531
1.04531
1.04531
1.04531
1.04531
1.04531
1.04531
1.04531
1.04531
1.04531
1.04531
1.04531
1.04531
1.04531
1.04531
1.04531
1.04531
1.04531
1.04531
1.04531
1.04531
1.04531
1.04531
1.04531
1.04531
1.04531
1.04531
1.04531
1.04531
1.04531
1.04531
1.04531
1.04531
1.04531
1.04531
1.04531
1.04531
1.04531
1.04531
1.04531
1.04531
1.04531
1.04531
1.04531
1.04531
1.04531
1.04531
1.04531
1.04531
1.04531
1.04531
1.04531
1.04531
1.04531
1.04531
1.04531
1.04531
1.04531
1.04531
1.04531
1.04531
1.04531
1.04531
1.04531
1.04531
1.04531
1.04531
1.04531
1.04531
1.04531
1.04531
1.04531
1.04531
1.04531
1.04531
1.04531
1.04531
1.04531
1.04531
1.04531
1.04531
1.04531
1.04531
1.04531
1.04531
1.04531
1.04531
1.04531
1.04531
1.04531
1.04531
1.04531
1.04531
1.04531
1.04531
1.04531
1.04531
1.04531
1.04531
1.04531
1.04531
1.04531
1.04531
1.04531
1.04531
1.04531
1.04531
1.04531
1.04531
1.04531
1.04531
1.04531
1.04531
1.04531
1.04531
1.04531
1.04531
1.04531
1.04531
1.04531
1.04531
1.04531
1.04531
1.04531
1.04531
1.04531
1.04531
1.04531
1.04531
1.04531
1.04531
1.04531
1.04531
1.04531
1.04531
1.04531
1.04531
1.04531
1.04531
1.04531
1.04531
1.04531
1.04531
1.04531
1.04531
1.04531
1.04531
1.04531
1.04531
1.04531
1.04531
1.04531
1.04531
1.04531
1.04531
1.04531
1.04531
1.04531
1.04531
1.04531
1.04531
1.04531
1.04531
1.04531
1.04531
