# best half averages
9.74813
8.87742
8.32591
7.73149
7.214
6.63893
6.17016
5.42918
4.69249
4.08677
3.73797
3.35252
3.3065
3.20225
3.15685
3.04989
2.96303
2.87385
2.85166
2.77348
2.66793
2.62157
2.5694
2.45413
2.37539
2.3462
2.34547
2.34175
2.34069
2.34069
2.33873
2.33667
2.32507
2.3052
2.23567
2.20539
2.12585
2.09505
2.07341
2.05503
2.05503
2.05462
2.05145
2.09454
2.03915
2.03717
2.06552
2.0179
2.04058
1.96964
1.96964
1.96964
1.96804
1.96004
1.90079
1.88964
1.88773
1.88542
1.95937
1.86421
1.862
1.88052
1.81606
1.80115
1.75455
1.69812
1.69742
1.72275
1.6862
1.6626
1.65882
1.65699
1.65699
1.65699
1.65699
1.65699
1.65699
1.65699
1.65699
1.65699
1.65699
1.65699
1.65687
1.65611
1.65296
1.64877
1.63958
1.63262
1.62304
1.61097
1.61088
1.6107
1.61004
1.60859
1.60859
1.60857
1.60778
1.60606
1.59785
1.56835
1.56145
1.64073
1.53941
1.4666
1.42954
1.42241
1.39427
1.36498
1.35628
1.33771
1.31047
1.30488
1.29001
1.274
1.26008
1.26003
1.26149
1.40526
1.27947
1.25719
1.25719
1.25719
1.25719
1.25719
1.25719
1.25719
1.25719
1.25719
1.257
1.25719
1.25719
1.25719
1.25719
1.25719
1.257
1.257
1.25662
1.25585
1.41126
1.24764
1.24764
1.24689
1.24462
1.23555
1.20985
1.20985
1.20985
1.20985
1.20985
1.20985
1.20985
1.20985
1.20985
1.20985
1.20985
1.20985
1.20985
1.20985
1.20985
1.20985
1.20985
1.20985
1.21135
1.20985
1.20985
1.20985
1.20985
1.20985
1.20985
1.20985
1.20985
1.20985
1.20985
1.20985
1.22118
1.20985
1.30154
1.20985
1.20985
1.20985
1.20985
1.20985
1.20985
1.20985
1.20985
1.20985
1.20985
1.20985
1.20985
1.20985
1.20985
1.20985
1.20985
1.20985
1.20985
1.20985
1.20972
1.20948
1.2079
1.20377
1.20377
1.20377
1.20377
1.20377
1.20377
1.20377
1.20377
1.20377
1.20377
1.20377
1.20377
1.20371
1.20357
1.20296
1.20074
1.2004
1.2004
1.2004
1.2004
1.2004
1.2004
1.2004
1.2004
1.2004
1.2004
1.2004
1.2004
1.2004
1.2004
1.2004
1.2004
1.2004
1.2004
1.2004
1.2004
1.2004
1.2004
1.2004
1.2004
1.2004
1.2004
1.20029
1.19996
1.19842
1.19488
1.19488
1.19488
1.19488
1.19488
1.19488
1.19488
1.19488
1.19488
1.19488
1.19488
1.19488
1.19488
1.19488
1.19488
1.19488
1.19488
1.19488
1.19488
1.1948
1.19462
1.19417
1.19255
1.1904
1.1904
1.1904
1.1904
1.1904
1.1904
1.1904
1.1904
1.1904
1.1904
1.1904
1.1904
1.1904
1.1904
1.1904
1.1904
1.1904
1.1904
1.1904
1.1904
1.1904
1.1904
1.1904
1.1904
1.1904
1.1904
1.1904
1.1904
1.1904
1.1904
1.1904
1.1904
1.1904
1.1904
1.1904
1.1904
1.1904
1.1904
1.1904
1.1904
1.1904
1.1904
1.1904
1.1904
1.1904
1.1904
1.1904
1.1904
1.1904
1.1904
1.1904
1.1904
1.1904
1.1904
1.1904
1.1904
1.1904
1.1904
1.1904
1.1904
1.1904
1.1904
1.1904
1.1904
1.1904
1.1904
1.1904
1.1904
1.1904
1.1904
1.1904
1.1904
1.1904
1.1904
1.1904
1.1904
1.1904
1.1904
1.1904
1.1904
1.1904
1.1904
1.1904
1.1904
1.1904
1.1904
1.1904
1.1904
1.1904
1.1904
1.1904
1.1904
1.1904
1.1904
1.1904
1.1904
1.1904
1.1904
1.1904
1.1904
1.1904
1.1904
1.1904
1.1904
1.1904
1.1904
1.1904
1.19102
1.1904
1.1904
1.1904
1.1904
1.1904
1.1904
1.1904
1.1904
1.1904
1.1904
1.1904
1.1904
1.1904
1.1904
1.1904
1.1904
1.1904
1.1904
1.1904
1.1904
1.1904
1.1904
1.1904
1.1904
1.1904
1.1904
1.1904
1.1904
1.1904
1.1904
1.1904
1.1904
1.1904
1.1904
1.1904
1.1904
1.1904
1.1904
1.1904
1.1904
1.1904
1.1904
1.1904
1.1904
1.1904
1.1904
1.1904
1.1904
1.1904
1.1904
1.1904
1.1904
1.1904
1.1904
1.1904
1.1904
1.1904
1.1904
1.1904
1.1904
1.1904
1.1904
1.1904
1.1904
1.1904
1.1904
1.1904
1.1904
1.1904
1.1904
1.1904
1.1904
1.1904
1.1904
1.1904
1.1904
1.1904
1.1904
1.1904
1.1904
1.1904
1.1904
1.1904
1.1904
1.1904
1.1904
1.1904
1.1904
1.1904
1.1904
1.1904
1.19037
1.19037
1.19028
1.18992
1.18891
1.18891
1.18891
1.18891
1.18891
1.18891
1.18891
1.18891
1.18891
1.18891
1.18891
1.18891
1.18891
1.18891
1.18891
1.18891
1.18891
1.18891
1.18891
1.18891
1.18891
1.18891
1.18891
1.18891
1.18891
1.18891
1.18891
1.18891
1.18891
1.18891
1.18891
1.18891
1.18891
1.18891
1.18891
1.18891
1.18891
1.18891
1.18891
1.18891
1.18891
1.18891
1.18891
1.18891
1.18891
1.18891
1.18891
1.18891
1.18891
1.18891
1.18891
1.18891
1.18891
1.18891
1.18891
1.18891
1.18891
1.18891
1.18891
1.18891
1.18891
1.18891
1.18891
1.18891
1.18891
1.18891
1.18891
1.18891
1.18891
1.18891
1.18891
1.18891
1.18891
1.18891
1.18891
1.18891
1.18891
1.18891
1.18891
1.18891
1.18891
1.18891
1.18891
1.18891
1.18891
1.18891
1.18891
1.18891
1.18891
1.18891
1.18891
1.18891
1.18891
1.18891
1.18891
1.18891
1.18891
1.18891
1.18891
1.18891
1.18891
1.18891
1.18891
1.18891
1.18891
1.18891
1.18891
1.18891
1.18891
1.18891
1.18891
1.18891
1.18891
1.18891
1.18891
1.18891
1.18891
1.18891
1.18891
1.18891
1.18891
1.18891
1.18891
1.18891
1.18891
1.18891
1.18891
1.18891
1.18891
1.18891
1.18891
1.18891
1.18891
1.18891
1.18891
1.18891
1.18891
1.18891
1.18891
1.18891
1.18891
1.18891
1.18891
1.18891
1.18891
1.18891
1.18891
1.18891
1.18891
1.18891
1.18891
1.18891
1.18891
1.18891
1.18891
1.18891
1.18891
1.18891
1.18891
1.18891
1.18891
1.18891
1.18891
1.18891
1.18891
1.18891
1.18891
1.18891
1.18891
1.18891
1.18891
1.18891
1.18891
1.18891
1.18891
1.18891
1.18891
1.18891
1.18891
1.18891
1.18891
1.18891
1.18891
1.18891
1.18891
1.18891
1.18891
1.18891
1.18891
1.18891
1.18891
1.18891
1.18891
1.18891
1.18891
1.18891
1.18891
1.18891
1.18891
1.18891
1.18891
1.18891
1.18891
1.18891
1.18891
1.18891
1.18891
1.18891
1.18891
1.18891
1.18891
1.18891
1.18891
1.18891
1.18891
1.18891
1.18891
1.18891
1.18891
1.18891
1.18891
1.18891
1.18891
1.18891
1.18891
1.18891
1.18891
1.18891
1.18891
1.18891
1.18891
1.18891
1.18891
1.18891
1.18891
1.18891
1.18891
1.18891
1.18891
1.18891
1.18891
1.18891
1.18891
1.18891
1.18891
1.18891
1.18891
1.18891
1.18891
1.18891
1.18891
1.18891
1.18891
1.18891
1.18891
1.18891
1.18891
1.18891
1.18891
1.18891
1.18891
1.18891
1.18891
1.18891
1.18891
1.18891
1.18891
1.18891
1.18891
1.18891
1.18891
1.18891
1.18891
1.18891
1.18891
1.18891
1.18891
1.18891
1.18891
1.18891
1.18891
1.18891
1.18891
1.18891
1.18891
1.18891
1.18891
1.18891
1.18891
1.18891
1.18891
1.18891
1.18891
1.18891
1.18891
1.18891
1.18891
1.18891
1.18891
1.18891
1.18891
1.18891
1.18891
1.18891
1.18891
1.18891
1.18891
1.18891
1.18891
1.18891
1.18891
1.18891
1.18891
1.18891
1.18891
1.18891
1.18891
1.18891
1.18891
1.18891
1.18891
1.18891
1.18891
1.18891
1.18891
1.18891
1.18891
1.18891
1.18891
1.18891
1.18891
1.18891
1.18891
1.18891
1.18891
1.18891
1.18891
1.18891
1.18891
1.18891
1.18891
1.18891
1.18891
1.18891
1.18891
1.18891
1.18891
1.18891
1.18891
1.18891
1.18891
1.18891
1.18891
1.18891
1.18891
1.18891
1.18891
1.18891
1.18891
1.18802
1.18356
1.1666
1.14428
1.14428
1.14428
1.14428
1.15854
1.14428
1.14428
1.14428
1.14428
1.14428
1.14428
1.14428
1.14428
1.14428
1.14428
1.14428
1.14428
1.14428
1.14428
1.14428
1.14428
1.14428
1.14428
1.14428
1.14428
1.14428
1.14428
1.14428
1.14428
1.14906
1.14428
1.14428
1.14428
1.14428
1.14428
1.14428
1.14428
1.14428
1.14428
1.14428
1.14428
1.14428
1.14428
1.14428
1.14428
1.14428
1.14428
1.14428
1.14428
1.14428
1.14428
1.14428
1.14428
1.14428
1.14428
1.14428
1.14428
1.25188
1.14451
1.14428
1.14428
1.14428
1.14428
1.14428
1.14428
1.14428
1.14428
1.14428
1.14428
1.14428
1.14428
1.14428
1.14428
1.14428
1.14428
1.14428
1.14428
1.14428
1.14428
1.14428
1.14428
1.14428
1.14428
1.14428
1.14428
1.14428
1.14428
1.14428
1.14428
1.20426
1.14428
1.14428
1.14428
1.14428
1.14428
1.14428
1.14428
1.14428
1.14428
1.14428
1.14428
1.14428
1.14428
1.14428
1.14428
1.14428
1.14428
1.14428
1.14458
1.17067
1.14565
1.14428
1.14428
1.14428
1.14428
1.14428
1.14428
1.14428
1.14428
1.14428
1.14428
1.14428
1.14428
1.14428
1.14428
1.14428
1.14428
1.14428
1.14428
1.14428
1.14428
1.14428
1.14428
1.14428
1.14428
1.14428
1.14428
1.14428
1.14428
1.14428
1.14428
1.14428
1.14428
1.14428
1.14428
1.14428
1.14428
1.14428
1.14428
1.14428
1.14428
1.14428
1.14428
1.14428
1.14428
1.14428
1.14428
1.14428
1.14428
1.14428
1.14428
1.14428
1.14428
1.14428
1.14428
1.14428
1.14428
1.14428
