# best half averages
2601.62
2419.96
2311.12
2189.39
2052.91
1950.83
1894.51
1817.64
1722.11
1646.89
1595.21
1521.08
1384.1
1302.29
1284.26
1271.69
1254.17
1240.58
1212.13
1189.35
1143.93
1124.82
1117.95
1095.75
1073.38
1043.32
1022.7
1008.95
970.788
938.205
917.627
901.949
887.463
858.549
839.789
822.556
814.004
810.28
807.908
800.906
785.913
777.847
770.098
761.632
753.108
750.445
746.099
739.899
735.568
730.651
723.317
710.935
706.33
702.855
690.389
678.491
676.572
673.123
668.179
655.89
645.727
631.068
622.608
621.326
618.627
612.278
609.783
606.368
595.207
595.046
593.202
584.424
573.087
572.852
571.739
568.572
560.071
552.47
544.417
537.527
531.706
526.848
523.453
517.609
511.329
505.597
503.847
501.048
497.387
493.092
491.436
487.776
482.9
480.552
477.023
468.943
463.24
453.511
452.174
447.048
445.413
445.183
432.228
431.496
427.436
435.718
420.553
419.09
419.579
415.679
415.839
415.416
413.987
418.186
415.457
396.915
392.295
389.535
387.228
383.854
375.314
373.596
373.485
373.471
373.422
372.97
372.101
369.721
367.24
364.764
365.807
361.442
358.767
358.478
357.686
356.168
352.902
351.142
347.459
342.318
337.413
334.165
324.206
322.996
322.427
321.999
321.325
318.259
314.981
314.413
314.219
314.112
312.73
308.827
308.811
308.362
311.281
305.496
301.679
300.042
299.492
298.403
295.949
292.679
290.262
287.683
287.609
287.37
286.436
285.969
283.429
283.086
283.003
282.814
282.686
282.603
282.206
281.438
281.455
281.455
281.455
281.375
280.901
278.944
274.115
268.371
265.085
265.068
264.972
264.421
264.21
264.196
264.153
263.913
262.989
260.531
252.948
252.226
251.266
250.088
249.466
248.129
244.549
244.218
244.218
244.218
244.218
244.135
243.192
240.08
239.964
239.878
239.003
236.694
236.59
236.644
235.967
235.59
234.386
233.459
233.545
233.465
233.16
231.653
230.565
230.458
230.263
229.333
226.092
226.085
226.065
227.653
231.189
225.023
235.634
224.724
224.32
224.236
224.02
222.298
220.145
220.029
219.32
215.98
214.481
214.46
214.369
214.369
214.369
214.332
214.369
214.369
214.363
214.346
215.316
223.539
213.935
213.296
212.933
211.067
211.067
211.067
211.03
210.919
210.691
209.225
209.225
209.225
209.225
209.221
209.205
209.168
208.934
208.897
215.212
222.64
209.892
205.493
204.768
204.151
202.881
199.325
196.955
195.56
205.316
203.392
210.904
197.5
208.021
193.912
193.912
193.912
193.865
193.686
193.228
191.695
191.607
191.213
190.822
190.649
193.27
189.643
189.169
187.312
187.245
187.121
186.901
186.022
185.998
185.219
182.336
181.089
180.247
178.49
174.451
174.2
173.429
172.31
171.233
169.446
168.513
168.5
168.513
168.513
168.511
168.513
168.513
168.513
168.513
168.513
168.513
168.5
168.513
168.513
168.513
168.513
168.504
168.513
168.513
168.462
168.411
168.411
168.36
168.055
167.45
165.968
165.943
165.819
165.143
164.719
164.719
164.719
164.719
164.719
164.719
164.719
164.719
164.719
164.719
164.719
164.719
164.719
164.719
164.718
164.7
164.646
164.609
164.549
164.178
163.147
163.123
162.828
161.943
161.943
161.943
161.925
161.89
162.281
160.423
154.617
149.672
148.809
148.809
148.809
148.809
148.796
148.796
148.796
148.809
148.77
148.653
150.916
148.785
160.746
147.078
146.597
146.554
146.537
146.484
149.539
149.261
147.802
145.644
145.496
144.931
144.486
143.471
143.408
143.126
142.83
142.83
142.83
142.83
142.83
142.83
142.83
142.83
142.83
142.83
142.83
142.83
142.83
142.83
142.83
142.83
142.83
142.83
142.83
142.83
143.111
144.329
142.694
142.185
141.134
141.134
141.132
141.128
141.115
141.057
141.057
141.057
141.053
141.017
141.013
140.922
140.697
139.926
139.054
139.054
139.023
138.808
137.764
137.474
137.405
137.365
137.539
137.494
137.516
137.421
137.251
137.916
136.302
136.302
136.283
136.215
136.092
135.294
134.773
134.773
134.773
134.773
134.773
134.741
134.432
133.379
133.029
132.649
131.979
131.385
129.89
129.626
129.453
129.079
129.003
128.716
127.447
126.756
126.756
126.756
126.756
126.732
126.709
126.567
125.907
125.568
125.568
125.568
129.099
125.548
125.486
125.15
124.796
124.749
124.749
124.749
124.749
124.749
124.749
124.749
124.715
124.715
124.682
124.659
124.625
124.502
125.935
125.422
122.264
121.914
121.914
121.914
121.914
121.914
121.914
121.914
121.914
121.914
121.914
121.914
121.914
121.914
121.914
121.914
121.914
121.914
121.914
121.914
121.914
121.914
121.914
121.914
121.914
121.914
121.914
121.874
121.613
120.86
119.939
119.914
119.921
119.921
119.914
119.883
119.768
119.511
119.485
119.173
118.235
118.235
118.235
118.235
118.235
118.235
118.235
118.235
118.235
118.235
118.224
118.202
118.126
118.039
117.643
117.529
117.031
116.548
116.544
116.522
116.398
116.365
116.365
116.365
116.358
116.344
116.256
116.025
116.017
116.009
115.96
115.816
115.623
115.623
115.62
115.62
115.608
115.569
115.474
115.474
115.474
115.47
115.474
115.474
116.323
115.466
115.444
115.368
115.338
115.338
115.338
115.328
115.338
115.338
115.338
115.338
115.338
115.338
115.338
115.338
115.338
115.338
115.335
115.332
115.32
115.278
115.187
115.174
115.091
114.815
113.878
113.056
113.056
113.048
113.041
113.002
113.43
114.546
112.668
112.668
112.668
112.668
112.668
112.668
112.668
112.653
112.608
112.49
111.958
111.928
111.928
111.928
111.928
111.917
111.874
111.744
111.385
111.385
111.385
111.385
111.385
111.385
111.385
111.385
111.385
111.385
111.385
111.385
111.385
111.371
111.234
110.792
110.696
110.696
110.696
110.696
110.696
110.696
110.696
110.696
110.696
110.696
110.696
110.696
110.696
110.67
110.619
110.515
109.86
109.361
109.289
109.289
109.289
109.289
109.289
109.289
109.289
109.289
109.289
109.289
109.289
109.289
109.289
109.118
109.15
109.289
109.289
109.289
109.264
109.289
109.289
109.289
109.289
109.287
109.273
109.269
109.269
109.264
109.194
111.623
114.698
109.308
108.44
106.435
105.244
105.037
103.369
102.991
102.911
102.733
102.291
102.301
102.266
102.228
111.243
107.552
102.036
101.66
101.623
101.509
101.288
101.241
101.089
101.089
101.089
101.089
101.089
101.085
101.081
101.083
101.086
101.073
101.033
101.015
101.015
101.015
101.015
101.015
101.015
101.015
101.015
101.015
101.015
101.015
101.015
101.015
101.015
101.015
101.015
101.015
101.015
101.015
101.015
101.015
101.011
101.011
101.015
101.015
101.015
101.015
101.015
101.015
101.015
101.015
101.015
101.015
101.015
101.015
101.004
100.993
100.93
100.729
99.9176
98.9486
98.9486
98.9486
98.9486
98.9486
98.9486
98.9486
98.9486
98.9486
98.9486
98.9486
98.9486
98.9486
98.9486
98.9486
98.9486
98.9486
98.9486
98.9486
98.9486
98.9486
98.9486
98.9486
98.9486
98.9486
98.9486
98.9486
98.9486
98.9486
98.9486
98.9486
98.9486
98.9486
98.9486
98.9486
98.9486
98.9486
98.9486
98.9486
98.9486
98.9486
98.9486
98.9486
98.9486
98.9486
98.9486
98.9486
98.9486
98.9486
98.9486
98.9486
98.9486
98.9486
98.9486
98.9486
98.9486
98.9486
98.9417
98.9348
98.8865
98.4785
97.8102
96.2315
90.176
85.4481
85.4481
85.437
85.4719
85.4481
85.4481
85.4481
85.4481
85.4481
85.4481
85.4481
85.4481
85.4481
85.4481
85.4481
85.4481
85.4481
85.4389
85.4389
85.4389
85.402
85.2817
84.9868
84.9868
84.9868
84.9868
84.9868
84.9868
84.9685
84.9502
84.8289
84.8125
84.3188
84.0732
84.0732
84.0687
84.0596
84.0461
83.9918
83.8471
83.8471
83.8471
83.8279
83.8279
83.8086
83.8279
83.7894
83.6933
83.1787
82.8857
82.8857
82.8857
82.8816
82.8736
82.8414
82.7406
82.5964
82.5964
82.149
81.0949
78.292
78.292
78.292
78.292
78.292
78.292
78.292
78.292
78.288
78.2717
78.1983
78.0883
78.0883
78.0843
78.0803
78.0843
78.0883
78.0883
78.0883
78.0883
78.0883
78.0883
78.0883
78.0883
78.0883
78.0883
78.0883
78.0883
78.0883
78.0883
78.085
78.0749
78.0515
77.9336
77.9169
77.9209
77.9169
77.9209
77.9169
77.9209
77.9209
77.9209
77.9122
77.9209
77.9209
77.9209
77.9209
77.9209
77.9096
77.8984
77.8647
77.7482
77.4141
77.3544
77.3585
77.3585
77.3585
77.3585
77.3585
77.3585
77.3545
77.3427
77.2992
77.161
77.161
77.161
77.161
77.161
77.161
77.5511
77.161
77.161
77.161
77.161
77.161
77.161
77.161
77.161
77.161
77.161
77.1457
77.0845
77.0539
76.901
76.3962
76.3962
76.3962
76.3962
76.3962
76.3962
76.3962
76.3962
76.3962
76.3962
76.3962
76.3962
76.3962
76.3962
76.3962
76.3962
76.3962
76.3962
76.3962
76.3962
76.3962
76.3962
76.3962
76.3962
76.3962
76.3962
76.3962
76.3962
76.3962
76.3962
76.3962
76.3962
76.3962
76.3922
76.5776
76.3962
76.3962
76.3962
76.3962
76.3962
76.3962
76.3962
76.3962
76.3962
76.3924
76.3924
76.3962
76.3962
76.3962
76.3962
76.3961
76.3962
76.3962
76.3962
76.3962
76.3962
76.3962
76.3962
76.3962
76.3962
76.3962
76.3962
76.3962
76.3962
76.3962
77.0289
79.0153
76.3962
76.5499
76.3922
76.3881
76.372
76.2874
76.1948
76.1948
76.1948
76.1948
76.1948
76.1948
76.1948
76.1929
76.1929
76.1929
76.1872
76.1795
76.1395
76.0994
76.0994
76.0994
76.0994
76.0994
76.0994
76.0994
76.0994
76.0994
76.0994
76.0994
76.0994
76.0994
76.0994
76.0961
76.0728
76.0028
75.9328
75.9328
75.9328
75.9328
75.9328
75.9328
75.9328
75.9328
75.9328
75.9328
75.9328
75.9328
75.9328
75.9208
75.9087
75.8483
75.5585
75.3291
75.3291
75.3291
75.3291
75.3291
75.3291
75.3291
75.3291
75.3291
75.3291
75.3291
75.3291
75.3291
75.3291
75.3291
75.3291
75.3291
75.3291
75.3291
75.3291
75.3291
75.3291
75.3291
75.3291
75.3291
75.3291
75.3291
75.3291
75.3291
75.3291
75.3291
75.3291
75.3291
75.318
75.3291
75.3291
75.3291
75.3291
75.3291
75.3291
75.3291
75.3291
75.3291
75.3291
75.3291
75.3291
75.3291
75.3291
75.3291
75.3291
75.3291
75.3291
75.3291
75.3291
75.3291
75.3286
75.3286
75.3291
75.3286
75.3291
75.3291
75.3291
75.3291
75.3291
75.3291
75.3291
75.3291
75.3291
75.3291
75.3291
75.3291
75.3291
75.3291
75.3291
75.3291
75.3291
75.3291
75.3291
75.3291
75.3291
75.3291
75.3291
75.3291
75.3291
75.3291
75.3291
75.3291
75.3291
75.3291
75.3291
75.3291
75.3291
75.3291
75.3291
75.3291
75.3291
75.3291
75.3291
75.3291
75.3291
75.3247
75.3083
75.2995
75.269
75.1334
75.042
74.9788
74.6977
73.5356
72.8998
72.8998
72.8998
72.8998
72.8998
72.8998
72.8998
72.8998
72.8998
72.8998
72.8998
72.8998
72.8998
72.8998
72.8998
72.8998
72.8998
72.8998
72.8998
72.8998
72.8907
72.827
72.7085
72.4443
72.4443
72.4443
72.4443
72.4443
72.4443
72.4443
72.4443
72.4443
72.4443
72.4443
72.4443
72.4443
72.4443
72.4443
72.4443
72.4443
72.4443
72.4443
72.4443
72.4443
72.4443
72.4443
72.4443
72.4443
72.4443
72.4443
72.4443
72.4443
72.4443
72.4443
72.4337
72.423
72.3805
72.338
72.1997
71.9125
71.9125
71.9125
71.902
71.8704
71.8371
71.7195
71.3613
71.2867
71.2085
71.2085
71.2085
71.2085
71.2085
71.2085
71.2085
71.2085
71.2085
71.2085
71.2085
71.2085
71.2085
71.2044
71.1878
71.1381
71.0137
71.0013
70.9901
70.9679
71.7632
72.9137
70.9345
70.9011
70.8009
71.3362
70.4447
70.4447
70.4447
70.4447
70.4447
70.4447
70.4447
70.4447
70.4447
70.4447
70.4447
70.4446
70.4446
70.4441
70.442
70.4383
70.4383
70.4383
70.4383
70.4383
70.4383
70.4383
70.4383
70.4383
70.4383
70.4383
70.4383
70.4383
70.4383
70.4383
70.4383
70.4383
70.4383
70.4383
70.4383
70.4383
70.4383
70.4383
70.4383
70.4171
70.4383
70.4383
70.4383
70.4383
70.4383
70.4383
70.4383
70.4383
70.4383
70.4383
70.4383
70.4383
70.4383
70.4383
70.4383
70.4383
70.4383
70.4383
70.4378
70.4378
70.4378
70.4383
70.4383
70.4383
70.4383
70.4378
70.4383
70.4383
70.4383
70.4383
70.4383
70.4383
70.4383
70.4383
70.4383
70.4383
70.4383
70.4383
70.4383
70.4383
70.4383
70.4383
70.4383
70.4383
70.4383
70.4383
70.4383
70.4383
70.4383
70.4383
70.4383
70.4383
70.4383
70.4383
70.4383
70.4383
70.4383
70.4383
70.4383
70.4383
70.4383
70.4383
70.4383
70.4383
70.4383
70.4383
70.4383
70.4383
70.4383
70.4383
70.4383
70.4383
70.4383
70.436
70.429
70.4337
70.4221
70.3873
70.3223
70.3223
70.3223
70.3223
70.3223
70.3218
70.3219
70.7145
70.5686
70.3223
70.3223
70.3223
70.3219
70.3137
70.3054
70.2568
70.1505
69.9132
69.9019
69.9132
69.9132
69.9132
69.9132
69.9132
69.9132
69.9132
69.9132
69.9132
69.9132
69.9132
69.9132
69.9132
69.9132
69.9132
69.9132
69.9132
69.9132
69.9132
69.9132
69.9132
69.9132
69.9132
69.9132
69.9132
69.9014
71.1122
69.9132
69.9132
69.9132
69.9132
69.9132
69.9132
69.9132
69.9127
69.9132
69.9132
69.9132
69.9132
69.9127
69.9132
69.9132
69.9132
69.9132
69.9132
69.9132
69.9132
69.9132
69.9132
69.9132
69.9132
69.9132
69.9132
69.9132
69.9132
69.9132
69.9132
69.9132
69.9132
69.9132
69.9132
69.9132
69.9132
69.9132
69.9132
69.9132
69.9127
69.9132
69.9132
69.9132
69.9132
69.9132
69.9127
69.9132
69.9132
69.9132
69.9132
69.9132
69.9132
69.9132
69.9132
69.9132
69.9132
69.9132
69.9132
69.8928
69.9132
69.9132
69.9132
69.9132
69.9132
69.9132
69.9132
69.9132
69.9132
69.9132
69.9132
69.9132
69.9132
69.9132
69.9132
69.9132
69.9132
69.9132
69.9132
69.9132
69.9132
69.9132
69.9132
69.9132
69.9127
69.9127
69.9132
69.9132
69.9132
69.9132
69.9132
69.9132
69.9132
69.9132
69.9132
69.9132
69.9132
69.9132
69.9132
69.9132
69.9132
69.9132
69.9132
69.9132
69.9132
69.9132
69.9132
69.9127
69.9132
69.9132
69.9132
69.9132
69.9132
69.9132
69.9132
69.9132
69.9132
69.9132
69.9132
69.9132
69.9132
69.9132
69.9132
69.9132
69.9132
69.9132
69.9132
69.9132
69.9132
69.9132
69.9132
69.9132
69.9132
69.9132
69.9132
69.9132
69.9132
69.9132
69.9132
69.9132
69.892
69.892
69.8708
69.7586
69.5946
69.1405
68.8518
68.8518
68.8518
68.8518
68.8518
68.8518
68.8518
68.8518
68.8518
68.8518
68.8518
68.8518
68.8513
68.8512
68.8518
68.8518
68.8518
68.8518
68.8518
68.8518
68.8518
68.8518
68.8518
68.8518
68.8518
68.8518
68.8518
68.8518
68.8518
68.8518
68.8518
68.8518
68.8518
68.8518
68.8518
68.8518
68.8518
68.8518
68.8518
68.8518
68.8518
68.8513
68.8485
70.3305
69.5642
68.8315
68.8315
68.8315
68.8315
68.8315
68.8315
68.8315
68.8315
68.8315
68.8315
68.8315
68.8315
68.8315
68.8315
68.8315
68.8315
68.8315
68.8315
68.8315
68.8315
68.8315
68.8315
68.8315
68.8315
68.8315
68.8315
68.8315
68.8315
68.8315
68.8315
68.8315
68.8315
68.8315
68.8315
68.8315
68.8315
68.8315
68.8315
68.8315
68.8315
68.8315
68.8315
68.8315
68.8315
68.8315
68.8315
68.8315
68.8315
68.8315
68.8315
68.8315
68.8315
68.8315
68.831
68.8315
68.8315
68.8315
68.8315
68.8315
68.8315
68.8315
68.8315
68.8315
68.8315
68.8315
68.831
68.8315
68.8315
68.8315
68.8315
68.8315
68.8315
68.8315
68.8315
68.8315
68.8315
68.8315
68.8315
68.8315
68.8315
68.8315
68.831
68.8315
68.8315
68.8315
68.8315
68.8315
68.8315
68.8315
68.8315
68.8315
68.8315
68.8295
68.8275
68.8235
68.8017
68.746
68.7321
68.7321
68.7321
68.7321
68.7321
68.7321
68.7321
68.7321
68.7321
68.7321
68.7321
68.7321
68.7321
68.7321
68.7321
68.7321
68.7321
68.7321
68.7321
68.7321
68.7321
68.7321
68.7321
68.7321
68.7321
68.7321
68.7321
68.7321
68.7321
68.7321
68.7321
68.7321
68.7321
68.7321
68.7321
68.7321
68.7321
68.7321
68.7321
68.7321
68.7321
68.7321
68.7321
68.7321
68.7321
68.7321
68.7321
68.7321
68.7321
68.7321
68.7321
68.7321
68.7321
68.7321
68.7321
68.7321
68.7321
68.7321
68.7321
68.7321
68.7321
68.7321
68.7321
68.7321
68.7321
68.7321
68.7321
68.7321
68.7321
68.7321
68.7321
68.7321
68.7321
68.7321
68.7321
68.7321
68.7321
68.7321
68.7321
68.7321
68.7321
68.7321
68.7321
68.7321
68.7321
68.7321
68.7321
68.7321
68.7321
68.7321
68.7321
68.7321
68.7321
68.7321
68.7321
68.7321
68.7321
68.7321
68.7321
68.7321
68.7321
68.7321
68.7321
68.7321
68.7316
68.7321
68.7321
68.7321
68.7321
68.7321
68.7321
68.7316
68.7311
68.7311
68.7321
68.7321
68.7321
68.7321
68.7321
68.7321
68.7321
68.7321
68.7321
68.7321
68.7316
68.7321
68.7321
68.7321
68.7321
68.7321
68.7321
68.7321
68.7321
68.7321
68.7321
68.7321
68.7321
68.7321
68.7321
68.7321
68.7321
68.7321
68.7321
68.7321
68.7321
68.7321
68.7321
68.7321
68.7321
68.7321
68.7321
68.7321
68.7316
68.7321
68.7321
68.7321
68.7321
68.7321
68.7321
68.7321
68.7321
68.7321
68.7321
68.7321
68.7321
68.7321
68.7321
68.7321
68.7321
68.7321
68.7321
68.7321
68.7321
68.7321
68.7321
68.7321
68.7321
68.7321
68.7321
68.7321
68.7321
68.7321
68.7321
68.7321
68.7321
68.7321
68.7321
68.7321
68.7321
68.7321
68.7321
68.7321
68.7321
68.7321
68.7321
68.7321
68.7321
68.7321
68.7321
68.7321
68.7321
68.7321
68.7321
68.7321
68.7321
68.7321
68.7321
68.7321
68.7321
68.7321
68.7321
68.721
68.7321
68.7321
68.7321
68.7321
68.7321
68.7321
68.7244
68.6859
68.5625
68.3466
68.3466
68.3466
68.3466
68.3466
68.3466
68.3466
68.3466
68.3466
68.3466
68.3466
68.3466
68.3466
68.3466
68.3466
68.3466
68.3466
68.3466
68.3466
68.3466
68.3466
68.3466
68.3466
68.3466
68.3461
68.3466
68.3466
68.3466
68.3466
68.3466
68.3466
68.3466
68.3466
68.3466
68.3428
68.3466
68.3466
68.3466
68.3466
68.3466
68.3466
68.3466
68.3466
68.3446
68.3446
68.3426
68.3345
68.2984
68.2461
68.2461
68.2461
68.2461
68.2461
68.2461
68.2461
68.2461
68.2461
68.2461
68.2461
68.2461
68.2461
68.2461
68.2461
68.2461
68.2461
68.2461
68.2415
68.2322
68.186
68.1121
68.0151
68.0151
68.0151
68.0151
68.0151
68.0151
68.0151
68.0146
68.0146
68.0151
68.0151
68.0151
68.0151
68.0151
68.0151
68.0146
68.0141
68.013
69.5838
68.0125
68.0478
68.0151
68.0151
68.0151
68.0151
68.0151
68.0151
68.0151
68.0151
68.0151
68.0151
68.0151
68.0151
68.0151
68.0151
68.0151
68.0146
68.0151
68.0151
68.0151
68.0151
68.0151
68.0151
68.0151
68.0151
68.0151
68.0151
68.0151
68.0151
68.0151
68.0151
68.0151
68.0151
68.0151
68.0151
68.0151
68.0151
68.1144
68.0151
68.0151
68.0151
68.0151
68.0151
68.0151
68.0151
68.0151
68.0151
68.0151
68.0151
68.0109
67.9985
67.9651
71.4458
67.807
67.8064
67.8064
67.807
67.807
67.807
67.807
67.807
67.807
67.807
67.807
67.807
67.807
67.807
67.807
67.8048
67.7943
67.7733
67.7277
67.7018
67.7018
67.7018
67.7018
67.7018
67.7018
67.7018
67.7018
67.7018
67.7018
67.7018
67.7018
67.7018
67.7018
67.7018
67.7018
67.7018
67.7006
67.7012
67.6999
67.6954
67.6884
67.67
67.67
67.67
67.67
67.67
67.67
67.67
67.67
67.67
67.67
67.6695
67.67
67.67
67.67
67.67
67.67
67.67
67.67
67.67
67.67
67.67
67.67
67.67
67.67
67.67
67.67
67.67
67.67
67.67
67.67
67.67
67.67
67.67
67.67
67.67
67.67
67.67
67.67
67.67
67.67
67.67
67.67
67.67
67.67
67.67
67.67
67.67
67.67
67.67
67.67
67.67
67.6573
67.6346
67.5727
67.3427
67.2278
67.2278
67.2278
67.2278
67.2278
67.2278
67.2278
67.2278
67.2278
67.2278
67.2278
67.2278
67.2278
67.2278
67.2272
67.2267
67.2257
67.3877
67.2257
67.2252
67.2236
67.2194
67.226
67.2017
67.2017
67.2017
67.2017
67.2017
67.2017
67.2017
67.2017
67.2017
67.2017
67.2017
67.2017
67.2017
67.2017
67.2017
67.2017
67.2017
67.2017
67.2017
67.2017
67.2017
67.2017
67.2017
67.2017
67.2017
67.2017
67.2017
67.2017
67.2017
67.2017
67.2017
67.2017
67.2017
67.2017
67.2017
67.2017
67.2017
67.2017
67.2017
67.2017
67.1996
67.1975
67.1804
67.1357
67.0953
67.0953
67.0953
67.0953
67.0953
67.0953
67.0953
67.0953
67.0953
67.0953
67.0953
67.0953
67.0953
67.0953
67.0953
67.0953
67.0953
67.0953
67.0953
67.0953
67.0953
67.0953
67.0953
67.0953
67.0953
67.0953
67.0953
67.0953
67.0953
67.0953
67.0848
67.0848
67.0638
66.9904
66.8646
66.571
66.571
66.571
66.571
66.571
66.571
66.571
66.571
66.571
66.571
66.571
66.571
66.571
66.571
66.571
66.571
66.571
66.571
66.571
66.571
66.571
66.571
66.571
66.571
66.571
66.571
66.571
66.571
66.571
66.571
66.571
66.571
66.571
66.571
66.571
66.571
66.571
66.571
66.571
66.571
66.571
66.571
66.571
66.571
66.571
66.571
66.571
66.571
66.571
66.571
66.571
66.571
66.571
66.571
66.571
66.571
66.571
66.571
66.571
66.571
66.571
66.571
66.571
66.571
66.571
66.571
66.571
66.571
66.571
66.571
66.571
66.571
66.571
66.571
66.571
66.571
66.571
66.571
66.571
66.571
66.571
66.571
66.571
66.571
66.571
66.571
66.571
66.571
66.571
66.571
66.571
66.571
66.571
66.571
66.571
66.571
66.571
66.571
66.571
66.571
66.571
66.571
66.571
66.571
66.571
66.571
66.571
66.571
66.571
66.571
66.571
66.571
66.571
66.571
66.571
66.571
66.571
66.571
66.571
66.571
66.571
66.571
66.571
66.571
66.571
66.571
66.571
66.571
66.571
66.571
66.571
66.571
66.571
66.571
66.571
66.571
66.571
66.571
66.571
66.571
66.571
66.571
66.571
66.571
66.571
66.571
66.571
66.571
66.571
66.571
66.571
66.571
66.571
66.571
66.571
66.571
66.571
66.571
66.571
66.571
66.571
66.571
66.571
66.571
66.571
66.571
66.571
66.571
66.571
66.571
66.571
66.571
66.571
66.571
66.571
66.571
66.571
66.571
66.571
66.571
66.571
66.571
66.571
66.571
66.571
66.571
66.571
66.571
66.571
66.571
66.571
66.571
66.571
66.571
66.571
66.571
66.571
66.571
66.571
66.571
66.571
66.571
66.571
66.571
66.571
66.571
66.571
66.571
66.571
66.571
66.571
66.571
66.571
66.571
66.571
66.571
66.571
66.571
66.571
66.571
66.571
66.571
66.5653
66.5541
66.5485
66.4924
66.3801
66.2902
66.2902
66.2902
66.2902
66.2902
66.2902
66.2902
66.2902
66.2902
66.2902
66.2902
66.2902
66.2902
66.2902
66.2902
66.2902
66.2902
66.2902
66.2902
66.2902
66.2902
66.2902
66.2902
66.2902
66.2902
66.2902
66.2902
66.2902
66.2902
66.2902
66.2902
66.2902
66.2902
66.2902
66.2902
66.2902
66.2902
66.2902
66.2902
66.2902
66.2902
66.2902
66.2902
66.2902
66.2902
66.2902
66.2902
66.2902
66.2902
66.2902
66.2902
66.2902
66.2902
66.2902
66.2902
66.2902
66.2902
66.2902
66.2902
66.2902
66.2902
66.2902
66.2902
66.2902
66.2902
66.2902
66.2902
66.2902
66.2902
66.2902
66.2902
66.2902
66.2902
66.2902
66.2902
66.2902
66.2902
66.2902
66.2902
66.2902
66.2902
66.2902
66.2902
66.2902
66.2902
66.2902
66.2902
66.2902
66.2902
66.2902
66.2902
66.2902
66.2902
66.2902
66.2902
66.2902
66.2902
66.2902
66.2902
66.2902
66.2902
66.2864
66.2864
66.2902
66.2902
66.2902
66.2902
66.2902
66.2902
66.2902
66.2902
66.2902
66.2902
66.2902
66.2902
66.2902
66.2902
66.2902
66.2902
66.2902
66.2902
66.2902
66.2902
66.2902
66.2902
66.2902
66.2902
66.2902
66.2902
66.2902
66.2902
66.2902
66.2902
66.2902
66.2902
66.2902
66.2902
66.2902
66.2902
66.2902
66.2902
66.2902
66.2902
66.2902
66.2902
66.2902
66.2902
66.2902
66.2902
66.2902
66.2902
66.2902
66.2902
66.2902
66.2902
66.2902
66.2902
66.2902
66.2902
66.2902
66.2902
66.2902
66.2902
66.2902
66.2902
66.2902
66.2902
66.2902
66.2902
66.2824
66.2591
66.1344
65.9006
65.9006
65.9006
65.9006
65.9006
65.9006
65.9006
65.9006
65.9006
65.9006
65.9006
65.9006
65.9006
65.9006
65.9006
65.9006
65.9006
65.9006
65.9006
65.9006
65.9006
65.9006
65.9006
65.9006
65.9006
65.9006
65.9006
65.9006
65.9006
65.9006
65.9006
65.9006
65.9006
65.9006
65.9006
65.9006
65.9006
65.9006
65.9006
65.9006
65.9006
65.9006
65.9006
65.9006
65.9006
65.9006
65.9006
65.9006
65.9006
65.9006
65.9006
65.9006
65.9006
65.9006
65.9006
65.9006
65.9006
65.9006
65.9006
65.9006
65.9006
65.9006
65.9006
65.9006
65.9006
65.9006
65.9006
65.8968
65.9006
65.9006
65.9006
65.9006
65.9006
65.9006
65.9006
65.9006
65.9006
65.9006
65.9006
65.9006
65.9006
65.9006
65.9006
65.9006
65.9006
65.9006
65.9006
65.9006
65.9006
65.9006
65.9006
65.9006
65.9006
65.9006
65.9006
65.9006
65.9006
65.9006
65.9006
65.9006
65.9006
65.9006
65.9006
65.9006
65.9006
65.9006
65.9006
65.9006
65.9006
65.9006
65.9006
65.9006
65.9006
65.9006
65.9006
65.9006
65.9006
65.9006
65.9006
65.9006
65.9006
65.9006
65.9006
65.9006
65.9006
65.9006
65.9006
65.9006
65.9006
65.9006
65.9006
65.9006
65.9006
65.9006
65.9006
65.9006
65.9006
65.9006
65.9006
65.9006
65.9006
65.9006
65.9006
65.9006
65.9006
65.9006
65.9006
65.9006
65.9006
65.9006
65.9006
65.9006
65.9006
65.9006
65.9006
65.9006
65.9006
65.9006
65.9006
65.9006
65.8997
65.8997
65.897
65.8925
65.8725
65.8553
65.8553
65.8553
65.8553
65.8553
65.8553
65.8553
65.8553
65.8553
65.8553
65.8553
65.8553
65.8553
65.8553
65.8553
65.8553
65.8553
65.8553
65.8553
65.8553
65.8553
65.8553
65.8553
65.8553
65.8553
65.8553
65.8553
65.8553
65.8553
65.8553
65.8553
65.8553
65.8553
65.8553
65.8553
65.8553
65.8553
65.8553
65.8553
65.8553
65.8553
65.8553
65.8553
65.8553
65.8553
65.8553
65.8553
65.8553
65.8553
65.8553
65.8553
65.8553
65.8553
65.8553
65.8553
65.8553
65.8553
65.8553
65.8553
65.8553
65.8553
65.8553
65.8553
65.8553
65.8553
65.8553
65.8553
65.8553
65.8553
65.8553
65.8553
65.8553
65.8553
65.8553
65.8553
65.8553
65.8553
65.8553
65.8553
65.8553
65.8553
65.8553
65.8553
65.8553
65.8553
65.8553
65.8553
65.8553
65.8553
65.8553
65.8553
65.8553
65.8553
65.8553
65.8553
65.8553
65.8553
65.8553
65.8553
65.8553
65.8553
65.8553
65.8553
65.8553
65.8553
65.8553
65.8553
65.8553
65.8553
65.8553
65.8553
65.8553
65.8553
65.8553
65.8553
65.8553
65.8553
65.8553
65.8553
65.8553
65.8553
65.8553
65.8553
65.8553
65.8519
65.8485
65.8382
65.8108
65.7355
65.6842
65.6842
65.6842
65.6842
65.6842
65.6842
65.6842
65.6842
65.6842
65.6842
65.6842
65.6842
65.6842
65.6842
65.6842
65.6842
65.6842
65.6842
65.6842
65.6842
65.6842
65.6842
65.6842
65.6842
65.6842
65.6842
65.6842
65.6842
65.6842
65.6842
65.6842
65.6842
65.6842
65.6842
65.6842
65.6842
65.6842
65.6842
65.6842
65.6842
65.6842
65.6842
65.6842
65.6842
65.6842
65.6842
65.6842
65.6842
65.6842
65.6842
65.6842
65.6842
65.6842
65.6842
65.6842
65.6842
65.6842
65.6842
65.6842
65.6842
65.6842
65.6842
65.6842
65.6842
65.6842
65.6842
65.6842
65.6842
65.6842
65.6842
65.6842
65.6842
65.6842
65.6842
65.6842
65.6842
65.6842
65.6842
65.6842
65.6842
65.6842
65.6842
65.6842
65.6842
65.6842
65.6842
65.6842
65.6842
65.6842
65.6842
65.6842
65.6842
65.6842
65.6842
65.6842
65.6842
65.6842
65.6842
65.6842
65.6842
65.6842
65.6842
65.6842
65.6842
65.6842
65.6842
65.6842
65.6842
65.6842
65.6842
65.6842
65.6842
65.6842
65.6842
65.6842
65.6842
65.6842
65.6842
65.6842
65.6842
65.6842
65.6842
65.6842
65.6842
65.6842
65.6842
65.6842
65.6842
65.6842
65.6842
65.6842
65.6842
65.6842
65.6842
65.6842
65.6842
65.6842
65.6842
65.6842
65.6842
65.6842
65.6842
65.6842
65.6842
65.6842
65.6842
65.6842
65.6842
65.6842
65.676
65.6597
65.619
65.4317
65.2769
65.2769
65.2769
65.2769
65.2769
65.2769
65.2769
65.2769
65.2769
65.2769
65.2769
65.2769
65.2769
65.2769
65.2769
65.2769
65.2769
65.2769
65.2769
65.2769
65.2769
65.2769
65.2769
65.2769
65.2769
65.2769
65.2769
65.2769
65.2769
65.2769
65.2769
65.2769
65.2769
65.2769
65.2769
65.2769
65.2769
65.2769
65.2769
65.2759
65.2759
65.2769
65.2769
65.2769
65.2769
65.2769
65.2769
65.2769
65.2769
65.2769
65.2769
65.2769
65.2769
65.2769
65.2769
65.2769
65.2769
65.2769
65.2769
65.2769
65.2769
65.2769
65.2769
65.2769
65.2769
65.2769
65.2769
65.2769
65.2769
65.2769
65.2769
65.2769
65.2769
65.2769
65.2769
65.2769
65.2769
65.2769
65.2769
65.2769
65.2769
65.2769
65.2769
65.2769
65.2769
65.2769
65.2769
65.2769
65.2769
65.2769
65.2769
65.2769
65.2769
65.2769
65.2769
65.2769
65.2769
65.2769
65.2769
65.2769
65.2769
65.2769
65.2769
65.2769
65.2769
65.2769
65.2769
65.2769
65.2769
65.2769
65.2769
65.2769
65.2769
65.2769
65.2769
65.2769
65.2769
65.2769
69.6826
70.3779
73.5888
82.3778
68.0751
68.4909
65.2769
65.2769
65.2769
65.2769
65.2769
65.2769
65.2769
65.2769
65.2769
65.2769
65.2769
65.2769
65.2769
65.2769
65.2769
65.2769
65.2769
65.2769
65.2769
65.2709
65.259
65.1873
65.0737
64.9781
64.9781
64.9781
64.9781
64.9781
64.9781
64.9781
64.9781
64.9781
64.9781
64.9781
64.9781
64.9781
64.9781
64.9781
64.9781
64.9781
64.9781
64.9781
64.9781
64.9781
64.9781
64.9781
64.9781
64.9781
64.9781
64.9781
64.9781
64.9781
64.9781
64.9781
64.9781
64.9781
64.9781
64.9781
64.9781
64.9781
64.9781
64.9781
64.9781
64.9781
64.9781
64.9781
64.9781
64.9781
64.9781
64.9781
64.9781
64.9781
64.9781
64.9781
64.9781
64.9781
64.9781
64.9781
64.9781
64.9781
64.9781
64.9781
64.9781
64.9781
64.9781
64.9781
64.9781
64.9781
64.9781
64.9781
64.9781
64.9781
64.9781
64.9781
64.9781
64.9781
64.9781
64.9781
64.9781
64.9781
64.9781
64.9781
64.9781
64.9781
64.9781
64.9781
64.9781
64.9781
64.9781
64.9781
64.9781
64.9781
64.9781
64.9781
64.9781
64.9781
64.9781
64.9781
64.9781
64.9781
64.9781
64.9781
64.9781
64.9781
64.9781
64.9781
64.9781
64.9781
64.9781
64.9781
64.9781
64.9781
64.9781
64.9781
64.9734
64.9687
64.931
64.8321
64.7427
64.7427
64.7427
64.7427
64.7427
64.7427
64.7427
64.7427
64.7427
64.7427
64.7427
64.7427
64.7427
64.7427
64.7427
64.7427
64.7427
64.7427
64.7427
64.7427
64.7427
64.7427
64.7427
64.7427
64.7427
64.7427
64.7427
64.7427
64.7427
64.7427
64.7427
64.7427
64.7427
64.7427
64.7427
64.7427
64.7427
64.7427
64.7427
64.7427
64.7427
64.7427
64.7427
64.7427
64.7427
64.7427
64.7427
64.7427
64.7427
64.7427
64.7427
64.7427
64.7427
64.7427
64.7427
64.7427
64.7427
64.7427
64.7406
64.7427
64.7427
64.7427
64.7427
64.7427
64.7427
64.7427
64.7427
64.7427
64.7427
64.7427
64.7427
64.7427
64.7427
64.7427
64.7427
64.7427
64.7427
64.7427
64.7427
64.7427
64.7427
64.7427
64.7427
64.7427
64.7427
64.7427
64.7427
64.7427
64.7427
64.7427
64.7427
64.7427
64.7427
64.7427
64.7427
64.7427
64.7427
64.7427
64.7427
64.7417
64.7387
64.7317
64.7117
64.6926
64.6926
64.6926
64.6926
64.6926
64.6926
64.6926
64.6926
64.6926
64.6926
64.6926
64.6926
64.6926
64.6926
64.6926
64.6926
64.6926
64.6926
64.6926
64.6926
64.6926
64.6926
64.6926
64.6926
64.6926
64.6926
64.6926
64.6926
64.6926
64.6926
64.6926
64.6926
64.6926
64.6926
64.6926
64.6926
64.6926
64.6926
64.6926
64.6926
64.6926
64.6926
64.6926
64.6926
64.6926
64.6926
64.6926
64.6926
64.6926
64.6926
64.6926
64.6926
64.6926
64.6926
64.6926
64.6926
64.6926
64.6926
64.6926
64.6926
64.6926
64.6926
64.6926
64.6926
64.6926
64.6926
64.6926
64.6926
64.6926
64.6926
64.6926
64.6926
64.6926
64.6926
64.6926
64.6926
64.6926
64.6926
64.6926
64.6926
64.6926
64.6926
64.6926
64.6926
64.6926
64.6926
64.6926
64.6926
64.6926
64.6926
64.6926
64.6926
64.6926
64.6926
64.6926
64.6926
64.6926
64.6919
64.6913
64.6878
64.6802
64.6678
64.6582
64.6582
64.6582
64.6582
64.6582
64.6582
64.6582
64.6582
64.6582
64.6582
64.6582
64.6582
64.6582
64.6582
64.6582
64.6582
64.6582
64.6582
64.6582
64.6582
64.6582
64.6582
64.6582
64.6582
64.6582
64.6582
64.6582
64.6582
64.6582
64.6582
64.6582
64.6582
64.6582
64.6582
64.6582
64.6582
64.6582
64.6582
64.6582
64.6582
64.6582
64.6582
64.6582
64.6582
64.6582
64.6582
64.6582
64.6582
64.6582
64.6582
64.6582
64.6582
64.6582
64.6582
64.6582
64.6582
64.6582
64.6582
64.6582
64.6582
64.6582
64.6582
64.6582
64.6582
64.6582
64.6582
64.6582
64.6582
64.6582
64.6582
64.6582
64.6582
64.6582
64.6582
64.6582
64.6582
64.6582
64.6582
64.6582
64.6582
64.6582
64.6582
64.6582
64.6582
64.6582
64.6582
64.6582
64.6582
64.6582
64.6582
64.6582
64.6582
64.6582
64.6582
64.6582
64.6582
64.6582
64.6582
64.6582
64.6582
64.6582
64.6582
64.6582
64.6582
64.6582
64.6582
64.6582
64.6582
64.6582
64.6582
64.6582
64.6582
64.6582
64.6582
64.6582
64.6582
64.6582
64.6582
64.6582
64.6582
64.6582
64.6582
64.6582
64.6582
64.6582
64.6582
64.6582
64.6582
64.6582
64.6582
64.6582
64.6582
64.6582
64.6582
64.6582
64.6582
64.6582
64.6582
64.6582
64.6582
64.6582
64.6582
64.6582
64.6582
64.6582
64.6582
64.6582
64.6582
64.6582
64.6582
64.6582
64.6582
64.6582
64.6582
64.6582
64.6582
64.6582
64.6582
64.6582
64.6582
64.6582
64.6582
64.6582
64.6582
64.6582
64.6582
64.6582
64.6582
64.6582
64.6582
64.6582
64.6582
64.6582
64.6582
64.6582
64.6582
64.6582
64.6582
64.6582
64.6582
64.6582
64.6582
64.6582
64.6582
64.6582
64.6582
64.6582
64.6582
64.6582
64.6582
64.6582
64.6582
64.6582
64.6582
64.6582
64.6582
64.6582
64.6582
64.6582
64.6582
64.6582
64.6582
64.6582
64.6582
64.6582
64.6582
64.6582
64.6582
64.6582
64.6582
64.6582
64.6582
64.6582
64.6582
64.6582
64.6582
64.6582
64.6582
64.6582
64.6582
64.6582
64.6582
64.6582
64.6582
64.6582
64.6582
64.6582
64.6582
64.6582
64.6582
64.6582
64.6537
64.6492
64.6266
64.5678
64.4321
64.4321
64.4321
64.4321
64.4321
64.4321
64.4321
64.4321
64.4321
64.4321
64.4321
64.4321
64.4321
64.4321
64.4321
64.4321
64.4321
64.4321
64.4321
64.4321
64.4321
64.4321
64.4321
64.4321
64.4321
64.4321
64.4321
64.4321
64.4321
64.4321
64.4321
64.4321
64.4321
64.4321
64.4321
64.4321
64.4321
64.4321
64.4321
64.4321
64.4321
64.4321
64.4321
64.4321
64.4321
64.4321
64.4321
64.4321
64.4321
64.4321
64.4321
64.4321
64.4321
64.4321
64.4321
64.4321
64.4321
64.4321
64.4321
64.4321
64.4321
64.4321
64.4321
64.4321
64.4321
64.4321
64.4321
64.4321
64.4283
64.4207
64.4245
64.413
64.3863
65.0582
65.2653
64.2414
64.2414
64.2414
64.2414
64.2414
64.2414
64.2414
64.2414
64.2414
64.2414
64.2414
64.2414
64.2414
64.2414
64.2414
64.2414
64.2414
64.2414
64.2414
64.2414
64.2414
64.2414
64.2414
64.2414
64.2414
64.2414
64.2414
64.2414
64.2414
64.2414
64.2414
64.2414
64.2414
64.2414
64.2414
64.2414
64.2414
64.2414
64.2414
64.2414
64.2414
64.2414
64.2414
64.2414
64.2277
64.2414
64.2414
64.2414
64.2414
64.2414
64.2414
64.2414
64.2414
64.2414
64.2414
64.2414
64.2414
64.2414
64.2414
64.2414
64.2414
64.2414
64.2414
64.2414
64.2414
64.2414
64.2414
64.2414
64.2414
64.2414
64.2414
64.2414
64.2414
64.2414
64.2414
64.2414
64.2414
64.2414
64.2414
64.2414
64.2414
64.2414
64.2414
64.2414
64.2414
64.2414
64.2414
64.2414
64.2414
64.2414
64.2414
64.2414
64.2414
64.2414
64.2283
64.2414
64.2414
64.2414
64.2414
64.2414
64.2414
64.2414
64.2414
64.2414
64.2414
64.2414
64.2414
64.2414
64.2414
64.2414
64.2414
64.2414
64.2414
64.2414
64.2414
64.2414
64.2414
64.2414
64.2414
64.2414
64.2414
64.2414
64.2414
64.2414
64.2414
64.2414
64.2414
64.2414
64.2414
64.2414
64.2414
64.2414
64.2414
64.2414
64.2414
64.2414
64.2414
64.2414
64.2414
64.2414
64.2414
64.2414
64.2414
64.2283
64.2283
64.2414
64.2414
64.2414
64.2414
64.2414
64.2414
64.2414
64.2414
64.2414
64.2414
64.2414
64.2414
64.2414
64.2414
64.2414
64.2414
64.2414
64.2414
64.2414
64.2414
64.2414
64.2414
64.2414
64.2414
64.2414
64.2277
64.2414
64.2414
64.2414
64.2414
64.2414
64.2414
64.2414
64.2414
64.2414
64.2414
64.2414
64.2414
64.2414
64.2414
64.2414
64.2414
64.2414
64.2414
64.2414
64.2414
64.2414
64.2414
64.2414
64.2414
64.2414
64.2414
64.2414
64.2414
64.2414
64.2414
64.2414
64.2283
64.2414
64.2414
64.2414
64.2414
64.2414
64.2414
64.2414
64.2414
64.2414
64.2414
64.2414
64.2414
64.2414
64.2414
64.2414
64.2414
64.2414
64.2414
64.2414
64.2414
64.2414
64.2414
64.2414
64.2414
64.2414
64.2414
64.2414
64.2414
64.2414
64.2414
64.2414
64.2414
64.2414
64.2414
64.2414
64.2414
64.2414
64.2414
64.2414
64.2414
64.2414
64.2414
64.2414
64.2414
64.2414
64.2414
64.2414
64.2414
64.2414
64.2414
64.2414
64.2414
64.2414
64.2414
64.2414
64.2414
64.2414
64.2414
64.2414
64.2414
64.2414
64.2414
64.2414
64.2414
64.2414
64.2414
64.2414
64.2414
64.2414
64.2414
64.2414
64.2414
64.2414
64.2414
64.2414
64.2414
64.2414
64.2414
64.2414
64.2414
64.2414
64.2414
64.2414
64.2414
64.2414
64.2414
64.2414
64.2414
64.2414
64.2414
64.2414
64.2414
64.2414
64.2414
64.2414
64.2414
64.2414
64.2414
64.2414
64.2414
64.2414
64.2414
64.2414
64.2414
64.2414
64.2414
64.2414
64.2414
64.2414
64.2414
64.2414
64.2414
64.2414
64.2414
64.2414
64.2414
64.2414
64.2414
64.2414
64.2414
64.2414
64.2414
64.2414
64.2414
64.2414
64.2414
64.2414
64.2414
64.2414
64.2414
64.2414
64.2414
64.2414
64.2414
64.2414
64.2414
64.2414
64.2414
64.2414
64.2414
64.2414
64.2414
64.2414
64.2414
64.2414
64.2414
64.2414
64.2414
64.2414
64.2414
64.2414
64.2414
64.2414
64.2414
64.2414
64.2414
64.2414
64.2414
64.2414
64.2414
64.2414
64.2414
64.2414
64.2414
64.2414
64.2414
64.2414
64.2414
64.2414
64.2414
64.2414
64.2414
64.2414
64.2414
64.2414
64.2414
64.2414
64.2414
64.2414
64.2414
64.2414
64.2414
64.2414
64.2414
64.2414
64.2414
64.2414
64.2414
64.2414
64.2414
64.2414
64.2414
64.2414
64.2414
64.2414
64.2414
64.2414
64.2414
64.2414
64.2414
64.2414
64.2414
64.2414
64.2414
64.2414
64.2414
64.2414
64.2414
64.2414
64.2283
64.2283
64.2414
64.2414
64.2414
64.2414
64.2414
64.2414
64.2414
64.2414
64.2414
64.2414
64.2414
64.2414
64.2414
64.2414
64.2414
64.2414
64.2414
64.2414
64.2414
64.2414
64.2414
64.2414
64.2414
64.2414
64.2414
64.2414
64.2414
64.2414
64.2414
64.2414
64.2414
64.2414
64.2414
64.2414
64.2414
64.2414
64.2414
64.2414
64.2414
64.2414
64.2414
64.2414
64.2414
64.2414
64.2414
64.2414
64.2414
64.2414
64.2414
64.2414
64.2414
64.2414
64.2414
64.2414
64.2414
64.2414
64.2414
64.2414
64.2414
64.2414
64.2414
64.2414
64.2414
64.2414
64.2414
64.2414
64.2414
64.2414
64.2414
64.2414
64.2414
64.2414
64.2414
64.2414
64.2414
64.2414
64.2414
64.2414
64.2414
64.2414
64.2414
64.2414
64.2414
64.2414
64.2414
64.2414
64.2414
64.2414
64.2414
64.2414
64.2414
64.2414
64.2414
64.2414
64.2414
64.2414
64.2414
64.2414
64.2414
64.2414
64.2414
64.2414
64.2414
64.2414
64.2414
64.2414
64.2414
64.2414
64.2414
64.2414
64.2414
64.2414
64.2414
64.2414
64.2414
64.2414
64.2414
64.2414
64.2414
64.2414
64.2414
64.2414
64.2414
64.2414
64.2414
64.2414
64.2414
64.2414
64.2414
64.2414
64.2414
64.2414
64.2414
64.2414
64.2414
64.2414
64.2414
64.2414
64.2414
64.2414
64.2414
64.2414
64.2414
64.2414
64.2414
64.2414
64.2414
64.2414
64.2414
64.2414
64.2414
64.2414
64.2414
64.2414
64.2414
64.2414
64.2414
64.2414
64.2414
64.2414
64.2414
64.2414
64.2414
64.2414
64.2414
64.2414
64.2414
64.2414
64.2414
64.2414
64.2414
64.2414
64.2414
64.2414
64.2414
64.2414
64.2414
64.2414
64.2414
64.2414
64.2414
64.2414
64.2414
64.2414
64.2414
64.2414
64.2414
64.2414
64.2414
64.2414
64.2414
64.2414
64.2414
64.2414
64.2414
64.2414
64.2414
64.2414
64.2414
64.2414
64.2414
64.2414
64.2414
64.2414
64.2414
64.2414
64.2414
64.2414
64.2414
64.2414
64.2414
64.2414
64.2414
64.2414
64.2414
64.2414
64.2414
64.2283
64.2414
64.2414
64.2414
64.2414
64.2414
64.2414
64.2414
64.2414
64.2414
64.2414
64.2414
64.2414
64.2414
64.2414
64.2414
64.2414
64.2414
64.2414
64.2414
64.2414
64.2414
64.2414
64.2414
64.2414
64.2414
64.2414
64.2414
64.2414
64.2414
64.2414
64.2414
64.2414
64.2414
64.2414
64.2414
64.2414
64.2414
64.2414
64.2414
64.2414
64.2414
64.2414
64.2414
64.2414
64.2414
64.2414
64.2414
64.2414
64.2414
64.2414
64.2414
64.2414
64.2414
64.2414
64.2414
64.2414
64.2414
64.2414
64.2414
64.2414
64.2414
64.2414
64.2414
64.2414
64.2414
64.2414
64.2414
64.2414
64.2414
64.2414
64.2414
64.2414
64.2414
64.2414
64.2414
64.2414
64.2414
64.2414
64.2414
64.2414
64.2414
64.2414
64.2414
64.2414
64.2414
64.2414
64.2414
64.2414
64.2283
64.2283
64.2414
64.2414
64.2414
64.2414
64.2414
64.2414
64.2414
64.2414
64.2414
64.2414
64.2414
64.2414
64.2414
64.2414
64.2414
64.2414
64.2414
64.2414
64.2414
64.2414
64.2414
64.2414
64.2414
64.2414
64.2414
64.2414
64.2414
64.2414
64.2414
64.2414
64.2414
64.2414
64.2414
64.2414
64.2414
64.2414
64.2414
64.2414
64.2414
64.2414
64.2414
64.2414
64.2414
64.2414
64.2414
64.2414
64.2414
64.2414
64.2414
64.2414
64.2414
64.2414
64.2414
64.2414
64.2414
64.2414
64.2414
64.2414
64.2414
64.2414
64.2414
64.2414
64.2414
64.2414
64.2414
64.2414
64.2414
64.2414
64.2414
64.2414
64.2414
64.2414
64.2414
64.2414
64.2414
64.2414
64.2414
64.2414
64.2414
64.2414
64.2414
64.2414
64.2414
64.2414
64.2414
64.2414
64.2414
64.2414
64.2414
64.2414
64.2414
64.2414
64.2414
64.2414
64.2414
64.2414
64.2414
64.2414
64.2414
64.2414
64.2414
64.2414
64.2414
64.2414
64.2414
64.2414
64.2414
64.2414
64.2414
64.2414
64.2414
64.2414
64.2414
64.2414
64.2414
64.2414
64.2414
64.2414
64.2414
64.2414
64.2414
64.2414
64.2414
64.2414
64.2414
64.2414
64.2414
64.2414
64.2414
64.2414
64.2414
64.2414
64.2414
64.2414
64.2414
64.2414
64.2414
64.2414
64.2414
64.2414
64.2414
64.2414
64.2414
64.2414
64.2414
64.2414
64.2283
64.2152
64.2283
64.2152
64.2414
64.2414
64.2414
64.2414
64.2414
64.2414
64.2414
64.2414
64.2414
64.2414
64.2414
64.2414
64.2414
64.2414
64.2414
64.2414
64.2414
64.2414
64.2414
64.2414
64.2414
64.2414
64.2414
64.2414
64.2414
64.2414
64.2414
64.2414
64.2414
64.2414
64.2414
64.2414
64.2414
64.2414
64.2414
64.2414
64.2414
64.2414
64.2414
64.2414
64.2414
64.2414
64.2414
64.2414
64.2414
64.2414
64.2414
64.2414
64.2414
64.2414
64.2414
64.2414
64.2414
64.2414
64.2414
64.2414
64.2414
64.2414
64.2152
64.2152
64.64
64.2283
64.2021
64.2414
64.2414
64.2414
64.2414
64.2414
64.2414
64.2414
64.2414
64.2414
64.2414
64.2414
64.2414
64.2414
64.2414
64.2414
64.2414
64.2414
64.2414
64.2414
64.2414
64.2414
64.2414
64.2414
64.2414
64.2414
64.2414
64.2414
64.2414
64.2414
64.2414
64.2414
64.2414
64.2414
64.2414
64.2414
64.2414
64.2414
64.2414
64.2277
64.2414
64.2414
64.2414
64.2414
64.2414
64.2414
64.2414
64.2414
64.2414
64.2414
64.2414
64.2414
64.2414
64.2414
64.2414
64.2414
64.2414
64.2414
64.2414
64.2414
64.2414
64.2414
64.2414
64.2414
64.2414
64.2414
64.2414
64.2414
64.2414
64.2414
64.2414
64.2414
64.2414
64.2414
64.2414
64.2414
64.2414
64.2414
64.2414
64.2414
64.2414
64.2414
64.2414
64.2414
64.2283
64.2414
64.2414
64.2414
64.2414
64.2414
64.2414
64.2414
64.2414
64.2414
64.2414
64.2414
64.2414
64.2414
64.2414
64.2414
64.2414
64.2414
64.2414
64.2414
64.2414
64.2414
64.2414
64.2414
64.2414
64.2414
64.2414
64.2414
64.2414
64.2414
64.2414
64.2414
64.2414
64.2414
64.2414
64.2414
64.2414
64.2414
64.2414
64.2414
64.2414
64.2414
64.2414
64.2414
64.2414
64.2414
64.2414
64.2414
64.2414
64.2414
64.2414
64.2414
64.2414
64.2414
64.2414
64.2414
64.2414
64.2414
64.2414
64.2414
64.2414
64.2414
64.2414
64.2414
64.2414
64.2414
64.2414
64.2414
64.2414
64.2414
64.2414
64.2414
64.2414
64.2414
64.2414
64.2414
64.2414
64.2414
64.2414
64.2414
64.2414
64.2414
64.2414
64.2283
64.2414
64.2414
64.2414
64.2414
64.2414
64.2414
64.2414
64.2414
64.2414
64.2414
64.2414
64.2277
64.2414
64.2414
64.2414
64.2414
64.2414
64.2414
64.2414
64.2414
64.2414
64.2414
64.2414
64.2414
64.2414
64.2414
64.2414
64.2414
64.2414
64.2414
64.2414
64.2414
64.2414
64.2414
64.2414
64.2414
64.2414
64.2414
64.2414
64.2414
64.2414
64.2414
64.2414
64.2414
64.2414
64.2414
64.2414
64.2414
64.2414
64.2414
64.2414
64.2414
64.2414
64.2414
64.2414
64.2414
64.2414
64.2414
64.2414
64.2414
64.2414
64.2414
64.2414
64.2414
64.2414
64.2414
64.2414
64.2414
64.2414
64.2414
64.2414
64.2414
64.2414
64.2414
64.2414
64.2414
64.2414
64.2414
64.2414
64.2414
64.2414
64.2414
64.2414
64.2414
64.2414
64.2414
64.2414
64.2414
64.2414
64.2414
64.2414
64.2414
64.2414
64.2414
64.2414
64.2414
64.2414
64.2414
64.2414
64.2414
64.2414
64.2414
64.2414
64.2414
64.2414
64.2414
64.2414
64.2414
64.2414
64.2414
64.2414
64.2414
64.2414
64.2414
64.2414
64.2414
64.2414
64.2414
64.2414
64.2414
64.2414
64.2414
64.2414
64.2414
64.2414
64.2414
64.2414
64.2414
64.2414
64.2414
64.2414
64.2414
64.2414
64.2414
64.2414
64.2414
64.2414
64.2414
64.2414
64.2414
64.2414
64.2414
64.2414
64.2414
64.2414
64.2414
64.2414
64.2414
64.2414
64.2414
64.2414
64.2414
64.2414
64.2414
64.2414
64.2414
64.2414
64.2414
64.2414
64.2414
64.2414
64.2414
64.2414
64.2414
64.2414
64.2414
64.2414
64.2414
64.2414
64.2414
64.2414
64.2414
64.2414
64.2283
64.2283
64.189
64.2414
64.2414
64.2414
64.2414
64.2414
64.2414
64.2414
64.2277
64.214
64.2277
64.2414
64.2414
64.2414
64.2414
64.2414
64.2414
64.2414
64.2414
64.2414
64.2414
64.2414
64.2414
64.2414
64.2414
64.2414
64.2414
64.2414
64.2414
64.2414
64.2414
64.2414
64.2414
64.2414
64.2414
64.2414
64.2414
64.2414
64.2414
64.2414
64.2414
64.2414
64.2414
64.2414
64.2414
64.2414
64.2414
64.2414
64.2414
64.2414
64.2414
64.2414
64.2414
64.2414
64.2414
64.2283
64.2414
64.2414
64.2414
64.2414
64.2414
64.2414
64.2414
64.2414
64.2414
64.2414
64.2414
64.2414
64.2414
64.2414
64.2414
64.2414
64.2414
64.2414
64.2414
64.2414
64.2414
64.2414
64.2414
64.2414
64.2414
64.2414
64.2414
64.2414
64.2414
64.2414
64.2414
64.2414
64.2414
64.2414
64.2414
64.2414
64.2414
64.2414
64.2414
64.2414
64.2414
64.2414
64.2414
64.2414
64.2414
64.2414
64.2414
64.2414
64.2414
64.2414
64.2414
64.2414
64.2414
64.2414
64.2414
64.2414
64.2414
64.2414
64.2414
64.8678
64.2414
64.2414
64.2414
64.2414
64.2414
64.2414
64.2414
64.2414
64.2414
64.2414
64.2414
64.2414
64.2414
64.2414
64.2414
64.2414
64.2414
64.2414
64.2414
64.2414
64.2414
64.2414
64.2414
64.2414
64.2414
64.2414
64.2414
64.2414
64.2414
64.2414
64.2414
64.2414
64.2414
64.2414
64.2355
64.2355
64.2355
64.2414
64.2414
64.2414
64.2414
64.2414
64.2414
64.2414
64.2414
64.2414
64.2414
64.2414
64.2414
64.2414
64.2277
64.2277
64.2277
64.2414
64.2414
64.2414
64.2414
64.2414
64.2414
64.2414
64.2414
64.2414
64.2414
64.2414
64.2414
64.2414
64.2414
64.2414
64.2414
64.2414
64.2414
64.2414
64.2414
64.2414
64.2414
64.2414
64.2414
64.2414
64.2414
64.2414
64.2414
64.2414
64.2414
64.2414
64.2414
64.2414
64.2414
64.2414
64.2414
64.2414
64.2414
64.2414
64.2414
64.2414
64.2414
64.2414
64.2414
64.2414
64.2414
64.2414
64.2414
64.2414
64.2414
64.2414
64.2414
64.2414
64.2414
64.2414
64.2414
64.2414
64.2414
64.2414
64.2414
64.2414
64.2414
64.2414
64.2414
64.2414
64.2414
64.2414
64.2414
64.2414
64.2414
64.2414
64.2414
64.2414
64.2414
64.2414
64.2414
64.2414
64.2414
64.2414
64.2414
64.2414
64.2414
64.2414
64.2414
64.2414
64.2414
64.2414
64.2414
64.2414
64.2414
64.2414
64.2414
64.2414
64.2414
64.2414
64.2414
64.2414
64.2414
64.2414
64.2414
64.2414
64.2355
64.2414
64.2414
64.2414
64.2414
64.2414
64.2414
64.2414
64.2414
64.2414
64.2414
64.2414
64.2414
64.2414
64.2414
64.2414
64.2414
64.2414
64.2414
64.2414
64.2414
64.2414
64.2414
64.2414
64.2414
64.2414
64.2414
64.2414
64.2283
64.2021
64.1759
64.1105
64.0001
63.5868
63.5868
63.5868
63.5868
63.5868
63.5868
63.5868
63.5868
63.5868
63.5868
63.5868
63.5868
63.5868
63.5868
63.5868
63.5868
63.5868
63.5868
63.5868
63.5868
63.5868
63.5868
63.5868
63.5868
63.5868
63.5868
63.5868
63.5868
63.5868
63.5868
63.5868
63.5868
63.5868
63.5868
63.5868
63.5868
63.5868
63.5868
63.5868
63.5868
63.5868
63.5868
63.5868
63.5868
63.5868
63.5868
63.5868
63.5868
63.5868
63.5868
63.5868
63.5868
63.5868
63.5868
63.5868
63.5868
63.5868
63.5868
63.5868
63.5868
63.5868
63.5868
63.5868
63.5797
63.5797
63.5761
63.5797
63.5797
63.5725
64.1516
63.5797
63.5797
63.5832
63.5868
63.5868
63.5868
63.5868
63.5868
63.5868
63.5868
63.5868
63.5868
63.5868
63.5868
63.5868
63.5868
63.5868
63.5868
63.5868
63.5868
63.5868
63.5868
63.5868
63.5868
63.5868
63.5868
63.5868
63.5868
63.5868
63.5868
63.5868
63.5868
63.5868
63.5868
63.5868
63.5868
63.5868
63.5868
63.5868
63.5868
63.5868
63.5868
63.5868
63.5868
63.5868
63.5868
63.5868
63.5868
63.5868
63.5868
63.5868
63.5868
63.5868
63.5868
63.5868
63.5868
63.5868
63.5868
63.5868
63.5868
63.5868
63.5868
63.5868
63.5868
63.5868
63.5868
63.5868
63.5868
63.5868
63.5868
63.5868
63.5868
63.5868
63.5868
63.5868
63.5868
63.5868
63.5868
63.5868
63.5868
63.5868
63.5868
63.5868
63.5868
63.5868
63.5868
63.5868
63.5868
63.5868
63.5868
63.5868
63.5868
63.5868
63.5868
63.5868
63.5868
63.5868
63.5868
63.5868
63.5868
63.5868
63.5868
63.5868
63.5868
63.5868
63.5868
63.5868
63.5868
63.5868
63.5868
63.5868
63.5868
63.5868
63.5868
63.5868
63.5868
63.5868
63.5868
63.5868
63.5868
63.5868
63.5868
63.5868
63.5868
63.5868
63.5868
63.5868
63.5868
63.5868
63.5868
63.5868
63.5868
63.5868
63.5868
63.5868
63.5868
63.5868
63.5868
63.5868
63.5868
63.5868
63.5868
63.5868
63.5868
63.5868
63.5868
63.5868
63.5868
63.5868
63.5868
63.5868
63.5868
63.5868
63.5868
63.5868
63.5868
63.5868
63.5868
63.5868
63.5868
63.5868
63.5868
63.5868
63.5868
63.5868
63.5868
63.5868
63.5868
63.5868
63.5868
63.5868
63.5868
63.5868
63.5868
63.5868
63.5868
63.5868
63.5868
63.5868
63.5868
63.5868
63.5868
63.5868
63.5868
63.5868
63.5868
63.5868
63.5868
63.5868
63.5868
63.5868
63.5868
63.5868
63.5868
63.5868
63.5868
63.5868
63.5868
63.5868
63.5868
63.5868
63.5868
63.5868
63.5868
63.5868
63.5868
63.5868
63.5868
63.5868
63.5868
63.5868
63.5868
63.5868
63.5868
63.5868
63.5868
63.5868
63.5868
63.5868
63.5868
63.5868
63.5868
63.5868
63.5868
63.5868
63.5868
63.5868
63.5868
63.5868
63.5868
63.5868
63.5868
63.5868
63.5868
63.5868
63.5868
63.5868
63.5868
63.5868
63.5868
63.5868
63.5868
63.5868
63.5868
63.5868
63.5868
63.5868
63.5868
63.5868
63.5868
63.5868
63.5868
63.5868
63.5868
63.5868
63.5868
63.5868
63.5868
63.5868
63.5868
63.5868
63.5868
63.5868
63.5868
63.5868
63.5868
63.5868
63.5868
63.5868
63.5868
63.5868
63.5868
63.5868
63.5868
63.5868
63.5868
63.5868
63.5868
63.5868
63.5868
63.5812
63.5587
63.4744
63.3058
63.3058
63.3058
63.3058
63.3058
63.3058
63.3058
63.3058
63.3058
63.3058
63.3058
63.3058
63.3058
63.3058
63.3058
63.3058
63.3058
63.3058
63.3058
63.3058
63.3058
63.3058
63.3058
63.3058
63.3058
63.3058
63.3058
63.3058
63.3058
63.3058
63.3058
63.3058
63.3058
63.3058
63.3058
63.3058
63.3058
63.3058
63.3058
63.3058
63.3058
63.3058
63.3058
63.3058
63.3058
63.3058
63.3058
63.3058
63.3058
63.3058
63.3058
63.3058
63.3058
63.3058
63.3058
63.3058
63.3058
63.3058
63.3058
63.3058
63.3058
63.3058
63.3058
63.3058
63.3058
63.3058
63.3058
63.3058
63.3058
63.3058
63.3058
63.3058
63.3058
63.3058
63.3058
63.3058
63.3058
63.3058
63.3058
63.3058
63.3058
63.3058
63.3058
63.3058
63.3058
63.3058
63.3058
63.3058
63.3058
63.3058
63.3058
63.3058
63.3058
63.3058
63.3058
63.3058
63.3058
63.3058
63.3058
63.3058
63.3058
63.3058
63.3058
63.3058
63.3058
63.3058
63.3058
63.3058
63.3058
63.3058
63.3058
63.3058
63.3058
63.3058
63.3058
63.3058
63.3058
63.3058
63.3058
63.3058
63.3058
63.3058
63.3058
63.3058
63.3058
63.3058
63.3058
63.3058
63.3058
63.3058
63.3058
63.3058
63.3058
63.3058
63.3058
63.3058
63.3058
63.3058
63.3058
63.3058
63.3058
63.3058
63.3058
63.3058
63.3058
63.3058
63.3058
63.3058
63.3058
63.3058
63.3058
63.3058
63.3058
63.3058
63.3058
63.3058
63.3058
63.3058
63.3058
63.3058
63.3058
63.3058
63.3058
63.3058
63.3058
63.3058
63.3058
63.3058
63.3058
63.3058
63.3058
63.3058
63.3058
63.3058
63.3058
63.3058
63.3058
63.3058
63.3058
63.3058
63.3058
63.3058
63.3058
63.3058
63.3058
63.3058
63.3058
63.3058
63.3058
63.3058
63.3058
63.3058
63.3058
63.3058
63.3058
63.3058
63.3058
63.3058
63.3058
63.3058
63.3058
63.3058
63.3058
63.3058
63.3058
63.3058
63.3058
63.3058
63.3058
63.3058
63.3058
63.3058
63.3058
63.3058
63.3058
63.3058
63.3058
63.3058
63.3058
63.3058
63.3058
63.3058
63.3058
63.3058
63.3058
63.3058
63.3058
63.3058
63.3058
63.3058
63.3058
63.3058
63.3058
63.3058
63.3058
63.3058
63.3058
63.3058
63.3058
63.3058
63.3058
63.3058
63.3058
63.3058
63.3058
63.3058
63.3058
63.3058
63.3058
63.3058
63.3058
63.3058
63.3058
63.3058
63.3058
63.3058
63.3058
63.3058
63.3058
63.3058
63.3058
63.3058
63.3058
63.3058
63.3058
63.3058
63.3058
63.3058
63.3058
63.3058
63.3058
63.3058
63.3058
63.3058
63.3058
63.3058
63.3058
63.3058
63.3058
63.3058
63.3058
63.3058
63.3058
63.3058
63.3058
63.3058
63.3058
63.3058
63.3058
63.3058
63.3058
63.3058
63.3058
63.3058
63.3058
63.3058
63.3058
63.3058
63.3058
63.3058
63.3058
63.3058
63.3058
63.3058
63.3058
63.3058
63.3058
63.3058
63.3058
63.3058
63.3058
63.3058
63.3058
63.3058
63.3058
63.3058
63.3058
63.3058
63.3058
63.3058
63.3058
63.3058
63.3058
63.3058
63.3058
63.3058
63.3058
63.3058
63.3058
63.3058
63.3058
63.3058
63.3058
63.3058
63.3058
63.3058
63.3058
63.3058
63.3058
63.3058
63.3058
63.3058
63.3058
63.3058
63.3058
63.3058
63.3058
63.3058
63.3058
63.3058
63.3058
63.3058
63.3058
63.3058
63.3058
63.3058
63.3058
63.3058
63.3058
63.3058
63.3058
63.3058
63.3058
63.3058
63.3058
63.3058
63.3058
63.3058
63.3058
63.3058
63.3058
63.3058
63.3058
63.3058
63.3058
63.3058
63.3058
63.3058
63.3058
63.3058
63.3058
63.3058
63.3058
63.3058
63.3058
63.3058
63.3058
63.3058
63.3058
63.3058
63.3058
63.3058
63.3058
63.3058
63.3058
63.3058
63.3058
63.3058
63.3058
63.3058
63.3058
63.3058
63.3058
63.3058
63.3058
63.3058
63.3058
63.3058
63.3058
63.3058
63.3058
63.3058
63.3058
63.3058
63.3058
63.3058
63.3058
63.3058
63.3058
63.3058
63.3058
63.3058
63.3058
63.3058
63.3058
63.3058
63.3058
63.3058
63.3058
63.3058
63.3058
63.3058
63.3058
63.3058
63.3058
63.3058
63.3058
63.3058
63.3058
63.3058
63.3058
63.3058
63.3058
63.3058
63.3058
63.3058
63.3058
63.3058
63.3058
63.3058
63.3058
63.3058
63.3058
63.3058
63.3058
63.3058
63.3058
63.3058
63.3058
63.3058
63.3058
63.3058
63.3058
63.3058
63.3058
63.3058
63.3058
63.3058
63.3058
63.3058
63.3058
63.3058
63.3058
63.3058
63.3058
63.3058
63.3058
63.3058
63.3058
63.3058
63.3058
63.3058
63.3058
63.3058
63.3058
63.3058
63.3058
63.3058
63.3058
63.3058
63.3058
63.3058
63.3058
63.3058
63.3058
63.3058
63.3058
63.3058
63.3058
63.3058
63.3058
63.3058
63.3058
63.3058
63.3058
63.3058
63.3058
63.3058
63.3058
63.3058
63.3058
63.3058
63.3058
63.3058
63.3058
63.3058
63.3058
63.3058
63.3058
63.3058
63.3058
63.3058
63.3058
63.3058
63.3058
63.3058
63.3058
63.3058
63.3058
63.3058
63.3058
63.3058
63.3058
63.3058
63.3058
63.3058
63.3058
63.3058
63.3058
63.3058
63.3058
63.3058
63.3058
63.3058
63.3058
63.3058
63.3058
63.3058
63.3058
63.3058
63.3058
63.3058
63.3058
63.3058
63.3058
63.3058
63.3058
63.3058
63.3058
63.3058
63.3058
63.3058
63.3058
63.3058
63.3058
63.3058
63.3058
63.3058
63.3058
63.3058
63.3058
63.3058
63.3058
63.3058
63.3058
63.3058
63.3058
63.3058
63.3058
63.3058
63.3058
63.3058
63.3058
63.3058
63.3058
63.3058
63.3058
63.3058
63.3058
63.3058
63.3058
63.3058
63.3058
63.3058
63.3058
63.3058
63.3058
63.3058
63.3058
63.3058
63.3058
63.3058
63.3058
63.3058
63.3058
63.3058
63.3058
63.3058
63.3058
63.3058
63.3058
63.3058
63.3058
63.3058
63.3058
63.3058
63.3058
63.3058
63.3058
63.3058
63.3058
63.3058
63.3058
63.3058
63.3058
63.3058
63.3058
63.3058
63.3058
63.3058
63.3058
63.3058
63.3058
63.3058
63.3058
63.3058
63.3058
63.3058
63.3058
63.3058
63.3058
63.3058
63.3058
63.3058
63.3058
63.3058
63.3058
63.3058
63.3058
63.3058
63.3058
63.3058
63.3058
63.3058
63.3058
63.3058
63.3058
63.3058
63.3058
63.3058
63.3058
63.3058
63.3058
63.3058
63.3058
63.3058
63.3058
63.3058
63.3058
63.3058
63.3058
63.3058
63.3058
63.3058
63.3058
63.3058
63.3058
63.3058
63.3058
63.3058
63.3058
63.3058
63.3058
63.3058
63.3058
63.3058
63.3058
63.3058
63.3058
63.3058
63.3058
63.3058
63.3058
63.3058
63.3058
63.3058
63.3058
63.3058
63.3058
63.3058
63.3058
63.3058
63.3058
63.3058
63.3058
63.3058
63.3058
63.3058
63.3058
63.3058
63.3058
63.3058
63.3058
63.3058
63.3058
63.3058
63.3058
63.3058
63.3058
63.3058
63.3058
63.3058
63.3058
63.3058
63.3058
63.3058
63.3058
63.3058
63.3058
63.3058
63.3058
63.3058
63.3058
63.3058
63.3058
63.3058
63.3058
63.3058
63.3058
63.3058
63.3058
63.3058
63.3058
63.3058
63.3058
63.3058
63.3058
63.3058
63.3058
63.3058
63.3058
63.3058
63.3058
63.3058
63.3058
63.3058
63.3058
63.3058
63.3058
63.3058
63.3058
63.3058
63.3058
63.3058
63.3058
63.3058
63.3058
63.3058
63.3058
63.3058
63.3058
63.3058
63.3058
63.3058
63.3058
63.3058
63.3058
63.3058
63.3058
63.3058
63.3058
63.3058
63.3058
63.3058
63.3058
63.3058
63.3058
63.3058
63.3058
63.3058
63.3058
63.3058
63.3058
63.3058
63.3058
63.3058
63.3058
63.3058
63.3058
63.3058
63.3058
63.3058
63.3058
63.3058
63.3058
63.3058
63.3058
63.3058
63.3058
63.3058
63.3058
63.3058
63.3058
63.3058
63.3058
63.3058
63.3058
63.3058
63.3058
63.3058
63.3058
63.3058
63.3058
63.3058
63.3058
63.3058
63.3058
63.3058
63.3058
63.3058
63.3058
63.3058
63.3058
63.3058
63.3058
63.3058
63.3058
63.3058
63.3058
63.3058
63.3058
63.3058
63.3058
63.3058
63.3058
63.3058
63.3058
63.3058
63.3058
63.3058
63.3058
63.3058
63.3058
63.3058
63.3058
63.3058
63.3058
63.3058
63.3058
63.3058
63.3058
63.3058
63.3058
63.3058
63.3058
63.3058
63.3058
63.3058
63.3058
63.3058
63.3058
63.3058
63.3058
63.3058
63.3058
63.3058
63.3058
63.3058
63.3058
63.3058
63.3058
63.3058
63.3058
63.3058
63.3058
63.3058
63.3058
63.3058
63.3058
63.3058
63.3058
63.3058
63.3058
63.3058
63.3058
63.3058
63.3058
63.3058
63.3058
63.3058
63.3058
63.3058
63.3058
63.3058
63.3058
63.3058
63.3058
63.3058
63.3058
63.3058
63.3058
63.3058
63.3058
63.3058
63.3058
63.3058
63.3058
63.3058
63.3058
63.3058
63.3058
63.3058
63.3058
63.3058
63.3058
63.3058
63.3058
63.3058
63.3058
63.3058
63.3058
63.3058
63.3058
63.3058
63.3058
63.3058
63.3058
63.3058
63.3058
63.3058
63.3058
63.3058
63.3058
63.3058
63.3058
63.3058
63.3058
63.3058
63.3058
63.3058
63.3058
63.3058
63.3058
63.3058
63.3058
63.3058
63.3058
63.3058
63.3058
63.3058
63.3058
63.3058
63.3058
63.3058
63.3058
63.3058
63.3058
63.3058
63.3058
63.3058
63.3058
63.3058
63.3058
63.3058
63.3058
63.3058
63.3058
63.3058
63.3058
63.3058
63.3058
63.3058
63.3058
63.3058
63.3058
63.3058
63.3058
63.3058
63.3058
63.3058
63.3058
63.3058
63.3058
63.3058
63.3058
63.3058
63.3058
63.3058
63.3058
63.3058
63.3058
63.3058
63.3058
63.3058
63.3058
63.3058
63.3058
63.3058
63.3058
63.3058
63.3058
63.3058
63.3058
63.3058
63.3058
63.3058
63.3058
63.3058
63.3058
63.3058
63.3058
63.3058
63.3058
63.3058
63.3058
63.3058
63.3058
63.3058
63.3058
63.3058
63.3058
63.3058
63.3058
63.3058
63.3058
63.3058
63.3058
63.3058
63.3058
63.3058
63.3058
63.3058
63.3058
63.3058
63.3058
63.3058
63.3058
63.3058
63.3058
63.3058
63.3058
63.3058
63.3058
63.3058
63.3058
63.3058
63.3058
63.3058
63.3058
63.3058
63.3058
63.3058
63.3058
63.3058
63.3058
63.3058
63.3058
63.3058
63.3058
63.3058
63.3058
63.3058
63.3058
63.3058
63.3058
63.3058
63.3058
63.3058
63.3058
63.3058
63.3058
63.3058
63.3058
63.3058
63.3058
63.3058
63.3058
63.3058
63.3058
63.3058
63.3058
63.3058
63.3058
63.3058
63.3058
63.3058
63.3058
63.3058
63.3058
63.3058
63.3058
63.3058
63.3058
63.3058
63.3058
63.3058
63.3058
63.3058
63.3058
63.3058
63.2976
63.3058
63.3058
63.3058
63.3058
63.3058
63.3058
63.3058
63.3058
63.3058
63.3058
63.3058
63.3058
63.3058
63.3058
63.3058
63.3058
63.3058
63.3058
63.3058
63.3058
63.3058
63.3058
63.3058
63.3058
63.3058
63.3058
63.3058
63.3058
63.3058
63.3058
63.3058
63.3058
63.3058
63.3058
63.3058
63.3058
63.3058
63.3058
63.3058
63.3058
63.3058
63.3058
63.3058
63.3058
63.3058
63.3058
63.3058
63.3058
63.3058
63.3058
63.3058
63.3058
63.3058
63.3058
63.3058
63.3058
63.3058
63.3058
63.3058
63.3058
63.3058
63.3058
63.3058
63.3058
63.3058
63.3058
63.3058
63.3058
63.3058
63.3058
63.3058
63.3058
63.3058
63.3058
63.3058
63.3058
63.3058
63.3058
63.3058
63.3058
63.3058
63.3058
63.3058
63.3058
63.3058
63.3058
63.3058
63.3058
63.3058
63.3058
63.3058
63.3058
63.3058
63.3058
63.3058
63.3058
63.3058
63.3058
63.3058
63.3058
63.3058
63.3058
63.3058
63.3058
63.3058
63.3058
63.3058
63.3058
63.3058
63.3058
63.3058
63.3058
63.3058
63.3058
63.3058
63.3058
63.3058
63.3058
63.3058
63.3058
63.3058
63.3058
63.3058
63.3058
63.3058
63.3058
63.3058
63.3058
63.3058
63.3058
63.3058
63.3058
63.3058
63.3058
63.3058
63.3058
63.3058
63.3058
63.3058
63.3058
63.3058
63.3058
63.3058
63.3058
63.3058
63.3058
63.3058
63.3058
63.3058
63.3058
63.3058
63.3058
63.3058
63.3058
63.3058
63.3058
63.3058
63.3058
63.3058
63.3058
63.3058
63.3058
63.3058
63.3058
63.3058
63.3058
63.3058
63.3058
63.3058
63.3058
63.3058
63.3058
63.3058
63.3058
63.3058
63.3058
63.3058
63.3058
63.3058
63.3058
63.3058
63.3058
63.3058
63.3058
63.3058
63.3058
63.3058
63.3058
63.3058
63.3058
63.3058
63.3058
63.3058
63.3058
63.3058
63.3058
63.3058
63.3058
63.3058
63.3058
63.3058
63.3058
63.3058
63.3058
63.3058
63.3058
63.3058
63.3058
63.3058
63.3058
63.3058
63.3058
63.3058
63.3058
63.3058
63.3058
63.3058
63.3058
63.3058
63.3058
63.3058
63.3058
63.3058
63.3058
63.3058
63.3058
63.3058
63.3058
63.3058
63.3058
63.3058
63.3058
63.3058
63.3058
63.3058
63.3058
63.3058
63.3058
63.3058
63.3058
63.3058
63.3058
63.3058
63.3058
63.3058
63.3058
63.3058
63.3058
63.3058
63.3058
63.3058
63.3058
63.3058
63.3058
63.3058
63.3058
63.3058
63.3058
63.3058
63.3058
63.3058
63.3058
63.3058
63.3058
63.3058
63.3058
63.3058
63.3058
63.3058
63.3058
63.3058
63.3058
63.3058
63.3058
63.3058
63.3058
63.3058
63.3058
63.3058
63.3058
63.3058
63.3058
63.3058
63.3058
63.3058
63.3058
63.3058
63.3058
63.3058
63.3058
63.3058
63.3058
63.3058
63.3058
63.3058
63.3058
63.3058
63.3058
63.3058
63.3058
63.3058
63.3058
63.3058
63.3058
63.3058
63.3058
63.3058
63.3058
63.3058
63.3058
63.3058
63.3058
63.3058
63.3058
63.3058
63.3058
63.3058
63.3058
63.3058
63.3058
63.3058
63.3058
63.3058
63.3058
63.3058
63.3058
63.3058
63.3058
63.3058
63.3058
63.3058
63.3058
63.3058
63.3058
63.3058
63.3058
63.3058
63.3058
63.3058
63.3058
63.3058
63.3058
63.3058
63.3058
63.3058
63.3058
63.3058
63.3058
63.3058
63.3058
63.3058
63.3058
63.3058
63.3058
63.3058
63.3058
63.3058
63.3058
63.3058
63.3058
63.3058
63.3058
63.3058
63.3058
63.3058
63.3058
63.3058
63.3058
63.3058
63.3058
63.3058
63.3058
63.3058
63.3058
63.3058
63.3058
63.3058
63.3058
63.3058
63.3058
63.3058
63.3058
63.3058
63.3058
63.3058
63.3058
63.3058
63.3058
63.3058
63.3058
63.3058
63.3058
63.3058
63.3058
63.3058
63.3058
63.3058
63.3058
63.3058
63.3058
63.3058
63.3058
63.3058
63.3058
63.3058
63.3058
63.3058
63.3058
63.3058
63.3058
63.3058
63.3058
63.3058
63.3058
63.3058
63.3058
63.3058
63.3058
63.3058
63.3058
63.3058
63.3058
63.3058
63.3058
63.3058
63.3058
63.3058
63.3058
63.3058
63.3058
63.3058
63.3058
63.3058
63.3058
63.3058
63.3058
63.3058
63.3058
63.3058
63.3058
63.3058
63.3058
63.3058
63.3058
63.3058
63.3058
63.3058
63.3058
63.3058
63.3058
63.3058
63.3058
63.3058
63.3058
63.3058
63.3058
63.3058
63.3058
63.3058
63.3058
63.3058
63.3058
63.3058
63.3058
63.3058
63.3058
63.3058
63.3058
63.3058
63.3058
63.3058
63.3058
63.3058
63.3058
63.3058
63.3058
63.3058
63.3058
63.3058
63.3058
63.3058
63.3058
63.3058
63.3058
63.3058
63.3058
63.3058
63.3058
63.3058
63.3058
63.3058
63.3058
63.3058
63.3058
63.3058
63.3058
63.3058
63.3058
63.3058
63.3058
63.3058
63.3058
63.3058
63.3058
63.3058
63.3058
63.3058
63.3058
63.3058
63.3058
63.3058
63.3058
63.3058
63.3058
63.3058
63.3058
63.3058
63.3058
63.3058
63.3058
63.3058
63.3058
63.3058
63.3058
63.3058
63.3058
63.3058
63.3058
63.3058
63.3058
63.3058
63.3058
63.3058
63.3058
63.3058
63.3058
63.3058
63.3058
63.3058
63.3058
63.3058
63.3058
63.3058
63.3058
63.3058
63.3058
63.3058
63.3058
63.3058
63.3058
63.3058
63.3058
63.3058
63.3058
63.3058
63.3058
63.3058
63.3058
63.3058
63.3058
63.3058
63.3058
63.3058
63.3058
63.3058
63.3058
63.3058
63.3058
63.3058
63.3058
63.3058
63.3058
63.3058
63.3058
63.3058
63.3058
63.3058
63.3058
63.3058
63.3058
63.3058
63.3058
63.3058
63.3058
63.3058
63.3058
63.3058
63.3058
63.3058
63.3058
63.3058
63.3058
63.3058
63.3058
63.3058
63.3058
63.3058
63.3058
63.3058
63.3058
63.3058
63.3058
63.3058
63.3058
63.3058
63.3058
63.3058
63.3058
63.3058
63.3058
63.3058
63.3058
63.3058
63.3058
63.3058
63.3058
63.3058
63.3058
63.3058
63.3058
63.3058
63.3058
63.3058
63.3058
63.3058
63.3058
63.3058
63.3058
63.3058
63.3058
63.3058
63.3058
63.3058
63.3058
63.3058
63.3058
63.3058
63.3058
63.3058
63.3058
63.3058
63.3058
63.3058
63.3058
63.3058
63.3058
63.3058
63.3058
63.3058
63.3058
63.3058
63.3058
63.3058
63.3058
63.3058
63.3058
63.3058
63.3058
63.3058
63.3058
63.3058
63.3058
63.3058
63.3058
63.3058
63.3058
63.3058
63.3058
63.3058
63.3058
63.3058
63.3058
63.3058
63.3058
63.3058
63.3058
63.3058
63.3058
63.3058
63.3058
63.3058
63.3058
63.3058
63.3058
63.3058
63.3058
63.3058
63.3058
63.3058
63.3058
63.3058
63.3058
63.3058
63.3058
63.3058
63.3058
63.3058
63.3058
63.3058
63.3058
63.3058
63.3058
63.3058
63.3058
63.3058
63.3058
63.3058
63.3058
63.3058
63.3058
63.3058
63.3058
63.3058
63.3058
63.3058
63.3058
63.3058
63.3058
63.3058
63.3058
63.3058
63.3058
63.3058
63.3058
63.3058
63.3058
63.3058
63.3058
63.3058
63.3058
63.3058
63.3058
63.3058
63.3058
63.3058
63.3058
63.3058
63.3058
63.3058
63.3058
63.3058
63.3058
63.3058
63.3058
63.3058
63.3058
63.3058
63.3058
63.3058
63.3058
63.3058
63.3058
63.3058
63.3058
63.3058
63.3058
63.3058
63.3058
63.3058
63.3058
63.3058
63.3058
63.3058
63.3058
63.3058
63.3058
63.3058
63.3058
63.3058
63.3058
63.3058
63.3058
63.3058
63.3058
63.3058
63.3058
63.3058
63.3058
63.3058
63.3058
63.3058
63.3058
63.3058
63.3058
63.3058
63.3058
63.3058
63.3058
63.3058
63.3058
63.3058
63.3058
63.3058
63.3058
63.3058
63.3058
63.3058
63.3058
63.3058
63.3058
63.3058
63.3058
63.3058
63.3058
63.3058
63.3058
63.3058
63.3058
63.3058
63.3058
63.3058
63.3058
63.3058
63.3058
63.3058
63.3058
63.3058
63.3058
63.3058
63.3058
63.3058
63.3058
63.3058
63.3058
63.3058
63.3058
63.3058
63.3058
63.3058
63.3058
63.3058
63.3058
63.3058
63.3058
63.3058
63.3058
63.3058
63.3058
63.3058
63.3058
63.3058
63.3058
63.3058
63.3058
63.3058
63.3058
63.3058
63.3058
63.3058
63.3058
63.3058
63.3058
63.3058
63.3058
63.3058
63.3058
63.3058
63.3058
63.3058
63.3058
63.3058
63.3058
63.3058
63.3058
63.3058
63.3058
63.3058
63.3058
63.3058
63.3058
63.3058
63.3058
63.3058
63.3058
63.3058
63.3058
63.3058
63.3058
63.3058
63.3058
63.3058
63.3058
63.3058
63.3058
63.3058
63.3058
63.3058
63.3058
63.3058
63.3058
63.3058
63.3058
63.3058
63.3058
63.3058
63.3058
63.3058
63.3058
63.3058
63.3058
63.3058
63.3058
63.3058
63.3058
63.3058
63.3058
63.3058
63.3058
63.3058
63.3058
63.3058
63.3058
63.3058
63.3058
63.3058
63.3058
63.3058
63.3058
63.3058
63.3058
63.3058
63.3058
63.3058
63.3058
63.3058
63.3058
63.3058
63.3058
63.3058
63.3058
63.3058
63.3058
63.3058
63.3058
63.3058
63.3058
63.3058
63.3058
63.3058
63.3058
63.3058
63.3058
63.3058
63.3058
63.3058
63.3058
63.3058
63.3058
63.3058
63.3058
63.3058
63.3058
63.3058
63.3058
63.3058
63.3058
63.3058
63.3058
63.3058
63.3058
63.3058
63.3058
63.3058
63.3058
63.3058
63.3058
63.3058
63.3058
63.3058
63.3058
63.3058
63.3058
63.3058
63.3058
63.3058
63.3058
63.3058
63.3058
63.3058
63.3058
63.3058
63.3058
63.3058
63.3058
63.3058
63.3058
63.3058
63.3058
63.3058
63.3058
63.3058
63.3058
63.3058
63.3058
63.3058
63.3058
63.3058
63.3058
63.3058
63.3058
63.3058
63.3058
63.3058
63.3058
63.3058
63.3058
63.3058
63.3058
63.3058
63.3058
63.3058
63.3058
63.3058
63.3058
63.3058
63.3058
63.3058
63.3058
63.3058
63.3058
63.3058
63.3058
63.3058
63.3058
63.3058
63.3058
63.3058
63.3058
63.3058
63.3058
63.3058
63.3058
63.3058
63.3058
63.3058
63.3058
63.3058
63.3058
63.3058
63.3058
63.3058
63.3058
63.3058
63.3058
63.3058
63.3058
63.3058
63.3058
63.3058
63.3058
63.3058
63.3058
63.3058
63.3058
63.3058
63.3058
63.3058
63.3058
63.3058
63.3058
63.3058
63.3058
63.3058
63.3058
63.3058
63.3058
63.3058
63.3058
63.3058
63.3058
63.3058
63.3058
63.3058
63.3058
63.3058
63.3058
63.3058
63.3058
63.3058
63.3058
63.3058
63.3058
63.3058
63.3058
63.3058
63.3058
63.3058
63.3058
63.3058
63.3058
63.3058
63.3058
63.3058
63.3058
63.3058
63.3058
63.3058
63.3058
63.3058
63.3058
63.3058
63.3058
63.3058
63.3058
63.3058
63.3058
63.3058
63.3058
63.3058
63.3058
63.3058
63.3058
63.3058
63.3058
63.3058
63.3058
63.3058
63.3058
63.3058
63.3058
63.3058
63.3058
63.3058
63.3058
63.3058
63.3058
63.3058
63.3058
63.3058
63.3058
63.3058
63.3058
63.3058
63.3058
63.3058
63.3434
63.3058
63.3058
63.3058
63.3058
63.3058
63.3058
63.3058
63.3058
63.3058
63.3058
63.3058
63.3058
63.3058
63.3058
63.3058
63.3058
63.3058
63.3058
63.3058
63.3058
63.3058
63.3058
63.3058
63.3058
63.3058
63.3058
63.3058
63.3058
63.3058
63.3058
63.3058
63.3058
63.3058
63.3058
63.3058
63.3058
63.3058
63.3058
63.3058
63.3058
63.3058
63.3058
63.3058
63.3058
63.3058
63.3058
63.3058
63.3058
63.3058
63.3058
63.3058
63.3058
63.3058
63.3058
63.3058
63.3058
63.3058
63.3058
63.3058
63.3058
63.3058
63.3058
63.3058
63.3058
63.3058
63.3058
63.3058
63.3058
63.3058
63.3058
63.3058
63.3058
63.3058
63.3058
63.3058
63.3058
63.3058
63.3058
63.3058
63.3058
63.3058
63.3058
63.3058
63.3058
63.3058
63.3058
63.3058
63.3058
63.3058
63.3058
63.3058
63.3058
63.3058
63.3058
63.3058
63.3058
63.3058
63.3058
63.3058
63.3058
63.3058
63.3058
63.3058
63.3058
63.3058
63.3058
63.3058
63.3058
63.3058
63.3058
63.3058
63.3058
63.3058
63.3058
63.3058
63.3058
63.3058
63.3058
63.3058
63.3058
63.3058
63.3058
63.3058
63.3058
63.3058
63.3058
63.3058
63.3058
63.3058
63.3058
63.3058
63.3058
63.3058
63.3058
63.3058
63.3058
63.3058
63.3058
63.3058
63.3058
63.3058
63.3058
63.3058
63.3058
63.3058
63.3058
63.3058
63.3058
63.3058
63.3058
63.3058
63.3058
63.3058
63.3058
63.3058
63.3058
63.3058
63.3058
63.3058
63.3058
63.3058
63.3058
63.3058
63.3058
63.3058
63.3058
63.3058
63.3058
63.3058
63.3058
63.3058
63.3058
63.3058
63.3058
63.3058
63.3058
63.3058
63.3058
63.3058
63.3058
63.3058
63.3058
63.3058
63.3058
63.3058
63.3058
63.3058
63.3058
63.3058
63.3058
63.3058
63.3058
63.3058
63.3058
63.3058
63.3058
63.3058
63.3058
63.3058
63.3058
63.3058
63.3058
63.3058
63.3058
63.3058
63.3058
63.3058
63.3058
63.3058
63.3058
63.3058
63.3058
63.3058
63.3058
63.3058
63.3058
63.3058
63.3058
63.3058
63.3058
63.3058
63.3058
63.3058
63.3058
63.3058
63.3058
63.3058
63.3058
63.3058
63.3058
63.3058
63.3058
63.3058
63.3058
63.3058
63.3058
63.3058
63.3058
63.3058
63.3058
63.3058
63.3058
63.3058
63.3058
63.3058
63.3058
63.3058
63.3058
63.3058
63.3058
63.3058
63.3058
63.3058
63.3058
63.3058
63.3058
63.3058
63.3058
63.3058
63.3058
63.3058
63.3058
63.3058
63.3058
63.3058
63.3058
63.3058
63.3058
63.3058
63.3058
63.3058
63.3058
63.3058
63.3058
63.3058
63.3058
63.3058
63.3058
63.3058
63.3058
63.3058
63.3058
63.3058
63.3058
63.3058
63.3058
63.3058
63.3058
63.3058
63.3058
63.3058
63.3058
63.3058
63.3058
63.3058
63.3058
63.3058
63.3058
63.3058
63.3058
63.3058
63.3058
63.3058
63.3058
63.3058
63.3058
63.3058
63.3058
63.3058
63.3058
63.3058
63.3058
63.3058
63.3058
63.3058
63.3058
63.3058
63.3058
63.3058
63.3058
63.3058
63.3058
63.3058
63.3058
63.3058
63.3058
63.3058
63.3058
63.3058
63.3058
63.3058
63.3058
63.3058
63.3058
63.3058
63.3058
63.3058
63.3058
63.3058
63.3058
63.3058
63.3058
63.3058
63.3058
63.3058
63.3058
63.3058
63.3058
63.3058
63.3058
63.3058
63.3058
63.3058
63.3058
63.3058
63.3058
63.3058
63.3058
63.3058
63.3058
63.3058
63.3058
63.3058
63.3058
63.3058
63.3058
63.3058
63.3058
63.3058
63.3058
63.3058
63.3058
63.3058
63.3058
63.3058
63.3058
63.3058
63.3058
63.3058
63.3058
63.3058
63.3058
63.3058
63.3058
63.3058
63.3058
63.3058
63.3058
63.3058
63.3058
63.3058
63.3058
63.3058
63.3058
63.3058
63.3058
63.3058
63.3058
63.3058
63.3058
63.3058
63.3058
63.3058
63.3058
63.3058
63.3058
63.3058
63.3058
63.3058
63.3058
63.3058
63.3058
63.3058
63.3058
63.3058
63.3058
63.3058
63.3058
63.3058
63.3058
63.3058
63.3058
63.3058
63.3058
63.3058
63.3058
63.3058
63.3058
63.3058
63.3058
63.3058
63.3058
63.3058
63.3058
63.3058
63.3058
63.3058
63.3058
63.3058
63.3058
63.3058
63.3058
63.3058
63.3058
63.3058
63.3058
63.3058
63.3058
63.3058
63.3058
63.3058
63.3058
63.3058
63.3058
63.3058
63.3058
63.3058
63.3058
63.3058
63.3058
63.3058
63.3058
63.3058
63.3058
63.3058
63.3058
63.3058
63.3058
63.3058
63.3058
63.3058
63.3058
63.3058
63.3058
63.3058
63.3058
63.3058
63.3058
63.3058
63.3058
63.3058
63.3058
63.3058
63.3058
63.3058
63.3058
63.3058
63.3058
63.3058
63.3058
63.3058
63.3058
63.3058
63.3058
63.3058
63.3058
63.3058
63.3058
63.3058
63.3058
63.3058
63.3058
63.3058
63.3058
63.3058
63.3058
63.3058
63.3058
63.3058
63.3058
63.3058
63.3058
63.3058
63.3058
63.3058
63.3058
63.3058
63.3058
63.3058
63.3058
63.3058
63.3058
63.3058
63.3058
63.3058
63.3058
63.3058
63.3058
63.3058
63.3058
63.3058
63.3058
63.3058
63.3058
63.3058
63.3058
63.3058
63.3058
63.3058
63.3058
63.3058
63.3058
63.3058
63.3058
63.3058
63.3058
63.3058
63.3058
63.3058
63.3058
63.3058
63.3058
63.3058
63.3058
63.3058
63.3058
63.3058
63.3058
63.3058
63.3058
63.3058
63.3058
63.3058
63.3058
63.3058
63.3058
63.3058
63.3058
63.3058
63.3058
63.3058
63.3058
63.3058
63.3058
63.3058
63.3058
63.3058
63.3058
63.3058
63.3058
63.3058
63.3058
63.3058
63.3058
63.3058
63.3058
63.3058
63.3058
63.3058
63.3058
63.3058
63.3058
63.3058
63.3058
63.3058
63.3058
63.3058
63.3058
63.3058
63.3058
63.3058
63.3058
63.3058
63.3058
63.3058
63.3058
63.3058
63.3058
63.3058
63.3058
63.3058
63.3058
63.3058
63.3058
63.3058
63.3058
63.3058
63.3058
63.3058
63.3058
63.3058
63.3058
63.3058
63.3058
63.3058
63.3058
63.3058
63.3058
63.3058
63.3058
63.3058
63.3058
63.3058
63.3058
63.3058
63.3058
63.3058
63.3058
63.3058
63.3058
63.3058
63.3058
63.3058
63.3058
63.3058
63.3058
63.3058
63.3058
63.3058
63.3058
63.3058
63.3058
63.3058
63.3058
63.3058
63.3058
63.3058
63.3058
63.3058
63.3058
63.3058
63.3058
63.3058
63.3058
63.3058
63.3058
63.3058
63.3058
63.3058
63.3058
63.3058
63.3058
63.3058
63.3058
63.3058
63.3058
63.3058
63.3058
63.3058
63.3058
63.3058
63.3058
63.3058
63.3058
63.3058
63.3058
63.3058
63.3058
63.3058
63.3058
63.3058
63.3058
63.3058
63.3058
63.3058
63.3058
63.3058
63.3058
63.3058
63.3058
63.3058
63.3058
63.3058
63.3058
63.3058
63.3058
63.3058
63.3058
63.3058
63.3058
63.3058
63.3058
63.3058
63.3058
63.3058
63.3058
63.3058
63.3058
63.3058
63.3058
63.3058
63.3058
63.3058
63.3058
63.3058
63.3058
63.3058
63.3058
63.3058
63.3058
63.3058
63.3058
63.3058
63.3058
63.3058
63.3058
63.3058
63.3058
63.3058
63.3058
63.3058
63.3058
63.3058
63.3058
63.3058
63.3058
63.3058
63.3058
63.3058
63.3058
63.3058
63.3058
63.3058
63.3058
63.3058
63.3058
63.3058
63.3058
63.3058
63.3058
63.3058
63.3058
63.3058
63.3058
63.3058
63.3058
63.3058
63.3058
63.3058
63.3058
63.3058
63.3058
63.3058
63.3058
63.3058
63.3058
63.3058
63.3058
63.3058
63.3058
63.3058
63.3058
63.3058
63.3058
63.3058
63.3058
63.3058
63.3058
63.3058
63.3058
63.3058
63.3058
63.3058
63.3058
63.3058
63.3058
63.3058
63.3058
63.3058
63.3058
63.3058
63.3058
63.3058
63.3058
63.3058
63.3058
63.3058
63.3058
63.3058
63.3058
63.3058
63.3058
63.3058
63.3058
63.3058
63.3058
63.3058
63.3058
63.3058
63.3058
63.3058
63.3058
63.3058
63.3058
63.3058
63.3058
63.3058
63.3058
63.3058
63.3058
63.3058
63.3058
63.3058
63.3058
63.3058
63.3058
63.3058
63.3058
63.3058
63.3058
63.3058
63.3058
63.3058
63.3058
63.3058
63.3058
63.3058
63.3058
63.3058
63.3058
63.3058
63.3058
63.3058
63.3058
63.3058
63.3058
63.3058
63.3058
63.3058
63.3058
63.3058
63.3058
63.3058
63.3058
63.3058
63.3058
63.3058
63.3058
63.3058
63.3058
63.3058
63.3058
63.3058
63.3058
63.3058
63.3058
63.3058
63.3058
63.3058
63.3058
63.3058
63.3058
63.3058
63.3058
63.3058
63.3058
63.3058
63.3058
63.3058
63.3058
63.3058
63.3058
63.3058
63.3058
63.3058
63.3058
63.3058
63.3058
63.3058
63.3058
63.3058
63.3058
63.3058
63.3058
63.3058
63.3058
63.3058
63.3058
63.3058
63.3058
63.3058
63.3058
63.3058
63.3058
63.3058
63.3058
63.3058
63.3058
63.3058
63.3058
63.3058
63.3058
63.3058
63.3058
63.3058
63.3058
63.3058
63.3058
63.3058
63.3058
63.3058
63.3058
63.3058
63.3058
63.3058
63.3058
63.3058
63.3058
63.3058
63.3058
63.3058
63.3058
63.3058
63.3058
63.3058
63.3058
63.3058
63.3058
63.3058
63.3058
63.3058
63.3058
63.3058
63.3058
63.3058
63.3058
63.3058
63.3058
63.3058
63.3058
63.3058
63.3058
63.3058
63.3058
63.3058
63.3058
63.3058
63.3058
63.3058
63.3058
63.3058
63.3058
63.3058
63.3058
63.3058
63.3058
63.3058
63.3058
63.3058
63.3058
63.3058
63.3058
63.3058
63.3058
63.3058
63.3058
63.3058
63.3058
63.3058
63.3058
63.3058
63.3058
63.3058
63.3058
63.3058
63.3058
63.3058
63.3058
63.3058
63.3058
63.3058
63.3058
63.3058
63.3058
63.3058
63.3058
63.3058
63.3058
63.3058
63.3058
63.3058
63.3058
63.3058
63.3058
63.3058
63.3058
63.3058
63.3058
63.3058
63.3058
63.3058
63.3058
63.3058
63.3058
63.3058
63.3058
63.3058
63.3058
63.3058
63.3058
63.3058
63.3058
63.3058
63.3058
63.3058
63.3058
63.3058
63.3058
63.3058
63.3058
63.3058
63.3058
63.3058
63.3058
63.3058
63.3058
63.3058
63.3058
63.3058
63.3058
63.3058
63.3058
63.3058
63.3058
63.3058
63.3058
63.3058
63.3058
63.3058
63.3058
63.3058
63.3058
63.3058
63.3058
63.3058
63.3058
63.3058
63.3058
63.3058
63.3058
63.3058
63.3058
63.3058
63.3058
63.3058
63.3058
63.3058
63.3058
63.3058
63.3058
63.3058
63.3058
63.3058
63.3058
63.3058
63.3058
63.3058
63.3058
63.3058
63.3058
63.3058
63.3058
63.3058
63.3058
63.3058
63.3058
63.3058
63.3058
63.3058
63.3058
63.3058
63.3058
63.3058
63.3058
63.3058
63.3058
63.3058
63.3058
63.3058
63.3058
63.3058
63.3058
63.3058
63.3058
63.3058
63.3058
63.3058
63.3058
63.3058
63.3058
63.3058
63.3058
63.3058
63.3058
63.3058
63.3058
63.3058
63.3058
63.3058
63.3058
63.3058
63.3058
63.3058
63.3058
63.3058
63.3058
63.3058
63.3058
63.3058
63.3058
63.3058
63.3058
63.3058
63.3058
63.3058
63.3058
63.3058
63.3058
63.3058
63.3058
63.3058
63.3058
63.3058
63.3058
63.3058
63.3058
63.3058
63.3058
63.3058
63.3058
63.3058
63.3058
63.3058
63.3058
63.3058
63.3058
63.3058
63.3058
63.3058
63.3058
63.3058
63.3058
63.3058
63.3058
63.3058
63.3058
63.3058
63.3058
63.3058
63.3058
63.3058
63.3058
63.3058
63.3058
63.3058
63.3058
63.3058
63.3058
63.3058
63.3058
63.3058
63.3058
63.3058
63.3058
63.3058
63.3058
63.3058
63.3058
63.3058
63.3058
63.3058
63.3058
63.3058
63.3058
63.3058
63.3058
63.3058
63.3058
63.3058
63.3058
63.3058
63.3058
63.3058
63.3058
63.3058
63.3058
63.3058
63.3058
63.3058
63.3058
63.3058
63.3058
63.3058
63.3058
63.3058
63.3058
63.3058
63.3058
63.3058
63.3058
63.3058
63.3058
63.3058
63.3058
63.3058
63.3058
63.3058
63.3058
63.3058
63.3058
63.3058
63.3058
63.3058
63.3058
63.3058
63.3058
63.3058
63.3058
63.3058
63.3058
63.3058
63.3058
63.3058
63.3058
63.3058
63.3058
63.3058
63.3058
63.3058
63.3058
63.3058
63.3058
63.3058
63.3058
63.3058
63.3058
63.3058
63.3058
63.3058
63.3058
63.3058
63.3058
63.3058
63.3058
63.3058
63.3058
63.3058
63.3058
63.3058
63.3058
63.3058
63.3058
63.3058
63.3058
63.3058
63.3058
63.3058
63.3058
63.3058
63.3058
63.3058
63.3058
63.3058
63.3058
63.3058
63.3058
63.3058
63.3058
63.3058
63.3058
63.3058
63.3058
63.3058
63.3058
63.3058
63.3058
63.3058
63.3058
63.3058
63.3058
63.3058
63.3058
63.3058
63.3058
63.3058
63.3058
63.3058
63.3058
63.3058
63.3058
63.3058
63.3058
63.3058
63.3058
63.3058
63.3058
63.3058
63.3058
63.3058
63.3058
63.3058
63.3058
63.3058
63.3058
63.3058
63.3058
63.3058
63.3058
63.3058
63.3058
63.3058
63.3058
63.3058
63.3058
63.3058
63.3058
63.3058
63.3058
63.3058
63.3058
63.3058
63.3058
63.3058
63.3058
63.3058
63.3058
63.3058
63.3058
63.3058
63.3058
63.3058
63.3058
63.3058
63.3058
63.3058
63.3058
63.3058
63.3058
63.3058
63.3058
63.3058
63.3058
63.3058
63.3058
63.3058
63.3058
63.3058
63.3058
63.3058
63.3058
63.3058
63.3058
63.3058
63.3058
63.3058
63.3058
63.3058
63.3058
63.3058
63.3058
63.3058
63.3058
63.3058
63.3058
63.3058
63.3058
63.3058
63.3058
63.3058
63.3058
63.3058
63.3058
63.3058
63.3058
63.3058
63.3058
63.3058
63.3058
63.3058
63.3058
63.3058
63.3058
63.3058
63.3058
63.3058
63.3058
63.3058
63.3058
63.3058
63.3058
63.3058
63.3058
63.3058
63.3058
63.3058
63.3058
63.3058
63.3058
63.3058
63.3058
63.3058
63.3058
63.3058
63.3058
63.3058
63.3058
63.3058
63.3058
63.3058
63.3058
63.3058
63.3058
63.3058
63.3058
63.3058
63.3058
63.3058
63.3058
63.3058
63.3058
63.3058
63.3058
63.3058
63.3058
63.3058
63.3058
63.3058
63.3058
63.3058
63.3058
63.3058
63.3058
63.3058
63.3058
63.3058
63.3058
63.3058
63.3058
63.3058
63.3058
63.3058
63.3058
63.3058
63.3058
63.3058
63.3058
63.3058
63.3058
63.3058
63.3058
63.3058
63.3058
63.3058
63.3058
63.3058
63.3058
63.3058
63.3058
63.3058
63.3058
63.3058
63.3058
63.3058
63.3058
63.3058
63.3058
63.3058
63.3058
63.3058
63.3058
63.3058
63.3058
63.3058
63.3058
63.3058
63.3058
63.3058
63.3058
63.3058
63.3058
63.3058
63.3058
63.3058
63.3058
63.3058
63.3058
63.3058
63.3058
63.3058
63.3058
63.3058
63.3058
63.3058
63.3058
63.3058
63.3058
63.3058
63.3058
63.3058
63.3058
63.3058
63.3058
63.3058
63.3058
63.3058
63.3058
63.3058
63.3058
63.3058
63.3058
63.3058
63.3058
63.3058
63.3058
63.3058
63.3058
63.3058
63.3058
63.3058
63.3058
63.3058
63.3058
63.3058
63.3058
63.3058
63.3058
63.3058
63.3058
63.3058
63.3058
63.3058
63.3058
63.3058
63.3058
63.3058
63.3058
63.3058
63.3058
63.3058
63.3058
63.3058
63.3058
63.3058
63.3058
63.3058
63.3058
63.3058
63.3058
63.3058
63.3058
63.3058
63.3058
63.3058
63.3058
63.3058
63.3058
63.3058
63.3058
63.3058
63.3058
63.3058
63.3058
63.3058
63.3058
63.3058
63.3058
63.3058
63.3058
63.3058
63.3058
63.3058
63.3058
63.3058
63.3058
63.3058
63.3058
63.3058
63.3058
63.3058
63.3058
63.3058
63.3058
63.3058
63.3058
63.3058
63.3058
63.3058
63.3058
63.3058
63.3058
63.3058
63.3058
63.3058
63.3058
63.3058
63.3058
63.3058
63.3058
63.3058
63.3058
63.3058
63.3058
63.3058
63.3058
63.3058
63.3058
63.3058
63.3058
63.3058
63.3058
63.3058
63.3058
63.3058
63.3058
63.3058
63.3058
63.3058
63.3058
63.3058
63.3058
63.3058
63.3058
63.3058
63.3058
63.3058
63.3058
63.3058
63.3058
63.3058
63.3058
63.3058
63.3058
63.3058
63.3058
63.3058
63.3058
63.3058
63.3058
63.3058
63.3058
63.3058
63.3058
63.3058
63.3058
63.3058
63.3058
63.3058
63.3058
63.3058
63.3058
63.3058
63.3058
63.3058
63.3058
63.3058
63.3058
63.3058
63.3058
63.3058
63.3058
63.3058
63.3058
63.3058
63.3058
63.3058
63.3058
63.3058
63.3058
63.3058
63.3058
63.3058
63.3058
63.3058
63.3058
63.3058
63.3058
63.3058
63.3058
63.3058
63.3058
63.3058
63.3058
63.3058
63.3058
63.3058
63.3058
63.3058
63.3058
63.3058
63.3058
63.3058
63.3058
63.3058
63.3058
63.3058
63.3058
63.3058
63.3058
63.3058
63.3058
63.3058
63.3058
63.3058
63.3058
63.3058
63.3058
63.3058
63.3058
63.3058
63.3058
63.3058
63.3058
63.3058
63.3058
63.3058
63.3058
63.3058
63.3058
63.3058
63.3058
63.3058
63.3058
63.3058
63.3058
63.3058
63.3058
63.3058
63.3058
63.3058
63.3058
63.3058
63.3058
63.3058
63.3058
63.3058
63.3058
63.3058
63.3058
63.3058
63.3058
63.3058
63.3058
63.3058
63.3058
63.3058
63.3058
63.3058
63.3058
63.3058
63.3058
63.3058
63.3058
63.3058
63.3058
63.3058
63.3058
63.3058
63.3058
63.3058
63.3058
63.3058
63.3058
63.3058
63.3058
63.3058
63.3058
63.3058
63.3058
63.3058
63.3058
63.3058
63.3058
63.3058
63.3058
63.3058
63.3058
63.3058
63.3058
63.3058
63.3058
63.3058
63.3058
63.3058
63.3058
63.3058
63.3058
63.3058
63.3058
63.3058
63.3058
63.3058
63.3058
63.3058
63.3058
63.3058
63.3058
63.3058
63.3058
63.3058
63.3058
63.3058
63.3058
63.3058
63.3058
63.3058
63.3058
63.3058
63.3058
63.3058
63.3058
63.3058
63.3058
63.3058
63.3058
63.3058
63.3058
63.3058
63.3058
63.3058
63.3058
63.3058
63.3058
63.3058
63.3058
63.3058
63.3058
63.3058
63.3058
63.3058
63.3058
63.3058
63.3058
63.3058
