# best half averages
2591.67
2401.52
2302.94
2204.27
2116.41
2045.49
1960.27
1905.15
1822.4
1741.79
1691.22
1657.36
1615.07
1578.88
1536.96
1498.19
1454.68
1409.98
1369.37
1349.68
1328.52
1309.75
1295.37
1285.9
1272.87
1246.12
1229.66
1207.55
1186.96
1166.95
1161.62
1142.68
1111.29
1072.98
1026.15
997.653
983.355
965.325
955.966
944.656
931.238
925.754
919.324
906.63
892.721
869.015
857.112
846.135
837.554
811.375
797.24
791.073
782.052
776.106
753.881
738.732
711.793
689.159
684.73
674.878
662.956
652.239
643.065
634.226
626.674
622.654
603.447
598.847
594.653
578.813
566.308
558.514
558.639
541.885
541.753
544.316
535.02
547.245
538.891
518.403
505.996
503.936
502.603
495.958
488.988
478.068
475.483
466.986
442.221
432.993
432.409
429.857
427.6
424.892
421.221
417.403
414.268
408.228
405.866
398.162
386.682
381.448
372.201
369.184
364.503
362.912
362.051
359.649
356.942
354.916
353.31
350.23
349.666
349.164
348.059
350.814
342.835
338.644
338.817
347.226
348.634
333.223
331.974
329.575
328.604
328.584
328.475
327.609
324.565
315.037
303.629
301.53
299.256
299.052
298.309
294.247
294.247
294.22
295.111
294.609
292.509
292.204
291.168
289.427
288.5
282.99
280.679
278.955
274.525
272.796
270.938
270.899
270.832
270.431
268.868
267.933
267.846
267.846
267.801
267.585
278.459
273.869
264.655
262.215
261.506
260.588
259.469
258.888
257.035
253.683
251.286
248.514
246.242
244.42
243.352
243.352
243.352
243.352
243.321
243.335
243.232
243.003
246.26
238.941
238.664
237.128
233.702
232.435
232.189
230.376
228.569
228.6
228.571
228.186
226.844
225.501
222.365
221.258
220.906
220.524
220.016
219.794
219.713
219.48
218.983
218.983
218.978
218.973
218.881
219.741
219.123
216.309
216.193
216.133
216.121
215.998
215.494
215.338
214.788
213.576
213.471
212.489
209.635
207.597
206.027
206.039
206.015
205.797
205.227
203.785
203.764
203.639
203.182
202.746
202.629
202.231
199.632
196.437
195.344
197.58
195.25
193.681
193.147
192.179
191.94
191.873
191.225
189.799
189.463
189.463
189.463
189.463
189.463
189.455
189.447
189.398
189.175
188.863
188.459
188.263
188.044
188.036
187.844
187.187
185.897
185.826
185.44
185.309
188.642
184.643
184.512
184.512
184.452
184.269
183.972
182.214
180.552
178.763
178.763
178.763
178.752
178.732
178.597
178.244
178.215
178.196
178.167
178.083
182.938
176.707
176.878
176.65
176.345
175.213
174.596
174.603
174.603
174.603
174.603
174.587
174.478
174.026
173.824
173.824
173.815
173.768
173.56
172.956
172.139
171.842
171.767
173.443
170.941
170.941
170.886
170.83
170.574
171.803
168.048
167.643
165.905
163.5
159.846
159.846
159.846
159.846
159.846
159.846
159.811
159.624
158.782
156.473
154.057
154.031
153.861
153.423
153.423
153.414
153.369
153.215
152.97
152.97
152.97
152.97
152.923
152.97
152.934
152.934
152.75
151.833
151.137
151.137
151.103
151.038
150.623
149.889
149.669
149.557
149.117
148.831
148.831
148.815
148.8
148.631
148.064
148.064
148.064
148.064
148.064
148.064
148.064
148.06
148.033
147.922
147.872
147.855
147.784
147.451
146.995
146.995
146.995
146.995
146.995
146.995
146.995
146.995
146.988
146.933
146.721
145.994
145.283
145.214
145.047
144.44
142.791
142.637
142.588
142.588
142.588
142.587
142.585
142.575
142.562
142.555
142.512
142.386
142.386
142.386
142.386
142.386
142.386
142.341
142.288
141.811
140.12
139.772
139.711
139.614
139.304
138.582
137.91
137.273
135.481
135.318
135.291
135.176
134.993
134.927
134.916
134.845
134.759
134.759
134.725
134.556
138.462
133.062
133.062
133.062
133.062
133.062
133.062
133.062
133.062
133.062
133.062
133.062
133.052
133.009
132.816
132.526
132.526
132.526
132.526
132.522
132.501
132.442
132.322
132.309
132.273
132.15
131.519
130.899
130.26
128.112
128.112
128.112
128.112
128.065
128.017
127.969
127.986
127.908
131.324
127.196
125.782
125.731
125.731
125.671
125.367
124.451
122.678
122.652
122.529
122.513
122.442
122.084
121.733
121.733
121.733
121.719
121.677
121.427
121.038
121.038
121.038
121.038
121.038
121.038
121.038
121.038
121.038
121.038
121.038
121.038
121.038
121.038
121.038
121.038
121.038
121.038
121.038
121.038
121.038
121.038
121.038
121.038
121.038
121.038
121.038
121.038
121.038
121.038
121.038
121.038
121.038
121.038
121.038
121.17
121.038
121.038
121.161
122.507
122.826
121.112
121.348
121.038
121.038
121.035
121.025
121.248
120.738
120.451
119.26
115.556
115.556
115.556
115.556
115.556
115.556
115.543
115.492
115.249
114.916
114.908
114.886
114.789
114.446
113.783
111.972
111.966
111.917
111.811
111.567
111.046
110.034
110.034
110.034
109.999
110.014
109.975
109.688
109.055
109.055
108.988
108.832
108.299
105.774
105.359
104.648
104.644
104.619
104.49
104.055
103.549
103.301
102.8
102.725
102.725
102.725
102.725
102.725
102.725
102.725
102.725
102.725
102.725
102.725
102.714
102.702
102.657
102.461
102.157
102.157
102.157
102.151
102.139
102.069
101.864
101.864
101.864
101.864
101.864
101.864
101.864
101.864
101.864
101.864
101.864
101.864
101.864
101.864
101.864
101.864
101.851
101.785
101.549
101.208
101.208
101.208
101.208
101.208
101.208
101.208
101.208
101.208
101.208
101.2
101.177
101.13
100.842
100.819
100.819
100.819
100.819
100.819
100.819
100.819
100.808
100.777
100.713
100.428
100.29
100.29
100.29
100.29
100.29
100.282
100.29
100.266
100.29
100.29
100.29
100.29
100.29
100.29
100.29
100.29
100.29
100.286
100.286
100.276
100.223
100.05
100.05
100.05
100.045
100.036
99.9998
99.8817
99.8226
99.8226
99.8226
99.8226
99.8226
99.8226
99.8226
99.8226
99.8226
99.8226
99.8226
99.8226
99.8226
99.8147
99.8068
99.7432
99.4812
99.4256
99.4256
99.4256
99.4256
99.4256
99.4256
99.4256
99.4256
99.4256
99.4256
99.4256
99.4256
99.4256
99.4256
99.4256
99.4256
99.4217
99.3863
99.2802
99.229
99.2222
99.2222
99.2222
99.2085
99.1742
99.0714
98.8864
98.8754
98.8207
98.5253
98.3393
98.3393
98.3393
98.3393
98.3393
98.3393
98.3393
98.3393
98.3393
98.3393
98.3393
98.3393
98.3393
98.3322
98.3251
98.2753
98.0427
97.9432
97.821
97.8471
97.7103
97.2298
95.9478
95.9478
95.9478
95.9306
95.9133
95.7854
95.4015
95.0871
95.0871
95.0871
95.0871
95.0871
95.0871
95.0871
95.0871
95.0871
95.0871
95.0871
95.0871
95.0871
95.0871
95.0837
95.0727
95.0508
94.8794
94.5383
94.5258
94.4831
94.3197
93.9153
93.9153
93.9153
93.9153
93.9153
93.9153
93.9153
93.9153
93.9153
93.9153
93.9153
93.9153
93.9153
93.9153
93.9153
93.9153
96.0374
93.9153
93.9153
93.9153
93.9153
93.9153
93.9153
93.9153
93.9153
93.9153
93.9153
93.9153
93.9153
93.9153
93.9153
93.9059
93.8966
93.8405
93.6347
93.4477
93.4477
93.4477
93.4477
93.4477
93.4477
93.4477
93.4477
93.4477
93.4477
93.4444
93.4218
93.396
93.2446
93.0568
92.8108
92.8108
92.8108
92.8108
92.8108
92.7909
92.7709
92.6686
92.4094
91.8114
91.8619
91.806
91.8087
91.8033
91.8033
92.1558
91.814
91.814
91.814
91.814
91.814
91.814
91.814
91.814
91.814
91.814
91.814
91.8061
91.814
91.814
91.814
91.814
91.814
91.814
91.814
91.814
91.8029
91.8029
91.7807
91.7363
91.4553
91.0672
90.6789
88.9848
88.3593
88.3053
88.3053
88.3053
88.3053
88.3053
88.3053
88.3053
88.3053
88.3053
88.3053
88.3053
88.3053
88.2973
88.3003
88.3003
88.2904
88.2608
88.1669
88.0582
88.0582
88.0582
88.0582
88.0582
88.0582
88.0582
88.0582
87.9955
88.0573
88.0535
88.0442
88.0117
88.0117
88.0117
88.0117
88.0117
88.0117
88.0117
88.0117
87.9924
87.9924
87.896
87.4718
87.0476
87.042
87.0308
86.9749
86.8015
86.7679
86.763
86.7481
86.7232
86.6438
86.5196
86.5196
86.5196
86.5196
86.5196
86.5196
86.5196
86.5196
86.5196
86.5006
86.5196
86.5196
86.5196
86.5196
86.5196
86.5196
86.5196
86.5196
86.5196
86.5196
86.5196
86.5196
86.5196
86.5196
86.5196
86.5196
86.5196
86.5196
86.5196
86.5196
86.5196
86.5196
86.5196
86.5196
86.5196
86.5196
86.5196
86.5196
86.5196
86.5196
86.5182
86.5153
86.5009
86.4491
86.4477
86.4477
86.4477
86.4477
86.4477
86.4477
86.4477
86.4477
86.4477
86.4477
86.4477
86.4477
86.4477
86.4477
86.4477
86.4477
86.4477
86.4477
86.4477
86.4477
86.4477
86.4229
86.3982
86.2001
85.5067
85.2096
85.2096
85.2096
85.2096
85.2096
85.2096
85.2096
85.2096
85.2096
85.2096
85.2096
85.2096
85.2096
85.2096
85.2096
85.2096
85.2096
85.2096
85.2096
85.2096
85.2096
85.2096
85.2096
85.2096
85.2096
85.2096
85.2096
85.2096
85.2096
85.2096
85.2096
85.2096
85.2096
85.2096
85.2096
85.2096
85.2096
85.2096
85.2096
85.2096
85.2096
85.2096
85.2096
85.2096
85.2096
85.196
85.1687
85.1699
85.0462
84.7058
84.5288
84.5288
84.509
84.43
84.1533
83.5406
83.5406
83.5406
83.5406
83.5406
83.5406
83.5406
83.5406
83.5406
83.5406
83.5406
83.5406
83.5406
83.5406
83.5406
83.5406
83.5406
83.5406
83.5406
83.5406
83.5406
83.5406
83.5406
83.5406
83.5406
83.5406
83.5406
83.5406
83.5406
83.5406
83.5406
83.5406
83.5406
83.5406
83.5406
83.5406
83.5406
83.5406
83.5406
83.5406
83.5406
83.5406
83.5406
83.5406
83.5406
83.5406
83.5406
83.5406
83.5406
83.5406
83.5406
83.5406
83.5406
83.5406
83.5406
83.5406
83.5406
83.5406
83.5406
83.5406
83.5406
83.5406
83.5406
83.5406
83.5406
83.5406
83.5406
83.5406
83.5406
83.5406
83.5406
83.5406
83.5406
83.5406
83.5406
83.5406
83.5406
83.5406
83.5406
83.5406
83.5406
83.5406
83.5406
83.5406
83.5406
83.5406
83.5406
83.5406
83.5406
83.5406
83.5406
83.5406
83.5406
83.5406
83.5406
83.5406
83.5406
83.5406
83.5406
83.5406
83.5406
83.5406
83.5406
83.5406
83.5406
83.5406
83.5406
83.5406
83.5406
83.5406
83.5406
83.5406
83.5406
83.5406
83.5406
83.5406
83.5406
83.5406
83.5406
83.5406
83.5406
83.5406
83.5406
83.5406
83.5406
83.5406
83.5406
83.5406
83.5406
83.5406
83.5406
83.5406
83.5406
83.5406
83.5406
83.5406
83.5063
83.5406
83.5406
83.5383
83.5292
83.4927
83.4265
83.4265
83.4265
83.4265
83.4265
83.4265
83.3775
83.1326
82.2998
80.9772
80.9772
80.9772
80.9772
80.9772
80.9772
80.9772
80.9772
80.9772
80.9772
80.9772
80.9772
80.9772
80.9772
80.9772
80.9772
80.9772
80.9772
80.9772
80.9772
80.9772
80.9772
80.9772
80.9772
80.9772
80.9772
80.9764
80.9755
80.9737
80.9623
80.9335
80.9335
80.9335
80.9065
80.8796
80.7988
80.6556
82.2133
79.6088
79.5868
79.5868
79.5868
79.5868
79.5868
79.5868
79.5868
79.5868
79.5868
79.5868
79.5868
79.5868
79.5868
79.5868
79.5868
79.5868
79.5868
79.5868
79.5868
79.5804
79.5804
79.5804
79.5804
79.5612
79.5356
79.4715
79.2665
79.2659
79.2658
79.2647
79.2595
79.2524
79.2524
79.2524
79.2524
79.2524
79.2524
79.2524
79.2524
79.2524
79.2524
79.2524
79.2524
79.2524
79.2524
79.2524
79.2524
79.2524
79.2524
79.2524
79.2524
79.2524
79.2524
79.2524
79.2524
79.2524
79.2524
79.2524
79.2524
79.2524
79.2524
79.2524
79.2524
79.2524
79.2524
79.2524
79.2169
79.1458
78.7905
78.1155
77.476
77.476
77.476
77.476
77.476
77.4671
77.4404
77.9424
77.4404
77.4048
81.4403
77.1209
77.0307
77.0307
77.0307
77.0307
77.0307
77.0307
77.0307
77.0307
77.0307
77.0307
77.0307
77.0307
77.0307
77.0307
77.0307
77.0307
77.0307
77.0177
77.0046
76.9394
76.8349
76.5347
76.378
76.378
76.378
76.378
76.378
76.378
76.378
76.378
76.378
76.378
76.378
76.378
76.378
76.378
76.378
76.378
76.378
76.378
76.378
76.378
76.378
76.378
76.378
76.378
76.378
76.378
76.378
76.378
76.378
76.378
76.378
76.378
76.378
76.378
76.378
76.378
76.378
76.378
76.378
76.378
76.378
76.378
76.378
76.378
76.378
76.36
76.378
76.378
76.378
76.378
76.378
76.378
76.378
76.378
76.378
76.378
76.378
76.378
76.226
76.378
76.3633
76.3633
76.319
76.198
75.735
75.6409
75.6409
75.6409
75.6409
75.6409
75.6409
75.6409
75.6409
75.6409
75.6409
75.6409
75.6409
75.6409
75.6409
75.6409
75.6409
75.6409
75.6409
75.6409
75.6409
75.6409
75.6409
75.6409
75.6409
75.6409
75.6409
75.6409
75.6409
75.6409
75.6409
75.6409
75.6409
75.6409
75.6409
75.6409
75.6409
75.6409
75.6409
75.6409
75.6409
75.6409
75.6409
75.6409
75.6409
75.6409
75.6409
75.6409
75.6409
75.6409
75.6409
75.6409
75.6409
75.6409
75.6409
75.6409
75.6409
75.6409
75.6409
75.6409
75.6409
75.6409
75.6409
75.6409
75.6409
75.6409
75.6409
75.6409
75.6409
75.6409
75.6409
75.6409
75.6409
75.6409
75.6409
75.6409
75.6409
75.6409
75.6409
75.6409
75.6409
75.6409
75.6409
75.6409
75.6409
75.6409
75.6409
75.6409
75.6409
75.6409
75.6409
75.6409
75.6409
75.6409
75.6409
75.6409
75.6409
75.6409
75.6409
75.6409
75.6409
75.6409
75.6409
75.6409
75.6409
75.6409
75.6409
75.6409
75.6409
75.6409
75.6341
75.6071
75.506
75.3038
75.3038
75.3038
75.3038
75.3038
75.3038
75.3038
75.3038
75.3038
75.3038
75.3038
75.3038
75.3038
75.3038
75.3038
75.3038
75.3038
75.3038
75.3038
75.3038
75.3038
75.3038
75.3038
75.3038
75.3038
75.3038
75.3038
75.3038
75.3038
75.3038
75.3038
75.3038
75.3038
75.3038
75.3038
75.3038
75.3038
75.3038
75.3038
75.3038
75.3038
75.3038
75.3038
75.2849
75.266
75.2093
74.9825
74.4155
74.3458
74.3458
74.3458
74.3328
74.1894
73.8896
73.7072
73.7072
73.7072
73.7072
73.7072
73.7072
73.7072
73.7072
73.7072
73.7072
73.7072
73.7072
73.7072
73.7072
73.7072
73.7072
73.7072
73.7072
73.7072
73.7072
73.7072
73.7072
73.7072
73.7072
73.7072
73.7072
73.7072
73.7072
73.7072
73.7072
73.7072
73.7072
73.7072
73.7072
73.7072
73.7072
73.7072
73.7072
73.7072
73.7072
73.7072
73.7072
73.7072
73.7072
73.7072
73.7072
73.7072
73.7072
73.7072
73.7072
73.7072
73.7072
73.7072
73.7072
73.7072
73.7072
73.7072
73.7072
73.7072
73.7072
73.7072
73.7072
73.7072
73.7072
73.7072
73.7072
73.7072
73.7072
73.7072
73.7072
73.7072
73.7072
73.6913
73.6437
73.3265
72.914
72.914
72.914
72.914
72.914
72.914
72.914
72.914
72.914
72.914
72.914
72.914
72.914
72.914
72.914
72.914
72.914
72.914
72.914
72.914
72.914
72.914
72.914
72.914
72.914
72.914
72.914
72.914
72.914
72.914
72.914
72.914
72.914
72.914
72.914
72.914
72.914
72.914
72.914
72.914
72.914
72.914
72.914
72.914
72.914
72.914
72.914
72.914
72.914
72.914
72.914
72.914
72.914
72.914
72.914
72.914
72.914
72.914
72.914
72.914
72.914
72.914
72.914
72.914
72.914
72.914
72.914
72.896
72.824
72.68
72.3199
72.0138
72.0138
72.0138
72.0138
72.0138
72.0138
72.0138
72.0138
72.0138
72.0138
72.0138
72.0138
72.0134
72.0122
72.0055
71.993
71.993
71.993
71.993
71.993
71.993
71.993
71.993
71.993
71.993
71.993
71.993
71.993
71.993
71.993
71.993
71.993
71.993
71.993
71.993
71.993
71.993
71.993
71.993
71.993
71.9829
71.9728
71.9326
71.8721
71.6204
71.4894
71.4894
71.4894
71.4894
71.4894
71.4894
71.4894
71.4894
71.4894
71.4894
71.4894
71.4894
71.4894
71.4894
71.4894
71.4894
71.4894
71.4894
71.4894
71.4894
71.4894
71.4894
71.4894
71.4894
71.4894
71.4894
71.4894
71.4894
71.4894
71.4894
71.4894
71.4894
71.4894
71.4894
71.4894
71.4894
71.4894
71.4894
71.4894
71.4894
71.4894
71.4894
71.4894
71.4894
71.4894
71.4894
71.4894
71.4894
71.4894
71.4894
71.4894
71.4894
71.4894
71.4894
71.4894
71.4894
71.4894
71.4894
71.4894
71.4894
71.4894
71.4894
71.4894
71.4894
71.4894
71.4721
71.4078
71.2148
70.6828
70.6247
70.6247
70.6247
70.6247
70.6247
70.6247
70.6247
70.6247
70.6247
70.6247
70.6247
70.6247
70.6247
70.6247
70.623
70.6145
70.603
70.5637
70.5258
70.5258
70.5258
70.5258
70.5258
70.5258
70.5258
70.5258
70.5258
70.5258
70.5258
70.5258
70.5258
70.5258
70.5258
70.5258
70.5258
70.5258
70.5258
70.5258
70.5258
70.5258
70.5258
70.5258
70.5258
70.5258
70.5258
70.5258
70.5258
70.5258
70.5258
70.5258
70.5258
70.5258
70.5258
70.5258
70.5258
70.5258
70.5258
70.5258
70.5258
70.5258
70.5258
70.5258
70.5258
70.5258
70.5258
70.5258
70.5258
70.5258
70.5258
70.5258
70.5258
70.5258
70.5258
70.5258
70.5258
70.5258
70.5258
70.5258
70.5258
70.5258
70.5258
70.5258
70.5258
70.5258
70.5258
70.5258
70.5258
70.5258
70.5258
70.5258
70.5258
70.5258
70.5258
70.5258
70.5258
70.5258
70.5258
70.5258
70.5258
70.5258
70.5258
70.5258
70.5258
70.5258
70.5258
70.5258
70.5258
70.5258
70.5258
70.5258
70.5258
70.5258
70.5258
70.5258
70.5258
70.5258
70.5258
70.5258
70.5258
70.5258
70.5258
70.5258
70.5258
70.5258
70.5258
70.5258
70.5258
70.5258
70.5258
70.5258
70.5258
70.5258
70.5258
70.5258
70.5258
70.5258
70.5258
70.5258
70.5258
70.5258
70.5258
70.5258
70.5258
70.5258
70.5258
70.5258
70.5258
70.5258
70.5258
70.5258
70.5258
70.5258
70.5258
70.5258
70.5258
70.5258
70.5258
70.5258
70.5258
70.5258
70.5258
70.5258
70.5258
70.5258
70.5258
70.5258
70.5258
70.5258
70.5258
70.5258
70.5258
70.5258
70.5258
70.5258
70.5258
70.5258
70.5258
70.5258
70.5258
70.5258
70.5258
70.5258
70.5258
70.5258
70.5258
70.5258
70.5258
70.5258
70.5258
70.5258
70.5258
70.5258
70.5258
70.5258
70.5258
70.5258
70.5258
70.5258
70.5258
70.5258
70.5258
70.5258
70.5258
70.5258
70.5258
70.5258
70.5258
70.5258
70.5258
70.5258
70.5258
70.5258
70.5258
70.5225
70.516
70.4931
70.4149
70.3627
70.3627
70.3627
70.3627
70.3627
70.3627
70.3627
70.3627
70.3627
70.3627
70.3627
70.3627
70.3627
70.3627
70.3627
70.3627
70.3627
70.3627
70.3627
70.3627
70.3627
70.3627
70.3627
70.3627
70.3627
70.3627
70.3627
70.3627
70.3627
70.3627
70.3627
70.3627
70.3627
70.3627
70.3627
70.3627
70.3627
70.3627
70.3627
70.3627
70.3627
70.3627
70.3627
70.3627
70.3627
70.3627
70.3627
70.3627
70.3627
70.3627
70.3308
70.299
70.2353
70.299
70.299
70.299
70.299
70.299
70.2671
70.2671
70.4135
70.299
70.3308
70.3308
70.3308
70.3627
70.3627
70.3627
70.3627
70.3627
70.3627
70.3627
70.3627
70.3627
70.3627
70.3627
70.3627
70.3627
70.3627
70.3627
70.3627
70.3627
70.3627
70.3627
70.3627
70.3627
70.3627
70.3627
70.3627
70.3627
70.3627
70.3627
70.3627
70.3627
70.3627
70.3627
70.3627
70.3627
70.3627
70.3627
70.3627
70.3627
70.3627
70.3627
70.3627
70.3627
70.3627
70.3627
70.3627
70.3627
70.3627
70.3627
70.3627
70.3627
70.3627
70.3627
70.3627
70.3627
70.3627
70.3627
70.3627
70.3627
70.3627
70.3627
70.3627
70.3627
70.3627
70.3627
70.3627
70.3627
70.3627
70.3627
70.3627
70.3627
70.3627
70.3627
70.3627
70.3627
70.3627
70.3627
70.3627
70.3627
70.3627
70.3627
70.3627
70.3627
70.3627
70.3627
70.3627
70.3627
70.3627
70.3627
70.3627
70.3627
70.3627
70.3627
70.3627
70.3627
70.3627
70.3627
70.3627
70.3627
70.3627
70.3627
70.3627
70.3627
70.3627
70.3627
70.3627
70.3627
70.3627
70.3627
70.3627
70.3627
70.3627
70.3627
70.3627
70.3627
70.3627
70.3627
70.3627
70.3627
70.3627
70.3627
70.3627
70.3627
70.3627
70.3627
70.3627
70.3627
70.3627
70.3627
70.3627
70.3627
70.3627
70.3627
70.3627
70.3627
70.3627
70.3627
70.3627
70.3627
70.3627
70.3627
70.3627
70.3627
70.3627
70.3627
70.3627
70.3627
70.3627
70.3627
70.3627
70.3627
70.3627
70.3627
70.3627
70.3627
70.3627
70.3627
70.3627
70.3627
70.3627
70.3627
70.3627
70.3627
70.3627
70.3627
70.3627
70.3627
70.3627
70.3627
70.3627
70.3627
70.3627
70.3627
70.3627
70.3627
70.3627
70.3627
70.3627
70.3627
70.3627
70.3627
70.3627
70.3627
70.3627
70.3627
70.3627
70.3627
70.3627
70.3627
70.3627
70.3627
70.3627
70.3627
70.3627
70.3627
70.3627
70.3627
70.3627
70.3627
70.3627
70.3627
70.3627
70.3627
70.3627
70.3627
70.3627
70.3627
70.3627
70.3627
70.3627
70.3627
70.3627
70.3627
70.3627
70.3627
70.3627
70.3627
70.3627
70.3627
70.3627
70.3627
70.3627
70.3627
70.3627
70.3627
70.3627
70.3627
70.3627
70.3627
70.3627
70.3627
70.3627
70.3627
70.3627
70.3627
70.3627
70.3627
70.3627
70.3627
70.3627
70.3627
70.3627
70.3627
70.3627
70.3627
70.3627
70.3627
70.3627
70.3627
70.3627
70.3627
70.3627
70.3627
70.3627
70.3627
70.3627
70.3627
70.3627
70.3627
70.3627
70.3627
70.3627
70.3627
70.3627
70.3627
70.3627
70.3627
70.3627
70.3627
70.3627
70.3627
70.3627
70.3627
70.3627
70.3627
70.3627
70.3627
70.3627
70.3627
70.3627
70.3627
70.3627
70.3627
70.3627
70.3627
70.3627
70.3627
70.3627
70.3627
70.3627
70.3627
70.3627
70.3627
70.3627
70.3627
70.3627
70.3627
70.3627
70.3627
70.3627
70.3627
70.3627
70.3627
70.3627
70.3627
70.3627
70.3627
70.3627
70.3627
70.3627
70.3627
70.3627
70.3627
70.3627
70.3627
70.3627
70.3627
70.3627
70.3627
70.3627
70.3627
70.3627
70.3627
70.3627
70.3627
70.3627
70.3627
70.3627
70.3627
70.3627
70.3627
70.3627
70.3627
70.3627
70.3627
70.3627
70.3627
70.3627
70.3627
70.3627
70.3627
70.3627
70.3627
70.3627
70.3627
70.3627
70.3627
70.3627
70.3627
70.3627
70.3627
70.3627
70.3627
70.3627
70.3627
70.3627
70.3627
70.3627
70.3627
70.3627
70.3627
70.3627
70.3627
70.3627
70.3627
70.3627
70.3627
70.3627
70.3627
70.3627
70.3627
70.3627
70.3627
70.3627
70.3627
70.3627
70.3627
70.3627
70.3627
70.3627
70.3627
70.3627
70.3627
70.3627
70.3627
70.3627
70.3482
70.3482
70.2757
70.0581
69.6376
69.6376
69.6376
69.6376
69.6376
69.6376
69.6376
69.6376
69.6376
69.6376
69.6376
69.6376
69.6376
69.6376
69.6376
69.6376
69.6376
69.6376
69.6376
69.6376
69.6376
69.6376
69.6376
69.6376
69.6376
69.6376
69.6376
69.6376
69.6376
69.6376
69.6376
69.6376
69.6376
69.6376
69.6376
69.6376
69.6376
69.6376
69.6376
69.6376
69.6376
69.6376
69.6376
69.6376
69.6376
69.6376
69.6376
69.6376
69.6376
69.6376
69.6376
69.6376
69.6376
69.6376
69.6376
69.6376
69.6376
69.6376
69.6376
69.6376
69.6376
69.6376
69.6376
69.6376
69.6376
69.6376
69.6376
69.6376
69.6376
69.6376
69.6376
69.6376
69.6376
69.6376
69.6376
69.6376
69.6376
69.6376
69.6376
69.6376
69.6376
69.6376
69.6376
69.6376
69.6376
69.6376
69.6376
69.6376
69.6376
69.6376
69.6376
69.6376
69.6376
69.6376
69.6376
69.6376
69.6376
69.6376
69.6376
69.6376
69.6376
69.6376
69.6376
69.6376
69.6376
69.6376
69.6376
69.6376
69.6376
69.6376
69.6376
69.6376
69.6376
69.6376
69.6376
69.6376
69.6376
69.6376
69.6376
69.6376
69.6376
69.6376
69.6376
69.6376
69.6376
69.6376
69.6376
69.6376
69.6376
69.6376
69.6376
69.6376
69.6376
69.6376
69.6376
69.6376
69.6376
69.6376
69.6376
69.6341
69.6341
69.6201
69.5991
69.5117
69.4627
69.4627
69.4627
69.4627
69.4627
69.4627
69.4627
69.4627
69.4627
69.4627
69.4627
69.4627
69.4627
69.4627
69.4627
69.4627
69.4627
69.4627
69.4627
69.4627
69.4627
69.4627
69.4627
69.4627
69.4627
69.4627
69.4627
69.4627
69.4627
69.4627
69.4627
69.4627
69.4627
69.4627
69.4627
69.4627
69.4627
69.4627
69.4627
69.4627
69.4627
69.4627
69.4627
69.4627
69.4627
69.4627
69.4627
69.4627
69.4627
69.4627
69.4627
69.4627
69.4627
69.4627
69.4627
69.4627
69.4627
69.4627
69.4627
69.4627
69.4627
69.4627
69.4627
69.4627
69.4627
69.4627
69.4627
69.4627
69.4627
69.4627
69.4627
69.4627
69.4627
69.4627
69.4627
69.4627
69.4627
69.4627
69.4627
69.4627
69.4627
69.4627
69.4627
69.4627
69.4627
69.4627
69.4627
69.4627
69.4627
69.4627
69.4627
69.4627
69.4627
69.4627
69.4627
69.4627
69.4627
69.4627
69.4627
69.4627
69.4627
69.4627
69.4627
69.4627
69.4627
69.4627
69.4627
69.4627
69.4627
69.4627
69.4627
69.4627
69.4627
69.4627
69.4627
69.4627
69.4627
69.4627
69.4627
69.4627
69.4627
69.4627
69.4627
69.4627
69.4627
69.4627
69.4627
69.4627
69.4627
69.4627
69.4627
69.4627
69.4627
69.4627
69.4627
69.4627
69.4627
69.4627
69.4627
69.4627
69.4627
69.4627
69.4627
69.4627
69.4627
69.4627
69.4627
69.4627
69.4627
69.4627
69.4627
69.4627
69.4627
69.3202
69.4627
69.4627
69.4627
69.4627
69.4627
69.4627
69.4627
69.4627
69.4627
69.4627
69.4627
69.4627
69.4627
69.4627
69.4627
69.4627
69.4627
69.4627
69.4627
69.4627
69.4627
69.4627
69.4627
69.4627
69.4627
69.4627
69.4627
69.4627
69.4627
69.4627
69.4627
69.4627
69.4627
69.4627
69.4627
69.4627
69.4627
69.4627
69.4627
69.4627
69.4627
69.4627
69.4627
69.4627
69.4627
69.4627
69.4627
69.4627
69.4627
69.4627
69.4627
69.4627
69.4627
69.4627
69.4627
69.4627
69.4627
69.4627
69.4627
69.4627
69.4627
69.4627
69.4627
69.4627
69.4627
69.4627
69.4627
69.4627
69.4627
69.4627
69.4627
69.4627
69.4627
69.4627
69.4627
69.4627
69.4627
69.4627
69.4627
69.4627
69.4627
69.4627
69.4627
69.4627
69.4627
69.4627
69.4627
69.4627
69.4602
69.4627
69.4627
69.4627
69.4627
69.4627
69.4627
69.4627
69.4627
69.4627
69.4627
69.4627
69.4627
69.4627
69.4627
69.4602
69.4553
69.4085
69.3394
69.3394
69.3394
69.3394
69.3394
69.3394
69.3394
69.3394
69.3394
69.3394
69.3394
69.3394
69.3394
69.3394
69.3394
69.3394
69.3394
69.3394
69.3394
69.3394
69.3394
69.3394
69.3394
69.3394
69.3394
69.3394
69.3394
69.3394
69.3394
69.3394
69.3394
69.3394
69.3394
69.3394
69.3394
69.3394
69.3394
69.3394
69.3394
69.3394
69.3394
69.3394
69.3394
69.3394
69.3394
69.3394
69.3394
69.3394
69.3394
69.3394
69.3394
69.3394
69.3394
69.3394
69.3394
69.3394
69.3394
69.3394
69.3394
69.3394
69.3394
69.3394
69.3394
69.3394
69.3394
69.3394
69.3394
69.3394
69.3394
69.3394
69.3394
69.3394
69.3394
69.3394
69.3394
69.3394
69.3394
69.3394
69.3394
69.3394
69.3394
69.3394
69.3394
69.3394
69.3394
69.3394
69.3394
69.3394
69.3394
69.3394
69.3394
69.3394
69.3394
69.3394
69.3394
69.3394
69.3394
69.3394
69.3394
69.3394
69.3394
69.3394
69.3394
69.3394
69.3394
69.3394
69.3394
69.3394
69.3394
69.3394
69.3394
69.3394
69.3394
69.3394
69.3394
69.3394
69.3394
69.3394
69.3394
69.3394
69.3394
69.3394
69.3394
69.3394
69.3394
69.3394
69.3394
69.3394
69.3394
69.3394
69.3394
69.3394
69.3394
69.3394
69.3361
69.3294
69.3228
69.3128
69.2631
69.1734
69.1734
69.1734
69.1734
69.1734
69.1734
69.1734
69.1734
69.1734
69.1734
69.1734
69.1734
69.1734
69.1734
69.1734
69.1734
69.1734
69.1734
69.1734
69.1734
69.1734
69.1734
69.1734
69.1734
69.1734
69.1734
69.1734
69.1734
69.1734
69.1734
69.1734
69.1734
69.1734
69.1734
69.1734
69.1734
69.1734
69.1734
69.1734
69.1734
69.1734
69.1734
69.1734
69.1734
69.1734
69.1734
69.1734
69.1734
69.1734
69.1734
69.1734
69.1734
69.1734
69.1734
69.1734
69.1734
69.1734
69.1734
69.1734
69.1734
69.1734
69.1734
69.1734
69.1734
69.1734
69.1734
69.1734
69.1734
69.1734
69.1734
69.1734
69.1734
69.1734
69.1734
69.1734
69.1734
69.1734
69.1734
69.1734
69.1734
69.1734
69.1734
69.1734
69.1734
69.1734
69.1734
69.1734
69.1711
69.1689
69.1643
69.1529
69.1029
69.0597
69.0597
69.0597
69.0597
69.0597
69.0597
69.0597
69.0597
69.0597
69.0597
69.0597
69.0597
69.0597
69.0597
69.0597
69.0597
69.0597
69.0597
69.0597
69.0597
69.0597
69.0597
69.0597
69.0597
69.0597
69.0597
69.0597
69.0597
69.0597
69.0597
69.0597
69.0597
69.0597
69.0597
69.0597
69.0597
69.0597
69.0597
69.0597
69.0597
69.0597
69.0597
69.0597
69.0597
69.0597
69.0597
69.0597
69.0597
69.0597
69.0597
69.0597
69.0597
69.0597
69.0597
69.0597
69.0597
69.0597
69.0597
69.0597
69.0597
69.0597
69.0597
69.0597
69.0597
69.0597
69.0597
69.0597
69.0597
69.0597
69.0597
69.0597
69.0597
69.0597
69.0597
69.0597
69.0597
69.0597
69.0597
69.0597
69.0597
69.0597
69.0597
69.0597
69.0597
69.0597
69.0597
69.0597
69.0597
69.0597
69.0597
69.0597
69.0597
69.0597
69.0597
69.0597
69.0597
69.0597
69.0597
69.0597
69.0597
69.0597
69.0597
69.0597
69.0597
69.0597
69.0538
69.0422
68.978
68.7679
68.7679
68.7679
68.7679
68.7679
68.7679
68.7679
68.7679
68.7679
68.7679
68.7679
68.7679
68.7679
68.7679
68.7679
68.7679
68.7679
68.7679
68.7679
68.7679
68.7679
68.7679
68.7679
68.7679
68.7679
68.7679
68.7679
68.7679
68.7679
68.7679
68.7679
68.7679
68.7679
68.7679
68.7679
68.7679
68.7679
68.7679
68.7679
68.7679
68.7679
68.7679
68.7679
68.7679
68.7679
68.7679
68.7679
68.7679
68.7679
68.7679
68.7679
68.7679
68.7679
68.7679
68.7679
68.7679
68.7679
68.7679
68.7679
68.7679
68.7679
68.7679
68.7679
68.7679
68.7679
68.7679
68.7679
68.7679
68.7679
68.7679
68.7679
68.7679
68.7679
68.7679
68.7679
68.7679
68.7679
68.7679
68.7679
68.7679
68.7679
68.7679
68.7679
68.7679
68.7679
68.7679
68.7679
68.7679
68.7679
68.7679
68.7679
68.7679
68.7679
68.7679
68.7679
68.7679
68.7679
68.7679
68.7679
68.7679
68.7679
68.7679
68.7679
68.7679
68.7679
68.7679
68.7679
68.7679
68.7679
68.7679
68.7679
68.7679
68.7679
68.7679
68.7679
68.7679
68.7679
68.7679
68.7679
68.7679
68.7679
68.7679
68.7679
68.7679
68.7679
68.7679
68.7679
68.7679
68.7679
68.7679
68.7679
68.7679
68.7679
68.7679
68.7679
68.7679
68.7679
68.7679
68.7679
68.7679
68.7679
68.7679
68.7679
68.7679
68.7679
68.7679
68.7679
68.7679
68.7679
68.7679
68.7679
68.7679
68.7679
68.7679
68.7679
68.7679
68.7679
68.7679
68.7679
68.7679
68.7679
68.7679
68.7679
68.7679
68.7679
68.7679
68.7679
68.7679
68.7679
68.7679
68.7679
68.7679
68.7679
68.7679
68.7679
68.7679
68.7679
68.7679
68.7679
68.7679
68.7679
68.7679
68.7679
68.7679
68.7679
68.7679
68.7679
68.7679
68.7679
68.7679
68.7679
68.7679
68.7679
68.7679
68.7679
68.7679
68.7679
68.7679
68.7679
68.7679
68.7679
68.7679
68.7679
68.7679
68.7679
68.7679
68.7679
68.7679
68.7679
68.7679
68.7679
68.7679
68.7679
68.7679
68.7679
68.7679
68.7679
68.7679
68.7679
68.7679
68.7679
68.7679
68.7679
68.7679
68.7679
68.7679
68.7679
68.7679
68.7679
68.7679
68.7679
68.7679
68.7679
68.7679
68.7679
68.7679
68.7679
68.7679
68.7679
68.7679
68.7679
68.7679
68.7679
68.7679
68.7679
68.7679
68.7679
68.7679
68.7679
68.7679
68.7679
68.7679
68.7679
68.7679
68.7679
68.7679
68.7679
68.7679
68.7679
68.7679
68.7679
68.7679
68.7679
68.7679
68.7679
68.7679
68.7679
68.7679
68.7679
68.7679
68.7679
68.7679
68.7679
68.7679
68.7679
68.7679
68.7679
68.7679
68.7679
68.7679
68.7679
68.7679
68.7679
68.7679
68.7679
68.7679
68.7679
68.7679
68.7679
68.7679
68.7679
68.7679
68.7679
68.7679
68.7679
68.7679
68.7679
68.7679
68.7679
68.7679
68.7679
68.7679
68.7679
68.7679
68.7679
68.7679
68.7679
68.7679
68.7679
68.7679
68.7679
68.7679
68.7679
68.7679
68.7679
68.7679
68.7679
68.7679
68.7679
68.7679
68.7679
68.7679
68.7679
68.7679
68.7679
68.7679
68.7679
68.7679
68.7679
68.7679
68.7679
68.7679
68.7679
68.7679
68.7679
68.7679
68.7679
68.7679
68.7679
68.7679
68.7679
68.7679
68.7679
68.7679
68.7679
68.7679
68.7679
68.7679
68.7679
68.7679
68.7679
68.7679
68.7679
68.7679
68.7679
68.7679
68.7679
68.7679
68.7679
68.7679
68.7679
68.7679
68.7679
68.7679
68.7679
68.7679
68.7679
68.7679
68.7679
68.7679
68.7679
68.7679
68.7679
68.7679
68.7679
68.7679
68.7679
68.7679
68.7679
68.7679
68.7679
68.7679
68.7679
68.7679
68.7679
68.7679
68.7679
68.7679
68.7679
68.7679
68.7679
68.7679
68.7679
68.7679
68.7679
68.7679
68.7679
68.7679
68.7679
68.7679
68.7679
68.7679
68.7679
68.7679
68.7679
68.7679
68.7679
68.7679
68.7679
68.7679
68.7679
68.7679
68.7679
68.7679
68.7679
68.7679
68.7679
68.7679
68.7679
68.7679
68.7679
68.7679
68.7679
68.7679
68.7679
68.7679
68.7679
68.7679
68.7679
68.7679
68.7679
68.7679
68.7679
68.7679
68.7679
68.7679
68.7679
68.7679
68.7679
68.7679
68.7679
68.7679
68.7679
68.7679
68.7679
68.7679
68.7679
68.7679
68.7679
68.7679
68.7679
68.7679
68.7679
68.7679
68.7679
68.7679
68.7679
68.7679
68.7679
68.7679
68.7679
68.7679
68.7679
68.7679
68.7679
68.7679
68.7679
68.7679
68.7679
68.7679
68.7679
68.7679
68.7679
68.7679
68.7679
68.7679
68.7679
68.7679
68.7679
68.7679
68.7679
68.7679
68.7679
68.7679
68.7679
68.7679
68.7679
68.7679
68.7679
68.7679
68.7679
68.7679
68.7679
68.7679
68.7679
68.7679
68.7679
68.7679
68.7679
68.7679
68.7679
68.7679
68.7679
68.7679
68.7679
68.7679
68.7679
68.7679
68.7679
68.7679
68.7679
68.7679
68.7679
68.7679
68.7679
68.7679
68.7679
68.7679
68.7679
68.7679
68.7679
68.7679
68.7679
68.7679
68.7679
68.7679
68.7679
68.7679
68.7679
68.7679
68.7679
68.7679
68.7679
68.7679
68.7679
68.7679
68.7679
68.7679
68.7679
68.7679
68.7679
68.7679
68.7679
68.7679
68.7679
68.7679
68.7679
68.7679
68.7679
68.7679
68.7679
68.7679
68.7679
68.7679
68.7679
68.7679
68.7679
68.7679
68.7679
68.7679
68.7679
68.7679
68.7679
68.7679
68.7679
68.7679
68.7679
68.7679
68.7679
68.7679
68.7679
68.7679
68.7679
68.7679
68.7679
68.7679
68.7679
68.7679
68.7679
68.7679
68.7679
68.7679
68.7679
68.7679
68.7679
68.7679
68.7679
68.7679
68.7679
68.7679
68.7679
68.7679
68.7679
68.7679
68.7679
68.7679
68.7679
68.7679
68.7679
68.7679
68.7679
68.7679
68.7679
68.7679
68.7679
68.7679
68.7679
68.7679
68.7679
68.7679
68.7679
68.7679
68.7679
68.7679
68.7679
68.7679
68.7679
68.7679
68.7679
68.7679
68.7679
68.7679
68.7679
68.7679
68.7679
68.7679
68.7679
68.7679
68.7679
68.7679
68.7679
68.7679
68.7679
68.7679
68.7679
68.7679
68.7679
68.7679
68.7679
68.7679
68.7679
68.7679
68.7679
68.7679
68.7679
68.7679
68.7679
68.7679
68.7679
68.7679
68.7679
68.7679
68.7679
68.7679
68.7679
68.7679
68.7679
68.7679
68.7679
68.7679
68.7679
68.7679
68.7679
68.7679
68.7679
68.7679
68.7679
68.7679
68.7679
68.7679
68.7679
68.7679
68.7679
68.7679
68.7679
68.7679
68.7679
68.7679
68.7679
68.7679
68.7679
68.7679
68.7679
68.7679
68.7679
68.7679
68.7679
68.7679
68.7679
68.7679
68.7679
68.7679
68.7679
68.7679
68.7679
68.7679
68.7679
68.7679
68.7679
68.7679
68.7679
68.7679
68.7679
68.7679
68.7679
68.7679
68.7679
68.7679
68.7679
68.7679
68.7679
68.7679
68.7679
68.7679
68.7679
68.7679
68.7679
68.7679
68.7679
68.7679
68.7679
68.7679
68.7679
68.7679
68.7679
68.7679
68.7679
68.7679
68.7679
68.7679
68.7679
68.7679
68.7679
68.7679
68.7679
68.7679
68.7679
68.7679
68.7679
68.7679
68.7679
68.7679
68.7679
68.7679
68.7679
68.7679
68.7679
68.7679
68.7679
68.7679
68.7679
68.7679
68.7679
68.7679
68.7679
68.7679
68.7679
68.7679
68.7679
68.7679
68.7679
68.7679
68.7679
68.7679
68.7679
68.7679
68.7679
68.7679
68.7679
68.7679
68.7679
68.7679
68.7679
68.7679
68.7679
68.7679
68.7679
68.7679
68.7679
68.7679
68.7679
68.7679
68.7679
68.7679
68.7679
68.7679
68.7679
68.7679
68.7679
68.7679
68.7679
68.7679
68.7679
68.7679
68.7679
68.7679
68.7679
68.7679
68.7679
68.7679
68.7679
68.7679
68.7679
68.7679
68.7679
68.7679
68.7679
68.7679
68.7679
68.7679
68.7679
68.7679
68.7679
68.7679
68.7679
68.7679
68.7679
68.7679
68.7679
68.7679
68.7679
68.7679
68.7679
68.7679
68.7679
68.7679
68.7679
68.7679
68.7679
68.7679
68.7679
68.7679
68.7679
68.7679
68.7679
68.7679
68.7679
68.7679
68.7679
68.7679
68.7679
68.7679
68.7679
68.7679
68.7679
68.7679
68.7679
68.7679
68.7679
68.7679
68.7679
68.7679
68.7679
68.7679
68.7679
68.7679
68.7679
68.7679
68.7679
68.7679
68.7679
68.7679
68.7679
68.7679
68.7679
68.7679
68.7679
68.7679
68.7679
68.7679
68.7679
68.7679
68.7679
68.7679
68.7679
68.7679
68.7679
68.7679
68.7679
68.7679
68.7679
68.7679
68.7679
68.7679
68.7679
68.7679
68.7679
68.7679
68.7679
68.7679
68.7679
68.7679
68.7679
68.7679
68.7679
68.7679
68.7679
68.7679
68.7679
68.7679
68.7679
68.7679
68.7679
68.7679
68.7679
68.7679
68.7679
68.7679
68.7679
68.7679
68.7679
68.7679
68.7679
68.7679
68.7679
68.7679
68.7679
68.7679
68.7679
68.7679
68.7679
68.7679
68.7679
68.7679
68.7679
68.7679
68.7679
68.7679
68.7679
68.7679
68.7679
68.7679
68.7679
68.7679
68.7679
68.7679
68.7679
68.7679
68.7679
68.7679
68.7679
68.7679
68.7679
68.7679
68.7679
68.7679
68.7679
68.7679
68.7679
68.7679
68.7679
68.7679
68.7679
68.7679
68.7679
68.7679
68.7679
68.7679
68.7679
68.7679
68.7679
68.7679
68.7679
68.7679
68.7679
68.7679
68.7679
68.7679
68.7679
68.7679
68.7679
68.7679
68.7679
68.7679
68.7679
68.7679
68.7679
68.7679
68.7679
68.7679
68.7679
68.7679
68.7679
68.7679
68.7679
68.7679
68.7679
68.7679
68.7679
68.7679
68.7679
68.7679
68.7679
68.7679
68.7679
68.7679
68.7679
68.7679
68.7679
68.7679
68.7679
68.7679
68.7679
68.7679
68.7679
68.7679
68.7679
68.7679
68.7679
68.7679
68.7679
68.7679
68.7679
68.7679
68.7679
68.7679
68.7679
68.7679
68.7679
68.7679
68.7679
68.7679
68.7679
68.7679
68.7679
68.7679
68.7679
68.7679
68.7679
68.7679
68.7679
68.7679
68.7679
68.7679
68.7679
68.7679
68.7679
68.7679
68.7679
68.7679
68.7679
68.7679
68.7679
68.7679
68.7679
68.7679
68.7679
68.7679
68.7679
68.7679
68.7679
68.7679
68.7679
68.7679
68.7679
68.7679
68.7679
68.7679
68.7679
68.7679
68.7679
68.7679
68.7679
68.7679
68.7679
68.7679
68.7679
68.7679
68.7679
68.7679
68.7679
68.7679
68.7679
68.7679
68.7679
68.7679
68.7679
68.7679
68.7679
68.7679
68.7679
68.7679
68.7679
68.7679
68.7679
68.7679
68.7679
68.7679
68.7679
68.7679
68.7679
68.7679
68.7679
68.7679
68.7679
68.7679
68.7679
68.7679
68.7679
68.7679
68.7679
68.7679
68.7679
68.7679
68.7679
68.7679
68.7679
68.7679
68.7679
68.7679
68.7679
68.7679
68.7679
68.7679
68.7679
68.7679
68.7679
68.7679
68.7679
68.7679
68.7679
68.7679
68.7679
68.7679
68.7679
68.7679
68.7679
68.7679
68.7679
68.7679
68.7679
68.7679
68.7679
68.7679
68.7679
68.7679
68.7679
68.7679
68.7679
68.7679
68.7679
68.7679
68.7679
68.7679
68.7679
68.7679
68.7679
68.7679
68.7679
68.7679
68.7679
68.7679
68.7679
68.7679
68.7679
68.7679
68.7679
68.7679
68.7679
68.7679
68.7679
68.7679
68.7679
68.7679
68.7679
68.7679
68.7679
68.7679
68.7679
68.7679
68.7679
68.7679
68.7679
68.7679
68.7679
68.7679
68.7679
68.7679
68.7679
68.7679
68.7679
68.7679
68.7679
68.7679
68.7679
68.7679
68.7679
68.7679
68.7679
68.7679
68.7679
68.7679
68.7679
68.7679
68.7679
68.7679
68.7679
68.7679
68.7679
68.7679
68.7679
68.7679
68.7679
68.7679
68.7679
68.7679
68.7679
68.7679
68.7679
68.7679
68.7679
68.7679
68.7679
68.7679
68.7679
68.7679
68.7679
68.7679
68.7679
68.7679
68.7679
68.7679
68.7679
68.7679
68.7679
68.7679
68.7679
68.7679
68.7679
68.7679
68.7679
68.7679
68.7679
68.7679
68.7679
68.7679
68.7679
68.7679
68.7679
68.7679
68.7679
68.7679
68.7679
68.7679
68.7679
68.7679
68.7679
68.7679
68.7679
68.7679
68.7679
68.7679
68.7679
68.7679
68.7679
68.7679
68.7679
68.7679
68.7679
68.7679
68.7679
68.7679
68.7646
68.7518
68.7422
68.6683
68.6073
68.6073
68.6073
68.6073
68.6073
68.6073
68.6073
68.6073
68.6073
68.6073
68.6073
68.6073
68.6073
68.6073
68.6073
68.6073
68.6073
68.6073
68.6073
68.6073
68.6073
68.6073
68.6073
68.6073
68.6073
68.6073
68.6073
68.6073
68.6073
68.6073
68.6073
68.6073
68.6073
68.6073
68.6073
68.6073
68.6073
68.6073
68.6073
68.6073
68.6073
68.6073
68.6073
68.6073
68.6073
68.6073
68.6073
68.6073
68.6073
68.6073
68.6073
68.6073
68.6073
68.6073
68.6073
68.6073
68.6073
68.6073
68.6073
68.6073
68.6073
68.6073
68.6073
68.6073
68.6073
68.6073
68.6073
68.6073
68.6073
68.6073
68.6073
68.6073
68.6073
68.6073
68.6073
68.6073
68.6073
68.6073
68.6073
68.6073
68.6073
68.6073
68.6073
68.6073
68.6073
68.6073
68.6073
68.6073
68.6073
68.6073
68.6073
68.6073
68.6073
68.6073
68.6073
68.6073
68.6073
68.6073
68.6073
68.6073
68.6073
68.6073
68.6073
68.6073
68.6073
68.6073
68.6073
68.6073
68.6073
68.6073
68.6073
68.6073
68.6073
68.6073
68.6073
68.6073
68.6073
68.6073
68.6073
68.6073
68.6073
68.6073
68.6073
68.6073
68.6073
68.6073
68.6073
68.6073
68.6073
68.6073
68.6073
68.6073
68.6073
68.6073
68.6073
68.6073
68.6073
68.6073
68.6073
68.6073
68.6073
68.6073
68.6073
68.6073
68.6073
68.6073
68.6073
68.6073
68.6073
68.6073
68.6073
68.6073
68.6073
68.6073
68.6073
68.6073
68.6073
68.6073
68.6073
68.6073
68.6073
68.6073
68.6073
68.6073
68.6073
68.6073
68.6073
68.6073
68.6073
68.6073
68.6073
68.6073
68.6073
68.6073
68.6073
68.6073
68.6073
68.6073
68.6073
68.6073
68.6073
68.6073
68.6073
68.6073
68.6073
68.6073
68.6073
68.6073
68.6073
68.6073
68.6073
68.6073
68.6073
68.6073
68.6073
68.6073
68.6073
68.6073
68.6073
68.6073
68.6073
68.6073
68.6073
68.6073
68.6073
68.6073
68.6073
68.6073
68.6073
68.6073
68.6073
68.6073
68.6073
68.6073
68.6073
68.6073
68.6073
68.6073
68.6073
68.6073
68.6073
68.6073
68.6073
68.6073
68.6073
68.6073
68.6073
68.6073
68.6073
68.6073
68.6073
68.6073
68.6073
68.6073
68.6073
68.6073
68.6073
68.6073
68.6073
68.6073
68.6073
68.6073
68.6073
68.6073
68.6073
68.6073
68.6073
68.6073
68.6073
68.6073
68.6073
68.6073
68.6073
68.6073
68.6073
68.6073
68.6073
68.6073
68.6073
68.6073
68.6073
68.6073
68.6073
68.6073
68.6073
68.6073
68.6073
68.6073
68.6073
68.6073
68.6073
68.6073
68.6073
68.6073
68.6073
68.6073
68.6073
68.6073
68.6073
68.6073
68.6073
68.6073
68.6073
68.6073
68.6073
68.6073
68.6073
68.6073
68.6073
68.6073
68.6073
68.6073
68.6073
68.6073
68.6073
68.6073
68.6073
68.6073
68.6073
68.6073
68.6073
68.6073
68.6073
68.6073
68.6073
68.6073
68.6073
68.6073
68.6073
68.6073
68.6073
68.6073
68.6073
68.6073
68.6073
68.6073
68.6073
68.6073
68.6073
68.6073
68.6073
68.6073
68.6073
68.6073
68.6073
68.6073
68.6073
68.6073
68.6073
68.6073
68.6073
68.6073
68.6073
68.6073
68.6073
68.6073
68.6073
68.6073
68.6073
68.6073
68.6073
68.6073
68.6073
68.6073
68.6073
68.6073
68.6073
68.6073
68.6073
68.6073
68.6073
68.6073
68.6073
68.6073
68.6073
68.6073
68.6073
68.6073
68.6073
68.6073
68.6073
68.6073
68.6073
68.6073
68.6073
68.6073
68.6073
68.6073
68.6073
68.6073
68.6073
68.6073
68.6073
68.6073
68.6073
68.6073
68.6073
68.6073
68.6073
68.6073
68.6073
68.6073
68.6073
68.6073
68.6073
68.6073
68.6262
68.6073
68.6073
68.6073
68.6073
68.6073
68.6073
68.6073
68.6073
68.6073
68.6073
68.6073
68.6073
68.6073
68.6073
68.6073
68.6073
68.6073
68.6073
68.6073
68.6073
68.6073
68.6073
68.6073
68.6073
68.6073
68.6073
68.6073
68.6073
68.6073
68.6073
68.6073
68.6073
68.6073
68.6073
68.6073
68.6073
68.6073
68.6073
68.6073
68.6073
68.6073
68.6073
68.6073
68.6073
68.6073
68.6073
68.6073
68.6073
68.6073
68.6073
68.6073
68.6073
68.6073
68.6073
68.6073
68.6073
68.6073
68.6073
68.6073
68.6073
68.6073
68.6073
68.6073
68.6073
68.6073
68.6073
68.6073
68.6073
68.6073
68.6073
68.6073
68.6073
68.6073
68.6073
68.6073
68.6073
68.6073
68.6073
68.6073
68.6073
68.6073
68.6073
68.6073
68.6073
68.6073
68.6073
68.6073
68.6073
68.6073
68.6073
68.6073
68.6073
68.6073
68.6073
68.6073
68.6073
68.6073
68.6073
68.6073
68.6073
68.6073
68.6073
68.6073
68.6073
68.6073
68.6073
68.6073
68.6073
68.6073
68.6073
68.6073
68.6073
68.6073
68.6073
68.6073
68.6073
68.6073
68.6073
68.6073
68.6073
68.6073
68.6073
68.6073
68.6073
68.6073
68.6073
68.6073
68.6073
68.6073
68.6073
68.6073
68.6073
68.6073
68.6073
68.6073
68.6073
68.6073
68.6073
68.6073
68.6073
68.6073
68.6073
68.6073
68.6073
68.6073
68.6073
68.6073
68.6073
68.6073
68.6073
68.6073
68.6073
68.6073
68.6073
68.6073
68.6073
68.6073
68.6073
68.6073
68.8228
68.6073
68.6073
68.6073
68.6073
68.6073
68.6073
68.6073
68.6073
68.6073
68.6073
68.6073
68.6073
68.6073
68.5904
68.5567
68.4722
68.1007
67.763
67.763
67.763
67.763
67.763
67.763
67.763
67.763
67.763
67.763
67.763
67.763
67.763
67.763
67.763
67.763
67.763
67.763
67.763
67.763
67.763
67.763
67.763
67.763
67.763
67.763
67.763
67.763
67.763
67.763
67.763
67.763
67.763
67.763
67.763
67.763
67.763
67.763
67.763
67.763
67.763
67.763
67.763
67.763
67.763
67.763
67.763
67.763
67.763
67.763
67.763
67.763
67.763
67.763
67.763
67.763
67.763
67.763
67.763
67.763
67.763
67.763
67.763
67.763
67.763
67.763
67.763
67.763
67.763
67.763
67.763
67.763
67.763
67.763
67.763
67.763
67.763
67.763
67.763
67.763
67.763
67.763
67.763
67.763
67.763
67.763
67.763
67.763
67.763
67.763
67.763
67.763
67.763
67.763
67.763
67.763
67.763
67.763
67.763
67.763
67.763
67.763
67.763
67.763
67.763
67.763
67.763
67.763
67.763
67.763
67.763
67.763
67.763
67.763
67.763
67.763
67.763
67.763
67.763
67.763
67.763
67.763
67.763
67.763
67.763
67.763
67.763
67.763
67.763
67.763
67.763
67.763
67.763
67.763
67.763
67.763
67.763
67.763
67.763
67.763
67.763
67.763
67.763
67.763
67.763
67.763
67.763
67.763
67.763
67.763
67.763
67.763
67.763
67.763
67.763
67.763
67.763
67.763
67.763
67.763
67.763
67.763
67.763
67.763
67.763
67.763
67.763
67.763
67.763
67.763
67.763
67.763
67.763
67.763
67.763
67.763
67.763
67.763
67.763
67.763
67.763
67.763
67.763
67.763
67.763
67.763
67.763
67.763
67.763
67.763
67.763
67.763
67.763
67.763
67.763
67.763
67.763
67.763
67.763
67.763
67.763
67.763
67.763
67.763
67.763
67.763
67.763
67.763
67.763
67.763
67.763
67.763
67.763
67.763
67.763
67.763
67.763
67.763
67.763
67.763
67.763
67.763
67.763
67.763
67.763
67.763
67.763
67.763
67.763
67.763
67.763
67.763
67.763
67.763
67.763
67.763
67.763
67.763
67.763
67.763
67.763
67.763
67.763
67.763
67.763
67.763
67.763
67.763
67.763
67.763
67.763
67.763
67.763
67.763
67.763
67.763
67.763
67.763
67.763
67.763
67.763
67.763
67.763
67.763
67.763
67.763
67.763
67.763
67.763
67.763
67.763
67.763
67.763
67.763
67.763
67.763
67.763
67.763
67.763
67.763
67.763
67.763
67.763
67.763
67.763
67.763
67.763
67.763
67.763
67.763
67.763
67.763
67.763
67.763
67.763
67.763
67.763
67.763
67.763
67.763
67.763
67.763
67.763
67.763
67.763
67.763
67.763
67.763
67.763
67.763
67.763
67.763
67.763
67.763
67.763
67.763
67.763
67.763
67.763
67.763
67.763
67.763
67.763
67.763
67.763
67.763
67.763
67.763
67.763
67.763
67.763
67.763
67.763
67.763
67.763
67.763
67.763
67.763
67.763
67.763
67.763
67.763
67.763
67.763
67.763
67.763
67.763
67.763
67.763
67.763
67.763
67.763
67.763
67.763
67.763
67.763
67.763
67.763
67.763
67.763
67.763
67.763
67.763
67.763
67.763
67.763
67.763
67.763
67.763
67.763
67.763
67.763
67.763
67.763
67.763
67.763
67.763
67.763
67.763
67.763
67.763
67.763
67.763
67.763
67.763
67.763
67.763
67.763
67.763
67.763
67.763
67.763
67.763
67.763
67.763
67.763
67.763
67.763
67.763
67.763
67.763
67.763
67.763
67.763
67.763
67.763
67.763
67.763
67.763
67.763
67.763
67.763
67.763
67.763
67.763
67.763
67.763
67.763
67.763
67.763
67.763
67.763
67.763
67.763
67.763
67.763
67.763
67.763
67.763
67.763
67.763
67.763
67.763
67.763
67.763
67.763
67.763
67.763
67.763
67.763
67.763
67.763
67.763
67.763
67.763
67.763
67.763
67.763
67.763
67.763
67.763
67.763
67.763
67.763
67.763
67.763
67.763
67.763
67.763
67.763
67.763
67.763
67.763
67.763
67.763
67.763
67.763
67.763
67.763
67.763
67.763
67.763
67.763
67.763
67.763
67.763
67.763
67.763
67.763
67.763
67.763
67.763
67.763
67.763
67.763
67.763
67.763
67.763
67.763
67.763
67.763
67.763
67.763
67.763
67.763
67.763
67.763
67.763
67.763
67.763
67.763
67.763
67.763
67.763
67.763
67.763
67.763
67.763
67.763
67.763
67.763
67.763
67.763
67.763
67.763
67.763
67.763
67.763
67.763
67.763
67.763
67.763
67.763
67.763
67.763
67.763
67.763
67.763
67.763
67.763
67.763
67.763
67.763
67.763
67.763
67.763
67.763
67.763
67.763
67.763
67.763
67.763
67.763
67.763
67.763
67.763
67.763
67.763
67.763
67.763
67.763
67.763
67.763
67.763
67.763
67.763
67.763
67.763
67.763
67.763
67.763
67.763
67.763
67.763
67.763
67.763
67.763
67.763
67.763
67.763
67.763
67.763
67.763
67.763
67.763
67.763
67.763
67.763
67.763
67.763
67.763
67.763
67.763
67.763
67.763
67.763
67.763
67.763
67.763
67.763
67.763
67.763
67.763
67.763
67.763
67.763
67.763
67.763
67.763
67.763
67.763
67.763
67.763
67.763
67.763
67.763
67.763
67.763
67.763
67.763
67.763
67.763
67.763
67.763
67.763
67.763
67.763
67.763
67.763
67.763
67.763
67.763
67.763
67.763
67.763
67.763
67.763
67.763
67.763
67.763
67.763
67.763
67.763
67.763
67.763
67.763
67.763
67.763
67.763
67.763
67.763
67.763
67.763
67.763
67.763
67.763
67.763
67.763
67.763
67.763
67.763
67.763
67.763
67.763
67.763
67.763
67.763
67.763
67.763
67.763
67.763
67.763
67.763
67.763
67.763
67.763
67.763
67.763
67.763
67.763
67.763
67.763
67.763
67.763
67.763
67.8495
67.763
67.763
67.763
67.763
67.763
67.763
67.763
67.763
67.763
67.763
67.763
67.763
67.763
67.763
67.763
67.763
67.763
67.763
67.763
67.763
67.763
67.763
67.763
67.763
67.763
67.763
67.763
67.763
67.763
67.763
67.763
67.763
67.763
67.763
67.763
67.763
67.763
67.763
67.763
67.763
67.763
67.763
67.763
67.763
67.763
67.763
67.763
67.763
67.763
67.763
67.763
67.763
67.763
67.763
67.763
67.763
67.763
67.763
67.763
67.763
67.763
67.763
67.763
67.763
67.763
67.763
67.763
67.763
67.763
67.763
67.763
67.763
67.763
67.763
67.763
67.763
67.763
67.763
67.763
67.763
67.763
67.763
67.763
67.763
67.763
67.763
67.763
67.763
67.763
67.763
67.763
67.763
67.763
67.763
67.763
67.763
67.763
67.763
67.763
67.763
67.763
67.763
67.763
67.763
67.763
67.763
67.763
67.763
67.763
67.763
67.763
67.763
67.763
67.763
67.763
67.763
67.763
67.763
67.763
67.763
67.763
67.763
67.763
67.763
67.763
67.763
67.763
67.763
67.763
67.763
67.763
67.763
67.763
67.763
67.763
67.763
67.763
67.763
67.763
67.763
67.763
67.763
67.763
67.763
67.763
67.763
67.763
67.763
67.763
67.763
67.763
67.763
67.763
67.763
67.763
67.763
67.763
67.763
67.763
67.763
67.763
67.763
67.763
67.763
67.763
67.763
67.763
67.763
67.763
67.763
67.763
67.763
67.763
67.763
67.763
67.763
67.763
67.763
67.763
67.763
67.763
67.763
67.763
67.763
67.763
67.763
67.763
67.763
67.763
67.763
67.763
67.763
67.763
67.763
67.763
67.763
67.763
67.763
67.763
67.763
67.763
67.763
67.763
67.763
67.763
67.763
67.763
67.763
67.763
67.763
67.763
67.763
67.763
67.763
67.763
67.763
67.763
67.763
67.763
67.763
67.763
67.763
67.763
67.763
67.763
67.763
67.763
67.763
67.763
67.763
67.763
67.763
67.763
67.763
67.763
67.763
67.763
67.763
67.763
67.763
67.763
67.763
67.763
67.763
67.763
67.763
67.763
67.763
67.763
67.763
67.763
67.763
67.763
67.763
67.763
67.763
67.763
67.763
67.763
67.763
67.763
67.763
67.763
67.763
67.763
67.763
67.763
67.763
67.763
67.763
67.763
67.763
67.763
67.763
67.763
67.763
67.763
67.763
67.763
67.763
67.763
67.763
67.763
67.763
67.763
67.763
67.763
67.763
67.763
67.763
67.763
67.763
67.763
67.763
67.763
67.763
67.763
67.763
67.763
67.763
67.763
67.763
67.763
67.763
67.763
67.763
67.763
67.763
67.763
67.763
67.763
67.763
67.763
67.763
67.763
67.763
67.763
67.763
67.763
67.763
67.763
67.763
67.763
67.763
67.763
67.763
67.763
67.763
67.763
67.763
67.763
67.763
67.763
67.763
67.763
67.763
67.763
67.763
67.763
67.763
67.763
67.763
67.763
67.763
67.763
67.763
67.763
67.763
67.763
67.763
67.763
67.763
67.763
67.763
67.763
67.763
67.763
67.763
67.763
67.763
67.763
67.763
67.763
67.763
67.763
67.763
67.763
67.763
67.763
67.763
67.763
67.763
67.763
67.763
67.763
67.763
67.763
67.763
67.763
67.763
67.763
67.763
67.763
67.763
67.763
67.763
67.763
67.763
67.763
67.763
67.763
67.763
67.763
67.763
67.763
67.763
67.763
67.763
67.763
67.763
67.763
67.763
67.763
67.763
67.763
67.763
67.763
67.763
67.763
67.763
67.763
67.763
67.763
67.763
67.763
67.763
67.763
67.763
67.763
67.763
67.763
67.763
67.763
67.763
67.763
67.763
67.763
67.763
67.763
67.763
67.763
67.763
67.763
67.763
67.763
67.763
67.763
67.763
67.763
67.763
67.763
67.763
67.763
67.763
67.763
67.763
67.763
67.763
67.763
67.763
67.763
67.763
67.763
67.763
67.763
67.763
67.763
67.763
67.763
67.763
67.763
67.763
67.763
67.763
67.763
67.763
67.763
67.763
67.763
67.763
67.763
67.763
67.763
67.763
67.763
67.763
67.763
67.763
67.763
67.763
67.763
67.763
67.763
67.763
67.763
67.763
67.763
67.763
67.763
67.763
67.763
67.763
67.763
67.763
67.763
67.763
67.763
67.763
67.763
67.763
67.763
67.763
67.763
67.763
67.763
67.763
67.763
67.763
67.763
67.763
67.763
67.763
67.763
67.763
67.763
67.763
67.763
67.763
67.763
67.763
67.763
67.763
67.763
67.763
67.763
67.763
67.763
67.763
67.763
67.763
67.763
67.763
67.763
67.763
67.763
67.763
67.763
67.763
67.763
67.763
67.763
67.763
67.763
67.763
67.763
67.763
67.763
67.763
67.763
67.763
67.763
67.763
67.763
67.763
67.763
67.763
67.763
67.763
67.763
67.763
67.763
67.763
67.763
67.763
67.763
67.763
67.763
67.763
67.763
67.763
67.763
67.763
67.763
67.763
67.763
67.763
67.763
67.763
67.763
67.763
67.763
67.763
67.763
67.763
67.763
67.763
67.763
67.763
67.763
67.763
67.763
67.763
67.763
67.763
67.763
67.763
67.763
67.763
67.763
67.763
67.763
67.763
67.763
67.763
67.763
67.763
67.763
67.763
67.763
67.763
67.763
67.763
67.763
67.763
67.763
67.763
67.763
67.763
67.763
67.763
67.763
67.763
67.763
67.763
67.763
67.763
67.763
67.763
67.763
67.763
67.763
67.763
67.763
67.763
67.763
67.763
67.763
67.763
67.763
67.763
67.763
67.763
67.763
67.763
67.763
67.763
67.763
67.763
67.763
67.763
67.763
67.763
67.763
67.763
67.763
67.763
67.763
67.763
67.763
67.763
67.763
67.763
67.763
67.763
67.763
67.763
67.763
67.763
67.763
67.763
67.763
67.763
67.763
67.763
67.763
67.763
67.763
67.763
67.763
67.763
67.763
67.763
67.763
67.763
67.763
67.763
67.763
67.763
67.763
67.763
67.763
67.763
67.763
67.763
67.763
67.763
67.763
67.763
67.763
67.763
67.763
67.763
67.763
67.763
67.763
67.763
67.763
67.763
67.763
67.763
67.763
67.763
67.763
67.763
67.763
67.763
67.763
67.763
67.763
67.763
67.763
67.763
67.763
67.763
67.763
67.763
67.763
67.763
67.763
67.763
67.763
67.763
67.763
67.763
67.763
67.763
67.763
67.763
67.763
67.763
67.763
67.763
67.763
67.763
67.763
67.763
67.763
67.763
67.763
67.763
67.763
67.763
67.763
67.763
67.763
67.763
67.763
67.763
67.763
67.763
67.763
67.763
67.763
67.763
67.763
67.763
67.763
67.763
67.763
67.763
67.763
67.763
67.763
67.763
67.763
67.763
67.763
67.763
67.763
67.763
67.763
67.763
67.763
67.763
67.763
67.763
67.763
67.763
67.763
67.763
67.763
67.763
67.763
67.763
67.763
67.763
67.763
67.763
67.763
67.763
67.763
67.763
67.763
67.763
67.763
67.763
67.763
67.763
67.763
67.763
67.763
67.763
67.763
67.763
67.763
67.763
67.763
67.763
67.763
67.763
67.763
67.763
67.763
67.763
67.763
67.763
67.763
67.763
67.763
67.763
67.763
67.763
67.763
67.763
67.763
67.763
67.763
67.763
67.763
67.763
67.763
67.763
67.763
67.763
67.763
67.763
67.763
67.763
67.763
67.763
67.763
67.763
67.763
67.763
67.763
67.763
67.763
67.763
67.763
67.763
67.763
67.763
67.763
67.763
67.763
67.763
67.763
67.763
67.763
67.763
67.763
67.763
67.763
67.763
67.763
67.763
67.763
67.763
67.763
67.763
67.763
67.763
67.763
67.763
67.763
67.763
67.763
67.763
67.763
67.763
67.763
67.763
67.763
67.763
67.763
67.763
67.763
67.763
67.763
67.763
67.763
67.763
67.763
67.763
67.763
67.763
67.763
67.763
67.763
67.763
67.763
67.763
67.763
67.763
67.763
67.763
67.763
67.763
67.763
67.763
67.763
67.763
67.763
67.763
67.763
67.763
67.763
67.763
67.763
67.763
67.763
67.763
67.763
67.763
67.763
67.763
67.763
67.763
67.763
67.763
67.763
67.763
67.763
67.763
67.763
67.763
67.763
67.763
67.763
67.763
67.763
67.763
67.763
67.763
67.763
67.763
67.763
67.763
67.763
67.763
67.763
67.763
67.763
67.763
67.763
67.763
67.763
67.763
67.763
67.763
67.763
67.763
67.763
67.763
67.763
67.763
67.763
67.763
67.763
67.763
67.763
67.763
67.763
67.763
67.763
67.763
67.763
67.763
67.763
67.763
67.763
67.763
67.763
67.763
67.763
67.763
67.763
67.763
67.763
67.763
67.763
67.763
67.763
67.763
67.763
67.763
67.763
67.763
67.763
67.763
67.763
67.763
67.763
67.763
67.763
67.763
67.763
67.763
67.763
67.763
67.763
67.763
67.763
67.763
67.763
67.763
67.763
67.763
67.763
67.763
67.763
67.763
67.763
67.763
67.763
67.763
67.763
67.763
67.763
67.763
67.763
67.763
67.763
67.763
67.763
67.763
67.763
67.763
67.763
67.763
67.763
67.763
67.763
67.763
67.763
67.763
67.763
67.763
67.763
67.763
67.763
67.763
67.763
67.763
67.763
67.763
67.763
67.763
67.763
67.763
67.763
67.763
67.763
67.763
67.763
67.763
67.763
67.763
67.763
67.763
67.763
67.763
67.763
67.763
67.763
67.763
67.763
67.763
67.763
67.763
67.763
67.763
67.763
67.763
67.763
67.763
67.763
67.763
67.763
67.763
67.763
67.763
67.763
67.763
67.763
67.763
67.763
67.763
67.763
67.763
67.763
67.763
67.763
67.763
67.763
67.763
67.763
67.763
67.763
67.763
67.763
67.763
67.763
67.763
67.763
67.763
67.763
67.763
67.763
67.763
67.763
67.763
67.763
67.763
67.763
67.763
67.763
67.763
67.763
67.763
67.763
67.763
67.763
67.763
67.763
67.763
67.763
67.763
67.763
67.763
67.763
67.763
67.763
67.763
67.763
67.763
67.763
67.763
67.763
67.763
67.763
67.763
67.763
67.763
67.763
67.763
67.763
67.763
67.763
67.763
67.763
67.763
67.763
67.763
67.763
67.763
67.763
67.763
67.763
67.763
67.763
67.763
67.763
67.763
67.763
67.763
67.763
67.763
67.763
67.763
67.763
67.763
67.763
67.763
67.763
67.763
67.763
67.763
67.763
67.763
67.763
67.763
67.763
67.763
67.763
67.763
67.763
67.763
67.763
67.763
67.763
67.763
67.763
67.763
67.763
67.763
67.763
67.763
67.763
67.763
67.763
67.763
67.763
67.763
67.763
67.763
67.763
67.763
67.763
67.763
67.763
67.763
67.763
67.763
67.763
67.763
67.763
67.763
67.763
67.763
67.763
67.763
67.763
67.763
67.763
67.763
67.763
67.763
67.763
67.763
67.763
67.763
67.763
67.763
67.763
67.763
67.763
67.763
67.763
67.763
67.763
67.763
67.763
67.763
67.763
67.763
67.763
67.763
67.763
67.763
67.763
67.763
67.763
67.763
67.763
67.763
67.763
67.763
67.763
67.763
67.763
67.763
67.763
67.763
67.763
67.763
67.763
67.763
67.763
67.763
67.763
67.763
67.763
67.763
67.763
67.763
67.763
67.763
67.763
67.763
67.763
67.763
67.763
67.763
67.763
67.763
67.763
67.763
67.763
67.763
67.763
67.763
67.763
67.763
67.763
67.763
67.763
67.763
67.763
67.763
67.763
67.763
67.763
67.763
67.763
67.763
67.763
67.763
67.763
67.763
67.763
67.763
67.763
67.763
67.763
67.763
67.763
67.763
67.763
67.763
67.763
67.763
67.763
67.763
67.763
67.763
67.763
67.763
67.763
67.763
67.763
67.763
67.763
67.763
67.763
67.763
67.763
67.763
67.763
67.763
67.763
67.763
67.763
67.763
67.763
67.763
67.763
67.763
67.763
67.763
67.763
67.763
67.763
67.763
67.763
67.763
67.763
67.763
67.763
67.763
67.763
67.763
67.763
67.763
67.763
67.763
67.763
67.763
67.763
67.763
67.763
67.763
67.763
67.763
67.763
67.763
67.763
67.763
67.763
67.763
67.763
67.763
67.763
67.763
67.763
67.763
67.763
67.763
67.763
67.763
67.763
67.763
67.763
67.763
67.763
67.763
67.763
67.763
67.763
67.763
67.763
67.763
67.763
67.763
67.763
67.763
67.763
67.763
67.763
67.763
67.763
67.763
67.763
67.763
67.763
67.763
67.763
67.763
67.763
67.763
67.763
67.763
67.763
67.763
67.763
67.763
67.763
67.763
67.763
67.763
67.763
67.763
67.763
67.763
67.763
67.763
67.763
67.763
67.763
67.763
67.763
67.763
67.763
67.763
67.763
67.763
67.763
67.763
67.763
67.763
67.763
67.763
67.763
67.763
67.763
67.763
67.763
67.763
67.763
67.763
67.763
67.763
67.763
67.763
67.763
67.763
67.763
67.763
67.763
67.763
67.763
67.763
67.763
67.763
67.763
67.763
67.763
67.763
67.763
67.763
67.763
67.763
67.763
67.763
67.763
67.763
67.763
67.763
67.763
67.763
67.763
67.763
67.763
67.763
67.763
67.763
67.763
67.763
67.763
67.763
67.763
67.763
67.763
67.763
67.763
67.763
67.763
67.763
67.763
67.763
67.763
67.763
67.763
67.763
67.763
67.763
67.763
67.763
67.763
67.763
67.763
67.763
67.763
67.763
67.763
67.763
67.763
67.763
67.763
67.763
67.763
67.763
67.763
67.763
67.763
67.763
67.763
67.763
67.763
67.763
67.763
67.763
67.763
67.763
67.763
67.763
67.763
67.763
67.763
67.763
67.763
67.763
67.763
67.763
67.763
67.763
67.763
67.763
67.763
67.763
67.763
67.763
67.763
67.763
67.763
67.763
67.763
67.763
67.763
67.763
67.763
67.763
67.763
67.763
67.763
67.763
67.763
67.763
67.763
67.763
67.763
67.763
67.763
67.763
67.763
67.763
67.763
67.763
67.763
67.763
67.763
67.763
67.763
67.763
67.763
67.763
67.763
67.763
67.763
67.763
67.763
67.763
67.763
67.763
67.763
67.763
67.763
67.763
67.763
67.763
67.763
67.763
67.763
67.763
67.763
67.763
67.763
67.763
67.763
67.763
67.763
67.763
67.763
67.763
67.763
67.763
67.763
67.763
67.763
67.763
67.763
67.763
67.763
67.763
67.763
67.763
67.763
67.763
67.763
67.763
67.763
67.763
67.763
67.763
67.763
67.763
67.763
67.763
67.763
67.763
67.763
67.763
67.763
67.763
67.763
67.763
67.763
67.763
67.763
67.763
67.763
67.763
67.763
67.763
67.763
67.763
67.763
67.763
67.763
67.763
67.763
67.763
67.763
67.763
67.763
67.763
67.763
67.763
67.763
67.763
67.763
67.763
67.763
67.763
67.763
67.763
67.763
67.763
67.763
67.763
67.763
67.763
67.763
67.763
67.763
67.763
67.763
67.763
67.763
67.763
67.763
67.763
67.763
67.763
67.763
67.763
67.763
67.763
67.763
67.763
67.763
67.763
67.763
67.763
67.763
67.763
67.763
67.763
67.763
67.763
67.763
67.763
67.763
67.763
67.763
67.763
67.763
67.763
67.763
67.763
67.763
67.763
67.763
67.763
67.763
67.763
67.763
67.763
67.763
67.763
67.763
67.763
67.763
67.763
67.763
67.763
67.763
67.763
67.763
67.763
67.763
67.763
67.763
67.763
67.763
67.763
67.763
67.763
67.763
67.763
67.763
67.763
67.763
67.763
67.763
67.763
67.763
67.763
67.763
67.763
67.763
67.763
67.763
67.763
67.763
67.763
67.763
67.763
67.763
67.763
67.763
67.763
67.763
67.763
67.763
67.763
67.763
67.763
67.763
67.763
67.763
67.763
67.763
67.763
67.763
67.763
67.763
67.763
67.763
67.763
67.763
67.763
67.763
67.763
67.763
67.763
67.763
67.763
67.763
67.763
67.763
67.763
67.763
67.763
67.763
67.763
67.763
67.763
67.763
67.763
67.763
67.763
67.763
67.763
67.763
67.763
67.763
67.763
67.763
67.763
67.763
67.763
67.763
67.763
67.763
67.763
67.763
67.763
67.763
67.763
67.763
67.763
67.763
67.763
67.763
67.763
67.763
67.763
67.763
67.763
67.763
67.763
67.763
67.763
67.763
67.763
67.763
67.763
67.763
67.763
67.763
67.763
67.763
67.763
67.763
67.763
67.763
67.763
67.763
67.763
67.763
67.763
67.763
67.763
67.763
67.763
67.763
67.763
67.763
67.763
67.763
67.763
67.763
67.763
67.763
67.763
67.763
67.763
67.763
67.763
67.763
67.763
67.763
67.763
67.763
67.763
67.763
67.763
67.763
67.763
67.763
67.763
67.763
67.763
67.763
67.763
67.763
67.763
67.763
67.763
67.763
67.763
67.763
67.763
67.763
67.763
67.763
67.763
67.763
67.763
67.763
67.763
67.763
67.763
67.763
67.763
67.763
67.763
67.763
67.763
67.763
67.763
67.763
67.763
67.763
67.763
67.763
67.763
67.763
67.763
67.763
67.763
67.763
67.763
67.763
67.763
67.763
67.763
67.763
67.763
67.763
67.763
67.763
67.763
67.763
67.763
67.763
67.763
67.763
67.763
67.763
67.763
67.763
67.763
67.763
67.763
67.763
67.763
67.763
67.763
67.763
67.763
67.763
67.763
67.763
67.763
67.763
67.763
67.763
67.763
67.763
67.763
67.763
67.763
67.763
67.763
67.763
67.763
67.763
67.763
67.763
67.763
67.763
67.763
67.763
67.763
67.763
67.763
67.763
67.763
67.763
67.763
67.763
67.763
67.763
67.763
67.763
67.763
67.763
67.763
67.763
67.763
67.763
67.763
67.763
67.763
67.763
67.763
67.763
67.763
67.763
67.763
67.763
67.763
67.763
67.763
67.763
67.763
67.763
67.763
67.763
67.763
67.763
67.763
67.763
67.763
67.763
67.763
67.763
67.763
67.763
67.763
67.763
67.763
67.763
67.763
67.763
67.763
67.763
67.763
67.763
67.763
67.763
67.763
67.763
67.763
67.763
67.763
67.763
67.763
67.763
67.763
67.763
67.763
67.763
67.763
67.763
67.763
67.763
67.763
67.763
67.763
67.763
67.763
67.763
67.763
67.763
67.763
67.763
67.763
67.763
67.763
67.763
67.763
67.763
67.763
67.763
67.763
67.763
67.763
67.763
67.763
67.763
67.763
67.763
67.763
67.763
67.763
67.763
67.763
67.763
67.763
67.763
67.763
67.763
67.763
67.763
67.763
67.763
67.763
67.763
67.763
67.763
67.763
67.763
67.763
67.763
67.763
67.763
67.763
67.763
67.763
67.763
67.763
67.763
67.763
67.763
67.763
67.763
67.763
67.763
67.763
67.763
67.763
67.763
67.763
67.763
67.763
67.763
67.763
67.763
67.763
67.763
67.763
67.763
67.763
67.763
67.763
67.763
67.763
67.763
67.763
67.763
67.763
67.763
67.763
67.763
67.763
67.763
67.763
67.763
67.763
67.763
67.763
67.763
67.763
67.763
67.763
67.763
67.763
67.763
67.763
67.763
67.763
67.763
67.763
67.763
67.763
67.763
67.763
67.763
67.763
67.763
67.763
67.763
67.763
67.763
67.763
67.763
67.763
67.763
67.763
67.763
67.763
67.763
67.763
67.763
67.763
67.763
67.763
67.763
67.763
67.763
67.763
67.763
67.763
67.763
67.763
67.763
67.763
67.763
67.763
67.763
67.763
67.763
67.763
67.763
67.763
67.763
67.763
67.763
67.763
67.763
67.763
67.763
67.763
67.763
67.763
67.763
67.763
67.763
67.763
67.763
67.763
67.763
67.763
67.763
67.763
67.763
67.763
67.763
67.763
67.763
67.763
67.763
67.763
67.763
67.763
67.763
67.763
67.763
67.763
67.763
67.763
67.763
67.763
67.763
67.763
67.763
67.763
67.763
67.763
67.763
67.763
67.763
67.763
67.763
67.763
67.763
67.763
67.763
67.763
67.763
67.763
67.763
67.763
67.763
67.763
67.763
67.763
67.763
67.763
67.763
67.763
67.763
67.763
67.763
67.763
67.763
67.763
67.763
67.763
67.763
67.763
67.763
67.763
67.763
67.763
67.763
67.763
67.763
67.763
67.763
67.763
67.763
67.763
67.763
67.763
67.763
67.763
67.763
67.763
67.763
67.763
67.763
67.763
67.763
67.763
67.763
67.763
67.763
67.763
67.763
67.763
67.763
67.763
67.763
67.763
67.763
67.763
67.763
67.763
67.763
67.763
67.763
67.763
67.763
67.763
67.763
67.763
67.763
67.763
67.763
67.763
67.763
67.763
67.763
67.763
67.763
67.763
67.763
67.763
67.763
67.763
67.763
67.763
67.763
67.763
67.763
67.763
67.763
67.763
67.763
67.763
67.763
67.763
67.763
67.763
67.763
67.763
67.763
67.763
67.763
67.763
67.763
67.763
67.763
67.763
67.763
67.763
67.763
67.763
67.763
67.763
67.763
67.763
67.763
67.763
67.763
67.763
67.763
67.763
67.763
67.763
67.763
67.763
67.763
67.763
67.763
67.763
67.763
67.763
67.763
67.763
67.763
67.763
67.763
67.763
67.763
67.763
67.763
67.763
67.763
67.763
67.763
67.763
67.763
67.763
67.763
67.763
67.763
67.763
67.763
67.763
67.763
67.763
67.763
67.763
67.763
67.763
67.763
67.763
67.763
67.763
67.763
67.763
67.763
67.763
67.763
67.763
67.763
67.763
67.763
67.763
67.763
67.763
67.763
67.763
67.763
67.763
67.763
67.763
67.763
67.763
67.763
67.763
67.763
67.763
67.763
67.763
67.763
67.763
67.763
67.763
67.763
67.763
67.763
67.763
67.763
67.763
67.763
67.763
67.763
67.763
67.763
67.763
67.763
67.763
67.763
67.763
67.763
67.763
67.763
67.763
67.763
67.763
67.763
67.763
67.763
67.763
67.763
67.763
67.763
67.763
67.763
67.763
67.763
67.763
67.763
67.763
67.763
67.763
67.763
67.763
67.763
67.763
67.763
67.763
67.763
67.763
67.763
67.763
67.763
67.763
67.763
67.763
67.763
67.763
67.763
67.763
67.763
67.763
67.763
67.763
67.763
67.763
67.763
67.763
67.763
67.763
67.763
67.763
67.763
67.763
67.763
67.763
67.763
67.763
67.763
67.763
67.763
67.763
67.763
67.763
67.763
67.763
67.763
67.763
67.763
67.763
67.763
67.763
67.763
67.763
67.763
67.763
67.763
67.763
67.763
67.763
67.763
67.763
67.763
67.763
67.763
67.763
67.763
67.763
67.763
67.763
67.763
67.763
67.763
67.763
67.763
67.763
67.763
67.763
67.763
67.763
67.763
67.763
67.763
67.763
67.763
67.763
67.763
67.763
67.763
67.763
67.763
67.763
67.763
67.763
67.763
67.763
67.763
67.763
67.763
67.763
67.763
67.763
67.763
67.763
67.763
67.763
67.763
67.763
67.763
67.763
67.763
67.763
67.763
67.763
67.763
67.763
67.763
67.763
67.763
67.763
67.763
67.763
67.763
67.763
67.763
67.763
67.763
67.763
67.763
67.763
67.763
67.763
67.763
67.763
67.763
67.763
67.763
67.763
67.763
67.763
67.763
67.763
67.763
67.763
67.763
67.763
67.763
67.763
67.763
67.763
67.763
67.763
67.763
67.763
67.763
67.763
67.763
67.763
67.763
67.763
67.763
67.763
67.763
67.763
67.763
67.763
67.763
67.763
67.763
67.763
67.763
67.763
67.763
67.763
67.763
67.763
67.763
67.763
67.763
67.763
67.763
67.763
67.763
67.763
67.763
67.763
67.763
67.763
67.763
67.763
67.763
67.763
67.763
67.763
67.763
67.763
67.763
67.763
67.763
67.763
67.763
67.763
67.763
67.763
67.763
67.763
67.763
67.763
67.763
67.763
67.763
67.763
67.763
67.763
67.763
67.763
67.763
67.763
67.763
67.763
67.763
67.763
67.763
67.763
67.763
67.763
67.763
67.763
67.763
67.763
67.763
67.763
67.763
67.763
67.763
67.763
67.763
67.763
67.763
67.763
67.763
67.763
67.763
67.763
67.763
67.763
67.763
67.763
67.763
67.763
67.763
67.763
67.763
67.763
67.763
67.763
67.763
67.763
67.763
67.763
67.763
67.763
67.763
67.763
67.763
67.763
67.763
67.763
67.763
67.763
67.763
67.763
67.763
67.763
67.763
67.763
67.763
67.763
67.763
67.763
67.763
67.763
67.763
67.763
67.763
67.763
67.763
67.763
67.763
67.763
67.763
67.763
67.763
67.763
67.763
67.763
67.763
67.763
67.763
67.763
67.763
67.763
67.763
67.763
67.763
67.763
67.763
67.763
67.763
67.763
67.763
67.763
67.763
67.763
67.763
67.763
67.763
67.763
67.763
67.763
67.763
67.763
67.763
67.763
67.763
67.763
67.763
67.763
67.763
67.763
67.763
67.763
67.763
67.763
67.763
67.763
67.763
67.763
67.763
67.763
67.763
67.763
67.763
67.763
67.763
67.763
67.763
67.763
67.763
67.763
67.763
67.763
67.763
67.763
67.763
67.763
67.763
67.763
67.763
67.763
67.763
67.763
67.763
67.763
67.763
67.763
67.763
67.763
67.763
67.763
67.763
67.763
67.763
67.763
67.763
67.763
67.763
67.763
67.763
67.763
67.763
67.763
67.763
67.763
67.763
67.763
67.763
67.763
67.763
67.763
67.763
67.763
67.763
67.763
67.763
67.763
67.763
67.763
67.763
67.763
67.763
67.763
67.763
67.763
67.763
67.763
67.763
67.763
67.763
67.763
67.763
67.763
67.763
67.763
67.763
67.763
67.763
67.763
67.763
67.763
67.763
67.763
67.763
67.763
67.763
67.763
67.763
67.763
67.763
67.763
67.763
67.763
67.763
67.763
67.763
67.763
67.763
67.763
67.763
67.763
67.763
67.763
67.763
67.763
67.763
67.763
67.763
67.763
67.763
67.763
67.763
67.763
67.763
67.763
67.763
67.763
67.763
67.763
67.763
67.763
67.763
67.763
67.763
67.763
67.763
67.763
67.763
67.763
67.763
67.763
67.763
67.763
67.763
67.763
67.763
67.763
67.763
67.763
67.763
67.763
67.763
67.763
67.763
67.763
67.763
67.763
67.763
67.763
67.763
67.763
67.763
67.763
67.763
67.763
67.763
67.763
67.763
67.763
67.763
67.763
67.763
67.763
67.763
67.763
67.763
67.763
67.763
67.763
67.763
67.763
67.763
67.763
67.763
67.763
67.763
67.763
67.763
67.763
67.763
67.763
67.763
67.763
67.763
67.763
67.763
67.763
67.763
67.763
67.763
67.763
67.763
67.763
67.763
67.763
67.763
67.763
67.763
67.763
67.763
67.763
67.763
67.763
67.763
67.763
67.763
67.763
67.763
67.763
67.763
67.763
67.763
67.763
67.763
67.763
67.763
67.763
67.763
67.763
67.763
67.763
67.763
67.763
67.763
67.763
67.763
67.763
67.763
67.763
67.763
67.763
67.763
67.763
67.763
67.763
67.763
67.763
67.763
67.763
67.763
67.763
67.763
67.763
67.763
67.763
67.763
67.763
67.763
67.763
67.763
67.763
67.763
67.763
67.763
67.763
67.763
67.763
67.763
67.763
67.763
67.763
67.763
67.763
67.763
67.763
67.763
67.763
67.763
67.763
67.763
67.763
67.763
67.763
67.763
67.763
67.763
67.763
67.763
67.763
67.763
67.763
67.763
67.763
67.763
67.763
67.763
67.763
67.763
67.763
67.763
67.763
67.763
67.763
67.763
67.763
67.763
67.763
67.763
67.763
67.763
67.763
67.763
67.763
67.763
67.763
67.763
67.763
67.763
67.763
67.763
67.763
67.763
67.763
67.763
67.763
67.763
67.763
67.763
67.763
67.763
67.763
67.763
67.763
67.763
67.763
67.763
67.763
67.763
67.763
67.763
67.763
67.763
67.763
67.763
67.763
67.763
67.763
67.763
67.763
67.763
67.763
67.763
67.763
67.763
67.763
67.763
67.763
67.763
67.763
67.763
67.763
67.763
67.763
67.763
67.763
67.763
67.763
67.763
67.763
67.763
67.763
67.763
67.763
67.763
67.763
67.763
67.763
67.763
67.763
67.763
67.763
67.763
67.763
67.763
67.763
67.763
67.763
67.763
67.763
67.763
67.763
67.763
67.763
67.763
67.763
67.763
67.763
67.763
67.763
67.763
67.763
67.763
67.763
67.763
67.763
67.763
67.763
67.763
67.763
67.763
67.763
67.763
67.763
67.763
67.763
67.763
67.763
67.763
67.763
67.763
67.763
67.763
67.763
67.763
67.763
67.763
67.763
67.763
67.763
67.763
67.763
67.763
67.763
67.763
67.763
67.763
67.763
67.763
67.763
67.763
67.763
67.763
67.763
67.763
67.763
67.763
67.763
67.763
67.763
67.763
67.763
67.763
67.763
67.763
67.763
67.763
67.763
67.763
67.763
67.763
67.763
67.763
67.763
67.763
67.763
67.763
67.763
67.763
67.763
67.763
67.763
67.763
67.763
67.763
67.763
67.763
67.763
67.763
67.763
67.763
67.763
67.763
67.763
67.763
67.763
67.763
67.763
67.763
67.763
67.763
67.763
67.763
67.763
67.763
67.763
67.763
67.763
67.763
67.763
67.6984
67.763
67.763
67.763
67.763
67.763
67.763
67.763
67.763
67.763
67.763
67.763
67.763
67.763
67.763
67.763
67.763
67.763
67.763
67.763
67.763
67.763
67.763
67.763
67.763
67.763
67.763
67.763
67.763
67.763
67.763
67.763
67.763
67.763
67.763
67.763
67.763
67.763
67.763
67.763
67.763
67.763
67.763
67.763
67.763
67.763
67.763
67.763
67.763
67.763
67.763
67.763
67.763
67.763
67.763
67.763
67.763
67.763
67.763
67.763
67.763
67.763
67.763
67.763
67.763
67.763
67.763
67.763
67.763
67.763
67.763
67.763
67.763
67.763
67.763
67.763
67.763
67.763
67.763
67.763
67.763
67.763
67.763
67.763
67.763
67.763
67.763
67.763
67.763
67.763
67.763
67.763
67.763
67.763
67.763
67.763
67.763
67.763
67.763
67.763
67.763
67.763
67.763
67.763
67.763
67.763
67.763
67.763
67.763
67.763
67.763
67.763
67.763
67.763
67.763
67.763
67.763
67.763
67.763
67.763
67.763
67.763
67.763
67.763
67.763
67.763
67.763
67.763
67.763
67.763
67.763
67.763
67.763
67.763
67.763
67.763
67.763
67.763
67.763
67.763
67.763
67.7532
67.7239
67.7337
67.7337
67.7044
67.636
67.3723
67.2746
67.2746
67.2746
67.2746
67.2746
67.2746
67.2746
67.2746
67.2746
67.2746
67.2746
67.2746
67.2746
67.2746
67.2746
67.2746
67.2746
67.2746
67.2746
67.2746
67.2746
67.2746
67.2746
67.2746
67.2746
67.2746
67.2746
67.2746
67.2746
67.2746
67.2746
67.2746
67.2746
67.2746
67.2746
67.2746
67.2746
67.2746
67.2746
67.2746
67.2746
67.2746
67.2746
67.2746
67.2746
67.2746
67.2746
67.2746
67.2746
67.2746
67.2746
67.2746
67.2746
67.2746
67.2746
67.2746
67.2746
67.2746
67.2746
67.2746
67.2746
67.2746
67.2746
67.2746
67.2746
67.2746
67.2746
67.2746
67.2746
67.2746
67.2746
67.2746
67.2746
67.2746
67.2746
67.2746
67.2746
67.2746
67.2746
67.2746
67.2746
67.2746
67.2746
67.2746
67.2746
67.2746
67.2746
67.2746
67.2746
67.2746
67.2746
67.2746
67.2746
67.2746
67.2746
67.2746
67.2746
67.2746
67.2746
67.2746
67.2746
67.2746
67.2746
67.2746
67.2746
67.2746
67.2746
67.2746
67.2746
67.2746
67.2746
67.2746
67.2746
67.2746
67.2746
67.2746
67.2746
67.2746
67.2746
67.2746
67.2746
67.2746
67.2746
67.2746
67.2746
67.2746
67.2746
67.2746
67.2746
67.2746
67.2746
67.2746
67.2746
67.2746
67.2746
67.2746
67.2746
67.2746
67.2746
67.2746
67.2746
67.2746
67.2746
67.2746
67.2746
67.2746
67.2746
67.2746
67.2746
67.2746
67.2746
67.2746
67.2746
67.2746
67.2746
67.2746
67.2746
67.2746
67.2746
67.2746
67.2746
67.2746
67.2746
67.2746
67.2746
67.2746
67.2746
67.2746
67.2746
67.2746
67.2746
67.2746
67.2746
67.2746
67.2746
67.2746
67.2746
67.2746
67.2746
67.2746
67.2746
67.2746
67.2746
67.2746
67.2746
67.2746
67.2746
67.2746
67.2746
67.2746
67.2746
67.2746
67.2746
67.2746
67.2746
67.2746
67.2746
67.2746
67.2746
67.2746
67.2746
67.2746
67.2746
67.2746
67.2746
67.2746
67.2746
67.2746
67.2746
67.2746
67.2746
67.2746
67.2746
67.2746
67.2746
67.2746
67.2746
67.2746
67.2746
67.2746
67.2746
67.2746
67.2746
67.2746
67.2746
67.2746
67.2746
67.2746
67.2746
67.2746
67.2746
67.2746
67.2746
67.2746
67.2746
67.2746
67.3072
67.2746
67.2746
67.2746
67.2746
67.2746
67.2746
67.2746
67.2746
67.2746
67.2746
67.2746
67.2746
67.2746
67.2746
67.2746
67.2746
67.2746
67.2746
67.2746
67.2746
67.2746
67.2746
67.2746
67.2746
67.2746
67.2746
67.2746
67.2746
67.2746
67.2746
67.2746
67.2746
67.2746
67.2746
67.2746
67.2746
67.2746
67.2746
67.2746
67.2746
67.2746
67.2746
67.2746
67.2746
67.2746
67.2746
67.2746
67.2746
67.2746
67.2746
67.2746
67.2746
67.2746
67.2746
67.2746
67.2746
67.2746
67.2746
67.2746
67.2746
67.2746
67.2746
67.2746
67.2746
67.2746
67.2746
67.2746
67.2746
67.2746
67.2746
67.2746
67.2746
67.2746
67.2746
67.2746
67.2746
67.2746
67.2746
67.2746
67.2746
67.2746
67.2746
67.2746
67.2746
67.2746
67.2746
67.2746
67.2746
67.2746
67.2746
67.2746
67.2746
67.2746
67.2746
68.2057
67.2746
67.2746
67.2746
67.2746
67.2746
67.2746
67.2746
67.2746
67.2746
67.2746
67.2746
67.2746
67.2746
67.2746
67.2746
67.2746
67.2746
67.2746
67.2746
67.2746
67.2746
67.2746
67.2746
67.2746
67.2746
67.2746
67.2746
67.2746
67.2746
67.2746
67.2746
67.2746
67.2746
67.2746
67.2746
67.2746
67.2746
67.2746
67.2746
67.2746
67.2746
67.2746
67.2746
67.2746
67.2746
67.2746
67.2746
67.2746
67.2746
67.2746
67.2746
67.2746
67.2746
67.2746
67.2746
67.2746
67.2746
67.2746
67.2746
67.2746
67.2746
67.2746
67.2746
67.2746
67.2746
67.2746
67.2746
67.2746
67.2746
67.2746
67.2746
67.2746
67.2746
67.2746
67.2746
67.2746
67.2746
67.2746
67.2746
67.2746
67.2746
67.2746
67.2746
67.2746
67.2746
67.2746
67.2746
67.2746
67.2746
67.2746
67.2746
67.2746
67.2746
67.2746
67.2746
67.2746
67.2746
67.2746
67.2746
67.2746
67.2746
67.2746
67.2746
67.2746
67.2746
67.2746
67.2746
67.2746
67.2746
67.2746
67.2746
67.2746
67.2746
67.2746
67.2746
67.2746
67.2746
67.2746
67.2746
67.2746
67.2746
67.2746
67.2746
67.2746
67.2746
67.2746
67.2746
67.2746
67.2746
67.2746
67.2746
67.2746
67.2746
67.2746
67.2746
67.2746
67.2746
67.2746
67.2746
67.2746
67.2746
67.2746
67.2746
67.2746
67.2746
67.2746
67.2746
67.2746
67.2746
67.2746
67.2746
67.2746
67.2746
67.2746
67.2746
67.2746
67.2746
67.2746
67.2746
67.2746
67.2746
67.2746
67.2746
67.2746
67.2746
67.2746
67.2746
67.2746
67.2746
67.2746
67.2746
67.2746
67.2746
67.2746
67.2746
67.2746
67.2746
67.2746
67.2746
67.2746
67.2746
67.2746
67.2746
67.2746
67.2746
67.2746
67.2746
67.2746
67.2746
67.2746
67.2746
67.2746
67.2746
67.2746
67.2746
67.2746
67.2746
67.2746
67.2746
67.2746
67.2746
67.2746
67.2746
67.2746
67.2746
67.2746
67.2746
67.2746
67.2746
67.2746
67.2746
67.2746
67.2746
67.2746
67.2746
67.2746
67.2746
67.2746
67.2746
67.2746
67.1952
67.2746
67.2746
67.2746
67.2746
67.2746
67.2746
67.2746
67.2746
67.2746
67.2746
67.2746
67.2746
67.2746
67.2746
67.2746
67.2746
67.2746
67.2746
67.2746
67.2746
67.2746
67.2746
67.2746
67.2746
67.2746
67.2746
67.2746
67.2746
67.2746
67.2746
67.2746
67.2746
67.2746
67.2746
67.2746
67.2746
67.2746
67.2746
67.2746
67.2746
67.2746
67.2746
67.2746
67.2746
67.2746
67.2746
67.2746
67.2746
67.2746
67.2746
67.2746
67.2746
67.2746
67.2746
67.2746
67.2746
67.2746
67.2746
67.2746
67.2746
67.2746
67.2746
67.2746
67.2746
67.2746
67.2746
67.2746
67.2746
67.2746
67.2746
67.2746
67.2746
67.2746
67.2746
67.2746
67.2746
67.2746
67.2746
67.2746
67.2746
67.2746
67.2746
67.2746
67.2746
67.2746
67.2746
67.2746
67.2746
67.2746
67.2746
67.2746
67.2746
67.2746
67.2746
67.2746
67.2746
67.2746
67.2746
67.2746
67.2746
67.2746
67.2746
67.2746
67.2746
67.2746
67.2746
67.2746
67.2746
67.2746
67.2746
67.2746
67.2746
67.2746
67.2746
67.2746
67.2746
67.2746
67.2746
67.2746
67.2746
67.2746
67.2746
67.2746
67.2746
67.2746
67.2746
67.2746
67.2746
67.2746
67.2746
67.2746
67.2746
67.2746
67.2746
67.2746
67.2746
67.2746
67.2746
67.2746
67.2746
67.2746
67.2746
67.2746
67.2746
67.2746
67.2746
67.2746
67.2746
67.2746
67.2746
67.2746
67.2746
67.2746
67.2746
67.2746
67.2746
67.2746
67.2746
67.2746
67.2746
67.2746
67.2746
67.2746
67.2746
67.2746
67.2746
67.2746
67.2746
67.2746
67.2746
67.2746
67.2746
67.2746
67.2746
67.2746
67.2746
67.2746
67.2746
67.2746
67.2746
67.2746
67.2746
67.2746
67.2746
67.2746
67.2746
67.2746
67.2746
67.2746
67.2746
67.2746
67.2746
67.2746
67.2746
67.2746
67.2746
67.2746
67.2746
67.2746
