# best half averages
9.80641
8.82461
7.74767
7.1956
6.83885
6.53696
6.22054
5.77498
5.58125
5.50951
5.38135
5.20428
5.03005
4.79178
4.63661
4.26199
3.90788
3.52716
3.49085
3.43746
3.33962
3.16726
2.9439
2.93464
2.91767
2.82844
2.75069
2.6122
2.52284
2.39302
2.22822
2.21798
2.20774
2.18517
2.06157
2.04975
2.00195
1.94836
1.91195
1.8384
1.73361
1.63213
1.63211
1.63209
1.63203
1.63183
1.6309
1.63028
1.62671
1.61641
1.6161
1.61457
1.60937
1.5957
1.58705
1.58647
1.58537
1.58074
1.56346
1.55348
1.55348
1.54495
1.53415
1.52218
1.48013
1.48005
1.4777
1.46606
1.43736
1.39226
1.39226
1.39151
1.39097
1.43039
1.43421
1.36177
1.34588
1.34583
1.34574
1.34535
1.42383
1.34479
1.34362
1.34268
1.34079
1.33514
1.31252
1.2962
1.2959
1.29518
1.29405
1.29237
1.28257
1.27557
1.27557
1.27557
1.27557
1.27507
1.27401
1.27037
1.25336
1.2498
1.24786
1.24725
1.24716
1.24706
1.24434
1.23349
1.1987
1.1987
1.1987
1.19866
1.19853
1.1979
1.1966
1.1966
1.1966
1.1966
1.1966
1.1966
1.1966
1.1966
1.1966
1.1966
1.1966
1.1966
1.1966
1.1966
1.1966
1.1966
1.1966
1.1966
1.1966
1.19657
1.19642
1.19579
1.19529
1.19529
1.19529
1.19529
1.19524
1.19524
1.1952
1.19496
1.19449
1.19295
1.19295
1.19295
1.19295
1.19295
1.19295
1.19295
1.19295
1.19295
1.19286
1.19295
1.19295
1.19295
1.19295
1.19295
1.19295
1.19295
1.19295
1.19295
1.19295
1.19295
1.19295
1.19295
1.19295
1.19295
1.19295
1.19295
1.19295
1.19312
1.19295
1.19295
1.19295
1.19295
1.19295
1.19295
1.19295
1.19295
1.19295
1.19295
1.19295
1.19295
1.19295
1.19244
1.19181
1.188
1.17096
1.16741
1.16741
1.16741
1.16737
1.16712
1.16655
1.16535
1.16535
1.16535
1.16535
1.16535
1.16535
1.16535
1.16535
1.16535
1.16535
1.16535
1.16535
1.16535
1.16535
1.16535
1.16535
1.16535
1.16535
1.16535
1.16535
1.16535
1.16535
1.16535
1.16535
1.16535
1.16535
1.16535
1.16535
1.16535
1.16535
1.16535
1.16535
1.16535
1.16535
1.16535
1.16535
1.16535
1.16535
1.16535
1.16535
1.16535
1.16535
1.16535
1.16535
1.16535
1.16535
1.16535
1.16535
1.16535
1.16535
1.16535
1.16535
1.16535
1.16746
1.16535
1.16535
1.16535
1.16535
1.16535
1.16535
1.16535
1.16535
1.16535
1.16535
1.16535
1.16535
1.16535
1.16535
1.16535
1.16535
1.16535
1.16535
1.16535
1.16535
1.16535
1.16535
1.16535
1.16535
1.16535
1.16535
1.16535
1.16535
1.16535
1.16535
1.16535
1.16535
1.16535
1.16535
1.16535
1.16535
1.16535
1.16535
1.16535
1.16535
1.16535
1.16535
1.16535
1.16535
1.16535
1.16535
1.16535
1.16528
1.16516
1.16438
1.16213
1.16213
1.16213
1.16213
1.16213
1.16213
1.16213
1.1621
1.16201
1.16197
1.16196
1.16195
1.16189
1.16168
1.1615
1.1615
1.1615
1.1615
1.1615
1.1615
1.1615
1.1615
1.1615
1.1615
1.16244
1.1615
1.1615
1.1615
1.1615
1.1615
1.1615
1.1615
1.1615
1.1615
1.1615
1.1615
1.1615
1.1615
1.1615
1.1615
1.1615
1.1615
1.1615
1.1615
1.1615
1.1615
1.1615
1.1615
1.1615
1.1615
1.1615
1.1615
1.1615
1.1615
1.1615
1.1615
1.1615
1.1615
1.1615
1.1615
1.1615
1.1615
1.1615
1.1615
1.1615
1.1615
1.1615
1.1615
1.1615
1.1615
1.1615
1.1615
1.1615
1.1615
1.1615
1.1615
1.1615
1.1615
1.1615
1.1615
1.1615
1.1615
1.1615
1.1615
1.1615
1.1615
1.1615
1.1615
1.1615
1.1615
1.1615
1.1615
1.1615
1.1615
1.1615
1.1615
1.1615
1.1615
1.1615
1.1615
1.1615
1.1615
1.1615
1.1615
1.1615
1.1615
1.1615
1.1615
1.1615
1.1615
1.1615
1.1615
1.1615
1.1615
1.1615
1.1615
1.1615
1.1615
1.1615
1.1615
1.1615
1.1615
1.1615
1.1615
1.1615
1.1615
1.1615
1.1615
1.1615
1.1615
1.1615
1.1615
1.1615
1.1615
1.1615
1.1615
1.1615
1.1615
1.1615
1.1615
1.1615
1.1615
1.1615
1.1615
1.1615
1.1615
1.1615
1.1615
1.1615
1.1615
1.1615
1.1615
1.1615
1.1615
1.1615
1.1615
1.1615
1.1615
1.1615
1.1615
1.1615
1.1615
1.1615
1.1615
1.1615
1.1615
1.1615
1.1615
1.1615
1.1615
1.1615
1.1615
1.1615
1.1615
1.1615
1.1615
1.1615
1.1615
1.1615
1.1615
1.1615
1.1615
1.1615
1.1615
1.16963
1.1615
1.1615
1.1615
1.1615
1.1615
1.1615
1.1615
1.1615
1.1615
1.1615
1.1615
1.1615
1.1615
1.1615
1.1615
1.1615
1.1615
1.1615
1.1615
1.1615
1.1615
1.1615
1.1615
1.1615
1.1615
1.1615
1.1615
1.1615
1.1615
1.1615
1.1615
1.1615
1.1615
1.1615
1.16669
1.1615
1.1615
1.1615
1.1615
1.1615
1.1615
1.1615
1.1615
1.1615
1.1615
1.1615
1.1615
1.1615
1.1615
1.1615
1.1615
1.1615
1.1615
1.1615
1.1615
1.1615
1.1615
1.1615
1.1615
1.1615
1.1615
1.1615
1.1615
1.1615
1.1615
1.1615
1.1615
1.1615
1.1615
1.1615
1.1615
1.1615
1.1615
1.1615
1.1615
1.1615
1.1615
1.1615
1.1615
1.1615
1.1615
1.1615
1.1615
1.1615
1.1615
1.1615
1.1615
1.1615
1.1615
1.1615
1.1615
1.1615
1.1615
1.1615
1.1615
1.1615
1.1615
1.1615
1.1615
1.1615
1.1615
1.1615
1.1615
1.1615
1.1615
1.1615
1.1615
1.1615
1.1615
1.1615
1.1615
1.1615
1.1615
1.1615
1.1615
1.1615
1.1615
1.1615
1.1615
1.1615
1.1615
1.1615
1.1615
1.1615
1.1615
1.1615
1.1615
1.1615
1.1615
1.1615
1.1615
1.1615
1.1615
1.1615
1.1615
1.1615
1.1615
1.1615
1.1615
1.1615
1.1615
1.1615
1.1615
1.1615
1.1615
1.1615
1.1615
1.1615
1.1615
1.1615
1.1615
1.1615
1.1615
1.1615
1.1615
1.1615
1.1615
1.1615
1.1615
1.1615
1.1615
1.1615
1.1615
1.17386
1.1615
1.1615
1.1615
1.1615
1.1615
1.1615
1.1615
1.1615
1.1615
1.1615
1.1615
1.1615
1.1615
1.1615
1.1615
1.1615
1.1615
1.16146
1.16142
1.1612
1.16058
1.15931
1.15931
1.15931
1.15931
1.15931
1.15931
1.15931
1.15931
1.15931
1.15931
1.15931
1.15931
1.15931
1.15931
1.15931
1.15931
1.15931
1.15931
1.15931
1.15931
1.15931
1.15931
1.15931
1.15931
1.15931
1.15931
1.15931
1.15931
1.15931
1.15931
1.15931
1.15931
1.15931
1.15931
1.15931
1.15931
1.15931
1.15931
1.15931
1.15931
1.1642
1.15931
1.15931
1.15931
1.15931
1.15931
1.15931
1.15931
1.15931
1.15931
1.15931
1.15931
1.15931
1.15931
1.15931
1.15931
1.15931
1.15931
1.15931
1.15931
1.15931
1.15931
1.15931
1.15931
1.15931
1.15931
1.15931
1.15931
1.15931
1.15931
1.15931
1.15931
1.15931
1.15931
1.15931
1.15931
1.15931
1.15931
1.15931
1.15931
1.15931
1.15931
1.15931
1.15931
1.15931
1.15931
1.15931
1.15931
1.15931
1.15931
1.15931
1.15931
1.15931
1.15931
1.15931
1.15931
1.15931
1.15931
1.15931
1.15931
1.15931
1.15931
1.15931
1.15931
1.15931
1.15931
1.15931
1.15931
1.15931
1.15931
1.15931
1.15931
1.15931
1.15931
1.15931
1.15931
1.15931
1.15931
1.15931
1.15931
1.15931
1.15931
1.15931
1.15931
1.15931
1.15931
1.15931
1.15931
1.15931
1.15931
1.15931
1.15931
1.15931
1.15931
1.15931
1.15931
1.15931
1.15931
1.15931
1.15931
1.15931
1.15931
1.15931
1.15931
1.15931
1.15931
1.15931
1.15931
1.15931
1.15931
1.15931
1.15931
1.15931
1.15931
1.15931
1.15931
1.15931
1.15931
1.15931
1.15931
1.15931
1.15931
1.15931
1.15931
1.15931
1.15931
1.15931
1.15931
1.15931
1.15931
1.15931
1.15931
1.15931
1.15931
1.15931
1.15931
1.15931
1.15931
1.15931
1.15931
1.15931
1.15931
1.15931
1.15931
1.15931
1.15931
1.15931
1.15931
1.15931
1.15931
1.15931
1.15931
1.15931
1.15931
1.15931
1.15931
1.15931
1.15931
1.15931
1.15931
1.15931
1.15931
1.15931
1.15931
1.15931
1.15931
1.15931
1.15931
1.15931
1.15931
1.15931
1.15931
1.15931
1.15931
1.15931
1.15931
1.15931
1.15931
1.15931
1.15931
1.15931
1.15931
1.15931
1.15931
1.15931
1.15931
1.15931
1.15931
1.15931
1.15931
1.15931
1.15931
1.15931
1.15931
1.15931
1.15931
1.15931
1.15931
1.15931
1.15931
1.15931
1.15931
1.15931
1.15931
1.15931
1.15931
1.15931
1.15931
1.15931
1.15931
1.15931
1.15931
1.15931
1.15931
1.15931
1.15931
1.15931
1.15931
1.15931
1.15931
1.15931
1.15931
1.15931
1.15931
1.15931
1.15931
1.15931
1.15931
1.15931
1.15931
1.15931
1.15931
1.15931
1.15931
1.15931
1.15931
1.15931
1.15931
1.15931
1.15931
1.15931
1.15931
1.15931
1.15931
1.15931
1.15931
1.15931
1.15931
1.15931
1.15931
1.15931
1.15931
1.15931
1.15931
1.15931
1.15931
1.15931
1.15931
1.15931
1.15931
1.15931
1.15931
1.15931
1.15931
1.15931
1.15931
1.15931
1.15931
1.15931
1.15931
1.15931
1.15931
1.15931
1.15931
1.15931
1.15931
1.15931
1.15931
1.15931
1.15931
1.15931
1.15931
1.15931
1.15931
1.15931
1.15931
1.15931
1.15931
1.15931
