# best half averages
9.92182
9.15728
8.45851
7.75908
7.12661
6.44203
5.97952
5.59986
5.16109
4.74922
4.67518
4.58653
4.46238
4.22224
4.20542
4.14058
4.11539
3.97724
3.87815
3.75078
3.71738
3.54064
3.3527
3.28093
3.13397
3.00368
2.96933
2.9226
2.82037
2.71931
2.718
2.71789
2.77551
2.63677
2.68268
2.54016
2.48453
2.20053
2.19942
2.19896
2.19609
2.18118
2.14953
2.05473
1.94289
1.90906
1.90435
1.8939
1.91461
1.8156
1.78643
1.78436
1.77776
1.75077
1.6807
1.67343
1.65899
1.65773
1.65148
1.62319
1.56056
1.54107
1.53655
1.5031
1.48674
1.48648
1.4846
1.48212
1.48024
1.47877
1.47652
1.47646
1.47576
1.47115
1.46046
1.45703
1.45615
1.45527
1.45437
1.44109
1.41069
1.4027
1.39159
1.39159
1.39159
1.39159
1.39159
1.39159
1.39159
1.39159
1.39159
1.39159
1.39159
1.39154
1.39124
1.38991
1.38943
1.38943
1.38943
1.38943
1.38943
1.38943
1.38943
1.38943
1.38943
1.38943
1.38943
1.38943
1.38943
1.38943
1.38943
1.38943
1.38943
1.38943
1.38943
1.38943
1.38943
1.38943
1.38943
1.38943
1.38943
1.38943
1.38943
1.38943
1.38943
1.38943
1.38943
1.38943
1.38943
1.38943
1.38943
1.38943
1.38943
1.38943
1.38943
1.38943
1.38943
1.38943
1.38943
1.38943
1.38943
1.38939
1.38934
1.38798
1.38236
1.37326
1.32849
1.32078
1.31779
1.30964
1.28483
1.25775
1.22898
1.22086
1.22086
1.22086
1.22086
1.22086
1.22086
1.22086
1.22086
1.22086
1.22003
1.21755
1.21602
1.20844
1.1796
1.1796
1.1796
1.1796
1.1796
1.1796
1.1796
1.1796
1.1796
1.1796
1.1796
1.1796
1.1796
1.1796
1.1796
1.1796
1.1796
1.1796
1.1796
1.1796
1.1796
1.1796
1.1796
1.1796
1.1796
1.1796
1.1796
1.1796
1.1795
1.1795
1.1792
1.17819
1.17455
1.17455
1.17455
1.17455
1.17464
1.17455
1.17452
1.17437
1.17378
1.17327
1.17327
1.17327
1.17327
1.21438
1.17843
1.17327
1.17327
1.17327
1.17327
1.17327
1.17327
1.17327
1.17327
1.17327
1.17327
1.17327
1.17327
1.17327
1.17327
1.17327
1.17327
1.17327
1.17327
1.17327
1.17327
1.17327
1.17327
1.17327
1.17327
1.17327
1.17326
1.17322
1.17303
1.17281
1.17281
1.17281
1.17281
1.17281
1.17281
1.17281
1.17281
1.17281
1.17281
1.17281
1.17281
1.17281
1.17281
1.17281
1.17281
1.17281
1.17281
1.17281
1.17281
1.17281
1.17281
1.17281
1.17281
1.17281
1.17281
1.17281
1.17281
1.17281
1.17281
1.17281
1.17281
1.17281
1.17281
1.17281
1.17281
1.17281
1.17281
1.17281
1.17281
1.17281
1.17281
1.17281
1.17281
1.17281
1.17281
1.17281
1.17281
1.17281
1.17281
1.17281
1.17281
1.17281
1.17281
1.17281
1.17281
1.17281
1.17281
1.17281
1.17281
1.17281
1.17281
1.17281
1.17281
1.17281
1.17281
1.17281
1.17281
1.17281
1.17281
1.17281
1.17281
1.17281
1.17281
1.17281
1.17281
1.17281
1.17281
1.17281
1.17281
1.17293
1.17281
1.17281
1.17281
1.17281
1.17281
1.17281
1.17281
1.17281
1.17281
1.17281
1.17281
1.17281
1.17281
1.17281
1.17281
1.17281
1.17281
1.17281
1.17281
1.17281
1.17281
1.17281
1.17281
1.17281
1.17281
1.17281
1.17281
1.17281
1.17281
1.17281
1.17281
1.17281
1.17281
1.17281
1.17281
1.17281
1.17281
1.17281
1.17281
1.17281
1.17281
1.17281
1.17281
1.17281
1.17281
1.17281
1.17281
1.17281
1.17281
1.17281
1.17281
1.17281
1.17281
1.17281
1.17281
1.17281
1.17281
1.17281
1.17281
1.17281
1.17281
1.17281
1.17281
1.17281
1.17281
1.17281
1.17281
1.17281
1.17281
1.17281
1.17281
1.17281
1.17281
1.17281
1.17281
1.17281
1.17281
1.17281
1.17281
1.17281
1.17281
1.17281
1.17281
1.17281
1.17281
1.17281
1.17281
1.17281
1.17281
1.17281
1.17281
1.17281
1.17281
1.17281
1.17281
1.17281
1.17281
1.17281
1.17281
1.17281
1.17281
1.17281
1.17281
1.17281
1.17281
1.17281
1.17281
1.17281
1.17281
1.17281
1.17281
1.17281
1.17281
1.17281
1.17281
1.17281
1.17281
1.17281
1.17281
1.17281
1.17281
1.17281
1.17281
1.17281
1.17281
1.17281
1.17281
1.17281
1.17281
1.17281
1.17281
1.17281
1.17281
1.17281
1.17281
1.17281
1.17281
1.17281
1.17281
1.17281
1.17281
1.17281
1.17281
1.17281
1.17281
1.17281
1.17281
1.17281
1.17281
1.17281
1.17281
1.17281
1.17281
1.17281
1.17281
1.17281
1.17281
1.17281
1.17281
1.17281
1.17281
1.17281
1.17281
1.17281
1.17281
1.17281
1.17281
1.17281
1.17281
1.17281
1.17281
1.17281
1.17281
1.17281
1.17281
1.17281
1.17281
1.17281
1.17281
1.17281
1.17281
1.17281
1.17281
1.17281
1.17281
1.17281
1.17281
1.17281
1.17281
1.17281
1.17281
1.17281
1.17281
1.17281
1.17281
1.17281
1.17281
1.17281
1.17281
1.17281
1.17281
1.17281
1.17281
1.17281
1.17281
1.17281
1.17281
1.17281
1.17281
1.17281
1.17281
1.17281
1.17281
1.17281
1.17281
1.17281
1.17281
1.17281
1.17281
1.17281
1.17281
1.17281
1.17281
1.17281
1.17281
1.17281
1.17281
1.17281
1.17281
1.17281
1.17281
1.17281
1.17281
1.17281
1.17281
1.17281
1.17281
1.17281
1.17281
1.17281
1.17281
1.17281
1.17281
1.17281
1.17281
1.17281
1.17281
1.17281
1.17281
1.17281
1.17281
1.17281
1.17281
1.17281
1.17281
1.17281
1.17281
1.17281
1.17281
1.17281
1.17281
1.17281
1.17281
1.17281
1.17281
1.17281
1.17281
1.17281
1.17281
1.17281
1.17281
1.17281
1.17281
1.17281
1.17281
1.17281
1.17281
1.17281
1.17281
1.17281
1.17281
1.17281
1.17281
1.17281
1.17281
1.17281
1.17281
1.17281
1.17281
1.17281
1.17281
1.17281
1.17281
1.17281
1.17281
1.17281
1.17281
1.17281
1.17281
1.17281
1.17281
1.17281
1.17281
1.17281
1.17281
1.17281
1.17281
1.17281
1.17281
1.17281
1.17281
1.17281
1.17281
1.17281
1.17281
1.17281
1.17281
1.17281
1.17281
1.17281
1.17281
1.17281
1.17281
1.17281
1.17281
1.17281
1.17281
1.17281
1.17281
1.17281
1.17281
1.17281
1.17281
1.17281
1.17281
1.17281
1.17281
1.17281
1.17281
1.17281
1.17281
1.17281
1.17281
1.17281
1.17281
1.17281
1.17281
1.17281
1.17281
1.17281
1.17281
1.17281
1.17281
1.17281
1.17281
1.17281
1.17281
1.17281
1.17281
1.17281
1.17281
1.17281
1.17281
1.17281
1.17281
1.17281
1.17281
1.17281
1.17281
1.17281
1.17281
1.17281
1.17281
1.17281
1.17281
1.17281
1.17281
1.17281
1.17281
1.17281
1.17281
1.17281
1.17281
1.17281
1.17281
1.17281
1.17281
1.17281
1.17281
1.17281
1.17281
1.17281
1.17281
1.17281
1.17281
1.17281
1.17281
1.17281
1.17281
1.17281
1.17281
1.17281
1.17281
1.17281
1.17281
1.17281
1.17281
1.17281
1.17281
1.17281
1.17281
1.17281
1.17281
1.17281
1.17281
1.17281
1.17281
1.17281
1.17281
1.17281
1.17281
1.17281
1.17281
1.17281
1.17281
1.17281
1.17281
1.17281
1.17281
1.17281
1.17281
1.17281
1.17281
1.17281
1.17281
1.17281
1.17281
1.17281
1.17281
1.17281
1.17281
1.17281
1.17281
1.17281
1.17281
1.17281
1.17281
1.17281
1.17281
1.17281
1.17281
1.17281
1.17281
1.17281
1.17281
1.17281
1.17281
1.17281
1.17281
1.17281
1.17281
1.17281
1.17281
1.17281
1.17281
1.17281
1.17281
1.17281
1.17281
1.17281
1.17281
1.17281
1.17281
1.17281
1.17281
1.17281
1.17281
1.17281
1.17281
1.17281
1.17281
1.17281
1.17281
1.17281
1.17281
1.17281
1.17281
1.17281
1.17281
1.17281
1.17281
1.17281
1.17281
1.17281
1.17281
1.17281
1.17281
1.17281
1.17281
1.17281
1.17281
1.17281
1.17281
1.17281
1.17281
1.17281
1.17281
1.17281
1.17281
1.17281
1.17281
1.17281
1.17281
1.17281
1.17281
1.17281
1.17281
1.17281
1.17281
1.17281
1.17281
1.17281
1.17281
1.17281
1.17281
1.17281
1.17281
1.17281
1.17281
1.17281
1.17281
1.17281
1.17281
1.17281
1.17281
1.17281
1.17281
1.17281
1.17281
1.17281
1.17281
1.17281
1.17281
1.17281
1.17281
1.17281
1.17281
1.17281
1.17281
1.17281
1.17281
1.17281
1.17281
1.17281
1.17281
1.17281
1.17281
1.17281
1.17281
1.17281
1.17281
1.17281
1.17281
1.17281
1.17281
1.17281
1.17281
1.17281
1.17281
1.17281
1.17281
1.17281
1.17281
1.17281
1.17281
1.17281
1.17281
1.17281
1.17281
1.17281
1.17281
1.17281
1.17281
1.17281
1.17281
1.17281
1.17281
1.17281
1.17281
1.17281
1.17281
1.17281
1.17281
1.17281
1.17281
1.17281
1.17281
1.17281
1.17281
1.17281
1.17281
1.17281
1.17281
1.17281
1.17281
1.17281
1.17281
1.17281
1.17281
1.17281
1.17281
1.17281
1.17281
1.17281
1.17281
1.17281
1.17281
1.17281
1.17281
1.17281
1.17281
1.17281
1.17281
1.17281
1.17281
1.17281
1.17281
1.17281
1.17281
1.17281
1.17281
1.17281
1.17281
1.17281
1.17281
1.17281
1.17281
1.17281
1.17281
1.17281
1.17281
1.17281
1.17281
1.17281
1.17281
1.17281
1.17281
1.17281
1.17281
1.17281
1.17281
1.17281
1.17281
1.17281
1.17281
1.17281
1.17281
1.17281
1.17281
1.17281
1.17281
1.17281
1.17281
1.17281
1.17281
1.17281
1.17281
1.17281
1.17281
1.17281
1.17281
1.17281
1.17281
1.17281
1.17281
1.17281
1.17281
1.17281
