# best half averages
9.76942
8.87783
8.03724
7.3932
6.8446
5.96567
5.67133
5.30787
5.1924
4.86399
4.66506
4.57097
4.45981
4.38684
4.3458
4.24819
4.07406
4.01882
3.97099
3.92591
3.8853
3.80283
3.70423
3.57179
3.42572
3.38096
3.34889
3.32754
3.23646
3.22994
3.2048
3.17384
3.00698
2.96637
2.90716
2.83054
2.81408
2.72421
2.62108
2.59822
2.59668
2.59072
2.55559
2.51799
2.46008
2.39278
2.38948
2.38948
2.38873
2.38358
2.36092
2.35784
2.35639
2.35174
2.32528
2.2854
2.2854
2.28488
2.2812
2.26143
2.25759
2.25188
2.25142
2.25142
2.25142
2.25035
2.24929
2.2467
2.22437
2.19553
2.17548
2.12841
2.12824
2.12742
2.1131
2.10717
1.9908
1.95442
1.94801
1.94695
1.94428
1.93391
1.89277
1.87667
1.87031
1.88754
1.79103
1.79103
1.79103
1.79103
1.79103
1.79103
1.79103
1.791
1.79093
1.79057
1.78965
1.78959
1.79112
1.78918
1.7875
1.78713
1.78709
1.78696
1.78688
1.78688
1.78688
1.78688
1.78688
1.78688
1.78688
1.78688
1.78688
1.78673
1.78611
1.77542
1.75389
1.69616
1.67565
1.63599
1.60626
1.60265
1.59344
1.58607
1.58607
1.58607
1.58607
1.58607
1.58607
1.58607
1.58607
1.58607
1.58607
1.58486
1.58213
1.57008
1.53067
1.53067
1.53067
1.53067
1.53067
1.53067
1.53067
1.53067
1.53067
1.53067
1.53067
1.53067
1.53067
1.53067
1.53067
1.53067
1.53067
1.53067
1.53067
1.53067
1.53067
1.53067
1.53062
1.53058
1.53011
1.52834
1.52834
1.52834
1.52834
1.52834
1.52834
1.52834
1.52834
1.52801
1.58776
1.57917
1.5424
1.52469
1.51279
1.51175
1.51175
1.51175
1.51175
1.51175
1.51175
1.51175
1.51164
1.51118
1.50825
1.5061
1.5061
1.5061
1.5061
1.50516
1.50422
1.49102
1.45908
1.45908
1.45908
1.45908
1.45908
1.45908
1.45908
1.45908
1.45908
1.45908
1.45908
1.5019
1.48346
1.45908
1.45908
1.45908
1.45908
1.45908
1.45908
1.45908
1.45908
1.45908
1.45908
1.45908
1.45908
1.45908
1.45908
1.45908
1.45908
1.45908
1.45908
1.45908
1.45908
1.45908
1.45908
1.45908
1.45908
1.45908
1.45908
1.45908
1.45908
1.45908
1.45908
1.45908
1.45908
1.45908
1.45908
1.45903
1.45903
1.45894
1.45819
1.45674
1.45674
1.45674
1.45674
1.45674
1.45674
1.45674
1.45674
1.45674
1.45674
1.45674
1.45674
1.45674
1.45674
1.45674
1.45674
1.45674
1.45674
1.45674
1.45674
1.45674
1.45674
1.45674
1.45674
1.45674
1.45674
1.45674
1.45674
1.45674
1.45674
1.45674
1.45674
1.45674
1.45674
1.45674
1.45674
1.45674
1.45674
1.45674
1.45674
1.45674
1.45674
1.45674
1.45674
1.45674
1.45674
1.45674
1.45674
1.45674
1.45674
1.45674
1.45674
1.45674
1.45674
1.45674
1.45674
1.45674
1.45674
1.45674
1.45674
1.45674
1.45674
1.45674
1.45674
1.45674
1.45674
1.45674
1.45674
1.45674
1.45674
1.45674
1.45674
1.45674
1.45674
1.45674
1.45674
1.45674
1.45674
1.45674
1.45674
1.45674
1.45674
1.45674
1.45674
1.45674
1.45674
1.45674
1.45674
1.45674
1.45674
1.45674
1.45674
1.45674
1.45674
1.45674
1.45674
1.45674
1.45674
1.45674
1.45674
1.45674
1.45674
1.45674
1.45674
1.45674
1.45674
1.45674
1.45674
1.45674
1.45674
1.45674
1.45674
1.45674
1.45674
1.45674
1.45674
1.45674
1.45674
1.45674
1.45674
1.45674
1.45674
1.45674
1.45674
1.45674
1.45674
1.45674
1.45674
1.45674
1.45674
1.45674
1.45674
1.45674
1.45674
1.45674
1.45674
1.45674
1.45674
1.45674
1.45674
1.45674
1.45674
1.45674
1.45674
1.45674
1.45674
1.45674
1.45674
1.45674
1.45674
1.45674
1.45674
1.45674
1.45674
1.45674
1.45674
1.45674
1.45674
1.45674
1.45674
1.45674
1.45674
1.45674
1.45674
1.45674
1.45674
1.45674
1.45674
1.45674
1.45674
1.45674
1.45674
1.45674
1.45674
1.45674
1.45674
1.45674
1.45674
1.45674
1.45674
1.45674
1.45674
1.45674
1.45674
1.45674
1.45674
1.45674
1.45674
1.45674
1.45674
1.45674
1.45674
1.45674
1.45674
1.45674
1.45674
1.45674
1.45674
1.45674
1.45674
1.45674
1.45674
1.45674
1.45674
1.45674
1.45674
1.45674
1.45674
1.45674
1.45674
1.45674
1.45674
1.45674
1.45674
1.45674
1.45674
1.45674
1.45674
1.45674
1.45674
1.45674
1.45674
1.45674
1.45674
1.45674
1.45674
1.45674
1.45674
1.45674
1.45674
1.45674
1.45674
1.45674
1.45674
1.45674
1.45674
1.45674
1.45674
1.45674
1.45674
1.45674
1.45674
1.45674
1.45674
1.45674
1.45674
1.45674
1.45674
1.45674
1.45674
1.45674
1.45674
1.45674
1.45674
1.45674
1.45674
1.45674
1.45674
1.45674
1.45674
1.45674
1.45674
1.45674
1.45674
1.45674
1.45674
1.45674
1.45674
1.45674
1.45674
1.45674
1.45674
1.45674
1.45674
1.45674
1.45674
1.45674
1.45674
1.45674
1.45674
1.45674
1.45674
1.45674
1.45674
1.45674
1.45674
1.45674
1.45674
1.45674
1.45674
1.45674
1.45674
1.45674
1.45674
1.45674
1.45674
1.45674
1.45674
1.45674
1.45674
1.45674
1.45674
1.45674
1.45674
1.45674
1.45674
1.45674
1.45674
1.45674
1.45674
1.45674
1.45674
1.45674
1.45674
1.45674
1.45674
1.45674
1.45674
1.45674
1.45674
1.45674
1.45674
1.45674
1.45674
1.45674
1.45674
1.45674
1.45674
1.45674
1.45674
1.45674
1.45674
1.4546
1.4546
1.44818
1.42595
1.34973
1.34973
1.34973
1.34905
1.34529
1.328
1.30524
1.27088
1.25016
1.25016
1.24998
1.24943
1.24541
1.24102
1.24102
1.24102
1.24102
1.24102
1.24102
1.24065
1.23791
1.2249
1.22228
1.22135
1.21805
1.2158
1.2158
1.2158
1.2158
1.2158
1.2158
1.2158
1.2158
1.2158
1.2158
1.2158
1.2158
1.2158
1.2158
1.2158
1.2158
1.2158
1.2158
1.2158
1.2158
1.2158
1.2158
1.2158
1.2158
1.2158
1.2158
1.2158
1.2158
1.2158
1.2158
1.2158
1.2158
1.2158
1.2158
1.2158
1.2158
1.2158
1.2158
1.2158
1.2158
1.2158
1.2158
1.2158
1.2158
1.2158
1.2158
1.2158
1.2158
1.2158
1.2158
1.2158
1.2158
1.2158
1.2158
1.2158
1.2158
1.2158
1.2158
1.2158
1.2158
1.2158
1.2158
1.2158
1.2158
1.2158
1.2158
1.2158
1.2158
1.2158
1.2158
1.2158
1.2158
1.2158
1.2158
1.22063
1.2158
1.2158
1.2158
1.2158
1.2158
1.2158
1.2158
1.2158
1.2158
1.2158
1.2158
1.2158
1.2158
1.2158
1.2158
1.2158
1.2158
1.2158
1.2158
1.2158
1.2158
1.2158
1.2158
1.2158
1.2158
1.2158
1.2158
1.2158
1.2158
1.2158
1.2158
1.2158
1.2158
1.2158
1.2158
1.2158
1.2158
1.2158
1.2158
1.2158
1.2158
1.2158
1.2158
1.2158
1.2158
1.2158
1.2158
1.2158
1.2158
1.2158
1.2158
1.2158
1.2158
1.2158
1.2158
1.2158
1.2158
1.2158
1.2158
1.2158
1.2158
1.2158
1.2158
1.2158
1.2158
1.2158
1.2158
1.2158
1.2158
1.2158
1.2158
1.2158
1.2158
1.2158
1.2158
1.2158
1.2158
1.2158
1.2158
1.2158
1.2158
1.2158
1.2158
1.2158
1.21552
1.2158
1.2158
1.2158
1.2158
1.2158
1.2158
1.2158
1.2158
1.2158
1.2158
1.2158
1.2158
1.2158
1.2158
1.2158
1.2158
1.2158
1.2158
1.2158
1.2158
1.2158
1.2158
1.2158
1.2158
1.2158
1.2158
1.2158
1.2158
1.2158
1.2158
1.2158
1.2158
1.2158
1.2158
1.2158
1.2158
1.2158
1.2158
1.2158
1.2158
1.2158
1.2158
1.2158
1.2158
1.2158
1.2158
1.2158
1.2158
1.2158
1.2158
1.2158
1.2158
1.2158
1.2158
1.2158
1.2158
1.2158
1.2158
1.2158
1.2158
1.2158
1.2158
1.2158
1.2158
1.2158
1.2158
1.2158
1.2158
1.2158
1.2158
1.2158
1.2158
1.2158
1.2158
1.2158
1.2158
1.2158
1.2158
1.2158
1.2158
1.2158
1.2158
1.2158
1.2158
1.2158
1.2158
1.2158
1.2158
1.2158
1.2158
1.2158
1.2158
1.2158
1.2158
1.2158
1.2158
1.2158
1.2158
1.2158
1.2158
1.2158
1.2158
1.2158
1.2158
1.2158
1.2158
1.2158
1.2158
1.2158
1.2158
1.2158
1.2158
1.2158
1.2158
1.2158
1.2158
1.2158
1.2158
1.2158
1.2158
1.2158
1.2158
1.2158
1.2158
1.2158
1.2158
1.2158
1.2158
1.2158
1.2158
1.2158
1.2158
1.2158
1.2158
1.2158
1.2158
1.2158
1.2158
1.2158
1.2158
1.2158
1.2158
1.2158
1.2158
1.2158
1.2158
1.2158
1.2158
1.2158
1.2158
1.2158
1.2158
1.2158
1.2158
1.2158
1.2158
1.2158
1.2158
1.2158
1.2158
1.2158
1.2158
1.2158
1.2158
1.2158
1.2158
1.2158
1.2158
1.2158
1.2158
1.2158
1.2158
1.2158
1.2158
1.2158
1.2158
1.2158
1.2158
1.2158
1.2158
1.2158
1.2158
1.2158
1.2158
1.2158
1.2158
1.2158
1.2158
1.2158
1.2158
1.2158
1.2158
1.2158
1.2158
1.2158
1.2158
1.2158
1.2158
1.2158
1.2158
1.2158
1.2158
1.2158
1.2158
1.2158
1.2158
1.2158
1.2158
1.2158
1.2158
1.2158
1.2158
1.2158
1.2158
1.2158
1.2158
1.21691
1.2158
1.2158
1.2158
1.2158
1.2158
1.2158
1.2158
1.2158
1.2158
1.2158
1.2158
1.2158
1.2158
1.2158
1.2158
1.2158
1.2158
1.2158
1.2158
