# best half averages
53.1926
48.2488
43.8562
38.6023
34.2519
31.4234
29.1719
27.1332
25.5019
24.5006
23.9005
22.7595
22.1696
20.9315
20.0974
19.6411
18.6967
17.968
16.927
16.4527
15.9355
15.4527
14.0816
13.7756
13.728
13.6191
13.3977
13.0802
12.6778
12.5804
12.1921
11.5448
11.3599
10.8187
10.0413
10.0226
10.0009
10.0072
9.70446
9.43684
9.18579
9.01279
8.24177
8.20298
8.05467
7.86226
7.67932
7.59516
7.48762
7.34987
7.17826
7.04797
6.90461
6.87245
6.84898
6.7615
6.53432
6.29805
6.18855
5.93026
5.73076
5.25021
4.8967
4.8413
4.66209
4.62476
4.50712
4.45471
4.45184
4.45567
4.45471
4.45376
4.44992
4.43458
4.39928
4.37463
4.30305
4.10098
4.06884
4.03694
3.93315
3.8554
3.6183
3.53429
3.4541
3.29523
3.18665
3.15363
3.09573
2.97343
3.10032
3.05453
3.16586
2.94668
2.94443
2.94313
2.93699
2.91976
2.90913
2.90132
3.03688
2.90527
2.90229
2.90095
2.8813
2.84361
2.81251
2.79691
2.77011
2.68649
2.62838
2.60168
2.60187
2.60187
2.60168
2.60097
2.59974
2.59509
2.59328
2.59009
2.58669
2.58018
2.58621
2.58518
2.58723
2.58723
2.58723
2.58723
2.58723
2.58723
2.58712
2.58702
2.58672
2.58539
2.58342
2.58174
2.57835
2.58174
2.58148
2.58083
2.57396
2.57628
2.57563
2.57563
2.57563
2.57563
2.57453
2.57107
2.54825
2.51226
2.45471
2.34632
2.34464
2.34353
2.3324
2.31959
2.31959
2.31959
2.31959
2.31805
2.31746
2.31454
2.31241
2.32977
2.31805
2.31805
2.31959
2.31959
2.31805
2.31651
2.31959
2.31805
2.31959
2.31805
2.31959
2.31959
2.31959
2.31959
2.31959
2.31959
2.31959
2.31959
2.31959
2.31959
2.31959
2.31959
2.31805
2.31651
2.31033
2.3845
2.31174
2.32791
2.31752
2.31529
2.31137
2.3072
2.30439
2.30727
2.31015
2.30592
2.3301
2.37332
2.30874
2.31143
2.31143
2.31143
2.30989
2.31297
2.31297
2.31297
2.31297
2.31143
2.30989
2.33713
2.31297
2.31143
2.31143
2.30989
2.31143
2.30989
2.31297
2.31297
2.31297
2.31297
2.31297
2.31297
2.31297
2.31297
2.31143
2.31297
2.31297
2.31143
2.31143
2.31143
2.30989
2.31143
2.31143
2.31297
2.31297
2.31297
2.31297
2.31297
2.31297
2.31297
2.31297
2.31297
2.30989
2.30834
2.3093
2.30989
2.31297
2.31297
2.31297
2.31297
2.31297
2.31297
2.31297
2.31297
2.31297
2.31297
2.31297
2.31297
2.31297
2.31297
2.31297
2.31297
2.31297
2.31297
2.31297
2.31297
2.31297
2.31297
2.31297
2.31297
2.31297
2.31297
2.31297
2.31297
2.31297
2.31297
2.31297
2.31297
2.31297
2.31297
2.31297
2.31297
2.31297
2.31143
2.31297
2.31297
2.31297
2.31297
2.31297
2.31297
2.31297
2.31297
2.31297
2.31297
2.31297
2.31297
2.31297
2.31297
2.31297
2.31297
2.31297
2.31297
2.31143
2.31297
2.31297
2.31297
2.31297
2.31143
2.3068
2.30989
2.31297
2.31297
2.31297
2.31297
2.31297
2.31297
2.31143
2.31143
2.30668
2.31297
2.31143
2.31297
2.31297
2.31297
2.31297
2.31297
2.31297
2.31297
2.31297
2.31297
2.31297
2.31297
2.31297
2.31297
2.31297
2.31297
2.31297
2.31297
2.31297
2.31297
2.31297
2.31143
2.31143
2.31296
2.31292
2.31289
2.31123
2.31103
2.3091
2.31214
2.31214
2.31214
2.31214
2.31214
2.3106
2.31214
2.31214
2.31214
2.31214
2.31214
2.31214
2.31214
2.31214
2.31214
2.31214
2.31214
2.31214
2.31214
2.3106
2.31214
2.30584
2.3106
2.3106
2.31214
2.3106
2.31214
2.31214
2.31214
2.31214
2.31214
2.31214
2.31214
2.31214
2.3106
2.30751
2.3106
2.31214
2.31214
2.3106
2.31214
2.31214
2.31214
2.31214
2.31214
2.31214
2.31214
2.3106
2.31156
2.31214
2.31214
2.31214
2.31214
2.3106
2.31214
2.31214
2.31214
2.31214
2.31214
2.31214
2.31214
2.31214
2.30584
2.29955
2.29955
2.27436
2.26806
2.23658
2.17361
2.08185
1.99729
1.99729
1.99729
1.99574
1.9942
2.01659
1.99729
1.99729
1.99729
1.99729
1.99729
1.99729
1.99729
1.99729
1.99729
1.99729
1.99574
1.99266
1.99729
1.99729
1.99729
1.99574
1.99729
1.99729
1.99729
1.99729
1.99729
1.99729
1.99729
1.99729
1.99729
1.99729
1.99729
1.99729
1.99729
1.9967
1.9967
1.99574
1.99729
1.99729
1.99729
1.99729
1.99574
1.99729
1.99729
1.99729
1.99729
1.99729
1.99574
1.99729
1.99729
1.99729
1.99729
1.99729
1.99729
1.99574
1.99574
1.9942
1.99574
1.9942
1.99729
1.99729
1.99574
1.99729
1.99729
1.99729
1.99729
1.99729
1.99574
1.99729
1.99729
1.99729
1.99729
1.99729
1.99729
1.99729
1.99729
1.99729
1.99729
1.99729
1.99729
1.99729
1.99729
1.99729
1.99729
1.99574
1.99729
1.99729
1.99729
1.99729
1.99729
1.99574
1.99729
1.99574
1.99729
1.99729
1.99729
1.99729
1.99729
1.99729
1.99729
1.99729
1.99729
1.99729
1.99729
1.99574
1.99729
1.99729
1.99729
1.99574
1.99729
1.99729
1.99574
1.99574
1.99574
1.9942
1.99266
1.99516
1.99612
1.99612
1.99378
1.99144
2.39645
2.13223
1.99729
1.99729
1.99729
1.99574
1.99574
1.99729
1.99729
1.99729
1.99729
1.99729
1.99729
1.99574
1.99729
1.99729
1.99729
1.99516
1.99729
1.99729
1.99729
1.99574
1.99729
1.99729
1.99729
1.99729
1.99729
1.99574
1.99729
1.99729
1.99729
1.99729
1.99729
1.99729
1.99729
1.99729
1.99729
1.99729
1.99729
1.99574
1.99729
1.99729
1.99729
1.99729
1.99729
1.99729
1.99729
1.99729
1.99729
1.99729
1.99574
1.99729
1.99729
1.99574
1.99729
1.99729
1.99729
1.99729
1.99729
1.99729
1.99729
1.99459
1.99729
1.99729
1.99729
1.99729
1.99729
1.99729
1.99729
1.99729
1.99729
1.99729
1.99729
1.99574
1.99574
1.9942
1.99729
1.99729
1.99729
1.99729
1.99729
1.99729
1.99729
1.99729
1.99729
1.99729
1.99729
1.99729
1.99729
1.99729
1.99729
1.99574
1.99266
1.9942
1.99729
1.99729
1.99729
1.99729
1.99729
1.99729
1.99574
1.99729
1.99729
1.99574
1.9942
1.99729
1.99729
1.99729
1.99729
1.99729
1.99729
1.99516
1.99729
1.99729
1.99729
1.99729
1.99729
1.99729
1.99729
1.99729
1.99729
1.99574
1.99729
1.99729
1.99729
1.99729
1.99729
1.99729
1.99729
1.99729
1.99729
1.99729
1.99729
1.99729
1.99729
1.99729
1.99729
1.99729
1.99729
1.99729
1.99729
1.99729
1.99729
1.99574
1.99729
1.99729
1.99729
1.99729
1.99729
1.99729
1.99729
1.99729
1.99729
1.99729
1.99729
1.99729
1.99729
1.99729
1.99729
1.99729
1.99729
1.99729
1.99729
1.99729
1.99729
1.99729
1.99729
1.99574
1.99729
1.99729
1.99729
1.99729
1.99729
1.99574
1.99729
1.99729
1.99729
1.99729
1.99574
1.99443
1.99729
1.99729
1.99729
1.99729
1.99729
1.99729
1.99729
1.99729
1.99574
1.99729
1.99729
1.99729
1.99574
1.99574
1.9942
1.99266
1.99574
1.99729
1.99729
1.99574
1.99729
1.99729
1.99729
1.99729
1.99574
1.99729
1.99574
1.99729
1.99729
1.99574
1.9942
1.9942
1.9942
1.99574
1.99574
1.99729
1.99729
1.99729
1.99729
1.99729
1.99729
1.99729
1.99729
1.99729
1.9967
1.99729
1.99729
1.99729
1.99729
1.99729
1.99729
1.9942
1.99729
1.99729
1.99729
1.99729
1.99729
1.99729
1.99729
1.99729
1.99574
1.99574
1.99574
1.9942
1.99729
1.99729
1.99729
1.99729
1.99729
1.99574
1.99574
1.99729
1.99729
1.99574
1.99729
1.99729
1.99729
2.0161
1.99729
1.99729
1.99729
1.99729
1.99729
1.99729
1.99729
1.99729
1.99729
1.99729
1.99729
1.99729
1.99574
1.99729
1.99729
1.99729
1.99729
1.99729
1.99729
1.99574
1.99574
1.9942
1.9942
1.99574
1.99729
1.99729
1.99729
1.99729
1.99729
1.99574
1.99729
1.99729
1.99729
1.99729
1.99729
1.99729
1.99729
1.99729
1.99729
1.99729
1.99729
1.99729
1.99729
1.9967
1.99612
1.99729
1.99729
1.99574
1.99729
1.99729
1.99729
1.99729
1.99729
1.99729
1.99729
1.99729
1.99729
1.99729
1.99729
1.99729
1.99729
1.99729
1.99729
1.99729
1.99574
1.99729
1.99729
1.99729
1.9942
1.99574
1.99574
1.99574
1.99574
1.9942
1.9942
1.99574
1.99729
1.99729
1.99729
1.99729
1.99729
1.99729
1.99729
1.99729
1.99729
1.99729
1.99729
1.99729
1.99729
1.99729
1.99729
1.99729
1.99729
1.99729
1.99729
1.99729
1.99729
1.99574
1.99729
1.99729
1.99574
1.99574
1.99729
1.99729
1.99729
1.99574
1.99729
1.99729
1.99729
1.99729
1.99574
1.99729
1.99729
1.99574
1.99574
1.99574
1.99729
1.99729
1.99729
1.99729
1.99729
1.99729
1.99729
1.99729
1.99729
1.99729
1.99574
1.99729
1.99729
1.99729
1.9967
1.99729
1.99729
1.99729
1.99729
1.99729
1.99574
1.99729
1.99574
1.99574
1.99729
1.99729
1.99729
1.99574
1.99729
1.99729
1.99729
1.99729
1.99729
1.99729
1.99574
1.99729
1.99729
1.99729
1.99574
1.99729
1.99729
1.99729
1.99729
1.99729
1.99729
1.99729
1.99729
1.99729
1.99729
1.99729
1.99729
1.99729
1.99729
1.99729
1.99729
1.99729
1.99729
1.99729
1.99729
1.99729
1.99516
1.99528
1.9967
1.99729
1.99729
1.99729
1.99729
1.99729
1.99729
1.99729
1.99729
1.99574
1.99574
1.99729
1.99729
1.99729
1.99729
1.99729
1.99729
1.99729
1.99729
