# best half averages
51.9744
47.4618
44.7018
41.5255
38.8421
36.2958
33.3206
31.879
29.0758
25.717
25.0695
24.0784
23.0846
22.2588
21.8766
20.8547
20.416
19.9636
18.3981
17.0341
17.0951
15.7902
14.7805
13.697
13.7748
13.7454
13.2704
12.2778
12.1738
12.1618
12.0615
11.8847
11.4459
10.363
10.2605
10.2235
10.108
10.117
9.80581
9.75267
9.49596
9.22732
9.09254
9.00775
9.04839
8.99287
8.95558
8.85773
8.57385
7.38001
6.4814
6.37975
6.16297
5.95666
5.83769
5.70695
5.62454
5.59273
5.48632
5.3903
5.3597
5.2413
5.06915
4.96022
4.77264
4.59851
4.57961
4.55823
4.52688
4.5015
4.4992
4.49118
4.47092
4.46622
4.46025
4.42579
4.32803
4.32116
4.31862
4.30816
4.29538
4.23008
4.21827
4.20427
4.19418
4.19418
4.19394
4.19228
4.18487
4.16919
4.15578
4.09492
4.08411
4.08411
4.08411
4.07798
4.0548
4.0062
3.73205
3.59995
3.29142
3.27383
3.28265
3.21048
3.02304
3.0168
2.98781
2.91749
2.90151
2.87688
2.82823
2.82823
2.82823
2.82823
2.82823
2.82823
2.82823
2.82823
2.82488
2.80817
2.78478
2.71434
2.66098
2.6607
2.65971
2.65617
2.65405
2.65405
2.65405
2.65405
2.65363
2.65156
2.64825
2.63955
2.63333
2.63333
2.63333
2.63333
2.63333
2.63333
2.63333
2.63333
2.63333
2.63333
2.63333
2.63333
2.63333
2.63333
2.63333
2.63333
2.63333
2.63333
2.63333
2.63333
2.78664
2.63333
2.63333
2.63333
2.63333
2.63333
2.63333
2.63333
2.63333
2.62821
2.61303
2.60317
2.55534
2.46821
2.37761
2.37252
2.3688
2.35299
2.3381
2.33066
2.33066
2.33066
2.33042
2.33018
2.32958
2.32813
2.32559
2.32462
2.32462
2.32462
2.32462
2.32462
2.32462
2.32462
2.32462
2.32462
2.32462
2.32462
2.32462
2.32462
2.32462
2.32462
2.32462
2.32462
2.32462
2.32462
2.32462
2.32462
2.32462
2.32462
2.32462
2.32462
2.32462
2.32462
2.32462
2.32462
2.32462
2.32462
2.32462
2.32462
2.32462
2.32462
2.32098
2.30638
2.28733
2.30193
2.26306
2.25181
2.2599
2.24371
2.20326
2.04953
1.92008
1.92008
1.92008
1.92008
1.92008
1.92008
1.92008
1.92008
1.92008
1.92008
1.92008
1.92008
1.92008
1.92008
1.92008
1.92008
1.92008
1.92008
1.92008
1.92008
1.92008
1.92008
1.92008
1.92008
1.92008
1.92008
1.92008
1.92008
1.92008
1.92008
1.92008
1.92008
1.92008
1.92008
1.92008
1.92008
1.92008
1.92008
1.92008
1.92008
1.92008
1.92008
1.92008
1.92008
1.92008
1.92008
1.92008
1.92008
1.92008
1.92008
1.92008
1.92008
1.92008
1.92008
1.92008
1.92008
1.92008
1.92008
1.92008
1.92008
1.92008
1.92008
1.92008
1.92008
1.92008
1.92008
1.92008
1.92008
1.92008
1.92008
1.92008
1.92008
1.92008
1.92008
1.92008
1.92008
1.92008
1.92008
1.92008
1.92008
1.92008
1.92008
1.92008
1.92008
1.92008
1.92008
1.92008
1.92008
1.92008
1.92008
1.92008
1.92008
1.92008
1.92008
1.92008
1.92008
1.92008
1.92008
1.92008
1.92008
1.92008
1.92008
1.92008
1.92008
1.92008
1.92008
1.92008
1.92008
1.92008
1.92008
1.92008
1.92008
1.92008
1.92008
1.92008
1.92008
1.92008
1.92008
1.92008
1.92008
1.92008
1.92008
1.92008
1.92008
1.92008
1.92008
1.92008
1.92008
1.92008
1.92008
1.92008
1.92008
1.92008
1.92008
1.92008
1.92008
1.92008
1.92008
1.92008
1.92008
1.92008
1.92008
1.92008
1.92008
1.92008
1.92008
1.92008
1.92008
1.92008
1.92008
1.92008
1.92008
1.92008
1.92008
1.92008
1.92008
1.92008
1.92008
1.92008
1.92008
1.92008
1.92008
1.92008
1.92008
1.92008
1.92008
1.92008
1.92008
1.92008
1.92008
1.92008
1.92008
1.92008
1.92008
1.92008
1.92008
1.92008
1.92008
1.92008
1.92008
1.92008
1.92008
1.92008
1.92008
1.92008
1.92008
1.92008
1.92008
1.92008
1.92008
1.92008
1.92008
1.92008
1.92008
1.92008
1.92008
1.92008
1.92008
1.92008
1.92008
1.92008
1.92008
1.92008
1.92008
1.92008
1.92008
1.92008
1.92008
1.92008
1.92008
1.92008
1.92008
1.92008
1.92008
1.92008
1.92008
1.92008
1.92008
1.92008
1.92008
1.92008
1.92008
1.92008
1.92008
1.92008
1.92008
1.92008
1.92008
1.92008
1.92008
1.92008
1.92008
1.92008
1.92008
1.92008
1.92008
1.92008
1.92008
1.92008
1.92008
1.92008
1.92008
1.92008
1.92008
1.92008
1.92008
1.92008
1.92008
1.92008
1.92008
1.92008
1.92008
1.92008
1.92008
1.92008
1.92008
1.92008
1.92008
1.92008
1.92008
1.92008
1.92008
1.92008
1.92008
1.92008
1.92008
1.92008
1.92008
1.92008
1.92008
1.92008
1.92008
1.92008
1.92217
1.92008
1.92008
1.92008
1.92008
1.92008
1.92008
1.92008
1.92008
1.92008
1.92008
1.92008
1.92008
1.92008
1.92008
1.92008
1.92008
1.92008
1.92008
1.92008
1.92008
1.92008
1.92008
1.92008
1.92008
1.92008
1.92008
1.92008
1.92008
1.92008
1.92008
1.92008
1.92008
1.92008
1.92008
1.92008
1.92008
1.92008
1.92008
1.92008
1.92008
1.92008
1.92008
1.92008
1.92008
1.92008
1.92008
1.92008
1.92008
1.92008
1.92008
1.92008
1.92008
1.92008
1.92008
1.92008
1.92008
1.92008
1.92008
1.92008
1.92008
1.92008
1.92008
1.92008
1.92008
1.92008
1.92008
1.92008
1.92008
1.92008
1.92008
1.92008
1.92008
1.92008
1.92008
1.92008
1.92008
1.92008
1.92008
1.92008
1.92008
1.92008
1.92008
1.92008
1.92008
1.92008
1.92008
1.92008
1.92054
1.92008
1.92008
1.92008
1.92008
1.92008
1.92008
1.92008
1.92008
1.92008
1.92008
1.92008
1.92008
1.92008
1.92008
1.92008
1.92008
1.92008
1.92008
1.92008
1.92008
1.92008
1.92008
1.92008
1.92008
1.92008
1.92008
1.92008
1.92008
1.92008
1.92008
1.92008
1.92008
1.92008
1.92008
1.92008
1.92008
1.92008
1.92008
1.92008
1.92008
1.92008
1.92008
1.92008
1.92008
1.92008
1.92008
1.92008
1.92008
1.92008
1.92008
1.92008
1.92008
1.92008
1.92008
1.92008
1.92008
1.92008
1.92008
1.92008
1.92008
1.92008
1.92008
1.92008
1.92008
1.92008
1.92008
1.92008
1.92008
1.92008
1.92008
1.92008
1.92008
1.92008
1.92008
1.92008
1.92008
1.92008
1.92008
1.92008
1.92008
1.92008
1.92008
1.92008
1.92008
1.92008
1.92008
1.92008
1.92008
1.92008
1.92008
1.92008
1.92008
1.92008
1.92008
1.92008
1.92008
1.92008
1.92008
1.92008
1.92008
1.92008
1.92008
1.92008
1.92008
1.92008
1.92008
1.92008
1.92008
1.92008
1.92008
1.92008
1.92008
1.92008
1.92008
1.92008
1.92008
1.92008
1.92008
1.92008
1.92008
1.92008
1.92008
1.92008
1.92008
1.92008
1.92008
1.92008
1.92008
1.92008
1.92008
1.92008
1.92008
1.92008
1.92008
1.92008
1.92008
1.92008
1.92008
1.92008
1.92008
1.92008
1.92008
1.92008
1.92008
1.92008
1.92008
1.92008
1.92008
1.92008
1.92008
1.92008
1.92008
1.92008
1.92008
1.92008
1.92008
1.92008
1.92008
1.92008
1.92008
1.92008
1.92008
1.92008
1.92008
1.92008
1.92008
1.92008
1.92008
1.92008
1.92008
1.92008
1.92008
1.92008
1.92008
1.92008
1.92008
1.92008
1.92008
1.92008
1.92008
1.92008
1.92008
1.92008
1.92008
1.92008
1.92008
1.92008
1.92008
1.92008
1.92008
1.92008
1.92008
1.92008
1.92008
1.92008
1.92008
1.92008
1.92008
1.92008
1.92008
1.92008
1.92008
1.92008
1.92008
1.92008
1.92008
1.92008
1.92008
1.92008
1.92008
1.92008
1.92008
1.92008
1.92008
1.92008
1.92008
1.92008
1.92008
1.92008
1.92008
1.92008
1.92008
1.92008
1.92008
1.92008
1.92008
1.92008
1.92008
1.92008
1.92008
1.92008
1.92008
1.92008
1.92008
1.92008
1.92008
1.92008
1.92008
1.92008
1.92008
1.92008
1.92008
1.92008
1.92008
1.92008
1.92008
1.92008
1.92008
1.92008
1.92008
1.92008
1.92008
1.92008
1.92008
1.92008
1.92008
1.92008
1.92008
1.92008
1.92008
1.92008
1.92008
1.92008
1.92008
1.92008
1.92008
1.92008
1.92008
1.92008
1.92008
1.92008
1.92008
1.92008
1.92008
1.92008
1.92008
1.92008
1.92008
1.92008
1.92008
1.92008
1.92008
1.92008
1.92008
1.92008
1.92008
1.92008
1.92008
1.92008
1.92008
1.92008
1.92008
1.92008
1.92008
1.92008
1.92008
1.92008
1.92008
1.92008
1.92008
1.92008
1.92008
1.92008
1.92008
1.92008
1.92008
1.92008
1.92008
1.92008
1.92008
1.92008
1.92008
1.92008
1.92008
1.92008
1.92008
1.92008
1.92008
1.92008
1.92008
1.92008
1.92008
1.92008
1.92008
1.92008
1.92008
1.92008
1.92008
1.92008
1.92008
1.92008
1.92008
1.92008
1.92008
1.92008
1.92008
1.92008
1.92008
1.92008
1.92008
1.92008
1.92008
1.92008
1.92008
1.92008
1.92008
1.92008
1.92008
1.92008
1.92008
1.92008
1.92008
1.92008
1.92008
1.92008
1.92008
1.92008
1.92008
1.92008
1.92008
1.92008
1.92008
1.92008
1.92008
1.92008
1.92008
1.92008
1.92008
1.92008
1.92008
1.92008
1.92008
1.92008
1.92008
1.92008
1.92008
1.92008
1.92008
1.92008
1.92008
1.92008
1.92008
1.92008
1.92008
1.92008
1.92008
1.92008
1.92008
1.92008
1.92008
1.92008
1.92008
1.92008
1.92008
1.92008
1.92008
1.92008
1.92008
1.92008
1.92008
1.92008
1.92008
1.92008
1.92008
1.92008
1.92008
1.92008
1.92008
1.92008
1.92008
1.92008
1.92008
