# best half averages
52.0121
47.2795
43.0371
39.1131
35.4206
32.1723
28.8029
27.3064
25.8237
25.5381
24.0923
21.4766
20.1852
19.0472
18.2995
17.5661
17.2042
16.8939
16.4014
15.7854
15.5811
15.7415
15.1652
14.1642
13.8727
14.4032
13.2095
13.0971
12.4761
11.8957
11.6198
11.3635
11.8353
11.3095
11.1753
11.0282
10.834
10.2864
10.0029
9.95384
9.77336
9.59683
9.45778
9.28869
9.28603
9.27267
9.23195
9.11437
9.01561
9.00377
8.97391
8.86661
8.8647
8.85581
8.83548
8.83536
8.83473
8.82621
8.80411
8.73571
8.46721
8.42524
8.41947
8.43317
8.39344
9.0537
8.26487
8.26487
8.2626
8.24319
8.10277
7.88913
7.6981
7.53688
7.53688
7.53658
7.53634
7.53539
7.53283
7.55043
7.52452
7.52452
7.52452
7.52452
7.51555
7.48863
7.36756
7.07589
7.07589
7.07577
7.07589
7.07589
7.07589
7.07515
7.08941
7.05265
7.00474
6.8072
6.62517
6.3924
6.38778
6.37227
6.35865
6.34207
6.32442
6.30141
6.29991
6.29392
6.25381
6.21874
6.20319
6.16313
6.01209
5.81775
5.77896
5.77896
5.77793
5.77484
5.76349
5.72739
5.72678
5.72617
5.72251
5.7076
5.68942
5.68034
5.63366
5.62201
5.62201
5.62201
5.62201
5.62201
5.62201
5.62201
5.62201
5.62201
5.62201
5.62201
5.62201
5.62201
5.62097
5.62108
5.61737
5.59511
5.57562
5.57561
5.57559
5.57552
5.57446
5.57377
5.5717
5.56358
5.55032
5.54117
5.54117
5.54117
5.54117
5.54117
5.54117
5.54117
5.54117
5.54117
5.54117
5.54117
5.54117
5.54117
5.54117
5.54117
5.54117
5.54117
5.54117
5.54117
5.54117
5.54117
5.54115
5.54111
5.54088
5.54063
5.54063
5.54063
5.54063
5.54063
5.54063
5.54063
5.54063
5.54063
5.54063
5.54063
5.54063
5.54063
5.54063
5.54063
5.54063
5.54063
5.54063
5.54063
5.54063
5.54063
5.54063
5.54063
5.54063
5.54063
5.54063
5.54051
5.54063
5.54063
5.54063
5.54063
5.54063
5.54063
5.54063
5.54063
5.54063
5.54063
5.54063
5.54063
5.54063
5.54063
5.54063
5.54063
5.54063
5.54063
5.54063
5.54063
5.54063
5.54063
5.54063
5.54063
5.54063
5.54063
5.54063
5.54063
5.54063
5.54063
5.54063
5.54063
5.54063
5.54063
5.54063
5.54063
5.54063
5.54063
5.54063
5.54063
5.54063
5.54063
5.54063
5.54063
5.54063
5.54063
5.54063
5.54063
5.54063
5.54063
5.54063
5.54063
5.54051
5.54014
5.53905
5.53529
5.53456
5.53456
5.53456
5.53456
5.53456
5.53456
5.53456
5.53456
5.53456
5.53456
5.53456
5.53456
5.53456
5.53456
5.53456
5.53456
5.53456
5.53456
5.53456
5.53444
5.5335
5.5302
5.52867
5.52867
5.52867
5.52867
5.52867
5.52867
5.52867
5.52867
5.52867
5.52867
5.52867
5.52867
5.52867
5.52867
5.52867
5.52867
5.52867
5.52867
5.52867
5.52867
5.52867
5.52867
5.52867
5.52867
5.52867
5.52867
5.52867
5.52867
5.52867
5.52867
5.52867
5.52867
5.52867
5.52867
5.52867
5.52867
5.52867
5.52867
5.52867
5.52867
5.52867
5.52867
5.52867
5.52867
5.52867
5.52867
5.52867
5.52867
5.52867
5.52867
5.52867
5.52867
5.52867
5.52867
5.52867
5.52867
5.52867
5.52867
5.52867
5.52867
5.52867
5.52867
5.52867
5.52867
5.52867
5.52867
5.52867
5.52867
5.52867
5.52867
5.52867
5.52867
5.52846
5.52806
5.52705
5.52262
5.51859
5.51859
5.51859
5.51859
5.51859
5.51859
5.51859
5.51859
5.51859
5.51859
5.51859
5.51859
5.51859
5.51859
5.51859
5.51859
5.51859
5.51859
5.51859
5.51859
5.51859
5.51859
5.51859
5.51859
5.51859
5.51859
5.51859
5.51859
5.51859
5.51859
5.51859
5.51859
5.5185
5.51842
5.51825
5.51766
5.51521
5.51437
5.51437
5.51437
5.51437
5.51437
5.51437
5.51437
5.51437
5.51437
5.51437
5.51437
5.51437
5.51437
5.51437
5.51437
5.51437
5.51437
5.51437
5.51437
5.51437
5.51437
5.51437
5.51437
5.51437
5.51437
5.51437
5.51437
5.51437
5.51431
5.51415
5.51358
5.51174
5.51174
5.51174
5.51174
5.51174
5.51174
5.51174
5.51174
5.51174
5.51174
5.51174
5.51174
5.51174
5.51174
5.51174
5.51174
5.51174
5.51174
5.51174
5.51174
5.51174
5.51174
5.51174
5.51174
5.51174
5.51174
5.51174
5.51174
5.51174
5.51174
5.51174
5.51174
5.51174
5.51174
5.51174
5.51174
5.51174
5.51174
5.51174
5.51174
5.51174
5.51174
5.51174
5.51174
5.51174
5.51174
5.51174
5.51174
5.51174
5.51174
5.51174
5.51174
5.51174
5.51174
5.51174
5.51174
5.51174
5.51174
5.51174
5.51174
5.51174
5.51174
5.51174
5.51174
5.51174
5.51174
5.51174
5.51174
5.51174
5.51174
5.51174
5.51174
5.51174
5.51174
5.51174
5.51174
5.51174
5.51174
5.51174
5.51174
5.51174
5.51174
5.51174
5.51174
5.51174
5.51174
5.51174
5.51174
5.51174
5.51174
5.51174
5.51174
5.51174
5.51174
5.51174
5.51174
5.51174
5.51174
5.51174
5.51174
5.51174
5.51174
5.51174
5.51174
5.51174
5.51174
5.51174
5.51174
5.51174
5.51174
5.51174
5.51174
5.51174
5.51174
5.51174
5.51174
5.51174
5.51174
5.51174
5.51174
5.51174
5.51174
5.51174
5.51174
5.51174
5.51174
5.51174
5.51174
5.51174
5.51174
5.51174
5.51174
5.51174
5.51174
5.51174
5.51174
5.51174
5.51174
5.51174
5.51174
5.51174
5.51174
5.51174
5.51174
5.51174
5.51174
5.51174
5.51174
5.51174
5.51174
5.51174
5.51174
5.51174
5.51174
5.51174
5.51174
5.51174
5.51174
5.51174
5.51174
5.51174
5.51174
5.51174
5.51174
5.51174
5.51174
5.51174
5.51174
5.51174
5.51174
5.51174
5.51174
5.51174
5.51174
5.51174
5.51174
5.51174
5.51174
5.51174
5.51174
5.51174
5.51174
5.51174
5.51174
5.51174
5.51174
5.51174
5.51174
5.51174
5.51174
5.51174
5.51174
5.51174
5.51174
5.51174
5.51174
5.51174
5.51174
5.51174
5.51174
5.51174
5.51174
5.51174
5.51174
5.51174
5.51174
5.51174
5.51174
5.51174
5.51174
5.51174
5.51174
5.51174
5.51174
5.51174
5.51174
5.51174
5.51174
5.51174
5.51174
5.51174
5.51174
5.51174
5.51174
5.51174
5.51174
5.51174
5.51174
5.51174
5.51174
5.51174
5.51174
5.51174
5.51174
5.51174
5.51174
5.51174
5.51174
5.51174
5.51174
5.51174
5.51174
5.51174
5.51174
5.51174
5.51174
5.51174
5.51174
5.51174
5.51174
5.51174
5.51174
5.51174
5.51174
5.51174
5.51174
5.51174
5.51174
5.51174
5.51174
5.51174
5.51174
5.51174
5.51174
5.51174
5.51174
5.51174
5.51174
5.51174
5.51174
5.51174
5.51174
5.51174
5.51174
5.51174
5.51174
5.51174
5.51174
5.51174
5.51174
5.51174
5.51174
5.51174
5.51174
5.51174
5.51174
5.51174
5.51174
5.51174
5.51174
5.51174
5.51174
5.51174
5.51174
5.51174
5.51174
5.51174
5.51174
5.51174
5.51174
5.51174
5.51174
5.51174
5.51174
5.51174
5.51174
5.51174
5.51174
5.51174
5.51174
5.51174
5.51174
5.51174
5.51174
5.51174
5.51174
5.51174
5.51174
5.51174
5.51174
5.51174
5.51174
5.51174
5.51174
5.51174
5.51174
5.51174
5.51174
5.51174
5.51174
5.51174
5.51174
5.51174
5.51174
5.51174
5.51174
5.51174
5.51174
5.51174
5.51174
5.51174
5.51174
5.51174
5.51174
5.51174
5.51174
5.51174
5.51174
5.51174
5.51174
5.77993
5.69964
5.51174
5.51174
5.51174
5.51174
5.51174
5.51174
5.51174
5.51174
5.51174
5.51174
5.51174
5.51174
5.51174
5.51174
5.51174
5.51174
5.51174
5.51174
5.51174
5.51174
5.51174
5.51174
5.51174
5.51174
5.51174
5.51174
5.51174
5.51174
5.51174
5.51174
5.51174
5.51174
5.51174
5.51174
5.51174
5.51174
5.51174
5.51174
5.51174
5.51174
5.51174
5.51174
5.51174
5.51174
5.51174
5.51174
5.51174
5.51174
5.51174
5.51174
5.51174
5.51174
5.51174
5.51174
5.51174
5.51174
5.51174
5.51174
5.51174
5.51174
5.51174
5.51174
5.51174
5.51174
5.51174
5.51174
5.51174
5.51174
5.51174
5.51174
5.51174
5.51174
5.51174
5.51174
5.51174
5.51174
5.51174
5.51174
5.51174
5.51174
5.51174
5.51174
5.51174
5.51174
5.51174
5.51174
5.51174
5.51174
5.51174
5.51174
5.51174
5.51174
5.51174
5.51174
5.51174
5.51174
5.51174
5.51174
5.51174
5.51174
5.51174
5.51174
5.51174
5.51174
5.51174
5.51174
5.51174
5.51174
5.51174
5.51174
5.51174
5.51174
5.51174
5.51174
5.51174
5.51174
5.51174
5.51174
5.51174
5.51174
5.51174
5.51174
5.51174
5.51174
5.51174
5.51174
5.51174
5.51174
5.51174
5.51174
5.51174
5.51174
5.51174
5.51174
5.51174
5.51174
5.51174
5.51174
5.51174
5.51174
5.51174
5.51174
5.51174
5.51174
5.51174
5.51174
5.51174
5.51174
5.51174
5.51174
5.51174
5.51174
5.51174
5.51174
5.51174
5.51174
5.51174
5.51174
5.51174
5.51174
5.51174
5.51174
5.51174
5.51174
5.51174
5.51174
5.51174
5.51174
5.51174
5.51174
5.51174
5.51174
5.51174
5.51174
5.51174
5.51174
5.51174
5.51174
5.51174
5.51174
5.51174
5.51174
5.51174
5.51174
5.51174
5.51174
5.51174
5.51174
5.51174
5.51174
5.51174
5.51174
5.51174
5.51174
5.51174
5.51174
5.51174
5.51174
5.51174
5.51174
5.51174
5.51174
5.51174
5.51174
5.51174
5.51174
5.51174
5.51174
5.51174
5.51174
5.51174
5.51174
5.51174
5.51174
5.51174
5.51174
5.51174
5.51174
5.51174
5.51174
5.51174
5.51174
