# best half averages
52.5027
48.9345
45.4477
41.9906
39.4844
35.6024
32.5396
29.1607
27.2115
24.4116
22.8698
21.7644
21.054
20.2084
19.2485
18.8973
18.2659
17.6385
17.2511
16.9152
16.8922
16.5792
16.2033
15.6163
15.2434
14.9506
14.1381
13.8287
13.3667
12.7621
12.4534
11.9522
11.9208
11.8923
11.8252
11.7947
11.6863
11.2828
11.1855
11.1855
11.1809
11.1598
11.0485
10.9458
10.9094
10.8328
10.5469
9.78516
9.59828
9.37667
9.00891
8.70284
8.36573
8.35919
8.35159
8.30528
8.23304
8.19525
8.1491
8.13058
8.04752
7.92914
7.86759
7.83015
7.82334
7.77571
7.719
7.719
7.71891
7.71862
7.71771
7.71336
7.70935
7.80792
7.67822
7.67822
7.6593
7.59391
7.59472
7.52495
7.52495
7.52495
7.52495
7.52495
7.52495
7.52495
7.52495
7.52495
7.52495
7.52485
7.52455
7.52282
7.51987
7.51987
7.51987
7.51987
7.51987
7.51987
7.513
7.50612
7.49237
7.39612
7.17612
7.17612
7.17612
7.17612
7.17612
7.17612
7.17612
7.17612
7.17612
7.17612
7.17612
7.17612
7.17612
7.17608
7.17603
7.17353
7.15848
7.28873
7.06753
7.01945
6.82661
6.79154
6.79154
6.79154
6.79154
6.79154
6.79154
6.79381
6.79154
6.79154
6.79154
6.79154
6.79154
6.79154
6.79154
6.79154
6.79154
6.79154
6.79137
6.79119
6.79012
6.94081
6.77955
6.77853
8.19718
6.98482
6.86805
6.78058
6.78263
6.78263
6.78263
6.77685
6.77685
6.77107
6.75369
6.71314
6.67394
6.49366
6.49366
6.49366
6.49366
6.49366
6.49366
6.49366
6.49354
6.49366
6.49366
6.49253
6.48914
6.47673
6.43723
6.43723
6.43723
6.50938
6.43723
6.43723
6.43723
6.43723
6.43723
6.43719
6.43709
6.43654
6.43491
6.43491
6.43491
6.43491
6.56503
6.44389
6.43491
6.43491
6.43491
6.43491
6.43491
6.43491
6.43491
6.43491
6.43491
6.43491
6.43455
6.43491
6.43491
6.43491
6.43491
6.43491
6.43491
6.43491
6.43491
6.43491
6.4349
6.43488
6.43482
6.43449
6.43408
6.43249
6.4283
6.42842
6.42842
6.42842
6.42842
6.74682
7.07344
6.72664
6.4283
6.42818
6.42757
8.0848
7.15555
6.44333
6.42191
6.42103
6.41616
6.40025
6.40025
6.40023
6.40019
6.40012
6.40012
6.40012
6.40012
6.40012
6.40012
6.40012
6.40012
6.40012
6.40012
6.40012
6.40012
6.40012
6.40012
6.40012
6.40012
6.40012
6.40012
6.40012
6.40012
6.40012
6.40012
6.40012
6.40012
6.40012
6.40012
6.48742
6.62068
6.40012
6.45732
6.5151
6.40012
6.40012
6.40012
6.40012
6.40012
6.40012
6.40012
6.40012
6.40012
6.40012
6.40012
6.40012
6.40012
6.40012
6.40012
6.40012
6.4
6.39987
6.39975
6.39839
6.39393
6.39393
6.39393
6.39393
6.39393
6.39393
6.39251
6.38272
6.34891
6.3227
6.3227
6.3227
6.3227
6.3227
6.3227
6.3227
6.3227
6.3227
6.3227
6.3227
6.3227
6.3227
6.3227
6.3227
6.3227
6.3227
6.3227
6.3227
6.3227
6.3227
6.3227
6.3227
6.3227
6.3227
6.3227
6.3227
6.3227
6.3227
6.3227
6.3227
6.3227
6.32249
6.32153
6.31969
6.31209
6.31209
6.31209
6.31209
6.31209
6.31209
6.31209
6.31209
6.31209
6.31209
6.31209
6.31209
6.31209
6.31209
6.31209
6.31209
6.31209
6.31209
6.31209
6.31209
6.31209
6.31209
6.31209
6.31209
6.31209
6.31209
6.31209
6.31209
6.31209
6.31209
6.31209
6.31209
6.31209
6.31209
6.31209
6.31209
6.31209
6.31209
6.31209
6.31209
6.31209
6.31209
6.31209
6.31197
6.31174
6.31115
6.30855
6.30619
6.30619
6.30619
6.30619
6.30619
6.30619
6.30619
6.30619
6.30619
6.30619
6.30619
6.30619
6.30619
6.30619
6.30619
6.30619
6.30619
6.30619
6.30619
6.30619
6.30619
6.30619
6.30619
6.30619
6.30619
6.30619
6.30619
6.30619
6.30619
6.30619
6.30619
6.30619
6.30619
6.30619
6.30619
6.30619
6.30619
6.30619
6.30619
6.30619
6.30619
6.30619
6.30619
6.30619
6.30619
6.30619
6.30619
6.30619
6.30619
6.30619
6.30619
6.30619
6.30619
6.30619
6.30619
6.30619
6.30619
6.30619
6.30619
6.30619
6.30619
6.30619
6.30619
6.30619
6.30619
6.30619
6.30619
6.30619
6.30619
6.30619
6.30619
6.30619
6.30619
6.30619
6.30619
6.30619
6.30619
6.30619
6.30619
6.30619
6.30619
6.30619
6.30619
6.30619
6.30619
6.30619
6.30619
6.30619
6.30619
6.30619
6.30619
6.30619
6.30619
6.30619
6.30619
6.30619
6.30619
6.30619
6.30619
6.30619
6.30619
6.30619
6.30619
6.30619
6.30619
6.30619
6.30619
6.30619
6.30619
6.30619
6.30619
6.30619
6.30619
6.30619
6.30619
6.30619
6.30619
6.30619
6.30619
6.30619
6.30619
6.30619
6.30619
6.30619
6.30619
6.30619
6.30619
6.30619
6.30619
6.30619
6.30619
6.30619
6.30619
6.30619
6.30619
6.30619
6.30619
6.30619
6.30619
6.30619
6.30619
6.30619
6.30619
6.30619
6.30619
6.30619
6.30619
6.30619
6.30619
6.30619
6.30619
6.30619
6.30619
6.30619
6.30619
6.30619
6.30619
6.30619
6.30619
6.30619
6.30619
6.30619
6.30619
6.30619
6.30619
6.30619
6.30619
6.30619
6.30619
6.30619
6.30619
6.30619
6.30619
6.30619
6.30619
6.30619
6.30619
6.30619
6.30619
6.30619
6.30619
6.30619
6.30619
6.30619
6.30619
6.30619
6.30619
6.30619
6.30619
6.30619
6.30619
6.30619
6.30619
6.30619
6.30619
6.30619
6.30619
6.30619
6.30619
6.30619
6.30619
6.30619
6.30619
6.30619
6.30619
6.30619
6.30619
6.30619
6.30619
6.30619
6.30619
6.30619
6.30619
6.30619
6.30619
6.30619
6.30619
6.30619
6.30619
6.30619
6.30619
6.30619
6.30619
6.30619
6.30619
6.30619
6.30619
6.30619
6.30619
6.30619
6.30619
6.30619
6.30619
6.30619
6.30619
6.30619
6.30619
6.30619
6.30619
6.30619
6.30619
6.30619
6.30619
6.30619
6.30619
6.30619
6.30619
6.30619
6.30619
6.30619
6.30619
6.30619
6.30619
6.30619
6.30619
6.30619
6.30619
6.30619
6.30619
6.30619
6.30619
6.30619
6.30619
6.30619
6.30619
6.30619
6.30619
6.30619
6.30619
6.30619
6.30619
6.30619
6.30619
6.30619
6.30619
6.30619
6.30619
6.30619
6.30619
6.30619
6.30619
6.30619
6.30619
6.30619
6.30619
6.30619
6.30619
6.30619
6.30619
6.30619
6.30619
6.30619
6.30619
6.30619
6.30619
6.30619
6.30619
6.30619
6.30619
6.30619
6.30619
6.30619
6.30619
6.30619
6.30619
6.30619
6.30619
6.30619
6.30619
6.30619
6.30619
6.30619
6.30619
6.30619
6.30619
6.30619
6.30619
6.30619
6.30619
6.30619
6.30619
6.30619
6.30619
6.30619
6.30619
6.30619
6.30619
6.30619
6.30619
6.30619
6.30619
6.30619
6.30619
6.30619
6.30619
6.30619
6.30619
6.30619
6.30619
6.30619
6.30619
6.30619
6.30619
6.30619
6.30619
6.30619
6.30619
6.30619
6.30619
6.30619
6.30619
6.30619
6.30619
6.30619
6.30619
6.30619
6.30619
6.30619
6.30619
6.30619
6.30619
6.30619
6.30619
6.30619
6.30619
6.30619
6.30619
6.30619
6.30619
6.30619
6.30619
6.30619
6.30619
6.30619
6.30619
6.30619
6.30619
6.30619
6.30619
6.30619
6.30619
6.30619
6.30619
6.30619
6.30619
6.30619
6.30619
6.30619
6.30619
6.30619
6.30619
6.30619
6.30619
6.30619
6.30619
6.30619
6.30619
6.30619
6.30619
6.30619
6.30619
6.30619
6.30619
6.30619
6.30619
6.30619
6.30619
6.30619
6.30619
6.30619
6.30619
6.30619
6.30619
6.30619
6.30619
6.30619
6.30619
6.30619
6.30619
6.30619
6.30619
6.30619
6.30619
6.30619
6.30619
6.30619
6.30619
6.30619
6.30619
6.30619
6.30619
6.30619
6.30619
6.30619
6.30619
6.30619
6.30619
6.30619
6.30619
6.30619
6.30619
6.30619
6.30619
6.30619
6.30619
6.30619
6.30619
6.30619
6.30619
6.30619
6.30619
6.30619
6.30619
6.30619
6.30619
6.30619
6.30619
6.30619
6.30619
6.30619
6.30619
6.30619
6.30619
6.30619
6.30619
6.30619
6.30619
6.30619
6.30619
6.30619
6.30619
6.30619
6.30619
6.30619
6.30619
6.30619
6.30619
6.30619
6.30619
6.30619
6.30619
6.30619
6.30619
6.30619
6.30619
6.30619
6.30619
6.30619
6.30619
6.30619
6.30619
6.30619
6.30619
6.30619
6.30619
6.30619
6.30619
6.30619
6.30619
6.30619
6.30619
6.30619
6.30619
6.30619
6.30619
6.30619
6.30619
6.30619
6.30619
6.30619
6.30619
6.30619
6.30619
6.30619
6.30619
6.30619
6.30619
6.30619
6.30619
6.30619
6.30619
6.30619
6.30619
6.30619
6.30766
6.30619
6.30619
6.30619
6.30619
6.30619
6.30619
6.30619
6.30619
6.30619
6.30619
6.30619
6.30619
6.30619
6.30619
6.30619
6.30619
6.30619
6.30619
6.30619
6.30619
6.30619
6.30619
6.30619
6.30619
6.30619
6.30619
6.30619
6.30619
6.30619
6.30619
6.30619
6.30619
6.30619
6.30619
6.30619
6.30619
6.30619
6.30619
6.30619
6.30619
6.30619
6.30619
6.30619
6.30619
6.30619
6.30619
6.30619
6.30619
6.30619
6.30619
6.30619
6.30619
6.30619
6.30619
6.30619
6.30619
6.30619
6.30619
6.30619
6.30619
6.30619
6.30619
6.30619
6.30619
6.30619
6.30619
6.30619
6.30619
6.30619
6.30619
6.30619
6.30619
6.30619
6.30619
6.30619
6.30619
6.30619
6.30619
6.30619
6.30619
6.30619
6.30619
6.30619
6.30619
6.30619
6.30619
6.30619
6.30619
6.30619
6.30619
6.30619
6.30619
6.30619
6.30619
6.30619
6.30619
