# best half averages
51.7472
44.972
39.8032
37.1308
34.9614
33.1077
31.5949
29.9224
28.7915
27.8579
25.6986
24.814
23.3006
21.4083
21.1224
20.3023
19.5237
18.4047
17.6951
16.4692
16.1912
15.893
15.7771
15.4551
15.1431
15.1154
14.9584
14.308
14.0686
13.7495
13.6139
13.6113
13.1476
12.9683
12.4681
12.1137
12.1022
12.0588
11.9664
11.9664
11.966
11.9575
11.8843
11.761
11.4893
10.9346
10.4702
10.0255
9.361
8.93927
8.87149
8.76091
8.74902
8.70679
8.57784
8.15172
7.24618
7.22229
7.13028
6.83153
6.66966
6.46905
6.36946
6.08174
5.16405
5.02994
4.59802
4.37562
4.37562
4.37562
4.37173
4.37173
4.359
4.3129
4.14336
4.06713
3.933
3.92929
3.91816
3.85511
3.74756
3.74756
3.74756
3.74225
3.72867
3.6909
3.59942
3.48192
3.48192
3.48192
3.48192
3.48192
3.48192
3.48192
3.48192
3.48192
3.48192
3.48192
3.48192
3.48192
3.4812
3.4812
3.47552
3.45673
3.40185
3.30763
3.28834
3.26862
3.26813
3.26813
3.26813
3.26813
3.26813
3.26813
3.26813
3.26813
3.26813
3.25638
3.24463
3.22113
3.1389
3.01235
2.82521
2.68072
2.68072
2.68072
2.68072
2.68072
2.68072
2.68072
2.67947
2.67203
2.66335
2.63125
2.5919
2.56498
2.54755
2.44058
2.3039
2.28235
2.25359
2.25186
2.24784
2.24545
2.24318
2.24125
2.24107
2.24073
2.24073
2.24073
2.24073
2.24073
2.24073
2.24073
2.24073
2.24073
2.24073
2.24073
2.24073
2.24073
2.24073
2.24073
2.24073
2.24073
2.24073
2.24073
2.24073
2.24073
2.24073
2.24073
2.24073
2.24073
2.24073
2.24073
2.24073
2.24073
2.24073
2.24073
2.24073
2.24073
2.24073
2.24073
2.24073
2.24073
2.24073
2.24073
2.23628
2.24073
2.24073
2.24073
2.24073
2.24073
2.24073
2.24073
2.24073
2.24073
2.24073
2.24073
2.24073
2.24073
2.24073
2.24073
2.24073
2.24073
2.24073
2.24073
2.24073
2.24073
2.24073
2.24073
2.24073
2.24073
2.24073
2.24073
2.24073
2.24073
2.24073
2.24073
2.24073
2.24073
2.24073
2.24073
2.24073
2.24073
2.24073
2.24073
2.24073
2.24073
2.24073
2.24073
2.24073
2.24073
2.24073
2.24073
2.24073
2.24073
2.24073
2.24073
2.24073
2.24073
2.24073
2.24073
2.24073
2.24073
2.24073
2.24073
2.24073
2.24073
2.24073
2.24073
2.24073
2.24073
2.24073
2.24073
2.24073
2.24073
2.24073
2.24073
2.24073
2.24073
2.24073
2.24073
2.24073
2.24073
2.24073
2.24073
2.24073
2.24073
2.24073
2.24073
2.24073
2.24073
2.24073
2.24073
2.24073
2.24073
2.24073
2.24073
2.24073
2.24073
2.24073
2.24073
2.24073
2.24073
2.24073
2.24073
2.24073
2.24073
2.24073
2.24073
2.24073
2.24073
2.24073
2.24073
2.24073
2.24073
2.24073
2.24073
2.24073
2.24073
2.24073
2.24073
2.23877
2.23877
2.23877
2.23877
2.23484
2.23288
2.22306
2.21717
2.19754
2.17594
2.14257
2.14257
2.14257
2.14257
2.14257
2.14257
2.14257
2.14257
2.14257
2.14257
2.14257
2.14257
2.14257
2.14257
2.14257
2.14257
2.14257
2.14257
2.14257
2.14257
2.14257
2.14257
2.14257
2.14257
2.14257
2.14257
2.14257
2.14257
2.14257
2.14257
2.14257
2.14257
2.14257
2.14257
2.14257
2.14257
2.14257
2.14257
2.13812
2.13367
2.12922
2.12922
2.11741
2.12032
2.08472
2.03401
2.01445
1.92608
1.92008
1.92008
1.92008
1.92008
1.92008
1.92008
1.92008
1.92008
1.92008
1.92008
1.92008
1.92008
1.92008
1.92008
1.92008
1.92008
1.92008
1.92008
1.92008
1.92008
1.92008
1.92008
1.92008
1.92008
1.92008
1.92008
1.92008
1.92008
1.92008
1.92008
1.92008
1.92008
1.92008
1.92008
1.92008
1.92008
1.92008
1.92008
1.92008
1.92008
1.92008
1.92008
1.92008
1.92008
1.92008
1.92008
1.92008
1.92008
1.92008
1.92008
1.92008
1.92008
1.92008
1.92008
1.92008
1.92008
1.92008
1.92008
1.92008
1.92008
1.92008
1.92008
1.92008
1.92008
1.92008
1.92008
1.92008
1.92008
1.92008
1.92008
1.92008
1.92008
1.92008
1.92008
1.92008
1.92008
1.92008
1.92008
1.92008
1.92008
1.92008
1.92008
1.92008
1.92008
1.92008
1.92008
1.92008
1.92008
1.92008
1.92008
1.92008
1.92008
1.92008
1.92008
1.92008
1.92008
1.92008
1.92008
1.92008
1.92008
1.92008
1.92008
1.92008
1.92008
1.92008
1.92008
1.92008
1.92008
1.92008
1.92008
1.92008
1.92008
1.92008
1.92008
1.92008
1.92008
1.92008
1.92008
1.92008
1.92008
1.92008
1.92008
1.92008
1.92008
1.92008
1.92008
1.92008
1.92008
1.92008
1.92008
1.92008
1.92008
1.92008
1.92008
1.92008
1.92008
1.92008
1.92008
1.92008
1.92008
1.92008
1.92008
1.92008
1.92008
1.92008
1.92008
1.92008
1.92008
1.92008
1.92008
1.92008
1.92008
1.92008
1.92008
1.92008
1.92008
1.92008
1.92008
1.92008
1.92008
1.92008
1.92008
1.92008
1.92008
1.92008
1.92008
1.92008
1.92008
1.92008
1.92008
1.92008
1.92008
1.92008
1.92008
1.92008
1.92008
1.92008
1.92008
1.92008
1.92008
1.92008
1.92008
1.92008
1.92008
1.92008
1.92008
1.92008
1.92008
1.92008
1.92008
1.92008
1.92008
1.92008
1.92008
1.92008
1.92008
1.92008
1.92008
1.92008
1.92008
1.92008
1.92008
1.92008
1.92008
1.92008
1.92008
1.92008
1.92008
1.92008
1.92008
1.92008
1.92008
1.92008
1.92008
1.92008
1.92008
1.92008
1.92008
1.92008
1.92008
1.92008
1.92008
1.92008
1.92008
1.92008
1.92008
1.92008
1.92008
1.92008
1.92008
1.92008
1.92008
1.92008
1.92008
1.92008
1.92008
1.92008
1.92008
1.92008
1.92008
1.92008
1.92008
1.92008
1.92008
1.92008
1.92008
1.92008
1.92008
1.92008
1.92008
1.92008
1.92008
1.92008
1.92008
1.92008
1.92008
1.92008
1.92008
1.92008
1.92008
1.92008
1.92008
1.92008
1.92008
1.92008
1.92008
1.92008
1.92008
1.92008
1.92008
1.92008
1.92008
1.92008
1.92008
1.92008
1.92008
1.92008
1.92008
1.92008
1.92008
1.92008
1.92008
1.92008
1.92008
1.92008
1.92008
1.92008
1.92008
1.92008
1.92008
1.92008
1.92008
1.92008
1.92008
1.92008
1.92008
1.92008
1.92008
1.92008
1.92008
1.92008
1.92008
1.92008
1.92008
1.92008
1.92008
1.92008
1.92008
1.92008
1.92008
1.92008
1.92008
1.92008
1.92008
1.92008
1.92008
1.92008
1.92008
1.92008
1.92008
1.92008
1.92008
1.92008
1.92008
1.92008
1.92008
1.92008
1.92008
1.92008
1.92008
1.92008
1.92008
1.92008
1.92008
1.92008
1.92008
1.92008
1.92008
1.92008
1.92008
1.92008
1.92008
1.92008
1.92008
1.92008
1.92008
1.92008
1.92008
1.92008
1.92008
1.92008
1.92008
1.92008
1.92008
1.92008
1.92008
1.92008
1.92008
1.92008
1.92008
1.92008
1.92008
1.92008
1.92008
1.92008
1.92008
1.92008
1.92008
1.92008
1.92008
1.92008
1.92008
1.92008
1.92008
1.92008
1.92008
1.92008
1.92008
1.92008
1.92008
1.92008
1.92008
1.92008
1.92008
1.92008
1.92008
1.92008
1.92008
1.92008
1.92008
1.92008
1.92008
1.92008
1.92008
1.92008
1.92008
1.92008
1.92008
1.92008
1.92008
1.92008
1.92008
1.92008
1.92008
1.92008
1.92008
1.92008
1.92008
1.92008
1.92008
1.92008
1.92008
1.92008
1.92008
1.92008
1.92008
1.92008
1.92008
1.92008
1.92008
1.92008
1.92008
1.92008
1.92008
1.92008
1.92008
1.92008
1.92008
1.92008
1.92008
1.92008
1.92008
1.92008
1.92008
1.92008
1.92008
1.92008
1.92008
1.92008
1.92008
1.92008
1.92008
1.92008
1.92008
1.92008
1.92008
1.92008
1.92008
1.92008
1.92008
1.92008
1.92008
1.92008
1.92008
1.92008
1.92008
1.92008
1.92008
1.92008
1.92008
1.92008
1.92008
1.92008
1.92008
1.92008
1.92008
1.92008
1.92008
1.92008
1.92008
1.92008
1.92008
1.92008
1.92008
1.92008
1.92008
1.92008
1.92008
1.92008
1.92008
1.92008
1.92008
1.92008
1.92008
1.92008
1.92008
1.92008
1.92008
1.92008
1.92008
1.92008
1.92008
1.92008
1.92008
1.92008
1.92008
1.92008
1.92008
1.92008
1.92008
1.92008
1.92008
1.92008
1.92008
1.92008
1.92008
1.92008
1.92008
1.92008
1.92008
1.92008
1.92008
1.92008
1.92008
1.92008
1.92008
1.92008
1.92008
1.92008
1.92008
1.92008
1.92008
1.92008
1.92008
1.92008
1.92008
1.92008
1.92008
1.92008
1.92008
1.92008
1.92008
1.92008
1.92008
1.92008
1.92008
1.92008
1.92008
1.92008
1.92008
1.92008
1.92008
1.92008
1.92008
1.92008
1.92008
1.92008
1.92008
1.92008
1.92008
1.92008
1.92008
1.92008
1.92008
1.92008
1.92008
1.92008
1.92008
1.92008
1.92008
1.92008
1.92008
1.92008
1.92008
1.92008
1.92008
1.92008
1.92008
1.92008
1.92008
1.92008
1.92008
1.92008
1.92008
1.92008
1.92008
1.92008
1.92008
1.92008
1.92008
1.92008
1.92008
1.92008
1.92008
1.92008
1.92008
1.92008
1.92008
1.92008
1.92008
1.92008
1.92008
1.92008
1.92008
1.92008
1.92008
1.92008
1.92008
1.92008
1.92008
1.92008
1.92008
1.92008
1.92008
1.92008
1.92008
1.92008
1.92008
1.92008
1.92008
1.92008
1.92008
1.92008
1.92008
1.92008
1.92008
1.92008
1.92008
1.92008
1.92008
1.92008
1.92008
1.92008
1.92008
1.92008
1.92008
1.92008
1.92008
1.92008
1.92008
1.92008
1.92008
1.92008
1.92008
1.92008
1.92008
1.92008
1.92008
1.92008
1.92008
