# best half averages
51.5937
47.0344
42.4463
37.7045
33.5634
32.0692
31.1977
28.7742
26.3877
24.794
23.2064
22.4473
21.7687
21.3491
20.7489
19.5033
19.2679
19.0398
18.5472
17.7971
17.1415
15.8314
14.6513
13.5171
12.3985
11.0343
10.7655
10.4702
10.0116
9.90391
9.64787
9.19795
8.95619
8.90923
8.70948
8.5146
8.50963
8.58071
8.41762
8.84952
8.38019
7.92919
7.55041
7.44176
7.42668
7.35509
7.16574
7.0885
7.00028
6.75425
6.58742
6.54742
6.45618
6.34813
6.25641
6.12842
6.0737
6.02884
5.82227
5.47153
5.46801
5.45675
5.43706
5.43706
5.43706
5.43662
5.43342
5.41363
5.39132
5.37034
5.3484
5.34406
5.34406
5.33811
5.33564
5.31546
5.30278
5.11104
5.0386
5.04625
5.03632
5.0308
5.02331
5.03304
5.02823
5.02342
5.01861
5.00898
5.02142
5.27346
5.01861
5.05622
5.01861
5.03886
4.99554
5.02163
5.41144
4.76046
4.64306
4.46317
4.41811
4.35627
4.2966
4.22799
4.19417
4.62847
4.47552
4.64828
4.14347
4.02883
3.95432
3.95601
3.94236
3.91346
3.84201
3.71118
3.44913
3.25306
3.21915
3.19301
3.19206
3.19044
3.18816
3.17197
3.15087
3.14555
3.14555
3.1455
3.14546
3.14536
3.14527
3.14446
3.14319
3.14319
3.14319
3.14319
3.14319
3.14319
3.14319
3.14319
3.14319
3.14319
3.14319
3.14319
3.1371
3.14319
3.14319
3.14319
3.14319
3.14319
3.14319
3.14303
3.14288
3.1418
3.13979
3.13317
3.12289
3.09163
3.0372
3.03449
3.03053
3.02626
3.01873
2.99322
2.96481
2.9447
2.90182
2.87215
2.86665
2.85807
2.84603
2.8173
2.73611
2.61776
2.6125
2.56162
2.50957
2.50688
2.50688
2.50688
2.50688
2.50688
2.50688
2.50605
2.50522
2.50439
2.5019
2.49692
2.4853
2.46538
2.46538
2.46203
2.46203
2.46538
2.46467
2.46447
2.46338
2.46162
2.45607
2.44377
2.42987
2.42987
2.42987
2.42987
2.42987
2.42987
2.42987
2.42987
2.42751
2.42987
2.42987
2.42987
2.42987
2.42902
2.42818
2.42565
2.41551
2.39608
2.38763
2.38763
2.38763
2.38763
2.38763
2.38763
2.38763
2.38763
2.38753
2.38733
2.38723
2.38683
2.38614
2.38495
2.38327
2.38267
2.38267
2.38267
2.38267
2.38267
2.38267
2.38267
2.38267
2.38267
2.38031
2.37796
2.3756
2.37796
2.36381
2.3426
2.29545
2.26481
2.26481
2.26481
2.26481
2.26182
2.25583
2.24985
2.23783
2.16888
2.11472
2.11447
2.11378
2.11289
2.10958
2.10633
2.10633
2.10633
2.10633
2.10633
2.10633
2.10633
2.10633
2.10633
2.10633
2.10633
2.10633
2.10633
2.10633
2.10633
2.10633
2.10633
2.10633
2.10633
2.10633
2.10633
2.10633
2.10633
2.10633
2.10633
2.10633
2.10633
2.10633
2.10633
2.10633
2.10633
2.10633
2.10622
2.10579
2.10493
2.10386
2.10225
2.10096
2.10096
2.10096
2.10096
2.10096
2.10096
2.10096
2.10096
2.10096
2.10096
2.10096
2.10096
2.10096
2.10096
2.10096
2.10096
2.10096
2.10096
2.10096
2.10096
2.10096
2.10096
2.10096
2.10096
2.10096
2.10096
2.10096
2.10096
2.10096
2.10096
2.10096
2.10096
2.10096
2.10096
2.10096
2.10096
2.10096
2.10096
2.10096
2.10096
2.10096
2.10096
2.10096
2.10096
2.10096
2.10096
2.10096
2.10096
2.10096
2.10096
2.10096
2.10096
2.10096
2.10096
2.10096
2.10096
2.10096
2.10096
2.10096
2.10096
2.10096
2.10096
2.10096
2.10096
2.10096
2.10096
2.10096
2.10096
2.10096
2.10096
2.10096
2.10096
2.10096
2.10096
2.10096
2.10096
2.10096
2.10096
2.10096
2.10096
2.10096
2.10096
2.10096
2.10096
2.10096
2.10096
2.10096
2.10096
2.10096
2.10096
2.10096
2.10096
2.10096
2.10096
2.10096
2.10096
2.10096
2.10096
2.10096
2.10096
2.10096
2.10096
2.10096
2.10096
2.10096
2.10096
2.10096
2.10096
2.10096
2.10096
2.10096
2.10096
2.10096
2.10096
2.10096
2.10096
2.10096
2.10096
2.10096
2.10096
2.10096
2.10096
2.10096
2.10096
2.10096
2.10096
2.10096
2.10096
2.10096
2.10096
2.10096
2.10096
2.10096
2.10096
2.10096
2.10096
2.10096
2.10096
2.10096
2.10096
2.10096
2.10096
2.10096
2.10096
2.10096
2.10096
2.10096
2.10096
2.10096
2.10096
2.10096
2.10096
2.10096
2.10096
2.10096
2.10096
2.10096
2.10096
2.10096
2.10096
2.10096
2.10096
2.10096
2.10096
2.10096
2.10096
2.10096
2.10096
2.10096
2.10096
2.10096
2.10096
2.10096
2.10096
2.10096
2.10096
2.10096
2.10096
2.10096
2.10096
2.10096
2.10096
2.10096
2.10096
2.10096
2.10096
2.10096
2.10096
2.10096
2.10096
2.10096
2.10096
2.10096
2.10096
2.10096
2.10096
2.10096
2.10096
2.10096
2.10096
2.10096
2.10096
2.10096
2.10096
2.10096
2.10096
2.10096
2.10096
2.10096
2.10096
2.10096
2.10096
2.10096
2.10096
2.10096
2.10096
2.10096
2.10096
2.10096
2.10096
2.10096
2.10096
2.10096
2.10096
2.10096
2.10096
2.10096
2.10096
2.10096
2.10096
2.10096
2.10096
2.10096
2.10096
2.10096
2.10096
2.10096
2.10096
2.10096
2.10096
2.10096
2.10096
2.10096
2.10096
2.10096
2.10096
2.10096
2.10096
2.10096
2.10096
2.10096
2.10096
2.10096
2.10096
2.10096
2.10096
2.10096
2.10096
2.10096
2.10096
2.10096
2.10096
2.10096
2.10096
2.10096
2.10096
2.10096
2.10096
2.10096
2.10096
2.10096
2.10096
2.10096
2.10096
2.10096
2.10096
2.10096
2.10096
2.10096
2.10096
2.10096
2.10096
2.10096
2.10096
2.10096
2.10096
2.10096
2.10096
2.10096
2.10096
2.10096
2.10096
2.10096
2.10096
2.10096
2.10096
2.10096
2.10096
2.10096
2.10096
2.10096
2.10096
2.10096
2.10096
2.10096
2.10096
2.10096
2.10096
2.10096
2.10096
2.10096
2.10096
2.10096
2.10096
2.10096
2.10096
2.10096
2.10096
2.10096
2.10096
2.10096
2.10096
2.10096
2.10096
2.10096
2.10096
2.10096
2.10096
2.10096
2.10096
2.10096
2.10096
2.10096
2.10096
2.10096
2.10096
2.10096
2.10096
2.10096
2.10096
2.10096
2.10096
2.10096
2.10096
2.10096
2.10096
2.10096
2.10096
2.10096
2.10096
2.10096
2.10096
2.10096
2.10096
2.10096
2.10096
2.10096
2.10096
2.10096
2.10096
2.10096
2.10096
2.10096
2.10096
2.10096
2.10096
2.10096
2.10096
2.10096
2.10096
2.10096
2.10096
2.10096
2.10096
2.10096
2.10096
2.10096
2.10096
2.10096
2.10096
2.10096
2.10096
2.10096
2.10096
2.10096
2.10096
2.10096
2.10096
2.10096
2.10096
2.10096
2.10096
2.10096
2.10096
2.10096
2.10096
2.10096
2.10096
2.10096
2.10096
2.10096
2.10096
2.10096
2.10096
2.10096
2.10096
2.10096
2.10096
2.10096
2.10096
2.10096
2.10096
2.10096
2.10096
2.10096
2.10096
2.10096
2.10096
2.10096
2.10096
2.10096
2.10096
2.10096
2.10096
2.10096
2.10096
2.10096
2.10096
2.10096
2.10096
2.10096
2.10096
2.10096
2.10096
2.10096
2.10096
2.10096
2.10096
2.10096
2.10096
2.10096
2.10096
2.10096
2.10096
2.10096
2.10096
2.10096
2.10096
2.10096
2.10096
2.10096
2.10096
2.10096
2.10096
2.10096
2.10096
2.10096
2.10096
2.10096
2.10096
2.10096
2.10096
2.10096
2.10096
2.10096
2.10096
2.10096
2.10096
2.10096
2.10096
2.10096
2.10096
2.10096
2.10096
2.10096
2.10096
2.10096
2.10096
2.10096
2.10096
2.10096
2.10096
2.10096
2.10096
2.10096
2.10096
2.10096
2.10096
2.10096
2.10096
2.10096
2.10096
2.10096
2.10096
2.10096
2.10096
2.10096
2.10096
2.10096
2.10096
2.10096
2.10096
2.10096
2.10096
2.10096
2.10096
2.10096
2.10096
2.10096
2.10096
2.10096
2.10096
2.10096
2.10096
2.10096
2.10096
2.10096
2.10096
2.10096
2.10096
2.10096
2.10096
2.10096
2.10096
2.10096
2.10096
2.10096
2.10096
2.10096
2.10096
2.10096
2.10096
2.10096
2.10096
2.10096
2.10096
2.10096
2.10096
2.10096
2.10096
2.10096
2.10096
2.10096
2.10096
2.10096
2.10096
2.10096
2.10096
2.10096
2.10096
2.10096
2.10096
2.10096
2.10096
2.10096
2.10096
2.10096
2.10096
2.10096
2.10096
2.10096
2.10096
2.10096
2.10096
2.10096
2.10096
2.10096
2.10096
2.10096
2.10096
2.10096
2.10096
2.10096
2.10096
2.10096
2.10096
2.10096
2.10096
2.10096
2.10096
2.10096
2.10096
2.10096
2.10096
2.10096
2.10096
2.10096
2.10096
2.10096
2.10096
2.10096
2.10096
2.10096
2.10096
2.10096
2.10096
2.10096
2.10096
2.10096
2.10096
2.10096
2.10096
2.10096
2.10096
2.10096
2.10096
2.10096
2.10096
2.10096
2.10096
2.10096
2.10096
2.10096
2.10096
2.10096
2.10096
2.10096
2.10096
2.10096
2.10096
2.10096
2.10096
2.10096
2.10096
2.10096
2.10096
2.10096
2.10096
2.10096
2.10096
2.10096
2.10096
2.10096
2.10096
2.10096
2.10096
2.10096
2.10096
2.10096
2.10096
2.10096
2.10096
2.10096
2.10096
2.10096
2.10096
2.10096
2.10096
2.10096
2.10096
2.10096
2.10096
2.10096
2.10096
2.10096
2.10096
2.10096
2.10096
2.10096
2.10096
2.10096
2.10096
2.10096
2.10096
2.10096
2.10096
2.10096
2.10096
2.10096
2.10096
2.10096
2.10096
2.10096
2.10096
2.10096
2.10096
2.10096
2.10096
2.10096
2.10096
2.10096
2.10096
2.10096
2.10096
2.10096
2.10096
2.10096
2.10096
2.10096
2.10096
2.10096
2.10096
2.10096
2.10096
2.10096
2.10096
2.10096
2.10096
2.10096
2.10096
