# best half averages
52.0228
47.0834
42.2679
37.8556
35.5067
32.7157
30.8905
29.0327
26.4903
25.5709
23.712
21.5872
19.9372
17.6759
16.6044
14.4357
14.0173
13.2459
12.8791
12.3457
12.2387
11.8499
11.6529
11.5416
11.4694
11.3246
10.88
10.8501
10.7612
10.6457
10.3516
9.76987
9.17087
9.07212
9.00264
9.00136
8.99737
8.97811
8.88855
8.76869
8.66088
8.63264
8.60894
8.50766
8.38772
8.26425
8.16746
8.16746
8.16664
8.16302
8.13443
8.06932
8.02092
8.01134
8.00949
8.00949
7.99881
7.95091
7.81375
7.46734
7.45537
7.39552
7.27401
7.26856
7.23766
7.18316
7.17316
7.13765
7.11955
7.11566
7.09601
7.08359
7.04662
6.96973
6.74111
6.73898
6.75488
6.71692
6.68468
6.67751
6.66311
6.63585
6.61023
6.49752
6.38388
6.37731
6.35576
6.32474
6.28846
6.28367
6.2651
6.25911
6.25911
6.25911
6.25911
6.25911
6.25911
6.25911
6.25911
6.25911
6.35489
6.29275
6.25762
6.25312
6.25249
6.2516
6.24806
6.2417
6.2417
6.2417
6.2417
6.2417
6.2417
6.24157
6.23932
6.23493
6.23493
6.21914
6.19309
6.1289
6.1289
6.1289
6.1289
6.1289
6.1289
6.12859
6.12736
6.12277
6.11357
6.11357
6.11357
6.11357
6.11357
6.11357
6.11357
6.11357
6.11357
6.11357
6.11357
6.11357
6.11357
6.11357
6.11357
6.11357
6.11357
6.11357
6.11357
6.11357
6.11357
6.11357
6.11357
6.11357
6.11357
6.11357
6.11357
6.11341
6.11309
6.11228
6.10874
6.10551
6.10551
6.1048
6.10408
6.10193
6.09771
6.09053
6.06971
6.06873
6.06678
6.05802
6.02216
6.02096
6.02096
6.02096
6.02096
6.02094
6.02087
6.0207
6.01987
6.01987
6.01987
6.01987
6.01987
6.01987
6.0198
6.01835
6.01467
6.01085
5.99236
5.95914
5.96155
5.96155
5.96155
5.96155
5.96155
5.96155
5.96155
5.96155
5.96155
5.96155
5.96155
5.96155
5.96155
5.96155
5.96155
5.96155
5.96155
5.96155
5.96155
5.96155
5.96155
5.96155
5.96155
5.96148
5.96141
5.96077
5.95857
5.958
5.958
5.958
5.958
5.958
5.958
5.958
5.958
5.958
5.958
5.958
5.95796
5.95783
5.95728
5.95587
5.95587
5.95587
5.95587
5.95587
5.95587
5.95587
5.95587
5.95587
5.95587
5.95587
5.95587
5.95587
5.95587
5.95587
5.95587
5.95587
5.95587
5.95587
5.95587
5.95587
5.95587
5.95587
5.95587
5.95587
5.95587
5.95587
5.95587
5.95587
5.95587
5.95587
5.95587
5.95587
5.95587
5.95587
5.95587
5.95587
5.95587
5.95587
5.95587
5.95587
5.95587
5.95587
5.95587
5.95587
5.95587
5.95587
5.95587
5.95587
5.95587
5.95587
5.95587
5.95587
5.95587
5.95587
5.95587
5.95587
5.95587
5.95587
5.95587
5.95303
5.95303
5.95587
5.95587
5.95587
5.95587
5.95587
5.95587
5.95587
5.95587
5.95587
5.95587
5.95587
5.95587
5.95587
5.95587
5.95587
5.95587
5.95587
5.95587
5.95587
5.95587
5.95587
5.95587
5.95587
5.95587
5.95587
5.95587
5.95587
5.95587
5.95587
5.95587
5.95587
5.95587
5.95294
5.95294
5.95
5.95294
5.95587
5.95587
5.95587
5.95587
5.95587
5.95587
5.95587
5.95585
5.95585
5.95587
5.95587
5.95587
5.95587
5.95585
5.95585
5.95578
5.95553
5.95473
5.95473
5.95473
5.95473
5.95473
5.95473
5.95473
5.95473
5.95473
5.95473
5.95473
5.95473
5.95473
5.95358
5.95358
5.9513
5.93873
5.90901
5.89758
5.89758
5.89758
5.89758
5.89758
5.89758
5.89758
5.89758
5.89758
5.89758
5.89758
5.89758
5.89758
5.89758
5.89738
5.8969
5.89541
5.88772
5.88769
5.88769
5.88769
5.88769
5.88769
5.88769
5.88769
5.88769
5.88769
5.88769
5.88769
5.88769
5.88769
5.88769
5.88769
5.88769
5.88769
5.88769
5.88769
5.88769
5.88769
5.88769
5.88769
5.88769
5.88769
5.88769
5.88769
5.88769
5.88769
5.88769
5.88769
5.88769
5.88769
5.88769
5.88769
5.88769
5.88769
5.88769
5.88769
5.88769
5.88769
5.88769
5.88769
5.88769
5.88769
5.88769
5.88769
5.88769
5.88769
5.88769
5.88769
5.88769
5.88769
5.88769
5.88769
5.88769
5.88769
5.88769
5.88769
5.88769
5.88769
5.88769
5.88769
5.88769
5.88769
5.88769
5.88769
5.88769
5.88769
5.88769
5.88769
5.88769
5.88769
5.88769
5.88769
5.88769
5.88769
5.88769
5.88769
5.88769
5.88769
5.88769
5.88769
5.88769
5.88769
5.88769
5.88769
5.88769
5.88769
5.88769
5.88769
5.88769
5.88764
5.88759
5.88734
5.88655
5.88519
5.88519
5.88519
5.88519
5.88519
5.88519
5.88519
5.88519
5.88519
5.88519
5.88519
5.88519
5.88519
5.88519
5.88519
5.88519
5.88519
5.88519
5.88519
5.88519
5.88519
5.88519
5.88519
5.88519
5.88519
5.88519
5.88519
5.88519
5.88519
5.88519
5.88519
5.88519
5.88519
5.88519
5.88519
5.88519
5.88519
5.88519
5.88519
5.88519
5.88519
5.88519
5.88519
5.88519
5.88519
5.88519
5.88519
5.88519
5.88519
5.88519
5.88519
5.88519
5.88519
5.88519
5.88519
5.88519
5.88519
5.88519
5.88519
5.88519
5.88519
5.88516
5.88507
5.88485
5.88383
5.88377
5.88377
5.88377
5.88377
5.88377
5.88377
5.88377
5.88377
5.88377
5.88377
5.88377
5.88377
5.88377
5.88377
5.88377
5.88377
5.88377
5.88377
5.88377
5.88377
5.88377
5.88377
5.88377
5.88377
5.88377
5.88377
5.88377
5.88377
5.88377
5.88377
5.88377
5.88377
5.88377
5.88377
5.88377
5.88377
5.88377
5.88377
5.88377
5.88377
5.88377
5.88377
5.88377
5.88377
5.88377
5.88377
5.88377
5.88377
5.88377
5.88377
5.88377
5.88377
5.88377
5.88377
5.88377
5.88377
5.88377
5.88377
5.88377
5.88377
5.88377
5.88377
5.88377
5.88377
5.88377
5.88377
5.88377
5.88377
5.88377
5.88377
5.88377
5.88377
5.88377
5.88377
5.88377
5.88377
5.88377
5.88377
5.88377
5.88377
5.88377
5.88377
5.88377
5.88377
5.88377
5.88377
5.88377
5.88377
5.88377
5.88377
5.88377
5.88377
5.88377
5.88377
5.88377
5.88377
5.88377
5.88377
5.88377
5.88377
5.88377
5.88377
5.88377
5.88377
5.88377
5.88377
5.88377
5.88377
5.88377
5.88377
5.88377
5.88377
5.88377
5.88377
5.88377
5.88377
5.88377
5.88377
5.88377
5.88377
5.88377
5.88377
5.88377
5.88377
5.88377
5.88377
5.88377
5.88377
5.88377
5.88377
5.88377
5.88377
5.88377
5.88377
5.88377
5.88377
5.88377
5.88377
5.88377
5.88377
5.88377
5.88377
5.88377
5.88377
5.88377
5.88377
5.88377
5.88377
5.88377
5.88377
5.88377
5.88377
5.88377
5.88377
5.88377
5.88377
5.88377
5.88377
5.88377
5.88377
5.88377
5.88377
5.88377
5.88377
5.88377
5.88377
5.88377
5.88377
5.88377
5.88377
5.88377
5.88377
5.88377
5.88377
5.88377
5.88377
5.88377
5.88377
5.88377
5.88377
5.88377
5.88377
5.88377
5.88377
5.88377
5.88377
5.88377
5.88673
5.88377
5.88377
5.88377
5.88377
5.88377
5.88377
5.88377
5.88377
5.88377
5.88377
5.88377
5.88377
5.88377
5.88377
5.88377
5.88377
5.88377
5.88377
5.88377
5.88377
5.88377
5.88377
5.88377
5.88377
5.88377
5.88377
5.88377
5.88377
5.88377
5.88377
5.88377
5.88377
5.88377
5.88377
5.88377
5.88377
5.88377
5.88377
5.88377
5.88377
5.88377
5.88377
5.88377
5.88377
5.88377
5.88377
5.88377
5.88377
5.88377
5.88377
5.88377
5.88377
5.88377
5.88377
5.88377
5.88377
5.88377
5.88377
5.88377
5.88377
5.88377
5.88377
5.88377
5.88377
5.88377
5.88377
5.88377
5.88377
5.88377
5.88377
5.88377
5.88377
5.88377
5.88377
5.88377
5.88377
5.88377
5.88377
5.88377
5.88377
5.88377
5.88377
5.88377
5.88377
5.88377
5.88377
5.88377
5.88377
5.88377
5.88377
5.88377
5.88377
5.88377
5.88377
5.88377
5.88377
5.88377
5.88377
5.88377
5.88377
5.88377
5.88377
5.88377
5.88377
5.88377
5.88377
5.88377
5.88377
5.88377
5.88377
5.88377
5.88377
5.88377
5.88377
5.88377
5.88377
5.88377
5.88377
5.88377
5.88377
5.88377
5.88377
5.88377
5.88377
5.88377
5.88377
5.88377
5.88377
5.88377
5.88377
5.88377
5.88377
5.88377
5.88377
5.88377
5.88377
5.88377
5.88377
5.88377
5.88377
5.88377
5.88377
5.88377
5.88377
5.88377
5.88377
5.88377
5.88377
5.88377
5.88377
5.88377
5.88377
5.88377
5.88377
5.88377
5.88377
5.88377
5.88377
5.88377
5.88377
5.88377
5.88377
5.88377
5.88377
5.88377
5.88377
5.88377
5.88377
5.88377
5.88377
5.88377
5.88377
5.88377
5.88377
5.88377
5.88377
5.88377
5.88377
5.88377
5.88377
5.88377
5.88377
5.88377
5.88377
5.88377
5.88377
5.88377
5.88377
5.88377
5.88377
5.88377
5.88377
5.88377
5.88377
5.88377
5.88377
5.88377
5.88377
5.88377
5.88377
5.88377
5.88377
5.88377
5.88377
5.88377
5.88377
5.88377
5.88377
5.88377
5.88377
5.88377
5.88377
5.88377
5.88377
5.88377
5.88377
5.88377
5.88377
5.88377
5.88377
5.88377
5.88377
5.88377
5.88377
5.88377
5.88377
5.88377
5.88377
5.88377
5.88377
5.88377
5.88377
5.88377
5.88377
5.88377
5.88377
5.88377
5.88377
5.88377
5.88377
5.88377
5.88377
5.88377
5.88377
5.88377
5.88377
5.88377
5.88377
5.88377
5.88377
5.88377
5.88377
5.88377
5.88377
5.88377
5.8883
5.88377
5.88377
5.88377
5.88377
5.88377
5.88377
5.88377
5.88377
5.88377
5.88377
5.88377
5.88377
5.88377
