# best half averages
51.8989
45.7231
40.496
34.8559
31.8814
29.072
25.7045
24.033
22.0176
20.3958
19.4401
18.9646
18.6027
18.0067
17.7049
16.5534
16.2424
15.6341
14.0803
13.7881
13.0614
12.0936
11.0964
10.7501
10.4259
9.69856
9.35543
8.96483
8.48804
8.31467
7.77923
7.74438
7.73494
7.71333
7.71229
7.62929
7.51828
7.26308
7.26163
7.38715
7.19279
7.26187
7.01559
6.94604
6.92409
6.87454
6.86403
6.81382
6.71208
6.71208
6.71208
6.71172
6.71136
6.70812
6.69696
6.69408
6.69408
6.69408
6.69408
6.68799
6.66971
6.59669
6.3895
6.3895
6.3895
6.38764
6.38764
6.38392
6.37741
6.343
6.343
6.343
6.34098
6.33897
6.33897
6.33092
6.30262
6.21346
6.09937
5.88067
5.79372
5.72051
5.71899
5.71142
5.69058
5.64478
5.60961
5.60961
5.59929
5.52702
5.35894
5.09342
5.09342
5.09022
5.0925
5.09024
5.08185
5.07803
5.07803
5.07803
5.07644
5.07803
5.07803
5.07803
5.07803
5.07803
5.07803
5.07803
5.07803
5.07803
5.07803
5.07782
5.07679
5.07089
5.06776
5.06776
5.06776
5.06776
5.06776
5.06776
5.06776
5.06776
5.06776
5.06776
5.06776
5.06776
5.06776
5.06776
5.06776
5.06776
5.06776
5.06776
5.06776
5.06776
5.06776
5.06776
5.06618
5.05666
5.03129
4.98847
4.98847
4.98847
4.98847
4.98847
4.98847
4.98847
4.98847
4.98847
4.98843
4.98847
4.98847
4.98847
4.98847
4.98847
4.98847
4.98737
4.98737
4.98737
4.98627
4.98517
5.02179
4.98737
4.98669
4.98808
4.9875
4.98691
4.98594
4.98109
4.97876
4.97876
4.98127
5.01216
5.0446
4.97876
4.97876
4.97876
4.97766
4.97656
5.19559
5.0337
5.1151
4.97336
5.22334
5.03842
4.99323
4.92333
5.00835
4.922
4.91906
4.90424
4.89963
4.89963
4.89963
4.89963
4.89963
4.89953
4.89924
4.89819
4.89485
4.89485
4.89485
4.89485
4.89485
4.89485
4.89485
4.89485
4.89485
4.89485
4.89485
4.89485
4.89475
4.89465
4.89475
4.89434
4.89342
4.89026
4.88975
4.88975
4.88975
4.88975
4.88975
4.88975
4.8897
4.88957
4.88929
4.90967
4.88745
4.88745
4.88745
4.88745
4.88745
4.88745
4.88745
4.88745
4.88745
4.88745
4.88745
4.88745
4.88745
4.88745
4.88745
4.88745
4.88745
4.88745
4.88745
4.88745
4.88745
4.88745
4.88745
4.88745
4.88745
4.88745
4.88745
4.88745
4.88745
4.88745
4.88745
4.88745
4.88745
4.88745
4.88745
4.88745
4.88745
4.88745
4.88745
4.88745
4.88745
4.88745
4.88745
4.88745
4.88745
4.88745
4.88745
4.88745
4.88745
4.88745
4.88745
4.88745
4.88745
4.88745
4.88745
4.88745
4.88745
4.88745
4.88745
4.88745
4.88745
4.88703
4.8849
4.87553
4.86616
4.86616
4.86616
4.86616
4.86616
4.86616
4.86616
4.86616
4.86616
4.86616
4.86616
4.86616
4.86616
4.86616
4.86616
4.86616
4.86616
4.86616
4.86616
4.86616
4.86616
4.86616
4.86616
4.86616
4.86616
4.86616
4.86616
4.86616
4.86616
4.86616
4.86616
4.86616
4.86616
4.86616
4.86616
4.86616
4.86616
4.86616
4.86616
4.86616
4.86616
4.86616
4.86616
4.86616
4.86616
4.86616
4.86616
4.86616
4.86616
4.86616
4.86616
4.86616
4.86616
4.86616
4.86616
4.86616
4.86616
4.86616
4.86616
4.86616
4.86616
4.86616
4.86616
4.86616
4.86616
4.86616
4.86616
4.86616
4.86616
4.86616
4.86616
4.86616
4.86616
4.86616
4.86616
4.86616
4.86616
4.86616
4.86616
4.86616
4.86616
4.86616
4.86616
4.86616
4.86616
4.86616
4.86616
4.86616
4.86616
4.86616
4.86616
4.86616
4.86616
4.86616
4.86616
4.86616
4.86616
4.86616
4.86616
4.86616
4.86616
4.86616
4.86616
4.86616
4.86616
4.86616
4.86616
4.86616
4.86616
4.86616
4.86616
4.86616
4.86616
4.86616
4.86616
4.86616
4.86616
4.86616
4.86616
4.86616
4.86616
4.86616
4.86616
4.86616
4.86616
4.86616
4.86616
4.86616
4.86616
4.86616
4.86616
4.86616
4.86616
4.86616
4.86616
4.86616
4.86616
4.86616
4.86616
4.86616
4.86616
4.86616
4.86616
4.86616
4.86616
4.86616
4.86616
4.86616
4.86616
4.86616
4.86616
4.86616
4.86616
4.86616
4.86616
4.86616
4.86616
4.86616
4.86616
4.86616
4.86616
4.86616
4.86616
4.86616
4.86616
4.86616
4.86616
4.86616
4.86616
4.86616
4.86616
4.86616
4.86616
4.86616
4.86616
4.86616
4.86616
4.86616
4.86616
4.86616
4.86616
4.86616
4.86616
4.86616
4.86616
4.86616
4.86616
4.86616
4.86616
4.86616
4.86616
4.86616
4.86616
4.86616
4.86616
4.86616
4.86616
4.86616
4.86616
4.86616
4.86616
4.86616
4.86616
4.86616
4.86616
4.86616
4.86616
4.86616
4.86616
4.86616
4.86616
4.86616
4.86616
4.86616
4.86616
4.86616
4.86616
4.86616
4.86616
4.86616
4.86616
4.86616
4.86616
4.86616
4.86616
4.86616
4.86616
4.86616
4.86616
4.86616
4.86616
4.86616
4.86616
4.86616
4.86616
4.86616
4.86616
4.86616
4.86616
4.86616
4.86616
4.86616
4.86616
4.86616
4.86616
4.86616
4.86616
4.86616
4.86616
4.86616
4.86616
4.86616
4.86616
4.86616
4.86616
4.86616
4.86616
4.86616
4.86616
4.86616
4.86616
4.86616
4.86616
4.86616
4.86616
4.86616
4.86616
4.86616
4.86616
4.86616
4.86616
4.86616
4.86616
4.86616
4.86616
4.86616
4.86616
4.86616
4.86616
4.86616
4.86616
4.86616
4.86616
4.86616
4.86616
4.86616
4.86616
4.86616
4.86616
4.86616
4.86616
4.86616
4.86616
4.86616
4.86616
4.86616
4.86616
4.86616
4.86616
4.86616
4.86616
4.86616
4.86616
4.86616
4.86616
4.86616
4.86616
4.86616
4.86616
4.86616
4.86616
4.86616
4.86616
4.86616
4.86616
4.86616
4.86616
4.86616
4.86616
4.86616
4.86616
4.86616
4.86616
4.86616
4.86616
4.86616
4.86616
4.86616
4.86616
4.86616
4.86616
4.86616
4.86616
4.86616
4.86616
4.86616
4.86616
4.86616
4.86616
4.86616
4.86616
4.86616
4.86616
4.86616
4.86616
4.86616
4.86616
4.86616
4.86616
4.86616
4.86616
4.86616
4.86616
4.86616
4.86616
4.86616
4.86616
4.86616
4.86616
4.86616
4.86616
4.86616
4.86616
4.86616
4.86616
4.86616
4.86616
4.86616
4.86616
4.86616
4.86616
4.86616
4.86616
4.86616
4.86616
4.86616
4.86616
4.86616
4.86616
4.86616
4.86616
4.86616
4.86616
4.86616
4.86616
4.86616
4.86616
4.86616
4.86616
4.86616
4.86616
4.86616
4.86616
4.86616
4.86616
4.86616
4.86616
4.86616
4.86616
4.86616
4.86616
4.86616
4.86616
4.86616
4.86616
4.86616
4.86616
4.86616
4.86616
4.86616
4.86616
4.86616
4.86616
4.86616
4.86616
4.86616
4.86616
4.86616
4.86616
4.86616
4.86616
4.86616
4.86616
4.86616
4.86616
4.86616
4.86616
4.86616
4.86616
4.86616
4.86616
4.86616
4.86616
4.86616
4.86616
4.86616
4.86616
4.86616
4.86616
4.86616
4.86616
4.86616
4.86616
4.86616
4.86616
4.86616
4.86616
4.86616
4.86616
4.86616
4.86616
4.86616
4.86616
4.86616
4.86616
4.86616
4.86616
4.86616
4.86616
4.86616
4.86616
4.86616
4.86616
4.86616
4.86616
4.86616
4.86616
4.86616
4.86616
4.86616
4.86616
4.86616
4.86616
4.86616
4.86616
4.86938
4.86616
4.86616
4.86616
4.86616
4.86616
4.86616
4.86616
4.86616
4.86616
4.86616
4.86616
4.86616
4.86616
4.86616
4.86616
4.86616
4.86616
4.86616
4.86616
4.86616
4.86616
4.86616
4.86616
4.86616
4.86616
4.86616
4.86616
4.86616
4.86616
4.86616
4.86616
4.86616
4.86616
4.86616
4.86616
4.86616
4.86616
4.86616
4.86616
4.86616
4.86616
4.86616
4.86616
4.86616
4.86616
4.86616
4.86616
4.86616
4.86616
4.86616
4.86616
4.86616
4.86616
4.86616
4.86616
4.86616
4.86616
4.86616
4.86616
4.86616
4.86616
4.86616
4.86616
4.86616
4.86616
4.86616
4.86616
4.86616
4.86616
4.86616
4.86616
4.86616
4.86616
4.86616
4.86616
4.86616
4.86616
4.86616
4.86616
4.86616
4.86616
4.86616
4.86616
4.86616
4.86616
4.86616
4.86616
4.86616
4.86616
4.86616
4.86616
4.86616
4.86616
4.86616
4.86616
4.86616
4.86616
4.86616
4.86616
4.86616
4.86616
4.86616
4.86616
4.86616
4.86616
4.86616
4.86616
4.86616
4.86616
4.86616
4.86616
4.86616
4.86616
4.86616
4.86616
4.86616
4.86616
4.86616
4.86616
4.86616
4.86616
4.86616
4.86616
4.86616
4.86616
4.86616
4.86616
4.86616
4.86616
4.86616
4.86616
4.86616
4.86616
4.86616
4.86616
4.86616
4.86616
4.86616
4.86616
4.86616
4.86616
4.86616
4.86616
4.86616
4.86616
4.86616
4.86616
4.86616
4.86616
4.86616
4.86616
4.86616
4.86616
4.86616
4.86616
4.86616
4.86616
4.86616
4.86616
4.86616
4.86616
4.86616
4.86616
4.86616
4.86616
4.86616
4.86616
4.86616
4.86616
4.86616
4.86616
4.86616
4.86616
4.86616
4.86616
4.86616
4.86616
4.86616
4.86616
4.86616
4.86616
4.86616
4.86616
4.86616
4.86616
4.86616
4.86616
4.86616
4.86616
4.86616
4.86616
4.86616
4.86616
4.86616
4.86616
4.86616
4.86616
4.86616
4.86616
4.86616
4.86616
4.86616
4.86616
4.86616
4.86616
4.86616
4.86616
4.86616
4.86616
4.86616
4.86616
4.86616
4.86616
4.86616
4.86616
4.86616
4.86616
4.86616
4.86616
4.86616
4.86616
4.86616
4.86616
4.86616
4.86616
4.86616
4.86616
4.86616
4.86616
4.86616
4.86616
4.86616
4.86616
4.86616
