# best half averages
52.2522
47.3286
43.0448
40.4714
34.7205
32.387
30.9233
28.8323
27.5984
26.8255
25.853
24.995
24.0059
22.0361
19.1777
17.7532
17.1787
16.9254
16.145
15.5455
15.19
14.9317
14.4587
13.3931
12.4138
11.9808
11.5624
10.971
10.905
10.7893
10.6168
10.2219
9.75077
9.7499
9.74817
9.7251
9.67207
9.60278
9.3552
9.13474
9.08816
8.94528
8.93543
8.97364
8.89874
8.83219
8.9407
8.61698
8.82047
8.2969
7.88123
7.62541
7.70947
7.64493
7.62072
8.37885
8.76685
7.83468
7.55424
7.5545
7.53079
7.53079
7.53079
7.53079
7.53079
7.53079
7.53079
7.53079
7.53079
7.53062
7.53045
7.52994
7.52775
7.51921
7.50584
7.48219
7.55035
7.51237
7.15647
7.13979
7.11258
7.10845
7.08704
7.02838
6.99255
6.99255
6.99255
6.99255
6.99195
6.99136
6.99136
6.99136
6.99131
6.99093
7.14489
7.01373
6.96275
6.96275
6.96275
6.96275
6.96275
6.96271
6.96275
6.96275
6.96275
6.96275
6.96275
6.96275
6.96275
6.96244
6.96153
6.95909
6.9475
6.9475
6.9475
6.9475
6.9475
6.9475
6.9475
6.9475
6.9475
6.9475
6.9475
6.9475
6.94579
6.93814
6.92109
6.86398
6.85736
6.82669
6.75622
6.72172
6.69591
6.69588
6.695
6.69389
6.69226
6.68535
6.65695
6.65695
6.65695
6.6569
6.6568
6.65675
6.65634
6.65472
6.65441
6.65441
6.65441
6.65441
6.65432
6.65422
6.6532
6.649
6.65618
6.90869
6.60811
6.60811
6.60811
6.60811
6.60811
6.60811
6.60811
6.60811
6.60811
6.60811
6.60811
6.60801
6.60782
6.61
6.60638
6.6033
6.6033
6.6033
6.6033
6.6033
6.6033
6.6033
6.6033
6.6033
6.6033
6.6033
6.6033
6.6033
6.6033
6.6033
6.6033
6.6033
6.6033
6.6033
6.6033
6.6033
6.6033
6.6033
6.6033
6.6033
6.6033
6.6033
6.6033
6.6033
6.6033
6.6033
6.6033
6.6033
6.60328
6.60326
6.60317
6.60288
6.6022
6.6022
6.6022
6.6022
6.6022
6.6022
6.6022
6.6022
6.6022
6.6022
6.6022
6.6022
6.6022
6.6022
6.6022
6.6022
6.6022
6.6022
6.60142
6.5983
6.58291
6.56322
6.56322
6.56322
6.56322
6.56311
6.56287
6.56263
6.5611
6.55733
6.55733
6.55733
6.55733
6.55733
6.55733
6.55733
6.55733
6.55733
6.55733
6.55733
6.55733
6.55733
6.55733
6.55733
6.55733
6.55733
6.55733
6.55733
6.55733
6.55733
6.55733
6.55733
6.55733
6.55733
6.55733
6.55733
6.55733
6.55733
6.55733
6.55733
6.55733
6.55733
6.55733
6.55733
6.55733
6.55733
6.55733
6.55733
6.55733
6.55733
6.55733
6.55733
6.55733
6.55733
6.55733
6.55733
6.55733
6.55733
6.55733
6.55733
6.55733
6.55733
6.55733
6.55733
6.55733
6.55733
6.55733
6.55733
6.55733
6.55733
6.55733
6.55733
6.55733
6.55733
6.55733
6.55733
6.55733
6.55733
6.55733
6.55733
6.55733
6.55733
6.55733
6.55733
6.55733
6.55733
6.55733
6.55733
6.55733
6.55733
6.55733
6.55733
6.55733
6.55733
6.55733
6.55733
6.55733
6.55733
6.55733
6.55733
6.55733
6.55733
6.55733
6.55733
6.55733
6.55733
6.55733
6.55733
6.55733
6.55733
6.55733
6.55733
6.55733
6.55733
6.55733
6.55733
6.55733
6.55733
6.55733
6.55733
6.55733
6.55733
6.55733
6.55733
6.55733
6.55733
6.55733
6.55733
6.55733
6.55733
6.55733
6.55733
6.55733
6.55733
6.55733
6.55733
6.55733
6.55733
6.55733
6.55733
6.55733
6.55733
6.55733
6.55381
6.55733
6.55733
6.55733
6.55733
6.55733
6.55733
6.55733
6.55733
6.55733
6.55733
6.55733
6.55733
6.55733
6.55733
6.55733
6.55733
6.55733
6.55733
6.55733
6.55733
6.55733
6.55733
6.55733
6.55733
6.55733
6.55733
6.55733
6.55733
6.55733
6.55733
6.55733
6.55733
6.55733
6.55733
6.55733
6.55733
6.55733
6.55733
6.55733
6.55853
6.55547
6.54989
6.52573
6.46439
6.46439
6.46439
6.46439
6.46439
6.46439
6.46439
6.46439
6.46439
6.46439
6.46439
6.46439
6.46439
6.46439
6.46439
6.46439
6.46439
6.46439
6.46439
6.46439
6.46439
6.46439
6.46439
6.46439
6.46439
6.46439
6.46439
6.46439
6.46439
6.46439
6.46439
6.46439
6.46439
6.43917
6.34295
6.00341
5.43642
5.43642
5.43642
5.43642
5.43642
5.43642
5.43642
5.43642
5.43642
5.43642
5.43642
5.43642
5.43642
5.43642
5.43642
5.43642
5.43642
5.43642
5.43642
5.43642
5.43642
5.43642
5.43642
5.43642
5.43642
5.43642
5.43642
5.43642
5.43642
5.43642
5.43642
5.43642
5.43642
5.43642
5.43642
5.43642
5.43642
5.43642
5.43642
5.43642
5.43642
5.43642
5.43642
5.43642
5.43642
5.43642
5.43642
5.43642
5.43642
5.43642
5.43642
5.43642
5.43642
5.43642
5.43642
5.43642
5.43642
5.43642
5.43642
5.43642
5.43642
5.43642
5.43642
5.43642
5.43642
5.43642
5.43642
5.43642
5.43642
5.43642
5.43642
5.43642
5.43642
5.43642
5.43642
5.43642
5.43642
5.43642
5.43642
5.43642
5.43642
5.43642
5.43642
5.43642
5.43642
5.43642
5.43642
5.43642
5.43642
5.43642
5.43642
5.43642
5.43642
5.43642
5.43642
5.43642
5.43642
5.43642
5.43642
5.43642
5.43642
5.43642
5.43642
5.43642
5.43642
5.43642
5.43642
5.43642
5.43642
5.43642
5.43642
5.43642
5.43642
5.43642
5.43642
5.43642
5.43642
5.43642
5.43642
5.43642
5.43642
5.43642
5.43642
5.43642
5.43642
5.43642
5.43642
5.43642
5.43642
5.43642
5.43642
5.43642
5.43642
5.44968
5.43642
5.43642
5.43642
5.43642
5.43642
5.43642
5.43642
5.43642
5.43642
5.43642
5.43642
5.43642
5.43642
5.43642
5.43642
5.43642
5.43642
5.43642
5.43642
5.43642
5.43642
5.43642
5.43642
5.43642
5.43642
5.43642
5.43642
5.43642
5.43642
5.43642
5.43642
5.43642
5.43642
5.43642
5.43642
5.43642
5.43642
5.43642
5.43642
5.43642
5.43642
5.43642
5.43642
5.43642
5.43642
5.43642
5.43642
5.43642
5.43642
5.43642
5.43642
5.43642
5.43642
5.43642
5.43642
5.43642
5.43642
5.43642
5.43642
5.43642
5.43642
5.43642
5.43642
5.43642
5.43642
5.43642
5.43642
5.43642
5.43642
5.43642
5.43642
5.43642
5.43642
5.43642
5.45885
5.43642
5.43642
5.43642
5.43642
5.43642
5.43191
5.40936
5.36372
5.2092
5.19738
5.17552
5.12563
5.12563
5.12563
5.12563
5.12563
5.12563
5.12563
5.12563
5.12563
5.12563
5.12563
5.12563
5.12563
5.12563
5.12563
5.12563
5.12563
5.12563
5.12563
5.12563
5.12563
5.12563
5.12563
5.12563
5.12563
5.12563
5.12563
5.12563
5.12563
5.12563
5.12563
5.12563
5.12563
5.12563
5.12563
5.12563
5.12563
5.12563
5.12563
5.12563
5.12563
5.12563
5.12563
5.12563
5.12563
5.12563
5.12563
5.12563
5.12563
5.12563
5.12563
5.12563
5.12563
5.12563
5.12563
5.12563
5.12563
5.12563
5.12563
5.12563
5.12563
5.12563
5.12563
5.12563
5.12563
5.12563
5.12563
5.12563
5.12563
5.12563
5.12563
5.12563
5.12563
5.12563
5.12563
5.12563
5.12563
5.12563
5.12563
5.12563
5.12563
5.12563
5.12563
5.12563
5.12563
5.12563
5.12563
5.12563
5.12563
5.12563
5.12563
5.12563
5.12563
5.12563
5.12563
5.12563
5.12563
5.12563
5.12563
5.12563
5.12563
5.12563
5.12563
5.12563
5.12563
5.12563
5.12563
5.12563
5.12563
5.12563
5.12563
5.12563
5.12563
5.12563
5.12563
5.12563
5.12563
5.12563
5.12563
5.12563
5.12563
5.12563
5.12563
5.12563
5.12563
5.12563
5.12563
5.12563
5.12563
5.12563
5.12563
5.12563
5.12563
5.12563
5.12563
5.12563
5.12563
5.12563
5.12563
5.12563
5.12563
5.12563
5.12563
5.12563
5.12563
5.12563
5.12563
5.12563
5.12563
5.12563
5.12563
5.12563
5.12563
5.12563
5.12563
5.12563
5.12563
5.12563
5.12563
5.12563
5.12563
5.12563
5.12563
5.12563
5.12563
5.12563
5.12563
5.12563
5.12563
5.12563
5.12563
5.12563
5.12563
5.12563
5.12563
5.12563
5.12563
5.12563
5.12563
5.12563
5.12563
5.12563
5.12563
5.12563
5.12563
5.12563
5.12563
5.12563
5.12563
5.12563
5.12563
5.12563
5.12563
5.12563
5.12563
5.12563
5.12563
5.12563
5.12563
5.12563
5.12563
5.12563
5.12563
5.12563
5.12563
5.12563
5.12563
5.12563
5.12563
5.12563
5.12563
5.12563
5.12563
5.12563
5.12563
5.12563
5.12563
5.12563
5.12563
5.12563
5.12563
5.12563
5.12563
5.12563
5.12563
5.12563
5.12563
5.12563
5.12563
5.12563
5.12563
5.12563
5.12563
5.12563
5.12563
5.12563
5.12563
5.12563
5.12563
5.12563
5.12563
5.12563
5.12563
5.12563
5.12563
5.12563
5.12563
5.12563
5.12563
5.12563
5.12563
5.12563
5.12563
5.12563
5.12563
5.12563
5.12563
5.12563
5.12563
5.12563
5.12563
5.12563
5.12563
5.12563
5.12563
5.12563
5.12563
5.12563
5.12563
5.12563
5.12563
5.12563
5.12563
5.12563
5.12563
5.12563
5.12563
5.12563
5.12563
5.12563
5.12563
5.12563
5.12563
5.12563
5.12563
5.12563
5.12563
5.12563
5.12563
5.12563
5.12563
5.12563
5.12563
5.12563
5.12563
5.12563
5.12563
5.12563
5.12563
5.12563
5.12563
5.12563
5.12563
5.12563
5.12563
5.12563
5.12563
5.12563
5.12563
5.12563
5.12563
5.12563
5.12563
5.12563
5.12563
5.12563
5.12563
5.12563
5.12563
5.12563
5.12563
5.12563
5.12563
5.12563
5.12563
5.12563
5.12563
5.12563
5.12563
