# best half averages
52.1667
48.1555
43.6092
40.7765
38.4226
35.2606
32.9742
29.398
27.2701
26.5304
25.468
23.3242
21.7483
18.8006
16.6854
15.5972
14.0446
11.7451
10.7875
10.782
10.7592
10.6632
10.5645
10.4249
10.1886
10.0663
9.71675
9.31801
9.20768
9.13307
9.00861
8.76798
8.46223
8.45142
8.43787
8.44018
8.36167
8.24428
8.0547
8.0311
7.99467
8.25307
7.81335
7.35557
7.17333
6.87512
6.5985
6.58447
6.50865
6.46155
6.45766
6.45373
6.43109
7.06724
6.52875
6.24999
6.06018
5.99646
5.88626
5.72511
5.60828
5.5906
5.57163
5.57253
5.4639
5.37773
5.34742
5.2422
5.15062
5.13228
5.12367
5.10967
5.33854
5.06717
5.0293
4.85452
4.83586
4.81943
4.79669
4.7826
4.76923
4.76468
4.76468
4.76468
4.76468
4.76089
4.76468
4.76468
4.76468
4.76468
4.76468
4.76468
4.76468
4.76468
4.76468
4.76468
4.76468
4.76468
4.76468
4.76468
4.76468
4.76468
4.76468
4.76468
4.76468
4.76468
4.76468
4.76085
4.76468
4.76468
4.76468
4.76436
4.76337
4.76272
4.75442
4.72014
4.66845
4.51338
4.51338
4.51276
4.51153
4.50782
4.48991
4.48249
4.47752
4.47256
4.46759
4.42769
4.35272
4.23293
4.22904
4.2184
4.21028
4.20994
4.20889
4.20483
4.20302
4.20302
4.19312
4.18321
4.1733
4.14679
4.01952
3.70113
3.70765
3.70765
3.70765
3.70765
3.70765
3.70466
3.69441
3.67691
3.62562
3.54308
3.50484
3.4262
3.37415
3.37415
3.37415
3.37415
3.37415
3.37415
3.37415
3.37373
3.37373
3.37247
3.37039
3.35987
3.34858
3.33883
3.29932
3.21913
3.10522
3.09887
3.0988
3.09874
3.0986
3.09805
3.09641
3.09552
3.09152
3.08295
3.0618
3.04008
2.92974
2.89542
2.89531
2.89497
2.89424
2.89273
2.89273
2.89273
2.89273
2.89273
2.89273
2.89262
2.89273
2.88807
2.89273
2.89273
2.89273
2.89273
2.89273
2.89273
2.89273
2.89273
2.89273
2.89273
2.89273
2.89273
2.89273
2.89273
2.89273
2.89273
2.89273
2.89273
2.89273
2.8927
2.89238
2.89218
2.89127
2.89013
2.88615
2.88728
2.8839
2.88076
2.87987
2.87669
2.87034
2.85128
2.80362
2.73982
2.72036
2.72003
2.71873
2.71415
2.70499
2.70467
2.70467
2.70467
2.70467
2.70467
2.7
2.70467
2.70467
2.70467
2.70467
2.70467
2.70467
2.70467
2.70467
2.70467
2.70467
2.70467
2.70467
2.70467
2.70467
2.70452
2.70452
2.70423
2.70379
2.70276
2.70013
2.69735
2.69731
2.69718
2.69702
2.69682
2.6962
2.6957
2.6957
2.69104
2.6957
2.6957
2.6957
2.6957
2.6957
2.6957
2.6957
2.6957
2.6957
2.6957
2.6957
2.6957
2.6957
2.69104
2.68172
2.66307
2.6351
2.55584
2.46261
2.46261
2.46261
2.46261
2.46261
2.46261
2.46261
2.46261
2.46261
2.46261
2.46261
2.46261
2.46261
2.46261
2.46261
2.46261
2.46261
2.46261
2.46261
2.46261
2.46261
2.46261
2.46261
2.46261
2.46261
2.46261
2.46261
2.46261
2.46261
2.46261
2.46261
2.46261
2.46261
2.46261
2.46261
2.46261
2.46261
2.46261
2.46261
2.46261
2.46261
2.46261
2.46261
2.46261
2.46261
2.46261
2.46261
2.46261
2.46261
2.46261
2.46261
2.46261
2.46261
2.46261
2.46261
2.46261
2.46261
2.46261
2.46261
2.46261
2.46261
2.46261
2.46261
2.46261
2.46261
2.46261
2.46261
2.46261
2.46261
2.46261
2.47954
2.46261
2.46261
2.46261
2.46261
2.46261
2.46261
2.46261
2.46261
2.46261
2.46261
2.46261
2.46261
2.46261
2.46261
2.46261
2.46261
2.46261
2.46261
2.46261
2.46261
2.46261
2.46261
2.46261
2.46261
2.46261
2.46261
2.46261
2.46261
2.46261
2.46261
2.46261
2.46261
2.46261
2.46261
2.46261
2.46261
2.46261
2.46261
2.46261
2.46261
2.46261
2.46261
2.46261
2.46261
2.4872
2.46261
2.46261
2.46261
2.46261
2.46261
2.46261
2.46261
2.46261
2.46261
2.46261
2.46261
2.46261
2.46261
2.46261
2.46261
2.46261
2.46261
2.46261
2.46261
2.46261
2.46261
2.46261
2.46261
2.46261
2.46261
2.46261
2.46261
2.46261
2.46261
2.46261
2.46261
2.46261
2.46261
2.46261
2.46261
2.46261
2.46261
2.46261
2.46261
2.46261
2.46261
2.46261
2.46261
2.46261
2.46261
2.46261
2.46261
2.46261
2.46261
2.46261
2.46261
2.46261
2.46261
2.46261
2.46261
2.46261
2.46261
2.46261
2.46261
2.46261
2.46261
2.46261
2.46261
2.46261
2.45921
2.44519
2.42733
2.38549
2.33414
2.25408
2.21451
2.12678
2.10096
2.10096
2.10096
2.10096
2.10096
2.10096
2.10096
2.10096
2.10096
2.10096
2.10096
2.10096
2.10096
2.10096
2.10096
2.10096
2.10096
2.10096
2.10096
2.10096
2.10096
2.10096
2.10096
2.10096
2.10096
2.10096
2.10096
2.10096
2.10096
2.10096
2.10096
2.10096
2.10096
2.10096
2.10096
2.10096
2.10096
2.10096
2.10096
2.10096
2.10096
2.10096
2.10096
2.10096
2.10096
2.10096
2.10096
2.10096
2.10096
2.10096
2.10096
2.10096
2.10096
2.10096
2.10096
2.10096
2.10096
2.10096
2.10096
2.10096
2.10096
2.10096
2.10096
2.10096
2.10096
2.10096
2.10096
2.10096
2.10096
2.10096
2.10096
2.10096
2.10096
2.10096
2.10096
2.10096
2.10096
2.10096
2.10096
2.10096
2.10096
2.10096
2.10096
2.10096
2.10096
2.10096
2.10096
2.10096
2.10096
2.10096
2.10096
2.10096
2.10096
2.10096
2.10096
2.10096
2.10096
2.10096
2.10096
2.10096
2.10096
2.10096
2.10096
2.10096
2.10096
2.10096
2.10096
2.10096
2.10096
2.10096
2.10096
2.10096
2.10096
2.10096
2.10096
2.10096
2.10096
2.10096
2.10096
2.10096
2.10096
2.10096
2.10096
2.10096
2.10096
2.10096
2.10096
2.10096
2.10096
2.10096
2.10096
2.10096
2.10096
2.10096
2.10096
2.10096
2.10096
2.10096
2.10096
2.10096
2.10096
2.10096
2.10096
2.10096
2.10096
2.10096
2.10096
2.10096
2.10096
2.10096
2.10096
2.10096
2.10096
2.10096
2.10096
2.10096
2.10096
2.10096
2.10096
2.10096
2.10096
2.10096
2.10296
2.10114
2.10096
2.10096
2.10096
2.10096
2.10096
2.10096
2.10096
2.10096
2.10096
2.10096
2.10096
2.10096
2.10096
2.10096
2.10096
2.10096
2.10096
2.10096
2.10096
2.10096
2.10096
2.10096
2.10096
2.10096
2.10096
2.10096
2.10096
2.10096
2.10096
2.10096
2.10096
2.10096
2.10096
2.10096
2.10096
2.10096
2.10096
2.10096
2.10096
2.10096
2.10096
2.10096
2.10096
2.10096
2.10096
2.10096
2.10096
2.10096
2.10096
2.10096
2.10096
2.10096
2.10096
2.10096
2.10096
2.10096
2.10096
2.10096
2.10096
2.10096
2.10096
2.10096
2.10096
2.10096
2.10096
2.10096
2.10096
2.10096
2.10096
2.10096
2.10096
2.10096
2.10096
2.10096
2.10096
2.10096
2.10096
2.10096
2.10096
2.10096
2.10096
2.10096
2.10096
2.10096
2.10096
2.10096
2.10096
2.10096
2.10096
2.10096
2.10096
2.10096
2.10096
2.10096
2.10096
2.10096
2.10096
2.10096
2.10096
2.10096
2.10096
2.10096
2.10096
2.10096
2.10096
2.10096
2.10096
2.10096
2.10096
2.10096
2.16815
2.10096
2.10096
2.10096
2.10096
2.10096
2.10096
2.10096
2.10096
2.10096
2.10096
2.10096
2.10096
2.10096
2.10096
2.10096
2.10096
2.10096
2.10096
2.10096
2.10096
2.10096
2.10096
2.10096
2.10096
2.10096
2.10096
2.10096
2.10096
2.10096
2.10096
2.10096
2.10096
2.10096
2.10096
2.10096
2.10096
2.10096
2.10096
2.10096
2.10096
2.10096
2.10096
2.10096
2.10096
2.10096
2.10096
2.10096
2.10096
2.10096
2.10096
2.10096
2.10096
2.10096
2.10096
2.10096
2.10096
2.10096
2.10096
2.10096
2.10096
2.10096
2.10096
2.10096
2.10096
2.10096
2.10096
2.10096
2.10096
2.10096
2.10096
2.10096
2.10096
2.10096
2.10096
2.10096
2.10096
2.10096
2.10096
2.10096
2.10096
2.10096
2.10096
2.10096
2.10096
2.10096
2.10096
2.10096
2.10096
2.10096
2.10096
2.10096
2.10096
2.10096
2.10096
2.10096
2.10096
2.10096
2.10096
2.10096
2.10096
2.10096
2.10096
2.10096
2.10096
2.10096
2.10096
2.10096
2.10096
2.10096
2.10096
2.10096
2.10096
2.10096
2.10096
2.10096
2.10096
2.10096
2.10096
2.10096
2.10096
2.10096
2.10096
2.10096
2.10096
2.10096
2.10096
2.10096
2.10096
2.10096
2.10096
2.10096
2.10096
2.10096
2.10096
2.10096
2.10096
2.10096
2.10096
2.10096
2.10096
2.10096
2.10096
2.10096
2.10096
2.10096
2.10096
2.10096
2.10096
2.10096
2.10096
2.10096
2.10096
2.10096
2.10096
2.10096
2.10096
2.10096
2.10096
2.10096
2.10096
2.10096
2.10096
2.10096
2.10096
2.10096
2.10096
2.10096
2.10096
2.10096
2.10096
2.10096
2.10096
2.10096
2.10096
2.10096
2.10096
2.10096
2.10096
2.10096
2.10096
2.10096
2.10096
2.10096
2.10096
2.10096
2.10096
2.10096
2.10096
2.10096
2.10096
2.10096
2.1125
2.10096
2.10096
2.10096
2.10096
2.10096
2.10096
2.10096
2.10096
2.10096
2.10096
2.10096
2.10096
2.10096
2.10096
2.10096
2.10096
2.10096
2.10096
2.10096
2.10096
2.10096
2.10096
2.10096
2.10096
2.10096
2.10096
2.10096
2.10096
2.10096
2.10096
2.10096
2.10096
2.10096
2.10096
2.10096
2.10096
2.10096
2.10096
2.10096
2.10096
2.10096
2.10096
2.10096
2.10096
2.10096
2.10096
2.10096
2.10096
2.10096
2.10096
2.10096
2.10096
2.10096
2.10096
2.10096
