# best half averages
52.1534
46.4355
42.3205
39.8019
36.9529
33.4966
31.837
29.5579
28.6403
27.403
25.9943
24.4019
23.7416
22.8912
22.1023
21.2372
20.3452
19.9627
19.7707
19.0622
17.3781
16.9564
15.8014
14.1629
13.4905
12.5727
12.4129
12.4065
12.4051
12.334
12.2313
12.6197
11.4872
11.0185
10.9672
10.7847
10.3237
10.3216
10.2842
10.2693
10.1599
10.4477
9.66624
9.14893
8.77901
8.75583
8.63548
8.19769
8.12147
8.00042
8.00042
8.00042
8.00042
8.00007
7.98641
7.94056
7.96557
7.76444
7.71886
7.6152
7.61374
7.63866
7.61156
7.65008
7.57842
7.66342
7.57685
7.65438
7.31596
7.0541
6.85426
6.85426
6.84381
6.82279
6.70937
6.33145
6.3305
6.32585
6.3252
6.3183
6.29595
6.25416
6.19333
6.07132
6.05493
6.04223
6.02312
5.98121
6.07199
5.94503
5.90597
5.91272
5.88649
5.81833
5.76676
5.75403
5.75403
5.77843
5.75403
5.75403
5.75403
5.75399
5.75394
5.75365
5.7526
5.75164
5.75164
5.75164
5.75164
5.75164
5.75164
5.75136
5.7508
5.74716
5.73677
5.73698
5.73686
5.73554
5.73993
5.80263
5.72233
5.70469
5.70457
5.70457
5.70457
5.70264
5.81067
5.70323
5.70509
5.69862
5.69862
5.69862
5.69812
5.69762
5.69373
5.67886
5.67114
5.66015
5.6488
5.6488
5.6488
5.6488
5.6488
5.64867
5.6483
5.64779
5.64504
5.64104
5.67049
5.6359
5.82264
5.6058
5.6058
5.6058
5.6058
5.6058
5.6058
5.60502
5.60034
5.59255
5.56682
5.56682
5.56682
5.56682
5.56682
5.56682
5.56682
5.56682
5.56682
5.56682
5.56682
5.56682
5.56682
5.56682
5.56682
5.56682
5.56674
5.57511
5.56682
5.67917
5.56682
5.56682
5.56682
5.56633
5.56535
5.56584
5.56535
5.56242
5.55018
5.54235
5.54235
5.54235
5.54235
5.54235
5.54235
5.54235
5.54235
5.54235
5.54235
5.54235
5.54223
5.54218
5.5418
5.54138
5.54024
5.54024
5.54024
5.54012
5.54024
5.54024
5.54024
5.54024
5.54024
5.54024
5.54024
5.54024
5.54024
5.54024
5.54024
5.54024
5.54024
5.54024
5.54024
5.54024
5.54024
5.54024
5.54024
5.54024
5.54024
5.54024
5.54024
5.54023
5.54022
5.54011
5.53978
5.53951
5.5387
5.53588
5.52963
5.52963
5.52963
5.52963
5.52963
5.52963
5.52963
5.52963
5.52963
5.52963
5.52963
5.52963
5.52963
5.52963
5.52963
5.52963
5.52963
5.52963
5.52963
5.52963
5.52961
5.52956
5.52928
5.52845
5.52845
5.52845
5.5282
5.52771
5.52746
5.52573
5.51905
5.51609
5.51609
5.51609
5.51609
5.51609
5.51609
5.51609
5.51609
5.51609
5.51609
5.51609
5.51609
5.51609
5.51609
5.51609
5.51609
5.51609
5.51609
5.51609
5.51609
5.51609
5.51609
5.51609
5.516
5.51541
5.51457
5.51186
5.51186
5.51186
5.51186
5.51186
5.51186
5.51186
5.51186
5.51186
5.51186
5.51186
5.51186
5.51186
5.51186
5.51186
5.51186
5.51186
5.51186
5.51186
5.51186
5.51186
5.51186
5.51186
5.51186
5.51186
5.51186
5.51186
5.51186
5.51186
5.51186
5.51186
5.51186
5.51186
5.51186
5.51186
5.51186
5.51186
5.51186
5.51186
5.51186
5.51186
5.51186
5.51186
5.51186
5.51186
5.51186
5.51186
5.51186
5.51186
5.51186
5.51186
5.51186
5.51186
5.51186
5.51186
5.51186
5.51186
5.51186
5.51186
5.51186
5.51186
5.51186
5.51186
5.51186
5.51186
5.51186
5.51186
5.51186
5.51186
5.51186
5.51186
5.51186
5.51186
5.51186
5.51186
5.51186
5.51186
5.51186
5.51186
5.51186
5.51186
5.51186
5.51186
5.51186
5.51186
5.51186
5.51186
5.51186
5.51186
5.51186
5.51186
5.51186
5.51186
5.51186
5.51186
5.51186
5.51186
5.51186
5.51184
5.51177
5.51174
5.51174
5.51174
5.51174
5.51174
5.51174
5.51174
5.51174
5.51174
5.51174
5.51174
5.51174
5.51174
5.51174
5.51174
5.51174
5.51174
5.51174
5.51174
5.51174
5.51174
5.51174
5.51174
5.51174
5.51174
5.51174
5.51174
5.51174
5.51174
5.51174
5.51174
5.51174
5.51174
5.51174
5.51174
5.51174
5.51174
5.51174
5.51174
5.51174
5.51174
5.51174
5.51174
5.51174
5.51174
5.51174
5.51174
5.51174
5.51174
5.51174
5.51174
5.51174
5.51174
5.51174
5.51174
5.51174
5.51174
5.51174
5.51174
5.51174
5.51174
5.51174
5.51174
5.51174
5.51174
5.51174
5.51174
5.51174
5.51174
5.51174
5.51174
5.51174
5.51174
5.51174
5.51174
5.51174
5.51174
5.51174
5.51174
5.51174
5.51174
5.51174
5.51174
5.51174
5.51174
5.51174
5.51174
5.51174
5.51174
5.51174
5.51174
5.51174
5.51174
5.51174
5.51174
5.51174
5.51174
5.51174
5.51174
5.51174
5.51174
5.51174
5.51174
5.51174
5.51174
5.51174
5.51174
5.51174
5.51174
5.51174
5.51174
5.51174
5.51174
5.51174
5.51174
5.51174
5.51174
5.51174
5.51174
5.51174
5.51174
5.51174
5.51174
5.51174
5.51174
5.51174
5.51174
5.51174
5.51174
5.51174
5.51174
5.51174
5.51174
5.51174
5.51174
5.51174
5.51174
5.51174
5.51174
5.51174
5.51174
5.51174
5.51174
5.51174
5.51174
5.51174
5.51174
5.51174
5.51174
5.51174
5.51174
5.51174
5.51174
5.51174
5.51174
5.51174
5.51174
5.51174
5.51174
5.51174
5.51174
5.51174
5.51174
5.51174
5.51174
5.51174
5.51174
5.51174
5.51174
5.51174
5.51174
5.51174
5.51174
5.51174
5.51174
5.51174
5.51174
5.51174
5.51174
5.51174
5.51174
5.51174
5.51174
5.51174
5.51174
5.51174
5.51174
5.51174
5.51174
5.51174
5.51174
5.51174
5.51174
5.51174
5.51174
5.51174
5.51174
5.51174
5.51174
5.51174
5.51174
5.51174
5.51174
5.51174
5.51174
5.51174
5.51174
5.51174
5.51174
5.51174
5.51174
5.51174
5.51174
5.51174
5.51174
5.51174
5.51174
5.51174
5.51174
5.51174
5.51174
5.51174
5.51174
5.51174
5.51174
5.51174
5.51174
5.51174
5.51174
5.51174
5.51174
5.51174
5.51174
5.51174
5.51174
5.51174
5.51174
5.51174
5.51174
5.51174
5.51174
5.51174
5.51174
5.51174
5.51174
5.51174
5.51174
5.51174
5.51174
5.51174
5.51174
5.51174
5.51174
5.51174
5.51174
5.51174
5.51174
5.51174
5.51174
5.51174
5.51174
5.51174
5.51174
5.51174
5.51174
5.51174
5.51174
5.51174
5.51174
5.51174
5.51174
5.51174
5.51174
5.51174
5.51174
5.51174
5.51174
5.51174
5.51174
5.51174
5.51174
5.51174
5.51174
5.51174
5.51174
5.51174
5.51174
5.51174
5.51174
5.51174
5.51174
5.51174
5.51174
5.51174
5.51174
5.51174
5.51174
5.51174
5.51174
5.51174
5.51174
5.51174
5.51174
5.51174
5.51174
5.51174
5.51174
5.51174
5.51174
5.51174
5.51174
5.51174
5.51174
5.51174
5.51174
5.51174
5.51174
5.51174
5.51174
5.51174
5.51174
5.51174
5.51174
5.51174
5.51174
5.51174
5.51174
5.51174
5.51174
5.51174
5.51174
5.51174
5.51174
5.51174
5.51174
5.51174
5.51174
5.51174
5.51174
5.51174
5.51174
5.51174
5.51174
5.51174
5.51174
5.51174
5.51174
5.51174
5.51174
5.51174
5.51174
5.51174
5.51174
5.51174
5.51174
5.51174
5.51174
5.51174
5.51174
5.51174
5.51174
5.51174
5.51174
5.51174
5.51174
5.51174
5.51174
5.51174
5.51174
5.51174
5.51174
5.51174
5.51174
5.51174
5.51174
5.51174
5.51174
5.51174
5.51174
5.51174
5.51174
5.51174
5.51174
5.51174
5.51174
5.51174
5.51174
5.51174
5.51174
5.51174
5.51174
5.51174
5.51174
5.51174
5.51174
5.51174
5.51174
5.51174
5.51174
5.51174
5.51174
5.51174
5.51174
5.51174
5.51174
5.51174
5.51174
5.51174
5.51174
5.51174
5.51174
5.51174
5.51174
5.51174
5.51174
5.51174
5.51174
5.51174
5.51174
5.51174
5.51174
5.51174
5.51174
5.51174
5.51174
5.51174
5.51174
5.51174
5.51174
5.51174
5.51174
5.51174
5.51174
5.51174
5.51174
5.51174
5.51174
5.51174
5.51174
5.51174
5.51174
5.51174
5.51174
5.51174
5.51174
5.51174
5.51174
5.51174
5.51174
5.51174
5.51174
5.51174
5.51174
5.51174
5.51174
5.51174
5.51174
5.51174
5.51174
5.51174
5.51174
5.51174
5.51174
5.51174
5.51174
5.51174
5.51174
5.51174
5.51174
5.51174
5.51174
5.51174
5.51174
5.51174
5.51174
5.51174
5.51174
5.51174
5.51174
5.51174
5.51174
5.51174
5.51174
5.51174
5.51174
5.51174
5.51174
5.51174
5.51174
5.51174
5.51174
5.51174
5.51174
5.51174
5.51174
5.51174
5.51174
5.51174
5.51174
5.51174
5.51174
5.51174
5.51174
5.51174
5.51174
5.51174
5.51174
5.51174
5.51174
5.51174
5.51174
5.51174
5.51174
5.51174
5.51174
5.51174
5.51174
5.51174
5.51174
5.51174
5.51174
5.51174
5.51174
5.51174
5.51174
5.51174
5.51174
5.51174
5.51174
5.51174
5.51174
5.51174
5.51174
5.51174
5.51174
5.51174
5.51174
5.51174
5.51174
5.51174
5.51174
5.51174
5.51174
5.51174
5.51174
5.51174
5.51174
5.51174
5.51174
5.51174
5.51174
5.51174
5.51174
5.51174
5.51174
5.51174
5.51174
5.51174
5.51174
5.51174
5.51174
5.51174
5.51174
5.51174
5.51174
5.51174
5.51174
5.51174
5.51174
5.51174
5.51174
5.51174
5.51174
5.51174
5.51174
5.51174
5.51174
5.51174
5.51174
5.51174
5.51174
5.51174
5.51174
5.51174
5.51174
5.51174
5.51174
5.51174
5.51174
5.51174
5.51174
5.51174
5.51174
5.51174
5.51174
5.51174
5.51174
5.51174
5.51174
5.51174
5.51174
5.51174
5.51174
5.51174
5.51174
