# best half averages
52.3418
47.9258
43.8587
39.7111
36.5732
35.6614
34.3376
32.9221
31.7052
30.4658
29.0611
28.2588
27.873
25.8577
24.4355
22.9589
22.9088
22.0669
20.0161
18.2341
16.5863
16.5701
16.5094
16.3458
15.8917
15.3245
14.3165
14.008
13.7817
13.0389
12.9325
12.8185
13.1457
12.4007
12.3426
12.2033
12.1248
11.8919
11.687
11.5183
11.4374
11.4016
11.3615
11.2307
11.2307
11.2307
11.2195
11.2083
11.1409
10.7748
10.6202
10.595
10.3375
10.1695
10.1584
10.124
10.5044
9.65381
9.62951
9.68396
9.65045
9.57929
9.46415
9.39135
9.39135
9.39135
9.39135
9.38069
9.372
9.3516
9.25605
9.09181
9.06736
9.12448
8.79997
8.72845
8.5291
8.49786
8.40079
8.12063
8.06467
8.04816
7.95784
7.86004
7.7209
7.58809
7.1309
7.13053
7.13015
7.12751
7.12096
7.20967
7.19865
7.01565
6.97475
6.97487
6.97487
6.97487
6.97487
6.97299
6.96789
6.95314
6.89969
6.88093
6.88093
6.88093
6.88093
6.88093
6.88093
6.87954
6.87954
6.87815
6.87451
7.59673
6.8229
6.81154
6.81154
6.81154
6.81154
6.81154
6.81154
6.81154
6.81028
6.80812
6.79465
6.75454
6.75454
6.75454
6.75454
6.75454
6.75454
6.75454
6.75454
6.75454
6.75454
6.75454
6.7545
6.75443
6.75411
6.75286
6.75255
6.75255
6.75255
6.75255
6.75218
6.74984
6.74258
6.74126
6.73617
6.76431
6.71153
6.72231
6.71036
6.71036
6.70978
6.70627
6.69393
6.6875
6.6875
6.6875
6.6875
6.6875
6.6875
6.6875
6.6875
6.6875
6.6875
6.6875
6.6875
6.6875
6.6875
6.6875
6.6875
6.6875
6.6875
6.6875
6.6875
6.68738
6.6875
6.6875
6.6875
6.6875
6.6875
6.6875
6.6875
6.6875
6.6875
6.6875
6.6875
6.6875
6.68739
6.68703
6.68644
6.68361
6.68161
6.68161
6.68161
6.68161
6.68148
6.68136
6.68136
6.78444
6.70193
6.68161
6.68161
6.68161
6.68161
6.68161
6.68161
6.68161
6.68161
6.68161
6.68161
6.68161
6.68148
6.68148
6.68021
6.67656
6.7143
6.73974
6.61887
6.60932
6.56522
6.55664
6.55664
6.55664
6.55664
6.55664
6.55664
6.55659
6.55638
6.55455
6.55309
6.55309
6.54931
6.52672
6.48619
6.47533
6.43278
6.41324
6.41291
6.41291
6.41283
6.53725
6.41286
6.41272
6.46963
6.41249
6.5994
6.41028
6.41028
6.41028
6.41028
6.41028
6.41028
6.41028
6.41028
6.41028
6.41028
6.41028
6.41028
6.41028
6.41028
6.41028
6.41028
6.41028
6.41028
6.41028
6.4102
6.4102
6.40994
6.40893
6.40606
6.40606
6.40606
6.40606
6.40606
6.40594
6.43723
6.72264
6.50905
6.39999
6.39999
6.39999
6.39999
6.39999
6.39999
6.39999
6.39999
6.39999
6.39999
6.39987
6.3995
6.39782
6.39381
6.39381
6.39381
6.39381
6.39381
6.39381
6.39381
6.39379
6.39371
6.39357
6.39284
6.39284
6.39284
6.39284
6.39284
6.39284
6.39284
6.39284
6.39284
6.39284
6.39284
6.39284
6.39284
6.39284
6.39284
6.39284
6.39284
6.39284
6.39284
6.39284
6.39284
6.39284
6.39284
6.39284
6.39284
6.39284
6.39284
6.39284
6.39284
6.39284
6.39284
6.39284
6.39284
6.39284
6.39284
6.39284
6.39284
6.39284
6.39284
6.39284
6.39284
6.39284
6.39284
6.39284
6.39284
6.39284
6.39284
6.39284
6.39284
6.39284
6.39284
6.39284
6.39284
6.39284
6.39284
6.39284
6.39284
6.39284
6.39284
6.39284
6.39284
6.39284
6.39284
6.39284
6.39284
6.39284
6.39284
6.39284
6.39284
6.39284
6.39284
6.39284
6.39284
6.39284
6.39284
6.39284
6.39284
6.39284
6.39284
6.39284
6.39284
6.39284
6.39284
6.39284
6.39284
6.39283
6.39283
6.39281
6.39274
6.39271
6.39271
6.39271
6.39271
6.39271
6.39271
6.39271
6.39271
6.39271
6.39271
6.39271
6.39271
6.39271
6.39271
6.39271
6.39271
6.39271
6.39271
6.39271
6.39271
6.39271
6.39271
6.39271
6.39271
6.39259
6.39247
6.39235
6.39129
6.38905
6.38681
6.38681
6.38681
6.38681
6.38681
6.38681
6.38681
6.38681
6.38681
6.38681
6.38681
6.38681
6.38681
6.38681
6.38681
6.38681
6.38681
6.38681
6.38681
6.38681
6.38681
6.38681
6.38681
6.38681
6.38681
6.38681
6.38681
6.38681
6.38681
6.38681
6.38681
6.38681
6.38681
6.38681
6.38681
6.38681
6.38681
6.38681
6.38681
6.38681
6.38681
6.38681
6.38681
6.38681
6.38681
6.38681
6.38681
6.38681
6.38681
6.38681
6.38681
6.38681
6.38681
6.38681
6.38681
6.38681
6.38681
6.38681
6.38681
6.38681
6.38681
6.38681
6.38681
6.38681
6.38681
6.38681
6.38681
6.38681
6.38681
6.38681
6.38681
6.38681
6.38681
6.38681
6.38681
6.38681
6.38681
6.38681
6.38681
6.38681
6.38681
6.38681
6.38681
6.38681
6.38681
6.38681
6.38681
6.38681
6.38681
6.38681
6.38681
6.38681
6.38681
6.38681
6.38681
6.38681
6.38681
6.38681
6.38681
6.38681
6.38681
6.38681
6.38681
6.38681
6.38681
6.38681
6.38681
6.38681
6.38681
6.38681
6.38681
6.38681
6.38681
6.38681
6.38681
6.38681
6.38681
6.38681
6.38681
6.38681
6.38681
6.38681
6.38681
6.38681
6.38681
6.38681
6.38681
6.38681
6.38681
6.38681
6.38681
6.38681
6.38681
6.38681
6.38681
6.38681
6.38681
6.38681
6.38681
6.38681
6.38681
6.38681
6.38681
6.38681
6.38681
6.38681
6.38681
6.38681
6.38681
6.38681
6.38681
6.38681
6.38681
6.38681
6.38681
6.38681
6.38681
6.38681
6.38681
6.38681
6.38681
6.38681
6.38681
6.38681
6.38681
6.38681
6.38681
6.38681
6.38681
6.38681
6.38681
6.38681
6.38681
6.38681
6.38681
6.38681
6.38681
6.38681
6.38681
6.38681
6.38681
6.38681
6.38681
6.38681
6.38681
6.38681
6.38681
6.38681
6.38681
6.38681
6.38681
6.38681
6.38681
6.38681
6.38681
6.38681
6.38681
6.38681
6.38681
6.38681
6.38681
6.38681
6.38681
6.38681
6.38681
6.38681
6.38681
6.38681
6.38681
6.38681
6.38681
6.38681
6.38681
6.38681
6.38681
6.38681
6.38681
6.38681
6.38681
6.38681
6.38681
6.38681
6.38681
6.38681
6.38681
6.38681
6.38681
6.38681
6.38681
6.38681
6.38681
6.38681
6.38681
6.38681
6.38681
6.38681
6.38681
6.38681
6.38681
6.38681
6.38681
6.38681
6.38681
6.38681
6.38681
6.38681
6.38681
6.38681
6.38681
6.38681
6.38681
6.38681
6.38681
6.38681
6.38681
6.38681
6.38681
6.38681
6.38681
6.38681
6.38681
6.38681
6.38681
6.38681
6.38681
6.38681
6.38681
6.38681
6.38681
6.38681
6.38681
6.38681
6.38681
6.38681
6.38681
6.38681
6.38681
6.38681
6.38681
6.38681
6.38681
6.38681
6.38681
6.38681
6.38681
6.38681
6.38681
6.38681
6.38681
6.38681
6.38681
6.38681
6.38681
6.38681
6.38681
6.38681
6.38681
6.38681
6.38681
6.38681
6.38681
6.38681
6.38681
6.38681
6.38681
6.38681
6.38681
6.38681
6.38681
6.38681
6.38681
6.38681
6.38681
6.38681
6.38681
6.38681
6.38681
6.38681
6.38681
6.38681
6.38681
6.38681
6.38681
6.38681
6.38681
6.38681
6.38681
6.38681
6.38681
6.38681
6.38681
6.38681
6.38681
6.38681
6.38681
6.38681
6.38681
6.38681
6.38681
6.38681
6.38681
6.38681
6.38681
6.38681
6.38681
6.38681
6.38681
6.38681
6.38681
6.38681
6.38681
6.38681
6.38681
6.38681
6.38681
6.38681
6.38681
6.38681
6.38681
6.38681
6.38681
6.38681
6.38681
6.38681
6.38681
6.38681
6.38681
6.38681
6.38681
6.38681
6.38681
6.38681
6.38681
6.38681
6.38681
6.38681
6.38681
6.38681
6.38681
6.38681
6.38681
6.38681
6.38681
6.38681
6.38681
6.38681
6.38681
6.38681
6.38681
6.38681
6.38681
6.38681
6.38681
6.38681
6.38681
6.38681
6.38681
6.38681
6.38681
6.38681
6.38681
6.38681
6.38681
6.38681
6.38681
6.38681
6.38681
6.38681
6.38681
6.38681
6.38681
6.38681
6.38681
6.38681
6.38681
6.38681
6.38681
6.38681
6.38681
6.38681
6.38681
6.38681
6.38681
6.38681
6.38681
6.38681
6.38681
6.38681
6.38681
6.38681
6.38681
6.38681
6.38681
6.38681
6.38681
6.38681
6.38681
6.38681
6.38681
6.38681
6.38681
6.38681
6.38681
6.38681
6.38681
6.38681
6.38681
6.38681
6.38681
6.38681
6.38681
6.38681
6.38681
6.38681
6.38681
6.38681
6.38681
6.38681
6.38681
6.38681
6.38681
6.38681
6.38681
6.38681
6.38681
6.38681
6.38681
6.38681
6.38681
6.38681
6.38681
6.38681
6.38681
6.38681
6.38681
6.38681
6.38681
6.38681
6.38681
6.38681
6.38681
6.38681
6.38681
6.38681
6.38681
6.38681
6.38681
6.38681
6.38681
6.38681
6.38681
6.38681
6.38681
6.38681
6.38681
6.38681
6.38681
6.38681
6.38681
6.38681
6.38681
6.38681
6.38681
6.38681
6.38681
6.38681
6.38681
6.38681
6.38681
6.38681
6.38681
6.38681
6.38681
6.38681
6.38681
6.38681
6.38681
6.38681
6.38681
6.38681
6.38681
6.38681
6.38681
6.38681
6.38681
6.38681
6.38681
6.38681
6.38681
6.38681
6.38681
6.38681
6.38681
6.38681
6.38681
6.38681
6.38681
6.38681
6.38681
6.38681
6.38681
6.38681
6.38681
6.38681
6.38681
6.38681
6.38681
6.38681
6.38681
6.38681
6.38681
6.38681
6.38681
6.38681
6.38681
6.38681
6.38681
6.38681
6.38681
6.38681
6.38681
6.38681
6.38681
6.38681
6.38681
6.38681
6.38681
6.38681
6.38681
6.38681
6.38681
6.38681
6.38681
6.38681
6.38681
6.38681
6.38681
6.38681
