# best half averages
51.9415
47.4875
42.2109
38.4599
35.431
33.4281
31.8572
30.8061
29.3584
27.5786
25.791
25.4193
25.0163
24.6575
23.9099
22.343
21.6996
21.0454
20.4066
19.0887
18.5003
17.6685
17.5833
17.5278
17.1042
15.811
15.2939
14.7281
13.5061
12.4738
12.4667
11.8425
11.392
11.3353
11.0671
10.6586
10.4741
9.90902
9.40476
9.358
9.18148
9.1268
9.12431
9.10983
9.35485
8.93975
8.76325
8.64402
8.61663
8.52698
8.52698
8.52698
8.52221
8.51213
8.45218
8.28855
8.28835
8.28764
8.28412
8.28361
8.28361
8.28361
8.27285
8.2348
8.092
7.86925
7.79197
7.7375
7.72623
7.71562
7.65861
7.517
7.39564
7.38414
7.37119
7.3708
7.36886
7.36188
7.35179
7.35179
7.35179
7.35179
7.35179
7.35179
7.35085
7.34801
7.3255
7.28573
7.21571
7.07804
7.07804
7.0769
7.07527
7.07073
7.05206
7.02069
7.02069
7.0201
7.01659
6.99877
6.99147
6.98994
6.98598
6.97214
6.9526
6.9429
6.93018
6.93018
6.93018
6.9301
6.92897
6.92516
6.91725
6.9129
6.90943
6.90152
6.90152
6.89252
6.80976
6.53695
6.45141
6.45123
6.45051
6.44832
6.44254
6.44134
6.43893
6.4293
6.398
6.38235
6.37759
6.36735
6.33398
6.21602
6.10769
6.10769
6.10769
6.10769
6.10769
6.10759
6.10739
6.107
6.10591
6.10275
6.10275
6.12933
6.10275
6.17841
6.10287
6.10275
6.10275
6.10275
6.10275
6.10275
6.10275
6.10275
6.10274
6.10181
6.10172
6.10043
6.09313
6.06184
6.05695
6.05695
6.05695
6.05695
6.05695
6.05695
6.05695
6.05695
6.05695
6.05695
6.05695
6.05695
6.05695
6.05695
6.05694
6.05687
6.05671
6.05638
6.05638
6.05638
6.05638
6.05638
6.05638
6.05638
6.05638
6.05638
6.05638
6.05638
6.05638
6.05496
6.04932
6.02343
5.98585
5.98585
5.98585
5.98585
5.98585
5.98585
5.98585
5.98585
5.98585
5.98585
5.98585
5.98585
5.98585
5.98585
5.98585
5.98585
5.98585
5.98585
5.98585
5.98585
5.98585
5.98585
5.98585
5.98585
5.98585
5.98585
5.98585
5.98585
5.98585
5.98585
5.98585
5.98585
5.98585
5.98585
5.98585
5.98585
5.98585
5.98585
5.98585
5.98585
5.98585
5.98585
5.98585
5.98585
5.98585
5.98585
5.98585
5.98585
5.98585
5.98585
5.98585
5.98585
5.98585
5.98585
5.98585
5.98585
5.98585
5.98585
5.98585
5.98585
5.98585
5.98585
5.98585
5.98585
5.98585
5.98585
5.98585
5.98585
5.98585
5.98585
5.98585
5.98585
5.98585
5.98585
5.98585
5.98585
5.98585
5.98585
5.98585
5.98585
5.98585
5.98585
5.98585
5.98585
5.98585
5.98585
5.98585
5.98585
5.98565
5.98488
5.98197
5.97614
5.97614
5.97614
5.97614
5.97614
5.97614
5.97614
5.97614
5.97614
5.97614
5.97614
5.97614
5.97614
5.97614
5.97614
5.97614
5.97614
5.97614
5.97614
5.97614
5.97614
5.97614
5.97614
5.97614
5.97614
5.97614
5.97614
5.97614
5.97614
5.97614
5.97614
5.97614
5.97614
5.97614
5.97614
5.97614
5.97614
5.97614
5.97614
5.97614
5.97614
5.97614
5.97614
5.97614
5.97614
5.97614
5.97614
5.97614
5.97614
5.97614
5.97614
5.97614
5.97614
5.97614
5.97614
5.97614
5.97614
5.97614
5.97614
5.97614
5.97614
5.97614
5.97614
5.97614
5.97614
5.97614
5.97614
5.97614
5.97614
5.97614
5.97614
5.97614
5.97614
5.97614
5.97614
5.97614
5.97614
5.97614
5.97614
5.97614
5.97614
5.97614
5.97614
5.97614
5.97614
5.97614
5.97614
5.97614
5.97614
5.97614
5.97614
5.97614
5.97614
5.97614
5.97614
5.97614
5.97614
5.97614
5.97614
5.97614
5.97614
5.97614
5.97614
5.97614
5.97614
5.97614
5.97614
5.97614
5.97614
5.97614
5.97614
5.97614
5.97614
5.97614
5.97614
5.97614
5.97614
5.97614
5.97614
5.97614
5.97614
5.97614
5.97614
5.97614
5.97614
5.97614
5.97614
5.97614
5.97614
5.97614
5.97614
5.97614
5.97614
5.97614
5.97614
5.97614
5.97614
5.97614
5.97614
5.97614
5.97614
5.97614
5.97614
5.97614
5.97614
5.97614
5.97614
5.97614
5.97614
5.97614
5.97614
5.97614
5.97614
5.97614
5.97614
5.97614
5.97614
5.97614
5.97614
5.97614
5.97614
5.97614
5.97614
5.97614
5.97614
5.97614
5.97614
5.97614
5.97614
5.97614
5.97614
5.97614
5.97614
5.97614
5.97614
5.97614
5.97614
5.97614
5.97614
5.97614
5.97614
5.97614
5.97614
5.97614
5.97614
5.97571
5.97571
5.97357
5.96586
5.95472
5.95472
5.95472
5.95472
5.95472
5.95472
5.95472
5.95472
5.95472
5.95472
5.95472
5.95472
5.95472
5.95472
5.95472
5.95472
5.95472
5.95472
5.95472
5.95472
5.95472
5.95472
5.95472
5.95472
5.95472
5.95472
5.95472
5.95472
5.95472
5.95472
5.95472
5.95472
5.95472
5.95472
5.95472
5.95472
5.95472
5.95472
5.95472
5.95472
5.95472
5.95472
5.95472
5.95472
5.95472
5.95472
5.95472
5.95472
5.95472
5.95472
5.94721
5.90963
5.83448
5.57895
5.57895
5.57895
5.57895
5.57895
5.57895
5.57895
5.57354
5.56271
5.54647
5.4654
5.30832
5.30832
5.30832
5.30832
5.30832
5.30832
5.30832
5.30832
5.30832
5.30832
5.30832
5.30832
5.30832
5.30832
5.30832
5.30832
5.30832
5.30832
5.30614
5.29464
5.277
5.21576
5.19934
5.19934
5.19934
5.19934
5.19934
5.19934
5.19381
5.17238
5.14195
5.03411
4.92293
4.92179
4.91952
4.9059
4.86616
4.86616
4.86616
4.86616
4.86616
4.86616
4.86616
4.86616
4.86616
4.86616
4.86616
4.86616
4.86616
4.86616
4.86616
4.86616
4.86616
4.86616
4.86616
4.86616
4.86616
4.86616
4.86616
4.86616
4.86616
4.86616
4.86616
4.86616
4.86616
4.86616
4.86616
4.86616
4.86616
4.86616
4.86616
4.86616
4.86616
4.86616
4.86616
4.86616
4.86616
4.86616
4.86616
4.86616
4.86616
4.86616
4.86616
4.86616
4.86616
4.86616
4.86616
4.86616
4.86616
4.86616
4.86616
4.86616
4.86616
4.86616
4.86616
4.86616
4.86616
4.86616
4.86616
4.86616
4.86616
4.86616
4.86616
4.86616
4.86616
4.86616
4.86616
4.86616
4.86616
4.86616
4.86616
4.86616
4.86616
4.86616
4.86616
4.86616
4.86616
4.86616
4.86616
4.86616
4.86616
4.86616
4.86616
4.86616
4.86616
4.86616
4.86616
4.86616
4.86616
4.86616
4.86616
4.86616
4.86616
4.86616
4.86616
4.86616
4.86616
4.86616
4.86616
4.86616
4.86616
4.86616
4.86616
4.86616
4.86616
4.86616
4.86616
4.86616
4.86616
4.86616
4.86616
4.86616
4.86616
4.86616
4.86616
4.86616
4.86616
4.86616
4.86616
4.86616
4.86616
4.86616
4.86616
4.86616
4.86616
4.86616
4.86616
4.86616
4.86616
4.86616
4.86616
4.86616
4.86616
4.86616
4.86616
4.86616
4.86616
4.86616
4.86616
4.86616
4.86616
4.86616
4.86616
4.86616
4.86616
4.86616
4.86616
4.86616
4.86616
4.86616
4.86616
4.86616
4.86616
4.86616
4.86616
4.86616
4.86616
4.86616
4.86616
4.86616
4.86616
4.86616
4.86616
4.86616
4.86616
4.86616
4.86616
4.86616
4.86616
4.86616
4.86616
4.86616
4.86616
4.86616
4.86616
4.86616
4.86616
4.86616
4.86616
4.86616
4.86616
4.86616
4.86616
4.86616
4.86616
4.86616
4.86616
4.86616
4.86616
4.86616
4.86616
4.86616
4.86616
4.86616
4.86616
4.86616
4.86616
4.86616
4.86616
4.86616
4.86616
4.86616
4.86616
4.86616
4.86616
4.86616
4.86616
4.86616
4.86616
4.86616
4.86616
4.86616
4.86616
4.86616
4.86616
4.86616
4.86616
4.86616
4.86616
4.86616
4.86616
4.86616
4.86616
4.86616
4.86616
4.86616
4.86616
4.86616
4.86616
4.86616
4.86616
4.86616
4.86616
4.86616
4.86616
4.86616
4.86616
4.86616
4.86616
4.86616
4.86616
4.86616
4.86616
4.86616
4.86616
4.86616
4.86616
4.86616
4.86616
4.86616
4.86616
4.86616
4.86616
4.86616
4.86616
4.86616
4.86616
4.86616
4.86616
4.86616
4.86616
4.86616
4.86616
4.86616
4.86616
4.86616
4.86616
4.86616
4.86616
4.86616
4.86616
4.86616
4.86616
4.86616
4.86616
4.86616
4.86616
4.86616
4.86616
4.86616
4.86616
4.86616
4.86616
4.86616
4.86616
4.86616
4.86616
4.86616
4.86616
4.86616
4.86616
4.86616
4.86616
4.86616
4.86616
4.86616
4.86616
4.86616
4.86616
4.86616
4.86616
4.86616
4.86616
4.86616
4.86616
4.86616
4.86616
4.86616
4.86616
4.86616
4.86616
4.86616
4.86616
4.86616
4.86616
4.86616
4.86616
4.86616
4.86616
4.86616
4.86616
4.86616
4.86616
4.86616
4.86616
4.86616
4.86616
4.86616
4.86616
4.86616
4.86616
4.86616
4.86616
4.86616
4.86616
4.86616
4.86616
4.86616
4.86616
4.86616
4.86616
4.86616
4.86616
4.86616
4.86616
4.86616
4.86616
4.86616
4.86616
4.86616
4.86616
4.86616
4.86616
4.86616
4.86616
4.86616
4.86616
4.86616
4.86616
4.86616
4.86616
4.86616
4.86616
4.86616
4.86616
4.86616
4.86616
4.86616
4.86616
4.86616
4.86616
4.86616
4.86616
4.86616
4.86616
4.86616
4.86616
4.86616
4.86616
4.86616
4.86616
4.86616
4.86616
4.86616
4.86616
4.86616
4.86616
4.86616
4.86616
4.86616
4.86616
4.86616
4.86616
4.86616
4.86616
4.86616
4.86616
4.86616
4.86616
4.86616
4.86616
4.86616
4.86616
4.86616
4.86616
4.86616
4.86616
4.86616
4.86616
4.86616
4.86616
4.86616
4.86616
4.86616
4.86616
4.86616
4.86616
4.86616
4.86616
4.86616
4.86616
4.86616
