# VELOCITY:     AVE_POFV:        ERROR:
   0.0942809       0.018           0
    0.282843       0.142           0
    0.471405        0.25           0
    0.659966      0.2465           0
    0.848528       0.432           0
     1.03709         0.2           0
     1.22565       0.684           0
     1.41421        0.37           0
     1.60278      1.3385           0
     1.79134      2.0915           0
      1.9799       1.415           0
     2.16846      1.8745           0
     2.35702      26.155           0
     2.54558     57.2175           0
     2.73415      8.3925           0
     2.92271       2.048           0
     3.11127       1.958           0
     3.29983       1.572           0
     3.48839      0.8065           0
     3.67696      0.1335           0
     3.86552      0.2645           0
     4.05408       0.043           0
     4.24264      0.0445           0
      4.4312       0.247           0
     4.61976       0.039           0
     4.80833       0.017           0
     4.99689           0           0
     5.18545           0           0
     5.37401           0           0
     5.56257           0           0
   0.0942809      0.0135  0.00159099
    0.282843       0.204   0.0219203
    0.471405      0.7055    0.161044
    0.659966      1.6255     0.48755
    0.848528       1.603    0.414011
     1.03709      2.0995    0.671575
     1.22565       3.709      1.0695
     1.41421       3.378     1.06349
     1.60278      3.8775    0.897672
     1.79134      4.9035    0.994192
      1.9799      6.2985     1.72658
     2.16846       8.186     2.23145
     2.35702     15.3495     3.82032
     2.54558     15.7195     14.6718
     2.73415      9.8175    0.503814
     2.92271        7.77     2.02303
     3.11127      7.0245     1.79128
     3.29983       5.781     1.48811
     3.48839      3.0035    0.776757
     3.67696       2.108    0.698091
     3.86552       1.971    0.603339
     4.05408       0.987    0.333754
     4.24264      0.7255     0.24077
      4.4312       0.933    0.242538
     4.61976       0.126   0.0307591
     4.80833      0.0195 0.000883883
     4.99689       0.061   0.0215668
     5.18545           0           0
     5.37401           0           0
     5.56257           0           0
   0.0942809      0.2315   0.0587293
    0.282843       0.613    0.120641
    0.471405       0.824    0.142854
    0.659966       1.007    0.325607
    0.848528      2.4825    0.484933
     1.03709      4.2655    0.958934
     1.22565       4.804     1.00598
     1.41421       4.647      1.0355
     1.60278      6.8045     1.28943
     1.79134      5.5235    0.862176
      1.9799       7.037     1.44018
     2.16846       7.862     1.67542
     2.35702       7.393     4.43921
     2.54558      9.5495     12.2208
     2.73415      12.613     1.01211
     2.92271      8.8515     1.72346
     3.11127      6.0175     1.26437
     3.29983      4.2665     1.00498
     3.48839      2.8865    0.582679
     3.67696      2.8185     0.65582
     3.86552       2.663    0.581945
     4.05408       1.596    0.368873
     4.24264       1.684    0.388275
      4.4312       0.659    0.162779
     4.61976      0.1465   0.0269055
     4.80833      0.5435    0.142956
     4.99689       0.187   0.0449551
     5.18545      0.0235  0.00639589
     5.37401           0           0
     5.56257           0           0
   0.0942809       0.004   0.0476263
    0.282843       0.087    0.103558
    0.471405       1.448    0.213852
    0.659966        1.26    0.252714
    0.848528       3.563    0.575021
     1.03709      3.8665    0.805767
     1.22565      3.9975    0.780995
     1.41421       7.193     1.22819
     1.60278      7.0495     1.17012
     1.79134       9.468     1.31623
      1.9799      10.043     1.54869
     2.16846       7.902     1.32408
     2.35702      6.4305     3.95602
     2.54558       8.492     10.0467
     2.73415      9.1035    0.800293
     2.92271      6.3735     1.29301
     3.11127      3.1775      1.0271
     3.29983      2.5865    0.803568
     3.48839      1.5005    0.464834
     3.67696       4.018    0.704771
     3.86552       1.727    0.436934
     4.05408       1.808     0.34251
     4.24264      2.3365    0.439189
      4.4312       0.678    0.122892
     4.61976       1.361    0.272932
     4.80833       0.221    0.107384
     4.99689       0.719    0.141836
     5.18545       0.701    0.150152
     5.37401      0.4085   0.0884428
     5.56257       0.431   0.0933142
   0.0942809           0   0.0399283
    0.282843      0.1285   0.0861952
    0.471405      2.9055    0.412558
    0.659966       1.795    0.243657
    0.848528      2.5245    0.468782
     1.03709      3.6045    0.668813
     1.22565       8.255     1.08465
     1.41421      6.8765      1.1178
     1.60278      6.9405      1.0136
     1.79134      7.5215     1.11354
      1.9799      7.5965     1.26395
     2.16846       7.331     1.07076
     2.35702       7.743     3.34702
     2.54558      8.7175     8.41995
     2.73415      5.6605      1.0037
     2.92271      5.0975     1.05513
     3.11127       4.289    0.822945
     3.29983      3.7005    0.643407
     3.48839      1.7875    0.374804
     3.67696       3.531      0.6073
     3.86552      2.4825    0.379504
     4.05408      2.0055    0.317534
     4.24264      1.4535     0.35432
      4.4312      1.8635    0.241689
     4.61976      1.2955    0.268901
     4.80833       0.908    0.153001
     4.99689      0.2935    0.113846
     5.18545       0.583     0.13999
     5.37401       0.964    0.169637
     5.56257      0.0315   0.0758873
   0.0942809       0.001   0.0342153
    0.282843       0.034   0.0780623
    0.471405       0.629    0.355618
    0.659966       1.164    0.203077
    0.848528      3.8365    0.469821
     1.03709       4.859    0.638814
     1.22565       6.267    0.952616
     1.41421       6.769    0.993791
     1.60278      5.7535    0.848822
     1.79134       8.732       1.023
      1.9799       7.696     1.06947
     2.16846       7.107    0.895232
     2.35702      6.5155     2.93947
     2.54558         8.4     7.23293
     2.73415      7.4575    0.873709
     2.92271       5.085    0.890903
     3.11127      5.6435    0.707763
     3.29983       5.142      0.5864
     3.48839       5.033    0.557612
     3.67696      1.9335    0.513938
     3.86552      1.5175    0.319619
     4.05408       1.469    0.266042
     4.24264       2.116    0.323405
      4.4312       2.458    0.313833
     4.61976      0.4205    0.225627
     4.80833       1.175    0.179795
     4.99689       0.786    0.124896
     5.18545           0    0.123256
     5.37401           0    0.147404
     5.56257           0   0.0647864
   0.0942809       0.022   0.0294803
    0.282843       0.651   0.0895139
    0.471405       0.552    0.314159
    0.659966      0.8035    0.181158
    0.848528       2.435    0.402721
     1.03709       5.117    0.606263
     1.22565       5.209    0.820243
     1.41421      9.6095     1.05743
     1.60278      6.7515    0.752666
     1.79134       7.496    0.889343
      1.9799      8.6565    0.953193
     2.16846      7.3665    0.772232
     2.35702       6.865     2.59614
     2.54558      6.9325      6.3706
     2.73415      8.4405    0.750762
     2.92271       5.036    0.771574
     3.11127       4.016    0.613073
     3.29983      3.7695    0.502718
     3.48839      2.5525    0.477998
     3.67696       4.456    0.516044
     3.86552       3.771    0.380829
     4.05408      2.0195    0.246184
     4.24264      1.5555    0.278033
      4.4312      0.5045    0.281815
     4.61976      1.2045    0.211094
     4.80833      0.7645    0.158617
     4.99689      1.2705    0.163006
     5.18545      0.1725    0.105819
     5.37401           0    0.129918
     5.56257           0   0.0564593
   0.0942809           0   0.0262461
    0.282843      0.2485   0.0783503
    0.471405      0.3945    0.285214
    0.659966      1.4955     0.16421
    0.848528      3.2685     0.36637
     1.03709      5.1035    0.565407
     1.22565      4.5655    0.717895
     1.41421      7.5625    0.954736
     1.60278      5.0415    0.660782
     1.79134       6.163    0.779381
      1.9799       8.866    0.863209
     2.16846      7.4355    0.679724
     2.35702      11.496     2.27261
     2.54558       7.026     5.68175
     2.73415      5.4755    0.762336
     2.92271      7.7585    0.714745
     3.11127        5.92    0.558544
     3.29983      3.1995    0.446036
     3.48839      2.7165    0.418945
     3.67696      4.0385    0.477357
     3.86552      2.3555    0.335052
     4.05408      1.6835    0.217632
     4.24264      1.6495    0.244799
      4.4312       1.153    0.246888
     4.61976       2.526    0.286214
     4.80833       0.723    0.140781
     4.99689       0.109    0.148874
     5.18545      0.0255   0.0951095
     5.37401           0    0.115967
     5.56257           0   0.0500023
   0.0942809           0   0.0236369
    0.282843       0.036   0.0736095
    0.471405       0.602    0.256337
    0.659966      2.6875    0.215459
    0.848528      3.2715    0.335089
     1.03709       4.361    0.508237
     1.22565      4.5285    0.638343
     1.41421      4.2905    0.863274
     1.60278       5.257    0.587691
     1.79134      7.1805    0.696578
      1.9799       8.932    0.788431
     2.16846      8.3065    0.622328
     2.35702       8.725     2.03403
     2.54558       9.633     5.08469
     2.73415       6.467    0.706349
     2.92271      7.7555    0.661336
     3.11127       6.253     0.52067
     3.29983       4.841    0.412557
     3.48839      3.4125    0.383553
     3.67696      2.7805    0.424444
     3.86552       2.833    0.307721
     4.05408      2.5575    0.225496
     4.24264      0.7225    0.230408
      4.4312       0.244    0.235593
     4.61976      0.4805    0.258002
     4.80833      0.3075    0.127617
     4.99689      0.9505    0.143195
     5.18545       0.461   0.0892416
     5.37401       0.123    0.103208
     5.56257           0   0.0448572
   0.0942809       0.418   0.0423317
    0.282843      0.9335   0.0934857
    0.471405        1.21      0.2323
    0.659966       2.165    0.209016
    0.848528      4.6375    0.358114
     1.03709      4.4925    0.463253
     1.22565        3.64    0.582741
     1.41421      6.0365     0.77789
     1.60278       5.786    0.530037
     1.79134       4.037    0.671207
      1.9799       6.234    0.718062
     2.16846       7.712    0.563698
     2.35702      9.3405     1.83545
     2.54558       8.847     4.60901
     2.73415      9.2955    0.644798
     2.92271      9.1785    0.658981
     3.11127       6.307    0.486672
     3.29983      3.8425    0.371312
     3.48839       3.633    0.357991
     3.67696       1.857     0.39387
     3.86552       2.768    0.282584
     4.05408      1.3805    0.203778
     4.24264        0.23    0.233668
      4.4312       1.105    0.212413
     4.61976      0.2655    0.238608
     4.80833      0.8825    0.119896
     4.99689      1.0225    0.138552
     5.18545       0.709   0.0928235
     5.37401       0.034   0.0937292
     5.56257           0   0.0406648
   0.0942809           0   0.0389696
    0.282843       0.037   0.0881677
    0.471405       1.573    0.217933
    0.659966       2.411    0.208352
    0.848528       3.374    0.329268
     1.03709       3.992    0.421478
     1.22565       3.655    0.535616
     1.41421      5.8245    0.707294
     1.60278        6.08    0.484839
     1.79134       5.756    0.612086
      1.9799       9.708    0.685938
     2.16846       7.167    0.512478
     2.35702       9.203     1.67298
     2.54558      6.4195     4.24194
     2.73415       8.581    0.586791
     2.92271      8.0055    0.613206
     3.11127       5.257    0.442757
     3.29983      5.2705    0.358718
     3.48839       6.028    0.432985
     3.67696      2.2645    0.360708
     3.86552        1.81    0.259526
     4.05408       1.394    0.185777
     4.24264      1.1645     0.21256
      4.4312       0.641    0.195385
     4.61976       0.352    0.220161
     4.80833       1.219    0.123213
     4.99689      0.6705    0.126464
     5.18545      0.1115   0.0854622
     5.37401       0.031   0.0858615
     5.56257           0   0.0371847
   0.0942809      0.0785   0.0357399
    0.282843      0.2425   0.0808854
    0.471405      0.7435    0.200887
    0.659966      2.6835    0.212543
    0.848528      2.6765    0.302173
     1.03709      3.2035     0.38942
     1.22565       4.197    0.491512
     1.41421      4.9865    0.650757
     1.60278      6.6555    0.453634
     1.79134      7.4155    0.568588
      1.9799     10.9365    0.686007
     2.16846       8.947    0.492018
     2.35702      9.5095      1.5355
     2.54558      7.4035     3.91737
     2.73415       7.203    0.544971
     2.92271      6.5205    0.562177
     3.11127      5.3855    0.406599
     3.29983      3.9545    0.328843
     3.48839       3.968    0.403856
     3.67696        1.83    0.338217
     3.86552      2.2275    0.237912
     4.05408       1.114    0.173659
     4.24264      1.6755    0.197868
      4.4312       1.241    0.180568
     4.61976        0.67    0.201908
     4.80833      1.0925    0.119161
     4.99689      0.8095    0.117735
     5.18545      0.2245   0.0783742
     5.37401      0.2745   0.0794146
     5.56257      0.1305   0.0348089
   0.0942809       0.011    0.033236
    0.282843       0.143   0.0753443
    0.471405      1.3115    0.186984
    0.659966      1.4305    0.196652
    0.848528       3.463    0.282679
     1.03709       2.463    0.372096
     1.22565      4.5315    0.453735
     1.41421       5.537    0.600737
     1.60278      7.0175    0.431443
     1.79134      10.446    0.605621
      1.9799       8.877     0.63836
     2.16846       9.252     0.47729
     2.35702       7.594     1.43241
     2.54558      5.2115     3.65999
     2.73415      6.9015    0.512245
     2.92271       5.383    0.526967
     3.11127      6.0185    0.381358
     3.29983        5.37    0.320133
     3.48839       4.302    0.383047
     3.67696       3.337    0.316333
     3.86552       2.336    0.219844
     4.05408       2.143    0.167096
     4.24264      1.8785     0.18793
      4.4312      1.0485    0.166761
     4.61976       0.562    0.186843
     4.80833      1.0315     0.11344
     4.99689       0.154    0.113009
     5.18545       0.165   0.0726238
     5.37401       0.081   0.0734982
     5.56257           0   0.0323382
   0.0942809       0.121    0.031134
    0.282843      1.2015   0.0949334
    0.471405       2.203    0.192025
    0.659966      2.9045    0.203546
    0.848528       2.809    0.262546
     1.03709       3.225    0.346834
     1.22565      5.4205    0.426429
     1.41421      3.8785    0.570584
     1.60278       5.509    0.400887
     1.79134      7.4655    0.565009
      1.9799      9.2145    0.599955
     2.16846       8.553    0.450016
     2.35702      8.6045      1.3345
     2.54558      7.5305     3.41421
     2.73415       4.913    0.524043
     2.92271      6.1625    0.489972
     3.11127      6.1705    0.360695
     3.29983       4.325     0.29767
     3.48839       4.889    0.374154
     3.67696       4.312    0.313983
     3.86552      2.8805    0.209296
     4.05408       1.227    0.156783
     4.24264      1.8225    0.177824
      4.4312      0.3215      0.1614
     4.61976        0.25    0.176575
     4.80833      0.8315    0.105819
     4.99689       0.585    0.104981
     5.18545       0.262   0.0674473
     5.37401        0.03    0.068725
     5.56257      0.3175   0.0353824
   0.0942809      0.0125    0.029259
    0.282843      0.2565   0.0887516
    0.471405      2.4715    0.199908
    0.659966      1.3545    0.191211
    0.848528       2.345     0.24749
     1.03709      3.4345    0.323963
     1.22565       4.518    0.398002
     1.41421       6.674    0.537912
     1.60278       7.565    0.392882
     1.79134      9.8775    0.564998
      1.9799      8.3795    0.560594
     2.16846      8.3245    0.423358
     2.35702      7.4405     1.25696
     2.54558      7.9925      3.1967
     2.73415       6.181      0.5012
     2.92271      5.1565    0.465444
     3.11127      4.2815    0.342326
     3.29983       3.868    0.278284
     3.48839      4.5305    0.357768
     3.67696      4.2425    0.307124
     3.86552      2.4965    0.195948
     4.05408       1.043    0.149662
     4.24264      0.7615    0.170406
      4.4312      1.0015      0.1507
     4.61976       0.517    0.165191
     4.80833      1.0845    0.101894
     4.99689       0.894     0.10054
     5.18545      0.1775   0.0631035
     5.37401      0.3425   0.0654687
     5.56257      0.7155   0.0533446
   0.0942809       0.004   0.0276545
    0.282843      0.2485   0.0833526
    0.471405      1.2265    0.187428
    0.659966       2.586    0.187655
    0.848528      3.3465    0.233974
     1.03709      4.6985    0.310659
     1.22565      5.5115    0.377804
     1.41421      7.6915    0.520296
     1.60278       7.353    0.379706
     1.79134       9.097    0.545554
      1.9799      7.5325    0.526294
     2.16846       5.556    0.414925
     2.35702       6.447     1.19668
     2.54558       4.719     3.02631
     2.73415      9.2305     0.47815
     2.92271      7.4665    0.440994
     3.11127      2.7675    0.352609
     3.29983       4.198    0.260959
     3.48839       3.814    0.336327
     3.67696       4.927    0.312716
     3.86552      3.2635    0.193222
     4.05408       1.441    0.140351
     4.24264      0.7855    0.163013
      4.4312       0.521    0.143537
     4.61976      0.1135     0.15863
     4.80833      0.3845   0.0976766
     4.99689      2.4705    0.148818
     5.18545       0.579   0.0625944
     5.37401      0.0205    0.061895
     5.56257           0    0.050439
   0.0942809       0.054    0.026029
    0.282843       0.487   0.0789897
    0.471405       2.871    0.200783
    0.659966      2.1585    0.178331
    0.848528      2.2085    0.223513
     1.03709       4.816    0.299405
     1.22565      6.0465    0.365123
     1.41421       5.587    0.489739
     1.60278      7.5995    0.369944
     1.79134      11.323    0.567853
      1.9799      7.9085    0.495346
     2.16846      6.7725    0.392317
     2.35702       7.207     1.13507
     2.54558       5.445     2.86741
     2.73415      7.8965    0.450029
     2.92271      4.2405     0.43425
     3.11127      3.5555    0.342375
     3.29983      4.2375    0.245724
     3.48839      2.5205    0.320761
     3.67696      3.7945    0.297481
     3.86552      3.0555    0.186441
     4.05408       1.909    0.134196
     4.24264       1.604    0.154481
      4.4312        1.21    0.136148
     4.61976       0.651    0.149299
     4.80833       0.398   0.0935357
     4.99689      0.6605    0.140071
     5.18545      0.4455    0.059834
     5.37401       0.202   0.0583471
     5.56257       0.576   0.0546484
   0.0942809      0.0065   0.0247407
    0.282843       0.103   0.0756448
    0.471405      0.6595    0.192655
    0.659966      1.5385    0.168817
    0.848528         4.9    0.238608
     1.03709       5.992    0.307526
     1.22565       4.172    0.345922
     1.41421        6.96    0.467502
     1.60278       7.302    0.356157
     1.79134       9.509    0.549135
      1.9799      10.228    0.483577
     2.16846       7.481    0.370554
     2.35702       7.185     1.07946
     2.54558      6.0445     2.72076
     2.73415      6.6725     0.42984
     2.92271      6.1375    0.410281
     3.11127       3.113    0.338122
     3.29983      3.2475    0.236733
     3.48839       2.379    0.307681
     3.67696       3.259    0.281118
     3.86552       2.261    0.176196
     4.05408      1.2385    0.127642
     4.24264      1.7075    0.147497
      4.4312      0.9015    0.128594
     4.61976      1.4265    0.147168
     4.80833      0.0975   0.0938163
     4.99689      0.0075    0.137252
     5.18545      0.0505   0.0577723
     5.37401      0.3935    0.056681
     5.56257       2.149    0.120631
   0.0942809       0.018   0.0235164
    0.282843       0.262   0.0717295
    0.471405      0.8425    0.183731
    0.659966       3.076    0.173964
    0.848528       2.868    0.226093
     1.03709       5.756    0.306823
     1.22565      7.3815    0.356326
     1.41421       8.175    0.459704
     1.60278      9.5245    0.380448
     1.79134      8.8715    0.525342
      1.9799      6.6915    0.463667
     2.16846       5.366    0.366136
     2.35702       6.339      1.0346
     2.54558      5.8795     2.58901
     2.73415       5.863    0.419067
     2.92271       2.569    0.433928
     3.11127       4.541    0.320697
     3.29983      3.1805    0.228806
     3.48839      4.4855    0.297538
     3.67696      3.9385    0.269836
     3.86552       3.563    0.177736
     4.05408      2.6415    0.134248
     4.24264       1.674    0.140849
      4.4312       0.995    0.121872
     4.61976       0.932    0.139976
     4.80833      0.1075   0.0931227
     4.99689      0.0375    0.133727
     5.18545       0.129   0.0551453
     5.37401      0.5715   0.0576619
     5.56257       0.523    0.115187
   0.0942809      0.0095   0.0224425
    0.282843      0.4435   0.0684131
    0.471405      1.8385    0.177023
    0.659966       2.576    0.169428
    0.848528      2.4815    0.215997
     1.03709        3.22    0.293803
     1.22565      6.7705    0.351943
     1.41421      7.2665    0.441788
     1.60278      7.5725    0.366924
     1.79134       8.911    0.503658
      1.9799       7.974    0.440488
     2.16846       7.446    0.347913
     2.35702       6.335     0.99301
     2.54558       7.602     2.46328
     2.73415       6.403    0.403046
     2.92271      3.3535    0.433971
     3.11127       4.357    0.305518
     3.29983      4.3135     0.21784
     3.48839      3.3965    0.282662
     3.67696       4.066    0.260322
     3.86552       3.791    0.181337
     4.05408      4.4085    0.188395
     4.24264      1.5485    0.134167
      4.4312      0.3535    0.119173
     4.61976       0.354    0.134054
     4.80833       0.095    0.092112
     4.99689       0.025    0.130256
     5.18545      0.0515   0.0533066
     5.37401       0.037   0.0552386
     5.56257           0    0.110139
