#BLOCK:   ACTUAL_KE:    KE_AVE:      ERROR:
           1     3.00006     3.00006           0
           2     3.00018     3.00012 4.36265e-05
           3     3.00031     3.00018 5.85068e-05
           4     3.00043     3.00024 6.96756e-05
           5     3.00056     3.00031 7.90271e-05
           6     3.00068     3.00037 8.71719e-05
           7     3.00081     3.00043 9.43745e-05
           8     3.00093     3.00049 0.000100763
           9     3.00104     3.00055 0.000106398
          10     3.00115     3.00061 0.000111306
          11     3.00126     3.00067 0.000115492
          12     3.00135     3.00073 0.000118949
          13     3.00144     3.00078 0.000121662
          14     3.00151     3.00084 0.000123615
          15     3.00157     3.00088 0.000124791
          16     3.00162     3.00093 0.000125176
          17     3.00165     3.00097 0.000124762
          18     3.00166     3.00101 0.000123554
          19     3.00165     3.00105  0.00012157
          20     3.00162     3.00107 0.000118852
          21     3.00157      3.0011 0.000115472
          22     3.00148     3.00111 0.000111549
          23     3.00137     3.00113 0.000107265
          24     3.00123     3.00113  0.00010289
          25     3.00106     3.00113 9.88103e-05
          26     3.00086     3.00112 9.55518e-05
          27     3.00062      3.0011 9.37793e-05
          28     3.00034     3.00107 9.42351e-05
          29     3.00003     3.00104 9.76026e-05
          30     2.99968     3.00099  0.00010434
          31     2.99928     3.00094 0.000114592
          32     2.99885     3.00087 0.000128228
          33     2.99837     3.00079 0.000144969
          34     2.99785     3.00071 0.000164497
          35     2.99729     3.00061 0.000186514
          36     2.99669      3.0005  0.00021077
          37     2.99604     3.00038 0.000237053
          38     2.99535     3.00025  0.00026519
          39     2.99462      3.0001 0.000295027
          40     2.99385     2.99995 0.000326428
          41     2.99305     2.99978 0.000359268
          42      2.9922      2.9996 0.000393423
          43     2.99132     2.99941 0.000428771
          44     2.99041      2.9992  0.00046519
          45     2.98948     2.99899 0.000502553
          46     2.98852     2.99876 0.000540729
          47     2.98753     2.99852 0.000579584
          48     2.98653     2.99827 0.000618977
          49     2.98552     2.99801 0.000658765
          50      2.9845     2.99774 0.000698798
          51     2.98348     2.99746 0.000738926
          52     2.98246     2.99717 0.000778993
          53     2.98145     2.99688 0.000818844
          54     2.98045     2.99657 0.000858324
          55     2.97947     2.99626 0.000897277
          56     2.97851     2.99594 0.000935553
          57     2.97758     2.99562 0.000973003
          58     2.97669     2.99529  0.00100949
          59     2.97584     2.99497  0.00104487
          60     2.97502     2.99463  0.00107902
          61     2.97426      2.9943  0.00111184
          62     2.97354     2.99396   0.0011432
          63     2.97288     2.99363  0.00117303
          64     2.97227      2.9933  0.00120123
          65     2.97172     2.99296  0.00122776
          66     2.97123     2.99263  0.00125255
          67     2.97079     2.99231  0.00127557
          68     2.97042     2.99199   0.0012968
          69      2.9701     2.99167  0.00131624
          70     2.96984     2.99136  0.00133388
          71     2.96963     2.99105  0.00134975
          72     2.96947     2.99075  0.00136387
          73     2.96936     2.99046   0.0013763
          74      2.9693     2.99017  0.00138708
          75     2.96928     2.98989  0.00139627
          76      2.9693     2.98962  0.00140394
          77     2.96935     2.98936  0.00141017
          78     2.96944      2.9891  0.00141503
          79     2.96955     2.98886   0.0014186
          80     2.96968     2.98862  0.00142097
          81     2.96983     2.98839  0.00142223
          82        2.97     2.98816  0.00142245
          83     2.97018     2.98794  0.00142172
          84     2.97036     2.98773  0.00142012
          85     2.97055     2.98753  0.00141773
          86     2.97074     2.98734  0.00141462
          87     2.97093     2.98715  0.00141088
          88     2.97112     2.98697  0.00140655
          89      2.9713     2.98679  0.00140172
          90     2.97148     2.98662  0.00139644
          91     2.97164     2.98646  0.00139076
          92      2.9718      2.9863  0.00138474
          93     2.97195     2.98614  0.00137842
          94     2.97208     2.98599  0.00137184
          95     2.97221     2.98585  0.00136505
          96     2.97232     2.98571  0.00135808
          97     2.97243     2.98557  0.00135097
          98     2.97252     2.98544  0.00134373
          99      2.9726     2.98531   0.0013364
         100     2.97267     2.98518  0.00132899
         101     2.97274     2.98506  0.00132153
         102     2.97279     2.98494  0.00131404
         103     2.97284     2.98482  0.00130652
         104     2.97288     2.98471  0.00129899
         105     2.97292     2.98459  0.00129146
         106     2.97295     2.98448  0.00128394
         107     2.97297     2.98438  0.00127644
         108       2.973     2.98427  0.00126896
         109     2.97302     2.98417  0.00126151
         110     2.97304     2.98407  0.00125408
         111     2.97307     2.98397  0.00124669
         112     2.97309     2.98387  0.00123934
         113     2.97312     2.98377  0.00123202
         114     2.97315     2.98368  0.00122473
         115     2.97318     2.98359  0.00121748
         116     2.97322      2.9835  0.00121026
         117     2.97326     2.98341  0.00120308
         118      2.9733     2.98333  0.00119593
         119     2.97336     2.98324  0.00118881
         120     2.97341     2.98316  0.00118173
         121     2.97348     2.98308  0.00117467
         122     2.97354       2.983  0.00116764
         123     2.97362     2.98293  0.00116064
         124     2.97369     2.98285  0.00115366
         125     2.97377     2.98278  0.00114672
         126     2.97386     2.98271   0.0011398
         127     2.97394     2.98264  0.00113291
         128     2.97403     2.98257  0.00112606
         129     2.97411     2.98251  0.00111924
         130     2.97419     2.98244  0.00111245
         131     2.97427     2.98238  0.00110571
         132     2.97434     2.98232  0.00109901
         133      2.9744     2.98226  0.00109236
         134     2.97445      2.9822  0.00108576
         135     2.97449     2.98215  0.00107922
         136      2.9745     2.98209  0.00107274
         137      2.9745     2.98203  0.00106634
         138     2.97447     2.98198  0.00106002
         139     2.97441     2.98192   0.0010538
         140     2.97432     2.98187  0.00104767
         141     2.97419     2.98182  0.00104165
         142     2.97402     2.98176  0.00103576
         143     2.97381      2.9817  0.00103001
         144     2.97355     2.98165  0.00102442
         145     2.97323     2.98159  0.00101899
         146     2.97285     2.98153  0.00101377
         147     2.97242     2.98147  0.00100877
         148     2.97192      2.9814  0.00100401
         149     2.97135     2.98134 0.000999541
         150      2.9707     2.98127 0.000995387
         151     2.96999     2.98119 0.000991594
         152     2.96919     2.98111 0.000988208
         153     2.96832     2.98103 0.000985281
         154     2.96736     2.98094  0.00098287
         155     2.96633     2.98085 0.000981038
         156     2.96522     2.98075  0.00097985
         157     2.96403     2.98064 0.000979375
         158     2.96277     2.98053 0.000979686
         159     2.96144     2.98041 0.000980852
         160     2.96004     2.98028 0.000982945
         161     2.95859     2.98014 0.000986027
         162     2.95709        2.98 0.000990158
         163     2.95555     2.97985 0.000995384
         164     2.95398     2.97969  0.00100174
         165     2.95239     2.97953  0.00100924
         166      2.9508     2.97935   0.0010179
         167     2.94922     2.97917  0.00102768
         168     2.94766     2.97899  0.00103854
         169     2.94614     2.97879  0.00105042
         170     2.94468     2.97859  0.00106324
         171     2.94328     2.97839  0.00107689
         172     2.94197     2.97817  0.00109124
         173     2.94077     2.97796  0.00110615
         174     2.93967     2.97774  0.00112146
         175      2.9387     2.97751  0.00113702
         176     2.93787     2.97729  0.00115265
         177     2.93719     2.97706  0.00116819
         178     2.93666     2.97684  0.00118348
         179     2.93629     2.97661  0.00119835
         180     2.93608     2.97638  0.00121266
         181     2.93604     2.97616  0.00122627
         182     2.93615     2.97594  0.00123908
         183     2.93643     2.97573  0.00125098
         184     2.93686     2.97551  0.00126188
         185     2.93744     2.97531  0.00127173
         186     2.93816     2.97511  0.00128049
         187       2.939     2.97492  0.00128811
         188     2.93996     2.97473  0.00129461
         189     2.94103     2.97455  0.00129998
         190     2.94219     2.97438  0.00130425
         191     2.94344     2.97422  0.00130744
         192     2.94475     2.97407  0.00130961
         193     2.94612     2.97392   0.0013108
         194     2.94754     2.97378  0.00131108
         195     2.94899     2.97366  0.00131051
         196     2.95047     2.97354  0.00130915
         197     2.95196     2.97343  0.00130709
         198     2.95345     2.97333  0.00130437
         199     2.95494     2.97324  0.00130109
         200     2.95643     2.97315  0.00129729
         201     2.95789     2.97308  0.00129306
         202     2.95933     2.97301  0.00128845
         203     2.96075     2.97295  0.00128351
         204     2.96213     2.97289  0.00127832
         205     2.96347     2.97285  0.00127291
         206     2.96478     2.97281  0.00126733
         207     2.96604     2.97278  0.00126163
         208     2.96726     2.97275  0.00125584
         209     2.96842     2.97273     0.00125
         210     2.96954     2.97271  0.00124414
         211     2.97061      2.9727  0.00123829
         212     2.97162      2.9727  0.00123246
         213     2.97258      2.9727  0.00122667
         214     2.97348      2.9727  0.00122095
         215     2.97433     2.97271  0.00121529
         216     2.97512     2.97272  0.00120971
         217     2.97586     2.97274  0.00120423
         218     2.97654     2.97275  0.00119883
         219     2.97716     2.97277  0.00119352
         220     2.97773      2.9728  0.00118831
         221     2.97824     2.97282  0.00118319
         222     2.97869     2.97285  0.00117815
         223     2.97909     2.97287   0.0011732
         224     2.97943      2.9729  0.00116833
         225     2.97972     2.97293  0.00116353
         226     2.97995     2.97297   0.0011588
         227     2.98013       2.973  0.00115412
         228     2.98026     2.97303   0.0011495
         229     2.98033     2.97306  0.00114492
         230     2.98036     2.97309  0.00114038
         231     2.98033     2.97312  0.00113588
         232     2.98026     2.97315   0.0011314
         233     2.98014     2.97318  0.00112694
         234     2.97998     2.97321   0.0011225
         235     2.97977     2.97324  0.00111807
         236     2.97952     2.97327  0.00111365
         237     2.97923     2.97329  0.00110923
         238     2.97891     2.97332  0.00110482
         239     2.97854     2.97334  0.00110042
         240     2.97815     2.97336  0.00109601
         241     2.97772     2.97338  0.00109161
         242     2.97727     2.97339  0.00108722
         243     2.97679     2.97341  0.00108284
         244     2.97628     2.97342  0.00107846
         245     2.97576     2.97343   0.0010741
         246     2.97521     2.97344  0.00106976
         247     2.97466     2.97344  0.00106544
         248     2.97409     2.97344  0.00106115
         249     2.97351     2.97344  0.00105689
         250     2.97292     2.97344  0.00105266
         251     2.97233     2.97344  0.00104848
         252     2.97175     2.97343  0.00104434
         253     2.97116     2.97342  0.00104025
         254     2.97059     2.97341  0.00103621
         255     2.97002      2.9734  0.00103224
         256     2.96947     2.97338  0.00102832
         257     2.96894     2.97336  0.00102446
         258     2.96842     2.97334  0.00102067
         259     2.96792     2.97332  0.00101694
         260     2.96745      2.9733  0.00101328
         261     2.96701     2.97328  0.00100969
         262      2.9666     2.97325  0.00100615
         263     2.96622     2.97322  0.00100268
         264     2.96587      2.9732 0.000999273
         265     2.96556     2.97317 0.000995918
         266     2.96528     2.97314 0.000992615
         267     2.96505     2.97311  0.00098936
         268     2.96485     2.97308 0.000986148
         269     2.96469     2.97305 0.000982975
         270     2.96458     2.97301 0.000979834
         271      2.9645     2.97298 0.000976722
         272     2.96447     2.97295 0.000973633
         273     2.96447     2.97292 0.000970562
         274     2.96452     2.97289 0.000967504
         275     2.96461     2.97286 0.000964455
         276     2.96473     2.97283  0.00096141
         277      2.9649      2.9728 0.000958366
         278      2.9651     2.97277 0.000955319
         279     2.96533     2.97275 0.000952268
         280     2.96561     2.97272 0.000949208
         281     2.96591      2.9727 0.000946139
         282     2.96625     2.97268 0.000943061
         283     2.96662     2.97265 0.000939971
         284     2.96701     2.97263 0.000936872
         285     2.96743     2.97262 0.000933762
         286     2.96788      2.9726 0.000930644
         287     2.96835     2.97258 0.000927519
         288     2.96884     2.97257 0.000924389
         289     2.96936     2.97256 0.000921258
         290     2.96989     2.97255 0.000918127
         291     2.97043     2.97254 0.000915001
         292     2.97099     2.97254 0.000911883
         293     2.97157     2.97254 0.000908776
         294     2.97215     2.97253 0.000905686
         295     2.97274     2.97253 0.000902617
         296     2.97335     2.97254 0.000899571
         297     2.97396     2.97254 0.000896555
         298     2.97457     2.97255 0.000893572
         299     2.97518     2.97256 0.000890627
         300      2.9758     2.97257 0.000887724
         301     2.97642     2.97258 0.000884867
         302     2.97703      2.9726  0.00088206
         303     2.97765     2.97261 0.000879306
         304     2.97825     2.97263 0.000876609
         305     2.97885     2.97265 0.000873972
         306     2.97945     2.97267 0.000871398
         307     2.98003      2.9727 0.000868889
         308     2.98061     2.97272 0.000866448
         309     2.98117     2.97275 0.000864074
         310     2.98172     2.97278 0.000861771
         311     2.98225     2.97281 0.000859537
         312     2.98277     2.97284 0.000857375
         313     2.98327     2.97288 0.000855282
         314     2.98375     2.97291 0.000853258
         315     2.98421     2.97295 0.000851303
         316     2.98464     2.97298 0.000849413
         317     2.98506     2.97302 0.000847588
         318     2.98545     2.97306 0.000845823
         319     2.98582      2.9731 0.000844117
         320     2.98616     2.97314 0.000842464
         321     2.98647     2.97318 0.000840862
         322     2.98675     2.97322 0.000839306
         323       2.987     2.97327  0.00083779
         324     2.98722     2.97331 0.000836311
         325     2.98741     2.97335 0.000834862
         326     2.98756      2.9734 0.000833438
         327     2.98768     2.97344 0.000832033
         328     2.98776     2.97348 0.000830642
         329     2.98781     2.97353 0.000829257
         330     2.98782     2.97357 0.000827875
         331     2.98779     2.97361 0.000826487
         332     2.98772     2.97366 0.000825089
         333     2.98761      2.9737 0.000823674
         334     2.98746     2.97374 0.000822237
         335     2.98726     2.97378 0.000820774
         336     2.98703     2.97382 0.000819277
         337     2.98675     2.97386 0.000817744
         338     2.98643      2.9739 0.000816169
         339     2.98606     2.97393  0.00081455
         340     2.98565     2.97397 0.000812883
         341     2.98519       2.974 0.000811165
         342     2.98469     2.97403 0.000809395
         343     2.98414     2.97406 0.000807572
         344     2.98355     2.97409 0.000805695
         345     2.98291     2.97411 0.000803765
         346     2.98222     2.97414 0.000801784
         347     2.98149     2.97416 0.000799754
         348     2.98072     2.97418 0.000797678
         349      2.9799     2.97419  0.00079556
         350     2.97903     2.97421 0.000793407
         351     2.97812     2.97422 0.000791226
         352     2.97717     2.97423 0.000789022
         353     2.97618     2.97423 0.000786806
         354     2.97514     2.97423 0.000784588
         355     2.97406     2.97423 0.000782378
         356     2.97294     2.97423 0.000780189
         357     2.97178     2.97422 0.000778033
         358     2.97059     2.97421 0.000775927
         359     2.96935      2.9742 0.000773883
         360     2.96808     2.97418 0.000771921
         361     2.96677     2.97416 0.000770055
         362     2.96543     2.97414 0.000768306
         363     2.96405     2.97411 0.000766692
         364     2.96264     2.97408 0.000765233
         365     2.96121     2.97404 0.000763948
         366     2.95974       2.974  0.00076286
         367     2.95825     2.97396 0.000761988
         368     2.95674     2.97391 0.000761352
         369     2.95521     2.97386 0.000760974
         370     2.95367     2.97381 0.000760871
         371     2.95212     2.97375 0.000761063
         372     2.95057     2.97369 0.000761564
         373     2.94902     2.97362 0.000762388
         374     2.94748     2.97355 0.000763546
         375     2.94597     2.97348 0.000765045
         376     2.94448      2.9734 0.000766886
         377     2.94304     2.97332 0.000769069
         378     2.94165     2.97324 0.000771585
         379     2.94033     2.97315  0.00077442
         380     2.93908     2.97306 0.000777554
         381     2.93793     2.97297  0.00078096
         382     2.93689     2.97287 0.000784606
         383     2.93597     2.97278 0.000788451
         384     2.93519     2.97268  0.00079245
         385     2.93456     2.97258 0.000796553
         386     2.93409     2.97248 0.000800706
         387      2.9338     2.97238 0.000804853
         388     2.93369     2.97228 0.000808934
         389     2.93376     2.97218 0.000812891
         390     2.93404     2.97208  0.00081667
         391     2.93451     2.97199 0.000820215
         392     2.93518     2.97189 0.000823481
         393     2.93604      2.9718 0.000826423
         394     2.93709     2.97172 0.000829009
         395     2.93832     2.97163 0.000831211
         396     2.93971     2.97155 0.000833012
         397     2.94126     2.97147 0.000834401
         398     2.94294      2.9714  0.00083538
         399     2.94474     2.97134 0.000835955
         400     2.94664     2.97127 0.000836141
         401     2.94862     2.97122 0.000835962
         402     2.95067     2.97117 0.000835444
         403     2.95275     2.97112  0.00083462
         404     2.95485     2.97108 0.000833525
         405     2.95696     2.97104 0.000832195
         406     2.95905     2.97102  0.00083067
         407     2.96111     2.97099 0.000828985
         408     2.96312     2.97097 0.000827178
         409     2.96506     2.97096 0.000825282
         410     2.96693     2.97095 0.000823327
         411     2.96871     2.97094 0.000821342
         412     2.97039     2.97094  0.00081935
         413     2.97197     2.97094  0.00081737
         414     2.97344     2.97095 0.000815418
         415     2.97478     2.97096 0.000813505
         416     2.97601     2.97097  0.00081164
         417      2.9771     2.97099 0.000809827
         418     2.97807       2.971 0.000808067
         419     2.97891     2.97102 0.000806358
         420     2.97961     2.97104 0.000804698
         421     2.98018     2.97106  0.00080308
         422     2.98063     2.97109 0.000801496
         423     2.98094     2.97111  0.00079994
         424     2.98112     2.97113 0.000798401
         425     2.98117     2.97116 0.000796871
         426     2.98109     2.97118 0.000795342
         427     2.98089      2.9712 0.000793804
         428     2.98056     2.97122 0.000792251
         429     2.98012     2.97125 0.000790675
         430     2.97955     2.97126 0.000789072
         431     2.97886     2.97128 0.000787439
         432     2.97806      2.9713 0.000785772
         433     2.97715     2.97131 0.000784074
         434     2.97613     2.97132 0.000782346
         435     2.97499     2.97133 0.000780593
         436     2.97375     2.97134 0.000778822
         437     2.97241     2.97134 0.000777044
         438     2.97097     2.97134  0.00077527
         439     2.96943     2.97133 0.000773516
         440      2.9678     2.97133   0.0007718
         441     2.96607     2.97131 0.000770142
         442     2.96427      2.9713 0.000768565
         443     2.96238     2.97128 0.000767093
         444     2.96042     2.97125 0.000765756
         445     2.95839     2.97122  0.00076458
         446     2.95629     2.97119 0.000763599
         447     2.95414     2.97115 0.000762842
         448     2.95195     2.97111 0.000762343
         449     2.94971     2.97106 0.000762134
         450     2.94744     2.97101 0.000762246
         451     2.94515     2.97095  0.00076271
         452     2.94284     2.97089 0.000763554
         453     2.94053     2.97082 0.000764805
         454     2.93822     2.97075 0.000766486
         455     2.93592     2.97067 0.000768615
         456     2.93364     2.97059 0.000771208
         457      2.9314     2.97051 0.000774275
         458     2.92919     2.97042 0.000777822
         459     2.92703     2.97032 0.000781851
         460     2.92492     2.97022 0.000786358
         461     2.92287     2.97012 0.000791333
         462     2.92088     2.97001 0.000796765
         463     2.91897      2.9699 0.000802635
         464     2.91713     2.96979 0.000808924
         465     2.91537     2.96967 0.000815606
         466      2.9137     2.96955 0.000822654
         467     2.91211     2.96943 0.000830039
         468     2.91061     2.96931 0.000837728
         469      2.9092     2.96918 0.000845686
         470      2.9079     2.96905 0.000853879
         471     2.90669     2.96891 0.000862269
         472     2.90559     2.96878 0.000870817
         473      2.9046     2.96864 0.000879485
         474     2.90372     2.96851 0.000888231
         475     2.90296     2.96837 0.000897015
         476     2.90233     2.96823 0.000905796
         477     2.90183     2.96809 0.000914532
         478     2.90146     2.96795 0.000923182
         479     2.90123     2.96781 0.000931704
         480     2.90114     2.96767 0.000940059
         481      2.9012     2.96754 0.000948208
         482     2.90141      2.9674 0.000956115
         483     2.90176     2.96726 0.000963746
         484     2.90226     2.96713 0.000971069
         485      2.9029       2.967 0.000978056
         486     2.90367     2.96687 0.000984684
         487     2.90458     2.96674 0.000990933
         488     2.90561     2.96661 0.000996787
         489     2.90676     2.96649  0.00100223
         490     2.90801     2.96637  0.00100727
         491     2.90935     2.96625  0.00101189
         492     2.91077     2.96614   0.0010161
         493     2.91225     2.96603   0.0010199
         494     2.91379     2.96593  0.00102331
         495     2.91536     2.96582  0.00102632
         496     2.91696     2.96573  0.00102897
         497     2.91858     2.96563  0.00103127
         498     2.92019     2.96554  0.00103322
         499      2.9218     2.96545  0.00103486
         500     2.92339     2.96537  0.00103621
         501     2.92496     2.96529  0.00103727
         502     2.92649     2.96521  0.00103808
         503     2.92799     2.96514  0.00103865
         504     2.92944     2.96507  0.00103901
         505     2.93085       2.965  0.00103915
         506     2.93222     2.96493  0.00103912
         507     2.93353     2.96487  0.00103891
         508      2.9348     2.96481  0.00103855
         509     2.93602     2.96476  0.00103805
         510      2.9372      2.9647  0.00103742
         511     2.93834     2.96465  0.00103667
         512     2.93944      2.9646  0.00103582
         513      2.9405     2.96455  0.00103486
         514     2.94153     2.96451  0.00103382
         515     2.94253     2.96447  0.00103269
         516      2.9435     2.96443  0.00103149
         517     2.94445     2.96439  0.00103022
         518     2.94537     2.96435  0.00102888
         519     2.94628     2.96431  0.00102749
         520     2.94718     2.96428  0.00102604
         521     2.94806     2.96425  0.00102454
         522     2.94893     2.96422    0.001023
         523     2.94979     2.96419  0.00102142
         524     2.95064     2.96417  0.00101979
         525     2.95149     2.96414  0.00101814
         526     2.95232     2.96412  0.00101645
         527     2.95315      2.9641  0.00101473
         528     2.95397     2.96408  0.00101299
         529     2.95479     2.96406  0.00101123
         530     2.95559     2.96405  0.00100945
         531     2.95638     2.96403  0.00100765
         532     2.95715     2.96402  0.00100584
         533     2.95792     2.96401  0.00100402
         534     2.95866       2.964  0.00100219
         535     2.95938     2.96399  0.00100035
         536     2.96009     2.96398 0.000998513
         537     2.96076     2.96398 0.000996672
         538     2.96141     2.96397  0.00099483
         539     2.96203     2.96397 0.000992991
         540     2.96261     2.96397 0.000991155
         541     2.96316     2.96396 0.000989325
         542     2.96367     2.96396 0.000987499
         543     2.96414     2.96396 0.000985681
         544     2.96456     2.96397 0.000983869
         545     2.96493     2.96397 0.000982066
         546     2.96526     2.96397  0.00098027
         547     2.96553     2.96397 0.000978482
         548     2.96575     2.96398 0.000976702
         549     2.96591     2.96398 0.000974929
         550     2.96601     2.96398 0.000973164
         551     2.96606     2.96399 0.000971405
         552     2.96604     2.96399 0.000969652
         553     2.96596     2.96399 0.000967905
         554     2.96582       2.964 0.000966164
         555     2.96561       2.964 0.000964427
         556     2.96535       2.964 0.000962696
         557     2.96501       2.964 0.000960969
         558     2.96462     2.96401 0.000959247
         559     2.96416     2.96401 0.000957532
         560     2.96364     2.96401 0.000955822
         561     2.96307       2.964  0.00095412
         562     2.96243       2.964 0.000952426
         563     2.96174       2.964 0.000950743
         564       2.961     2.96399 0.000949072
         565     2.96021     2.96398 0.000947416
         566     2.95937     2.96398 0.000945777
         567      2.9585     2.96397 0.000944158
         568     2.95758     2.96396 0.000942563
         569     2.95664     2.96394 0.000940994
         570     2.95566     2.96393 0.000939455
         571     2.95467     2.96391  0.00093795
         572     2.95366     2.96389 0.000936481
         573     2.95265     2.96387 0.000935053
         574     2.95163     2.96385 0.000933667
         575     2.95062     2.96383 0.000932327
         576     2.94962     2.96381 0.000931035
         577     2.94864     2.96378 0.000929792
         578     2.94768     2.96375 0.000928601
         579     2.94676     2.96372  0.00092746
         580     2.94588     2.96369 0.000926371
         581     2.94505     2.96366 0.000925332
         582     2.94428     2.96363 0.000924341
         583     2.94357     2.96359 0.000923395
         584     2.94292     2.96356 0.000922492
         585     2.94235     2.96352 0.000921627
         586     2.94186     2.96348 0.000920795
         587     2.94145     2.96345 0.000919991
         588     2.94113     2.96341 0.000919209
         589      2.9409     2.96337 0.000918442
         590     2.94076     2.96333 0.000917685
         591     2.94071     2.96329  0.00091693
         592     2.94076     2.96325 0.000916171
         593      2.9409     2.96322 0.000915401
         594     2.94113     2.96318 0.000914615
         595     2.94145     2.96314 0.000913807
         596     2.94186     2.96311 0.000912971
         597     2.94235     2.96307 0.000912104
         598     2.94292     2.96304 0.000911201
         599     2.94356     2.96301  0.00091026
         600     2.94427     2.96298 0.000909279
         601     2.94503     2.96295 0.000908256
         602     2.94586     2.96292  0.00090719
         603     2.94672     2.96289 0.000906083
         604     2.94763     2.96286 0.000904935
         605     2.94857     2.96284 0.000903748
         606     2.94953     2.96282 0.000902524
         607      2.9505      2.9628 0.000901265
         608     2.95148     2.96278 0.000899975
         609     2.95246     2.96276 0.000898657
         610     2.95344     2.96275 0.000897313
         611     2.95439     2.96273 0.000895949
         612     2.95533     2.96272 0.000894567
         613     2.95624     2.96271  0.00089317
         614     2.95711      2.9627 0.000891762
         615     2.95793     2.96269 0.000890346
         616     2.95872     2.96269 0.000888924
         617     2.95945     2.96268 0.000887499
         618     2.96012     2.96268 0.000886072
         619     2.96074     2.96268 0.000884646
         620     2.96129     2.96267 0.000883222
         621     2.96178     2.96267 0.000881801
         622     2.96219     2.96267 0.000880384
         623     2.96254     2.96267 0.000878971
         624     2.96282     2.96267 0.000877562
         625     2.96303     2.96267 0.000876158
         626     2.96317     2.96267 0.000874759
         627     2.96324     2.96267 0.000873364
         628     2.96324     2.96267 0.000871974
         629     2.96317     2.96268 0.000870588
         630     2.96304     2.96268 0.000869206
         631     2.96285     2.96268 0.000867829
         632      2.9626     2.96268 0.000866456
         633      2.9623     2.96268 0.000865087
         634     2.96195     2.96267 0.000863723
         635     2.96156     2.96267 0.000862365
         636     2.96113     2.96267 0.000861012
         637     2.96067     2.96267 0.000859667
         638     2.96019     2.96266 0.000858328
         639     2.95969     2.96266 0.000856997
         640     2.95918     2.96265 0.000855675
         641     2.95867     2.96265 0.000854363
         642     2.95816     2.96264 0.000853061
         643     2.95767     2.96263 0.000851769
         644      2.9572     2.96262 0.000850488
         645     2.95675     2.96261 0.000849219
         646     2.95634      2.9626 0.000847959
         647     2.95597     2.96259 0.000846711
         648     2.95565     2.96258 0.000845472
         649     2.95539     2.96257 0.000844242
         650     2.95518     2.96256  0.00084302
         651     2.95504     2.96255 0.000841804
         652     2.95496     2.96254 0.000840593
         653     2.95496     2.96253 0.000839386
         654     2.95503     2.96252 0.000838181
         655     2.95518      2.9625 0.000836976
         656      2.9554     2.96249  0.00083577
         657     2.95569     2.96248 0.000834562
         658     2.95606     2.96247 0.000833351
         659      2.9565     2.96246 0.000832136
         660       2.957     2.96246 0.000830916
         661     2.95757     2.96245 0.000829692
         662      2.9582     2.96244 0.000828464
         663     2.95888     2.96244 0.000827232
         664     2.95961     2.96243 0.000825997
         665     2.96038     2.96243 0.000824761
         666     2.96119     2.96243 0.000823524
         667     2.96202     2.96243  0.00082229
         668     2.96288     2.96243 0.000821059
         669     2.96376     2.96243 0.000819834
         670     2.96465     2.96243 0.000818617
         671     2.96554     2.96244  0.00081741
         672     2.96643     2.96244 0.000816216
         673      2.9673     2.96245 0.000815035
         674     2.96816     2.96246  0.00081387
         675       2.969     2.96247 0.000812722
         676     2.96982     2.96248 0.000811592
         677      2.9706     2.96249 0.000810482
         678     2.97134      2.9625 0.000809391
         679     2.97204     2.96252 0.000808321
         680     2.97269     2.96253 0.000807271
         681     2.97329     2.96255  0.00080624
         682     2.97384     2.96257 0.000805228
         683     2.97433     2.96258 0.000804233
         684     2.97476      2.9626 0.000803254
         685     2.97512     2.96262  0.00080229
         686     2.97542     2.96264 0.000801337
         687     2.97564     2.96266 0.000800394
         688     2.97579     2.96268 0.000799459
         689     2.97587      2.9627 0.000798528
         690     2.97587     2.96271 0.000797599
         691     2.97579     2.96273 0.000796669
         692     2.97562     2.96275 0.000795735
         693     2.97538     2.96277 0.000794796
         694     2.97505     2.96279 0.000793847
         695     2.97463      2.9628 0.000792888
         696     2.97413     2.96282 0.000791916
         697     2.97354     2.96284 0.000790929
         698     2.97286     2.96285 0.000789926
         699      2.9721     2.96286 0.000788907
         700     2.97124     2.96288 0.000787871
         701     2.97029     2.96289 0.000786818
         702     2.96926      2.9629 0.000785749
         703     2.96813      2.9629 0.000784667
         704     2.96692     2.96291 0.000783573
         705     2.96562     2.96291 0.000782471
         706     2.96423     2.96291 0.000781365
         707     2.96276     2.96291  0.00078026
         708     2.96121     2.96291 0.000779161
         709     2.95958     2.96291 0.000778076
         710     2.95787      2.9629 0.000777013
         711     2.95609     2.96289 0.000775979
         712     2.95424     2.96288 0.000774985
         713     2.95232     2.96286 0.000774039
         714     2.95034     2.96285 0.000773154
         715      2.9483     2.96283  0.00077234
         716     2.94621      2.9628  0.00077161
         717     2.94408     2.96278 0.000770976
         718     2.94191     2.96275 0.000770449
         719     2.93971     2.96272 0.000770044
         720     2.93748     2.96268 0.000769772
         721     2.93524     2.96264 0.000769644
         722       2.933      2.9626 0.000769673
         723     2.93075     2.96256 0.000769868
         724     2.92852     2.96251 0.000770238
         725     2.92632     2.96246 0.000770791
         726     2.92415     2.96241 0.000771534
         727     2.92203     2.96235 0.000772469
         728     2.91996     2.96229 0.000773599
         729     2.91797     2.96223 0.000774923
         730     2.91607     2.96217 0.000776438
         731     2.91426      2.9621 0.000778138
         732     2.91256     2.96204 0.000780013
         733     2.91098     2.96197 0.000782053
         734     2.90954      2.9619 0.000784242
         735     2.90825     2.96182 0.000786565
         736     2.90712     2.96175    0.000789
         737     2.90616     2.96167 0.000791527
         738     2.90538      2.9616 0.000794121
         739     2.90479     2.96152 0.000796758
         740     2.90441     2.96144  0.00079941
         741     2.90423     2.96136 0.000802052
         742     2.90426     2.96129 0.000804655
         743     2.90451     2.96121 0.000807192
         744     2.90498     2.96114 0.000809638
         745     2.90567     2.96106 0.000811967
         746     2.90657     2.96099 0.000814158
         747     2.90769     2.96092 0.000816188
         748     2.90902     2.96085 0.000818041
         749     2.91055     2.96078   0.0008197
         750     2.91228     2.96072 0.000821155
         751     2.91419     2.96065 0.000822395
         752     2.91627     2.96059 0.000823416
         753     2.91852     2.96054 0.000824217
         754     2.92092     2.96049 0.000824797
         755     2.92344     2.96044 0.000825163
         756     2.92609     2.96039 0.000825321
         757     2.92884     2.96035 0.000825282
         758     2.93168     2.96031  0.00082506
         759     2.93459     2.96028 0.000824669
         760     2.93755     2.96025 0.000824125
         761     2.94056     2.96022 0.000823448
         762     2.94359      2.9602 0.000822657
         763     2.94663     2.96018 0.000821771
         764     2.94966     2.96017 0.000820811
         765     2.95268     2.96016 0.000819797
         766     2.95566     2.96015 0.000818747
         767      2.9586     2.96015 0.000817682
         768     2.96149     2.96015  0.00081662
         769     2.96431     2.96016 0.000815575
         770     2.96705     2.96017 0.000814565
         771     2.96971     2.96018 0.000813603
         772     2.97228      2.9602   0.0008127
         773     2.97475     2.96021 0.000811867
         774     2.97711     2.96024 0.000811111
         775     2.97936     2.96026  0.00081044
         776      2.9815     2.96029 0.000809858
         777     2.98351     2.96032 0.000809367
         778      2.9854     2.96035 0.000808968
         779     2.98716     2.96039 0.000808662
         780     2.98878     2.96042 0.000808444
         781     2.99027     2.96046 0.000808312
         782     2.99163      2.9605  0.00080826
         783     2.99284     2.96054 0.000808282
         784      2.9939     2.96058 0.000808371
         785     2.99482     2.96063 0.000808517
         786      2.9956     2.96067 0.000808711
         787     2.99622     2.96072 0.000808944
         788     2.99669     2.96076 0.000809204
         789     2.99701     2.96081 0.000809482
         790     2.99717     2.96085 0.000809764
         791     2.99717      2.9609 0.000810041
         792     2.99701     2.96095   0.0008103
         793     2.99669     2.96099 0.000810532
         794     2.99621     2.96104 0.000810723
         795     2.99556     2.96108 0.000810866
         796     2.99474     2.96112 0.000810949
         797     2.99375     2.96116 0.000810964
         798     2.99259      2.9612 0.000810904
         799     2.99126     2.96124 0.000810761
         800     2.98975     2.96127  0.00081053
         801     2.98807     2.96131 0.000810209
         802     2.98623     2.96134 0.000809794
         803     2.98421     2.96137 0.000809286
         804     2.98202     2.96139 0.000808687
         805     2.97967     2.96142 0.000808001
         806     2.97716     2.96144 0.000807235
         807      2.9745     2.96145 0.000806397
         808      2.9717     2.96146 0.000805499
         809     2.96877     2.96147 0.000804554
         810     2.96572     2.96148 0.000803577
         811     2.96256     2.96148 0.000802588
         812     2.95932     2.96148 0.000801604
         813       2.956     2.96147 0.000800646
         814     2.95263     2.96146 0.000799736
         815     2.94924     2.96144 0.000798895
         816     2.94584     2.96143 0.000798145
         817     2.94246      2.9614 0.000797506
         818     2.93913     2.96138 0.000796996
         819     2.93586     2.96134 0.000796631
         820      2.9327     2.96131 0.000796425
         821     2.92965     2.96127 0.000796388
         822     2.92676     2.96123 0.000796525
         823     2.92403     2.96118 0.000796839
         824     2.92148     2.96114 0.000797327
         825     2.91914     2.96108 0.000797983
         826     2.91702     2.96103 0.000798798
         827     2.91512     2.96098 0.000799759
         828     2.91346     2.96092 0.000800849
         829     2.91203     2.96086 0.000802051
         830     2.91084      2.9608 0.000803345
         831     2.90988     2.96074 0.000804712
         832     2.90914     2.96068 0.000806131
         833     2.90861     2.96061 0.000807583
         834     2.90828     2.96055 0.000809048
         835     2.90814     2.96049  0.00081051
         836     2.90817     2.96042 0.000811954
         837     2.90835     2.96036 0.000813364
         838     2.90867      2.9603 0.000814729
         839     2.90911     2.96024  0.00081604
         840     2.90965     2.96018 0.000817288
         841     2.91029     2.96012 0.000818466
         842     2.91101     2.96006  0.00081957
         843     2.91179        2.96 0.000820596
         844     2.91262     2.95995 0.000821542
         845      2.9135     2.95989 0.000822406
         846     2.91442     2.95984 0.000823188
         847     2.91537     2.95979 0.000823889
         848     2.91634     2.95974 0.000824509
         849     2.91733     2.95969 0.000825049
         850     2.91834     2.95964 0.000825511
         851     2.91936     2.95959 0.000825897
         852     2.92038     2.95954 0.000826209
         853     2.92142      2.9595 0.000826448
         854     2.92246     2.95946 0.000826618
         855     2.92351     2.95941  0.00082672
         856     2.92455     2.95937 0.000826757
         857     2.92561     2.95933  0.00082673
         858     2.92666      2.9593 0.000826643
         859     2.92771     2.95926 0.000826498
         860     2.92877     2.95922 0.000826297
         861     2.92982     2.95919 0.000826043
         862     2.93088     2.95916 0.000825737
         863     2.93193     2.95913 0.000825383
         864     2.93297     2.95909 0.000824983
         865     2.93402     2.95907 0.000824538
         866     2.93506     2.95904 0.000824052
         867     2.93609     2.95901 0.000823526
         868     2.93712     2.95899 0.000822964
         869     2.93814     2.95896 0.000822366
         870     2.93915     2.95894 0.000821736
         871     2.94015     2.95892 0.000821076
         872     2.94114      2.9589 0.000820387
         873     2.94212     2.95888 0.000819673
         874     2.94309     2.95886 0.000818934
         875     2.94405     2.95884 0.000818173
         876     2.94499     2.95883 0.000817392
         877     2.94591     2.95881 0.000816592
         878     2.94683      2.9588 0.000815776
         879     2.94772     2.95879 0.000814946
         880      2.9486     2.95878 0.000814102
         881     2.94945     2.95876 0.000813247
         882     2.95029     2.95876 0.000812381
         883     2.95111     2.95875 0.000811507
         884     2.95191     2.95874 0.000810626
         885     2.95268     2.95873 0.000809739
         886     2.95343     2.95873 0.000808847
         887     2.95415     2.95872 0.000807952
         888     2.95485     2.95872 0.000807054
         889     2.95552     2.95871 0.000806154
         890     2.95617     2.95871 0.000805253
         891     2.95678     2.95871 0.000804352
         892     2.95736     2.95871 0.000803452
         893     2.95791     2.95871 0.000802553
         894     2.95843      2.9587 0.000801655
         895     2.95891     2.95871  0.00080076
         896     2.95936     2.95871 0.000799866
         897     2.95978     2.95871 0.000798975
         898     2.96015     2.95871 0.000798087
         899     2.96049     2.95871 0.000797202
         900     2.96079     2.95871  0.00079632
         901     2.96105     2.95872  0.00079544
         902     2.96127     2.95872 0.000794563
         903     2.96144     2.95872 0.000793689
         904     2.96158     2.95872 0.000792817
         905     2.96167     2.95873 0.000791948
         906     2.96172     2.95873 0.000791081
         907     2.96173     2.95873 0.000790215
         908      2.9617     2.95874 0.000789352
         909     2.96163     2.95874  0.00078849
         910     2.96151     2.95874 0.000787629
         911     2.96135     2.95875  0.00078677
         912     2.96115     2.95875 0.000785912
         913     2.96091     2.95875 0.000785054
         914     2.96064     2.95875 0.000784198
         915     2.96032     2.95876 0.000783343
         916     2.95997     2.95876 0.000782489
         917     2.95958     2.95876 0.000781636
         918     2.95916     2.95876 0.000780785
         919      2.9587     2.95876 0.000779935
         920     2.95822     2.95876 0.000779088
         921     2.95771     2.95876 0.000778243
         922     2.95718     2.95875   0.0007774
         923     2.95662     2.95875 0.000776562
         924     2.95604     2.95875 0.000775727
         925     2.95545     2.95875 0.000774896
         926     2.95484     2.95874 0.000774071
         927     2.95422     2.95874 0.000773251
         928      2.9536     2.95873 0.000772438
         929     2.95296     2.95873 0.000771631
         930     2.95233     2.95872 0.000770832
         931      2.9517     2.95871 0.000770041
         932     2.95107      2.9587 0.000769259
         933     2.95046     2.95869 0.000768485
         934     2.94985     2.95868  0.00076772
         935     2.94925     2.95867 0.000766966
         936     2.94868     2.95866  0.00076622
         937     2.94812     2.95865 0.000765485
         938     2.94758     2.95864  0.00076476
         939     2.94707     2.95863 0.000764045
         940     2.94658     2.95862  0.00076334
         941     2.94612      2.9586 0.000762644
         942     2.94569     2.95859 0.000761957
         943      2.9453     2.95857  0.00076128
         944     2.94493     2.95856 0.000760611
         945     2.94459     2.95854 0.000759949
         946     2.94429     2.95853 0.000759295
         947     2.94401     2.95851 0.000758648
         948     2.94377      2.9585 0.000758007
         949     2.94356     2.95848 0.000757372
         950     2.94339     2.95847 0.000756742
         951     2.94324     2.95845 0.000756115
         952     2.94312     2.95844 0.000755492
         953     2.94303     2.95842 0.000754873
         954     2.94296      2.9584 0.000754255
         955     2.94292     2.95839  0.00075364
         956      2.9429     2.95837 0.000753025
         957      2.9429     2.95835 0.000752412
         958     2.94292     2.95834 0.000751799
         959     2.94296     2.95832 0.000751186
         960     2.94301     2.95831 0.000750573
         961     2.94307     2.95829  0.00074996
         962     2.94315     2.95827 0.000749345
         963     2.94323     2.95826  0.00074873
         964     2.94332     2.95824 0.000748113
         965     2.94342     2.95823 0.000747496
         966     2.94352     2.95821 0.000746877
         967     2.94363      2.9582 0.000746257
         968     2.94374     2.95818 0.000745636
         969     2.94385     2.95817 0.000745013
         970     2.94396     2.95815 0.000744389
         971     2.94407     2.95814 0.000743764
         972     2.94417     2.95812 0.000743137
         973     2.94428     2.95811  0.00074251
         974     2.94439      2.9581 0.000741881
         975      2.9445     2.95808 0.000741251
         976      2.9446     2.95807  0.00074062
         977      2.9447     2.95805 0.000739989
         978      2.9448     2.95804 0.000739356
         979      2.9449     2.95803 0.000738723
         980     2.94499     2.95801 0.000738089
         981     2.94509       2.958 0.000737454
         982     2.94518     2.95799 0.000736819
         983     2.94527     2.95798 0.000736183
         984     2.94536     2.95796 0.000735546
         985     2.94544     2.95795 0.000734909
         986     2.94552     2.95794 0.000734272
         987      2.9456     2.95792 0.000733634
         988     2.94567     2.95791 0.000732997
         989     2.94573      2.9579 0.000732359
         990     2.94578     2.95789 0.000731722
         991     2.94583     2.95788 0.000731085
         992     2.94586     2.95786 0.000730448
         993     2.94588     2.95785 0.000729812
         994     2.94589     2.95784 0.000729177
         995     2.94588     2.95783 0.000728543
         996     2.94586     2.95782 0.000727911
         997     2.94581      2.9578  0.00072728
         998     2.94574     2.95779 0.000726652
         999     2.94565     2.95778 0.000726026
        1000     2.94553     2.95777 0.000725404
        1001     2.94538     2.95775 0.000724784
        1002      2.9452     2.95774 0.000724169
        1003     2.94499     2.95773 0.000723559
        1004     2.94476     2.95772 0.000722954
        1005     2.94449      2.9577 0.000722354
        1006     2.94418     2.95769 0.000721761
        1007     2.94385     2.95768 0.000721175
        1008     2.94348     2.95766 0.000720597
        1009     2.94308     2.95765 0.000720028
        1010     2.94266     2.95763 0.000719468
        1011      2.9422     2.95762 0.000718918
        1012     2.94173      2.9576 0.000718379
        1013     2.94123     2.95759 0.000717852
        1014     2.94071     2.95757 0.000717337
        1015     2.94019     2.95755 0.000716834
        1016     2.93965     2.95753 0.000716345
        1017     2.93912     2.95752  0.00071587
        1018     2.93859      2.9575 0.000715408
        1019     2.93807     2.95748  0.00071496
        1020     2.93757     2.95746 0.000714525
        1021     2.93709     2.95744 0.000714104
        1022     2.93665     2.95742 0.000713695
        1023     2.93625      2.9574 0.000713297
        1024      2.9359     2.95738 0.000712909
        1025      2.9356     2.95736  0.00071253
        1026     2.93536     2.95733 0.000712158
        1027      2.9352     2.95731 0.000711791
        1028      2.9351     2.95729 0.000711426
        1029     2.93509     2.95727 0.000711062
        1030     2.93515     2.95725 0.000710696
        1031     2.93531     2.95723 0.000710325
        1032     2.93555     2.95721 0.000709947
        1033     2.93588     2.95718  0.00070956
        1034     2.93631     2.95716 0.000709161
        1035     2.93682     2.95715 0.000708748
        1036     2.93742     2.95713  0.00070832
        1037     2.93811     2.95711 0.000707874
        1038     2.93887     2.95709  0.00070741
        1039     2.93971     2.95707 0.000706927
        1040     2.94063     2.95706 0.000706424
        1041      2.9416     2.95704 0.000705901
        1042     2.94263     2.95703 0.000705359
        1043     2.94371     2.95702 0.000704799
        1044     2.94484       2.957  0.00070422
        1045     2.94599     2.95699 0.000703625
        1046     2.94717     2.95698 0.000703015
        1047     2.94837     2.95698 0.000702392
        1048     2.94957     2.95697 0.000701757
        1049     2.95078     2.95696 0.000701113
        1050     2.95198     2.95696 0.000700461
        1051     2.95317     2.95696 0.000699804
        1052     2.95433     2.95695 0.000699143
        1053     2.95547     2.95695 0.000698481
        1054     2.95658     2.95695 0.000697818
        1055     2.95764     2.95695 0.000697157
        1056     2.95867     2.95695 0.000696498
        1057     2.95964     2.95696 0.000695844
        1058     2.96056     2.95696 0.000695195
        1059     2.96142     2.95696 0.000694551
        1060     2.96223     2.95697 0.000693914
        1061     2.96297     2.95697 0.000693283
        1062     2.96364     2.95698 0.000692658
        1063     2.96425     2.95699  0.00069204
        1064     2.96479     2.95699 0.000691429
        1065     2.96526       2.957 0.000690823
        1066     2.96565     2.95701 0.000690223
        1067     2.96598     2.95702 0.000689627
        1068     2.96623     2.95703 0.000689035
        1069      2.9664     2.95704 0.000688446
        1070      2.9665     2.95704  0.00068786
        1071     2.96653     2.95705 0.000687275
        1072     2.96647     2.95706  0.00068669
        1073     2.96635     2.95707 0.000686104
        1074     2.96615     2.95708 0.000685517
        1075     2.96587     2.95709 0.000684929
        1076     2.96553      2.9571 0.000684337
        1077     2.96511      2.9571 0.000683742
        1078     2.96461     2.95711 0.000683143
        1079     2.96405     2.95712  0.00068254
        1080     2.96341     2.95712 0.000681933
        1081     2.96271     2.95713 0.000681322
        1082     2.96194     2.95713 0.000680707
        1083     2.96111     2.95714 0.000680088
        1084     2.96021     2.95714 0.000679467
        1085     2.95925     2.95714 0.000678843
        1086     2.95824     2.95714 0.000678219
        1087     2.95717     2.95714 0.000677595
        1088     2.95604     2.95714 0.000676973
        1089     2.95487     2.95714 0.000676354
        1090     2.95366     2.95714 0.000675741
        1091     2.95241     2.95713 0.000675136
        1092     2.95111     2.95713  0.00067454
        1093     2.94979     2.95712 0.000673956
        1094     2.94844     2.95711 0.000673387
        1095     2.94707      2.9571 0.000672835
        1096     2.94568     2.95709 0.000672301
        1097     2.94428     2.95708  0.00067179
        1098     2.94288     2.95707 0.000671303
        1099     2.94147     2.95705 0.000670842
        1100     2.94007     2.95704 0.000670409
        1101     2.93868     2.95702 0.000670008
        1102      2.9373       2.957 0.000669639
        1103     2.93595     2.95698 0.000669304
        1104     2.93463     2.95696 0.000669004
        1105     2.93333     2.95694  0.00066874
        1106     2.93208     2.95692 0.000668513
        1107     2.93086      2.9569 0.000668323
        1108     2.92969     2.95687 0.000668171
        1109     2.92857     2.95685 0.000668056
        1110      2.9275     2.95682 0.000667977
        1111     2.92648     2.95679 0.000667934
        1112     2.92553     2.95676 0.000667925
        1113     2.92463     2.95673 0.000667948
        1114      2.9238     2.95671 0.000668003
        1115     2.92303     2.95667 0.000668086
        1116     2.92233     2.95664 0.000668196
        1117     2.92169     2.95661  0.00066833
        1118     2.92112     2.95658 0.000668486
        1119     2.92062     2.95655  0.00066866
        1120      2.9202     2.95652 0.000668851
        1121     2.91984     2.95648 0.000669054
        1122     2.91956     2.95645 0.000669266
        1123     2.91934     2.95642 0.000669486
        1124     2.91921     2.95638 0.000669708
        1125     2.91915     2.95635  0.00066993
        1126     2.91917     2.95632 0.000670148
        1127     2.91926     2.95629  0.00067036
        1128     2.91944     2.95625 0.000670561
        1129      2.9197     2.95622 0.000670748
        1130     2.92004     2.95619 0.000670918
        1131     2.92047     2.95616 0.000671068
        1132     2.92099     2.95613 0.000671194
        1133     2.92159      2.9561 0.000671294
        1134     2.92228     2.95607 0.000671364
        1135     2.92306     2.95604 0.000671402
        1136     2.92393     2.95601 0.000671405
        1137     2.92488     2.95598 0.000671373
        1138     2.92592     2.95595 0.000671302
        1139     2.92705     2.95593 0.000671192
        1140     2.92825      2.9559 0.000671042
        1141     2.92954     2.95588 0.000670852
        1142     2.93089     2.95586 0.000670622
        1143     2.93231     2.95584 0.000670351
        1144     2.93379     2.95582 0.000670042
        1145     2.93533      2.9558 0.000669696
        1146     2.93691     2.95579 0.000669315
        1147     2.93853     2.95577   0.0006689
        1148     2.94018     2.95576 0.000668455
        1149     2.94185     2.95574 0.000667983
        1150     2.94353     2.95573 0.000667487
        1151     2.94522     2.95573 0.000666969
        1152      2.9469     2.95572 0.000666435
        1153     2.94856     2.95571 0.000665885
        1154      2.9502     2.95571 0.000665325
        1155     2.95181      2.9557 0.000664758
        1156     2.95338      2.9557 0.000664186
        1157      2.9549      2.9557 0.000663612
        1158     2.95636      2.9557 0.000663039
        1159     2.95776      2.9557  0.00066247
        1160     2.95909     2.95571 0.000661905
        1161     2.96035     2.95571 0.000661347
        1162     2.96152     2.95571 0.000660797
        1163     2.96261     2.95572 0.000660255
        1164      2.9636     2.95573 0.000659723
        1165      2.9645     2.95573 0.000659199
        1166      2.9653     2.95574 0.000658685
        1167       2.966     2.95575 0.000658179
        1168     2.96659     2.95576 0.000657681
        1169     2.96707     2.95577  0.00065719
        1170     2.96745     2.95578 0.000656704
        1171      2.9677     2.95579 0.000656222
        1172     2.96785      2.9558 0.000655743
        1173     2.96788     2.95581 0.000655265
        1174     2.96778     2.95582 0.000654786
        1175     2.96757     2.95583 0.000654305
        1176     2.96724     2.95584  0.00065382
        1177     2.96679     2.95585 0.000653331
        1178     2.96622     2.95586 0.000652836
        1179     2.96553     2.95587 0.000652334
        1180     2.96471     2.95588 0.000651824
        1181     2.96377     2.95588 0.000651306
        1182     2.96271     2.95589 0.000650781
        1183     2.96152     2.95589 0.000650248
        1184     2.96021      2.9559 0.000649709
        1185     2.95879      2.9559 0.000649165
        1186     2.95724      2.9559 0.000648619
        1187     2.95557      2.9559 0.000648073
        1188     2.95379      2.9559  0.00064753
        1189      2.9519     2.95589 0.000646994
        1190      2.9499     2.95589  0.00064647
        1191     2.94779     2.95588 0.000645963
        1192     2.94558     2.95587 0.000645478
        1193     2.94327     2.95586 0.000645024
        1194     2.94088     2.95585 0.000644606
        1195      2.9384     2.95584 0.000644232
        1196     2.93585     2.95582  0.00064391
        1197     2.93323      2.9558 0.000643648
        1198     2.93055     2.95578 0.000643456
        1199     2.92783     2.95576 0.000643342
        1200     2.92507     2.95573 0.000643314
        1201     2.92229      2.9557  0.00064338
        1202     2.91949     2.95567  0.00064355
        1203      2.9167     2.95564  0.00064383
        1204     2.91392     2.95561 0.000644227
        1205     2.91117     2.95557 0.000644747
        1206     2.90847     2.95553 0.000645394
        1207     2.90582     2.95549 0.000646172
        1208     2.90323     2.95545 0.000647083
        1209     2.90073      2.9554 0.000648129
        1210     2.89831     2.95535 0.000649308
        1211       2.896      2.9553  0.00065062
        1212     2.89379     2.95525 0.000652059
        1213      2.8917      2.9552 0.000653623
        1214     2.88974     2.95515 0.000655305
        1215      2.8879     2.95509 0.000657099
        1216     2.88619     2.95503 0.000658998
        1217     2.88461     2.95498 0.000660992
        1218     2.88317     2.95492 0.000663073
        1219     2.88186     2.95486 0.000665233
        1220     2.88067      2.9548 0.000667461
        1221     2.87962     2.95474 0.000669748
        1222      2.8787     2.95467 0.000672084
        1223     2.87789     2.95461 0.000674461
        1224     2.87721     2.95455 0.000676868
        1225     2.87664     2.95448 0.000679297
        1226     2.87618     2.95442 0.000681739
        1227     2.87583     2.95436 0.000684185
        1228     2.87559     2.95429 0.000686628
        1229     2.87545     2.95423  0.00068906
        1230     2.87541     2.95416 0.000691473
        1231     2.87548      2.9541 0.000693859
        1232     2.87564     2.95404 0.000696212
        1233      2.8759     2.95397 0.000698526
        1234     2.87625     2.95391 0.000700793
        1235      2.8767     2.95385 0.000703009
        1236     2.87725     2.95378 0.000705166
        1237      2.8779     2.95372  0.00070726
        1238     2.87863     2.95366 0.000709284
        1239     2.87947      2.9536 0.000711235
        1240      2.8804     2.95354 0.000713107
        1241     2.88143     2.95349 0.000714896
        1242     2.88256     2.95343 0.000716598
        1243     2.88378     2.95337 0.000718208
        1244     2.88511     2.95332 0.000719724
        1245     2.88653     2.95326 0.000721142
        1246     2.88806     2.95321  0.00072246
        1247     2.88968     2.95316 0.000723675
        1248      2.8914     2.95311 0.000724785
        1249     2.89321     2.95306  0.00072579
        1250     2.89512     2.95302 0.000726688
        1251     2.89711     2.95297  0.00072748
        1252     2.89918     2.95293 0.000728167
        1253     2.90133     2.95289 0.000728749
        1254     2.90355     2.95285 0.000729229
        1255     2.90583     2.95281  0.00072961
        1256     2.90815     2.95278 0.000729895
        1257      2.9105     2.95274 0.000730089
        1258     2.91288     2.95271 0.000730195
        1259     2.91527     2.95268 0.000730221
        1260     2.91766     2.95265  0.00073017
        1261     2.92002     2.95263 0.000730049
        1262     2.92235      2.9526 0.000729865
        1263     2.92464     2.95258 0.000729623
        1264     2.92686     2.95256 0.000729329
        1265       2.929     2.95254 0.000728991
        1266     2.93105     2.95253 0.000728612
        1267     2.93301     2.95251   0.0007282
        1268     2.93485      2.9525 0.000727759
        1269     2.93658     2.95248 0.000727294
        1270     2.93817     2.95247 0.000726808
        1271     2.93963     2.95246 0.000726307
        1272     2.94094     2.95245 0.000725792
        1273     2.94212     2.95244 0.000725267
        1274     2.94314     2.95244 0.000724735
        1275     2.94401     2.95243 0.000724197
        1276     2.94474     2.95242 0.000723654
        1277     2.94531     2.95242 0.000723109
        1278     2.94574     2.95241 0.000722562
        1279     2.94603     2.95241 0.000722014
        1280     2.94618      2.9524 0.000721466
        1281      2.9462      2.9524  0.00072092
        1282      2.9461     2.95239 0.000720374
        1283     2.94588     2.95239  0.00071983
        1284     2.94555     2.95238 0.000719289
        1285     2.94512     2.95238 0.000718752
        1286      2.9446     2.95237 0.000718218
        1287       2.944     2.95237  0.00071769
        1288     2.94334     2.95236 0.000717167
        1289     2.94261     2.95235  0.00071665
        1290     2.94184     2.95234 0.000716141
        1291     2.94103     2.95233  0.00071564
        1292      2.9402     2.95232 0.000715148
        1293     2.93936     2.95231 0.000714665
        1294     2.93851      2.9523 0.000714192
        1295     2.93767     2.95229  0.00071373
        1296     2.93685     2.95228 0.000713279
        1297     2.93606     2.95227 0.000712839
        1298      2.9353     2.95226 0.000712409
        1299     2.93458     2.95224 0.000711991
        1300     2.93392     2.95223 0.000711583
        1301     2.93331     2.95221 0.000711184
        1302     2.93276      2.9522 0.000710795
        1303     2.93227     2.95218 0.000710414
        1304     2.93185     2.95217 0.000710041
        1305      2.9315     2.95215 0.000709673
        1306     2.93122     2.95214 0.000709311
        1307       2.931     2.95212 0.000708952
        1308     2.93085      2.9521 0.000708597
        1309     2.93077     2.95209 0.000708243
        1310     2.93076     2.95207 0.000707889
        1311      2.9308     2.95205 0.000707535
        1312     2.93089     2.95204  0.00070718
        1313     2.93104     2.95202 0.000706822
        1314     2.93124     2.95201 0.000706461
        1315     2.93147     2.95199 0.000706096
        1316     2.93174     2.95198 0.000705727
        1317     2.93204     2.95196 0.000705354
        1318     2.93237     2.95195 0.000704975
        1319     2.93272     2.95193 0.000704591
        1320     2.93307     2.95192 0.000704202
        1321     2.93344      2.9519 0.000703808
        1322     2.93381     2.95189 0.000703409
        1323     2.93418     2.95188 0.000703005
        1324     2.93454     2.95186 0.000702595
        1325     2.93489     2.95185 0.000702182
        1326     2.93522     2.95184 0.000701764
        1327     2.93553     2.95182 0.000701343
        1328     2.93582     2.95181 0.000700918
        1329     2.93608      2.9518 0.000700491
        1330     2.93631     2.95179 0.000700061
        1331     2.93651     2.95178 0.000699629
        1332     2.93667     2.95177 0.000699196
        1333     2.93679     2.95176 0.000698762
        1334     2.93688     2.95174 0.000698327
        1335     2.93692     2.95173 0.000697892
        1336     2.93693     2.95172 0.000697458
        1337      2.9369     2.95171 0.000697024
        1338     2.93682      2.9517 0.000696592
        1339     2.93672     2.95169 0.000696162
        1340     2.93657     2.95168 0.000695733
        1341     2.93639     2.95167 0.000695308
        1342     2.93618     2.95165 0.000694886
        1343     2.93594     2.95164 0.000694467
        1344     2.93568     2.95163 0.000694052
        1345     2.93539     2.95162  0.00069364
        1346     2.93509     2.95161 0.000693234
        1347     2.93477     2.95159 0.000692832
        1348     2.93444     2.95158 0.000692435
        1349      2.9341     2.95157 0.000692043
        1350     2.93376     2.95155 0.000691656
        1351     2.93341     2.95154 0.000691274
        1352     2.93307     2.95153 0.000690898
        1353     2.93273     2.95151 0.000690527
        1354     2.93241      2.9515 0.000690161
        1355     2.93209     2.95149   0.0006898
        1356     2.93178     2.95147 0.000689445
        1357     2.93148     2.95146 0.000689094
        1358     2.93119     2.95144 0.000688748
        1359     2.93092     2.95143 0.000688407
        1360     2.93065     2.95141  0.00068807
        1361      2.9304      2.9514 0.000687738
        1362     2.93015     2.95138  0.00068741
        1363     2.92991     2.95136 0.000687086
        1364     2.92968     2.95135 0.000686766
        1365     2.92945     2.95133  0.00068645
        1366     2.92921     2.95132 0.000686139
        1367     2.92897      2.9513 0.000685832
        1368     2.92873     2.95128 0.000685529
        1369     2.92848     2.95127  0.00068523
        1370     2.92821     2.95125 0.000684937
        1371     2.92793     2.95123 0.000684648
        1372     2.92763     2.95122 0.000684366
        1373     2.92731      2.9512 0.000684089
        1374     2.92697     2.95118 0.000683818
        1375     2.92661     2.95116 0.000683554
        1376     2.92622     2.95114 0.000683298
        1377     2.92581     2.95113 0.000683049
        1378     2.92537     2.95111 0.000682809
        1379     2.92491     2.95109 0.000682578
        1380     2.92443     2.95107 0.000682357
        1381     2.92393     2.95105 0.000682145
        1382     2.92341     2.95103 0.000681945
        1383     2.92287     2.95101 0.000681756
        1384     2.92231     2.95099 0.000681579
        1385     2.92174     2.95097 0.000681413
        1386     2.92117     2.95095 0.000681261
        1387     2.92059     2.95092 0.000681121
        1388     2.92001      2.9509 0.000680995
        1389     2.91943     2.95088 0.000680881
        1390     2.91886     2.95086 0.000680781
        1391      2.9183     2.95083 0.000680694
        1392     2.91776     2.95081 0.000680619
        1393     2.91724     2.95078 0.000680557
        1394     2.91675     2.95076 0.000680507
        1395     2.91628     2.95074 0.000680468
        1396     2.91585     2.95071 0.000680439
        1397     2.91546     2.95069  0.00068042
        1398     2.91511     2.95066 0.000680408
        1399     2.91481     2.95063 0.000680404
        1400     2.91456     2.95061 0.000680406
        1401     2.91436     2.95058 0.000680412
        1402     2.91421     2.95056 0.000680422
        1403     2.91412     2.95053 0.000680432
        1404     2.91409      2.9505 0.000680442
        1405     2.91412     2.95048 0.000680451
        1406     2.91421     2.95045 0.000680455
        1407     2.91436     2.95043 0.000680455
        1408     2.91457      2.9504 0.000680448
        1409     2.91485     2.95038 0.000680433
        1410     2.91518     2.95035 0.000680408
        1411     2.91557     2.95033 0.000680372
        1412     2.91602      2.9503 0.000680324
        1413     2.91653     2.95028 0.000680262
        1414     2.91709     2.95026 0.000680186
        1415     2.91769     2.95023 0.000680094
        1416     2.91834     2.95021 0.000679987
        1417     2.91904     2.95019 0.000679863
        1418     2.91978     2.95017 0.000679721
        1419     2.92055     2.95015 0.000679563
        1420     2.92135     2.95013 0.000679387
        1421     2.92218     2.95011 0.000679193
        1422     2.92304     2.95009 0.000678982
        1423     2.92392     2.95007 0.000678754
        1424     2.92481     2.95005 0.000678509
        1425     2.92572     2.95003 0.000678248
        1426     2.92663     2.95002 0.000677971
        1427     2.92755        2.95 0.000677678
        1428     2.92847     2.94999 0.000677371
        1429     2.92938     2.94997 0.000677051
        1430     2.93029     2.94996 0.000676717
        1431     2.93119     2.94994 0.000676372
        1432     2.93208     2.94993 0.000676014
        1433     2.93295     2.94992 0.000675646
        1434      2.9338     2.94991 0.000675269
        1435     2.93463      2.9499 0.000674882
        1436     2.93544     2.94989 0.000674487
        1437     2.93622     2.94988 0.000674085
        1438     2.93697     2.94987 0.000673676
        1439      2.9377     2.94986 0.000673261
        1440     2.93839     2.94985 0.000672841
        1441     2.93905     2.94985 0.000672415
        1442     2.93967     2.94984 0.000671986
        1443     2.94026     2.94983 0.000671553
        1444     2.94081     2.94983 0.000671117
        1445     2.94133     2.94982 0.000670679
        1446      2.9418     2.94981 0.000670238
        1447     2.94224     2.94981 0.000669795
        1448     2.94264      2.9498 0.000669351
        1449       2.943      2.9498 0.000668905
        1450     2.94331      2.9498 0.000668459
        1451     2.94359     2.94979 0.000668012
        1452     2.94382     2.94979 0.000667564
        1453     2.94402     2.94978 0.000667117
        1454     2.94417     2.94978 0.000666669
        1455     2.94428     2.94978 0.000666222
        1456     2.94435     2.94977 0.000665774
        1457     2.94438     2.94977 0.000665328
        1458     2.94437     2.94976 0.000664882
        1459     2.94432     2.94976 0.000664436
        1460     2.94423     2.94976 0.000663992
        1461      2.9441     2.94975 0.000663549
        1462     2.94392     2.94975 0.000663107
        1463     2.94371     2.94974 0.000662667
        1464     2.94347     2.94974 0.000662228
        1465     2.94318     2.94974 0.000661791
        1466     2.94286     2.94973 0.000661356
        1467      2.9425     2.94973 0.000660924
        1468      2.9421     2.94972 0.000660494
        1469     2.94168     2.94972 0.000660067
        1470     2.94121     2.94971 0.000659643
        1471     2.94072      2.9497 0.000659223
        1472      2.9402      2.9497 0.000658807
        1473     2.93965     2.94969 0.000658395
        1474     2.93907     2.94968 0.000657988
        1475     2.93847     2.94968 0.000657586
        1476     2.93785     2.94967 0.000657189
        1477     2.93721     2.94966 0.000656798
        1478     2.93655     2.94965 0.000656414
        1479     2.93588     2.94964 0.000656036
        1480      2.9352     2.94963 0.000655665
        1481     2.93451     2.94962 0.000655302
        1482     2.93382     2.94961 0.000654946
        1483     2.93313      2.9496 0.000654599
        1484     2.93245     2.94959  0.00065426
        1485     2.93177     2.94958 0.000653929
        1486     2.93111     2.94956 0.000653607
        1487     2.93047     2.94955 0.000653294
        1488     2.92985     2.94954 0.000652989
        1489     2.92926     2.94952 0.000652692
        1490      2.9287     2.94951 0.000652404
        1491     2.92818      2.9495 0.000652123
        1492      2.9277     2.94948  0.00065185
        1493     2.92726     2.94947 0.000651583
        1494     2.92688     2.94945 0.000651322
        1495     2.92655     2.94944 0.000651067
        1496     2.92628     2.94942 0.000650816
        1497     2.92607      2.9494 0.000650568
        1498     2.92592     2.94939 0.000650322
        1499     2.92584     2.94937 0.000650078
        1500     2.92582     2.94936 0.000649835
        1501     2.92587     2.94934  0.00064959
        1502     2.92599     2.94933 0.000649343
        1503     2.92618     2.94931 0.000649094
        1504     2.92643      2.9493 0.000648841
        1505     2.92675     2.94928 0.000648582
        1506     2.92713     2.94927 0.000648318
        1507     2.92758     2.94925 0.000648048
        1508     2.92807     2.94924  0.00064777
        1509     2.92863     2.94922 0.000647485
        1510     2.92923     2.94921 0.000647192
        1511     2.92987      2.9492  0.00064689
        1512     2.93056     2.94919 0.000646579
        1513     2.93128     2.94917  0.00064626
        1514     2.93204     2.94916 0.000645933
        1515     2.93282     2.94915 0.000645596
        1516     2.93362     2.94914 0.000645252
        1517     2.93443     2.94913 0.000644899
        1518     2.93526     2.94912 0.000644539
        1519     2.93609     2.94911 0.000644172
        1520     2.93693     2.94911 0.000643798
        1521     2.93777      2.9491 0.000643418
        1522     2.93859     2.94909 0.000643032
        1523     2.93941     2.94908 0.000642641
        1524     2.94022     2.94908 0.000642246
        1525     2.94101     2.94907 0.000641847
        1526     2.94179     2.94907 0.000641444
        1527     2.94254     2.94906 0.000641038
        1528     2.94327     2.94906  0.00064063
        1529     2.94397     2.94906 0.000640219
        1530     2.94465     2.94905 0.000639807
        1531     2.94531     2.94905 0.000639394
        1532     2.94593     2.94905  0.00063898
        1533     2.94653     2.94905 0.000638565
        1534     2.94709     2.94905  0.00063815
        1535     2.94763     2.94905 0.000637735
        1536     2.94814     2.94905  0.00063732
        1537     2.94863     2.94905 0.000636906
        1538     2.94908     2.94905 0.000636492
        1539      2.9495     2.94905 0.000636078
        1540      2.9499     2.94905 0.000635665
        1541     2.95028     2.94905 0.000635253
        1542     2.95062     2.94905 0.000634842
        1543     2.95094     2.94905 0.000634432
        1544     2.95124     2.94905 0.000634023
        1545     2.95152     2.94905 0.000633614
        1546     2.95177     2.94905 0.000633207
        1547     2.95201     2.94906   0.0006328
        1548     2.95222     2.94906 0.000632395
        1549     2.95242     2.94906  0.00063199
        1550     2.95259     2.94906 0.000631587
        1551     2.95276     2.94906 0.000631184
        1552      2.9529     2.94907 0.000630782
        1553     2.95303     2.94907 0.000630381
        1554     2.95315     2.94907 0.000629981
        1555     2.95326     2.94908 0.000629582
        1556     2.95335     2.94908 0.000629183
        1557     2.95344     2.94908 0.000628785
        1558     2.95351     2.94908 0.000628388
        1559     2.95358     2.94909 0.000627992
        1560     2.95364     2.94909 0.000627596
        1561     2.95369     2.94909 0.000627201
        1562     2.95373      2.9491 0.000626806
        1563     2.95377      2.9491 0.000626412
        1564      2.9538      2.9491 0.000626019
        1565     2.95382      2.9491 0.000625626
        1566     2.95385     2.94911 0.000625234
        1567     2.95387     2.94911 0.000624842
        1568     2.95388     2.94911 0.000624451
        1569     2.95389     2.94912 0.000624061
        1570      2.9539     2.94912 0.000623671
        1571     2.95391     2.94912 0.000623281
        1572     2.95391     2.94913 0.000622892
        1573     2.95391     2.94913 0.000622504
        1574     2.95392     2.94913 0.000622115
        1575     2.95392     2.94913 0.000621728
        1576     2.95391     2.94914 0.000621341
        1577     2.95391     2.94914 0.000620954
        1578     2.95391     2.94914 0.000620568
        1579      2.9539     2.94915 0.000620182
        1580      2.9539     2.94915 0.000619797
        1581     2.95389     2.94915 0.000619412
        1582     2.95388     2.94916 0.000619028
        1583     2.95388     2.94916 0.000618644
        1584     2.95387     2.94916 0.000618261
        1585     2.95386     2.94916 0.000617878
        1586     2.95385     2.94917 0.000617495
        1587     2.95384     2.94917 0.000617113
        1588     2.95383     2.94917 0.000616731
        1589     2.95381     2.94918  0.00061635
        1590      2.9538     2.94918 0.000615969
        1591     2.95379     2.94918 0.000615589
        1592     2.95377     2.94919 0.000615209
        1593     2.95375     2.94919  0.00061483
        1594     2.95374     2.94919 0.000614451
        1595     2.95372     2.94919 0.000614072
        1596      2.9537      2.9492 0.000613694
        1597     2.95367      2.9492 0.000613316
        1598     2.95365      2.9492 0.000612938
        1599     2.95362      2.9492 0.000612561
        1600      2.9536     2.94921 0.000612185
        1601     2.95356     2.94921 0.000611808
        1602     2.95353     2.94921 0.000611432
        1603      2.9535     2.94922 0.000611057
        1604     2.95346     2.94922 0.000610681
        1605     2.95342     2.94922 0.000610307
        1606     2.95338     2.94922 0.000609932
        1607     2.95333     2.94923 0.000609558
        1608     2.95328     2.94923 0.000609184
        1609     2.95323     2.94923  0.00060881
        1610     2.95318     2.94923 0.000608437
        1611     2.95312     2.94924 0.000608064
        1612     2.95305     2.94924 0.000607692
        1613     2.95299     2.94924 0.000607319
        1614     2.95292     2.94924 0.000606947
        1615     2.95284     2.94925 0.000606576
        1616     2.95276     2.94925 0.000606204
        1617     2.95268     2.94925 0.000605833
        1618     2.95259     2.94925 0.000605462
        1619     2.95249     2.94925 0.000605091
        1620     2.95239     2.94926 0.000604721
        1621     2.95229     2.94926 0.000604351
        1622     2.95218     2.94926 0.000603981
        1623     2.95206     2.94926 0.000603611
        1624     2.95194     2.94926 0.000603242
        1625     2.95181     2.94926 0.000602873
        1626     2.95168     2.94927 0.000602504
        1627     2.95154     2.94927 0.000602135
        1628     2.95139     2.94927 0.000601767
        1629     2.95123     2.94927 0.000601398
        1630     2.95107     2.94927  0.00060103
        1631      2.9509     2.94927 0.000600663
        1632     2.95072     2.94927 0.000600295
        1633     2.95053     2.94927 0.000599928
        1634     2.95033     2.94927 0.000599561
        1635     2.95013     2.94927 0.000599195
        1636     2.94992     2.94927 0.000598829
        1637     2.94969     2.94928 0.000598463
        1638     2.94946     2.94928 0.000598098
        1639     2.94922     2.94928 0.000597733
        1640     2.94897     2.94928 0.000597368
        1641      2.9487     2.94927 0.000597004
        1642     2.94843     2.94927 0.000596641
        1643     2.94815     2.94927 0.000596278
        1644     2.94785     2.94927 0.000595916
        1645     2.94754     2.94927 0.000595555
        1646     2.94723     2.94927 0.000595194
        1647      2.9469     2.94927 0.000594835
        1648     2.94655     2.94927 0.000594476
        1649      2.9462     2.94927 0.000594119
        1650     2.94583     2.94926 0.000593762
        1651     2.94545     2.94926 0.000593407
        1652     2.94506     2.94926 0.000593053
        1653     2.94465     2.94926 0.000592701
        1654     2.94423     2.94925  0.00059235
        1655      2.9438     2.94925 0.000592002
        1656     2.94335     2.94925 0.000591655
        1657     2.94289     2.94924  0.00059131
        1658     2.94242     2.94924 0.000590968
        1659     2.94193     2.94923 0.000590628
        1660     2.94143     2.94923 0.000590291
        1661     2.94092     2.94922 0.000589957
        1662     2.94039     2.94922 0.000589626
        1663     2.93984     2.94921 0.000589298
        1664     2.93929     2.94921 0.000588974
        1665     2.93872      2.9492 0.000588654
        1666     2.93814     2.94919 0.000588338
        1667     2.93754     2.94919 0.000588027
        1668     2.93693     2.94918  0.00058772
        1669     2.93631     2.94917 0.000587419
        1670     2.93568     2.94916 0.000587123
        1671     2.93503     2.94916 0.000586832
        1672     2.93438     2.94915 0.000586548
        1673     2.93371     2.94914  0.00058627
        1674     2.93303     2.94913 0.000585998
        1675     2.93235     2.94912 0.000585734
        1676     2.93165     2.94911 0.000585477
        1677     2.93095      2.9491 0.000585228
        1678     2.93025     2.94909 0.000584987
        1679     2.92953     2.94907 0.000584755
        1680     2.92882     2.94906 0.000584531
        1681     2.92809     2.94905 0.000584316
        1682     2.92737     2.94904 0.000584111
        1683     2.92665     2.94902 0.000583915
        1684     2.92592     2.94901  0.00058373
        1685      2.9252     2.94899 0.000583554
        1686     2.92448     2.94898 0.000583389
        1687     2.92377     2.94897 0.000583235
        1688     2.92306     2.94895 0.000583091
        1689     2.92236     2.94893 0.000582958
        1690     2.92167     2.94892 0.000582837
        1691     2.92099      2.9489 0.000582726
        1692     2.92033     2.94888 0.000582626
        1693     2.91968     2.94887 0.000582537
        1694     2.91905     2.94885 0.000582459
        1695     2.91843     2.94883 0.000582392
        1696     2.91784     2.94881 0.000582335
        1697     2.91726      2.9488 0.000582289
        1698     2.91671     2.94878 0.000582253
        1699     2.91619     2.94876 0.000582226
        1700     2.91569     2.94874 0.000582208
        1701     2.91522     2.94872 0.000582199
        1702     2.91479      2.9487 0.000582198
        1703     2.91438     2.94868 0.000582205
        1704     2.91401     2.94866 0.000582219
        1705     2.91367     2.94864 0.000582239
        1706     2.91336     2.94862 0.000582264
        1707      2.9131      2.9486 0.000582295
        1708     2.91287     2.94857  0.00058233
        1709     2.91268     2.94855 0.000582368
        1710     2.91253     2.94853 0.000582408
        1711     2.91242     2.94851  0.00058245
        1712     2.91235     2.94849 0.000582493
        1713     2.91232     2.94847 0.000582535
        1714     2.91233     2.94845 0.000582577
        1715     2.91238     2.94843 0.000582617
        1716     2.91248     2.94841 0.000582654
        1717     2.91261     2.94839 0.000582687
        1718     2.91279     2.94836 0.000582716
        1719       2.913     2.94834  0.00058274
        1720     2.91326     2.94832 0.000582758
        1721     2.91355      2.9483  0.00058277
        1722     2.91389     2.94828 0.000582774
        1723     2.91426     2.94826  0.00058277
        1724     2.91467     2.94824 0.000582758
        1725     2.91511     2.94822 0.000582737
        1726     2.91559     2.94821 0.000582706
        1727      2.9161     2.94819 0.000582665
        1728     2.91665     2.94817 0.000582614
        1729     2.91722     2.94815 0.000582551
        1730     2.91783     2.94813 0.000582478
        1731     2.91846     2.94812 0.000582394
        1732     2.91913      2.9481 0.000582298
        1733     2.91981     2.94808 0.000582191
        1734     2.92053     2.94807 0.000582072
        1735     2.92126     2.94805 0.000581942
        1736     2.92202     2.94804   0.0005818
        1737     2.92279     2.94802 0.000581646
        1738     2.92358     2.94801 0.000581481
        1739     2.92439       2.948 0.000581306
        1740     2.92522     2.94798 0.000581119
        1741     2.92605     2.94797 0.000580922
        1742      2.9269     2.94796 0.000580714
        1743     2.92776     2.94795 0.000580497
        1744     2.92862     2.94793  0.00058027
        1745     2.92949     2.94792 0.000580033
        1746     2.93037     2.94791 0.000579788
        1747     2.93125      2.9479 0.000579535
        1748     2.93213      2.9479 0.000579274
        1749     2.93301     2.94789 0.000579005
        1750     2.93388     2.94788 0.000578729
        1751     2.93476     2.94787 0.000578447
        1752     2.93563     2.94786 0.000578159
        1753     2.93649     2.94786 0.000577866
        1754     2.93735     2.94785 0.000577568
        1755     2.93819     2.94785 0.000577265
        1756     2.93903     2.94784 0.000576958
        1757     2.93985     2.94784 0.000576647
        1758     2.94066     2.94783 0.000576334
        1759     2.94146     2.94783 0.000576017
        1760     2.94224     2.94783 0.000575699
        1761       2.943     2.94782 0.000575379
        1762     2.94375     2.94782 0.000575057
        1763     2.94448     2.94782 0.000574734
        1764     2.94518     2.94782  0.00057441
        1765     2.94587     2.94782 0.000574085
        1766     2.94654     2.94782 0.000573761
        1767     2.94718     2.94782 0.000573436
        1768      2.9478     2.94782 0.000573112
        1769      2.9484     2.94782 0.000572788
        1770     2.94898     2.94782 0.000572465
        1771     2.94953     2.94782 0.000572142
        1772     2.95006     2.94782 0.000571821
        1773     2.95056     2.94782   0.0005715
        1774     2.95104     2.94782 0.000571181
        1775     2.95149     2.94782 0.000570863
        1776     2.95192     2.94783 0.000570546
        1777     2.95232     2.94783 0.000570231
        1778      2.9527     2.94783 0.000569917
        1779     2.95305     2.94783 0.000569604
        1780     2.95338     2.94784 0.000569292
        1781     2.95369     2.94784 0.000568982
        1782     2.95396     2.94784 0.000568673
        1783     2.95422     2.94785 0.000568366
        1784     2.95445     2.94785 0.000568059
        1785     2.95466     2.94786 0.000567754
        1786     2.95485     2.94786 0.000567449
        1787     2.95501     2.94786 0.000567146
        1788     2.95515     2.94787 0.000566843
        1789     2.95527     2.94787 0.000566542
        1790     2.95537     2.94788 0.000566241
        1791     2.95545     2.94788  0.00056594
        1792     2.95552     2.94788  0.00056564
        1793     2.95556     2.94789 0.000565341
        1794     2.95559     2.94789 0.000565042
        1795      2.9556      2.9479 0.000564744
        1796     2.95559      2.9479 0.000564446
        1797     2.95557     2.94791 0.000564148
        1798     2.95554     2.94791  0.00056385
        1799     2.95549     2.94791 0.000563552
        1800     2.95542     2.94792 0.000563255
        1801     2.95535     2.94792 0.000562957
        1802     2.95526     2.94793 0.000562659
        1803     2.95516     2.94793 0.000562361
        1804     2.95506     2.94793 0.000562064
        1805     2.95494     2.94794 0.000561766
        1806     2.95481     2.94794 0.000561467
        1807     2.95467     2.94795 0.000561169
        1808     2.95452     2.94795  0.00056087
        1809     2.95436     2.94795 0.000560572
        1810     2.95419     2.94796 0.000560272
        1811       2.954     2.94796 0.000559973
        1812     2.95381     2.94796 0.000559673
        1813     2.95361     2.94797 0.000559373
        1814     2.95339     2.94797 0.000559073
        1815     2.95315     2.94797 0.000558772
        1816     2.95291     2.94797 0.000558471
        1817     2.95264     2.94798  0.00055817
        1818     2.95235     2.94798 0.000557868
        1819     2.95205     2.94798 0.000557566
        1820     2.95172     2.94798 0.000557263
        1821     2.95136     2.94799  0.00055696
        1822     2.95098     2.94799 0.000556657
        1823     2.95056     2.94799 0.000556353
        1824     2.95011     2.94799 0.000556049
        1825     2.94962     2.94799 0.000555745
        1826     2.94909     2.94799 0.000555441
        1827     2.94851     2.94799 0.000555137
        1828     2.94788     2.94799 0.000554834
        1829      2.9472     2.94799 0.000554531
        1830     2.94646     2.94799 0.000554228
        1831     2.94566     2.94799 0.000553927
        1832      2.9448     2.94799 0.000553627
        1833     2.94387     2.94799  0.00055333
        1834     2.94287     2.94798 0.000553035
        1835      2.9418     2.94798 0.000552744
        1836     2.94065     2.94798 0.000552457
        1837     2.93942     2.94797 0.000552176
        1838     2.93812     2.94797 0.000551902
        1839     2.93674     2.94796 0.000551636
        1840     2.93529     2.94795 0.000551379
        1841     2.93376     2.94794 0.000551133
        1842     2.93216     2.94794   0.0005509
        1843     2.93051     2.94793 0.000550683
        1844     2.92879     2.94792 0.000550482
        1845     2.92703      2.9479   0.0005503
        1846     2.92524     2.94789 0.000550139
        1847     2.92342     2.94788     0.00055
        1848      2.9216     2.94786 0.000549887
        1849     2.91978     2.94785 0.000549799
        1850     2.91799     2.94783 0.000549739
        1851     2.91625     2.94782 0.000549706
        1852     2.91457      2.9478 0.000549703
        1853     2.91299     2.94778 0.000549727
        1854     2.91152     2.94776 0.000549778
        1855     2.91018     2.94774 0.000549855
        1856     2.90899     2.94772 0.000549955
        1857     2.90798      2.9477 0.000550075
        1858     2.90717     2.94768 0.000550211
        1859     2.90657     2.94765 0.000550359
        1860     2.90619     2.94763 0.000550515
        1861     2.90605     2.94761 0.000550672
        1862     2.90616     2.94759 0.000550826
        1863     2.90651     2.94756 0.000550971
        1864     2.90711     2.94754 0.000551103
        1865     2.90795     2.94752 0.000551216
        1866     2.90903      2.9475 0.000551307
        1867     2.91033     2.94748 0.000551371
        1868     2.91184     2.94746 0.000551406
        1869     2.91355     2.94744 0.000551409
        1870     2.91543     2.94743  0.00055138
        1871     2.91747     2.94741 0.000551318
        1872     2.91963      2.9474 0.000551223
        1873     2.92191     2.94738 0.000551097
        1874     2.92426     2.94737 0.000550941
        1875     2.92669     2.94736 0.000550757
        1876     2.92915     2.94735 0.000550549
        1877     2.93164     2.94734 0.000550319
        1878     2.93413     2.94733 0.000550071
        1879      2.9366     2.94733 0.000549808
        1880     2.93905     2.94732 0.000549533
        1881     2.94145     2.94732  0.00054925
        1882     2.94379     2.94732 0.000548961
        1883     2.94607     2.94732  0.00054867
        1884     2.94827     2.94732 0.000548379
        1885     2.95039     2.94732 0.000548091
        1886     2.95242     2.94732 0.000547807
        1887     2.95436     2.94733 0.000547529
        1888      2.9562     2.94733 0.000547259
        1889     2.95795     2.94734 0.000546999
        1890      2.9596     2.94734 0.000546748
        1891     2.96116     2.94735 0.000546507
        1892     2.96261     2.94736 0.000546278
        1893     2.96398     2.94737  0.00054606
        1894     2.96524     2.94738 0.000545853
        1895     2.96642     2.94739 0.000545658
        1896     2.96751      2.9474 0.000545473
        1897      2.9685     2.94741 0.000545299
        1898     2.96942     2.94742 0.000545135
        1899     2.97025     2.94743 0.000544981
        1900     2.97101     2.94745 0.000544835
        1901     2.97169     2.94746 0.000544698
        1902      2.9723     2.94747 0.000544568
        1903     2.97284     2.94748 0.000544445
        1904     2.97331      2.9475 0.000544328
        1905     2.97371     2.94751 0.000544216
        1906     2.97406     2.94753 0.000544108
        1907     2.97434     2.94754 0.000544005
        1908     2.97457     2.94755 0.000543904
        1909     2.97475     2.94757 0.000543806
        1910     2.97487     2.94758 0.000543709
        1911     2.97495      2.9476 0.000543613
        1912     2.97497     2.94761 0.000543517
        1913     2.97495     2.94763 0.000543421
        1914     2.97489     2.94764 0.000543324
        1915     2.97479     2.94765 0.000543225
        1916     2.97465     2.94767 0.000543124
        1917     2.97448     2.94768 0.000543021
        1918     2.97427      2.9477 0.000542915
        1919     2.97402     2.94771 0.000542805
        1920     2.97375     2.94772 0.000542692
        1921     2.97344     2.94774 0.000542574
        1922     2.97311     2.94775 0.000542453
        1923     2.97276     2.94776 0.000542326
        1924     2.97238     2.94778 0.000542196
        1925     2.97198     2.94779  0.00054206
        1926     2.97156      2.9478 0.000541919
        1927     2.97112     2.94781 0.000541772
        1928     2.97066     2.94782 0.000541621
        1929     2.97019     2.94784 0.000541464
        1930     2.96971     2.94785 0.000541302
        1931     2.96921     2.94786 0.000541135
        1932      2.9687     2.94787 0.000540963
        1933     2.96819     2.94788 0.000540785
        1934     2.96767     2.94789 0.000540602
        1935     2.96714      2.9479 0.000540414
        1936      2.9666     2.94791 0.000540221
        1937     2.96606     2.94792 0.000540024
        1938     2.96552     2.94793 0.000539821
        1939     2.96498     2.94794 0.000539615
        1940     2.96443     2.94794 0.000539404
        1941     2.96389     2.94795 0.000539188
        1942     2.96334     2.94796 0.000538969
        1943     2.96279     2.94797 0.000538745
        1944     2.96225     2.94798 0.000538518
        1945     2.96171     2.94798 0.000538288
        1946     2.96117     2.94799 0.000538054
        1947     2.96063       2.948 0.000537817
        1948      2.9601       2.948 0.000537576
        1949     2.95957     2.94801 0.000537333
        1950     2.95904     2.94801 0.000537088
        1951     2.95852     2.94802 0.000536839
        1952     2.95801     2.94802 0.000536589
        1953     2.95749     2.94803 0.000536336
        1954     2.95699     2.94803 0.000536081
        1955     2.95648     2.94804 0.000535824
        1956     2.95599     2.94804 0.000535566
        1957      2.9555     2.94805 0.000535306
        1958     2.95502     2.94805 0.000535044
        1959     2.95454     2.94805 0.000534781
        1960     2.95408     2.94806 0.000534517
        1961     2.95362     2.94806 0.000534252
        1962     2.95317     2.94806 0.000533986
        1963     2.95273     2.94806 0.000533719
        1964      2.9523     2.94807 0.000533452
        1965     2.95187     2.94807 0.000533184
        1966     2.95146     2.94807 0.000532916
        1967     2.95106     2.94807 0.000532647
        1968     2.95066     2.94807 0.000532378
        1969     2.95028     2.94807 0.000532109
        1970      2.9499     2.94807 0.000531839
        1971     2.94953     2.94808  0.00053157
        1972     2.94916     2.94808 0.000531301
        1973      2.9488     2.94808 0.000531032
        1974     2.94844     2.94808 0.000530763
        1975     2.94809     2.94808 0.000530494
        1976     2.94773     2.94808 0.000530225
        1977     2.94736     2.94808 0.000529957
        1978     2.94699     2.94808  0.00052969
        1979     2.94661     2.94807 0.000529423
        1980     2.94621     2.94807 0.000529156
        1981      2.9458     2.94807  0.00052889
        1982     2.94537     2.94807 0.000528625
        1983     2.94491     2.94807 0.000528361
        1984     2.94441     2.94807 0.000528098
        1985     2.94389     2.94807 0.000527836
        1986     2.94333     2.94806 0.000527576
        1987     2.94272     2.94806 0.000527317
        1988     2.94206     2.94806  0.00052706
        1989     2.94136     2.94805 0.000526806
        1990     2.94059     2.94805 0.000526555
        1991     2.93977     2.94805 0.000526307
        1992     2.93888     2.94804 0.000526063
        1993     2.93792     2.94804 0.000525823
        1994     2.93688     2.94803 0.000525589
        1995     2.93577     2.94803 0.000525362
        1996     2.93458     2.94802 0.000525142
        1997     2.93331     2.94801  0.00052493
        1998     2.93195       2.948 0.000524729
        1999      2.9305     2.94799  0.00052454
        2000     2.92896     2.94798 0.000524364
