# best half averages
2593.42
2416.14
2290.25
2190.12
2088.88
1996
1927.24
1867.27
1798.37
1772.81
1731.38
1690.14
1648.76
1611.05
1584.21
1553.4
1519.07
1476.05
1455.51
1432
1406.33
1386.59
1356.49
1336
1310.39
1271.8
1239.83
1215.64
1197.2
1159.93
1109.71
1084.97
1076.68
1065.91
1052.66
1047.74
1028.27
1007.46
973.229
955.519
911.36
903.142
892.701
880.771
862.116
849.724
835.146
832.637
823.224
810.215
792.045
776.871
762.263
750.393
736.186
728.007
714.402
712.182
706.552
690.239
667.109
659.107
658.304
654.624
639.051
622.306
611.133
604.669
591.843
573.847
567.156
555.241
545.126
537.58
539.823
537.514
522.53
513.542
510.843
514.496
505.774
504.203
514.101
495.361
475.451
474.659
469.505
467.977
462.445
452.451
444.609
438.882
434.843
432.41
431.522
431.06
429.01
426.131
421.361
421.341
421.222
420.924
419.579
416.684
416.541
416.249
417.76
413.509
407.95
400.225
396.994
397.534
379.187
377.032
374.79
372.581
371.8
375.119
369.292
368.827
369.047
373.336
368.16
378.06
360.829
360.028
361.517
357.751
357.248
355.986
353.323
352.676
349.04
345.072
337.957
337.936
337.861
337.659
337.56
337.468
337.527
331.373
325.102
306.804
300.877
300.729
300.32
300.32
300.32
300.32
300.32
300.319
300.315
300.302
300.302
300.293
300.293
300.293
300.293
300.302
298.323
292.334
276.425
276.405
276.31
275.377
273.557
271.119
270.661
269.85
266.569
263.516
261.319
256.554
255.97
254.208
252.579
251.254
251.545
248.242
244.194
243.744
244.472
237.528
237.528
237.528
237.528
237.467
237.352
236.923
234.835
234.468
234.437
234.165
232.956
232.873
232.519
230.646
228.656
226.467
225.79
223.951
222.209
218.653
217.227
215.623
215.616
215.289
213.493
206.461
199.384
199.277
198.935
198.701
198.486
198.231
197.829
197.658
203.822
197.673
194.617
195.108
194.909
194.463
193.83
193.809
193.78
209.279
198.668
200.678
192.252
190.88
190.512
188.704
188.146
189.112
187.65
187.095
185.826
185.785
185.587
184.748
184.548
184.329
184.249
183.97
183.678
183.678
183.678
183.678
183.678
183.644
183.44
183.701
191.111
184.887
182.594
181.827
196.589
180.892
180.779
180.631
188.264
185.169
183.21
179.974
179.826
179.005
177.227
176.961
176.655
174.933
168.337
163.917
163.917
163.912
163.879
163.747
163.552
163.463
162.478
159.165
159.165
159.165
159.165
159.165
159.165
159.165
159.165
159.165
159.164
159.163
159.161
159.54
159.142
159.136
159.13
159.048
158.828
158.817
158.776
158.608
158.02
156.574
155.145
157.113
154.967
154.487
154.061
154.478
150.311
150.311
150.311
150.361
150.309
150.704
150.292
150.291
150.291
150.284
149.366
156.062
144.796
139.554
139.554
139.554
139.554
139.554
139.554
139.554
139.554
139.554
139.554
139.554
139.554
139.554
139.554
139.554
139.554
139.523
139.609
140.574
139.413
139.058
139.473
137.002
136.984
136.977
136.965
136.813
136.543
136.256
136.256
136.256
136.256
136.256
136.256
136.256
136.256
136.256
136.051
135.815
134.696
143.206
132.825
125.949
125.888
125.648
124.766
122.999
122.999
122.977
122.977
122.846
122.387
121.907
121.894
121.844
121.668
121.278
121.278
121.247
121.153
126.722
121.673
127.807
140.662
119.966
119.594
119.38
119.37
119.37
119.38
123.233
119.38
121.866
122.038
120.675
119.38
124.306
119.38
119.38
119.38
119.38
119.38
119.38
119.38
119.38
119.38
119.38
119.38
119.38
119.38
119.38
119.353
119.221
118.664
118.055
118.055
118.05
118.034
117.954
117.802
117.802
117.802
117.802
117.802
117.762
117.601
116.631
115.786
115.786
115.786
115.786
115.786
115.747
115.786
115.786
115.786
115.786
115.775
115.786
115.786
115.786
115.786
115.786
115.786
115.786
115.786
115.786
115.786
115.786
115.786
115.786
115.786
115.786
115.767
115.693
115.376
114.793
114.504
115.486
112.837
112.318
112.065
111.784
110.987
110.15
110.059
109.802
109.738
109.631
109.421
108.566
106.314
106.269
106.269
106.269
106.269
106.269
106.269
106.269
106.266
106.25
106.178
106.097
106.097
106.081
106.015
105.942
105.695
105.283
105.283
105.283
105.283
105.283
105.283
105.283
105.283
105.283
105.283
105.283
105.283
105.283
105.283
105.283
105.283
105.283
105.281
105.281
105.276
105.276
105.27
106.05
105.171
105.171
105.171
105.171
105.171
105.171
105.169
105.166
105.146
105.13
105.072
104.997
104.937
104.842
104.842
104.842
104.842
104.832
104.774
104.754
104.548
103.914
103.372
103.372
103.372
103.372
103.372
103.33
103.165
102.46
101.31
101.31
101.31
101.31
101.31
101.31
101.31
101.31
101.31
101.31
101.3
101.206
100.879
100.788
100.669
100.469
100.469
100.469
100.469
100.465
100.461
100.45
100.413
100.284
100.255
100.11
99.4172
98.8397
98.8185
98.7522
98.5608
97.8281
97.6444
97.2989
96.9382
96.1473
95.9394
95.9261
95.9077
95.8341
95.4919
95.0066
95.0066
95.0066
95.0066
95.0066
95.0066
95.0066
95.0066
95.0066
94.994
94.9311
94.7802
94.3779
94.3779
94.3779
94.1018
94.368
94.3779
94.3779
94.3779
94.3779
94.3779
94.3779
94.3779
94.3779
94.3779
94.3779
94.3779
94.3779
94.3697
94.3373
94.3094
94.2216
93.9759
93.9679
93.9679
93.9679
93.9679
93.9671
93.9638
93.9588
93.9414
93.9264
93.9264
93.9264
93.9264
93.9264
93.8974
93.7906
93.5765
92.5679
91.6432
91.0015
91.0015
91.0015
90.7804
90.5593
91.9015
90.0193
87.3164
87.3164
87.3164
87.3164
87.3164
87.3164
87.3078
87.2821
87.2049
87.0249
86.8877
86.8877
86.8674
86.8674
86.8268
86.9134
86.8877
86.8877
86.8877
86.8782
86.8877
86.8877
86.8877
86.8877
86.8877
86.8877
86.8877
86.8877
86.8414
86.8397
86.7832
86.6413
86.3307
85.7752
84.2916
83.7632
82.6252
82.6252
82.6252
82.6252
82.6252
82.6252
82.6252
82.6252
82.6252
82.6252
82.6157
82.6157
82.6252
82.6252
82.6252
82.6252
82.6036
82.5819
82.4302
81.9969
81.5418
81.5225
81.5032
81.5418
81.5418
81.5368
81.5368
81.5418
81.5418
81.5418
81.5418
81.5418
81.5418
81.5418
81.5418
81.5418
81.5418
81.5095
81.2183
80.6682
79.9162
79.8767
80.0129
80.0196
79.5288
79.5288
79.5288
79.5288
79.5288
79.5192
79.5097
79.5076
79.4652
79.4439
79.4439
79.2554
78.9579
78.4663
78.4663
78.4663
78.4642
78.4663
78.4685
78.4685
78.4685
78.4685
78.4685
78.4685
78.4685
78.4685
78.4685
78.4685
78.4685
78.4685
78.4685
78.4685
78.4685
78.4685
78.4685
78.4685
78.4685
78.4685
78.4685
78.4685
78.4685
78.4685
78.4685
78.4685
78.4685
78.4685
78.4685
78.4685
78.4685
78.4685
78.4685
78.4685
78.4685
78.4522
78.4034
78.192
77.6548
77.6548
77.6548
77.6548
77.6548
77.6548
77.6548
77.6548
77.6548
77.6548
77.6548
77.6548
77.6548
77.6548
77.6548
77.6548
77.6548
77.6548
77.6548
77.6548
77.6548
77.6548
77.6548
77.6548
77.6548
77.6548
77.6548
77.6548
77.6548
77.6548
77.6548
77.6548
77.6548
77.6548
77.6548
77.6548
77.6548
77.6548
77.6548
77.6548
77.5507
77.5507
77.4466
80.0634
77.146
81.6955
75.4713
75.4895
75.4348
75.4895
75.4713
75.4895
75.5077
75.5077
75.5077
75.5077
75.5077
75.5077
75.5077
75.5077
75.4372
75.3874
75.1789
74.8494
74.8499
74.7538
76.5728
74.1569
74.0294
74.0294
74.0294
74.0294
74.0294
74.0294
74.0294
74.0294
74.0294
74.0294
74.0294
74.0294
74.0294
74.0294
74.0294
74.0294
74.0294
74.0294
74.0294
74.0294
74.0294
74.0294
74.0294
74.0294
74.0294
74.0294
74.0294
74.0294
74.0294
74.0294
74.0294
74.0294
73.9521
73.7975
73.4274
73.0583
73.0533
73.0434
73.0334
75.4484
73.0434
73.6153
73.0136
73.2278
72.8147
72.8147
72.8147
72.8116
72.8147
72.8147
72.8147
72.8147
72.8147
72.8147
72.8118
72.8006
72.7726
72.6949
72.611
72.4643
72.2124
72.17
72.17
72.17
72.17
72.17
72.17
72.17
72.17
72.17
72.17
72.17
72.17
72.17
72.17
72.17
72.17
72.17
72.17
72.17
72.17
72.17
72.17
72.17
72.17
72.17
72.17
72.17
72.17
72.17
72.17
72.17
72.168
72.168
72.1671
72.169
72.17
72.17
72.17
72.17
72.17
72.17
72.17
72.17
72.17
72.17
72.17
72.17
72.17
72.1694
72.17
72.17
72.1476
72.1588
72.17
72.17
72.17
72.17
72.17
72.17
72.17
72.17
72.17
72.17
72.17
72.167
72.17
72.17
72.17
72.17
72.17
72.17
72.1588
72.2069
72.17
72.17
72.17
72.17
72.17
72.17
72.17
72.17
72.17
72.17
72.17
72.17
72.17
72.17
72.17
72.17
72.17
72.17
72.17
72.17
72.17
72.17
72.17
72.17
72.17
72.17
72.17
72.17
72.17
72.17
72.17
72.17
72.1481
72.17
72.17
72.17
72.17
72.17
72.17
72.17
72.17
72.17
72.17
72.17
72.17
72.17
72.17
72.151
72.151
72.1421
72.0774
71.9506
71.5155
71.1477
70.9878
70.7747
70.7747
70.7747
70.7368
70.7273
72.0775
70.6799
74.0692
73.3153
70.4162
70.2153
70.1302
69.6874
69.449
69.449
69.449
69.449
69.449
69.449
69.449
69.449
69.449
69.449
69.444
69.449
69.449
69.449
69.449
69.449
69.449
69.449
69.449
69.449
69.4327
69.4165
69.4165
69.384
69.2052
68.7937
68.6362
68.6362
68.6362
68.6362
68.6362
68.6362
68.6362
68.6362
68.6362
68.6362
68.6362
68.6362
68.6362
68.6362
68.6362
68.6362
68.6362
68.6362
68.6362
68.6362
68.6362
68.6362
68.6362
68.6362
68.6362
68.6362
68.6362
68.6362
68.6362
68.6362
68.6362
68.6362
68.6312
68.6362
68.6362
68.6362
68.6362
68.6362
68.6362
68.6362
68.6362
68.6362
68.6362
68.6362
68.6362
68.6362
68.6362
68.6362
68.6362
68.6362
68.6362
68.6362
68.6362
68.6362
68.6362
68.6362
68.6362
68.6362
68.6362
68.6362
68.6362
68.6362
68.6362
68.6362
68.6188
68.6362
68.6362
68.6362
68.6362
68.6362
68.6362
68.6336
68.6257
68.5918
68.5055
68.5055
68.5055
68.5055
68.5055
68.5055
68.5055
68.5055
68.5055
68.5055
68.4886
68.5055
68.5055
68.5055
68.5055
68.5055
68.5055
68.5055
68.5055
68.5055
68.5055
68.5055
68.5055
68.5055
68.5055
68.5055
68.5055
68.5055
68.5055
68.5055
68.94
68.5055
68.5055
68.5055
68.5055
68.5055
68.5055
68.5055
68.5055
68.5055
68.5055
68.5055
68.5055
68.5055
68.5055
68.5055
68.5055
68.5055
68.5055
68.5055
68.5055
68.5055
68.5055
68.5055
68.5055
68.5055
68.5055
68.5055
68.5055
68.5055
68.5055
68.5055
68.5055
68.5055
68.5055
68.5055
68.5055
68.5055
68.5055
68.5055
68.5055
68.5055
68.5055
68.5055
68.5055
68.5055
68.5055
68.5055
68.5055
68.5055
68.5055
68.5055
68.5055
68.5055
68.5055
68.5055
68.5055
68.5055
68.5055
68.5055
68.2165
67.3407
68.7045
65.046
64.8633
64.8633
64.8633
64.8633
64.8633
64.8633
64.8633
64.8633
64.8633
64.8633
64.8633
64.8633
64.8633
64.8633
64.8633
64.8633
64.8311
64.7559
64.5562
63.9526
63.3391
63.2529
63.2529
63.2529
63.2529
63.2529
63.2524
63.2529
63.2529
63.2529
63.2529
63.2529
63.2529
63.2529
63.2529
63.2529
63.2529
63.2529
63.2529
63.2529
63.2529
65.0149
76.9499
68.1292
66.0299
63.2529
63.2529
63.2529
63.2529
63.2529
63.2529
63.2529
63.2529
63.2529
63.2529
63.2529
63.2529
63.2529
63.2529
63.2529
63.2529
63.2529
63.2529
63.2529
63.2529
63.2529
63.2529
63.2529
63.2529
63.2529
63.2529
63.2529
63.2529
63.2529
63.2529
63.2529
63.2529
63.2529
63.2529
63.2529
63.2529
63.2529
63.2529
63.2529
63.2529
63.2529
63.2529
63.2529
63.2529
63.2529
63.2529
63.2529
63.2529
63.2529
63.2529
63.2529
63.1922
63.1316
63.1922
63.1493
63.1543
67.4397
63.644
63.1912
67.8085
62.4236
61.7373
61.7373
61.7373
61.7373
61.7373
61.7373
61.7373
61.7373
61.7373
61.7373
61.7373
61.7373
61.7373
61.7373
61.7373
61.7369
61.7373
61.7373
61.7373
61.7373
61.7373
61.7373
61.7373
61.7373
61.7373
61.7373
61.7373
61.7373
61.7373
61.7373
61.7373
61.7373
61.7373
61.7373
61.7373
61.7373
61.7373
61.7373
61.7373
61.7373
61.7373
61.7373
61.7373
61.7373
61.7373
61.7373
61.7373
61.7373
61.7373
61.7373
61.7373
61.7373
61.7373
61.7373
61.7373
61.7373
61.7373
61.7373
61.7373
61.7373
61.7373
61.7373
61.7373
61.7373
61.7373
61.7373
61.7373
61.7373
61.7373
61.7373
61.7373
61.7373
61.7373
61.7373
61.7373
61.7373
61.7373
61.7373
61.7373
61.7373
61.7373
61.7347
61.9861
61.7216
61.6824
61.6144
61.6066
61.6066
61.6066
61.6066
61.6066
61.6066
61.6066
61.6066
61.6066
61.6066
61.6066
61.6066
61.6066
61.6066
63.3338
66.8415
63.8252
61.6066
61.6066
61.6066
61.6066
61.6066
61.6066
61.6066
61.6066
61.6066
61.6066
61.6066
61.6066
61.6066
61.6066
61.6066
61.6066
61.6066
61.6066
61.6066
61.6066
61.6066
61.6066
61.6066
61.6066
61.6066
61.6066
61.6066
61.6066
61.6066
61.6066
61.6066
61.6066
61.6066
61.6066
61.6066
61.6066
61.6066
61.6066
61.6066
61.6066
61.6066
61.6066
61.6066
61.6066
61.6062
61.6066
61.6066
61.6066
61.6066
61.6066
61.6066
61.6066
61.6066
61.6066
61.6066
61.6066
61.6066
61.6066
61.6066
61.6066
61.6066
61.6066
61.6066
61.6066
61.6066
61.6066
61.6066
61.6066
61.6066
61.6066
61.6066
61.6066
61.6066
61.6066
61.6066
61.6066
61.6066
61.6066
61.6066
61.6066
61.6066
61.6066
61.6066
61.6066
61.6066
61.6066
61.6066
61.6066
61.6066
61.6066
61.6066
61.6066
61.6066
61.6066
61.6066
61.6066
61.6066
61.6066
61.6066
61.6066
61.6062
61.6054
61.6062
61.605
61.6054
62.0302
61.6066
61.6066
61.6066
61.6066
61.6066
61.6066
61.6066
61.6066
61.6066
61.6066
61.6066
61.6066
61.6066
61.6066
61.6066
61.6066
61.6066
61.6066
61.6066
61.6066
61.6066
61.6066
61.6066
61.6066
61.6066
61.6066
61.6066
61.6066
61.6066
61.6066
61.6066
61.6066
61.6066
61.6066
61.6066
61.6066
61.6066
61.6066
61.6066
61.6066
61.6066
61.6066
61.6066
61.6066
61.6066
61.6066
61.6066
61.6066
61.6066
61.6066
61.6066
61.6066
61.6066
61.6066
61.6066
61.6066
61.6066
61.6066
61.6066
61.6066
61.6066
61.6066
61.6066
61.6066
61.6066
61.6066
61.6066
61.6066
61.6066
61.6066
61.6066
61.6066
61.6066
61.6066
61.6066
61.6066
61.6066
61.6066
61.6066
61.6066
61.6066
61.6066
61.6066
61.6066
61.6066
61.6026
61.5948
61.6026
61.6026
61.6066
61.6066
61.6066
61.6066
61.6066
61.6066
61.6066
61.6066
61.6066
61.6066
61.6066
61.6066
61.6066
61.6066
61.6066
61.6066
61.6066
61.6066
61.6066
61.6066
61.6066
61.6066
61.6066
61.6066
61.6066
61.6066
61.6066
61.6066
61.6066
61.6066
61.6066
61.6066
61.6066
61.6066
61.6066
61.6066
61.6066
61.6066
61.6066
61.6066
61.6066
61.6066
61.6066
61.6066
61.6066
61.6066
61.6066
61.6066
61.6066
61.6066
61.6066
61.6066
61.6066
61.6066
61.6066
61.6066
61.6066
61.6066
61.6066
61.6066
61.6066
61.6066
61.6066
61.6066
61.6066
61.6066
61.6066
61.6066
61.6066
61.6066
61.6066
61.6066
61.6066
61.6066
61.6066
61.6066
61.6066
61.6066
61.6066
61.6066
61.6066
61.6012
61.6066
61.6066
61.6066
61.6066
61.6066
61.6066
61.6066
61.6066
61.6066
61.6066
61.6039
61.5851
61.5315
61.3924
61.3401
61.3401
61.3401
61.3401
61.3401
61.3401
61.3401
61.3401
61.3401
61.3401
61.3401
61.3401
61.3401
61.3401
61.3401
61.3401
61.3401
61.3401
61.3401
61.3401
61.3401
61.3401
61.3401
61.3401
61.3401
61.3401
61.3401
61.3401
61.3401
61.3401
61.3401
61.3401
61.3401
61.3401
61.3401
61.3401
61.3401
61.3401
61.3401
61.3401
61.3401
61.3401
61.3401
61.3401
61.3401
61.3401
61.3401
61.3401
61.3401
61.3401
61.3401
61.3401
61.3401
61.3401
61.3401
61.3401
61.3401
61.3401
61.3401
61.3401
61.3401
61.3401
61.3401
61.3401
61.3401
61.3401
61.3401
61.3401
61.3401
61.3401
61.3401
61.3401
61.3401
61.3401
61.3401
61.3401
61.3401
61.3401
61.3401
61.3401
61.3401
61.3401
61.3401
61.3401
61.3401
61.3401
61.3401
61.3401
61.3401
61.3401
61.3401
61.3401
61.3401
61.3401
61.3401
61.3401
61.3401
61.3401
61.3401
61.3401
61.3401
61.3401
61.3401
61.3401
61.3401
61.3401
61.3401
61.3401
61.3401
61.3401
61.3401
61.3401
61.3401
61.3401
61.3401
61.3401
61.3401
61.3401
61.3401
61.3401
61.3401
61.3401
61.3401
61.3401
61.3401
61.3401
61.3401
61.3401
61.3401
61.3401
61.3401
61.3401
61.3401
61.3401
61.3401
61.3401
61.3401
61.3401
61.3401
61.3401
61.3401
61.3401
61.3401
61.3401
61.3401
61.3401
61.3401
61.3401
61.3401
61.3401
61.3401
61.3401
61.3401
61.3401
61.3401
61.3401
61.3401
61.3401
61.3401
61.3401
61.3401
61.3401
61.3401
61.3401
61.3401
61.3401
61.3401
61.3401
61.3401
61.3401
61.3401
61.3401
61.3401
61.3401
61.3401
61.3401
61.3401
61.3401
61.3401
61.3401
61.3401
61.3401
61.3401
61.3401
61.3401
61.3401
61.3401
61.3401
61.3401
61.3401
61.3401
61.3401
61.3401
61.3401
61.3401
61.3401
61.3401
61.3401
61.3401
61.3401
61.3401
61.3401
61.3401
61.3401
61.3401
61.3401
61.3401
61.3401
61.3401
61.3401
61.3401
61.3401
61.3401
61.3401
61.3401
61.3401
61.3401
61.3401
61.3401
61.3401
61.3358
61.3314
61.3271
61.3434
61.3227
61.3227
61.3401
61.3401
61.3401
61.3401
61.3401
61.3401
61.3401
61.3401
61.3401
61.3401
61.3401
61.3401
61.3401
61.3401
61.3401
61.3401
61.3401
61.3401
61.3401
61.3401
61.3401
61.3401
61.3401
61.3401
61.3401
61.3401
61.3401
61.3401
61.3401
61.3401
61.3401
61.3401
61.3401
61.3401
61.3401
61.3401
61.3401
61.3401
61.3401
61.3401
61.3401
61.3401
61.3401
61.3401
61.3401
61.3401
61.3401
61.3401
61.3401
61.3401
61.3401
61.3401
61.3401
61.3401
61.3401
61.3401
61.3401
61.3401
61.3401
61.3401
61.3401
61.3401
61.3401
61.3401
61.3401
61.3401
61.3401
61.3401
61.3401
61.3401
61.3401
61.3401
61.3401
61.3401
61.3401
61.3401
61.3401
61.3401
61.3401
61.3401
61.3401
61.3401
61.3401
61.3401
61.3401
61.3401
61.3401
61.3401
61.3401
61.3401
61.3401
61.3401
61.3401
61.3401
61.3401
61.3397
61.5953
61.3401
61.3401
61.3401
61.3401
61.3401
61.3401
61.3401
61.3401
61.3401
61.3401
61.3401
61.3401
61.3401
61.3401
61.3401
61.3401
61.3401
61.3401
61.3401
61.3401
61.3401
61.3401
61.3401
61.3401
61.3401
61.3401
61.3401
61.3401
61.3401
61.3401
61.3401
61.3401
61.3401
61.3401
61.3401
61.3401
61.3401
61.3401
61.3401
61.3401
61.3401
61.3401
61.3401
61.3401
61.3401
61.3401
61.3401
61.3401
61.3401
61.3401
61.3401
61.3401
61.3401
61.3401
61.3401
61.3401
61.3401
61.3401
61.3401
61.3401
61.3401
61.3401
61.3401
61.3401
61.3401
61.3401
61.3401
61.3401
61.3401
61.3401
61.3401
61.3401
61.3401
61.3401
61.3401
61.3401
61.3401
61.3401
61.3401
61.3401
61.3401
61.3401
61.3401
61.3401
61.3401
61.3401
61.3401
61.3401
61.3401
61.3401
61.3401
61.3401
61.3401
61.3401
61.3401
61.3401
61.3401
61.3401
61.3401
61.3401
61.3401
61.3401
61.3401
61.3401
61.3401
61.3401
61.3401
61.3401
61.3401
61.3401
61.3401
61.3401
61.3401
61.3401
61.3401
61.3401
61.3401
61.3401
61.3401
61.3401
61.3401
61.3401
61.3401
61.3401
61.3401
61.3401
61.3401
61.3401
61.3362
61.3362
61.3322
61.3362
61.3401
61.3401
61.3401
61.3401
61.3401
61.3401
61.3401
61.3401
61.3401
61.3401
61.3401
61.3401
61.3401
61.3401
61.3401
61.3401
61.3401
61.3401
61.3401
61.3397
61.3401
61.3401
61.3401
61.3401
61.3401
61.3401
61.3401
61.3401
61.3401
61.3401
61.3401
61.3401
61.3401
61.3401
61.3401
61.3401
61.3401
61.3401
61.3401
61.3401
61.3401
61.3401
61.3401
61.3401
61.3401
61.3401
61.3401
61.3401
61.3401
61.3401
61.3401
61.3401
61.3401
61.3401
61.3401
61.3401
61.3401
61.3401
61.3401
61.3401
61.3401
61.3401
61.3401
61.3401
61.3401
61.3401
61.3401
61.3401
61.3401
61.3401
61.3401
61.3401
61.3401
61.3401
61.3401
61.3401
61.3401
61.3401
61.3401
61.3401
61.3401
61.3401
61.3401
61.3401
61.3401
61.3401
61.3401
61.3401
61.3401
61.3401
61.3401
61.3401
61.3401
61.3401
61.3401
61.3401
61.3401
61.3401
61.3401
61.3401
61.3401
61.3401
61.3401
61.3401
61.3401
61.3401
61.3401
61.3401
61.3401
61.3401
61.3401
61.3401
61.3401
61.3401
61.3401
61.3401
61.3401
61.3401
61.3401
61.3401
61.3401
61.3401
61.3401
61.3401
61.3401
61.3401
61.3401
61.3401
61.3401
61.3401
61.3401
61.3401
61.3401
61.3401
61.3362
61.3401
61.3401
61.3362
61.3401
61.3401
61.3401
61.3401
61.3401
61.3401
61.3401
61.3401
61.3401
61.3401
61.3401
61.3401
61.3401
61.3401
61.3401
61.3401
61.3401
61.3401
61.3401
61.3401
61.3401
61.3401
61.3401
61.3401
61.3401
61.3401
61.3401
61.3401
61.3401
61.3401
61.3401
61.3362
61.3362
61.3401
61.3401
61.3401
61.3401
61.3401
61.3401
61.3401
61.3401
61.3401
61.3401
61.3401
61.3401
61.3401
61.3401
61.3401
61.3401
61.3401
61.3401
61.3401
61.3401
61.3401
61.3401
61.3401
61.3401
61.3401
61.3401
61.3401
61.3401
61.3401
61.3401
61.3698
61.3389
62.0554
61.3401
61.3401
61.3401
61.3401
61.3401
61.3401
61.3401
61.3401
61.3401
61.3397
61.3393
61.3393
61.3401
61.3401
61.3401
61.3401
61.3401
61.3401
61.3401
61.3401
61.3401
61.3401
61.3401
61.3362
61.3283
61.3401
61.3401
61.3401
61.3401
61.3401
61.3401
61.3401
61.3401
61.3401
61.3401
61.3401
61.3401
61.3687
61.3385
61.3373
61.3377
61.3377
61.3385
62.255
61.3393
61.3397
61.3389
61.3377
61.4083
61.3385
61.3401
61.3401
61.3401
61.3401
61.3401
61.3401
61.3401
61.3397
61.3393
61.3397
61.3401
61.3401
61.3401
61.3401
61.3401
61.3401
61.3401
61.3401
61.3401
61.3401
61.3401
61.3401
61.3401
61.3401
61.3401
61.3401
61.3401
61.3401
61.3401
61.3401
61.3401
61.3401
61.3401
61.3401
61.3401
61.3401
61.3401
61.3401
61.3401
61.3401
61.3401
61.3401
61.3401
61.3401
61.3401
61.3401
61.3401
61.3401
61.3401
61.3401
61.3401
61.3401
61.3401
61.3401
61.3401
61.3401
61.3401
61.3401
61.3401
61.3401
61.3401
61.3401
61.3401
61.3401
61.3401
61.3401
61.3401
61.3401
61.3401
61.3401
61.3401
61.3401
61.3401
61.3401
61.3401
61.3401
61.3401
61.3401
61.3401
61.3401
61.3401
61.3401
61.3401
61.3401
61.3401
61.3401
61.3401
61.3381
61.3829
64.9506
73.9742
62.9302
61.3198
61.3198
61.3198
61.3198
61.3198
61.3198
61.3198
61.3198
61.3198
61.3198
61.3198
61.3198
61.3198
61.3198
61.3198
61.3198
61.3198
61.3198
61.3198
61.3198
61.3198
61.3198
61.3198
61.3198
61.3198
61.3198
61.3198
61.3198
61.3198
61.3198
61.3198
61.3198
61.3198
61.3198
61.3198
61.3198
61.3198
61.3198
61.3198
61.3198
61.3198
61.3198
61.3198
61.3198
61.3198
61.3198
61.3198
61.3198
61.3198
61.3198
61.3198
61.3198
61.3198
61.3198
61.3198
61.3198
61.3198
61.3198
61.3198
61.3198
61.3198
61.3198
61.3198
61.3198
61.3198
61.3198
61.3198
61.3198
61.3198
61.3198
61.3198
61.3198
61.3198
61.3198
61.3198
61.3198
61.3198
61.3198
61.3198
61.3198
61.3198
61.3198
61.3198
61.3198
61.3198
61.3198
61.3198
61.3198
61.3198
61.3198
61.3198
61.3198
61.3198
61.3198
61.3198
61.3198
61.3198
61.3198
61.3198
61.3198
61.3198
61.3198
61.3198
61.3198
61.3198
61.3198
61.3198
61.3198
61.3198
61.3198
61.3198
61.3198
61.3198
61.3198
61.3198
61.3198
61.3198
61.3198
61.3198
61.3198
61.3198
61.3198
61.3198
61.3198
61.3198
61.3198
61.3198
61.3198
61.3198
61.3198
61.3198
61.3198
61.3198
61.3198
61.3198
61.3198
61.3198
61.3198
61.3198
61.3198
61.3198
61.3198
61.3198
61.3198
61.3198
61.3198
61.3198
61.3198
61.3198
61.3198
61.3198
61.3198
61.3198
61.3198
61.3198
61.3198
61.3198
61.3198
61.3198
61.3198
61.3198
61.3198
61.3198
61.3198
61.3198
61.3198
61.3198
61.3198
61.3198
61.3198
61.3198
61.3198
61.3159
61.3198
61.3198
61.3198
61.3198
61.3198
61.3198
61.3198
61.3198
61.3198
61.3198
61.3198
61.3198
61.3198
61.3198
61.3198
61.3198
61.3198
61.3198
61.3198
61.3198
61.3198
61.3198
61.3198
61.3198
61.3198
61.3198
61.3198
61.3198
61.3198
61.3198
61.3198
61.3198
61.3198
61.3198
61.3198
61.3198
61.3198
61.3198
61.3198
61.3198
61.3198
61.3198
61.3198
61.3198
61.3198
61.3198
61.3198
61.3198
61.3198
61.3198
61.3198
61.3198
61.3198
61.3198
61.3198
61.3198
61.3198
61.3198
61.3198
61.3198
61.3198
61.3198
61.3198
61.3198
61.3198
61.3198
61.3198
61.3198
61.3198
61.3198
61.3198
61.3198
61.3198
61.3198
61.3198
61.3198
61.3198
61.3198
61.3198
61.3198
61.3198
61.3198
61.3198
61.3198
61.3198
61.3198
61.3198
61.3198
61.3198
61.3198
61.3198
61.3198
61.3198
61.3198
61.3198
61.3198
61.3198
61.3198
61.3198
61.3198
61.3198
61.3198
61.3198
61.3198
61.3198
61.3198
61.3198
61.3198
61.3198
61.3198
61.3198
61.3198
61.3198
61.3198
61.3198
61.3198
61.3198
61.3198
61.3198
61.3198
61.3198
61.3198
61.3198
61.3198
61.3198
61.3198
61.3198
61.3198
61.3198
61.3198
61.3198
61.3198
61.3198
61.3198
61.3198
61.3198
61.3198
61.3198
61.3198
61.3198
61.3198
61.3198
61.3198
61.3198
61.3198
61.3198
61.3198
61.3198
61.3198
61.3159
61.3198
61.3198
61.3198
61.3198
61.3198
61.3198
61.3198
61.3198
61.3198
61.3198
61.3198
61.3198
61.3115
61.3032
61.2865
61.2865
61.2283
61.22
76.1453
66.4872
62.8138
61.2949
61.3032
61.3198
61.3198
61.3198
61.3198
61.3198
61.3198
61.3198
61.3198
61.3198
61.2865
61.6753
62.3338
61.3198
61.3198
61.3198
61.3198
61.3198
61.3198
61.3198
61.3198
61.3198
61.3198
61.3198
61.3198
61.3198
61.3198
61.3198
61.3198
61.3198
61.3115
61.3198
61.3198
61.3198
61.3198
61.3198
61.3198
61.3198
61.3198
61.3198
61.3198
61.3198
61.3198
61.3198
61.3198
61.3198
61.3198
61.3198
61.3198
61.3198
61.3198
61.3198
61.3198
61.3198
61.3198
61.3198
61.3198
61.3198
61.3198
61.3198
61.3198
61.3198
61.3198
61.3198
61.3198
61.3198
61.3198
61.3198
61.3198
61.3198
61.3115
61.3198
61.3198
61.3198
61.3198
61.3198
61.3198
61.3198
61.3198
61.3198
61.3198
61.3198
61.3198
61.3198
61.3198
61.3198
61.3198
61.3198
61.3198
61.3198
61.3198
61.3198
61.3198
61.3198
61.3159
61.3159
61.308
61.308
61.2923
61.2687
61.8275
66.3825
61.198
61.1233
61.1233
61.1233
61.1233
61.1233
61.1233
61.1233
61.1101
61.0926
61.0487
60.9302
60.9039
60.9039
60.9039
60.9039
60.9039
60.9039
60.9039
60.9039
60.9039
60.9039
60.9039
60.9039
60.9039
60.9039
60.9039
60.9039
60.9039
60.9039
60.9039
60.9039
60.9039
60.9039
60.9039
60.9039
60.9039
60.9039
60.9039
60.9039
60.9039
60.9039
60.9039
60.9039
60.9039
60.9039
60.9039
60.9039
60.9039
60.9039
60.9039
60.9039
60.9039
60.9039
60.9039
60.9039
60.9039
60.9039
60.9039
60.9039
60.9039
60.9039
60.9039
60.9039
60.9039
60.9039
60.9039
60.9039
60.9039
60.9039
60.9039
60.9039
60.9039
60.9039
60.9039
60.9039
60.9039
60.9039
60.9039
60.9039
60.9039
60.9039
60.9039
60.9039
60.9039
60.9039
60.9039
60.9039
60.9039
60.9039
60.9039
60.9039
60.9039
60.9039
60.9039
60.9039
60.9039
60.9039
60.9039
60.9039
60.9039
60.9039
60.9039
60.9039
60.9039
60.9039
60.9039
60.9039
60.9039
60.9039
60.9039
60.9039
60.9039
60.9039
60.9039
60.9039
60.9039
60.9039
60.9039
60.9039
60.9039
60.9039
60.9039
60.9039
60.9039
60.9039
60.9039
60.9039
60.9039
60.9039
60.9039
60.9039
60.9039
60.9039
60.9039
60.9039
60.9039
60.9039
60.9039
60.9039
60.9039
60.9039
60.9039
60.9039
60.9039
60.9039
60.9039
60.9039
60.9039
60.9039
60.9039
60.9039
60.9039
60.9039
60.9039
60.9039
60.9039
60.9039
60.9039
60.9039
60.9039
60.9039
60.9039
60.9039
60.9039
60.9039
60.9039
60.9039
60.9039
60.9039
60.9039
60.9039
60.9039
60.9039
60.9039
60.9039
60.9039
60.9039
60.9039
60.9039
60.9039
60.9039
60.9039
60.9039
60.9039
60.9039
60.9039
60.9039
60.9039
60.9039
60.9039
60.9039
60.9039
60.9039
60.9039
60.9039
60.9039
60.9039
60.9039
60.9039
60.9039
60.9039
60.9039
60.9039
60.9039
60.9039
60.9039
60.9039
60.9039
60.9039
60.9039
60.9039
60.9039
60.9039
60.9039
60.9039
60.9039
60.9039
60.9039
60.9039
60.9039
60.9039
60.9039
60.9039
60.9039
60.9039
60.9039
60.9039
60.9039
60.9039
60.9039
60.9039
60.9039
60.9039
60.9039
60.9039
60.9039
60.9039
60.9039
60.9039
60.9039
60.9039
60.9039
60.9039
60.9039
60.9039
60.9039
60.9039
60.8749
60.8266
60.7009
60.6623
60.6623
60.6623
60.6623
60.6623
60.6623
60.6623
60.6623
60.6623
60.6623
60.6623
60.6623
60.6623
60.6623
60.6623
60.6623
60.6623
60.6623
60.6623
60.6623
60.6623
60.6623
60.6623
60.6623
60.6623
60.6623
60.6623
60.6623
60.6623
60.6623
60.6623
60.6623
60.6623
60.6623
60.6623
60.6623
60.6623
60.6623
60.6623
60.6623
60.6623
60.6623
60.6623
60.6623
60.6623
60.6623
60.6623
60.6623
60.6623
60.6623
60.6623
60.6623
60.6623
60.6623
60.6623
60.6623
60.6623
60.6623
60.6623
60.6623
60.6623
60.6623
60.6623
60.6623
60.6623
60.6623
60.6623
60.6623
60.6623
60.6623
60.6623
60.6623
60.6623
60.6623
60.6623
60.6623
60.6623
60.6623
60.6623
60.6623
60.6623
60.6623
60.6623
60.6623
60.6623
60.6623
60.6623
60.6623
60.6623
60.6623
60.6623
60.6623
60.6623
60.6623
60.6623
60.6623
60.6623
60.6623
60.6623
60.6623
60.6623
60.6623
60.6623
60.6623
60.6623
60.6623
60.6623
60.6623
60.6623
60.6623
60.6623
60.6623
60.6623
60.6623
60.6623
60.6623
60.6623
60.6623
60.6623
60.6623
60.6623
60.6623
60.6623
60.6623
60.6623
60.6623
60.6623
60.6623
60.6623
60.6623
60.6623
60.6623
60.6623
60.6623
60.6623
60.6623
60.6623
60.6623
60.6623
60.6623
60.6623
60.6623
60.6623
60.6623
60.6623
60.6623
60.6623
60.6623
60.6623
60.6623
60.6623
60.6623
60.6623
60.6623
60.6623
60.6623
60.6623
60.6623
60.6623
60.6623
60.6623
60.6623
60.6623
60.6623
60.6623
60.6623
60.6623
60.6623
60.6623
60.6623
60.6623
60.6623
60.6623
60.6623
60.6623
60.6623
60.6623
60.6623
60.6623
60.6623
60.6623
60.6623
60.6623
60.6623
60.6623
60.6623
60.6623
60.6623
60.6623
60.6623
60.6623
60.6623
60.6623
60.6623
60.6623
60.6623
60.6623
60.6623
60.6623
60.6623
60.6623
60.6623
60.6623
60.6623
60.6623
60.6623
60.6623
60.6623
60.6623
60.6623
60.6623
60.6623
60.6623
60.6623
60.6623
60.6623
60.6623
60.6623
60.6623
60.6623
60.6623
60.6623
60.6623
60.6623
60.6623
60.6623
60.6623
60.6623
60.6623
60.6623
60.6623
60.6623
60.6623
60.6623
60.6623
60.6623
60.6623
60.6623
60.6623
60.6623
60.6623
60.6623
60.6623
60.6623
60.6623
60.6623
60.6623
60.6623
60.6623
60.6623
60.6623
60.6623
60.6623
60.6623
60.6623
60.6623
60.6623
60.6623
60.6623
60.6623
60.6623
60.6623
60.6623
60.6623
60.6623
60.6623
60.6623
60.6623
60.6623
60.6623
60.6623
60.6623
60.6623
60.6623
60.6623
60.6623
60.6623
60.6623
60.6623
60.6623
60.6623
60.6623
60.6623
60.6623
60.6623
60.6623
60.6623
60.6623
60.6623
60.6623
60.6623
60.6623
60.6623
60.6623
60.6623
60.6623
60.6623
60.6623
60.6623
60.6623
60.6623
60.6623
60.6623
60.6623
60.6623
60.6623
60.6623
60.6623
60.6623
60.6623
60.6623
60.6623
60.6623
60.6623
60.6623
60.6623
60.6623
60.6623
60.6623
60.6623
60.6623
60.6623
60.6623
60.6623
60.6623
60.6623
60.6623
60.6623
60.6623
60.6623
60.6623
60.6623
60.6623
60.6623
60.6623
60.6623
60.6623
60.6623
60.6623
60.6623
60.6623
60.6623
60.6623
60.6623
60.6623
60.6623
60.6623
60.6623
60.6623
60.6623
60.6623
60.6623
60.6623
60.6623
60.6623
60.6623
60.6623
60.6623
60.6623
60.6623
60.6623
60.6623
60.6623
60.6623
60.6623
60.6623
60.6623
60.6623
60.6623
60.6623
60.6623
60.6623
60.6623
60.6623
60.6623
60.6623
60.6623
60.6623
60.6623
60.6623
60.6623
60.6623
60.6623
60.6623
60.6623
60.6623
60.6623
60.6623
60.6623
60.6623
60.6623
60.6623
60.6623
60.6623
60.6623
60.6623
60.6623
60.6623
60.6623
60.6623
60.6623
60.6623
60.6623
60.6623
60.6623
60.6623
60.6623
60.6623
60.6623
60.6623
60.6623
60.6623
60.6623
60.6623
60.6623
60.6623
60.6623
60.6623
60.6623
60.6623
60.6623
60.6623
60.6623
60.6623
60.6623
60.6623
60.6623
60.6623
60.6623
60.6623
60.6623
60.6623
60.6623
60.6623
60.6623
60.6623
60.6623
60.6623
60.6623
60.6623
60.6623
60.6623
60.6623
60.6623
60.6623
60.6623
60.6623
60.6623
60.6623
60.6623
60.6623
60.6623
60.6623
60.6623
60.6623
60.6623
60.6623
60.6623
60.6623
60.6623
60.6623
60.6623
60.6623
60.6623
60.6623
60.6623
60.6623
60.6623
60.6623
60.6623
60.6623
60.6623
60.6623
60.6623
60.6623
60.6623
60.6623
60.6623
60.6623
60.6623
60.6623
60.6623
60.6623
60.6623
60.6623
60.6623
60.6623
60.6623
60.6623
60.6623
60.6623
60.6623
60.6623
60.6623
60.6623
60.6623
60.6623
60.6623
60.6623
60.6623
60.6623
60.6623
60.6623
60.6623
60.6623
60.6623
60.6623
60.6623
60.6623
60.6623
60.6623
60.6623
60.6623
60.6623
60.6623
60.6623
60.6623
60.6623
60.6623
60.6623
60.6623
60.6623
60.6623
60.6623
60.6623
60.6623
60.6623
60.6623
60.6623
60.6623
60.6623
60.6623
60.6623
60.6623
60.6623
60.6623
60.6623
60.6623
60.6623
60.6623
60.6623
60.6623
60.6623
60.6623
60.6623
60.6623
60.6623
60.6623
60.6623
60.6623
60.6623
60.6623
60.6623
60.6623
60.6623
60.6623
60.6623
60.6623
60.6623
60.6623
60.6623
60.6623
60.6623
60.6623
60.6623
60.6623
60.6623
60.6623
60.6623
60.6623
60.6623
60.6623
60.6623
60.6623
60.6623
60.6623
60.6623
60.6623
60.6623
60.6623
60.6623
60.6623
60.6623
60.6623
60.6623
60.6623
60.6623
60.6623
60.6623
60.6623
60.6623
60.6623
60.6623
60.6623
60.6623
60.6623
60.6623
60.6623
60.6623
60.6623
60.6623
60.6623
60.6623
60.6623
60.6623
60.6623
60.6623
60.6623
60.6623
60.6623
60.6623
60.6623
60.6623
60.6623
60.6623
60.6623
60.6623
60.6623
60.6623
60.6623
60.6623
60.6623
60.6623
60.6623
60.6623
60.6623
60.6623
60.6623
60.6623
60.6623
60.6623
60.6623
60.6623
60.6623
60.6623
60.6623
60.6623
60.6623
60.6623
60.6623
60.6623
60.6623
60.6623
60.6623
60.6623
60.6623
60.6623
60.6623
60.6623
60.6623
60.6623
60.6623
60.6623
60.6623
60.6623
60.6623
60.6623
60.6623
60.6623
60.6623
60.6623
60.6623
60.6623
60.6623
60.6623
60.6623
60.6623
60.6623
60.6623
60.6623
60.6623
60.6623
60.6623
60.6623
60.6623
60.6623
60.6623
60.6623
60.6623
60.6623
60.6623
60.6623
60.6623
60.6623
60.6623
60.6623
60.6623
60.6623
60.6623
60.6623
60.6623
60.6623
60.6623
60.6623
60.6623
60.6623
60.6623
60.6623
60.6623
60.6623
60.6623
60.6623
60.6623
60.6623
60.6623
60.6623
60.6623
60.6623
60.6623
60.6623
60.6623
60.6623
60.6623
60.6623
60.6623
60.6623
60.6623
60.6623
60.6623
60.6623
60.6623
60.6623
60.6623
60.6623
60.6623
60.6623
60.6623
60.6623
60.6623
60.6623
60.6623
60.6623
60.6623
60.6623
60.6623
60.6623
60.6623
60.6623
60.6623
60.6623
60.6623
60.6623
60.6623
60.6623
60.6623
60.6623
60.6623
60.6623
60.6623
60.6623
60.6623
60.6623
60.6623
60.6623
60.6623
60.6623
60.6623
60.6623
60.6623
60.6623
60.6623
60.6623
60.6623
60.6623
60.6623
60.6623
60.6623
60.6623
60.6623
60.6623
60.6623
60.6623
60.6623
60.6623
60.6623
60.6623
60.6623
60.6623
60.6623
60.6623
60.6623
60.6623
60.6623
60.6623
60.6623
60.6623
60.6623
60.6623
60.6623
60.6623
60.6623
60.6623
60.6623
60.6623
60.6623
60.6623
60.6623
60.6623
60.6623
60.6623
60.6623
60.6623
60.6623
60.6623
60.6623
60.6623
60.6623
60.6623
60.6623
60.6623
60.6623
60.6623
60.6623
60.6623
60.6623
60.6623
60.6623
60.6623
60.6623
60.6623
60.6623
60.6623
60.6623
60.6623
60.6623
60.6623
60.6623
60.6623
60.6623
60.6623
60.6623
60.6623
60.6623
60.6623
60.6623
60.6623
60.6623
60.6623
60.6623
60.6623
60.6623
60.6623
60.6623
60.6623
60.6623
60.6623
60.6623
60.6623
60.6623
60.6623
60.6623
60.6623
60.6623
60.6623
60.6623
60.6623
60.6623
60.6623
60.6623
60.6623
60.6623
60.6623
60.6623
60.6623
60.6623
60.6623
60.6623
60.6623
60.6623
60.6623
60.6623
60.6623
60.6623
60.6623
60.6623
60.6623
60.6623
60.6623
60.6623
60.6623
60.6623
60.6623
60.6623
60.6623
60.6623
60.6623
60.6623
60.6623
60.6623
60.6623
60.6623
60.6623
60.6623
60.6623
60.6623
60.6623
60.6623
60.6623
60.6623
60.6623
60.6623
60.6623
60.6623
60.6623
60.6623
60.6623
60.6623
60.6623
60.6623
60.6623
60.6623
60.6623
60.6623
60.6623
60.6623
60.6623
60.6623
60.6623
60.6623
60.6623
60.6623
60.6623
60.6623
60.6623
60.6623
60.6623
60.6623
60.6623
60.6623
60.6623
60.6623
60.6623
60.6623
60.6623
60.6623
60.6623
60.6623
60.6623
60.6623
60.6623
60.6623
60.6623
60.6623
60.6623
60.6623
60.6623
60.6623
60.6623
60.6623
60.6623
60.6623
60.6623
60.6623
60.6623
60.6623
60.6623
60.6623
60.6623
60.6623
60.6623
60.6623
60.6623
60.6623
60.6623
60.6623
60.6623
60.6623
60.6623
60.6623
60.6623
60.6623
60.6623
60.6623
60.6623
60.6623
60.6623
60.6623
60.6623
60.6623
60.6623
60.6623
60.6623
60.6623
60.6623
60.6623
60.6623
60.6623
60.6623
60.6623
60.6623
60.6623
60.6623
60.6623
60.6623
60.6623
60.6623
60.6623
60.6623
60.6623
60.6623
60.6623
60.6623
60.6623
60.6623
60.6623
60.6623
60.6623
60.6623
60.6623
60.6623
60.6623
60.6623
60.6623
60.6623
60.6623
60.6623
60.6623
60.6623
60.6623
60.6623
60.6623
60.6623
60.6623
60.6623
60.6623
60.6623
60.6623
60.6623
60.6623
60.6623
60.6623
60.6623
60.6623
60.6623
60.6623
60.6623
60.6623
60.6623
60.6623
60.6623
60.6623
60.6623
60.6623
60.6623
60.6623
60.6623
60.6623
60.6623
60.6623
60.6623
60.6623
60.6623
60.6623
60.6623
60.6623
60.6623
60.6623
60.6623
60.6623
60.6623
60.6623
60.6623
60.6623
60.6623
60.6623
60.6623
60.6623
60.6623
60.6623
60.6623
60.6623
60.6623
60.6623
60.6623
60.6623
60.6623
60.6623
60.6623
60.6623
60.6623
60.6623
60.6623
60.6623
60.6623
60.6623
60.6623
60.6623
60.6623
60.6623
60.6623
60.6623
60.6623
60.6623
60.6623
60.6623
60.6623
60.6623
60.6623
60.6623
60.6623
60.6623
60.6623
60.6623
60.6623
60.6623
60.6623
60.6623
60.6623
60.6623
60.6623
60.6623
60.6623
60.6623
60.6623
60.6623
60.6623
60.6623
60.6623
60.6623
60.6623
60.6623
60.6623
60.6623
60.6623
60.6623
60.6623
60.6623
60.6623
60.6623
60.6623
60.6623
60.6623
60.6623
60.6623
60.6623
60.6623
60.6623
60.6623
60.6623
60.6623
60.6623
60.6623
60.6623
60.6623
60.6623
60.6623
60.6623
60.6623
60.6623
60.6623
60.6623
60.6623
60.6623
60.6623
60.6623
60.6623
60.6623
60.6623
60.6623
60.6623
60.6623
60.6623
60.6623
60.6623
60.6623
60.6623
60.6623
60.6623
60.6623
60.6623
60.6623
60.6623
60.6623
60.6623
60.6623
60.6623
60.6623
60.6623
60.6623
60.6623
60.6623
60.6623
60.6623
60.6623
60.6623
60.6623
60.6623
60.6623
60.6623
60.6623
60.6623
60.6623
60.6623
60.6623
60.6623
60.6623
60.6623
60.6623
60.6623
60.6623
60.6623
60.6623
60.6623
60.6623
60.6623
60.6623
60.6623
60.6623
60.6623
60.6623
60.6623
60.6623
60.6623
60.6623
60.6623
60.6623
60.6623
60.6623
60.6623
60.6623
60.6623
60.6623
60.6623
60.6623
60.6623
60.6623
60.6623
60.6623
60.6623
60.6623
60.6623
60.6623
60.6623
60.6623
60.6623
60.6623
60.6623
60.6623
60.6623
60.6623
60.6623
60.6623
60.6623
60.6623
60.6623
60.6623
60.6623
60.6623
60.6623
60.6623
60.6623
60.6623
60.6623
60.6623
60.6623
60.6623
60.6623
60.6623
60.6623
60.6623
60.6623
60.6623
60.6623
60.6623
60.6623
60.6623
60.6623
60.6623
60.6623
60.6623
60.6623
60.6623
60.6623
60.6623
60.6623
60.6623
60.6623
60.6623
60.6623
60.6623
60.6623
60.6623
60.6623
60.6623
60.6623
60.6623
60.6623
60.6623
60.6623
60.6623
60.6623
60.6623
60.6623
60.6623
60.6623
60.6623
60.6623
60.6623
60.6623
60.6623
60.6623
60.6623
60.6623
60.6623
60.6623
60.6623
60.6623
60.6623
60.6623
60.6623
60.6623
60.6623
60.6623
60.6623
60.6623
60.6623
60.6623
60.6623
60.6623
60.6623
60.6623
60.6623
60.6623
60.6623
60.6623
60.6623
60.6623
60.6623
60.6623
60.6623
60.6623
60.6623
60.6623
60.6623
60.6623
60.6623
60.6623
60.6623
60.6623
60.6623
60.6623
60.6623
60.6623
60.6623
60.6623
60.6623
60.6623
60.6623
60.6623
60.6623
60.6623
60.6623
60.6623
60.6623
60.6623
60.6623
60.6623
60.6623
60.6623
60.6623
60.6623
60.6623
60.6623
60.6623
60.6623
60.6623
60.6623
60.6623
60.6623
60.6623
60.6623
60.6623
60.6623
60.6623
60.6623
60.6623
60.6623
60.6623
60.6623
60.6623
60.6623
60.6623
60.6623
60.6623
60.6623
60.6623
60.6623
60.6623
60.6623
60.6623
60.6623
60.6623
60.6623
60.6623
60.6623
60.6623
60.6623
60.6623
60.6623
60.6623
60.6623
60.6623
60.6623
60.6623
60.6623
60.6623
60.6623
60.6623
60.6623
60.6623
60.6623
60.6623
60.6623
60.6623
60.6623
60.6623
60.6623
60.6623
60.6623
60.6623
60.6623
60.6623
60.6623
60.6623
60.6623
60.6623
60.6623
60.6623
60.6623
60.6623
60.6623
60.6623
60.6623
60.6623
60.6623
60.6623
60.6623
60.6623
60.6623
60.6623
60.6614
60.6605
60.6541
60.6405
60.6169
60.6169
60.6169
60.6169
60.87
60.6169
60.6169
60.6169
60.6169
60.6169
60.6169
60.6169
60.6169
60.6169
60.6169
60.6169
60.6169
60.6169
60.6169
60.6169
60.6169
60.6169
60.6169
60.6169
60.6169
60.6169
60.6169
60.6169
60.6169
60.6169
60.6169
60.6169
60.6169
60.6169
60.6169
60.6169
60.6169
60.6169
60.6169
60.6169
60.6169
60.6169
60.6169
60.6169
60.6169
60.6169
60.6169
60.6169
60.6169
60.6169
60.6169
60.6169
60.6169
60.6169
60.6169
60.6169
60.6169
60.6169
60.6169
60.6169
60.6169
60.6169
60.6169
60.6169
60.6169
60.6169
60.6169
60.6169
60.6169
60.6169
60.6169
60.6169
60.6169
60.6169
60.6169
60.6169
60.6169
60.6169
60.6169
60.6169
60.6169
60.6169
60.6169
60.6169
60.6169
60.6169
60.6169
60.6169
60.6169
60.6169
60.6169
60.6169
60.6169
60.6169
60.6169
60.6169
60.6169
60.6169
60.6169
60.6169
60.6169
60.6169
60.6169
60.6169
60.6169
60.6169
60.6169
60.6169
60.6169
60.6169
60.6169
60.6169
60.6169
60.6169
60.6169
60.6169
60.6169
60.6169
60.6169
60.6169
60.6169
60.6169
60.6169
60.6169
60.6169
60.6169
60.6169
60.6169
60.6169
60.6169
60.6169
60.6169
60.6169
60.6169
60.6169
60.6169
60.6169
60.6169
60.6169
60.6169
60.6169
60.6169
60.6169
60.6169
60.6169
60.6169
60.6169
60.6169
60.6169
60.6169
60.6169
60.6169
60.6169
60.6169
60.6169
60.6169
60.6169
60.6169
60.6169
60.6169
60.6169
60.6169
60.6169
60.6169
60.6169
60.6169
60.6169
60.6169
60.6169
60.6169
60.6169
60.6169
60.6169
60.5841
60.4965
60.3433
60.3433
60.3433
60.3433
60.3433
60.3433
60.3433
60.3433
60.3433
60.3433
60.3433
60.3433
60.3433
60.3433
60.3433
60.3433
60.3433
60.3433
60.3433
60.3433
60.3433
60.3433
60.3433
60.3433
60.3433
60.3433
60.3433
60.3433
60.3433
60.3433
60.3433
60.3433
60.3433
60.3433
60.3433
60.3433
60.3433
60.3433
60.3433
60.3433
60.3433
60.3433
60.3433
60.3433
60.3433
60.3433
60.3433
60.3433
60.3433
60.3433
60.3433
60.3433
60.3433
60.3433
60.3433
60.3433
60.3433
60.3433
60.3433
60.3433
60.3433
60.3433
60.3433
60.3433
60.3433
60.3433
60.3433
60.3433
60.3433
60.3433
60.3433
60.3433
60.3433
60.3433
60.3433
60.3433
60.3433
60.3433
60.3433
60.3433
60.3433
60.3433
60.3433
60.3433
60.3433
60.3433
60.3433
60.3433
60.3433
60.3433
60.3433
60.3433
60.3433
60.3433
60.3433
60.3433
60.3433
60.3433
60.3433
60.3433
60.3433
60.3433
60.3433
60.3433
60.3433
60.3433
60.3433
60.3433
60.3433
60.3433
60.3433
60.3433
60.3433
60.3433
60.3433
60.3433
60.3433
60.3433
60.3433
60.3433
60.3433
60.3433
60.3433
60.3433
60.3433
60.3433
60.3433
60.3433
60.3433
60.3433
60.3433
60.3433
60.3433
60.3433
60.3433
60.3433
60.3433
60.3433
60.3433
60.3433
60.3433
60.3433
60.3433
60.3433
60.3433
60.3433
60.3433
60.3433
60.3433
60.3433
60.3433
60.3433
60.3433
60.3433
60.3433
60.3433
60.3433
60.3433
60.3433
60.3433
60.3433
60.3433
60.3433
60.3433
60.3433
60.3433
60.3433
60.3433
60.3433
60.3433
60.3433
60.3433
60.3433
60.3433
60.3433
60.3433
60.3433
60.3433
60.3433
60.3433
60.3433
60.3433
60.3433
60.3433
60.3433
60.3433
60.3433
60.3433
60.3433
60.3433
60.3433
60.3433
60.3433
60.3433
60.3433
60.3433
60.3433
60.3433
60.3433
60.3433
60.3433
60.3433
60.3433
60.3433
60.3433
60.3433
60.3433
60.3433
60.3433
60.3433
60.3433
60.3433
60.3433
60.3433
60.3433
60.3433
60.3433
60.3433
60.3433
60.3433
60.3433
60.3433
60.3433
60.3433
60.3433
60.3433
60.3433
60.3433
60.3433
60.3433
60.3433
60.3433
60.3433
60.3433
60.3433
60.3324
60.3106
60.3433
60.3433
60.3433
60.3433
60.3433
60.3433
60.3433
60.3433
60.3433
60.3433
60.3433
60.3433
60.3433
60.3433
60.3433
60.3433
60.3433
60.3433
60.3433
60.3433
60.3433
60.3433
60.3433
60.3433
60.3433
60.3433
60.3433
60.3433
60.3433
60.3433
60.3433
60.3433
60.3433
60.3433
60.3433
60.3433
60.3433
60.3433
60.3433
60.3433
60.3433
60.3433
60.3433
60.3433
60.3433
60.3433
60.3433
60.3433
60.3433
60.3433
60.3433
60.4434
60.3433
60.3433
60.3433
60.3433
60.3433
60.3433
60.3433
60.3433
60.3433
60.3433
60.3433
60.3433
60.3433
60.3433
60.3433
60.3433
60.3433
60.3433
60.3433
60.3433
60.3433
60.3433
60.3433
60.3433
60.3433
60.3433
60.3433
60.3433
60.3433
60.3433
60.3433
60.3433
60.3433
60.3433
60.3433
60.3433
60.3433
60.3433
60.3433
60.3433
60.3433
60.3433
60.3433
60.3433
60.3433
60.3433
60.3433
60.3433
60.3433
60.3433
60.3433
60.3433
60.3433
60.3433
60.3433
60.3433
60.3433
60.3433
60.3433
60.3433
60.3433
60.3433
60.3433
60.3433
60.3433
60.3433
60.3433
60.3433
60.3433
60.3433
60.3433
60.3433
60.3433
60.3433
60.3433
60.3433
60.3433
60.3433
60.3433
60.3433
60.3433
60.3433
60.3433
60.3433
60.3433
60.3433
60.3433
60.3433
60.3433
60.3433
60.3433
60.3433
60.3433
60.3433
60.3433
60.3433
60.3433
60.3433
60.3433
60.3433
60.3433
60.3433
60.3433
60.3433
60.3433
60.3433
60.3433
60.3433
60.3433
60.3433
60.3433
60.3433
60.3433
60.3433
60.3433
60.3433
60.3433
60.3433
60.3433
60.3433
60.3433
60.3433
60.3433
60.3433
60.3433
60.3433
60.3433
60.3433
60.3433
60.3433
60.3433
60.3433
60.3433
60.3433
60.3433
60.3433
60.3433
60.3433
60.3433
60.3433
60.3433
60.3433
60.3433
60.3433
60.3433
60.3433
60.3433
60.3433
60.3433
60.3433
60.3433
60.3433
60.3433
60.3433
60.3433
60.3433
60.3433
60.3433
60.3433
60.3433
60.3433
60.3433
60.3433
60.3433
60.3433
60.3433
60.3433
60.3433
60.3433
60.3433
60.3433
60.3433
60.3433
60.3433
60.3433
60.3433
60.3433
60.3433
60.3433
60.3433
60.3433
60.3433
60.3433
60.3433
60.3433
60.3433
60.3433
60.3433
60.3433
60.3433
60.3433
60.3433
60.3433
60.3433
60.3433
60.3433
60.3433
60.3433
60.3433
60.3433
60.3433
60.3433
60.3433
60.3433
60.3433
60.3433
60.3433
60.3433
60.3433
60.3433
60.3433
60.3433
60.3433
60.3433
60.3433
60.3433
60.3433
60.3433
60.3433
60.3433
60.3433
60.3433
60.3433
60.3433
60.3433
60.3433
60.3433
60.3433
60.3433
60.3433
60.3433
60.3433
60.3433
60.3433
60.3433
60.3433
60.3433
60.3433
60.3433
60.3433
60.3433
60.3433
60.3433
60.3433
60.3433
60.3433
60.3433
60.3433
60.3433
60.3433
60.3433
60.3433
60.3433
60.3433
60.3433
60.3433
60.3433
60.3433
60.3433
60.3433
60.3433
60.3433
60.3433
60.3433
60.3433
60.3433
60.3433
60.3433
60.3433
60.3433
60.3433
60.3433
60.3433
60.3433
60.3433
60.3433
60.3433
60.3433
60.3433
60.3433
60.3433
60.3433
60.3433
60.3433
60.3433
60.3433
60.3433
60.3433
60.3433
60.3433
60.3433
60.3433
60.3433
60.3433
60.3433
60.3433
60.3433
60.3433
60.3433
60.3433
60.3433
60.3433
60.3433
60.3433
60.3433
60.3433
60.3433
60.3433
60.3433
60.3433
60.3433
60.3433
60.3433
60.3433
60.3433
60.3433
60.3433
60.3433
60.3433
60.3433
60.3433
60.3433
60.3433
60.3433
60.3433
60.3433
60.3433
60.3433
60.3433
60.3433
60.3433
60.3433
60.3433
60.3433
60.3433
60.3433
60.3433
60.3433
60.3433
60.3433
60.3433
60.3433
60.3433
60.3433
60.3433
60.3433
60.3433
60.3433
60.3433
60.3433
60.3433
60.3433
60.3433
60.3433
60.3433
60.3433
60.3433
60.3433
60.3433
60.3433
60.3433
60.3433
60.3433
60.3433
60.3433
60.3433
60.3433
60.3433
60.3433
60.3433
60.3433
60.3433
60.3433
60.3433
60.3433
60.3433
60.3433
60.3433
60.3433
60.3433
60.3433
60.3433
60.3433
60.3433
60.3433
60.3433
60.3433
60.3433
60.3433
60.3433
60.3433
60.3433
60.3433
60.3433
60.3433
60.3433
60.3433
60.3433
60.3433
60.3433
60.3433
60.3433
60.3433
60.3433
60.3433
60.3433
60.3433
60.3433
60.3433
60.3433
60.3433
60.3433
60.3433
60.3433
60.3433
60.3433
60.3433
60.3433
60.3433
60.3433
60.3433
60.3433
60.3433
60.3433
60.3433
60.3433
60.3433
60.3433
60.3433
60.3433
60.3433
60.3433
60.3433
60.3433
60.3433
60.3433
60.3433
60.3433
60.3433
60.3433
60.3433
60.3433
60.3433
60.3433
60.3433
60.3433
60.3433
60.3433
60.3433
60.3433
60.3433
60.3433
60.3433
60.3433
60.3433
60.3433
60.3433
60.3433
60.3433
60.3433
60.3433
60.3433
60.3433
60.3433
60.3433
60.3433
60.3433
60.3433
60.3433
60.3433
60.3433
60.3433
60.3433
60.3433
60.3433
60.3433
60.3433
60.3433
60.3433
60.3433
60.3433
60.3433
60.3433
60.3433
60.3433
60.3433
60.3433
60.3433
60.3433
60.3433
60.3433
60.3433
60.3433
60.3433
60.3433
60.3433
60.3433
60.3433
60.3433
60.3433
60.3433
60.3433
60.3433
60.3433
60.3433
60.3433
60.3433
60.3433
60.3433
60.3433
60.3433
60.3433
60.3433
60.3433
60.3433
60.3433
60.3433
60.3433
60.3433
60.3433
60.3433
60.3433
60.3433
60.3433
60.3433
60.3433
60.3433
60.3433
60.3433
60.3433
60.3433
60.3433
60.3433
60.3433
60.3433
60.3433
60.3433
60.3433
60.3433
60.3433
60.3433
60.3433
60.3433
60.3433
60.3433
60.3433
60.3433
60.3433
60.3433
60.3433
60.3433
60.3433
60.3433
60.3433
60.3433
60.3433
60.3433
60.3433
60.3433
60.3433
60.3433
60.3433
60.3433
60.3433
60.3433
60.3433
60.3433
60.3433
60.3433
60.3433
60.3433
60.3433
60.3433
60.3433
60.3433
60.3433
60.3433
60.3433
60.3433
60.3433
60.3433
60.3433
60.3433
60.3433
60.3433
60.3433
60.3433
60.3433
60.3433
60.3433
60.3433
60.3433
60.3433
60.3433
60.3433
60.3433
60.3433
60.3433
60.3433
60.3433
60.3433
60.3433
60.3433
60.3427
60.3416
60.3359
60.3336
60.4415
60.315
60.315
60.315
60.315
60.315
60.315
60.315
60.315
60.315
60.315
60.315
60.315
60.315
60.315
60.315
60.315
60.315
60.315
60.315
60.315
60.315
60.315
60.315
60.315
60.315
60.315
60.315
60.315
60.315
60.315
60.315
60.315
60.315
60.315
60.315
60.315
60.315
60.315
60.315
60.315
60.315
60.315
60.315
60.315
60.315
60.315
60.315
60.315
60.315
60.315
60.315
60.315
60.315
60.315
60.315
60.315
60.315
60.315
60.315
60.315
60.315
60.315
60.315
60.315
60.315
60.315
60.315
60.315
60.315
60.315
60.315
60.315
60.315
60.315
60.315
60.315
60.315
60.315
60.315
60.315
60.315
60.315
60.315
60.315
60.315
60.315
60.315
60.315
60.315
60.315
60.315
60.315
60.315
60.315
60.315
60.315
60.315
60.315
60.315
60.315
60.315
60.315
60.315
60.315
60.315
60.315
60.315
60.315
60.315
60.315
60.315
60.315
60.315
60.315
60.315
60.315
60.315
60.315
60.315
60.315
60.315
60.315
60.315
60.315
60.315
60.315
60.315
60.315
60.315
60.315
60.315
60.315
60.315
60.315
60.315
60.315
60.315
60.315
60.315
60.315
60.315
60.315
60.315
60.315
60.315
60.315
60.315
60.315
60.315
60.315
60.315
60.315
60.315
60.315
60.315
60.315
60.315
60.315
60.315
60.315
60.315
60.315
60.315
60.315
60.315
60.315
60.315
60.315
60.315
60.315
60.315
60.315
60.315
60.315
60.315
60.315
60.315
60.315
60.315
60.315
60.315
60.315
60.315
60.315
60.315
60.315
60.315
60.315
60.315
60.315
60.315
60.315
60.315
60.315
60.315
60.315
60.315
60.315
60.315
60.315
60.315
60.315
60.315
60.315
60.315
60.315
60.315
60.315
60.315
60.315
60.315
60.315
60.315
60.315
60.315
60.315
60.315
60.315
60.315
60.315
60.315
60.315
60.315
60.315
60.315
60.315
60.315
60.315
60.315
60.315
60.315
60.315
60.315
60.315
60.315
60.315
60.315
60.315
60.315
60.315
60.315
60.315
60.315
60.315
60.315
60.315
60.315
60.315
60.315
60.315
60.315
60.315
60.315
60.315
60.315
60.315
60.315
60.315
60.315
60.315
60.315
60.315
60.315
60.315
60.315
60.315
60.315
60.315
60.315
60.315
60.315
60.315
60.315
60.315
60.315
60.315
60.315
60.315
60.315
60.315
60.315
60.315
60.315
60.315
60.315
60.315
60.315
60.315
60.315
60.315
60.315
60.315
60.315
60.315
60.315
60.315
60.315
60.315
60.315
60.315
60.315
60.315
60.315
60.315
60.315
60.315
60.315
60.315
60.315
60.315
60.315
60.315
60.315
60.315
60.315
60.315
60.315
60.315
60.315
60.315
60.315
60.315
60.315
60.315
60.315
60.315
60.315
60.315
60.315
60.315
60.315
60.315
60.315
60.315
60.315
60.315
60.315
60.315
60.315
60.315
60.315
60.315
60.315
60.315
60.315
60.315
60.315
60.315
60.315
60.315
60.315
60.315
60.315
60.315
60.315
60.315
60.315
60.315
60.315
60.315
60.315
60.315
60.315
60.315
60.315
60.315
60.315
60.315
60.315
60.315
60.315
60.315
60.315
60.315
60.315
60.315
60.315
60.315
60.315
60.315
60.315
60.315
60.315
60.315
60.315
60.315
60.315
60.315
60.315
60.315
60.315
60.315
60.315
60.315
60.315
60.315
60.315
60.315
60.315
60.315
60.315
60.315
60.315
60.315
60.315
60.315
60.315
60.315
60.315
60.315
60.315
60.315
60.315
60.315
60.315
60.315
60.315
60.315
60.315
60.315
60.315
60.315
60.315
60.315
60.315
60.315
60.315
60.315
60.315
60.315
60.315
60.315
60.315
60.315
60.315
60.315
60.315
60.315
60.315
60.315
60.315
60.315
60.315
60.315
60.315
60.315
60.315
60.315
60.315
60.315
60.315
60.315
60.315
60.315
60.315
60.315
60.315
60.315
60.315
60.315
60.315
60.315
60.315
60.315
60.315
60.315
60.315
60.315
60.315
60.315
60.315
60.315
60.315
60.315
60.315
60.315
60.315
60.315
60.315
60.315
60.315
60.315
60.315
60.315
60.315
60.315
60.315
60.315
60.315
60.315
60.315
60.315
60.315
60.315
60.315
60.315
60.315
60.315
60.315
60.315
60.315
60.315
60.315
60.315
60.315
60.315
60.315
60.315
60.315
60.315
60.315
60.315
60.315
60.315
60.315
60.315
60.315
60.315
60.315
60.315
60.315
60.315
60.315
60.315
60.315
60.315
60.315
60.315
60.315
60.315
60.315
60.315
60.315
60.315
60.315
60.315
60.315
60.315
60.315
60.315
60.315
60.315
60.315
60.315
60.315
60.315
60.315
60.315
60.315
60.315
60.315
60.315
60.315
60.315
60.315
60.315
60.315
60.315
60.315
60.315
60.315
60.315
60.315
60.315
60.315
60.315
60.315
60.315
60.315
60.315
60.315
60.315
60.315
60.315
60.315
60.315
60.315
60.315
60.315
60.315
60.315
60.315
60.315
60.315
60.315
60.315
60.315
60.315
60.315
60.315
60.315
60.315
60.315
60.315
60.315
60.315
60.315
60.315
60.315
60.315
60.315
60.315
60.315
60.315
60.315
60.315
60.315
60.315
60.315
60.315
60.315
60.315
60.315
60.315
60.315
60.315
60.315
60.315
60.315
60.315
60.315
60.315
60.315
60.315
60.315
60.315
60.315
60.315
60.315
60.315
60.315
60.315
60.315
60.315
60.315
60.315
60.315
60.315
60.315
60.315
60.315
60.315
60.315
60.315
60.315
60.315
60.315
60.315
60.315
60.315
60.315
60.315
60.315
60.315
60.315
60.315
60.315
60.315
60.315
60.315
60.315
60.315
60.315
60.315
60.315
60.315
60.315
60.315
60.315
60.315
60.315
60.315
60.315
60.315
60.315
60.315
60.315
60.315
60.315
60.315
60.315
60.315
60.315
60.315
60.315
60.315
60.315
60.315
60.315
60.315
60.315
60.315
60.315
60.315
60.315
60.315
60.315
60.315
60.315
60.315
60.315
60.315
60.315
60.315
60.315
60.315
60.315
60.315
60.315
60.315
60.315
60.315
60.315
60.315
60.315
60.315
60.315
60.315
60.315
60.315
60.315
60.315
60.315
60.315
60.315
60.315
60.315
60.315
60.315
60.315
60.315
60.315
60.315
60.315
60.315
60.315
60.315
60.315
60.315
60.315
60.315
60.315
60.315
60.315
60.315
60.315
60.315
60.315
60.315
60.315
60.315
60.315
60.315
60.315
60.315
60.315
60.315
60.315
60.315
60.315
60.315
60.315
60.315
60.315
60.315
60.315
60.315
60.315
60.315
60.315
60.315
60.315
60.315
60.315
60.315
60.315
60.315
60.315
60.315
60.315
60.315
60.315
60.315
60.315
60.315
60.315
60.315
60.315
60.315
60.315
60.315
60.315
60.315
60.315
60.315
60.315
60.315
60.315
60.315
60.315
60.315
60.315
60.315
60.315
60.315
60.315
60.315
60.315
60.315
60.315
60.315
60.315
60.315
60.315
60.315
60.315
60.315
60.315
60.315
60.315
60.315
60.315
60.315
60.315
60.315
60.315
60.315
60.315
60.315
60.315
60.315
60.315
60.315
60.315
60.315
60.315
60.315
60.315
60.315
60.315
60.315
60.315
60.315
60.315
60.315
60.315
60.315
60.315
60.315
60.315
60.315
60.315
60.315
60.315
60.315
60.315
60.315
60.315
60.315
60.315
60.315
60.315
60.315
60.315
60.315
60.315
60.315
60.315
60.315
60.315
60.315
60.315
60.315
60.315
60.315
60.315
60.315
60.315
60.315
60.315
60.315
60.315
60.315
60.315
60.315
60.315
60.315
60.315
60.315
60.315
60.315
60.315
60.315
60.315
60.315
60.315
60.315
60.315
60.315
60.315
60.315
60.315
60.315
60.315
60.315
60.315
60.315
60.315
60.315
60.315
60.315
60.315
60.315
60.315
60.315
60.315
60.315
60.315
60.315
60.315
60.315
60.315
60.315
60.315
60.315
60.315
60.315
60.315
60.315
60.315
60.315
60.315
60.315
60.315
60.315
60.315
60.315
60.315
60.315
60.315
60.315
60.315
60.315
60.315
60.315
60.315
60.315
60.315
60.315
60.315
60.315
60.315
60.315
60.315
60.315
60.315
60.315
60.315
60.315
60.315
60.315
60.315
60.315
60.315
60.315
60.315
60.315
60.315
60.315
60.315
60.315
60.315
60.315
60.315
60.315
60.315
60.315
60.315
60.315
60.315
60.315
60.315
60.315
60.315
60.315
60.315
60.315
60.315
60.315
60.315
60.315
60.315
60.315
60.315
60.315
60.315
60.315
60.315
60.315
60.315
60.315
60.315
60.315
60.315
60.315
60.315
60.315
60.315
60.315
60.315
60.315
60.315
60.315
60.315
60.315
60.315
60.315
60.315
60.315
60.315
60.315
60.315
60.315
60.315
60.315
60.315
60.315
60.315
60.315
60.315
60.315
60.315
60.315
60.315
60.315
60.315
60.315
60.315
60.315
60.315
60.315
60.315
60.315
60.315
60.315
60.315
60.315
60.315
60.315
60.315
60.315
60.315
60.315
60.315
60.315
60.315
60.315
60.315
60.315
60.315
60.315
60.315
60.315
60.315
60.315
60.315
60.315
60.315
60.315
60.315
60.315
60.315
60.315
60.315
60.315
60.315
60.315
60.315
60.315
60.315
60.315
60.315
60.315
60.315
60.315
60.315
60.315
60.315
60.315
60.315
60.315
60.315
60.315
60.315
60.315
60.315
60.315
60.315
60.315
60.315
60.315
60.315
60.315
60.315
60.315
60.315
60.315
60.315
60.315
60.315
60.315
60.315
60.315
60.315
60.315
60.315
60.315
60.315
60.315
60.315
60.315
60.315
60.315
60.315
60.315
60.315
60.315
60.315
60.315
60.315
60.315
60.315
60.315
60.315
60.315
60.315
60.315
60.315
60.315
60.315
60.315
60.315
60.315
60.315
60.315
60.315
60.315
60.315
60.315
60.315
60.315
60.315
60.315
60.315
60.315
60.315
60.315
60.315
60.315
60.315
60.315
60.315
60.315
60.315
60.315
60.315
60.315
60.315
60.315
60.315
60.315
60.315
60.315
60.315
60.315
60.315
60.315
60.315
60.315
60.315
60.315
60.315
60.315
60.315
60.315
60.315
60.315
60.315
60.315
60.315
60.315
60.315
60.315
60.315
60.315
60.315
60.315
60.315
60.315
60.315
60.315
60.315
60.315
60.315
60.315
60.315
60.315
60.315
60.315
60.315
60.315
60.315
60.315
60.315
60.315
60.315
60.315
60.315
60.315
60.315
60.315
60.315
60.315
60.315
60.315
60.315
60.315
60.315
60.315
60.315
60.315
60.315
60.315
60.315
60.315
60.315
60.315
60.315
60.315
60.315
60.315
60.315
60.315
60.315
60.315
60.315
60.315
60.315
60.315
60.315
60.315
60.315
60.315
60.315
60.315
60.315
60.315
60.315
60.315
60.315
60.315
60.315
60.315
60.315
60.315
60.315
60.315
60.315
60.315
60.315
60.315
60.315
60.315
60.315
60.315
60.315
60.315
60.315
60.315
60.315
60.315
60.315
60.315
60.315
60.315
60.315
60.315
60.315
60.315
60.315
60.315
60.315
60.315
60.315
60.315
60.315
60.315
60.315
60.315
60.315
60.315
60.315
60.315
60.315
60.315
60.315
60.315
60.315
60.315
60.315
60.315
60.315
60.315
60.315
60.315
60.315
60.315
60.315
60.315
60.315
60.315
60.315
60.315
60.315
60.315
60.315
60.315
60.315
60.315
60.315
60.315
60.315
60.315
60.315
60.315
60.315
60.315
60.315
60.315
60.315
60.315
60.315
60.315
60.315
60.315
60.315
60.315
60.315
60.315
60.315
60.315
60.315
60.315
60.315
60.315
60.315
60.315
60.315
60.315
60.315
60.315
60.315
60.315
60.315
60.315
60.315
60.315
60.315
60.315
60.315
60.315
60.315
60.315
60.315
60.315
60.315
60.315
60.315
60.315
60.315
60.315
60.315
60.315
60.315
60.315
60.315
60.315
60.315
60.315
60.315
60.315
60.315
60.315
60.315
60.315
60.315
60.315
60.315
60.315
60.315
60.315
60.315
60.315
60.315
60.315
60.315
60.315
60.315
60.315
60.315
60.315
60.315
60.315
60.315
60.315
60.315
60.315
60.315
60.315
60.315
60.315
60.315
60.315
60.315
60.315
60.315
60.315
60.315
60.315
60.315
60.315
60.315
60.315
60.315
60.315
60.315
60.315
60.315
60.315
60.315
60.315
60.315
60.315
60.315
60.315
60.315
60.315
60.315
60.315
60.315
60.315
60.315
60.315
60.315
60.315
60.315
60.315
60.315
60.315
60.315
60.315
60.315
60.315
60.315
60.315
60.315
60.315
60.315
60.315
60.315
60.315
60.315
60.315
60.315
60.315
60.315
60.315
60.315
60.315
60.315
60.315
60.315
60.315
60.315
60.315
60.315
60.315
60.315
60.315
60.315
60.315
60.315
60.315
60.315
60.315
60.315
60.315
60.315
60.315
60.315
60.315
60.315
60.315
60.315
60.315
60.315
60.315
60.315
60.315
60.315
60.315
60.315
60.315
60.315
60.315
60.315
60.315
60.315
60.315
60.315
60.315
60.315
60.315
60.315
60.315
60.315
60.315
60.315
60.315
60.315
60.315
60.315
60.315
60.315
60.315
60.315
60.315
60.315
60.315
60.315
60.315
60.315
60.315
60.315
60.315
60.315
60.315
60.315
60.315
60.315
60.315
60.315
60.315
60.315
60.315
60.315
60.315
60.315
60.315
60.315
60.315
60.315
60.315
60.315
60.315
60.315
60.315
60.315
60.315
60.315
60.315
60.315
60.315
60.315
60.315
60.315
60.315
60.315
60.315
60.315
60.315
60.315
60.315
60.315
60.315
60.315
60.315
60.315
60.315
60.315
60.315
60.315
60.315
60.315
60.315
60.315
60.315
60.315
60.315
60.315
60.315
60.315
60.315
60.315
60.315
60.315
60.315
60.315
60.315
60.315
60.315
60.315
60.315
60.315
60.315
60.315
60.315
60.315
60.315
60.315
60.315
60.315
60.315
60.315
60.315
60.315
60.315
60.315
60.315
60.315
60.315
60.315
60.315
60.315
60.315
60.315
60.315
60.315
60.315
60.315
60.315
60.315
60.315
60.315
60.315
60.315
60.315
60.315
60.315
60.315
60.315
60.315
60.315
60.315
60.315
60.315
60.315
60.315
60.315
60.315
60.315
60.315
60.315
60.315
60.315
60.315
60.315
60.315
60.315
60.315
60.315
60.315
60.315
60.315
60.315
60.315
60.315
60.315
60.315
60.315
60.315
60.315
60.315
60.315
60.315
60.315
60.315
60.315
60.315
60.315
60.315
60.315
60.315
60.315
60.315
60.315
60.315
60.315
60.315
60.315
60.315
60.315
60.315
60.315
60.315
60.315
60.315
60.315
60.315
60.315
60.315
60.315
60.315
60.315
60.315
60.315
60.315
60.315
60.315
60.315
60.315
60.315
60.315
60.315
60.315
60.315
60.315
60.315
60.315
60.315
60.315
60.315
60.315
60.315
60.315
60.315
60.315
60.315
60.315
60.315
60.315
60.315
60.315
60.315
60.315
60.315
60.315
60.315
60.315
60.315
60.315
60.315
60.315
60.315
60.315
60.315
60.315
60.315
60.315
60.315
60.315
60.315
60.315
60.315
60.315
60.315
60.315
60.315
60.315
60.315
60.315
60.315
60.315
60.315
60.315
60.315
60.315
60.315
60.315
60.315
60.315
60.315
60.315
60.315
60.315
60.315
60.315
60.315
60.315
60.315
60.315
60.315
60.315
60.315
60.315
60.315
60.315
60.315
60.315
60.315
60.315
60.315
60.315
60.315
60.315
60.315
60.315
60.315
60.315
60.315
60.315
60.315
60.315
60.315
60.315
60.315
60.315
60.315
60.315
60.315
60.315
60.315
60.315
60.315
60.315
60.315
60.315
60.315
60.315
60.315
60.315
60.315
60.315
60.315
60.315
60.315
60.315
60.315
60.315
60.315
60.315
60.315
60.315
60.315
60.315
60.315
60.315
60.315
60.315
60.315
60.315
60.315
60.315
60.315
60.315
60.315
60.315
60.315
60.315
60.315
60.315
60.315
60.315
60.315
60.315
60.315
60.315
60.315
60.315
60.315
60.315
60.315
60.315
60.315
60.315
60.315
60.315
60.315
60.315
60.315
60.315
60.315
60.315
60.315
60.315
60.315
60.315
60.315
60.315
60.315
60.315
60.315
60.315
60.315
60.315
60.315
60.315
60.315
60.315
60.315
60.315
60.315
60.315
60.315
60.315
60.315
60.315
60.315
60.315
60.315
60.315
60.315
60.315
60.315
60.315
60.315
60.315
60.315
60.315
60.315
60.315
60.315
60.315
60.315
60.315
60.315
60.315
60.315
60.315
60.315
60.315
60.315
60.315
60.315
60.315
60.315
60.315
60.315
60.315
60.315
60.315
60.315
60.315
60.315
60.315
60.315
60.315
60.315
60.315
60.315
60.315
60.315
60.315
60.315
60.315
60.315
60.315
60.315
60.315
60.315
60.315
60.315
60.315
60.315
60.315
60.315
60.315
60.315
60.315
60.315
60.315
60.315
60.315
60.315
60.315
60.315
60.315
60.315
60.315
60.315
60.315
60.315
60.315
60.315
60.315
60.315
60.315
60.315
60.315
60.315
60.315
60.315
60.315
60.315
60.315
60.315
60.315
60.315
60.315
60.315
60.315
60.315
60.315
60.315
60.315
60.315
60.315
60.315
60.315
60.315
60.315
60.315
60.315
60.315
60.315
60.315
60.315
60.315
60.315
60.315
60.315
60.315
60.315
60.315
60.315
60.315
60.315
60.315
60.315
60.315
60.315
60.315
60.315
60.315
60.315
60.315
60.315
60.315
60.315
60.315
60.315
60.315
60.315
60.315
60.315
60.315
60.315
60.315
60.315
60.315
60.315
60.315
60.315
60.315
60.315
60.315
60.315
60.315
60.315
60.315
60.315
60.315
60.315
60.315
60.315
60.315
60.315
60.315
60.315
60.315
60.315
60.315
60.315
60.315
60.315
60.315
60.315
60.315
60.315
60.315
60.315
60.315
60.315
60.315
60.315
60.315
60.315
60.315
60.315
60.315
60.315
60.315
60.315
60.315
60.315
60.315
60.315
60.315
60.315
60.315
60.315
60.315
60.315
60.315
60.315
60.315
60.315
60.315
60.315
60.315
60.315
60.315
60.315
60.315
60.315
60.315
60.315
60.315
60.315
60.315
60.315
60.315
60.315
60.315
60.315
60.315
60.315
60.315
60.315
60.315
60.315
60.315
60.315
60.315
60.315
60.315
60.315
60.315
60.315
60.315
60.315
60.315
60.315
60.315
60.315
60.315
60.315
60.315
60.315
60.315
60.315
60.315
60.315
60.315
60.315
60.315
60.315
60.315
60.315
60.315
60.315
60.315
60.315
60.315
60.315
60.315
60.315
60.315
60.315
60.315
60.315
60.315
60.315
60.315
60.315
60.315
60.315
60.315
60.315
60.315
60.315
60.315
60.315
60.315
60.315
60.315
60.315
60.315
60.315
60.315
60.315
60.315
60.315
60.315
60.315
60.315
60.315
60.315
60.315
60.315
60.315
60.315
60.315
60.315
60.315
60.315
60.315
60.315
60.315
60.315
60.315
60.315
60.315
60.315
60.315
60.315
60.315
60.315
60.315
60.315
60.315
60.315
60.315
60.315
60.315
60.315
60.315
60.315
60.315
60.315
60.315
60.315
60.315
60.315
60.315
60.315
60.315
60.315
60.315
60.315
60.315
60.315
60.315
60.315
60.315
60.315
60.315
60.315
60.315
60.315
60.315
60.315
60.315
60.315
60.315
60.315
60.315
60.315
60.315
60.315
60.315
60.315
60.315
60.315
60.315
60.315
60.315
60.315
60.315
60.315
60.315
60.315
60.315
60.315
60.315
60.315
60.315
60.315
60.315
60.315
60.315
60.315
60.315
60.315
60.315
60.315
60.315
60.315
60.315
60.315
60.315
60.315
60.315
60.315
60.315
60.315
60.315
60.315
60.315
60.315
60.315
60.315
60.315
60.315
60.315
60.315
60.315
60.315
60.315
60.315
60.315
60.315
60.315
60.315
60.315
60.315
60.315
60.315
60.315
60.315
60.315
60.315
60.315
60.315
60.315
60.315
60.315
60.315
60.315
60.315
60.315
60.315
60.315
60.315
60.315
60.315
60.315
60.315
60.315
60.315
60.315
60.315
60.315
60.315
60.315
60.315
60.315
60.315
60.315
60.315
60.315
60.315
60.315
60.315
60.315
60.315
60.315
60.315
60.315
60.315
60.315
60.315
60.315
60.315
60.315
60.315
60.315
60.315
60.315
60.315
60.315
60.315
60.315
60.315
60.315
60.315
60.315
60.315
60.315
60.315
60.315
60.315
60.315
60.315
60.315
60.315
60.315
60.315
60.315
60.315
60.315
60.315
60.315
60.315
60.315
60.315
60.315
60.315
60.315
60.315
60.315
60.315
60.315
60.315
60.315
60.315
60.315
60.315
60.315
60.315
60.315
60.315
60.315
60.315
60.315
60.315
60.315
60.315
60.315
60.315
60.315
60.315
60.315
60.315
60.315
60.315
60.315
60.315
60.315
60.315
60.315
60.315
60.315
60.315
60.315
60.315
60.315
60.315
60.315
60.315
60.315
60.315
60.315
60.315
60.315
60.315
60.315
60.315
60.315
60.315
60.315
60.315
60.315
60.315
60.315
60.315
60.315
60.315
60.315
60.315
60.315
60.315
60.315
60.315
60.315
60.315
60.315
60.315
60.315
60.315
60.315
60.315
60.315
60.315
60.315
60.315
60.315
60.315
60.315
60.315
60.315
60.315
60.315
60.315
60.315
60.315
60.315
60.315
60.315
60.315
60.315
60.315
60.315
60.315
60.315
60.315
60.315
60.315
60.315
60.315
60.315
60.315
60.315
60.315
60.315
60.315
60.315
60.315
60.315
60.315
60.315
60.315
60.315
60.315
60.315
60.315
60.315
60.315
60.315
60.315
60.315
60.315
60.315
60.315
60.315
60.315
60.315
60.315
60.315
60.315
60.315
60.315
60.315
60.315
60.315
60.315
60.315
60.315
60.315
60.315
60.315
60.315
60.315
60.315
60.315
60.315
60.315
60.315
60.315
60.315
60.315
60.315
60.315
60.315
60.315
60.315
60.315
60.315
60.315
60.315
60.315
60.315
60.315
60.315
60.315
60.315
60.315
60.315
60.315
60.315
60.315
60.315
60.315
60.315
60.315
60.315
60.315
60.315
60.315
60.315
60.315
60.315
60.315
60.315
60.315
60.315
60.315
60.315
60.315
60.315
60.315
60.315
60.315
60.315
60.315
60.315
60.315
60.315
60.315
60.315
60.315
60.315
60.315
60.315
60.315
60.315
60.315
60.315
60.315
60.315
60.315
60.315
60.315
60.315
60.315
60.315
60.315
60.315
60.315
60.315
60.315
60.315
60.315
60.315
60.315
60.315
60.315
60.315
60.315
60.315
60.315
60.315
60.315
60.315
60.315
60.315
60.315
60.315
60.315
60.315
60.315
60.315
60.315
60.315
60.315
60.315
60.315
60.315
60.315
60.315
60.315
60.315
60.315
60.315
60.315
60.315
60.315
60.315
60.315
60.315
60.315
60.315
60.315
60.315
60.315
60.315
60.315
60.315
60.315
60.315
60.315
60.315
60.315
60.315
60.315
60.315
60.315
60.315
60.315
60.315
60.315
60.315
60.315
60.315
60.315
60.315
60.315
60.315
60.315
60.315
60.315
60.315
60.315
60.315
60.315
60.315
60.315
60.315
60.315
60.315
60.315
60.315
60.315
60.315
60.315
60.315
60.315
60.315
60.315
60.315
60.315
60.315
60.315
60.315
60.315
60.315
60.315
60.315
60.315
60.315
60.315
60.315
60.315
60.315
60.315
60.315
60.315
60.315
60.315
60.315
60.315
60.315
60.315
60.315
60.315
60.315
60.315
60.315
60.315
60.315
60.315
60.315
60.315
60.315
60.315
60.315
60.315
60.315
60.315
60.315
60.315
60.315
60.315
60.315
60.315
60.315
60.315
60.315
60.315
60.315
60.315
60.315
60.315
60.315
60.315
60.315
60.315
60.315
60.315
60.315
60.315
60.315
60.315
60.315
60.315
60.315
60.315
60.315
60.315
60.315
60.315
60.315
60.315
60.315
60.315
60.315
60.315
60.315
60.315
60.315
60.315
60.315
60.315
60.315
60.315
60.315
60.315
60.315
60.315
60.315
60.315
60.315
60.315
60.315
60.315
60.315
60.315
60.315
60.315
60.315
60.315
60.315
60.315
60.315
60.315
60.315
60.315
60.315
60.315
60.315
60.315
60.315
60.315
60.315
60.315
60.315
60.315
60.315
60.315
60.315
60.315
60.315
60.315
60.315
60.315
60.315
60.315
60.315
60.315
60.315
60.315
60.315
60.315
60.315
60.315
60.315
60.315
60.315
60.315
60.315
60.315
60.315
60.315
60.315
60.315
60.315
60.315
60.315
60.315
60.315
60.315
60.315
60.315
60.315
60.315
60.315
60.315
60.315
60.315
60.315
60.315
60.315
60.315
60.315
60.315
60.315
60.315
60.315
60.315
60.315
60.315
60.315
60.315
60.315
60.315
60.315
60.315
60.315
60.315
60.315
60.315
60.315
60.315
60.315
60.315
60.315
60.315
60.315
60.315
60.315
60.315
60.315
60.315
60.315
60.315
60.315
60.315
60.315
60.315
60.315
60.315
60.315
60.315
60.315
60.315
60.315
60.315
60.315
60.315
60.315
60.315
60.315
60.315
60.315
60.315
60.315
60.315
60.315
60.315
60.315
60.315
60.315
60.315
60.315
60.315
60.315
60.315
60.315
60.315
60.315
60.315
60.315
60.315
60.315
60.315
60.315
60.315
60.315
60.315
60.315
60.315
60.315
60.315
60.315
60.315
60.315
60.315
60.315
60.315
60.315
60.315
60.315
60.315
60.315
60.315
60.315
60.315
60.315
60.315
60.315
60.315
60.315
60.315
60.315
60.315
60.315
60.315
60.315
60.315
60.315
60.315
60.315
60.315
60.315
60.315
60.315
60.315
60.315
60.315
60.315
60.315
60.315
60.315
60.315
60.315
60.315
60.315
60.315
60.315
60.315
60.315
60.315
60.315
60.315
60.315
60.315
60.315
60.315
60.315
60.315
60.315
60.315
60.315
60.315
60.315
60.315
60.315
60.315
60.315
60.315
60.315
60.315
60.315
60.315
60.315
60.315
60.315
60.315
60.315
60.315
60.315
60.315
60.315
60.315
60.315
60.315
60.315
60.315
60.315
60.315
60.315
60.315
60.315
60.315
60.315
60.315
60.315
60.315
60.315
60.315
60.315
60.315
60.315
60.315
60.315
60.315
60.315
60.315
60.315
60.315
60.315
60.315
60.315
60.315
60.315
60.315
60.315
60.315
60.315
60.315
60.315
60.315
60.315
60.315
60.315
60.315
60.315
60.315
60.315
60.315
60.315
60.315
60.315
60.315
60.315
60.315
60.315
60.315
60.315
60.315
60.315
60.315
60.315
60.315
60.315
60.315
60.315
60.315
60.315
60.315
60.315
60.315
60.315
60.315
60.315
60.315
60.315
60.315
60.315
60.315
60.315
60.315
60.315
60.315
60.315
60.315
60.315
60.315
60.315
60.315
60.315
60.315
60.315
60.315
60.315
60.315
60.315
60.315
60.315
60.315
60.315
60.315
60.315
60.315
60.315
60.315
60.315
60.315
60.315
60.315
60.315
60.315
60.315
60.315
60.315
60.315
60.315
60.315
60.315
60.315
60.315
60.315
60.315
60.315
60.315
60.315
60.315
60.315
60.315
60.315
60.315
60.315
60.315
60.315
60.315
60.315
60.315
60.315
60.315
60.315
60.315
60.315
60.315
60.315
60.315
60.315
60.315
60.315
60.315
60.315
60.315
60.315
60.315
60.315
60.315
60.315
60.315
60.315
60.315
60.315
60.315
60.315
60.315
60.315
60.315
60.315
60.315
60.315
60.315
60.315
60.315
60.315
60.315
60.315
60.315
60.315
60.315
60.315
60.315
60.315
60.315
60.315
60.315
60.315
60.315
60.315
60.315
60.315
60.315
60.315
60.315
60.315
60.315
60.315
60.315
60.315
60.315
60.315
60.315
60.315
60.315
60.315
60.315
60.315
60.315
60.315
60.315
60.315
60.315
60.315
60.315
60.315
60.315
60.315
60.315
60.315
60.315
60.315
60.315
60.315
60.315
60.315
60.315
60.315
60.315
60.315
60.315
60.315
60.315
60.315
60.315
60.315
60.315
60.315
60.315
60.315
60.315
60.315
60.315
60.315
60.315
60.315
60.315
60.315
60.315
60.315
60.315
60.315
60.315
60.315
60.315
60.315
60.315
60.315
60.315
60.315
60.315
60.315
60.315
60.315
60.315
60.315
60.315
60.315
60.315
60.315
60.315
60.315
60.315
60.315
60.315
60.315
60.315
60.315
60.315
60.315
60.315
60.315
60.315
60.315
60.315
60.315
60.315
60.315
60.315
60.315
60.315
60.315
60.315
60.315
60.315
60.315
60.315
60.315
60.315
60.315
60.315
60.315
60.315
60.315
60.315
60.315
60.315
60.315
60.315
60.315
60.315
60.315
60.315
60.315
60.315
60.315
60.315
60.315
60.315
60.315
60.315
60.315
60.315
60.315
60.315
60.315
60.315
60.315
60.315
60.315
60.315
60.315
60.315
60.315
60.315
60.315
60.315
60.315
60.315
60.315
60.315
60.315
60.315
60.315
60.315
60.315
60.315
60.315
60.315
60.315
60.315
60.315
60.315
60.315
60.315
60.315
60.315
60.315
60.315
60.315
60.315
60.315
60.315
60.315
60.315
60.315
60.315
60.315
60.315
60.315
60.315
60.315
60.315
60.315
60.315
60.315
60.315
60.315
60.315
60.315
60.315
60.315
60.315
60.315
60.315
60.315
60.315
60.315
60.315
60.315
60.315
60.315
60.315
60.315
60.315
60.315
60.315
60.315
60.315
60.315
60.315
60.315
60.315
60.315
60.315
60.315
60.315
60.315
60.315
60.315
60.315
60.315
60.315
60.315
60.315
60.315
60.315
60.315
60.315
60.315
60.315
60.315
60.315
60.315
60.315
60.315
60.315
60.315
60.315
60.315
60.315
60.315
60.315
60.315
60.315
60.315
60.315
60.315
60.315
60.315
60.315
60.315
60.315
60.315
60.315
60.315
60.315
60.315
60.315
60.315
60.315
60.315
60.315
60.315
60.315
60.315
60.315
60.315
60.315
60.315
60.315
60.315
60.315
60.315
60.315
60.315
60.315
60.315
60.315
60.315
60.315
60.315
60.315
60.315
60.315
60.315
60.315
60.315
60.315
60.315
60.315
60.315
60.315
60.315
60.315
60.315
60.315
60.315
60.315
60.315
60.315
60.315
60.315
60.315
60.315
60.315
60.315
60.315
60.315
60.315
60.315
60.315
60.315
60.315
60.3882
60.315
60.315
60.315
60.315
60.315
60.315
60.315
60.315
60.315
60.315
60.315
60.315
60.315
60.315
60.315
60.315
60.315
60.315
60.315
60.315
60.315
60.315
60.315
60.315
60.315
60.315
60.315
60.315
60.315
60.315
60.315
60.315
60.315
60.315
60.315
60.315
60.315
60.315
60.315
60.315
60.315
60.315
60.315
60.315
60.315
60.315
60.315
60.315
60.315
60.315
60.315
60.315
60.315
60.315
60.315
60.315
60.315
60.315
60.315
60.315
60.315
60.315
60.315
60.315
60.315
60.315
60.315
60.315
60.315
60.315
60.315
60.315
60.315
60.315
60.315
60.315
60.315
60.315
60.315
60.315
60.315
60.315
60.315
60.315
60.315
60.315
60.315
60.315
60.315
60.315
60.315
60.315
60.315
60.315
60.315
60.315
60.315
60.315
60.315
60.315
60.315
60.315
60.315
60.315
60.315
60.315
60.315
60.315
60.315
60.315
60.315
60.315
60.315
60.315
60.315
60.315
60.315
60.315
60.315
60.315
60.315
60.315
60.315
60.315
60.315
60.315
60.315
60.315
60.315
60.315
60.315
60.315
60.315
60.315
60.315
60.315
60.315
60.315
60.315
60.315
60.315
60.315
60.315
60.315
60.3143
60.3143
60.315
60.315
60.315
60.315
60.315
60.315
60.315
60.315
60.315
60.315
60.315
60.315
60.315
60.315
60.315
60.315
60.315
60.315
60.315
60.315
60.315
60.315
60.315
60.315
60.315
60.315
60.315
60.315
60.315
60.315
60.315
60.315
60.315
60.315
60.315
60.315
60.315
60.315
60.315
60.315
60.315
60.315
60.315
60.315
60.315
60.315
60.315
60.315
60.315
60.315
60.315
60.315
60.315
60.315
60.315
60.315
60.315
60.315
60.315
60.315
60.315
60.315
60.315
60.315
60.315
60.315
60.3236
60.315
60.315
60.315
60.315
60.315
60.315
60.315
60.315
60.315
60.315
60.315
60.315
60.315
60.315
60.315
60.315
60.315
60.315
60.315
60.315
60.315
60.315
60.315
60.315
60.315
60.315
60.315
60.315
60.315
60.315
60.315
60.315
60.315
60.315
60.315
60.315
60.315
60.315
60.315
60.315
60.315
60.315
60.315
60.315
60.315
60.315
60.315
60.315
60.315
60.315
60.315
60.315
60.315
60.315
60.315
60.315
60.315
60.315
60.315
60.315
60.315
60.315
60.315
60.315
60.315
60.315
60.315
60.315
60.315
60.315
60.315
60.315
60.315
60.315
60.315
60.315
60.315
60.315
60.315
60.315
60.315
60.315
60.315
60.315
60.315
60.315
60.315
60.315
60.315
60.315
60.315
60.315
60.315
60.315
60.315
60.315
60.315
60.315
60.315
60.315
60.315
60.315
60.315
60.315
60.315
60.315
60.315
60.315
60.315
60.315
60.315
60.315
60.315
60.315
60.315
60.315
60.315
60.315
60.315
60.315
60.315
60.315
60.315
60.315
60.315
60.315
60.315
60.315
60.315
60.315
60.315
60.315
60.315
60.315
60.315
60.315
60.315
60.315
60.315
60.315
60.315
60.315
60.315
60.315
60.315
60.315
60.315
60.315
60.315
60.315
60.315
60.315
60.315
60.315
60.315
60.315
60.315
60.315
60.315
60.315
60.315
60.315
60.315
60.315
60.315
60.315
60.315
60.315
60.315
60.315
60.315
60.315
60.315
60.315
60.315
60.315
60.315
60.315
60.315
60.315
60.315
60.315
60.315
60.315
60.315
60.315
60.315
60.315
60.315
60.315
60.315
60.315
60.315
60.315
60.315
60.315
60.315
60.315
60.315
60.315
60.315
60.315
60.315
60.315
60.315
60.315
60.315
60.315
60.315
60.315
60.315
60.315
60.315
60.315
60.315
60.315
60.315
60.315
60.315
60.315
60.315
60.315
60.315
60.315
60.315
60.315
60.315
60.315
60.315
60.315
60.315
60.315
60.315
60.315
60.315
60.315
60.315
60.315
60.315
60.315
60.315
60.315
60.315
60.315
60.315
60.315
60.315
60.315
60.315
60.315
60.315
60.315
60.315
60.315
60.315
60.315
60.315
60.315
60.315
60.315
60.315
60.315
60.315
60.315
60.315
60.315
60.315
60.315
60.315
60.315
60.315
60.315
60.315
60.315
60.315
60.315
60.315
60.315
60.315
60.315
60.315
60.315
60.315
60.315
60.315
60.315
60.315
60.315
60.315
60.315
60.315
60.315
60.315
60.315
60.315
60.315
60.315
60.315
60.315
60.315
60.315
60.315
60.315
60.315
60.315
60.315
60.315
60.315
60.315
60.315
60.315
60.315
60.315
60.315
60.315
60.315
60.315
60.315
60.315
60.315
60.315
60.315
60.315
60.315
60.315
60.315
60.315
60.315
60.315
60.315
60.315
60.315
60.315
60.315
60.315
60.315
60.315
60.315
60.315
60.315
60.315
60.315
60.315
60.315
60.315
60.315
60.315
60.315
60.315
60.315
60.315
60.315
60.315
60.315
60.315
60.315
60.315
60.315
60.315
60.315
60.315
60.315
60.315
60.315
60.315
60.315
60.315
60.315
60.315
60.315
60.315
60.315
60.315
60.315
60.315
60.315
60.315
60.315
60.315
60.315
60.315
60.315
60.315
60.315
60.315
60.315
60.315
60.315
60.315
60.315
60.315
60.315
60.315
60.315
60.315
60.315
60.315
60.315
60.315
60.315
60.315
60.315
60.315
60.315
60.315
60.315
60.315
60.315
60.315
60.315
60.315
60.315
60.315
60.315
60.315
60.315
60.315
60.315
60.315
60.315
60.315
60.315
60.315
60.315
60.315
60.315
60.315
60.315
60.315
60.315
60.315
60.315
60.315
60.315
60.315
60.315
60.315
60.315
60.315
60.315
60.315
60.315
60.315
60.315
60.315
60.315
60.315
60.315
60.315
60.315
60.315
60.315
60.315
60.315
60.315
60.315
60.315
60.315
60.315
60.315
60.315
60.315
60.315
60.315
60.315
60.315
60.315
60.315
60.315
60.315
60.315
60.315
60.315
60.315
60.315
60.315
60.315
60.315
60.315
60.315
60.315
60.315
60.315
60.315
60.315
60.315
60.315
60.315
60.315
60.315
60.315
60.315
60.315
60.315
60.315
60.315
60.315
