# best half averages
2628.95
2454.58
2295.05
2158.67
1995.87
1879.71
1805.07
1742.38
1690.62
1653.71
1613.61
1568.7
1509.91
1500.88
1478.43
1454.36
1430.58
1401.67
1376.44
1347.95
1319.67
1290.3
1261.15
1246.74
1217.51
1183.56
1168.68
1143.57
1133.57
1116.59
1087.92
1080.41
1074.55
1058.3
1044.47
1034.72
1016.02
1000.88
988.382
974.095
952.613
933.611
891.501
855.493
847.61
842.26
833.261
820.601
817.009
806.965
783.545
777.888
771.909
768.4
752.925
739.346
720.288
707.419
702.088
689.916
681.509
682.268
676.718
666.173
648.423
640.353
627.675
622.688
614.145
608.509
606.855
596.806
592.036
581.312
569.848
559.682
554.764
547.432
534.981
523.998
512.119
510.741
508.745
497.586
495.943
495.421
491.857
489.032
481.24
474.749
471.36
471.125
470.554
468.736
468.256
465.842
460.6
454.813
450.939
445.378
426.455
426.403
435.856
426.922
423.442
418.52
414.932
414.606
409.639
404.74
404.322
402.689
399.736
396.767
392.837
390.532
387.847
382.928
382.15
378.071
375.168
373.065
370.156
366.681
366.558
365.721
363.463
356.997
355.995
354.366
353.453
351.081
349.857
349.6
348.649
343.783
336.87
336.256
333.285
331.555
328.491
325.197
323.973
321.281
318.669
317.017
315.328
315.047
314.218
313.223
311.888
308.181
302.7
293.523
289.962
289.207
289.19
289.15
289.001
288.356
288.318
288.012
287.116
286.76
285.116
284.699
284.466
283.163
281.273
279.932
277.381
272.936
269.442
268.013
266.133
266.133
266.107
265.989
265.423
264.842
263.621
263.561
260.278
244.483
244.483
244.483
244.483
244.483
244.359
243.865
241.52
238.31
238.31
238.3
238.252
237.993
237.83
237.83
237.823
237.817
237.773
237.535
237.251
236.623
235.121
235.005
234.889
233.875
229.604
229.104
227.878
226.128
225.765
224.363
223.766
223.445
223.372
223.071
221.644
220.253
217.369
220.7
214.946
209.624
208.653
205.575
204.299
203.843
202.972
202.046
202.011
202.354
201.992
202.772
200.879
201.155
198.268
193.317
192.779
191.54
187.919
190.338
187.057
184.852
184.414
182.705
180.539
179.445
177.242
177.183
176.998
175.792
175.306
175.306
175.328
175.328
175.328
175.328
175.323
175.291
175.152
175.081
175.073
175.065
175.033
174.761
174.531
174.276
172.989
171.006
171.006
170.974
171.006
171.004
171
170.979
170.901
170.882
170.901
170.901
170.893
170.893
170.884
170.788
174.617
170.368
170.046
169.906
169.175
167.831
167.831
167.819
167.739
167.53
166.796
166.235
165.924
165.492
165.492
165.492
165.348
165.492
165.492
165.492
165.492
165.492
165.492
165.492
165.48
165.381
164.889
164.673
180.757
180.378
162.751
162.711
162.723
162.682
162.717
164.118
162.684
162.684
162.68
162.654
162.566
162.318
162.025
161.907
161.65
161.375
160.932
160.722
159.964
159.671
159.671
159.671
159.653
159.599
159.262
161.614
158.707
161.522
158.325
158.315
158.318
158.227
157.815
156.761
154.244
152.066
152.064
152.06
152.053
152.031
151.96
151.96
151.96
151.914
151.663
150.365
149.573
149.395
149.091
149.017
146.834
140.81
136.822
136.822
136.822
136.822
136.822
136.822
136.706
136.209
134.522
130.336
129.061
128.661
128.661
128.661
128.415
127.864
126.663
125.423
115.924
114.612
114.283
114.281
114.274
114.274
114.274
114.274
114.274
114.274
114.274
114.274
114.274
114.274
114.274
114.274
114.274
114.274
114.274
114.261
114.274
114.274
114.274
114.274
114.274
114.274
114.274
114.274
114.274
114.274
114.274
114.274
114.274
114.274
114.274
114.274
114.274
114.223
114.07
113.408
111.726
111.726
111.726
111.726
111.726
111.726
111.726
111.726
111.726
111.726
111.726
111.726
111.726
111.726
111.726
111.726
111.726
111.726
111.726
111.726
111.686
111.643
111.355
110.16
109.57
109.57
109.57
109.57
109.57
109.57
109.57
109.57
109.57
109.57
109.57
109.544
109.517
109.45
109.224
108.856
108.245
108.245
108.245
108.245
108.245
108.232
108.245
108.245
108.245
108.245
108.245
108.245
108.245
108.245
108.245
108.227
108.296
108.175
108.105
108.694
107.439
107.368
107.368
107.368
107.368
107.368
107.368
107.291
107.197
106.983
106.807
105.229
105.229
105.229
105.207
105.097
104.856
104.096
104.036
103.824
103.824
103.824
103.824
103.824
103.824
103.824
103.824
103.821
103.824
103.824
103.824
103.824
103.824
103.824
103.824
103.824
103.824
103.824
103.824
103.824
103.802
103.758
103.537
102.72
102.72
102.72
102.72
102.72
102.72
102.72
102.697
102.697
102.72
102.72
102.72
102.72
102.72
102.72
102.72
102.717
102.717
102.72
102.72
102.72
102.72
102.72
102.72
102.72
102.72
104.207
102.72
102.709
102.697
102.647
110.107
102.287
101.345
101.275
101.05
100.371
100.186
100.084
99.6811
98.9589
98.9366
98.7913
98.3548
97.9987
97.9987
97.9987
97.9987
97.9987
97.9895
97.9436
97.7875
97.5396
97.5396
97.5382
97.5295
97.4918
97.4274
97.3902
97.3929
97.3929
97.3929
97.3929
97.3929
97.3929
97.3929
97.3929
97.3929
97.3929
97.3929
97.3929
97.3929
97.3929
97.2723
97.3929
97.3929
97.3929
97.3929
97.3929
97.3929
97.268
96.7681
94.8519
91.1409
91.1288
91.0926
90.9435
90.9435
90.9435
90.9435
90.9435
90.9435
90.9414
90.9393
90.9308
90.8988
90.8371
90.8371
90.8371
90.8371
90.8371
90.8141
90.7681
90.5841
90.0321
89.6633
89.6252
91.9514
93.722
89.201
89.2104
89.2104
89.2104
89.2104
89.1969
89.143
88.9138
88.5363
88.5363
88.5363
88.5363
88.5363
88.5363
88.5363
88.5363
88.5363
88.5363
88.5363
88.5363
88.5363
88.5363
88.5363
88.5363
88.4704
88.5033
88.5363
88.5142
88.4707
88.287
87.8802
87.8802
87.8802
87.8781
87.8638
87.8473
87.8144
87.6829
87.0581
87.0581
87.0581
87.0581
87.0581
87.0581
87.0581
87.0581
87.0581
87.0581
87.0479
87.269
87.0581
87.0581
87.0581
87.0581
87.0581
87.0581
87.0581
87.0581
87.0581
87.0581
87.0581
87.0581
87.0581
87.0581
87.0581
87.0581
87.0581
87.0581
87.0581
87.0581
87.0554
87.0554
87.0581
87.0581
87.0581
87.0479
87.0479
87.0581
87.0581
87.0581
87.0581
87.0581
87.0581
87.0581
87.0581
87.0284
86.9093
86.5222
85.5695
85.5695
85.5695
85.5695
85.5695
85.5695
85.5695
85.5592
85.5695
85.5695
85.5695
85.5695
85.5695
85.5592
85.549
85.5182
90.1429
95.6253
85.0574
85.0574
85.0574
85.0574
85.0574
85.043
84.9855
85.0074
85.0539
84.8965
86.9251
84.7252
84.3383
84.3383
84.3247
84.3222
84.3111
84.2975
84.2567
84.0798
83.6581
83.6581
83.6581
83.6581
83.6581
83.6581
83.6581
83.6569
83.6581
83.6581
83.6581
83.6581
83.6581
83.6581
83.6581
83.6581
83.6581
83.6581
83.6581
83.6581
83.6581
83.6581
83.6581
83.6581
83.6581
83.6581
83.6581
83.6581
83.6581
83.6581
83.6581
83.6581
83.6581
83.6581
83.6581
83.6581
83.6581
83.6581
83.5192
83.6554
83.6411
83.9128
83.6581
83.6581
83.6581
83.6581
83.6581
83.6581
83.6424
83.5551
83.3352
82.7135
82.8201
81.7174
80.8475
80.7863
80.7535
80.6845
80.4401
80.438
80.4962
80.5755
80.4242
80.0594
79.5528
79.5528
79.5528
79.5528
79.5528
79.5528
79.5528
79.5528
79.5528
79.5528
79.5481
79.5386
79.5528
79.5528
79.391
79.5528
79.5528
79.5528
79.5528
79.5528
79.5341
79.5155
79.4408
79.3398
78.8503
78.5616
78.4535
78.4264
78.4168
78.3878
78.3008
78.0288
77.9032
77.9431
77.9443
77.9431
77.9431
77.9431
77.9431
77.9431
77.9431
77.9431
77.9431
77.9431
77.9431
77.9431
77.9431
77.9431
77.9431
77.9431
77.9431
77.9431
77.9275
77.8962
77.7553
77.4108
77.1603
77.1603
77.1537
77.147
77.1002
76.96
76.8265
76.8265
76.8265
76.8265
76.8265
76.8265
76.8265
76.8265
76.8265
76.8265
76.8265
76.8265
76.8265
76.8265
76.8265
76.7862
76.6652
76.4636
75.8587
74.8102
74.8102
74.8102
74.8102
74.8102
74.7703
74.7703
74.8102
74.8102
74.8102
74.8076
74.7998
74.7815
74.6157
74.6795
74.6795
74.6795
74.6795
74.6795
74.6795
74.6795
74.6795
74.6795
74.6795
74.6795
74.6396
74.6795
74.6768
74.6795
74.6687
74.6256
74.5176
74.2698
74.0616
74.0616
74.101
74.1404
74.1404
74.1404
74.1404
74.1404
74.1404
74.1404
74.1262
74.1404
74.1404
74.1404
74.1404
74.1404
74.1404
74.1404
74.1404
74.1404
74.1404
74.1404
74.1404
74.1404
74.1404
74.1404
74.1404
74.1404
74.1404
74.1404
74.1404
74.1404
74.1404
74.1404
74.1404
74.1404
74.1404
74.1404
74.1404
74.1404
74.1404
74.1309
74.1023
74.1157
73.997
73.8823
73.6643
73.6643
73.6643
73.6643
73.6643
73.6643
73.6643
73.6643
73.6643
73.6643
73.6643
73.6643
73.6643
73.6643
73.6344
73.6643
73.6643
73.6422
73.6422
73.6422
73.6643
73.6643
73.6643
73.6643
73.6643
73.6643
73.6643
73.6643
73.6643
73.6643
73.6643
73.6643
73.6643
73.6643
73.6045
73.6643
73.6643
73.6643
73.6643
73.6643
73.6643
73.6643
73.6554
73.6554
73.6286
73.5573
73.3521
73.2184
73.2184
73.2184
73.2184
73.2184
73.2184
73.214
73.2184
73.212
73.1992
73.1736
73.1161
72.9011
72.8989
72.8989
72.8989
72.8989
72.8989
72.8989
72.8955
73.0156
72.8823
72.8491
72.7628
72.7329
72.7329
72.7329
72.5935
72.4542
71.9288
74.8425
70.0606
69.4461
69.4411
69.424
69.4132
69.4132
69.4132
69.4132
69.4132
69.4132
69.4132
69.4132
69.4132
69.4132
69.4132
69.4132
69.3355
69.189
68.8796
68.5864
68.5151
68.3011
68.3011
68.3011
68.3011
68.29
68.2788
68.2788
68.2788
68.29
68.29
68.29
68.3011
68.3011
68.3011
68.3011
68.3011
68.3011
68.3011
68.3011
68.3011
68.3011
68.3011
68.3011
68.3011
68.3011
68.3011
68.3011
68.3011
68.3011
68.2903
68.2688
68.2041
68.0531
67.762
67.762
67.762
67.762
67.762
67.762
67.762
67.762
67.7599
67.7533
67.7359
67.6403
67.3536
67.3275
67.3275
67.3275
67.3275
67.3275
67.3275
67.3275
67.3275
67.3275
67.3275
67.3164
67.3275
67.3275
67.3275
67.3275
67.3275
67.3275
67.3275
67.3275
67.3275
67.3275
67.3275
67.3275
67.3275
67.3275
67.3275
67.3275
67.3275
67.3275
67.3275
67.3275
67.3275
67.3275
67.3275
67.3275
67.3275
67.3275
67.3275
67.3275
67.3275
67.3275
67.3275
67.3275
67.3275
67.3275
67.3275
67.3275
67.3275
67.3275
67.3275
67.3275
67.3275
67.3275
67.3275
67.3275
67.3275
67.3275
67.3275
67.3275
67.3275
67.3275
67.3275
67.3275
67.3275
67.3275
67.3275
67.3275
67.3275
67.3275
67.3275
67.3275
67.3192
67.2942
67.2108
67.0025
66.9109
66.9109
66.9109
66.9109
66.9109
66.9109
66.9109
66.9109
66.9109
66.9109
66.9109
66.9109
66.9109
66.9109
66.9109
66.9109
66.9109
66.9109
66.9109
66.9109
66.9109
66.9109
66.9109
66.9109
66.9059
66.9109
66.9109
66.9109
66.9109
66.9109
66.9109
66.9109
66.9109
66.9109
66.9109
66.9109
66.9109
66.9109
66.9057
66.885
66.8618
66.8281
66.7039
66.6521
66.6521
66.6521
66.6521
66.6521
66.6521
66.6521
66.6521
66.6521
66.6521
66.6521
66.6228
66.6228
66.535
66.3594
65.9203
65.1884
65.1884
65.1884
65.1884
65.1884
65.4528
71.8
67.3154
83.0459
80.4389
71.1748
75.6273
65.1884
65.1884
65.1884
65.1884
65.1884
65.1884
65.1884
65.1884
65.1884
65.1884
65.1884
65.1884
65.1884
65.1884
65.1884
65.1884
65.1884
65.188
65.1884
65.1884
65.1884
65.1884
65.1884
65.0723
64.7484
63.9281
63.2529
63.2529
63.2529
63.2529
63.2529
63.2529
63.2529
63.2529
63.2529
63.2529
63.2529
63.2529
63.2529
63.2529
63.2529
63.2479
63.238
63.2231
63.1833
63.0741
63.0046
63.0046
63.0046
63.0046
63.0046
63.0046
63.0046
63.0046
63.0046
63.0046
63.0046
63.0046
63.0046
63.0046
63.0046
63.0046
63.0046
63.0046
63.0046
63.0046
63.0046
63.0046
63.0046
63.0046
63.0046
63.0046
63.0046
63.0046
63.0046
63.0046
63.0046
63.0046
63.0046
63.0046
63.0046
63.0046
63.0046
63.0046
63.0046
63.0046
63.0046
63.0046
63.0046
63.0046
63.0046
63.0046
63.0046
63.0046
63.0046
63.0046
63.0046
63.0046
63.0046
63.0046
63.0046
63.0046
63.0046
63.0046
63.0046
63.0046
63.0046
63.0046
63.0046
63.0046
63.0046
63.0046
63.0046
63.0046
63.0046
63.0046
63.0046
63.0046
63.0046
63.0046
63.0046
63.0046
63.0046
63.0046
63.0046
63.0046
63.0046
63.0046
63.0046
63.0046
63.0046
63.0046
63.0046
63.0046
63.0046
63.0046
63.0046
63.0046
63.0046
63.0046
63.0046
63.0046
63.0046
63.0046
63.0046
63.0046
63.0046
63.0046
63.0046
63.0046
63.0046
63.0046
63.0046
63.0046
63.0046
63.0046
63.0046
63.0046
63.0046
63.0046
63.0046
63.0046
63.0046
63.0046
63.0046
63.0046
63.0046
63.0046
63.0046
63.0046
63.0046
63.0046
63.0046
62.9855
63.0046
63.0046
63.0046
63.0046
63.0006
63.0046
62.9855
62.9855
62.9665
62.7953
62.4528
62.0533
62.0533
62.0533
62.0533
62.0481
62.0429
62.0429
62.0222
61.9601
61.7997
61.7945
61.7945
61.7945
61.7945
61.7945
61.7945
61.7945
61.7945
61.7795
61.7381
61.6705
61.6066
61.6066
61.6066
61.6066
61.6066
61.6066
61.6066
61.6066
61.6066
61.6066
61.6066
61.6066
61.6066
61.6066
61.6066
61.6066
61.6066
61.6066
61.6066
61.6066
61.6066
61.6066
61.6066
61.6066
61.6066
61.6066
61.6066
61.6066
61.6066
61.6066
61.6066
61.6066
61.6062
61.6066
61.6066
61.6066
61.6066
61.6066
61.6066
61.6066
61.6066
61.6066
61.6066
61.6066
61.6066
61.6066
61.6066
61.6066
61.6066
61.6066
61.6066
61.6066
61.6066
61.6066
61.6066
61.6066
61.6066
61.6066
61.6066
61.6066
61.6066
61.6066
61.6066
61.6066
61.6066
61.6066
61.6066
61.6066
61.6066
61.6066
61.6066
61.6066
61.6066
61.6066
61.6066
61.6066
61.6066
61.6066
61.6066
61.6066
61.6066
61.6066
61.6066
61.6066
61.6066
61.6066
61.6066
61.6066
61.6066
61.6066
61.6066
61.6066
61.6066
61.6066
61.6066
61.6066
61.6066
61.6066
61.6066
61.6066
61.6066
61.6066
61.6066
61.6066
61.6066
61.6066
61.6066
61.6062
61.6066
61.6066
61.6066
61.6066
61.6066
61.6066
61.6066
61.6062
61.6058
61.605
61.6058
61.6062
61.6058
61.6058
61.6062
61.6066
61.6066
61.6066
61.6066
61.6066
61.6066
61.6066
61.6066
61.6066
61.6066
61.6066
61.6066
61.6066
61.6066
61.6066
61.6066
61.6066
61.6066
61.6066
61.6066
61.6066
61.6066
61.6066
61.6066
61.6066
61.6066
61.6066
61.6066
61.6066
61.6066
61.6066
61.6066
61.6066
61.6066
61.6066
61.6066
61.6066
61.6066
61.6066
61.6066
61.6066
61.6066
61.6066
61.6012
61.5853
61.5479
61.4307
61.3401
61.3401
61.3401
61.3401
61.3401
61.3401
61.3401
61.3401
61.3401
61.3401
61.3401
61.3401
61.3401
61.3401
61.3401
61.3401
61.3397
61.3401
61.3401
61.3397
61.3393
61.3397
61.3401
61.3401
61.3401
61.3401
61.3401
61.3401
61.3401
61.3401
61.3401
61.3401
61.3401
61.3401
61.3401
61.3401
61.3401
61.3401
61.3401
61.3401
61.3401
61.3401
61.3401
61.3401
61.3401
61.3401
61.3401
61.3401
61.3401
61.3401
61.3401
61.3401
61.3401
61.3401
61.3401
61.3401
61.3401
61.3401
61.3401
61.3401
61.3401
61.3401
61.3401
61.3401
61.3401
61.3401
61.3401
61.3401
61.3401
61.3401
61.3401
61.3401
61.3401
61.3401
61.3401
61.3401
61.3401
61.3401
61.3401
61.3401
61.3401
61.3401
61.3401
61.3401
61.3401
61.3401
61.3401
61.3401
61.3401
61.3401
61.3401
61.3401
61.3401
61.3401
61.3401
61.3401
61.3401
61.3401
61.3401
61.3401
61.3401
61.3401
61.3401
61.3401
61.3401
61.3401
61.3401
61.3401
61.3401
61.3401
61.3401
61.3401
61.3401
61.3401
61.3401
61.3401
61.3401
61.3401
61.3401
61.3401
61.3401
61.3401
61.3401
61.3401
61.3401
61.3401
61.3401
61.3401
61.3401
61.3401
61.3401
61.3401
61.3401
61.3401
61.3401
61.3401
61.3401
61.3401
61.3401
61.3401
61.3401
61.3401
61.3401
61.3401
61.3401
61.3401
61.3401
61.3401
61.3401
61.3401
61.3401
61.3401
61.3401
61.3401
61.3401
61.3401
61.3401
61.3401
61.3401
61.3401
61.3401
61.3401
61.3401
61.3401
61.3401
61.3401
61.3401
61.3401
61.3401
61.3401
61.3362
61.3283
61.3204
61.3086
62.7993
64.1281
61.1946
61.1435
61.1435
61.1435
61.1435
61.1435
61.1435
61.1435
61.1435
61.1435
61.1435
61.1435
61.1435
61.1435
61.1435
61.1435
61.1431
61.1435
61.1435
61.1435
61.1435
61.1435
61.1435
61.1435
61.1435
61.1435
61.1435
61.1435
61.1435
61.1435
61.1435
61.1435
61.1435
61.1435
61.1435
61.1435
61.1435
61.1435
61.1435
61.1435
61.1435
61.1435
61.1435
61.1435
61.1435
61.1435
61.1435
61.1435
61.1435
61.1435
61.1435
61.1435
61.1435
61.1435
61.1435
61.1435
61.1435
61.1435
61.1435
61.1435
61.1435
61.1435
61.1435
61.1435
61.1435
61.1435
61.1435
61.1435
61.1435
61.1435
61.1435
61.1435
61.1435
61.1435
61.1435
61.1435
61.1435
61.1435
61.1435
61.1435
61.1435
61.1435
61.1435
61.1435
61.1435
61.1435
61.1435
61.1435
61.1435
61.1435
61.1435
61.1435
61.1435
61.1435
61.1435
61.1435
61.1435
61.1435
61.1435
61.1435
61.1435
61.1435
61.1435
61.1435
61.1435
61.1435
61.1435
61.1435
61.1435
61.1435
61.1435
61.1435
61.1435
61.1435
61.1435
61.1435
61.1435
61.1435
61.1435
61.1435
61.1435
61.1435
61.1435
61.1435
61.1435
61.1435
61.1435
61.1435
61.1435
61.1435
61.1435
61.1435
61.1435
61.1435
61.1435
61.1435
61.1435
61.1435
61.1435
61.1435
61.1435
61.1435
61.1431
61.1435
61.1435
61.1435
61.1435
61.1435
61.1435
61.1435
61.1435
61.1435
61.1435
61.1435
61.1435
61.1435
61.1435
61.1435
61.1435
61.1435
61.1435
61.1435
61.1435
61.1435
61.1435
61.1435
61.1435
61.1435
61.1435
61.1435
61.1435
61.1435
61.1435
61.1435
61.1435
61.1435
61.1435
61.1435
61.1435
61.1435
61.1435
61.1435
61.1435
61.1435
61.1435
61.1435
61.1435
61.1435
61.1435
61.1435
61.1435
61.1435
61.1435
61.1435
61.1435
61.1435
61.1435
61.1435
61.1435
61.1435
61.1435
61.1435
61.1435
61.1435
61.1435
61.1435
61.1435
61.1435
61.1435
61.1435
61.1435
61.1435
61.1435
61.1435
61.1435
61.1435
61.1435
61.1435
61.1435
61.1435
61.1435
61.1435
61.1435
61.1435
61.1435
61.1435
61.1435
61.1435
61.1435
61.1435
61.1435
61.1435
61.1435
61.1435
61.1435
61.1435
61.1435
61.1435
61.1435
61.1435
61.1435
61.1435
61.1435
61.1435
61.1435
61.1435
61.1435
61.1435
61.1435
61.1435
61.1435
61.1435
61.1435
61.1435
61.1435
61.1435
61.1435
61.1435
61.1435
61.1435
61.1435
61.1435
61.1435
61.1435
61.1435
61.1435
61.1435
61.1435
61.1435
61.1435
61.1435
61.1435
61.1435
61.1435
61.1435
61.1435
61.1435
61.1435
61.1435
61.1435
61.1435
61.1435
61.1435
61.1435
61.1435
61.1435
61.1435
61.1435
61.1435
61.1435
61.1435
61.1435
61.1435
61.1435
61.1435
61.1435
61.1435
61.1435
61.1435
61.1435
61.1435
61.1435
61.1435
61.1435
61.1435
61.1435
61.1435
61.1435
61.1435
61.1435
61.1435
61.1435
61.1435
61.1435
61.1435
61.1435
61.1435
61.1435
61.1435
61.1435
61.1435
61.1435
61.1435
61.1435
61.1435
61.1435
61.1435
61.1435
61.1435
61.1435
61.1435
61.1435
61.1435
61.1435
61.1435
61.1435
61.1435
61.1435
61.1435
61.1435
61.1435
61.1435
61.1435
61.1435
61.1435
61.1435
61.1435
61.1435
61.1435
61.1435
61.1435
61.1435
61.1435
61.1435
61.1435
61.1435
61.1435
61.1435
61.1435
61.1435
61.1435
61.1435
61.1435
61.1435
61.1435
61.1435
61.1435
61.1435
61.1435
61.1435
61.1435
61.1435
61.1435
61.1435
61.1435
61.1435
61.1435
61.1435
61.1435
61.1435
61.1435
61.1435
61.1435
61.1435
61.1435
61.1435
61.1435
61.1435
61.1435
61.1435
61.1435
61.1435
61.1435
61.1435
61.1435
61.1435
61.1435
61.1435
61.1435
61.1435
61.1435
61.1435
61.1435
61.1435
61.1435
61.1435
61.1435
61.1435
61.1435
61.1435
61.1435
61.1435
61.1435
61.1435
61.1435
61.1435
61.1435
61.1435
61.1435
61.1435
61.1435
61.1435
61.1435
61.1435
61.1435
61.1435
61.1435
61.1435
61.1435
61.1435
61.1435
61.1435
61.1435
61.1435
61.1435
61.1435
61.1435
61.1435
61.1435
61.1435
61.1435
61.1435
61.1435
61.1435
61.1435
61.1435
61.1435
61.1435
61.1431
61.1435
61.1435
61.1435
61.1435
61.1435
61.1435
61.1435
61.1435
61.1435
61.1435
61.1435
61.1435
61.1435
61.1435
61.1435
61.1435
61.1435
61.1435
61.1435
61.1435
61.1435
61.1435
61.1435
61.1435
61.1435
61.1435
61.1435
61.1435
61.1392
61.1348
61.1392
61.1216
61.0899
60.9934
60.9242
60.9242
60.9242
60.9242
60.9242
60.9238
60.9242
60.9242
60.9242
60.9242
60.9242
60.9242
60.9242
60.9242
60.9242
60.9242
60.9242
60.9242
60.9242
60.9242
60.9242
60.9242
60.9242
60.9242
60.9242
60.9242
60.9242
60.9242
60.9242
60.9242
60.9242
60.9242
60.9242
60.9242
60.9242
60.9242
60.9242
60.9242
60.9242
60.9242
60.9242
60.9242
60.9242
60.9242
60.9242
60.9242
60.9242
60.9242
60.9242
60.9242
60.9242
60.9242
60.9242
60.9242
60.9242
60.9242
60.9242
60.9242
60.9242
60.9242
60.9242
60.9242
60.9242
60.9242
60.9242
60.9242
60.9242
60.9238
60.9242
60.9242
60.9242
60.9242
60.9242
60.9242
60.9242
60.9242
60.9242
60.9242
60.9242
60.9242
60.9242
60.9242
60.9242
60.9242
60.9242
60.9242
60.9242
60.9242
60.9242
60.9242
60.9242
60.9242
60.9242
60.9242
60.9242
60.9242
60.9242
60.9242
60.9242
60.9242
60.9242
60.9242
60.9242
60.9242
60.9242
60.9242
60.9242
60.9242
60.9242
60.9238
60.9238
60.9233
60.9242
60.9242
60.9242
60.9242
60.9242
60.9242
60.9242
60.9242
60.9242
60.9242
60.9242
60.9242
60.9242
60.9242
60.9242
60.9242
60.9242
60.9242
60.9242
60.9242
60.9242
60.9242
60.9242
60.9242
60.9242
60.9242
60.9242
60.9242
60.9242
60.9242
60.9242
60.9242
60.9242
60.9242
60.9242
60.9242
60.9242
60.9242
60.9242
60.9242
60.9242
60.9242
60.9242
60.9242
60.9242
60.9242
60.9242
60.9242
60.9242
60.9242
60.9242
60.9242
60.9242
60.9242
60.9242
60.9242
60.9242
60.9242
60.9242
60.9242
60.9242
60.9242
60.9242
60.9242
60.9242
60.9242
60.9242
60.9242
60.9242
60.9242
60.9242
60.9242
60.9242
60.9242
60.9242
60.9242
60.9242
60.9242
60.9242
60.9242
60.9242
60.9242
60.9242
60.9242
60.9242
60.9242
60.9242
60.9242
60.9242
60.9242
60.9242
60.9242
60.9242
60.9242
60.9242
60.9242
60.9242
60.9242
60.9242
60.9242
60.9242
60.9242
60.9242
60.9242
60.9242
60.9242
60.9242
60.9242
60.9242
60.9242
60.9242
60.9242
60.9242
60.9242
60.9242
60.9242
60.9242
60.9242
60.9242
60.9242
60.9242
60.9242
60.9242
60.9242
60.9242
60.9242
60.9242
60.9242
60.9242
60.9242
60.9242
60.9242
60.9242
60.9242
60.9242
60.9242
60.9242
60.9242
60.9242
60.9242
60.9242
60.9242
60.9242
60.9242
60.9242
60.9242
60.9242
60.9242
60.9242
60.9242
60.9242
60.9242
60.9242
60.9242
60.9242
60.9242
60.9242
60.9242
60.9242
60.9242
60.9242
60.9242
60.9242
60.9242
60.9242
60.9242
60.9242
60.9242
60.9242
60.9242
60.9242
60.9242
60.9242
60.9242
60.9242
60.9242
60.9242
60.9242
60.9242
60.9242
60.9242
60.9242
60.9242
60.9242
60.9242
60.9242
60.9242
60.9242
60.9242
60.9242
60.9242
60.9242
60.9242
60.9242
60.9242
60.9242
60.9242
60.9242
60.9242
60.9242
60.9242
60.9242
60.9242
60.9242
60.9242
60.9242
60.9242
60.9242
60.9242
60.9242
60.9242
60.9242
60.9242
60.9242
60.9242
60.9242
60.9242
60.9242
60.9242
60.9242
60.9242
60.9242
60.9242
60.9242
60.9242
60.9242
60.9242
60.9242
60.9242
60.9242
60.9242
60.9242
60.9242
60.9242
60.9242
60.9242
60.9242
60.9242
60.9242
60.9242
60.9242
60.9242
60.9242
60.9242
60.9242
60.9242
60.9242
60.9242
60.9242
60.9242
60.9242
60.9242
60.9242
60.9242
60.9242
60.9242
60.9242
60.9242
60.9242
60.9242
60.9242
60.9242
60.9242
60.9242
60.9242
60.9242
60.9242
60.9242
60.9242
60.9242
60.9242
60.9242
60.9242
60.9242
60.9242
60.9242
60.9242
60.9242
60.9242
60.9242
60.9242
60.9242
60.9242
60.9242
60.9242
60.9242
60.9242
60.9242
60.9242
60.9242
60.9242
60.9242
60.9242
60.9242
60.9242
60.9242
60.9242
60.9242
60.9242
60.9242
60.9242
60.9242
60.9242
60.9242
60.9242
60.9242
60.9242
60.9242
60.9242
60.9242
60.9242
60.9242
60.9242
60.9242
60.9242
60.9242
60.9242
60.9242
60.9242
60.9242
60.9242
60.9242
60.9242
60.9242
60.9242
60.9242
60.9242
60.9242
60.9242
60.9242
60.9242
60.9242
60.9242
60.9242
60.9242
60.9242
61.5877
60.9242
60.9242
60.9242
60.9242
60.9242
60.9242
60.9242
60.9242
60.9242
60.9242
60.9242
60.9242
60.9242
60.9242
60.9242
60.9242
60.9242
60.9242
60.9242
60.9242
60.9242
60.9242
60.9242
60.9242
60.9242
60.9242
60.9242
60.9242
60.9242
60.9242
60.9242
60.9242
60.9242
60.9242
60.9242
60.9242
60.9242
60.9242
60.9242
60.9242
60.9242
60.9242
60.9242
60.9242
60.9242
60.9242
60.9242
60.9242
60.9242
60.9242
60.9242
60.9242
60.9242
60.9242
60.9242
60.9242
60.9242
60.9242
60.9242
60.9242
60.9242
60.9242
60.9242
60.9242
60.9242
60.9242
60.9242
60.9242
60.9242
60.9242
60.9242
60.9242
60.9242
60.9242
60.9242
60.9242
60.9242
60.9242
60.9242
60.9242
60.9242
60.9242
60.9242
60.9242
60.9242
60.9242
60.9242
60.9242
60.9242
60.9242
60.9242
60.9242
60.9242
60.9242
60.9242
60.9242
60.9242
60.9242
60.9242
60.9242
60.9242
60.9242
60.9242
60.9242
60.9242
60.9242
60.9242
60.9242
60.9242
60.9242
60.9242
60.9242
60.9242
60.9242
60.9242
60.9242
60.9242
60.9242
60.9242
60.9242
60.9242
60.9242
60.9242
60.9242
60.9242
60.9242
60.9242
60.9242
60.9242
60.9242
60.9242
60.9242
60.9242
60.9242
60.9242
60.9242
60.9242
60.9242
60.9242
60.9242
60.9242
60.9242
60.9242
60.9242
60.9242
60.9242
60.9242
60.9242
60.9242
60.9242
60.9242
60.9242
60.9242
60.9242
60.9242
60.9242
60.9242
60.9242
60.9242
60.9242
60.9242
60.9242
60.9242
60.9242
60.9242
60.9242
60.9242
60.9242
60.9242
60.9242
60.9242
60.9242
60.9242
60.9242
60.9242
60.9242
60.9242
60.9242
60.9242
60.9242
60.9242
60.9242
60.9242
60.9242
60.9242
60.9242
60.9242
60.9242
60.9238
60.9233
60.9229
60.9242
60.9242
60.9242
60.9242
60.9242
60.9242
60.9242
60.9242
60.9242
60.9242
60.9242
60.9242
60.9242
60.9242
60.9242
60.9242
60.9242
60.9242
60.9242
60.9242
60.9242
60.9242
60.9242
60.9242
60.9242
60.9242
60.9242
60.9242
60.9242
60.9242
60.9242
60.9242
60.9242
60.9242
60.9242
60.9242
60.9242
60.9242
60.9242
60.9242
60.9242
60.9242
60.9242
60.9242
60.9242
60.9242
60.9242
60.9242
60.9242
60.9242
60.9242
60.9242
60.9242
60.9242
60.9242
60.9242
60.9242
60.9242
60.9242
60.9242
60.9242
60.9242
60.9242
60.9242
60.9242
60.9242
60.9242
60.9242
60.9238
60.9233
60.9238
60.9233
60.9238
60.9242
60.9242
60.9242
60.9242
60.9242
60.9242
60.9242
60.9242
60.9242
60.9242
60.9242
60.9242
60.9242
60.9242
60.9242
60.9242
60.9242
60.9242
60.9242
60.9242
60.9242
60.9242
60.9242
60.9242
60.9242
60.9242
60.9242
60.9242
60.9242
60.9242
60.9242
60.9242
60.9242
60.9242
60.9242
60.9242
60.9242
60.9242
60.9242
60.9242
60.9242
60.9242
60.9242
60.9242
60.9242
60.9242
60.9242
60.9242
60.9242
60.9242
60.9242
60.9242
60.9242
60.9242
60.9242
60.9238
60.9233
60.9225
60.9229
60.9221
60.9221
60.9238
60.9233
60.9238
60.9238
60.9242
60.9242
60.9242
60.9242
60.9242
60.9242
60.9242
60.9242
60.9242
60.9242
60.9242
60.9242
60.9242
60.9242
60.9242
60.9242
60.9242
60.9242
60.9242
60.9242
60.9242
60.9242
60.9242
60.9242
60.9242
60.9242
60.9242
60.9242
60.9242
60.9238
60.9233
60.9242
60.9242
60.9242
60.9242
60.9242
60.9242
60.9242
60.9242
60.9242
60.9242
60.9242
60.9242
60.9242
60.9242
60.9242
60.9242
60.9242
60.9242
60.9242
60.9233
60.9233
60.9233
60.9242
60.9242
60.9242
60.9242
60.9242
60.9242
60.9242
60.9242
60.9242
60.9242
60.9242
60.9242
60.9242
60.9242
60.9242
60.9242
60.9242
60.9233
60.9225
61.2301
60.9238
60.9242
60.9242
60.9242
60.9242
60.9242
60.9242
60.9242
60.9242
60.9242
60.9242
60.9242
60.9242
60.9242
60.9242
60.9242
60.9242
60.9242
60.9242
60.9242
60.9242
60.9242
60.9242
60.9242
60.9242
60.9242
60.9242
60.9242
60.9242
60.9242
60.9242
60.9242
60.9242
60.9242
60.9242
60.9242
60.9242
60.9242
60.9242
60.9242
60.9242
60.9242
60.9242
60.9242
60.9242
60.9242
60.9242
60.9242
60.9242
60.9242
60.9242
60.9242
60.9242
60.9242
60.9242
60.9242
60.9242
60.9242
60.9242
60.9242
60.9242
60.9242
60.9242
60.9242
60.9242
60.9242
60.9242
60.9242
60.9242
60.9242
60.9242
60.9242
60.9242
60.9242
60.9242
60.9242
60.9242
60.9242
60.9242
60.9242
60.9242
60.9242
60.9242
60.9242
60.9242
60.9242
60.9242
60.9242
60.9242
60.9242
60.9242
60.9242
60.9242
60.9242
60.9242
60.9242
60.9242
60.9242
60.9242
60.9242
60.9242
60.9242
60.9242
60.9242
60.9242
60.9242
60.9242
60.9242
60.9242
60.9242
60.9242
60.9242
60.9242
60.9242
60.9242
60.9242
60.9242
60.9189
60.9242
60.9242
60.9242
60.9242
60.9242
60.9242
60.9242
60.9242
60.9242
60.9242
60.9242
60.9242
60.9242
60.9242
60.9242
60.9242
60.9242
60.9242
60.9242
60.9242
60.9242
60.9242
60.9242
60.9242
60.9242
60.9242
60.9242
60.9242
60.9242
60.9242
60.9242
60.9242
60.9242
60.9242
60.9242
60.9242
60.9242
60.9242
60.9242
60.9242
60.9242
60.9242
60.9242
60.9242
60.9242
60.9242
60.9242
60.9242
60.9242
60.9242
60.9242
60.9242
60.9242
60.9242
60.9242
60.9242
60.9242
60.9242
60.9242
60.9242
60.9242
60.9242
60.9242
60.9242
60.9242
60.9242
60.9242
60.9242
60.9242
60.9242
60.9242
60.9242
60.9242
60.9242
60.9242
60.9242
60.9242
60.9242
60.9242
60.9189
60.9242
60.9242
60.9242
60.9242
60.9242
60.9242
60.9242
60.9242
60.9242
60.9242
60.9242
60.9242
60.9242
60.9242
60.9242
60.9242
60.9242
60.9242
60.9242
60.9242
60.9242
60.9242
60.9242
60.9242
60.9242
60.9242
60.9242
60.9242
60.9242
60.9242
60.9242
60.9242
60.9242
60.9242
60.9242
60.9242
60.9242
60.9242
60.9242
60.9242
60.9242
60.9242
60.9242
60.9242
60.9242
60.9242
60.9242
60.9242
60.9242
60.9242
60.9242
60.9242
60.9242
60.9242
60.9242
60.9242
60.9242
60.9242
60.9242
60.9242
60.9242
60.9242
60.9242
60.9242
60.9242
60.9242
60.9242
60.9242
60.9242
60.9242
60.9242
60.9242
60.9242
60.9242
60.9242
60.9242
60.9242
60.9242
60.9242
60.9242
60.9242
60.9242
60.9242
60.9242
60.9242
60.9242
60.9242
60.9242
60.9242
60.9242
60.9242
60.9242
60.9242
60.9242
60.9242
60.9242
60.9242
60.9242
60.9242
60.9242
60.9242
60.9242
60.9242
60.9242
60.9242
60.9242
60.9242
60.9242
60.9242
60.9242
60.9242
60.9242
60.9242
60.9242
60.9242
60.9242
60.9242
60.9242
60.9242
60.9242
60.9242
60.9242
60.9242
60.9242
60.9242
60.9242
60.9242
60.9242
60.9242
60.9242
60.9242
60.9242
60.9242
60.9242
60.9242
60.9242
60.9242
60.9242
60.9242
60.9137
60.9899
60.9242
60.9242
60.9242
60.9242
60.9242
60.9242
60.9242
60.9242
60.9242
60.9242
60.9242
60.9242
60.9242
60.9242
60.9242
60.9238
60.9242
60.9242
60.9242
60.9242
60.9242
60.9242
60.9242
60.9242
60.9242
60.9242
60.9242
60.9242
60.9242
60.9242
60.9242
60.9242
60.9242
60.9242
60.9242
60.9242
60.9242
60.9242
60.9137
60.9189
60.9189
60.9032
64.6466
60.9189
60.9242
60.9242
60.9242
60.9242
60.9242
60.9242
60.9242
60.9242
60.9242
60.9242
60.9242
60.9242
60.9242
60.9242
60.9242
60.9242
60.9242
60.9242
60.9242
60.9242
60.9242
60.9242
60.9242
60.9242
60.9242
60.9242
60.9242
60.9242
60.9242
60.9242
60.9242
60.9242
60.9242
60.9242
60.9137
60.9032
60.9032
60.898
60.9801
60.9242
60.9242
60.9242
60.9242
60.9242
60.9242
60.9242
60.9242
60.9242
60.9242
60.9242
60.9242
60.9242
60.9242
60.9242
60.9189
60.9242
60.9242
60.9242
60.9242
60.9242
60.9242
60.9242
60.9242
60.9242
60.9242
60.9242
60.9242
60.9242
60.9242
60.9242
60.9242
60.9242
60.9242
60.9242
60.9242
60.9242
60.9242
60.9242
60.9242
60.9242
60.9242
60.9242
60.9242
60.9242
60.9242
60.9242
60.9242
60.9242
60.9242
60.9242
60.9242
60.9242
60.9242
60.9242
60.9242
60.9242
60.9242
60.9242
60.9242
60.9242
60.9242
60.9242
60.9242
60.9242
60.9242
60.9242
60.9242
60.9242
60.9242
60.9242
60.9242
60.9242
60.9242
60.9242
60.9242
60.9242
60.9242
60.9242
60.9242
60.9242
60.9242
60.9242
60.9242
60.9242
60.9242
60.9242
60.9242
60.9242
60.9242
60.9242
60.9242
60.9242
60.9242
60.9242
60.9189
60.9242
60.9242
60.9242
60.9238
60.9233
60.9242
60.9242
60.9242
60.9242
60.9242
60.9242
60.9242
60.9242
60.9242
60.9242
60.9242
60.9242
60.9242
60.9242
60.9242
60.9242
60.9242
60.9242
60.9242
60.9242
60.9242
60.9242
60.9242
60.9242
60.9242
60.9242
60.9242
60.9242
60.9242
60.9242
60.9242
60.9242
60.9242
60.9242
60.9242
60.9242
60.9242
60.9242
60.9242
60.9242
60.9242
60.9242
60.9242
60.9242
60.9242
60.9242
60.9242
60.9242
60.9242
60.9242
60.9242
60.9242
60.9242
60.9242
60.9242
60.9242
60.9242
60.9242
60.9242
60.9242
60.9242
60.9242
60.9242
60.9242
60.9242
60.9242
60.9242
60.9242
60.9242
60.9242
60.9242
60.9242
60.9242
60.9242
60.9242
60.9242
60.9242
60.9242
60.9242
60.9242
60.9242
60.9242
60.9242
60.9242
60.9238
60.9233
60.9238
60.9242
60.9242
60.9242
60.9242
60.9242
60.9242
60.9242
60.9189
60.9242
60.9242
60.9242
60.9242
60.9242
60.9242
60.9242
60.9242
60.9238
60.9238
60.9225
63.1438
60.9238
60.9242
60.9242
60.9242
60.9242
60.9242
60.9242
60.9242
60.9242
60.9242
60.9242
60.9242
60.9242
60.9242
60.9242
60.9242
60.9242
60.9242
60.9242
60.9242
60.9242
60.9242
60.9242
60.9242
60.9242
60.9242
60.9242
60.9189
60.9137
60.9137
60.9189
60.9242
60.9242
60.9242
60.9242
60.9242
60.9242
60.9242
60.9242
60.9242
60.9242
60.9242
60.9242
60.9242
60.9242
60.9242
60.9242
60.9185
60.9233
60.9242
60.9242
60.9242
60.9242
60.9242
60.9242
60.9242
60.9242
60.9242
60.9242
60.9242
60.9242
60.9242
60.9242
60.9242
60.9242
60.9242
60.9242
60.9242
60.9242
60.9242
60.9242
60.9242
60.9242
60.9242
60.9242
60.9242
60.9242
60.9242
60.9242
60.9242
60.9242
60.9242
60.9242
60.9242
60.9242
60.9242
60.9242
60.9032
60.9032
60.9137
60.9137
60.9189
60.9242
60.9238
60.9233
60.9242
60.9242
60.9242
60.9242
60.9242
60.9242
60.9242
60.9242
60.9242
60.9242
60.9242
60.9242
60.9189
60.9242
60.9242
60.9242
60.9242
60.9242
60.9242
60.9242
60.9242
60.9242
60.9242
60.9242
60.9242
60.9242
60.9242
60.9242
60.9242
60.9242
60.9242
60.9242
60.9242
60.9242
60.9242
60.9242
60.9242
60.9242
60.9242
60.9242
60.9242
60.9238
60.9242
60.9242
60.9242
60.9242
60.9242
60.9242
60.9242
60.9242
60.9242
60.9242
60.9032
60.9032
60.9032
60.9189
60.898
60.898
60.8875
62.8905
61.4191
60.9084
60.9426
60.9242
60.9242
60.9242
60.9242
60.9242
60.9242
60.9242
60.9242
60.9242
60.9242
60.9242
60.9242
60.9242
60.9242
60.9242
60.9242
60.9242
60.9242
60.9242
60.9242
60.9242
60.9242
60.9242
60.9242
60.9242
60.9242
60.9242
60.9242
60.9242
60.9084
60.9084
60.9137
60.898
61.2429
62.8859
68.078
61.3729
63.2557
60.6623
60.6623
60.6623
60.6623
60.6623
60.6623
60.6623
60.6623
60.6623
60.6623
60.6623
60.6623
60.6623
60.6623
60.6623
60.6623
60.6623
60.6623
60.6623
60.6623
60.6623
60.6623
60.6623
60.6623
60.6623
60.6623
60.6623
60.6623
60.6623
60.6623
60.6623
60.6623
60.6623
60.6623
60.6623
60.6623
60.6623
60.6623
60.6623
60.6623
60.6623
60.6623
60.6623
60.6623
60.6623
60.6623
60.6623
60.6623
60.6623
60.6623
60.6623
60.6623
60.6623
60.6623
60.6623
60.6623
60.6623
60.6623
60.6623
60.6623
60.6623
60.6623
60.6623
60.6623
60.6623
60.6623
60.6623
60.6623
60.6623
60.6623
60.6623
60.6623
60.6623
60.6623
60.6623
60.6623
60.6623
60.6623
60.6623
60.6623
60.6623
60.6623
60.6623
60.6623
60.6623
60.6623
60.6623
60.6623
60.6623
60.6623
60.6623
60.6623
60.6623
60.6623
60.6623
60.6623
60.6623
60.6623
60.6623
60.6623
60.6623
60.6623
60.6623
60.6623
60.6623
60.6623
60.6623
60.6623
60.6623
60.6623
60.6623
60.6623
60.6623
60.6623
60.6623
60.6623
60.6623
60.6623
60.6623
60.6623
60.6623
60.6623
60.6623
60.6623
60.6623
60.6623
60.6623
60.6623
60.6623
60.6623
60.6623
60.6623
60.6623
60.6623
60.6623
60.6623
60.6623
60.6623
60.6623
60.6623
60.6623
60.6623
60.6623
60.6623
60.6623
60.6623
60.6623
60.6623
60.6623
60.6623
60.6623
60.6623
60.6623
60.6623
60.6623
60.6623
60.6623
60.6623
60.6623
60.6623
60.6623
60.6623
60.6623
60.6623
60.6623
60.6623
60.6623
60.6623
60.6623
60.6623
60.6623
60.6623
60.6623
60.6623
60.6623
60.6623
60.6623
60.6623
60.6623
60.6623
60.6623
60.6623
60.6623
60.6623
60.6623
60.6623
60.6623
60.6623
60.6623
60.6623
60.6623
60.6623
60.6623
60.6623
60.6623
60.6623
60.6623
60.6623
60.7108
60.6623
60.6623
60.6623
60.6623
60.6623
60.6623
60.6623
60.6623
60.6623
60.6623
60.6623
60.6623
60.6623
60.6623
60.6623
60.6623
60.6623
60.6623
60.6623
60.6623
60.6623
60.6623
60.6623
60.6623
60.6623
60.6623
60.6623
60.6623
60.6623
60.6623
60.6623
60.6623
60.6623
60.6623
60.6623
60.6623
60.6623
60.6623
60.6623
60.6623
60.6623
60.6623
60.6623
60.6623
60.6623
60.6623
60.6623
60.6623
60.6623
60.6623
60.6623
60.6623
60.6623
60.6623
60.6623
60.6623
60.6623
60.6623
60.6623
60.6623
60.6623
60.6623
60.6623
60.6623
60.6623
60.6623
60.6623
60.6623
60.6623
60.6623
60.6623
60.6623
60.6623
60.6623
60.6623
60.6623
60.6623
60.6623
60.6623
60.6623
60.6623
60.6623
60.6623
60.6623
60.6623
60.6623
60.6623
60.6623
60.6623
60.6623
60.6623
60.6623
60.6623
60.6623
60.6623
60.6623
60.6623
60.6623
60.6623
60.6623
60.6623
60.6623
60.6623
60.6623
60.6623
60.6623
60.6623
60.6623
60.6623
60.6623
60.6623
60.6623
60.6623
60.6623
60.6623
60.6623
60.6623
60.6623
60.6623
60.6623
60.6623
60.6623
60.6623
60.6623
60.6623
60.6623
60.6623
60.6623
60.6623
60.6623
60.6623
60.6623
60.6623
60.6623
60.6623
60.6623
60.6623
60.6623
60.6623
60.6623
60.6623
60.6623
60.6623
60.6623
60.6623
60.6623
60.6623
60.6623
60.6623
60.6623
60.6623
60.6623
60.6623
60.6623
60.6623
60.6623
60.6623
60.6623
60.6623
60.6623
60.6623
60.6623
60.6623
60.6623
60.6623
60.6623
60.6623
60.6623
60.6623
60.6623
60.6623
60.6623
60.6623
60.6623
60.6623
60.6623
60.6623
60.6623
60.6623
60.6623
60.6623
60.6623
60.6623
60.6623
60.6623
60.6623
60.6623
60.6623
60.6623
60.6623
60.6623
60.6623
60.6623
60.6623
60.6623
60.6623
60.6623
60.6623
60.6623
60.6623
60.6623
60.6623
60.6623
60.6623
60.6623
60.6623
60.6623
60.6623
60.6623
60.6623
60.6623
60.6623
60.6623
60.6623
60.6623
60.6623
60.6623
60.6623
60.6623
60.6623
60.6623
60.6623
60.6623
60.6623
60.6623
60.6623
60.6623
60.6623
60.6623
60.6623
60.6623
60.6623
60.6623
60.6623
60.6623
60.6623
60.6623
60.6623
60.6623
60.6623
60.6623
60.6623
60.6623
60.6623
60.6623
60.6623
60.6623
60.6623
60.6623
60.6623
60.6623
60.6623
60.6623
60.6623
60.6623
60.6623
60.6623
60.6623
60.6623
60.6623
60.6623
60.6623
60.6623
60.6623
60.6623
60.6623
60.6623
60.6623
60.6623
60.6623
60.6623
60.6623
60.6623
60.6623
60.6623
60.6623
60.6623
60.6623
60.6623
60.6623
60.6623
60.6623
60.6623
60.6623
60.6623
60.6623
60.6623
60.6623
60.6623
60.6623
60.6623
60.6623
60.6623
60.6623
60.6623
60.6623
60.6623
60.6623
60.6623
60.6623
60.6623
60.6623
60.6623
60.6623
60.6623
60.6623
60.6623
60.6623
60.6623
60.6623
60.6623
60.6623
60.6623
60.6623
60.6623
60.6623
60.6623
60.6623
60.6623
60.6623
60.6623
60.6623
60.6623
60.6623
60.6623
60.6623
60.6623
60.6623
60.6623
60.6623
60.6623
60.6623
60.6623
60.6623
60.6623
60.6623
60.6623
60.6623
60.6623
60.6623
60.6623
60.6623
60.6623
60.6623
60.6623
60.6623
60.6623
60.6623
60.6623
60.6623
60.6623
60.6623
60.6623
60.6623
60.6623
60.6623
60.6623
60.6623
60.6623
60.6623
60.6623
60.6623
60.6623
60.6623
60.6623
60.6623
60.6623
60.6623
60.6623
60.6623
60.6623
60.6623
60.6623
60.6623
60.6623
60.6623
60.6623
60.6623
60.6623
60.6623
60.6623
60.6623
60.6623
60.6623
60.6623
60.6623
60.6623
60.6623
60.6623
60.6623
60.6623
60.6623
60.6623
60.6623
60.6623
60.6623
60.6623
60.6623
60.6623
60.6623
60.6623
60.6623
60.6623
60.6623
60.6623
60.6623
60.6623
60.6623
60.6623
60.6623
60.6623
60.6623
60.6623
60.6623
60.6623
60.6623
60.6623
60.6623
60.6623
60.6623
60.6623
60.6623
60.6623
60.6623
60.6623
60.6623
60.6623
60.6623
60.6623
60.6623
60.6623
60.6623
60.6623
60.6623
60.6623
60.6623
60.6623
60.6623
60.6623
60.6623
60.6623
60.6623
60.6623
60.6623
60.6623
60.6623
60.6623
60.6623
60.6623
60.6623
60.6623
60.6623
60.6623
60.6623
60.6623
60.6623
60.6623
60.6623
60.6623
60.6623
60.6623
60.6623
60.6623
60.6623
60.6623
60.6623
60.6623
60.6623
60.6623
60.6623
60.6623
60.6623
60.6623
60.6623
60.6623
60.6623
60.6623
60.6623
60.6623
60.6623
60.6623
60.6623
60.6623
60.6623
60.6623
60.6623
60.6623
60.6623
60.6623
60.6623
60.6623
60.6623
60.6623
60.6623
60.6623
60.6623
60.6623
60.6623
60.6623
60.6623
60.6623
60.6623
60.6623
60.6623
60.6623
60.6623
60.6623
60.6623
60.6623
60.6623
60.6623
60.6623
60.6614
60.6605
60.6541
60.6478
60.6287
60.6169
60.6169
60.6169
60.6169
60.6169
60.6169
60.6169
60.6169
60.6169
60.6169
60.6169
60.6169
60.6169
60.6169
60.6169
60.6169
60.6169
60.6169
60.6169
60.6169
60.6169
60.6169
60.6169
60.6169
60.6169
60.6169
60.6169
60.6169
60.6169
60.6169
60.6169
60.6169
60.6169
60.6169
60.6169
60.6169
60.6169
60.6169
60.6169
60.6169
60.6169
60.6169
60.6169
60.6169
60.6169
60.6169
60.6169
60.6169
60.6169
60.6169
60.6169
60.6169
60.6169
60.6169
60.6169
60.6169
60.6169
60.6169
60.6169
60.6169
60.6169
60.6169
60.6875
64.7335
60.6169
60.6169
60.6169
60.6169
60.6169
60.6169
60.6169
60.6169
60.6169
60.6169
60.6169
60.6169
60.6169
60.6169
60.6169
60.6169
60.6169
60.6169
60.6169
60.6169
60.6169
60.6169
60.6169
60.6169
60.6169
60.6169
60.6169
60.6169
60.6169
60.6169
60.6169
60.6169
60.6169
60.6169
60.6169
60.6169
60.6169
60.6169
60.6169
60.6169
60.6169
60.6169
60.6169
60.6169
60.6169
60.6114
60.595
60.5786
60.5184
60.3597
60.3433
60.3433
60.3433
60.3433
60.3433
60.3433
60.3433
60.3433
60.3433
60.3433
60.3433
60.3433
60.3433
60.3433
60.3433
60.3433
60.3433
60.3433
60.3433
60.3433
60.3433
60.3433
60.3433
60.3433
60.3433
60.3433
60.3433
60.3433
60.3433
60.3433
60.3433
60.3433
60.3433
60.3433
60.3433
60.3433
60.3433
60.3433
60.3433
60.3433
60.3433
60.3433
60.3433
60.3433
60.3433
60.3433
60.3433
60.3433
60.3433
60.3433
60.3433
60.3433
60.3433
60.3433
60.3433
60.3433
60.3433
60.3433
60.3433
60.3433
60.3433
60.3433
60.3433
60.3433
60.3433
60.3433
60.3433
60.3433
60.3433
60.3433
60.3433
60.3433
60.3433
60.3433
60.3433
60.3433
60.3433
60.3433
60.3433
60.3433
60.3433
60.3433
60.3433
60.3433
60.3433
60.3433
60.3433
60.3433
60.3433
60.3433
60.3433
60.3433
60.3433
60.3433
60.3433
60.3433
60.3433
60.3433
60.3433
60.3433
60.3433
60.3433
60.3433
60.3433
60.3433
60.3433
60.3433
60.3433
60.3433
60.3433
60.3433
60.3433
60.3433
60.3433
60.3433
60.3433
60.3433
60.3433
60.3433
60.3433
60.3433
60.3433
60.3433
60.3433
60.3433
60.3433
60.3433
60.3433
60.3433
60.3433
60.3433
60.3433
60.3433
60.3433
60.3433
60.3433
60.3433
60.3433
60.3433
60.3433
60.3433
60.3433
60.3433
60.3433
60.3433
60.3433
60.3433
60.3433
60.3433
60.3433
60.3433
60.3433
60.3433
60.3433
60.3433
60.3433
60.3433
60.3433
60.3433
60.3433
60.3433
60.3433
60.3433
60.3433
60.3433
60.3433
60.3433
60.3433
60.3433
60.3433
60.3433
60.3433
60.3433
60.3433
60.3433
60.3433
60.3433
60.3433
60.3433
60.3433
60.3433
60.3433
60.3433
60.3433
60.3433
60.3433
60.3433
60.3433
60.3433
60.3433
60.3433
60.3433
60.3433
60.3433
60.3433
60.3433
60.3433
60.3433
60.3433
60.3433
60.3433
60.3433
60.3433
60.3433
60.3433
60.3433
60.3433
60.3433
60.3433
60.3433
60.3433
60.3433
60.3433
60.3433
60.3433
60.3433
60.3433
60.3433
60.3433
60.3433
60.3433
60.3433
60.3433
60.3433
60.3433
60.3433
60.3433
60.3433
60.3433
60.3433
60.3433
60.3433
60.3433
60.3433
60.3433
60.3433
60.3433
60.3433
60.3433
60.3433
60.3433
60.3433
60.3433
60.3433
60.3433
60.3433
60.3433
60.3433
60.3433
60.3433
60.3433
60.3433
60.3433
60.3433
60.3433
60.3433
60.3433
60.3433
60.3433
60.3433
60.3433
60.3433
60.3433
60.3433
60.3433
60.3433
60.3433
60.3433
60.3433
60.3433
60.3433
60.3433
60.3433
60.3433
60.3433
60.3433
60.3433
60.3433
60.3433
60.3433
60.3433
60.3433
60.5724
60.3433
60.3433
60.3433
60.3433
60.3433
60.3433
60.3433
60.3433
60.3433
60.3433
60.3433
60.3433
60.3433
60.3433
60.3433
60.3433
60.3433
60.3433
60.3433
60.3433
60.3433
60.3433
60.3433
60.3433
60.3433
60.3433
60.3433
60.3433
60.3433
60.3433
60.3433
60.3433
60.3433
60.3433
60.3433
60.3433
60.3433
60.3433
60.3433
60.3433
60.3433
60.3433
60.3433
60.3433
60.3433
60.3433
60.3433
60.3433
60.3433
60.3433
60.3433
60.3433
60.3433
60.3433
60.3433
60.3433
60.3433
60.3433
60.3433
60.3433
60.3433
60.3433
60.3433
60.3433
60.3433
60.3433
60.3433
60.3433
60.3433
60.3433
60.4322
60.3433
60.3433
60.3433
60.3433
60.3433
60.3433
60.3433
60.3433
60.3433
60.3433
60.3433
60.3433
60.3433
60.3433
60.3433
60.3433
60.3433
60.3433
60.3433
60.3433
60.3433
60.3433
60.3433
60.3433
60.3433
60.3433
60.3433
60.3433
60.3433
60.3433
60.3433
60.3433
60.3433
60.3433
60.3433
60.3433
60.3433
60.3433
60.3433
60.3433
60.3433
60.3433
60.3433
60.3433
60.3433
60.3433
60.3433
60.3433
60.3433
60.3433
60.3433
60.3433
60.3433
60.3433
60.3433
60.3433
60.3433
60.3433
60.3433
60.3433
60.3433
60.3433
60.3433
60.3433
60.3433
60.3433
60.3433
60.3433
60.3433
60.3433
60.3433
60.3433
60.3433
60.3433
60.3433
60.3433
60.3433
60.3433
60.3433
60.3433
60.3433
60.3433
60.3433
60.3433
60.3433
60.3433
60.3433
60.3433
60.3433
60.3433
60.3433
60.3433
60.3433
60.3433
60.3433
60.3433
60.3433
60.3433
60.3433
60.3433
60.3433
60.3433
60.3433
60.3433
60.3433
60.3433
60.3433
60.3433
60.3433
60.3433
60.3433
60.3433
60.3433
60.3433
60.3433
60.3433
60.3433
60.3433
60.3433
60.3433
60.3433
60.3433
60.3433
60.3433
60.3433
60.3433
60.3433
60.3433
60.3433
60.3433
60.3433
60.3433
60.3433
60.3433
60.3433
60.3433
60.3433
60.3433
60.3433
60.3433
60.3433
60.3433
60.3433
60.3433
60.3433
60.3433
60.3433
60.3433
60.3433
60.3433
60.3433
60.3433
60.3433
60.3433
60.3433
60.3433
60.3433
60.3433
60.3433
60.3433
60.3433
60.3433
60.3433
60.3433
60.3433
60.3433
60.3433
60.3433
60.3433
60.3433
60.3433
60.3433
60.3433
60.3433
60.3433
60.3433
60.3433
60.3433
60.3433
60.3433
60.3433
60.3433
60.3433
60.3433
60.3433
60.3433
60.3433
60.3433
60.3433
60.3433
60.3433
60.3433
60.3433
60.3433
60.3433
60.3433
60.3433
60.3433
60.3433
60.3433
60.3433
60.3433
60.3433
60.3433
60.3433
60.3433
60.3433
60.3433
60.3433
60.3433
60.3433
60.3433
60.3433
60.3433
60.3433
60.3433
60.3433
60.3433
60.3433
60.3433
60.3433
60.3433
60.3433
60.3433
60.3433
60.3433
60.3433
60.3433
60.3433
60.3433
60.3433
60.3433
60.3433
60.3433
60.3433
60.3433
60.3433
60.3433
60.3433
60.3433
60.3433
60.3433
60.3433
60.3433
60.3433
60.3433
60.3433
60.3433
60.3433
60.3433
60.3433
60.3433
60.3433
60.3433
60.3433
60.3433
60.3433
60.3433
60.3433
60.3433
60.3433
60.3433
60.3433
60.3433
60.3433
60.3433
60.3433
60.3433
60.3433
60.3433
60.3433
60.3433
60.3433
60.3433
60.3433
60.3433
60.3433
60.3433
60.3433
60.3433
60.3433
60.3433
60.3433
60.3433
60.3433
60.3433
60.3433
60.3433
60.3433
60.3433
60.3433
60.3433
60.3433
60.3433
60.3433
60.3433
60.3433
60.3433
60.3433
60.3433
60.3433
60.3433
60.3433
60.3433
60.3433
60.3433
60.3433
60.3433
60.3433
60.3433
60.3433
60.3433
60.3433
60.3433
60.3433
60.3433
60.3433
60.3433
60.3433
60.3433
60.3433
60.3433
60.3433
60.3433
60.3433
60.3433
60.3433
60.3433
60.3433
60.3433
60.3433
60.3433
60.3433
60.3433
60.3433
60.3433
60.3433
60.3433
60.3433
60.3433
60.3433
60.3433
60.3433
60.3433
60.3433
60.3433
60.3433
60.3433
60.3433
60.3433
60.3433
60.3433
60.3433
60.3433
60.3561
60.3433
60.3433
60.3433
60.3433
60.3433
60.3433
60.3433
60.3433
60.3433
60.3433
60.3433
60.3433
60.3433
60.3433
60.3433
60.3433
60.3433
60.3433
60.3433
60.3433
60.3433
60.3433
60.3433
60.3433
60.3433
60.3433
60.3433
60.3433
60.3433
60.3433
60.3433
60.3433
60.3433
60.3433
60.3433
60.3433
60.3433
60.3433
60.3433
60.3433
60.3433
60.3433
60.3433
60.3433
60.3433
60.3433
60.3433
60.3433
60.3433
60.3433
60.3433
60.3433
60.3433
60.3433
60.3433
60.3433
60.3433
60.3433
60.3433
60.3433
60.3433
60.3433
60.3433
60.3433
60.3433
60.3433
60.3433
60.3433
60.3433
60.3433
60.3433
60.3433
60.3433
60.3433
60.3433
60.3433
60.3433
60.3433
60.3433
60.3433
60.3433
60.3433
60.3433
60.3433
60.3433
60.3433
60.3433
60.3433
60.3433
60.3433
60.3433
60.3433
60.3433
60.3433
60.3433
60.3433
60.3433
60.3433
60.3433
60.3433
60.3433
60.3433
60.3433
60.3433
60.3433
60.3433
60.3433
60.3433
60.3433
60.3433
60.3433
60.3433
60.3433
60.3433
60.3433
60.3433
60.3433
60.3433
60.3433
60.3433
60.3433
60.3433
60.3433
60.3433
60.3433
60.3433
60.3433
60.3433
60.3433
60.3433
60.3433
60.3433
60.3433
60.3433
60.3433
60.3433
60.3433
60.3433
60.3433
60.3433
60.3433
60.3433
60.3433
60.3433
60.3433
60.3433
60.3433
60.3433
60.3433
60.3433
60.3433
60.3433
60.3433
60.3433
60.3433
60.3433
60.3433
60.3433
60.3433
60.3433
60.3433
60.3433
60.3433
60.3433
60.3433
60.3433
60.3433
60.3433
60.3433
60.3433
60.3433
60.3433
60.3433
60.3433
60.3433
60.3433
60.3433
60.3433
60.3433
60.3433
60.3433
60.3433
60.3433
60.3433
60.3433
60.3433
60.3433
60.3433
60.3433
60.3433
60.3433
60.3433
60.3433
60.3433
60.3433
60.3433
60.3433
60.3433
60.3433
60.3433
60.3433
60.3433
60.3433
60.3433
60.3433
60.3433
60.3433
60.3433
60.3433
60.3433
60.3433
60.3433
60.3433
60.3433
60.3433
60.3433
60.3433
60.3433
60.3433
60.3433
60.3433
60.3433
60.3433
60.3433
60.3433
60.3433
60.3433
60.3433
60.3433
60.3433
60.3433
60.3433
60.3399
60.3359
60.3201
60.315
60.315
60.315
60.315
60.315
60.315
60.315
60.315
60.315
60.315
60.315
60.315
60.315
60.315
60.315
60.315
60.315
60.315
60.315
60.315
60.315
60.315
60.315
60.315
60.315
60.315
60.315
60.315
60.315
60.315
60.315
60.315
60.315
60.315
60.315
60.315
60.315
60.315
60.315
60.315
60.315
60.315
60.315
60.315
60.315
60.315
60.315
60.315
60.315
60.315
60.315
60.315
60.315
60.315
60.315
60.315
60.315
60.315
60.315
60.315
60.315
60.315
60.315
60.315
60.315
60.315
60.315
60.315
60.315
60.315
60.315
60.315
60.315
60.315
60.315
60.315
60.315
60.315
60.315
60.315
60.315
60.315
60.315
60.315
60.315
60.315
60.315
60.315
60.315
60.315
60.315
60.315
60.315
60.315
60.315
60.315
60.315
60.315
60.315
60.315
60.315
60.315
60.315
60.315
60.315
60.315
60.315
60.315
60.315
60.315
60.315
60.315
60.315
60.315
60.315
60.315
60.315
60.315
60.315
60.315
60.315
60.315
60.315
60.315
60.315
60.315
60.315
60.315
60.315
60.315
60.315
60.315
60.315
60.315
60.315
60.315
60.315
60.315
60.315
60.315
60.315
60.315
60.315
60.315
60.315
60.315
60.315
60.315
60.315
60.315
60.315
60.315
60.315
60.315
60.315
60.315
60.315
60.315
60.315
60.315
60.315
60.315
60.315
60.315
60.315
60.315
60.315
60.315
60.315
60.315
60.315
60.315
60.315
60.315
60.315
60.315
60.315
60.315
60.315
60.315
60.315
60.315
60.315
60.315
60.315
60.315
60.315
60.315
60.315
60.315
60.315
60.315
60.315
60.315
60.315
60.315
60.315
60.315
60.315
60.315
60.315
60.315
60.315
60.315
60.315
60.315
60.315
60.315
60.315
60.315
60.315
60.315
60.315
60.315
60.315
60.315
60.315
60.315
60.315
60.315
60.315
60.315
60.315
60.315
60.315
60.315
60.315
60.315
60.315
60.315
60.315
60.315
60.315
60.315
60.315
60.315
60.315
60.315
60.315
60.315
60.315
60.315
60.315
60.315
60.315
60.315
60.315
60.315
60.315
60.315
60.315
60.315
60.315
60.315
60.315
60.315
60.315
60.315
60.315
60.315
60.315
60.315
60.315
60.315
60.315
60.315
60.315
60.315
60.315
60.315
60.315
60.315
60.315
60.315
60.315
60.315
60.315
60.315
60.315
60.315
60.315
60.315
60.315
60.315
60.315
60.315
60.315
60.315
60.315
60.315
60.315
60.315
60.315
60.315
60.315
60.315
60.315
60.315
60.315
60.315
60.315
60.315
60.315
60.315
60.315
60.315
60.315
60.315
60.315
60.315
60.315
60.315
60.315
60.315
60.315
60.315
60.315
60.315
60.315
60.315
60.315
60.315
60.315
60.315
60.315
60.315
60.315
60.315
60.315
60.315
60.315
60.315
60.315
60.315
60.315
60.315
60.315
60.315
60.315
60.315
60.315
60.315
60.315
60.315
60.315
60.315
60.315
60.315
60.315
60.315
60.315
60.315
60.315
60.315
60.315
60.315
60.315
60.315
60.315
60.315
60.315
60.315
60.315
60.315
60.315
60.315
60.315
60.315
60.315
60.315
60.315
60.315
60.315
60.315
60.315
60.315
60.315
60.315
60.315
60.315
60.315
60.315
60.315
60.315
60.315
60.315
60.315
60.315
60.315
60.315
60.315
60.315
60.315
60.315
60.315
60.315
60.315
60.315
60.315
60.315
60.315
60.315
60.315
60.315
60.315
60.315
60.315
60.315
60.315
60.315
60.315
60.315
60.315
60.315
60.315
60.315
60.315
60.315
60.315
60.315
60.315
60.315
60.315
60.315
60.315
60.315
60.315
60.315
60.315
60.315
60.315
60.315
60.315
60.315
60.315
60.315
60.315
60.315
60.315
60.315
60.315
60.315
60.315
60.315
60.315
60.315
60.315
60.315
60.315
60.315
60.315
60.315
60.315
60.315
60.315
60.315
60.315
60.315
60.315
60.315
60.315
60.315
60.315
60.315
60.315
60.315
60.315
60.315
60.315
60.315
60.315
60.315
60.315
60.315
60.315
60.315
60.315
60.315
60.315
60.315
60.315
60.315
60.315
60.315
60.315
60.315
60.315
60.315
60.315
60.315
60.315
60.315
60.315
60.315
60.315
60.315
60.315
60.315
60.315
60.315
60.315
60.315
60.315
60.315
60.315
60.315
60.315
60.315
60.315
60.315
60.315
60.315
60.315
60.315
60.315
60.315
60.315
60.315
60.315
60.315
60.315
60.315
60.315
60.315
60.315
60.315
60.315
60.315
60.315
60.315
60.315
60.315
60.315
60.315
60.315
60.315
60.315
60.315
60.315
60.315
60.315
60.315
60.315
60.315
60.315
60.315
60.315
60.315
60.315
60.315
60.315
60.315
60.315
60.315
60.315
60.315
60.315
60.315
60.315
60.315
60.315
60.315
60.315
60.315
60.315
60.315
60.315
60.315
60.315
60.315
60.315
60.315
60.315
60.315
60.315
60.315
60.315
60.315
60.315
60.315
60.315
60.315
60.315
60.315
60.315
60.315
60.315
60.315
60.315
60.315
60.315
60.315
60.315
60.315
60.315
60.315
60.315
60.315
60.315
60.315
60.315
60.315
60.315
60.315
60.315
60.315
60.315
60.315
60.315
60.315
60.315
60.315
60.315
60.315
60.315
60.315
60.315
60.315
60.315
60.315
60.315
60.315
60.315
60.315
60.315
60.315
60.315
60.315
60.315
60.315
60.315
60.315
60.315
60.315
60.315
60.315
60.315
60.315
60.315
60.315
60.315
60.315
60.315
60.315
60.315
60.315
60.315
60.315
60.315
60.315
60.315
60.315
60.315
60.315
60.315
60.315
60.315
60.315
60.315
60.315
60.315
60.315
60.315
60.315
60.315
60.315
60.315
60.315
60.315
60.315
60.315
60.315
60.315
60.315
60.315
60.315
60.315
60.315
60.315
60.315
60.315
60.315
60.315
60.315
60.315
60.315
60.315
60.315
60.315
60.315
60.315
60.315
60.315
60.315
60.315
60.315
60.315
60.315
60.315
60.315
60.315
60.315
60.315
60.315
60.315
60.315
60.315
60.315
60.315
60.315
60.315
60.315
60.315
60.315
60.315
60.315
60.315
60.315
60.315
60.315
60.315
60.315
60.315
60.315
60.315
60.315
60.315
60.315
60.315
60.315
60.315
60.315
60.315
60.315
60.315
60.315
60.315
60.315
60.315
60.315
60.315
60.315
60.315
60.315
60.315
60.315
60.315
60.315
60.315
60.315
60.315
60.315
60.315
60.315
60.315
60.315
60.315
60.315
60.315
60.315
60.315
60.315
60.315
60.315
60.315
60.315
60.315
60.315
60.315
60.315
60.315
60.315
60.315
60.315
60.315
60.315
60.315
60.315
60.315
60.315
60.315
60.315
60.315
60.315
60.315
60.315
60.315
60.315
60.315
60.315
60.315
60.315
60.315
60.315
60.315
60.315
60.315
60.315
60.315
60.315
60.315
60.315
60.315
60.315
60.315
60.315
60.315
60.315
60.315
60.315
60.315
60.315
60.315
60.315
60.315
60.315
60.315
60.315
60.315
60.315
60.315
60.315
60.315
60.315
60.315
60.315
60.315
60.315
60.315
60.315
60.315
60.315
60.315
60.315
60.315
60.315
60.315
60.315
60.315
60.315
60.315
60.315
60.315
60.315
60.315
60.315
60.315
60.315
60.315
60.315
60.315
60.315
60.315
60.315
60.315
60.315
60.315
60.315
60.315
60.315
60.315
60.315
60.315
60.315
60.315
60.315
60.315
60.315
60.315
60.315
60.315
60.315
60.315
60.315
60.315
60.315
60.315
60.315
60.315
60.315
60.315
60.315
60.315
60.315
60.315
60.315
60.315
60.315
60.315
60.315
60.315
60.315
60.315
60.315
60.315
60.315
60.315
60.315
60.315
60.315
60.315
60.315
60.315
60.315
60.315
60.315
60.315
60.315
60.315
60.315
60.315
60.315
60.315
60.315
60.315
60.315
60.315
60.315
60.315
60.315
60.315
60.315
60.315
60.315
60.315
60.315
60.315
60.315
60.315
60.315
60.315
60.315
60.315
60.315
60.315
60.315
60.315
60.315
60.315
60.315
60.315
60.315
60.315
60.315
60.315
60.315
60.315
60.315
60.315
60.315
60.315
60.315
60.315
60.315
60.315
60.315
60.315
60.315
60.315
60.315
60.315
60.315
60.315
60.315
60.315
60.315
60.315
60.315
60.315
60.315
60.315
60.315
60.315
60.315
60.315
60.315
60.315
60.315
60.315
60.315
60.315
60.315
60.315
60.315
60.315
60.315
60.315
60.315
60.315
60.315
60.315
60.315
60.315
60.315
60.315
60.315
60.315
60.315
60.315
60.315
60.315
60.315
60.315
60.315
60.315
60.315
60.315
60.315
60.315
60.315
60.315
60.315
60.315
60.315
60.315
60.315
60.315
60.315
60.315
60.315
60.315
60.315
60.315
60.315
60.315
60.315
60.315
60.315
60.315
60.315
60.315
60.315
60.315
60.315
60.315
60.315
60.315
60.315
60.315
60.315
60.315
60.315
60.315
60.315
60.315
60.315
60.315
60.315
60.315
60.315
60.315
60.315
60.315
60.315
60.315
60.315
60.315
60.315
60.315
60.315
60.315
60.315
60.315
60.315
60.315
60.315
60.315
60.315
60.315
60.315
60.315
60.315
60.315
60.315
60.315
60.315
60.315
60.315
60.315
60.315
60.315
60.315
60.315
60.315
60.315
60.315
60.315
60.315
60.315
60.315
60.315
60.315
60.315
60.315
60.315
60.315
60.315
60.315
60.315
60.315
60.315
60.315
60.315
60.315
60.315
60.315
60.315
60.315
60.315
60.315
60.315
60.315
60.315
60.315
60.315
60.315
60.315
60.315
60.315
60.315
60.315
60.315
60.315
60.315
60.315
60.315
60.315
60.315
60.315
60.315
60.315
60.315
60.315
60.315
60.315
60.315
60.315
60.315
60.315
60.315
60.315
60.315
60.315
60.315
60.315
60.315
60.315
60.315
60.315
60.315
60.315
60.315
60.315
60.315
60.315
60.315
60.315
60.315
60.315
60.315
60.315
60.315
60.315
60.315
60.315
60.315
60.315
60.315
60.315
60.315
60.315
60.315
60.315
60.315
60.315
60.315
60.315
60.315
60.315
60.315
60.315
60.315
60.315
60.315
60.315
60.315
60.315
60.315
60.315
60.315
60.315
60.315
60.315
60.315
60.315
60.315
60.315
60.315
60.315
60.315
60.315
60.315
60.315
60.315
60.315
60.315
60.315
60.315
60.315
60.315
60.315
60.315
60.315
60.315
60.315
60.315
60.315
60.315
60.315
60.315
60.315
60.315
60.315
60.315
60.315
60.315
60.315
60.315
60.315
60.315
60.315
60.315
60.315
60.315
60.315
60.315
60.315
60.315
60.315
60.315
60.315
60.315
60.315
60.315
60.315
60.315
60.315
60.315
60.315
60.315
60.315
60.315
60.315
60.315
60.315
60.315
60.315
60.315
60.315
60.315
60.315
60.315
60.315
60.315
60.315
60.315
60.315
60.315
60.315
60.315
60.315
60.315
60.315
60.315
60.315
60.315
60.315
60.315
60.315
60.315
60.315
60.315
60.315
60.315
60.315
60.315
60.315
60.315
60.315
60.315
60.315
60.315
60.315
60.315
60.315
60.315
60.315
60.315
60.315
60.315
60.315
60.315
60.315
60.315
60.315
60.315
60.315
60.315
60.315
60.315
60.315
60.315
60.315
60.315
60.315
60.315
60.315
60.315
60.315
60.315
60.315
60.315
60.315
60.315
60.315
60.315
60.315
60.315
60.315
60.315
60.315
60.315
60.315
60.315
60.315
60.315
60.315
60.315
60.315
60.315
60.315
60.315
60.315
60.315
60.315
60.315
60.315
60.315
60.315
60.315
60.315
60.315
60.315
60.315
60.315
60.315
60.315
60.315
60.315
60.315
60.315
60.315
60.315
60.315
60.315
60.315
60.315
60.315
60.315
60.315
60.315
60.315
60.315
60.315
60.315
60.315
60.315
60.315
60.315
60.315
60.315
60.315
60.315
60.315
60.315
60.315
60.315
60.315
60.315
60.315
60.315
60.315
60.315
60.315
60.315
60.315
60.315
60.315
60.315
60.315
60.315
60.315
60.315
60.315
60.315
60.315
60.315
60.315
60.315
60.315
60.315
60.315
60.315
60.315
60.315
60.315
60.315
60.315
60.315
60.315
60.315
60.315
60.315
60.315
60.315
60.315
60.315
60.315
60.315
60.315
60.315
60.315
60.315
60.315
60.315
60.315
60.315
60.315
60.315
60.315
60.315
60.315
60.315
60.315
60.315
60.315
60.315
60.315
60.315
60.315
60.315
60.315
60.315
60.315
60.315
60.315
60.315
60.315
60.315
60.315
60.315
60.315
60.315
60.315
60.315
60.315
60.315
60.315
60.315
60.315
60.315
60.315
60.315
60.315
60.315
60.315
60.315
60.315
60.315
60.315
60.315
60.315
60.315
60.315
60.315
60.315
60.315
60.315
60.315
60.315
60.315
60.315
60.315
60.315
60.315
60.315
60.315
60.315
60.315
60.315
60.315
60.315
60.315
60.315
60.315
60.315
60.315
60.315
60.315
60.315
60.315
60.315
60.315
60.315
60.315
60.315
60.315
60.315
60.315
60.315
60.315
60.315
60.315
60.315
60.315
60.315
60.315
60.315
60.315
60.315
60.315
60.315
60.315
60.315
60.315
60.315
60.315
60.315
60.315
60.315
60.315
60.315
60.315
60.315
60.315
60.315
60.315
60.315
60.315
60.315
60.315
60.315
60.315
60.315
60.315
60.315
60.315
60.315
60.315
60.315
60.315
60.315
60.315
60.315
60.315
60.315
60.315
60.315
60.315
60.315
60.315
60.315
60.315
60.315
60.315
60.315
60.315
60.315
60.315
60.315
60.315
60.315
60.315
60.315
60.315
60.315
60.315
60.315
60.315
60.315
60.315
60.315
60.315
60.315
60.315
60.315
60.315
60.315
60.315
60.315
60.315
60.315
60.315
60.315
60.315
60.315
60.315
60.315
60.315
60.315
60.315
60.315
60.315
60.315
60.315
60.315
60.315
60.315
60.315
60.315
60.315
60.315
60.315
60.315
60.315
60.315
60.315
60.315
60.315
60.315
60.315
60.315
60.315
60.315
60.315
60.315
60.315
60.315
60.315
60.315
60.315
60.315
60.315
60.315
60.315
60.315
60.315
60.315
60.315
60.315
60.315
60.315
60.315
60.315
60.315
60.315
60.315
60.315
60.315
60.315
60.315
60.315
60.315
60.315
60.315
60.315
60.315
60.315
60.315
60.315
60.315
60.315
60.315
60.315
60.315
60.315
60.315
60.315
60.315
60.315
60.315
60.315
60.315
60.315
60.315
60.315
60.315
60.315
60.315
60.315
60.315
60.315
60.315
60.315
60.315
60.315
60.315
60.315
60.315
60.315
60.315
60.315
60.315
60.315
60.315
60.315
60.315
60.315
60.315
60.315
60.315
60.315
60.315
60.315
60.315
60.315
60.315
60.315
60.315
60.315
60.315
60.315
60.315
60.315
60.315
60.315
60.315
60.315
60.315
60.315
60.315
60.315
60.315
60.315
60.315
60.315
60.315
60.315
60.315
60.315
60.315
60.315
60.315
60.315
60.315
60.315
60.315
60.315
60.315
60.315
60.315
60.315
60.315
60.315
60.315
60.315
60.315
60.315
60.315
60.315
60.315
60.315
60.315
60.315
60.315
60.315
60.315
60.315
60.315
60.315
60.315
60.315
60.315
60.315
60.315
60.315
60.315
60.315
60.315
60.315
60.315
60.315
60.315
60.315
60.315
60.315
60.315
60.315
60.315
60.315
60.315
60.315
60.315
60.315
60.315
60.315
60.315
60.315
60.315
60.315
60.315
60.315
60.315
60.315
60.315
60.315
60.315
60.315
60.315
60.315
60.315
60.315
60.315
60.315
60.315
60.315
60.315
60.315
60.315
60.315
60.315
60.315
60.315
60.315
60.315
60.315
60.315
60.315
60.315
60.315
60.315
60.315
60.315
60.315
60.315
60.315
60.315
60.315
60.315
60.315
60.315
60.315
60.315
60.315
60.315
60.315
60.315
60.315
60.315
60.315
60.315
60.315
60.315
60.315
60.315
60.315
60.315
60.315
60.315
60.315
60.315
60.315
60.315
60.315
60.315
60.315
60.315
60.315
60.315
60.315
60.315
60.315
60.315
60.315
60.315
60.315
60.315
60.315
60.315
60.315
60.315
60.315
60.315
60.315
60.315
60.315
60.315
60.315
60.315
60.315
60.315
60.315
60.315
60.315
60.315
60.315
60.315
60.315
60.315
60.315
60.315
60.315
60.315
60.315
60.315
60.315
60.315
60.315
60.315
60.315
60.315
60.315
60.315
60.315
60.315
60.315
60.315
60.315
60.315
60.315
60.315
60.315
60.315
60.315
60.315
60.315
60.315
60.315
60.315
60.315
60.315
60.315
60.315
60.315
60.315
60.315
60.315
60.315
60.315
60.315
60.315
60.315
60.315
60.315
60.315
60.315
60.315
60.315
60.315
60.315
60.315
60.315
60.315
60.315
60.315
60.315
60.315
60.315
60.315
60.315
60.315
60.315
60.315
60.315
60.315
60.315
60.315
60.315
60.315
60.315
60.315
60.315
60.315
60.315
60.315
60.315
60.315
60.315
60.315
60.315
60.315
60.315
60.315
60.315
60.315
60.315
60.315
60.315
60.315
60.315
60.315
60.315
60.315
60.315
60.315
60.315
60.315
60.315
60.315
60.315
60.315
60.315
60.315
60.315
60.315
60.315
60.315
60.315
60.315
60.315
60.315
60.315
60.315
60.315
60.315
60.315
60.315
60.315
60.315
60.315
60.315
60.315
60.315
60.315
60.315
60.315
60.315
60.315
60.315
60.315
60.315
60.315
60.315
60.315
60.315
60.315
60.315
60.315
60.315
60.315
60.315
60.315
60.315
60.315
60.315
60.315
60.315
60.315
60.315
60.315
60.315
60.315
60.315
60.315
60.315
60.315
60.315
60.315
60.315
60.315
60.315
60.315
60.315
60.315
60.315
60.315
60.315
60.315
60.315
60.315
60.315
60.315
60.315
60.315
60.315
60.315
60.315
60.315
60.315
60.315
60.315
60.315
60.315
60.315
60.315
60.315
60.315
60.315
60.315
60.315
60.315
60.315
60.315
60.315
60.315
60.315
60.315
60.315
60.315
60.315
60.315
60.315
60.315
60.315
60.315
60.315
60.315
60.315
60.315
60.315
60.315
60.315
60.315
60.315
60.315
60.315
60.315
60.315
60.315
60.315
60.315
60.315
60.315
60.315
60.315
60.315
60.315
60.315
60.315
60.315
60.315
60.315
60.315
60.315
60.315
60.315
60.315
60.315
60.315
60.315
60.315
60.315
60.315
60.315
60.315
60.315
60.315
60.315
60.315
60.315
60.315
60.315
60.315
60.315
60.315
60.315
60.315
60.315
60.315
60.315
60.315
60.315
60.315
60.315
60.315
60.315
60.315
60.315
60.315
60.315
60.315
60.315
60.315
60.315
60.315
60.315
60.315
60.315
60.315
60.315
60.315
60.315
60.315
60.315
60.315
60.315
60.315
60.315
60.315
60.315
60.315
60.315
60.315
60.315
60.315
60.315
60.315
60.315
60.315
60.315
60.315
60.315
60.315
60.315
60.315
60.315
60.315
60.315
60.315
60.315
60.315
60.315
60.315
60.315
60.315
60.315
60.315
60.315
60.315
60.315
60.315
60.315
60.315
60.315
60.315
60.315
60.315
60.315
60.315
60.315
60.315
60.315
60.315
60.315
60.315
60.315
60.315
60.315
60.315
60.315
60.315
60.315
60.315
60.315
60.315
60.315
60.315
60.315
60.315
60.315
60.315
60.315
60.315
60.315
60.315
60.315
60.315
60.315
60.315
60.315
60.315
60.315
60.315
60.315
60.315
60.315
60.315
60.315
60.315
60.315
60.315
60.315
60.315
60.315
60.315
60.315
60.315
60.315
60.315
60.315
60.315
60.315
60.315
60.315
60.315
60.315
60.315
60.315
60.315
60.315
60.315
60.315
60.315
60.315
60.315
60.315
60.315
60.315
60.315
60.315
60.315
60.315
60.315
60.315
60.315
60.315
60.315
60.315
60.315
60.315
60.315
60.315
60.315
60.315
60.315
60.315
60.315
60.315
60.315
60.315
60.315
60.315
60.315
60.315
60.315
60.315
60.315
60.315
60.315
60.315
60.315
60.315
60.315
60.315
60.315
60.315
60.315
60.315
60.315
60.315
60.315
60.315
60.315
60.315
60.315
60.315
60.315
60.315
60.315
60.315
60.315
60.315
60.315
60.315
60.315
60.315
60.315
60.315
60.315
60.315
60.315
60.315
60.315
60.315
60.315
60.315
60.315
60.315
60.315
60.315
60.315
60.315
60.315
60.315
60.315
60.315
60.315
60.315
60.315
60.315
60.315
60.315
60.315
60.315
60.315
60.315
60.315
60.315
60.315
60.315
60.315
60.315
60.315
60.315
60.315
60.315
60.315
60.315
60.315
60.315
60.315
60.315
60.315
60.315
60.315
60.315
60.315
60.315
60.315
60.315
60.315
60.315
60.315
60.315
60.315
60.315
60.315
60.315
60.315
60.315
60.315
60.315
60.315
60.315
60.315
60.315
60.315
60.315
60.315
60.315
60.315
60.315
60.315
60.315
60.315
60.315
60.315
60.315
60.315
60.315
60.315
60.315
60.315
60.315
60.315
60.315
60.315
60.315
60.315
60.315
60.315
60.315
60.315
60.315
60.315
60.315
60.315
60.315
60.315
60.315
60.315
60.315
60.315
60.315
60.315
60.315
60.315
60.315
60.315
60.315
60.315
60.315
60.315
60.315
60.315
60.315
60.315
60.315
60.315
60.315
60.315
60.315
60.315
60.315
60.315
60.315
60.315
60.315
60.315
60.315
60.315
60.315
60.315
60.315
60.315
60.315
60.315
60.315
60.315
60.315
60.315
60.315
60.315
60.315
60.315
60.315
60.315
60.315
60.315
60.315
60.315
60.315
60.315
60.315
60.315
60.315
60.315
60.315
60.315
60.315
60.315
60.315
60.315
60.315
60.315
60.315
60.315
60.315
60.315
60.315
60.315
60.315
60.315
60.315
60.315
60.315
60.315
60.315
60.315
60.315
60.315
60.315
60.315
60.315
60.315
60.315
60.315
60.315
60.315
60.315
60.315
60.315
60.315
60.315
60.315
60.315
60.315
60.315
60.315
60.315
60.315
60.315
60.315
60.315
60.315
60.315
60.315
60.315
60.315
60.315
60.315
60.315
60.315
60.315
60.315
60.315
60.315
60.315
60.315
60.315
60.315
60.315
60.315
60.315
60.315
60.315
60.315
60.315
60.315
60.315
60.315
60.315
60.315
60.315
60.315
60.315
60.315
60.315
60.315
60.315
60.315
60.315
60.315
60.315
60.315
60.315
60.315
60.315
60.315
60.315
60.315
60.315
60.315
60.315
60.315
60.315
60.315
60.315
60.315
60.315
60.315
60.315
60.315
60.315
60.315
60.315
60.315
60.315
60.315
60.315
60.315
60.315
60.315
60.315
60.315
60.315
60.315
60.315
60.315
60.315
60.315
60.315
60.315
60.315
60.315
60.315
60.315
60.315
60.315
60.315
60.315
60.315
60.315
60.315
60.315
60.315
60.315
60.315
60.315
60.315
60.315
60.315
60.315
60.315
60.315
60.315
60.315
60.315
60.315
60.315
60.315
60.315
60.315
60.315
60.315
60.315
60.315
60.315
60.315
60.315
60.315
60.315
60.315
60.315
60.315
60.315
60.315
60.315
60.315
60.315
60.315
60.315
60.315
60.315
60.315
60.315
60.315
60.315
60.315
60.315
60.315
60.315
60.315
60.315
60.315
60.315
60.315
60.315
60.315
60.315
60.315
60.315
60.315
60.315
60.315
60.315
60.315
60.315
60.315
60.315
60.315
60.315
60.315
60.315
60.315
60.315
60.315
60.315
60.315
60.315
60.315
60.315
60.315
60.315
60.315
60.315
60.315
60.315
60.315
60.315
60.315
60.315
60.315
60.315
60.315
60.315
60.315
60.315
60.315
60.315
60.315
60.315
60.315
60.315
60.315
60.315
60.4204
60.315
60.315
60.315
60.315
60.315
60.315
60.315
60.315
60.315
60.315
60.315
60.315
60.315
60.315
60.315
60.315
60.315
60.315
60.315
60.315
60.315
60.315
60.315
60.315
60.315
60.315
60.315
60.315
60.315
60.315
60.315
60.315
60.315
60.315
60.315
60.315
60.315
60.315
60.315
60.315
60.315
60.315
60.315
60.315
60.315
60.315
60.315
60.315
60.315
60.315
60.315
60.315
60.315
60.315
60.315
60.315
60.315
60.315
60.315
60.315
60.315
60.315
60.315
60.315
60.315
60.315
60.315
60.315
60.315
60.315
60.315
60.315
60.315
60.315
60.315
60.315
60.315
60.315
60.315
60.315
60.315
60.315
60.315
60.315
60.315
60.315
60.315
60.315
60.315
60.315
60.315
60.315
60.315
60.315
60.315
60.315
60.315
60.315
60.315
60.315
60.315
60.315
60.315
60.315
60.315
60.315
60.315
60.315
60.3156
60.315
60.315
60.315
60.315
60.315
60.315
60.315
60.315
60.315
60.315
60.315
60.315
60.315
60.315
60.315
60.315
60.315
60.315
60.315
60.315
60.315
60.315
60.315
60.315
60.315
60.315
60.315
60.315
60.315
60.315
60.315
60.315
60.315
60.315
60.315
60.315
60.315
60.315
60.315
60.315
60.315
60.315
60.315
60.315
60.315
60.315
60.315
60.315
60.315
60.315
60.315
60.315
60.315
60.315
60.315
60.315
60.315
60.315
60.315
60.315
60.315
60.315
60.315
60.315
60.315
60.315
60.315
60.315
60.315
60.315
60.315
60.315
60.315
60.315
60.315
60.315
60.315
60.315
60.315
60.315
60.315
60.315
60.315
60.315
60.315
60.315
60.315
60.315
60.315
60.315
60.315
60.315
60.315
60.315
60.315
60.315
60.315
60.315
60.315
60.315
60.315
60.315
60.315
60.315
60.315
60.315
60.315
60.315
60.315
60.315
60.315
60.315
60.315
60.315
60.315
60.315
60.315
60.315
60.315
60.315
60.315
60.315
60.315
60.315
60.315
60.315
60.315
60.315
60.315
60.315
60.315
60.315
60.315
60.315
60.315
60.315
60.315
60.315
60.315
60.315
60.315
60.315
60.315
60.315
60.315
60.315
60.315
60.315
60.315
60.315
60.315
60.315
60.315
60.315
60.315
60.315
60.315
60.315
60.315
60.315
60.315
60.315
60.315
60.315
60.315
60.315
60.315
60.315
60.315
60.315
60.315
60.315
60.315
60.315
60.315
60.315
60.315
60.315
60.315
60.315
60.315
60.315
60.315
60.315
60.315
60.315
60.315
60.315
60.315
60.315
60.315
60.315
60.315
60.315
60.315
60.315
60.315
60.315
60.315
60.315
60.315
60.315
60.315
60.315
60.315
60.315
60.315
60.315
60.315
60.315
60.315
60.315
60.315
60.315
60.315
60.315
60.315
60.315
60.315
60.315
60.315
60.315
60.315
60.315
60.315
60.315
60.315
60.315
60.315
60.315
60.315
60.315
60.315
60.315
60.315
60.315
60.315
60.315
60.315
60.315
60.315
60.315
60.315
60.315
60.315
60.315
60.315
60.315
60.315
60.315
60.315
60.315
60.315
60.315
60.315
60.315
60.315
60.315
60.315
60.315
60.315
60.315
60.315
60.315
60.315
60.315
60.315
60.315
60.315
60.315
60.315
60.315
60.315
60.315
60.315
60.315
60.315
60.315
60.315
60.315
60.315
60.315
60.315
60.315
60.315
60.315
60.315
60.315
60.315
60.315
60.315
60.315
60.315
60.315
60.315
60.315
60.315
60.315
60.315
60.315
60.315
60.315
60.315
60.315
60.315
60.315
60.315
60.315
60.315
60.315
60.315
60.315
60.315
60.315
60.315
60.315
60.315
60.315
60.315
60.315
60.315
60.315
60.315
60.315
60.315
60.315
60.315
60.315
60.315
60.315
60.315
60.315
60.315
60.315
60.315
60.315
60.315
60.315
60.315
60.315
60.315
60.315
60.315
60.315
60.315
60.315
60.315
60.315
60.315
60.315
60.315
60.315
60.315
60.315
60.315
60.315
60.315
60.315
60.315
60.315
60.315
60.315
60.315
60.315
60.315
60.315
60.315
60.315
60.315
60.315
60.315
60.315
60.315
60.315
60.315
60.315
60.315
60.315
60.315
60.315
60.315
60.315
60.315
60.315
60.315
60.315
60.315
60.315
60.315
60.315
60.315
60.315
60.315
60.315
60.315
60.315
60.315
60.315
60.315
60.315
60.315
60.315
60.315
60.315
60.315
60.315
60.315
60.315
60.315
60.315
60.315
60.315
60.315
60.315
60.315
60.315
60.315
60.315
60.315
60.315
60.315
60.315
60.315
60.315
60.315
60.315
60.315
60.315
60.315
60.315
60.315
60.315
60.315
60.315
60.315
60.315
60.315
60.315
60.315
60.315
60.315
60.315
60.315
60.315
60.315
60.315
60.315
60.315
60.315
60.315
60.315
60.315
60.315
60.315
60.315
60.315
60.315
60.315
60.315
60.315
60.315
60.315
60.315
60.315
60.315
60.315
60.315
60.315
60.315
60.315
60.315
60.315
60.315
60.315
60.315
60.315
60.315
60.315
60.315
60.315
60.315
60.315
60.315
60.315
60.315
60.315
60.315
60.315
60.315
60.315
60.315
60.315
60.315
60.315
60.315
60.315
60.315
60.315
60.315
60.315
60.315
60.315
60.315
60.315
60.315
60.315
60.315
60.315
60.315
60.315
60.315
60.315
60.315
60.315
60.315
60.315
60.315
60.315
60.315
60.315
60.315
60.315
60.315
60.315
60.315
60.315
60.315
60.315
60.315
60.315
60.315
60.315
60.315
60.315
60.315
60.315
60.315
60.315
60.315
60.315
60.315
60.315
60.315
60.315
60.315
60.315
60.315
60.315
60.315
60.315
60.315
60.315
60.315
60.315
60.315
60.315
60.315
60.315
60.315
60.315
60.315
60.315
60.315
60.315
60.315
60.315
60.315
60.315
60.315
60.315
60.315
60.315
60.315
60.315
60.315
60.315
60.315
60.315
60.315
60.315
60.315
60.315
60.315
60.315
60.315
60.315
60.315
60.315
60.315
60.315
60.315
60.315
60.315
60.315
60.315
60.315
60.315
60.315
60.315
60.315
60.315
60.315
60.315
60.315
60.315
60.315
60.315
60.315
60.315
60.315
60.315
60.315
60.315
60.315
60.315
60.315
60.315
60.315
60.315
60.315
60.315
60.315
60.315
60.315
60.315
60.315
60.315
60.315
60.315
60.315
60.315
60.315
60.315
60.315
60.315
60.315
60.315
60.315
60.315
60.315
60.315
60.315
60.315
60.315
60.315
60.315
60.315
60.315
60.315
60.315
60.315
60.315
60.315
60.315
60.315
60.315
60.315
60.315
60.315
60.315
60.315
60.315
60.315
60.315
60.315
60.315
60.315
60.315
60.315
60.315
60.315
60.315
60.315
60.315
60.315
60.315
60.315
60.315
60.315
60.315
60.315
60.315
60.315
60.315
60.315
60.315
60.315
60.315
60.315
60.315
60.315
60.315
60.315
60.315
60.315
60.315
60.315
60.315
60.315
60.315
60.315
60.315
60.315
60.315
60.315
60.315
60.315
60.315
60.315
60.315
60.315
60.315
60.315
60.315
60.315
60.315
60.315
60.315
60.315
60.315
60.315
60.315
60.315
60.315
60.315
60.315
60.315
60.315
60.315
60.315
60.315
60.315
60.315
60.315
60.315
60.315
60.315
60.315
60.315
60.315
60.315
60.315
60.315
60.315
60.315
60.315
60.315
60.315
60.315
60.315
60.315
60.315
60.315
60.315
60.315
60.315
60.315
60.315
60.315
60.315
60.315
60.315
60.315
60.315
60.315
60.315
60.315
60.315
60.315
60.315
60.315
60.315
60.315
60.315
60.315
60.315
60.315
60.315
60.315
60.315
60.315
60.315
60.315
60.315
60.315
60.315
60.315
60.315
60.315
60.315
60.315
60.315
60.315
60.315
60.315
60.315
60.315
60.315
60.315
60.315
60.315
60.315
60.315
60.315
60.315
60.315
60.315
60.315
60.315
60.315
60.315
60.315
60.315
60.315
60.315
60.315
60.315
60.315
60.315
60.315
60.315
60.315
60.315
60.315
60.315
60.315
60.315
60.315
60.315
60.315
60.315
60.315
60.315
60.315
60.315
60.315
60.315
60.315
60.315
60.315
60.315
60.315
60.315
60.315
60.315
60.315
60.315
60.315
60.315
60.315
60.315
60.315
60.315
60.315
60.315
60.315
60.315
60.315
60.315
60.315
60.315
60.315
60.315
60.315
60.315
60.315
60.315
60.315
60.315
60.315
60.315
60.315
60.315
60.315
60.315
60.315
60.315
60.315
60.315
60.315
60.315
60.315
60.315
60.315
60.315
60.315
60.315
60.315
60.315
60.315
60.315
60.315
60.315
60.315
60.315
60.315
60.315
60.315
60.315
60.315
60.315
60.315
60.315
60.315
60.315
60.315
60.315
60.315
60.315
60.315
60.315
60.315
60.315
60.315
60.315
60.315
60.315
60.315
60.315
60.315
60.315
60.315
60.315
60.315
60.315
60.315
60.315
60.315
60.315
60.315
60.315
60.315
60.315
60.315
60.315
60.315
60.315
60.315
60.315
60.315
60.315
60.315
60.315
60.315
60.315
60.315
60.315
60.315
60.315
60.315
60.315
60.315
60.315
60.315
60.315
60.315
60.315
60.315
60.315
60.315
60.315
60.315
60.315
60.315
60.315
60.315
60.315
60.315
60.315
60.315
60.315
60.315
60.315
60.315
60.315
60.315
60.315
60.315
60.315
60.315
60.315
60.315
60.315
60.315
60.315
60.315
60.315
60.315
60.315
60.315
60.315
60.315
60.315
60.315
60.315
60.315
60.315
60.315
60.315
60.315
60.315
60.315
60.315
60.315
60.315
60.315
60.315
60.315
60.315
60.315
60.315
60.315
60.315
60.315
60.315
60.315
60.315
60.315
60.315
60.315
60.315
60.315
60.315
60.315
60.315
60.315
60.315
60.315
60.315
60.315
60.315
60.315
60.315
60.315
60.315
60.315
60.315
60.315
60.315
60.315
60.315
60.315
60.315
60.315
60.315
60.315
60.315
60.315
60.315
60.315
60.315
60.315
60.315
60.315
60.315
60.315
60.315
60.315
60.315
60.315
60.315
60.315
60.315
60.315
60.315
60.315
60.315
60.315
60.315
60.315
60.315
60.315
60.315
60.315
60.315
60.315
60.315
60.315
60.315
60.315
60.315
60.315
60.315
60.315
60.315
60.315
60.315
60.315
60.315
60.315
60.315
60.315
60.315
60.315
60.315
60.315
60.315
60.315
60.315
60.315
60.315
60.315
60.315
60.315
60.315
60.315
60.315
60.315
60.315
60.315
60.315
60.315
60.315
60.315
60.315
60.315
60.315
60.315
60.315
60.315
60.315
60.315
60.315
60.315
60.315
60.315
60.315
60.315
60.315
60.315
60.315
60.315
60.315
60.315
60.315
60.315
60.315
60.315
60.315
60.315
60.315
60.315
60.315
60.315
60.315
60.315
60.315
60.315
60.315
60.315
60.315
60.315
60.315
60.315
60.315
60.315
60.315
60.315
60.315
60.315
60.315
60.315
60.315
60.315
60.315
60.315
60.315
60.315
60.315
60.315
60.315
60.315
60.315
60.315
60.315
60.315
60.315
60.315
60.315
60.315
60.315
60.315
60.315
60.315
60.315
60.315
60.315
60.315
60.315
60.315
60.315
60.315
60.315
60.315
60.315
60.315
60.315
60.315
60.315
60.315
60.315
60.315
60.315
60.315
60.315
60.315
60.315
60.315
60.315
60.315
60.315
60.315
60.315
60.315
60.315
60.315
60.315
60.315
60.315
60.315
60.315
60.315
60.315
60.315
60.315
60.315
60.315
60.315
60.315
60.315
60.315
60.315
60.315
60.315
60.315
60.315
60.315
60.315
60.315
60.315
60.315
60.315
60.315
60.315
60.315
60.315
60.315
60.315
60.315
60.315
60.315
60.315
60.315
60.315
60.315
60.315
60.315
60.315
60.315
60.315
60.315
60.315
60.315
60.315
60.315
60.315
60.315
60.315
60.315
60.315
60.315
60.315
60.315
60.315
60.315
60.315
60.315
60.315
60.315
60.315
60.315
60.315
60.315
60.315
60.315
60.315
60.315
60.315
60.315
60.315
60.315
60.315
60.315
60.315
60.315
60.315
60.315
60.315
60.315
60.315
60.315
60.315
60.315
60.315
60.315
60.315
60.315
60.315
60.315
60.315
60.315
60.315
60.315
60.315
60.315
60.315
60.315
60.315
60.315
60.3461
60.315
60.315
60.315
60.315
60.315
60.315
60.315
60.315
60.315
60.315
60.315
60.315
60.315
60.315
60.315
60.315
60.315
60.315
60.315
60.315
60.315
60.315
60.315
60.315
60.315
60.315
60.315
60.315
60.315
60.315
60.315
60.315
60.315
60.315
60.315
60.315
60.315
60.315
60.315
60.315
60.315
60.315
60.315
60.315
60.315
60.315
60.315
60.315
60.315
60.315
60.315
