# best half averages
2545.46
2330.9
2182.52
2099.31
2012.32
1906.27
1798.48
1733.23
1684.31
1629.14
1559.55
1471.24
1427.38
1358.13
1313.92
1274.22
1228.93
1195.29
1173.56
1158.16
1145.54
1127.13
1100.87
1080.96
1039.55
1011.17
987.743
953.433
937.31
923.994
914.167
901.901
885.27
857.206
848.847
837.179
826.35
802.163
786.755
782.366
778.841
775.147
770.087
764.527
750.727
734.034
718.638
703.681
689.169
676.81
660.626
647.665
641.743
619.019
607.542
604.229
590.174
577.008
569.264
565.718
563.84
559.918
553.925
548.878
543.189
538.684
533.984
532.96
527.06
516.584
510.698
504.753
503.84
499.746
499.633
498.122
497.821
489.421
487.934
486.72
477.577
464.197
455.965
449.966
444.485
442.036
436.405
423.595
422.489
422.244
421.457
418.753
419.786
418.154
415.304
418.071
412.907
410.706
410.605
410.023
403.927
399.37
377.39
367.145
367.119
365.761
362.959
349.974
348.34
348.05
349.353
344.309
341.829
340.706
340.706
340.542
340.323
339.845
341.993
333.408
332.839
331.338
330.808
325.454
321.138
317.884
319.411
287.415
276.956
276.956
276.042
272.732
265.48
265.224
263.846
262.582
262.582
262.55
262.352
261.136
260.608
259.934
256.27
255.392
254.455
253.241
250.162
250.041
249.251
245.28
243.999
242.858
245.071
238.379
238.362
236.786
231.617
230.605
230.605
230.523
229.702
226.799
224.892
222.97
219.807
218.812
214.901
213.461
211.469
211.254
209.29
205.906
205.823
205.376
205.094
205.094
205.052
204.996
204.715
204.045
203.706
203.534
203.203
203.264
199.729
198.576
197.265
195.725
193
191.965
190.18
188.279
186.85
186.181
185.103
184.605
184.497
184.35
184.065
183.021
182.983
183.021
183.001
183.015
182.992
182.856
182.499
182.117
182.039
181.853
181.853
181.824
182.407
183.681
181.785
186.313
180.954
180.878
180.332
178.956
177.412
184.096
174.375
179.005
170.228
167.338
167.274
167.107
166.868
167.692
165.236
165.236
165.205
165.051
164.459
163.653
163.516
162.907
161.455
161.455
160.812
160.376
156.656
152.291
152.291
152.147
152.176
151.957
163.199
151.021
150.917
149.038
149.033
149.018
148.952
148.769
148.76
148.699
159.642
148.352
148.142
147.046
146.682
146.535
146.002
145.035
144.339
143.009
141.759
141.588
142.801
141.648
139.192
138.972
138.933
138.861
138.721
137.952
137.141
137.135
136.825
135.337
134.093
133.92
133.02
131.339
131.033
129.733
127.675
127.308
125.994
125.398
125.385
125.385
125.372
125.261
124.847
124.032
122.496
122.496
122.494
122.483
122.451
122.415
122.415
122.415
122.415
122.415
122.415
122.415
122.415
122.415
122.408
122.382
122.309
121.809
120.886
118.658
117.139
116.869
116.869
116.869
116.866
116.827
116.699
116.418
121.892
115.551
115.551
115.551
115.551
115.551
115.551
115.472
115.243
114.274
112.896
112.767
112.767
112.767
112.764
112.767
112.754
112.767
112.749
112.767
112.767
112.767
112.767
112.767
112.767
112.767
112.767
112.767
112.912
112.757
112.715
112.564
112.244
112.244
112.232
112.244
112.244
112.244
112.244
112.244
112.244
112.244
112.244
112.224
112.101
111.704
111.112
110.523
109.348
110.315
109.348
109.914
109.336
118.569
111.552
109.327
109.285
109.005
108.258
107.703
108.066
108.056
108.056
108.051
108.041
108.02
107.95
107.812
107.687
106.837
106.209
106.433
100.93
100.93
100.66
99.686
98.5703
98.2136
98.2136
98.1702
98.069
97.852
97.852
97.852
97.821
97.821
97.821
97.8147
97.7402
97.3732
96.6413
96.2823
96.2259
95.9771
95.9332
95.7841
95.338
95.0096
94.3346
94.3346
94.3346
94.3346
94.3346
94.3346
94.3072
94.2522
94.1684
93.9183
94.7237
92.9205
92.8115
92.3203
91.5948
91.5948
91.5948
91.5948
91.5948
91.5948
91.5948
91.5929
91.5948
91.5948
91.5948
91.5948
91.5358
91.4271
91.5904
90.8
90.2953
90.0213
89.3291
89.1681
89.1681
89.1681
89.1681
89.1681
89.1681
89.1681
89.1681
89.1681
89.1681
89.1681
89.1681
89.1681
89.1681
89.1681
89.1681
89.1681
89.1681
89.1681
89.1681
89.1681
89.1681
89.1681
89.1681
89.1681
89.1681
89.1681
89.1681
89.1668
89.1668
89.1668
89.1681
89.1681
89.2004
89.1681
89.1681
89.1681
89.1681
89.0458
89.0458
88.9643
88.6763
87.6475
87.0955
87.04
86.8724
86.1832
85.9896
85.6248
85.456
85.456
85.456
85.456
85.456
85.456
85.456
85.456
85.456
85.419
85.3178
84.9873
84.7399
84.7348
84.7348
84.7348
84.7348
84.7348
84.7348
84.6154
84.4562
84.1107
82.7572
82.7444
82.7272
82.6822
82.6372
82.6372
82.6372
82.6372
82.6372
82.6372
82.6372
82.6372
82.6372
82.6372
82.6372
82.6372
82.6372
82.6372
82.6372
82.6372
82.6372
82.6372
82.5846
82.5211
82.2898
81.6219
81.5785
81.5184
81.5038
81.3835
80.9962
80.2999
80.0628
80.0508
80.0029
79.883
79.4754
79.4754
79.4754
79.4754
79.4754
79.4754
79.4754
79.4754
79.4754
79.4754
79.4754
79.436
79.4229
79.2239
78.7788
78.6526
78.28
78.0339
78.0339
77.9389
77.5822
77.3744
77.3744
77.3744
77.3744
77.3744
77.3744
77.3596
77.3744
77.3744
77.3744
77.3744
77.3744
77.3744
77.3744
77.3744
77.3744
77.3744
77.3744
77.3744
77.3744
77.3213
77.2483
76.8871
76.6719
76.6719
76.6719
76.6719
76.6719
76.6719
76.6719
76.6579
76.5853
76.5323
76.5323
76.5323
76.5323
76.5323
76.5323
76.5323
76.5323
76.5211
76.5042
76.4379
76.1858
76.0032
75.8263
75.7271
75.3127
75.2504
75.2056
75.1438
75.0161
74.7963
74.7942
74.7942
74.7942
74.7942
74.7942
74.7942
74.7942
74.7942
74.7942
74.7942
74.7942
74.7942
74.686
74.4424
74.0477
73.3729
73.3566
73.3097
73.2731
73.2731
73.2677
73.2677
73.2476
73.1564
72.9247
72.8056
72.8056
72.8056
72.8056
72.8056
72.8056
72.8056
72.8056
72.8283
72.8056
72.8056
72.8056
72.8056
72.8056
72.8056
72.8056
72.8056
72.8056
72.8056
72.8056
72.8056
72.8056
72.8056
72.8056
72.8056
72.8056
72.8056
72.8056
72.8056
72.8056
72.8056
72.8056
72.8056
72.8056
72.8056
72.8056
72.8056
72.8056
72.8056
72.8056
72.8056
72.8056
72.8056
72.8056
72.8056
72.8056
72.8056
72.8056
72.8056
72.8056
72.8056
72.8056
72.8056
72.8056
72.8056
72.8056
72.8037
72.7723
72.7074
72.7074
72.7074
72.7074
72.7074
72.7074
72.7074
72.7074
72.7074
72.7074
72.7074
72.7074
72.7074
72.7074
72.7074
72.7074
72.7074
72.7074
72.7074
72.7074
72.7074
72.7074
72.7074
72.7074
72.7074
72.7074
72.7074
72.7074
72.7074
72.7074
72.7074
72.7074
72.7074
72.7074
72.7074
72.7074
72.7074
72.7074
72.7074
72.7074
72.7074
72.7074
72.7074
72.7074
72.7074
72.7074
72.7074
72.7074
72.7074
72.7061
72.7016
72.6851
72.6851
72.6851
72.6851
72.6851
72.6851
72.6851
72.6851
72.6851
72.6851
72.6851
72.6851
72.6851
72.6851
72.6851
72.6851
72.6851
72.6851
72.6851
72.6851
72.6851
72.6851
72.6851
72.6818
72.6851
72.6851
72.6851
72.6851
72.6851
72.6851
72.6851
72.6851
72.6851
72.6851
72.6851
72.6851
72.6851
72.6851
72.6818
72.6851
72.6851
72.6851
72.6851
72.6851
72.6851
72.6851
72.6851
72.6851
74.1154
72.6584
72.5937
72.4947
72.4947
72.4947
72.4947
72.4947
72.4947
72.4947
72.4947
72.4947
72.4947
72.4947
72.4947
72.7014
72.4947
72.4947
72.4947
72.4947
72.4947
72.4947
72.4947
72.4947
72.4947
72.4869
72.4869
72.4908
72.4869
72.4908
72.8587
72.4908
72.4947
72.4947
72.4947
72.4842
72.4842
72.4318
73.9313
74.1419
71.9707
71.9707
71.9707
71.9707
71.9707
71.9707
71.9707
71.9707
71.9707
71.9707
71.9707
71.9707
71.9707
71.9707
71.9707
71.9707
71.9707
71.9707
71.9707
71.9707
71.9707
71.9707
71.9707
71.9707
71.9707
71.965
71.9418
71.9071
71.8087
71.6813
71.6813
71.6813
71.6813
71.6813
71.6813
71.6813
71.6813
71.6813
71.6813
71.6813
71.6709
71.6472
71.6071
71.6071
71.6071
71.6071
71.6071
71.6071
71.6071
71.6071
71.6071
71.6071
71.6071
71.6071
71.6071
71.6071
71.6071
71.6071
71.6071
71.6071
71.6071
71.6071
71.6071
71.6071
71.6071
71.6071
71.6071
71.6071
71.6071
71.6071
71.6071
71.6071
71.6071
71.6071
71.6071
71.6071
71.6071
71.6071
71.6071
71.6071
71.6071
71.6071
71.6071
71.6071
71.6071
71.6071
71.6071
71.6071
71.5917
71.5764
71.5302
71.3455
70.8377
70.8377
70.8377
70.8377
70.8377
70.8377
70.8377
70.8377
70.8377
70.8377
70.8377
70.8377
70.8377
70.8377
70.8377
70.8377
70.8377
70.8377
70.8316
70.8135
70.7738
70.6764
70.6438
70.6438
70.6438
70.6438
70.6438
70.6438
70.6438
70.6438
70.6438
70.6438
70.6438
70.6438
70.6438
70.6438
70.6438
70.6438
70.635
70.6084
70.5884
70.5884
70.5884
70.5884
70.5884
70.5884
70.5884
70.5884
70.5884
70.5884
70.5884
70.5884
70.5884
70.5884
70.5884
70.5884
70.5884
70.5884
70.5884
70.5884
70.5884
70.5884
70.5884
70.5884
70.5884
70.5884
70.5884
70.5884
70.5606
70.5065
70.3903
70.215
70.1786
70.176
70.1681
70.1497
70.113
70.113
70.113
70.113
70.113
70.113
70.113
70.113
70.113
70.113
70.113
70.113
70.113
70.113
70.113
70.113
70.113
70.113
70.113
70.113
70.113
70.113
70.113
70.113
70.113
70.113
70.113
70.113
70.113
70.113
70.113
70.113
70.113
70.113
70.113
70.113
70.113
70.113
70.113
70.113
70.113
70.113
70.113
70.113
70.113
70.113
70.113
70.113
70.113
70.113
70.113
70.113
70.113
70.113
70.113
70.113
70.113
70.113
70.113
70.113
70.113
70.113
70.113
70.113
70.113
70.113
70.113
70.0768
69.9503
69.4896
69.2092
69.2092
69.2092
69.2092
69.2092
69.2092
69.2092
69.2092
69.2092
69.2092
69.2092
69.2092
69.2092
69.2092
69.2092
69.2092
69.2092
69.2092
69.2092
69.2092
69.2092
69.2092
69.2032
69.2062
69.2062
69.2062
69.2092
69.2092
69.2092
69.2092
69.2092
69.2092
69.149
69.0407
68.6193
68.6072
68.6072
68.6072
68.6072
68.6072
68.6072
68.6072
68.6072
68.6072
68.6072
68.6072
68.6072
68.6072
68.6072
68.6072
68.6072
68.6072
68.6072
68.6072
68.6072
68.6072
68.6072
68.6072
68.6072
68.6072
68.6072
68.6072
68.6072
68.6072
68.6072
68.6072
68.6072
68.6072
68.6072
68.6072
68.6072
68.6072
68.6072
68.6072
68.6072
68.6072
68.6072
68.6072
68.6072
68.6072
68.6072
68.6072
68.6072
68.6072
68.6072
68.6072
68.6072
68.6072
68.6072
68.6072
68.6072
68.6072
68.6072
68.6072
68.6072
68.6072
68.6072
68.5927
68.5733
68.5151
68.3648
68.3648
68.3648
68.3648
68.3648
68.3648
68.3648
68.3648
68.3648
68.3648
68.3648
68.3648
68.3648
68.3648
68.3648
68.3648
68.3648
68.3648
68.3648
68.3648
68.3648
68.3648
68.3648
68.3648
68.3648
68.3648
68.3648
68.3648
68.3648
68.3648
68.3648
68.3648
68.3648
68.3648
68.3648
68.3648
68.3648
68.3648
68.3648
68.3648
68.3648
68.3648
68.3421
68.2707
68.2026
68.2026
68.2026
68.2026
68.2026
68.2026
68.2026
68.2026
68.2026
68.2026
68.2026
68.2026
68.2026
68.2026
68.2026
68.2026
68.2026
68.2026
68.2026
68.2026
68.2026
68.2026
68.2026
68.2026
68.2026
68.2026
68.2026
68.2026
68.2026
68.2026
68.2026
68.2026
68.2026
68.2026
68.2026
68.2026
68.2026
68.2026
68.2026
68.2026
68.2026
68.2026
68.2026
68.2026
68.2026
68.2026
68.2026
68.2026
68.2026
68.2026
68.2026
68.2026
68.2026
68.2026
68.2026
68.2026
68.2026
68.2026
68.2026
68.2026
68.2026
68.2026
68.2026
68.2026
68.2026
68.2026
68.2026
68.2026
68.2026
68.2026
68.2026
68.2026
68.2026
68.2026
68.2026
68.2026
68.2026
68.2026
68.2026
68.2026
68.2026
68.2026
68.2026
68.2026
68.2026
68.2026
68.2026
68.2026
68.2026
68.2026
68.2026
68.2026
68.2026
68.2026
68.2026
68.2026
68.2026
68.2026
68.2026
68.2026
68.2026
68.2026
68.2026
68.2026
68.2026
68.2026
68.2026
68.2026
68.2026
68.2026
68.2026
68.2026
68.2026
68.2026
68.2026
68.2026
68.2026
68.2026
68.2026
68.2026
68.2026
68.2026
68.2026
68.2026
68.2026
68.2026
68.2026
68.2026
68.2026
68.2026
68.2026
68.2026
68.2026
68.1968
68.1968
68.1764
68.101
68.0575
68.0575
68.0575
68.0575
68.0575
68.0575
68.0575
68.0575
68.0575
68.0575
68.0575
68.0575
68.0575
68.0575
68.0575
68.0575
68.0575
68.0575
68.0575
68.0575
68.0575
68.0575
68.0575
68.0575
68.0575
68.0575
68.0575
68.0575
68.0575
68.0575
68.0575
68.0575
68.0575
68.0575
68.0575
68.0575
68.0575
68.0575
68.0575
68.0575
68.0575
68.0575
68.0575
68.0575
68.0575
68.0575
68.0575
68.0575
68.0575
68.0575
68.0575
68.0575
68.0575
68.0575
68.0575
68.0575
68.0575
68.0575
68.0575
68.0575
68.0575
68.0575
68.0575
68.0575
68.0575
68.0575
68.0575
68.0575
68.0575
68.0575
68.0575
68.0219
67.9507
67.8083
67.4025
67.1675
67.1675
67.1675
67.1675
67.1675
67.1675
67.1675
67.1675
67.1675
67.1675
67.1675
67.1675
67.1675
67.1675
67.1675
67.1675
67.1675
67.1675
67.1675
67.1675
67.1675
67.1488
67.1488
67.0739
66.8681
66.8556
66.8556
66.8556
66.8556
66.8556
66.8556
66.8362
66.8233
66.7781
66.6553
66.5325
66.5325
66.5325
66.5325
66.5325
66.5325
66.5325
66.5325
66.5325
66.5325
66.5325
66.5325
66.5325
66.5325
66.5325
66.5325
66.5325
66.5325
66.5325
66.5325
66.5325
66.5325
66.5325
66.5325
66.5325
66.5325
66.4851
66.406
66.2479
65.8052
65.7419
65.7419
65.7419
65.7419
65.7419
65.7419
65.7419
65.7419
65.7419
65.7419
65.7419
65.7419
65.7419
65.7419
65.7419
65.7419
65.7419
65.7419
65.7419
65.7419
65.7419
65.7419
65.7419
65.7419
65.7419
65.7419
65.7419
65.7419
65.7419
65.7419
65.7419
65.7419
65.7419
65.7419
65.7419
65.7419
65.7419
65.7419
65.7419
65.7419
65.7419
65.67
65.6269
65.4831
65.0229
65.0229
65.0229
65.0229
65.0229
65.0229
65.0229
65.0229
65.0229
65.0229
65.0229
65.0229
65.0229
65.0229
65.0229
65.0229
65.0229
65.0229
65.0229
65.0229
65.0229
65.0229
65.0229
65.0229
65.0229
65.0229
65.0229
65.0229
65.0229
65.0229
65.0229
65.0229
65.0229
65.0229
65.0229
65.0229
65.0229
65.0229
65.0229
65.0229
65.0229
65.0229
65.0229
65.0229
65.0229
65.0229
65.0229
65.0229
65.0229
65.0229
65.0229
65.0229
65.0229
65.0229
65.0229
65.0229
65.0229
65.01
64.9666
64.9425
64.9425
64.9425
64.9425
64.9425
64.9425
64.9425
64.9425
64.9425
64.9425
64.9425
64.9425
64.9425
64.9425
64.9425
64.9425
64.9425
64.9425
64.9425
64.9425
64.9425
64.9425
64.9425
64.9425
64.9425
64.9425
64.9425
64.9425
64.9425
64.9425
64.9425
64.9425
64.9425
64.9425
64.9425
64.9425
64.9425
64.9425
64.9425
64.9425
64.9425
64.9425
64.9425
64.9425
64.9425
64.9425
64.9425
64.9425
64.9425
64.9425
64.9425
64.9425
64.9425
64.9425
64.9425
64.9425
64.9425
64.9425
64.9425
64.9425
64.9425
64.9425
64.9425
64.9425
64.9425
64.9425
64.9425
64.9425
64.9425
64.9425
64.9425
64.9425
64.9425
64.9425
64.9425
64.9425
64.9425
64.9425
64.9425
64.9425
64.9425
64.9425
64.9425
64.9425
64.9425
64.9425
64.9425
64.9425
64.9425
64.9425
64.9425
64.9425
64.9425
64.9425
64.9425
64.9425
64.9425
64.9425
64.9425
64.9425
64.9425
64.9425
64.9425
64.9425
64.9425
64.9425
64.9425
64.9425
64.9425
64.9425
64.9425
64.9425
64.9425
64.9425
64.9425
64.9425
64.9425
64.9425
64.9425
64.9425
64.9425
64.9425
64.9425
64.9425
64.9425
64.9425
64.9425
64.9425
64.9425
64.9425
64.9425
64.9425
64.9425
64.9425
64.9425
64.9425
64.9425
64.9425
64.9425
64.9425
64.9425
64.9425
64.9425
64.9425
64.9425
64.9425
64.9425
64.9425
64.9425
64.9425
64.9425
64.9425
64.9425
64.9425
64.9425
64.9425
64.9425
64.9425
64.9425
64.9425
64.9425
64.9425
64.9425
64.9425
64.9425
64.9425
64.9425
64.9425
64.9425
64.9425
64.9425
64.9425
64.9425
64.9425
64.9425
64.9425
64.9425
64.9425
64.9425
64.9425
64.9425
64.9425
64.9425
64.9425
64.9425
64.9425
64.9425
64.9425
64.9425
64.9425
64.9425
64.9425
64.9425
64.9425
64.9425
64.9425
64.9425
64.9425
64.9425
64.9425
64.9425
64.9425
64.9425
64.9425
64.9425
64.9425
64.9425
64.9425
64.9425
64.9425
64.9425
64.9425
64.9425
64.9425
64.9425
64.9425
64.9425
64.9425
64.9425
64.9425
64.9425
64.9425
64.9425
64.9425
64.9425
64.9425
64.9425
64.9425
64.9425
64.9425
64.9425
64.9425
64.9425
64.9425
64.9425
64.9425
64.9425
64.9425
64.9425
64.9425
64.9425
64.9425
64.9425
64.9425
64.9425
64.9425
64.9425
64.9425
64.9425
64.9425
64.9425
64.9425
64.9425
64.9425
64.9425
64.9425
64.9425
64.9425
64.9425
64.9425
64.9425
64.9425
64.9425
64.9425
64.9425
64.9425
64.9425
64.9425
64.9425
64.9425
64.9425
64.9425
64.9425
64.9425
64.9425
64.9425
64.9425
64.9425
64.9425
64.9425
64.9425
64.9425
64.9425
64.9425
64.9425
64.9425
64.9425
64.9425
64.9425
64.9425
64.9425
64.9425
64.9425
64.9425
64.9425
64.9425
64.9425
64.9425
64.9425
64.9425
64.9425
64.9425
64.9425
64.9425
64.9425
64.9425
64.9425
64.9425
64.9425
64.9425
64.9425
64.9425
64.9425
64.9425
64.9425
64.9425
64.9425
64.9425
64.9425
64.9425
64.9425
64.9425
64.9425
64.9425
64.9425
64.9425
64.9425
64.9425
64.9425
64.9425
64.9425
64.9425
64.9425
64.9425
64.9425
64.9425
64.9425
64.9425
64.9425
64.9425
64.9425
64.9425
64.9425
64.9425
64.9425
64.9425
64.9425
64.9425
64.9425
64.9425
64.9425
64.9425
64.9425
64.9425
64.9425
64.9425
64.9425
64.9425
64.9425
64.9425
64.9425
64.9425
64.9425
64.9425
64.9425
64.9425
64.9425
64.9425
64.9425
64.9425
64.9425
64.9425
64.9425
64.9425
64.9425
64.9425
64.9425
64.9425
64.9425
64.9425
64.9425
64.9425
64.9425
64.9425
64.9425
64.9425
64.9425
64.9425
64.9425
64.9425
64.9425
64.9425
64.9425
64.9425
64.9425
64.9425
64.9425
64.9425
64.9425
64.9425
64.9425
64.9425
64.9425
64.9425
64.9425
64.9425
64.9425
64.9425
64.9425
64.9425
64.9425
64.9425
64.9425
64.9425
64.9425
64.9425
64.9425
64.9425
64.9425
64.9425
64.9425
64.9425
64.9425
64.9425
64.9425
64.9425
64.9425
64.9425
64.9425
64.9425
64.9425
64.9425
64.9425
64.9425
64.9425
64.9425
64.9425
64.9425
64.9425
64.9425
64.9425
64.9425
64.9425
64.9425
64.9425
64.9425
64.9425
64.9425
64.9425
64.9425
64.9425
64.9425
64.9425
64.9425
64.9425
64.9425
64.9425
64.9425
64.9425
64.9425
64.9425
64.9425
64.9425
64.9425
64.9425
64.9425
64.9425
64.9425
64.9425
64.9425
64.9425
64.9425
64.9425
64.9425
64.9425
64.9425
64.9425
64.9425
64.9425
64.9425
64.9425
64.9425
64.9425
64.9425
64.9425
64.9425
64.9425
64.9425
64.9425
64.9425
64.9425
64.9425
64.9425
64.9425
64.9425
64.9425
64.9425
64.9425
64.9425
64.9425
64.9425
64.9425
64.9425
64.9425
64.9425
64.9425
64.9425
64.9425
64.9425
64.9425
64.9425
64.9425
64.9425
64.9425
64.9425
64.9425
64.9425
64.9425
64.9425
64.9425
64.9425
64.9425
64.9425
64.9425
64.9425
64.9425
64.9425
64.9425
64.9425
64.9425
64.9425
64.9425
64.9425
64.9425
64.9425
64.9425
64.9425
64.9425
64.9425
64.9425
64.9425
64.9425
64.9425
64.9425
64.9425
64.9425
64.9425
64.9425
64.9425
64.9425
64.9425
64.9425
64.9425
64.9425
64.9425
64.9425
64.9425
64.9425
64.9425
64.9425
64.9425
64.9425
64.9425
64.9425
64.9425
64.9425
64.9425
64.9425
64.9425
64.9425
64.9425
64.9425
64.9425
64.9425
64.9425
64.9425
64.9425
64.9425
64.9425
64.9425
64.9425
64.9425
64.9425
64.9425
64.9425
64.9425
64.9425
64.9425
64.9425
64.9425
64.9425
64.9425
64.9425
64.9425
64.9425
64.9425
64.9425
64.9425
64.9425
64.9425
64.9425
64.9425
64.9425
64.9425
64.9425
64.9425
64.9425
64.9425
64.9425
64.9425
64.9425
64.9425
64.9425
64.9425
64.9425
64.9425
64.9425
64.9425
64.9425
64.9425
64.9425
64.9425
64.9425
64.9425
64.9425
64.9425
64.9425
64.9425
64.9425
64.9425
64.9425
64.9425
64.9425
64.9425
64.9425
64.9425
64.9425
64.9425
64.9425
64.9425
64.9425
64.9425
64.9425
64.9425
64.9425
64.9425
64.9425
64.9425
64.9425
64.9425
64.9425
64.9425
64.9425
64.9425
64.9425
64.9425
64.9425
64.9425
64.9425
64.9425
64.9425
64.9425
64.9425
64.9425
64.9425
64.9425
64.9425
64.9425
64.9425
64.9425
64.9425
64.9425
64.9425
64.9425
64.9425
64.9425
64.9425
64.9425
64.9425
64.9425
64.9425
64.9425
64.9425
64.9425
64.9425
64.9425
64.9425
64.9425
64.9425
64.9425
64.9425
64.9425
64.9425
64.9425
64.9425
64.9425
64.9425
64.9425
64.9425
64.9425
64.9425
64.9425
64.9425
64.9425
64.9425
64.9425
64.9425
64.9425
64.9425
64.9425
64.9425
64.9425
64.9425
64.9425
64.9425
64.9425
64.9425
64.9425
64.9425
64.9425
64.9425
64.9425
64.9425
64.9425
64.9425
64.9425
64.9425
64.9425
64.9425
64.9425
64.9425
64.9425
64.9425
64.9425
64.9425
64.9425
64.9425
64.9425
64.9425
64.9425
64.9425
64.9425
64.9425
64.9425
64.9425
64.9425
64.9425
64.9425
64.9425
64.9425
64.9425
64.9425
64.9425
64.9425
64.9425
64.9425
64.9425
64.9425
64.9425
64.9425
64.9425
64.9425
64.9425
64.9425
64.9425
64.9425
64.9425
64.9425
64.9425
64.9425
64.9425
64.9425
64.9425
64.9425
64.9425
64.9425
64.9425
64.9425
64.9425
64.9425
64.9425
64.9425
64.9425
64.9425
64.9425
64.9425
64.9425
64.9425
64.9425
64.9425
64.9425
64.9425
64.9425
64.9425
64.9425
64.9425
64.9425
64.9425
64.9425
64.9425
64.9425
64.9425
64.9425
64.9425
64.9425
64.9425
64.9425
64.9425
64.9425
64.9425
64.9425
64.9425
64.9425
64.9425
64.9425
64.9425
64.9425
64.9425
64.9425
64.9425
64.9425
64.9425
64.9425
64.9425
64.9425
64.9425
64.9425
64.9425
64.9425
64.9425
64.9425
64.9425
64.9425
64.9425
64.9425
64.9425
64.9425
64.9425
64.9425
64.9425
64.9425
64.9425
64.9425
64.9425
64.9425
64.9425
64.9425
64.9425
64.9425
64.9425
64.9425
64.9425
64.9425
64.9425
64.9425
64.9425
64.9425
64.9425
64.9425
64.9425
64.9425
64.9425
64.9425
64.9425
64.9425
64.9425
64.9425
64.9425
64.9425
64.9425
64.9425
64.9425
64.9425
64.9425
64.9425
64.9425
64.9425
64.9425
64.9425
64.9425
64.9425
64.9425
64.9425
64.9425
64.9425
64.9425
64.9425
64.9425
64.9425
64.9425
64.9425
64.9425
64.9425
64.9425
64.9425
64.9425
64.9425
64.9425
64.9425
64.9425
64.9425
64.9425
64.9425
64.9425
64.9425
64.9425
64.9425
64.9425
64.9425
64.9425
64.9425
64.9425
64.9425
64.9425
64.9425
64.9425
64.9425
64.9425
64.9425
64.9425
64.9425
64.9425
64.9425
64.9425
64.9425
64.9425
64.9425
64.9425
64.9425
64.9425
64.9425
64.9425
64.9425
64.9425
64.9425
64.9425
64.9425
64.9425
64.9425
64.9425
64.9425
64.9425
64.9425
64.9425
64.9425
64.9425
64.9425
64.9425
64.9425
64.9425
64.9425
64.9425
64.9425
64.9425
64.9425
64.9425
64.9425
64.9425
64.9425
64.9425
64.9425
64.9425
64.9425
64.9425
64.9425
64.9425
64.9425
64.9425
64.9425
64.9425
64.9425
64.9425
64.9425
64.9425
64.9425
64.9425
64.9425
64.9425
64.9425
64.9425
64.9425
64.9425
64.9425
64.9425
64.9425
64.9425
64.9425
64.9425
64.9425
64.9425
64.9425
64.9425
64.9425
64.9425
64.9425
64.9425
64.9425
64.9425
64.9425
64.9425
64.9425
64.9425
64.9425
64.9425
64.9425
64.9425
64.9425
64.9425
64.9425
64.9425
64.9425
64.9425
64.9425
64.9425
64.9425
64.9425
64.9425
64.9425
64.9425
64.9425
64.9425
64.9425
64.9425
64.9425
64.9425
64.9425
64.9425
64.9425
64.9425
64.9425
64.9425
64.9425
64.9425
64.9425
64.9425
64.9425
64.9425
64.9425
64.9425
64.9425
64.9425
64.9425
64.9425
64.9425
64.9425
64.9425
64.9425
64.9425
64.9425
64.9425
64.9425
64.9425
64.9425
64.9425
64.9425
64.9425
64.9425
64.9425
64.9425
64.9425
64.9425
64.9425
64.9425
64.9425
64.9425
64.9425
64.9425
64.9425
64.9425
64.9425
64.9425
64.9425
64.9425
64.9425
64.9425
64.9425
64.9425
64.9425
64.9425
64.9425
64.9425
64.9425
64.9425
64.9425
64.9425
64.9425
64.9425
64.9425
64.9425
64.9425
64.9425
64.9425
64.9425
64.9425
64.9425
64.9425
64.9425
64.9425
64.9425
64.9425
64.9425
64.9425
64.9425
64.9425
64.9425
64.9425
64.9425
64.9425
64.9425
64.9425
64.9425
64.9425
64.9425
64.9425
64.9425
64.9425
64.9425
64.9425
64.9425
64.9425
64.9425
64.9425
64.9425
64.9425
64.9425
64.9425
64.9425
64.9425
64.9425
64.9425
64.9425
64.9425
64.9425
64.9425
64.9425
64.9425
64.9425
64.9425
64.9425
64.9425
64.9425
64.9425
64.9425
64.9425
64.9425
64.9425
64.9425
64.9425
64.9425
64.9425
64.9425
64.9425
64.9425
64.9425
64.9425
64.9425
64.9425
64.9425
64.9425
64.9425
64.9425
64.9425
64.9425
64.9425
64.9425
64.9425
64.9425
64.9425
64.9425
64.9425
64.9425
64.9425
64.9425
64.9425
64.9425
64.9425
64.9425
64.9425
64.9425
64.9425
64.9425
64.9425
64.9425
64.9425
64.9425
64.9425
64.9425
64.9425
64.9425
64.9425
64.9425
64.9425
64.9425
64.9425
64.9425
64.9425
64.9425
64.9425
64.9425
64.9425
64.9425
64.9425
64.9425
64.9425
64.9425
64.9425
64.9425
64.9425
64.9425
64.9425
64.9425
64.9425
64.9425
64.9425
64.9425
64.9425
64.9425
64.9425
64.9425
64.9425
64.9425
64.9425
64.9425
64.9425
64.9425
64.9425
64.9425
64.9425
64.9425
64.9425
64.9425
64.9425
64.9425
64.9425
64.9425
64.9425
64.9425
64.9425
64.9425
64.9425
64.9425
64.9425
64.9425
64.9425
64.9425
64.9425
64.9425
64.9425
64.9425
64.9425
64.9425
64.9425
64.9425
64.9425
64.9425
64.9425
64.9425
64.9425
64.9425
64.9425
64.9425
64.9425
64.9425
64.9425
64.9425
64.9425
64.9425
64.9425
64.9425
64.9425
64.9425
64.9425
64.9425
64.9425
64.9425
64.9425
64.9425
64.9425
64.9425
64.9425
64.9425
64.9425
64.9425
64.9425
64.9425
64.9425
64.9425
64.9425
64.9425
64.9425
64.9425
64.9425
64.9425
64.9425
64.9425
64.9425
64.9425
64.9425
64.9425
64.9425
64.9425
64.9425
64.9425
64.9425
64.9425
64.9425
64.9425
64.9425
64.9425
64.9425
64.9425
64.9425
64.9425
64.9425
64.9425
64.9425
64.9425
64.9425
64.9425
64.9425
64.9425
64.9425
64.9425
64.9425
64.9425
64.9425
64.9425
64.9425
64.9425
64.9425
64.9425
64.9425
64.9425
64.9425
64.9425
64.9425
64.9425
64.9425
64.9425
64.9425
64.9425
64.9425
64.9425
64.9425
64.9425
64.9425
64.9425
64.9425
64.9425
64.9425
64.9425
64.9425
64.9425
64.9425
64.9425
64.9425
64.9425
64.9425
64.9425
64.9425
64.9425
64.9425
64.9425
64.9425
64.9425
64.9425
64.9425
64.9425
64.9425
64.9425
64.9425
64.9425
64.9425
64.9425
64.9425
64.9425
64.9425
64.9425
64.9425
64.9425
64.9425
64.9425
64.9425
64.9425
64.9425
64.9425
64.9425
64.9425
64.9425
64.9425
64.9425
64.9425
64.9425
64.9425
64.9425
64.9425
64.9425
64.9425
64.9425
64.9425
64.9425
64.9425
64.9425
64.9425
64.9425
64.9425
64.9425
64.9425
64.9425
64.9425
64.9425
64.9425
64.9425
64.9425
64.9425
64.9425
64.9425
64.9425
64.9425
64.9425
64.9425
64.9425
64.9425
64.9425
64.9425
64.9425
64.9425
64.9425
64.9425
64.9425
64.9425
64.9425
64.9425
64.9425
64.9425
64.9425
64.9425
64.9425
64.9425
64.9425
64.9425
64.9425
64.9425
64.9425
64.9425
64.9425
64.9425
64.9425
64.9425
64.9425
64.9425
64.9425
64.9425
64.9425
64.9425
64.9425
64.9425
64.9425
64.9425
64.9425
64.9425
64.9425
64.9425
64.9425
64.9425
64.9425
64.9425
64.9425
64.9425
64.9425
64.9425
64.9425
64.9425
64.9425
64.9425
64.9425
64.9425
64.9425
64.9425
64.9425
64.9425
64.9425
64.9425
64.9425
64.9425
64.9425
64.9425
64.9425
64.9425
64.9425
64.9425
64.9425
64.9425
64.9425
64.9425
64.9425
64.9425
64.9425
64.9425
64.9425
64.9425
64.9425
64.9425
64.9425
64.9425
64.9425
64.9425
64.9425
64.9425
64.9425
64.9425
64.9425
64.9425
64.9425
64.9425
64.9425
64.9425
64.9425
64.9425
64.9425
64.9425
64.9425
64.9425
64.9425
64.9425
64.9425
64.9425
64.9425
64.9425
64.9425
64.9425
64.9425
64.9425
64.9425
64.9425
64.9425
64.9425
64.9425
64.9425
64.9425
64.9425
64.9425
64.9425
64.9425
64.9425
64.9425
64.9425
64.9425
64.9425
64.9348
64.9348
64.9348
64.9271
64.8888
64.7585
64.5592
64.5592
64.5592
64.5592
64.5592
64.5592
64.5592
64.5592
64.5592
64.5592
64.5592
64.5592
64.5592
64.5592
64.5592
64.5592
64.5592
64.5592
64.5592
64.5592
64.5592
64.5592
64.5592
64.5592
64.5592
64.5592
64.5592
64.5592
64.5592
64.5592
64.5592
64.5592
64.5592
64.5592
64.5592
64.5592
64.5592
64.5592
64.5592
64.5592
64.5592
64.5592
64.5592
64.5592
64.5592
64.5592
64.5592
64.5592
64.5592
64.5592
64.5592
64.5592
64.5592
64.5592
64.5592
64.5592
64.5592
64.5592
64.5592
64.5592
64.5592
64.5592
64.5592
64.5592
64.5592
64.5592
64.5592
64.5592
64.5592
64.5592
64.5592
64.5592
64.5592
64.5592
64.5592
64.5592
64.5592
64.5592
64.5592
64.5592
64.5592
64.5592
64.5592
64.5592
64.5592
64.5592
64.5592
64.5592
64.5592
64.5592
64.5592
64.5592
64.5592
64.5592
64.5592
64.5592
64.5592
64.5592
64.5592
64.5592
64.5592
64.5592
64.5592
64.5592
64.5592
64.5592
64.5592
64.5592
64.5592
64.5592
64.5592
64.5592
64.5592
64.5592
64.5592
64.5592
64.5592
64.5592
64.5592
64.5592
64.5592
64.5592
64.5592
64.5592
64.5592
64.5592
64.5592
64.5592
64.5592
64.5592
64.5592
64.5592
64.5592
64.5592
64.5592
64.5592
64.5592
64.5592
64.5592
64.5592
64.5592
64.5592
64.5592
64.5592
64.5592
64.5592
64.5592
64.5592
64.5592
64.5592
64.5592
64.5592
64.5592
64.5592
64.5592
64.5592
64.5592
64.5592
64.5592
64.5592
64.5592
64.5592
64.5592
64.5592
64.5592
64.5592
64.5592
64.5592
64.5592
64.5592
64.5592
64.5592
64.5592
64.5592
64.5592
64.5592
64.5592
64.5592
64.5592
64.5592
64.5592
64.5592
64.5592
64.5592
64.5592
64.5592
64.5592
64.5592
64.5592
64.5592
64.5592
64.5592
64.5592
64.5592
64.5592
64.5592
64.5592
64.5592
64.5592
64.5592
64.5592
64.5592
64.5592
64.4658
64.1841
63.6253
63.6253
63.6253
63.6253
63.6253
63.6253
63.6253
63.6253
63.6253
63.6253
63.6253
63.6253
63.6253
63.6253
63.6253
63.6253
63.6253
63.6253
63.6253
63.6253
63.6253
63.6253
63.6253
63.6253
63.6253
63.6253
63.6253
63.6253
63.6253
63.6253
63.6253
63.6253
63.6253
63.6253
63.6253
63.6253
63.6253
63.6253
63.6253
63.6253
63.6253
63.6253
63.6253
63.6253
63.6253
63.6253
63.6253
63.6253
63.6253
63.6253
63.6253
63.6253
63.6253
63.6253
63.6253
63.6253
63.6253
63.6253
63.6253
63.6253
63.6253
63.6253
63.6253
63.6253
63.6253
63.6253
63.6253
63.6253
63.6253
63.6253
63.6253
63.6253
63.6253
63.6253
63.6253
63.6253
63.6253
63.6253
63.6253
63.6253
63.6253
63.6253
63.6253
63.6253
63.6253
63.6253
63.6253
63.6253
63.6253
63.6253
63.6253
63.6253
63.6253
63.6253
63.6253
63.6253
63.6253
63.6253
63.6253
63.6253
63.6253
63.6253
63.6253
63.6253
63.6253
63.6253
63.6253
63.6253
63.6253
63.6253
63.6253
63.6253
63.6253
63.6253
63.6253
63.6253
63.6253
63.6253
63.6253
63.6253
63.6253
63.6253
63.6253
63.6253
63.6253
63.6253
63.6253
63.6253
63.6253
63.6253
63.6253
63.6253
63.6253
63.6253
63.6253
63.6253
63.6253
63.6253
63.6253
63.6253
63.6253
63.6253
63.6253
63.6253
63.6253
63.6253
63.6253
63.6253
63.6253
63.6253
63.6253
63.6253
63.6253
63.6253
63.6253
63.6253
63.6253
63.6253
63.6253
63.6253
63.6253
63.6253
63.6253
63.6253
63.6253
63.6253
63.6253
63.6253
63.6253
63.6253
63.6253
63.6253
63.6253
63.6253
63.6253
63.6253
63.6253
63.6253
63.6253
63.6253
63.6253
63.6253
63.6253
63.6253
63.6253
63.6253
63.6253
63.6253
63.6253
63.6253
63.6253
63.6253
63.6253
63.6253
63.6253
63.6253
63.6253
63.6253
63.6253
63.6253
63.6253
63.6253
63.6253
63.6253
63.6253
63.6253
63.6253
63.6253
63.6253
63.6253
63.6253
63.6253
63.6253
63.6253
63.6253
63.6253
63.6253
63.6253
63.6253
63.6253
63.6253
63.6253
63.6253
63.6253
63.6253
63.6253
63.6253
63.6253
63.6253
63.6253
63.6253
63.6253
63.6253
63.6253
63.6253
63.6253
63.6253
63.6253
63.6253
63.6253
63.6253
63.6253
63.6253
63.6253
63.6253
63.6253
63.6253
63.6253
63.6253
63.6253
63.6253
63.6253
63.6253
63.6253
63.6253
63.6253
63.6253
63.6253
63.6253
63.6253
63.6253
63.6253
63.6253
63.6253
63.6253
63.6253
63.6253
63.6253
63.6253
63.6253
63.6253
63.6253
63.6253
63.6253
63.6253
63.6253
63.6253
63.6253
63.6253
63.6253
63.6253
63.6253
63.6253
63.6253
63.6253
63.6253
63.6253
63.6253
63.6253
63.6253
63.6253
63.6253
63.6253
63.6253
63.6253
63.6253
63.6253
63.6253
63.6253
63.6253
63.6253
63.6253
63.6253
63.6253
63.6253
63.6253
63.6253
63.6253
63.6253
63.6253
63.6253
63.6253
63.6253
63.6253
63.6253
63.6253
63.6253
63.6253
63.6253
63.6253
63.6253
63.6253
63.6253
63.6253
63.6253
63.6253
63.6253
63.6253
63.6253
63.6253
63.6253
63.6253
63.6253
63.6253
63.6253
63.6253
63.6253
63.6253
63.6253
63.6253
63.6253
63.6253
63.6253
63.6253
63.6253
63.6253
63.6253
63.6253
63.6253
63.6253
63.6253
63.6253
63.6253
63.6253
63.6253
63.6253
63.6253
63.6253
63.6253
63.6253
63.6253
63.6253
63.6253
63.6253
63.6253
63.6253
63.6253
63.6253
63.6253
63.6253
63.6253
63.6253
63.6253
63.6253
63.6253
63.6253
63.6253
63.6253
63.6253
63.6253
63.6253
63.6253
63.6253
63.6253
63.6253
63.6253
63.6253
63.6253
63.6253
63.6253
63.6253
63.6253
63.6253
63.6253
63.6253
63.6253
63.6253
63.6253
63.6253
63.6253
63.6253
63.6253
63.6253
63.6253
63.6253
63.6253
63.6253
63.6253
63.6253
63.6253
63.6253
63.6253
63.6253
63.6253
63.6253
63.6253
63.6253
63.6253
63.6253
63.6253
63.6253
63.6253
63.6253
63.6253
63.6253
63.6253
63.6253
63.6253
63.6253
63.6253
63.6253
63.6253
63.6253
63.6253
63.6253
63.6253
63.6253
63.6253
63.6253
63.6253
63.6253
63.6253
63.6253
63.6253
63.6253
63.6253
63.6253
63.6253
63.6253
63.6253
63.6253
63.6253
63.6253
63.6253
63.6253
63.6253
63.6253
63.6253
63.6253
63.6253
63.6253
63.6253
63.6253
63.6253
63.6253
63.6253
63.6253
63.6253
63.6253
63.6253
63.6253
63.6253
63.6253
63.6253
63.6253
63.6253
63.6253
63.6253
63.6253
63.6253
63.6253
63.6253
63.6253
63.6253
63.6253
63.6253
63.6253
63.6253
63.6253
63.6253
63.6253
63.6253
63.6253
63.6253
63.6253
63.6253
63.6253
63.6253
63.6253
63.6253
63.6253
63.6253
63.6253
63.6253
63.6253
63.6253
63.6253
63.6253
63.6253
63.6253
63.6253
63.6253
63.6253
63.6253
63.6253
63.6253
63.6253
63.6253
63.6253
63.6253
63.6253
63.6253
63.6253
63.6253
63.6253
63.6253
63.6253
63.6253
63.6253
63.6253
63.6253
63.6253
63.6253
63.6253
63.6253
63.6253
63.6253
63.6253
63.6253
63.6253
63.6253
63.6253
63.6253
63.6253
63.6253
63.6253
63.6253
63.6253
63.6253
63.6253
63.6253
63.6253
63.6253
63.6253
63.6253
63.6253
63.6253
63.6253
63.6253
63.6253
63.6253
63.6253
63.6253
63.6253
63.6253
63.6253
63.6253
63.6253
63.6253
63.6253
63.6253
63.6253
63.6253
63.6253
63.6253
63.6253
63.6253
63.6253
63.6253
63.6253
63.6253
63.6253
63.6253
63.6253
63.6253
63.6253
63.6253
63.6253
63.6253
63.6253
63.6253
63.6253
63.6253
63.6253
63.6253
63.6253
63.6253
63.6253
63.6253
63.6253
63.6253
63.6253
63.6253
63.6253
63.6253
63.6253
63.6253
63.6253
63.6253
63.6253
63.6253
63.6253
63.6253
63.6253
63.6253
63.6253
63.6253
63.6253
63.6253
63.6253
63.6253
63.6253
63.6253
63.6253
63.6253
63.6253
63.6253
63.6253
63.6253
63.6253
63.6253
63.6253
63.6253
63.6253
63.6253
63.6253
63.6253
63.6253
63.6253
63.6253
63.6253
63.6253
63.6253
63.6253
63.6253
63.6253
63.6253
63.6253
63.6253
63.6253
63.6253
63.6253
63.6253
63.6253
63.6253
63.6253
63.6253
63.6253
63.6253
63.6253
63.6253
63.6253
63.6253
63.6253
63.6253
63.6253
63.6253
63.6253
63.6253
63.6253
63.6253
63.6253
63.6253
63.6253
63.6253
63.6253
63.6253
63.6253
63.6253
63.6253
63.6253
63.6253
63.6253
63.6253
63.6253
63.6253
63.6253
63.6253
63.6253
63.6253
63.6253
63.6253
63.6253
63.6253
63.6253
63.6253
63.6253
63.6253
63.6216
63.5996
63.5593
63.442
63.442
63.442
63.442
63.442
63.442
63.442
63.442
63.442
63.442
63.442
63.442
63.442
63.442
63.442
63.442
63.442
63.442
63.442
63.442
63.442
63.442
63.442
63.442
63.442
63.442
63.442
63.442
63.442
63.442
63.442
63.442
63.442
63.442
63.442
63.442
63.442
63.442
63.442
63.442
63.442
63.442
63.442
63.442
63.442
63.442
63.442
63.442
63.442
63.442
63.442
63.442
63.442
63.442
63.442
63.442
63.442
63.442
63.442
63.442
63.442
63.442
63.442
63.442
63.442
63.442
63.442
63.442
63.442
63.442
63.442
63.442
63.442
63.442
63.442
63.442
63.442
63.442
63.442
63.442
63.442
63.442
63.442
63.442
63.442
63.442
63.442
63.442
63.442
63.442
63.442
63.442
63.442
63.442
63.442
63.442
63.442
63.442
63.442
63.442
63.442
63.442
63.442
63.442
63.442
63.442
63.442
63.442
63.442
63.442
63.442
63.442
63.442
63.442
63.442
63.442
63.442
63.442
63.442
63.442
63.442
63.442
63.442
63.442
63.442
63.442
63.442
63.442
63.442
63.442
63.442
63.442
63.442
63.442
63.442
63.442
63.442
63.442
63.442
63.442
63.442
63.442
63.442
63.442
63.442
63.442
63.442
63.442
63.442
63.442
63.442
63.442
63.442
63.442
63.442
63.442
63.442
63.442
63.442
63.442
63.442
63.442
63.442
63.442
63.442
63.442
63.442
63.442
63.442
63.442
63.442
63.442
63.442
63.442
63.442
63.442
63.442
63.442
63.442
63.442
63.442
63.442
63.442
63.442
63.442
63.442
63.442
63.442
63.442
63.442
63.442
63.442
63.442
63.442
63.442
63.442
63.442
63.442
63.442
63.442
63.442
63.442
63.442
63.442
63.442
63.442
63.442
63.442
63.442
63.442
63.442
63.442
63.442
63.442
63.442
63.442
63.442
63.442
63.442
63.442
63.442
63.442
63.442
63.442
63.442
63.442
63.462
63.442
63.442
63.442
63.442
63.442
63.442
63.442
63.442
63.442
63.442
63.442
63.442
63.442
63.442
63.442
63.442
63.442
63.442
63.442
63.442
63.442
63.442
63.442
63.442
63.442
63.442
63.442
63.442
63.442
63.442
63.442
63.442
63.442
63.442
63.442
63.442
63.442
63.442
63.442
63.442
63.442
63.442
63.442
63.442
63.442
63.442
63.442
63.442
63.442
63.442
63.442
63.442
63.442
63.442
63.442
63.442
63.442
63.442
63.442
63.442
63.442
63.442
63.442
63.442
63.442
63.442
63.442
63.442
63.442
63.442
63.442
63.442
63.442
63.442
63.442
63.442
63.442
63.442
63.442
63.442
63.442
63.442
63.442
63.442
63.442
63.442
63.442
63.442
63.442
63.442
63.442
63.442
63.442
63.442
63.442
63.442
63.442
63.442
63.442
63.442
63.442
63.442
63.442
63.442
63.442
63.442
63.442
63.442
63.442
63.442
63.442
63.442
63.442
63.442
63.442
63.442
63.442
63.442
63.442
63.442
63.442
63.442
63.442
63.442
63.442
63.442
63.442
63.442
63.442
63.442
63.442
63.442
63.442
63.442
63.442
63.442
63.442
63.442
63.442
63.442
63.442
63.442
63.442
63.442
63.442
63.442
63.442
63.442
63.442
63.442
63.442
63.442
63.442
63.442
63.442
63.442
63.442
63.442
63.442
63.442
63.442
63.442
63.442
63.442
63.442
63.442
63.442
63.442
63.442
63.442
63.442
63.442
63.442
63.442
63.442
63.442
63.442
63.442
63.442
63.442
63.442
63.442
63.442
63.442
63.442
63.442
63.442
63.442
63.442
63.442
63.442
63.442
63.442
63.442
63.442
63.442
63.442
63.442
63.442
63.442
63.442
63.442
63.442
63.442
63.442
63.442
63.442
63.442
63.442
63.442
63.442
63.442
63.442
63.442
63.442
63.442
63.442
63.442
63.442
63.442
63.442
63.442
63.442
63.442
63.442
63.442
63.442
63.442
63.442
63.442
63.442
63.442
63.442
63.442
63.442
63.442
63.442
63.442
63.442
63.442
63.442
63.442
63.442
63.442
63.442
63.442
63.442
63.442
63.442
63.442
63.442
63.442
63.442
63.442
63.442
63.442
63.442
63.442
63.442
63.442
63.442
63.442
63.442
63.442
63.442
63.442
63.442
63.442
63.442
63.442
63.442
63.442
63.442
63.442
63.442
63.442
63.442
63.442
63.442
63.442
63.442
63.442
63.442
63.442
63.442
63.442
63.442
63.442
63.442
63.442
63.442
63.442
63.442
63.442
63.442
63.442
63.442
63.442
63.442
63.442
63.442
63.442
63.442
63.442
63.442
63.442
63.442
63.442
63.442
63.442
63.442
63.442
63.442
63.442
63.442
63.442
63.442
63.442
63.442
63.442
63.442
63.442
63.442
63.442
63.442
63.442
63.442
63.442
63.442
63.442
63.442
63.442
63.442
63.442
63.442
63.442
63.442
63.442
63.442
63.442
63.442
63.442
63.442
63.442
63.442
63.442
63.442
63.442
63.442
63.442
63.442
63.442
63.442
63.442
63.442
63.442
63.442
63.442
63.442
63.442
63.442
63.442
63.442
63.442
63.442
63.442
63.442
63.442
63.442
63.442
63.442
63.442
63.442
63.442
63.442
63.442
63.442
63.442
63.442
63.442
63.442
63.442
63.442
63.442
63.442
63.442
63.442
63.442
63.442
63.442
63.442
63.442
63.442
63.442
63.442
63.442
63.442
63.442
63.442
63.442
63.442
63.442
63.442
63.442
63.442
63.442
63.442
63.442
63.442
63.442
63.442
63.442
63.442
63.442
63.442
63.442
63.442
63.442
63.442
63.442
63.442
63.442
63.442
63.442
63.442
63.442
63.442
63.442
63.442
63.442
63.442
63.442
63.442
63.442
63.442
63.442
63.442
63.442
63.442
63.442
63.442
63.442
63.442
63.442
63.442
63.442
63.442
63.442
63.442
63.442
63.442
63.442
63.442
63.442
63.442
63.442
63.442
63.442
63.442
63.442
63.442
63.442
63.442
63.442
63.442
63.442
63.442
63.442
63.442
63.442
63.442
63.442
63.442
63.442
63.442
63.442
63.442
63.442
63.442
63.442
63.442
63.442
63.442
63.442
63.442
63.442
63.442
63.442
63.442
63.442
63.442
63.442
63.442
63.442
63.442
63.442
63.442
63.442
63.442
63.442
63.442
63.442
63.442
63.442
63.442
63.442
63.442
63.442
63.442
63.442
63.442
63.442
63.442
63.442
63.442
63.442
63.442
63.442
63.442
63.442
63.442
63.442
63.442
63.442
63.442
63.442
63.442
63.442
63.442
63.442
63.442
63.442
63.442
63.442
63.442
63.442
63.442
63.442
63.442
63.442
63.442
63.442
63.442
63.442
63.442
63.442
63.442
63.442
63.442
63.442
63.4408
63.4408
63.4397
63.4408
63.4385
63.4385
63.4325
63.4325
63.4158
63.3824
63.3824
63.3824
63.3824
63.3824
63.3824
63.3824
63.3824
63.3824
63.3824
63.3824
63.3824
63.3824
63.3824
63.3824
63.3824
63.3824
63.3824
63.3824
63.3824
63.3824
63.3824
63.3824
63.3824
63.3824
63.3824
63.3824
63.3824
63.3824
63.3824
63.3824
63.3824
63.3824
63.3824
63.3824
63.3824
63.3824
63.3824
63.3824
63.3824
63.3824
63.3824
63.3824
63.3824
63.3824
63.3824
63.3824
63.3824
63.3824
63.3824
63.3824
63.3824
63.3824
63.3824
63.3824
63.3824
63.3824
63.3824
63.3824
63.3824
63.3824
63.3824
63.3824
63.3824
63.3824
63.3824
63.3824
63.3668
63.3198
63.1634
62.6001
62.6001
62.6001
62.6001
62.6001
62.6001
62.6001
62.6001
62.6001
62.6001
62.6001
62.6001
62.6001
62.6001
62.6001
62.6001
62.6001
62.6001
62.6001
62.6001
62.6001
62.6001
62.6001
62.6001
62.6001
62.6001
62.6001
62.6001
62.6001
62.6001
62.6001
62.6001
62.6001
62.6001
62.6001
62.6001
62.6001
62.6001
62.6001
62.6001
62.6001
62.6001
62.6001
62.6001
62.6001
62.6001
62.6001
62.6001
62.6001
62.6001
62.6001
62.6001
62.6001
62.6001
62.6001
62.6001
62.6001
62.6001
62.6001
62.6001
62.6001
62.6001
62.6001
62.6001
62.6001
62.6001
62.6001
62.6001
62.6001
62.6001
62.6001
62.6001
62.6001
62.6001
62.6001
62.6001
62.6001
62.6001
62.6001
62.6001
62.6001
62.6001
62.6001
62.6001
62.6001
62.6001
62.6001
62.6001
62.6001
62.6001
62.6001
62.6001
62.6001
62.6001
62.6001
62.6001
62.6001
62.6001
62.6001
62.6001
62.6001
62.6001
62.6001
62.6001
62.6001
62.6001
62.6001
62.6001
62.6001
62.6001
62.6001
62.6001
62.6001
62.6001
62.6001
62.6001
62.6001
62.6001
62.6001
62.6001
62.6001
62.6001
62.6001
62.6001
62.6001
62.6001
62.6001
62.6001
62.6001
62.6001
62.6001
62.6001
62.6001
62.6001
62.6001
62.6001
62.6001
62.6001
62.6001
62.6001
62.6001
62.6001
62.6001
62.6001
62.6001
62.6001
62.6001
62.6001
62.6001
62.6001
62.6001
62.6001
62.6001
62.6001
62.6001
62.6001
62.6001
62.6001
62.6001
62.6001
62.6001
62.6001
62.6001
62.6001
62.6001
62.6001
62.6001
62.6001
62.6001
62.6001
62.6001
62.6001
62.6001
62.6001
62.6001
62.6001
62.6001
62.6001
62.6001
62.6001
62.6001
62.6001
62.6001
62.6001
62.6001
62.6001
62.6001
62.6001
62.6001
62.6001
62.6001
62.6001
62.6001
62.6001
62.6001
62.6001
62.6001
62.6001
62.6001
62.6001
62.6001
62.6001
62.6001
62.6001
62.6001
65.7742
62.6001
62.6001
62.6001
62.6001
62.6001
62.6001
62.6001
62.6001
62.6001
62.6001
62.6001
62.6001
62.6001
62.6001
62.6001
62.6001
62.6001
62.6001
62.6001
62.6001
62.6001
62.6001
62.6001
62.6001
62.6001
62.6001
62.6001
62.6001
62.6001
62.6001
62.6001
62.6001
62.6001
62.6001
62.6001
62.6001
62.6001
62.6001
62.6001
62.6001
62.6001
62.6001
62.6001
62.6001
62.6001
62.6001
62.6001
62.6001
62.6001
62.6001
62.6001
62.6851
62.6001
62.6001
62.6001
62.6001
62.6001
62.6001
62.6001
62.6001
62.6001
62.6001
62.6001
62.6001
62.6001
62.6001
62.6001
62.6001
62.6001
62.6001
62.6001
62.6001
62.6001
62.6001
62.6001
62.6001
62.6001
62.6001
62.6001
62.6001
62.6001
62.6001
62.6001
62.6001
62.6001
62.6001
62.6001
62.6001
62.6001
62.6001
62.6001
62.6001
62.6001
62.6001
62.6001
62.6001
62.6001
62.6957
62.6001
62.6001
62.6001
62.6001
62.6001
62.6001
62.6001
62.6001
62.6001
62.6001
62.6001
62.6001
63.3744
64.7371
62.6001
62.6001
62.6001
62.6001
62.6001
62.6001
62.6001
62.6001
62.6001
62.6001
62.6001
62.6001
62.6001
62.6001
62.6001
62.6001
62.6001
62.6001
62.6001
62.6001
62.6001
62.6001
62.6001
62.6001
62.6162
63.1317
62.6001
62.6001
62.6001
62.6001
62.6001
62.6001
62.6001
62.6001
62.6001
62.6001
62.6001
62.6001
62.6001
62.6001
62.6001
62.6001
62.6001
62.6001
62.6001
62.6001
62.6001
62.6001
62.6001
62.6001
62.6001
62.6001
62.6001
62.6001
62.6001
62.6001
62.6001
62.6001
62.6001
62.6447
62.6001
62.6001
62.6001
62.6001
62.6001
62.6001
62.6001
62.6001
62.6001
62.6001
62.6001
62.6001
62.6001
62.6001
62.6001
62.6001
62.6001
62.6001
62.6001
62.6001
62.6001
62.6001
62.6001
62.6001
62.6001
62.6001
62.6001
62.6001
62.6001
62.6001
62.6001
62.6001
62.6001
62.6001
62.6462
63.4912
62.6001
62.6001
62.6001
62.6001
62.6001
62.6001
62.6001
62.6001
62.6001
62.6001
62.6001
62.6001
64.771
62.6001
62.6001
62.6001
62.6001
62.6001
62.6001
62.6001
62.6001
62.6001
62.6001
62.6001
62.6001
62.6001
62.6001
62.6001
62.6001
62.6001
62.6001
62.6001
62.6001
62.6001
62.6001
62.6001
62.6001
62.6001
62.6001
62.6001
62.6001
62.6001
62.6001
62.6001
62.6001
62.6001
62.6001
62.6001
62.6001
62.6001
62.6001
62.6001
62.6001
62.6001
62.6001
62.6001
62.6001
62.6001
62.6001
62.6001
62.6001
62.6001
62.6001
62.6001
62.6509
62.6001
62.6001
62.6001
62.6001
62.6001
62.6001
62.6001
62.6001
62.6001
62.6001
62.6001
62.6001
62.6001
62.6001
62.6001
62.6001
62.6001
62.6001
62.6001
62.6001
62.6001
62.6001
62.6001
62.6001
62.6001
62.6001
62.6001
62.6001
62.6001
62.6001
62.6001
62.6001
62.6001
62.6001
62.6001
62.6001
62.6001
62.6001
62.6001
62.6001
62.6001
62.6001
62.6001
62.6001
62.6001
62.6001
62.6001
62.6001
62.6001
62.6001
62.6001
62.6001
62.6001
62.6001
62.6001
62.6001
62.6001
62.6001
62.6001
62.8329
62.6001
62.6001
62.6001
62.6001
62.6001
62.6001
62.6001
62.6001
62.6001
62.6001
62.6001
62.6001
62.6359
62.6001
63.9523
62.6001
62.6001
62.6001
62.6001
62.6001
62.6001
62.6001
62.6001
62.6001
62.6001
62.6001
62.6001
62.6001
62.6001
62.6001
62.6001
62.6001
62.6001
62.6001
62.6001
62.6001
62.6001
62.6001
62.6001
62.6001
62.6001
62.6001
62.6001
62.6001
62.6001
62.6001
62.6001
62.6001
62.6001
62.6001
62.6001
62.6001
62.6001
62.6001
62.6001
62.6001
62.6001
62.6001
62.6001
62.6001
62.6001
62.6001
62.6001
62.6001
62.6001
62.6001
62.6001
62.6001
62.6001
62.6001
62.6001
62.6001
62.6001
62.6001
62.6001
62.6001
62.6001
62.6001
62.6001
62.6001
62.6001
62.6001
62.6001
62.6001
62.6001
62.6001
62.6001
62.6001
62.6001
62.6001
62.6001
62.6001
62.6001
62.6001
62.6001
62.6001
62.6001
62.6001
62.6001
62.6001
62.6001
62.6001
62.6001
62.6001
62.6001
62.6001
62.6001
62.6001
62.6001
62.6001
62.6001
62.6001
62.6001
62.6001
62.6001
62.6001
62.6001
62.6001
62.6001
62.6001
62.6001
62.6001
62.6001
62.6001
62.6001
62.6001
62.6001
62.6001
62.6001
62.6001
62.6001
62.6001
62.6001
62.6001
62.6001
62.6001
62.6001
62.6001
62.6001
62.6001
62.6001
62.6001
62.6001
62.6001
62.6001
62.6001
62.6001
62.6001
62.6001
62.6001
62.6001
62.6001
62.6001
62.6001
62.6001
62.6001
62.6001
62.6001
62.6001
62.6001
62.6001
62.6001
62.6001
62.6001
62.6001
62.6001
62.6001
62.6001
62.6001
62.6001
62.6001
62.6001
62.6001
62.6001
62.6001
62.6001
62.6001
62.7171
62.6001
62.6001
62.6001
62.6001
62.6001
62.6001
62.6001
62.6001
62.6001
62.6001
62.6001
62.6001
62.6001
62.6001
62.6001
62.6001
62.6001
62.6001
62.6001
62.6001
62.6001
62.6001
62.6509
63.5911
62.6001
62.6001
62.6286
62.6001
64.0208
67.0611
72.3321
69.1428
63.6786
62.6001
62.6001
62.6001
62.6001
62.6001
62.6001
62.6001
62.6001
62.6001
62.6001
62.6001
62.6001
62.6001
62.6001
62.6001
62.6001
62.6001
62.6001
62.6001
62.6001
62.6001
62.6001
62.6001
62.6001
62.6001
62.6001
62.6001
62.6001
62.6001
62.6001
62.6001
62.6001
62.6001
62.6001
62.6001
62.6001
62.6001
62.6001
62.6001
62.6001
62.6001
62.6001
62.6001
62.6001
62.6001
62.6001
62.6001
62.6001
62.6001
62.6001
62.6001
62.6001
62.6001
62.6001
62.6001
62.6001
62.6001
62.6001
62.6001
62.6001
62.6001
62.6001
62.6001
62.6001
62.6001
62.6001
62.6001
62.6001
62.6001
62.6001
62.6001
62.6001
62.6001
62.6001
62.6001
62.6001
62.6001
62.6001
62.6001
62.6001
62.6001
62.6001
62.6001
62.6001
62.6001
62.6001
62.6001
62.6001
62.6001
62.6001
62.6001
62.6001
62.6001
62.6001
62.6001
62.6001
62.6001
62.6001
62.6001
62.6001
62.6001
62.6001
62.6001
62.6001
62.6001
62.6001
62.6001
62.6001
62.6001
62.6001
62.6001
62.6001
62.6001
62.6001
62.6001
62.6001
62.6001
62.6001
62.6001
62.6001
62.6001
62.6001
62.6001
62.6001
62.6001
62.6001
62.6001
62.6001
62.6001
62.6001
62.6001
62.6001
62.6001
62.6001
62.6001
62.6001
62.6001
62.6001
62.6001
62.6001
62.6001
62.6001
62.6001
62.6001
62.6001
62.6001
62.6001
62.6001
62.6001
62.6001
62.6001
62.6001
62.6001
62.6001
62.6001
62.6001
62.6001
62.6001
62.6001
62.6001
62.6001
62.6001
62.6001
62.6001
62.6001
62.6001
62.6001
62.6001
62.6001
62.6001
62.6001
62.6001
62.6001
62.6001
62.6001
62.6001
62.6001
62.6001
62.6001
62.6001
62.6001
62.6001
62.6001
62.6001
62.6001
62.6001
62.6001
62.6001
62.6001
62.6001
62.6001
62.6001
62.6001
62.6001
62.6001
62.6001
62.6001
62.6001
62.6001
62.6001
62.6001
62.6001
62.6001
62.6001
62.6001
62.6001
62.59
62.5597
62.4787
62.2966
62.0943
62.0943
62.0943
62.0943
62.0943
62.0943
62.0943
62.0943
62.0943
62.0943
62.0943
62.0943
62.0943
62.0943
62.0943
62.0943
62.0943
62.0943
62.0943
62.0943
62.0943
62.0943
62.0943
62.0943
62.0943
62.0943
62.0943
62.0943
62.0943
62.0943
62.0943
62.0943
62.0943
62.0943
62.0943
62.0943
62.0943
62.0943
62.0943
62.0943
62.0943
62.0943
62.0943
62.0943
62.0943
62.0943
62.0943
62.0943
62.0943
62.0943
62.0943
62.0943
62.0943
62.0943
62.0943
62.0943
62.0943
62.0943
62.0943
62.0943
62.0943
62.0943
62.0943
62.0943
62.0943
62.0943
62.0943
62.0943
62.0943
62.0943
62.0943
62.0943
62.0943
62.0943
62.0943
62.0943
62.0943
62.0943
62.0943
62.0943
62.0943
62.0943
62.0943
62.0943
62.0943
62.0943
62.0943
62.0943
62.0943
62.0943
62.0943
62.0943
62.0943
62.0943
62.0943
62.0943
62.0943
62.0943
62.0943
62.0943
62.0943
62.0943
62.0943
62.0943
62.0943
62.0943
62.0943
62.0943
62.0943
62.0943
62.0943
62.0943
62.0943
62.0943
62.0943
62.0943
62.0943
62.0943
62.0943
62.0943
62.0943
62.0943
62.0943
62.0943
62.0943
62.0943
62.0943
62.0943
62.0943
62.0943
62.0943
62.0943
62.0943
62.0943
62.0943
62.0943
62.0943
62.0943
62.0943
62.0943
62.0943
62.0943
62.0943
62.0943
62.0943
62.0943
62.0922
62.0846
62.0598
62.0598
62.0598
62.0598
62.0598
62.0598
62.0598
62.0598
62.0598
62.0598
62.0598
62.0598
62.0598
62.0598
62.0598
62.0598
62.0598
62.0598
62.0598
62.0598
62.0598
62.0598
62.0598
62.0598
62.0598
62.0598
62.0598
62.0598
62.0598
62.0598
62.0598
62.0598
62.0598
62.0598
62.0598
62.0598
62.0598
62.0598
62.0598
62.0598
62.0598
62.0598
62.0598
62.0598
62.0598
62.0598
62.0598
62.0598
62.0598
62.0598
62.0598
62.0598
62.0598
62.0598
62.0598
62.0598
62.0598
62.1057
62.0598
62.0598
62.0598
62.0598
62.0598
62.0598
62.0598
62.0598
62.0598
62.0598
62.0598
62.0598
62.0598
62.0598
62.0598
62.0598
62.0598
62.0598
62.0598
62.0598
62.0598
62.0598
62.0598
62.0598
62.0598
62.0598
62.0598
62.0598
62.0598
62.0598
62.0598
62.0598
62.0598
62.0598
62.0598
62.0598
62.0598
62.0598
62.0598
62.0598
62.0598
62.0598
62.0598
62.0598
62.0598
62.0598
62.0598
62.0598
62.0598
62.0598
62.0598
62.0598
62.0598
62.0598
62.0598
62.0598
62.0598
62.0598
62.0598
62.0598
62.0598
62.0598
62.0598
62.0598
62.0598
62.0598
62.0598
62.0598
62.0598
62.0598
62.0598
62.0598
62.0598
62.0598
62.0598
62.0598
62.0598
62.0598
62.0598
62.0598
62.0598
62.0598
62.0598
62.0598
62.0598
62.0598
62.0598
62.0598
62.0598
62.0598
62.0598
62.0598
62.0598
62.0598
62.0598
62.0598
62.0598
62.0598
62.0598
62.0598
62.0598
62.0598
62.0598
62.0598
62.0598
62.0598
62.0598
62.0598
62.0598
62.0598
62.0598
62.0598
62.0598
62.0598
62.0598
62.0598
62.0598
62.0598
62.0598
62.0598
62.0598
62.0598
62.0598
62.0598
62.0598
62.0598
62.0598
62.0598
62.0598
62.0598
62.0598
62.0598
62.0598
62.0598
62.0598
62.0598
62.0598
62.0598
62.0598
62.0598
62.0598
62.0598
62.0598
62.0598
62.0598
62.0598
62.0598
62.0598
62.0598
62.0598
62.0598
62.0598
62.0598
62.0598
62.0598
62.0598
62.0598
62.0598
62.0598
62.0598
62.0598
62.0598
62.0598
62.0598
62.0598
62.0598
62.0598
62.0598
62.0598
62.0598
62.0598
62.0598
62.0598
62.0598
62.0598
62.0598
62.0598
62.0598
62.0598
62.0598
62.0598
62.0598
62.0598
62.0598
62.0598
62.0598
62.0598
62.0598
62.0598
62.0598
62.0598
62.0598
62.0598
62.0598
62.0598
62.0598
62.0598
62.0598
62.0598
62.0598
62.0598
62.0598
62.0598
62.0598
62.0598
62.0598
62.0598
62.0598
62.0598
62.0598
62.0598
62.0598
62.0598
62.0598
62.0598
62.0598
62.0598
62.0598
62.0598
62.0598
62.0598
62.0598
62.0598
62.0598
62.0598
62.0598
62.0598
62.0598
62.0598
62.0598
62.0598
62.0598
62.0598
62.0598
62.0598
62.0598
62.0598
62.0598
62.0598
62.0598
62.0598
62.0598
62.0598
62.0598
62.0598
62.0598
62.0598
62.0598
62.0598
62.0598
62.0598
62.0598
62.0598
62.0598
62.0598
62.0598
62.0598
62.0598
62.0598
62.0598
62.0598
62.0598
62.0598
62.0598
62.0598
62.0598
62.0598
62.0598
62.0598
62.0598
62.0598
62.0598
62.0598
62.0598
62.0598
62.0598
62.0598
62.0598
62.0598
62.0598
62.0598
62.0598
62.0598
62.0598
62.0598
62.0598
62.0598
62.0598
62.0598
62.0598
62.0598
62.0598
62.0598
62.0598
62.0598
62.0598
62.0598
62.0598
62.0598
62.0598
62.0598
62.0598
62.0598
62.0598
62.0598
62.0598
62.0598
62.0598
62.0598
62.0598
62.0598
62.0598
62.0598
62.0598
62.0598
62.0598
62.0598
62.0598
62.0598
62.0598
62.0598
62.0598
62.0598
62.0598
62.0598
62.0598
62.0598
62.0598
62.0598
62.0598
62.0598
62.0598
62.0598
62.0598
62.0598
62.0598
62.0598
62.0598
62.0598
62.0598
62.0598
62.0598
62.0598
62.0598
62.0598
62.0598
62.0598
62.0598
62.0598
62.0598
62.0598
62.0598
62.0598
62.0598
62.0598
62.0598
62.0598
62.0598
62.0598
62.0598
62.0598
62.0598
62.0598
62.0598
62.0598
62.0598
62.0598
62.0598
62.0598
62.0598
62.0598
62.0598
62.0598
62.0598
62.0598
62.0598
62.0598
62.0598
62.0598
62.0598
62.0598
62.0598
62.0598
62.0598
62.0598
62.0598
62.0598
62.0598
62.0598
62.0598
62.0598
62.0598
62.0598
62.0598
62.0598
62.0598
62.0598
62.0598
62.0598
62.0598
62.0598
62.0598
62.0598
62.0598
62.0598
62.0598
62.0598
62.0598
62.0598
62.0598
62.0598
62.0598
62.0598
62.0598
62.0598
62.0598
62.0598
62.0598
62.0598
62.0598
62.0598
62.0598
62.0598
62.0598
62.0598
62.0598
62.0598
62.0598
62.0598
62.0598
62.0598
62.0598
62.0598
62.0598
62.0598
62.0598
62.0598
62.0598
62.0598
62.0598
62.0598
62.0598
62.0598
62.0598
62.0598
62.0598
62.0598
62.0598
62.0598
62.0598
62.0598
62.0598
62.0598
62.0598
62.0598
62.0598
62.0598
62.0598
62.0598
62.0598
62.0598
62.0598
62.0598
62.0598
62.0598
62.0598
62.0598
62.0598
62.0598
62.0598
62.0598
62.0598
62.0598
62.0598
62.0598
62.0598
62.0598
62.0598
62.0598
62.0598
62.0598
62.0598
62.0598
62.0598
62.0598
62.0598
62.0598
62.0598
62.0598
62.0598
62.0598
62.0598
62.0598
62.0598
62.0598
62.0598
62.0598
62.0598
62.0598
62.0598
62.0598
62.0598
62.0598
62.0598
62.0598
62.0598
62.0598
62.0598
62.0598
62.0598
62.0598
62.0598
62.0598
62.0598
62.0598
62.0598
62.0598
62.0598
62.0598
62.0598
62.0598
62.0598
62.0598
62.0598
62.0598
62.0598
62.0598
62.0598
62.0598
62.0598
62.0598
62.0598
62.0598
62.0598
62.0598
62.0598
62.0598
62.0598
62.0598
62.0598
62.0598
62.0598
62.0598
62.0598
62.0598
62.0598
62.0598
62.0598
62.0598
62.0598
62.0598
62.0598
62.0598
62.0598
62.0598
62.0598
62.0598
62.0598
62.0598
62.0598
62.0598
62.0598
62.0598
62.0598
62.0598
62.0598
62.0598
62.0598
62.0598
62.0598
62.0598
62.0598
62.0598
62.0598
62.0598
62.0598
62.0598
62.0598
62.0598
62.0598
62.0598
62.0598
62.0598
62.0598
62.0598
62.0598
62.0598
62.0598
62.0598
62.0598
62.0598
62.0598
62.0598
62.0598
62.0598
62.0598
62.0598
62.0598
62.0598
62.0598
62.0598
62.0598
62.0598
62.0598
62.0598
62.0598
62.0598
62.0598
62.0598
62.0598
62.0598
62.0598
62.0598
62.0598
62.0598
62.0598
62.0598
62.0598
62.0598
62.0598
62.0598
62.0598
62.0598
62.0598
62.0598
62.0598
62.0598
62.0598
62.0598
62.0598
62.0598
62.0598
62.0598
62.0598
62.0598
62.0598
62.0598
62.0598
62.0598
62.0598
62.0598
62.0598
62.0598
62.0598
62.0598
62.0598
62.0598
62.0598
62.0598
62.0598
62.0598
62.0598
62.0598
62.0598
62.0598
62.0598
62.0598
62.0598
62.0598
62.0598
62.0598
62.0598
62.0598
62.0598
62.0598
62.0598
62.0598
62.0598
62.0598
62.0598
62.0598
62.0598
62.0598
62.0598
62.0598
62.0598
62.0598
62.0598
62.0598
62.0598
62.0598
62.0598
62.0598
62.0598
62.0598
62.0598
62.0598
62.0598
62.0598
62.0598
62.0598
62.0598
62.0598
62.0598
62.0598
62.0598
62.0598
62.0598
62.0598
62.0598
62.0598
62.0598
62.0598
62.0598
62.0598
62.0598
62.0598
62.0598
62.0598
62.0598
62.0598
62.0598
62.0598
62.0598
62.0598
62.0598
62.0598
62.0598
62.0598
62.0598
62.0598
62.0598
62.0598
62.0598
62.0598
62.0598
62.0598
62.0598
62.0598
62.0598
62.0598
62.0598
62.0598
62.0598
62.0598
62.0598
62.0598
62.0598
62.0598
62.0598
62.0598
62.0598
62.0598
62.0598
62.0598
62.0598
62.0598
62.0598
62.0598
62.0598
62.0598
62.0598
62.0598
62.0598
62.0598
62.0598
62.0598
62.0598
62.0598
62.0598
62.0598
62.0598
62.0598
62.0598
62.0598
62.0598
62.0598
62.0598
62.0598
62.0598
62.0598
62.0598
62.0598
62.0598
62.0598
62.0598
62.0598
62.0598
62.0598
62.0598
62.0598
62.0598
62.0598
62.0598
62.0598
62.0598
62.0598
62.0598
62.0598
62.0598
62.0598
62.0598
62.0598
62.0598
62.0598
62.0598
62.0598
62.0598
62.0598
62.0598
62.0598
62.0598
62.0598
62.0598
62.0598
62.0598
62.0598
62.0598
62.0598
62.0598
62.0598
62.0598
62.0598
62.0598
62.0598
62.0598
62.0598
62.0598
62.0598
62.0598
62.0598
62.0598
62.0598
62.0598
62.0598
62.0598
62.0598
62.0598
62.0598
62.0598
62.0598
62.0598
62.0598
62.0598
62.0598
62.0598
62.0598
62.0598
62.0598
62.0598
62.0598
62.0598
62.0598
62.0598
62.0598
62.0598
62.0598
62.0598
62.0598
62.0598
62.0598
62.0598
62.0598
62.0598
62.0598
62.0598
62.0598
62.0598
62.0598
62.0598
62.0598
62.0598
62.0598
62.0598
62.0598
62.0598
62.0598
62.0598
62.0598
62.0598
62.0598
62.0598
62.0598
62.0598
62.0598
62.0598
62.0598
62.0598
62.0598
62.0598
62.0598
62.0598
62.0598
62.0598
62.0598
62.0598
62.0598
62.0598
62.0598
62.0598
62.0598
62.0598
62.0598
62.0598
62.0598
62.0598
62.0598
62.0598
62.0598
62.0598
62.0598
62.0598
62.0598
62.0598
62.0598
62.0598
62.0598
62.0598
62.0598
62.0598
62.0598
62.0598
62.0598
62.0598
62.0598
62.0598
62.0598
62.0598
62.0598
62.0598
62.0598
62.0598
62.0598
62.0598
62.0598
62.0598
62.0598
62.0598
62.0598
62.0598
62.0598
62.0598
62.0598
62.0598
62.0598
62.0598
62.0598
62.0598
62.0598
62.0598
62.0598
62.0598
62.0598
62.0598
62.0598
62.0598
62.0598
62.0598
62.0598
62.0598
62.0598
62.0598
62.0598
62.0598
62.0598
62.0598
62.0598
62.0598
62.0598
62.0598
62.0598
62.0598
62.0598
62.0598
62.0598
62.0598
62.0598
62.0598
62.0598
62.0598
62.0598
62.0598
62.0598
62.0598
62.0598
62.0598
62.0598
62.0598
62.0598
62.0598
62.0598
62.0598
62.0598
62.0598
62.0598
62.0598
62.0598
62.0598
62.0598
62.0598
62.0598
62.0598
62.0598
62.0598
62.0598
62.0598
62.0598
62.0598
62.0598
62.0598
62.0598
62.0598
62.0598
62.0598
62.0598
62.0598
62.0598
62.0598
62.0598
62.0598
62.0598
62.0598
62.0598
62.0598
62.0598
62.0598
62.0598
62.0598
62.0598
62.0598
62.0598
62.0598
62.0598
62.0598
62.0598
62.0598
62.0598
62.0598
62.0598
62.0598
62.0598
62.0598
62.0598
62.0598
62.0598
62.0598
62.0598
62.0598
62.0598
62.0598
62.0598
62.0598
62.0598
62.0598
62.0598
62.0598
62.0598
62.0598
62.0598
62.0598
62.0598
62.0598
62.0598
62.0598
62.0598
62.0598
62.0598
62.0598
62.0598
62.0598
62.0598
62.0598
62.0598
62.0598
62.0598
62.0598
62.0598
62.0598
62.0598
62.0598
62.0598
62.0598
62.0598
62.0598
62.0598
62.0598
62.0598
62.0598
62.0598
62.0598
62.0598
62.0598
62.0598
62.0598
62.0598
62.0598
62.0598
62.0598
62.0598
62.0598
62.0543
62.0433
61.994
61.835
61.7856
61.7856
61.7856
61.7856
61.7856
61.7856
61.7856
61.7856
61.7856
61.7856
61.7856
61.7856
61.7856
61.7856
61.7856
61.7856
61.7856
61.7856
61.7856
61.7856
61.7856
61.7856
61.7856
61.7856
61.7856
61.7856
61.7856
61.7856
61.7856
61.7856
61.7856
61.7856
61.7856
61.7856
61.7856
61.7856
61.7856
61.7856
61.7856
61.7856
61.7856
61.7856
61.7856
61.7856
61.7856
61.7856
61.7856
61.7856
61.7856
61.7856
61.7856
61.7856
61.7856
61.7856
61.7856
61.7856
61.7856
61.7856
61.7856
61.7856
61.7856
61.7856
61.7856
61.7856
61.7856
61.7856
61.7856
61.7856
61.7856
61.7856
61.7856
61.7856
61.7856
61.7856
61.7856
61.7856
61.7856
61.7856
61.7856
61.7856
61.7856
61.7856
61.7856
61.7856
61.7856
61.7856
61.7856
61.7856
61.7856
61.7856
61.7856
61.7856
61.7856
61.7856
61.7856
61.7856
61.7856
61.7856
61.7856
61.7856
61.7856
61.7856
61.7856
61.7856
61.7856
61.7856
61.7856
61.7856
61.7856
61.7856
61.7856
61.7856
61.7856
61.7856
61.7856
61.7856
61.7856
61.7856
61.7856
61.7856
61.7856
61.7856
61.7856
61.7856
61.7856
61.7856
61.7856
61.7856
61.7856
61.7856
61.7856
61.7856
61.7856
61.7856
61.7856
61.7856
61.7856
61.7856
61.7856
61.7856
61.7856
61.7856
61.7856
61.7856
61.7856
61.7856
61.7856
61.7856
61.7856
61.7856
61.7856
61.7856
61.7856
61.7856
61.7856
61.7856
61.7856
61.7856
61.7856
61.7856
61.7856
61.7856
61.7856
61.7856
61.7856
61.7856
61.7856
61.7856
61.7856
61.7856
61.7856
61.7856
61.7856
61.7856
61.7856
61.7856
61.7856
61.7856
61.7856
61.7856
61.7856
61.7856
61.7856
61.7856
61.7856
61.7856
61.7856
61.7856
61.7856
61.7856
61.7856
61.7856
61.7856
61.7856
61.7856
61.7856
61.7856
61.7856
61.7856
61.7856
61.7856
61.7856
61.7856
61.7856
61.7856
61.7856
61.7856
61.7856
61.7856
61.7856
61.7856
61.7856
61.7856
61.7856
61.7856
61.7856
61.7856
61.7856
61.7856
61.7856
61.7856
61.7856
61.7856
61.7856
61.7856
61.7856
61.7856
61.7856
61.7856
61.7856
61.7856
61.7856
61.7856
61.7856
61.7856
61.7856
61.7856
61.7856
61.7856
61.7856
61.7856
61.7856
61.7856
61.7856
61.7856
61.7856
61.7856
61.7856
61.7856
61.7856
61.7856
61.7856
61.7856
61.7856
61.7856
61.7856
61.7856
61.7856
61.7856
61.7856
61.7856
61.7856
61.7856
61.7856
61.7856
61.7856
61.7856
61.7856
61.7856
61.7856
61.7856
61.7856
61.7856
61.7856
61.7856
61.7856
61.7856
61.7856
61.7856
61.7856
61.7856
61.7856
61.7856
61.7856
61.7856
61.7856
61.7856
61.7856
61.7856
61.7856
61.7856
61.7856
61.7856
61.7856
61.7856
61.7856
61.7856
61.7856
61.7856
61.7856
61.7856
61.7856
61.7856
61.7856
61.7856
61.7856
61.7856
61.7856
61.7856
61.7856
61.7856
61.7856
61.7856
61.7856
61.7856
61.7856
61.7856
61.7856
61.7856
61.7856
61.7856
61.7856
61.7856
61.7856
61.7856
61.7856
61.7856
61.7856
61.7856
61.7856
61.7856
61.7856
61.7856
61.7856
61.7856
61.7856
61.7856
61.7856
61.7856
61.7856
61.7856
61.7856
61.7856
61.7856
61.7856
61.7856
61.7856
61.7856
61.7856
61.7856
61.7856
61.7856
61.7856
61.7856
61.7856
61.7856
61.7856
61.7856
61.7856
61.7856
61.7856
61.7856
61.7856
61.7856
61.7856
61.7856
61.7856
61.7856
61.7856
61.7856
61.7856
61.7856
61.7856
61.7856
61.7856
61.7856
61.7856
61.7856
61.7856
61.7856
61.7856
61.7856
61.7856
61.7856
61.7856
61.7856
61.7856
61.7856
61.7856
61.7856
61.7856
61.7856
61.7856
61.7856
61.7856
61.7856
61.7856
61.7856
61.7856
61.7856
61.7856
61.7856
61.7856
61.7856
61.7856
61.7856
61.7856
61.7856
61.7856
61.7856
61.7856
61.7856
61.7856
61.7856
61.7856
61.7856
61.7856
61.7856
61.7856
61.7856
61.7856
61.7856
61.7856
61.7856
61.7856
61.7856
61.7856
61.7856
61.7856
61.7856
61.7856
61.7856
61.7856
61.7856
61.7856
61.7856
61.7856
61.7856
61.7856
61.7856
61.7856
61.7856
61.7856
61.7856
61.7856
61.7856
61.7856
61.7856
61.7856
61.7856
61.7856
61.7856
61.7856
61.7856
61.7856
61.7856
61.7856
61.7856
61.7856
61.7856
61.7856
61.7856
61.7856
61.7856
61.7856
61.7856
61.7856
61.7856
61.7856
61.7856
61.7856
61.7856
61.7856
61.7856
61.7856
61.7856
61.7856
61.7856
61.7856
61.7856
61.7856
61.7856
61.7856
61.7856
61.7856
61.7856
61.7856
61.7856
61.7856
61.7856
61.7856
61.7856
61.7856
61.7856
61.7856
61.7856
61.7856
61.7856
61.7856
61.7856
61.7856
61.7856
61.7856
61.7856
61.7856
61.7856
61.7856
61.7856
61.7856
61.7856
61.7856
61.7856
61.7856
61.7856
61.7856
61.7856
61.7856
61.7856
61.7856
61.7856
61.7856
61.7856
61.7856
61.7856
61.7856
61.7856
61.7856
61.7856
61.7856
61.7856
61.7856
61.7856
61.7856
61.7856
61.7856
61.7856
61.7856
61.7856
61.7856
61.7856
61.7856
61.7856
61.7856
61.7856
61.7856
61.7856
61.7856
61.7856
61.7856
61.7856
61.7856
61.7856
61.7856
61.7856
61.7856
61.7856
61.7856
61.7856
61.7856
61.7856
61.7856
61.7856
61.7856
61.7856
61.7856
61.7856
61.7856
61.7856
61.7856
61.7856
61.7856
61.7856
61.7856
61.7856
61.7856
61.7856
61.7856
61.7856
61.7856
61.7856
61.7856
61.7856
61.7856
61.7856
61.7856
61.7856
61.7856
61.7856
61.7856
61.7856
61.7856
61.7856
61.7856
61.7856
61.7856
61.7856
61.7856
61.7856
61.7856
61.7856
61.7856
61.7856
61.7856
61.7856
61.7856
61.7856
61.7856
61.7856
61.7856
61.7856
61.7856
61.7856
61.7856
61.7856
61.7856
61.7856
61.7856
61.7856
61.7856
61.7856
61.7856
61.7856
61.7856
61.7856
61.7856
61.7856
61.7856
61.7856
61.7856
61.7856
61.7856
61.7856
61.7856
61.7856
61.7856
61.7856
61.7856
61.7856
61.7856
61.7856
61.7856
61.7856
61.7856
61.7856
61.7856
61.7856
61.7856
61.7856
61.7856
61.7856
61.7856
61.7856
61.7856
61.7856
61.7856
61.7856
61.7856
61.7856
61.7856
61.7856
61.7856
61.7856
61.7856
61.7856
61.7856
61.7856
61.7856
61.7856
61.7856
61.7856
61.7856
61.7856
61.7856
61.7856
61.7856
61.7856
61.7856
61.7856
61.7856
61.7856
61.7856
61.7856
61.7856
61.7856
61.7856
61.7856
61.7856
61.7856
61.7856
61.7856
61.7856
61.7856
61.7856
61.7856
61.7856
61.7856
61.7856
61.7856
61.7856
61.7856
61.7856
61.7856
61.7856
61.7856
61.7856
61.7856
61.7856
61.7856
61.7856
61.7856
61.7856
61.7856
61.7856
61.7856
61.7856
61.7856
61.7856
61.7856
61.7856
61.7856
61.7856
61.7856
61.7856
61.7856
61.7856
61.7856
61.7856
61.7856
61.7856
61.7856
61.7856
61.7856
61.7856
61.7856
61.7856
61.7856
61.7856
61.7856
61.7856
61.7856
61.7856
61.7856
61.7856
61.7856
61.7856
61.7856
61.7856
61.7856
61.7856
61.7856
61.7856
61.7856
61.7856
61.7856
61.7856
61.7856
61.7856
61.7856
61.7856
61.7856
61.7856
61.7856
61.7856
61.7856
61.7856
61.7856
61.7856
61.7856
61.7856
61.7856
61.7856
61.7856
61.7856
61.7856
61.7856
61.7856
61.7856
61.7856
61.7856
61.7856
61.7856
61.7856
61.7856
61.7856
61.7856
61.7856
61.7856
61.7856
61.7856
61.7856
61.7856
61.7856
61.7856
61.7856
61.7856
61.7856
61.7856
61.7856
61.7856
61.7856
61.7856
61.7856
61.7856
61.7856
61.7856
61.7856
61.7856
61.7856
61.7856
61.7856
61.7856
61.7856
61.7856
61.7856
61.7856
61.7856
61.7856
61.7856
61.7856
61.7856
61.7856
61.7856
61.7856
61.7856
61.7856
61.7856
61.7856
61.7856
61.7856
61.7856
61.7856
61.7856
61.7856
61.7856
61.7856
61.7856
61.7856
61.7856
61.7856
61.7856
61.7856
61.7856
61.7856
61.7856
61.7856
61.7856
61.7856
61.7856
61.7856
61.7856
61.7856
61.7856
61.7856
61.7856
61.7856
61.7856
61.7856
61.7856
61.7856
61.7856
61.7856
61.7856
61.7856
61.7856
61.7856
61.7856
61.7856
61.7856
61.7856
61.7856
61.7856
61.7856
61.7856
61.7856
61.7856
61.7856
61.7856
61.7856
61.7856
61.7856
61.7856
61.7856
61.7856
61.7856
61.7856
61.7856
61.7856
61.7856
61.7856
61.7856
61.7856
61.7856
61.7856
61.7856
61.7856
61.7856
61.7856
61.7856
61.7856
61.7856
61.7856
61.7856
61.7856
61.7856
61.7856
61.7856
61.7856
61.7856
61.7856
61.7856
61.7856
61.7856
61.7856
61.7856
61.7856
61.7856
61.7856
61.7856
61.7856
61.7856
61.7856
61.7856
61.7856
61.7856
61.7856
61.7856
61.7856
61.7856
61.7856
61.7856
61.7856
61.7856
61.7856
61.7856
61.7856
61.7856
61.7856
61.7856
61.7856
61.7856
61.7856
61.7856
61.7856
61.7856
61.7856
61.7856
61.7856
61.7856
61.7856
61.7856
61.7856
61.7856
61.7856
61.7856
61.7856
61.7856
61.7856
61.7856
61.7856
61.7856
61.7856
61.7856
61.7856
61.7856
61.7856
61.7856
61.7856
61.7856
61.7856
61.7856
61.7856
61.7856
61.7856
61.7856
61.7856
61.7856
61.7856
61.7856
61.7856
61.7856
61.7856
61.7856
61.7856
61.7856
61.7856
61.7856
61.7856
61.7856
61.7856
61.7856
61.7856
61.7856
61.7856
61.7856
61.7856
61.7856
61.7856
61.7856
61.7856
61.7856
61.7856
61.7856
61.7856
61.7856
61.7856
61.7856
61.7856
61.7856
61.7856
61.7856
61.7856
61.7856
61.7856
61.7856
61.7856
61.7856
61.7856
61.7856
61.7856
61.7856
61.7856
61.7856
61.7856
61.7856
61.7856
61.7856
61.7856
61.7856
61.7856
61.7856
61.7856
61.7856
61.7856
61.7856
61.7856
61.7856
61.7856
61.7856
61.7856
61.7856
61.7856
61.7856
61.7856
61.7856
61.7856
61.7856
61.7856
61.7856
61.7856
61.7856
61.7856
61.7856
61.7856
61.7856
61.7856
61.7856
61.7856
61.7856
61.7856
61.7856
61.7856
61.7856
61.7856
61.7856
61.7856
61.7856
61.7856
61.7856
61.7856
61.7856
61.7856
61.7856
61.7856
61.7856
61.7856
61.7856
61.7856
61.7856
61.7856
61.7856
61.7856
61.7856
61.7856
61.7856
61.7856
61.7856
61.7856
61.7856
61.7856
61.7856
61.7856
61.7856
61.7856
61.7856
61.7856
61.7856
61.7856
61.7856
61.7856
61.7856
61.7856
61.7856
61.7856
61.7856
61.7856
61.7856
61.7856
61.7856
61.7856
61.7856
61.7856
61.7856
61.7856
61.7856
61.7856
61.7856
61.7856
61.7856
61.7856
61.7856
61.7856
61.7856
61.7856
61.7856
61.7856
61.7856
61.7856
61.7856
61.7856
61.7856
61.7856
61.7856
61.7856
61.7856
61.7856
61.7856
61.7856
61.7856
61.7856
61.7856
61.7856
61.7856
61.7856
61.7856
61.7856
61.7856
61.7856
61.7856
61.7856
61.7856
61.7856
61.7856
61.7856
61.7856
61.7856
61.7856
61.7856
61.7856
61.7856
61.7856
61.7856
61.7856
61.7856
61.7856
61.7856
61.7856
61.7856
61.7856
61.7856
61.7856
61.7856
61.7856
61.7856
61.7856
61.7856
61.7856
61.7856
61.7856
61.7856
61.7856
61.7856
61.7856
61.7856
61.7856
61.7856
61.7856
61.7856
61.7856
61.7856
61.7856
61.7856
61.7856
61.7856
61.7856
61.7856
61.7856
61.7856
61.7856
61.7856
61.7856
61.7856
61.7856
61.7856
61.7856
61.7856
61.7856
61.7856
61.7856
61.7856
61.7856
61.7856
61.7856
61.7856
61.7856
61.7856
61.7856
61.7856
61.7856
61.7856
61.7856
61.7856
61.7856
61.7856
61.7856
61.7856
61.7856
61.7856
61.7856
61.7856
61.7856
61.7856
61.7856
61.7856
61.7856
61.7856
61.7856
61.7856
61.7856
61.7856
61.7856
61.7856
61.7856
61.7856
61.7856
61.7856
61.7856
61.7856
61.7856
61.7856
61.7856
61.7856
61.7856
61.7856
61.7856
61.7856
61.7856
61.7856
61.7856
61.7856
61.7856
61.7856
61.7856
61.7856
61.7856
61.7856
61.7856
61.7856
61.7856
61.7856
61.7856
61.7856
61.7856
61.7856
61.7856
61.7856
61.7856
61.7856
61.7856
61.7856
61.7856
61.7856
61.7856
61.7856
61.7856
61.7856
61.7856
61.7856
61.7856
61.7856
61.7856
61.7856
61.7856
61.7856
61.7856
61.7856
61.7856
61.7856
61.7856
61.7856
61.7856
61.7856
61.7856
61.7856
61.7856
61.7856
61.7856
61.7856
61.7856
61.7856
61.7856
61.7856
61.7856
61.7856
61.7856
61.7856
61.7856
61.7856
61.7856
61.7856
61.7856
61.7856
61.7856
61.7856
61.7856
61.7856
61.7856
61.7856
61.7856
61.7856
61.7856
61.7856
61.7856
61.7856
61.7856
61.7856
61.7856
61.7856
61.7856
61.7856
61.7856
61.7856
61.7856
61.7856
61.7856
61.7856
61.7856
61.7856
61.7856
61.7856
61.7856
61.7856
61.7856
61.7856
61.7856
61.7856
61.7856
61.7856
61.7856
61.7856
61.7856
61.7856
61.7856
61.7856
61.7856
61.7856
61.7856
61.7856
61.7856
61.7856
61.7856
61.7856
61.7856
61.7856
61.7856
61.7856
61.7856
61.7856
61.7856
61.7856
61.7856
61.7856
61.7856
61.7856
61.7856
61.7856
61.7856
61.7856
61.7856
61.7856
61.7856
61.7856
61.7856
61.7856
61.7856
61.7856
61.7856
61.7856
61.7856
61.7856
61.7856
61.7856
61.7856
61.7856
61.7856
61.7856
61.7856
61.7856
61.7856
61.7856
61.7856
61.7856
61.7856
61.7856
61.7856
61.7856
61.7856
61.7856
61.7856
61.7856
61.7856
61.7856
61.7856
61.7856
61.7856
61.7856
61.7856
61.7856
61.7856
61.7856
61.7856
61.7856
61.7856
61.7856
61.7856
61.7856
61.7856
61.7856
61.7856
61.7856
61.7856
61.7856
61.7856
61.7856
61.7856
61.7856
61.7856
61.7856
61.7856
61.7856
61.7856
61.7856
61.7856
61.7856
61.7856
61.7856
61.7856
61.7856
61.7856
61.7856
61.7856
61.7856
61.7856
61.7856
61.7856
61.7856
61.7856
61.7856
61.7856
61.7856
61.7856
61.7856
61.7856
61.7856
61.7856
61.7856
61.7856
61.7856
61.7856
61.7856
61.7856
61.7856
61.7856
61.7856
61.7856
61.7856
61.7856
61.7856
61.7856
61.7856
61.7856
61.7856
61.7856
61.7856
61.7856
61.7856
61.7856
61.7856
61.7856
61.7856
61.7856
61.7856
61.7856
61.7856
61.7856
61.7856
61.7856
61.7856
61.7856
61.7856
61.7856
61.7856
61.7856
61.7856
61.7856
61.7856
61.7856
61.7856
61.7856
61.7856
61.7856
61.7856
61.7856
61.7856
61.7856
61.7856
61.7856
61.7856
61.7856
61.7856
61.7856
61.7856
61.7856
61.7856
61.7856
61.7856
61.7856
61.7856
61.7856
61.7856
61.7856
61.7856
61.7856
61.7856
61.7856
61.7856
61.7856
61.7856
61.7856
61.7856
61.7856
61.7856
61.7856
61.7856
61.7856
61.7856
61.7856
61.7856
61.7856
61.7856
61.7856
61.7856
61.7856
61.7856
61.7856
61.7856
61.7856
61.7856
61.7856
61.7856
61.7856
61.7856
61.7856
61.7856
61.7856
61.7856
61.7856
61.7856
61.7856
61.7856
61.7856
61.7856
61.7856
61.7856
61.7856
61.7856
61.7856
61.7856
61.7856
61.7856
61.7856
61.7856
61.7856
61.7856
61.7856
61.7856
61.7856
61.7856
61.7856
61.7856
61.7856
61.7856
61.7856
61.7856
61.7856
61.7856
61.7856
61.7856
61.7856
61.7856
61.7856
61.7856
61.7856
61.7856
61.7856
61.7856
61.7856
61.7856
61.7856
61.7856
61.7856
61.7856
61.7856
61.7856
61.7856
61.7856
61.7856
61.7856
61.7856
61.7856
61.7856
61.7856
61.7856
61.7856
61.7856
61.7856
61.7856
61.7856
61.7856
61.7856
61.7856
61.7856
61.7856
61.7856
61.7856
61.7856
61.7856
61.7856
61.7856
61.7856
61.7856
61.7856
61.7856
61.7856
61.7856
61.7856
61.7856
61.7856
61.7856
61.7856
61.7856
61.7856
61.7856
61.7856
61.7856
61.7856
61.7856
61.7856
61.7856
61.7856
61.7856
61.7856
61.7856
61.7856
61.7856
61.7856
61.7856
61.7856
61.7856
61.7856
61.7856
61.7856
61.7856
61.7856
61.7856
61.7856
61.7856
61.7856
61.7856
61.7856
61.7856
61.7856
61.7856
61.7856
61.7856
61.7856
61.7856
61.7856
61.7856
61.7856
61.7856
61.7856
61.7856
61.7856
61.7856
61.7856
61.7856
61.7856
61.7856
61.7856
61.7856
61.7856
61.7856
61.7856
61.7856
61.7856
61.7856
61.7856
61.7856
61.7856
61.7856
61.7856
61.7856
61.7856
61.7856
61.7856
61.7856
61.7856
61.7856
61.7856
61.7856
61.7856
61.7856
61.7856
61.7856
61.7856
61.7856
61.7856
61.7856
61.7856
61.7856
61.7856
61.7856
61.7856
61.7856
61.7856
61.7856
61.7856
61.7856
61.7856
61.7856
61.7856
61.7856
61.7856
61.7856
61.7856
61.7856
61.7856
61.7856
61.7856
61.7856
61.7856
61.7856
61.7856
61.7856
61.7856
61.7856
61.7856
61.7856
61.7856
61.7856
61.7856
61.7856
61.7856
61.7856
61.7856
61.7856
61.7856
61.7856
61.7856
61.7856
61.7856
61.7856
61.7856
61.7856
61.7856
61.7856
61.7856
61.7856
61.7856
61.7856
61.7856
61.7856
61.7856
61.7856
61.7856
61.7856
61.7856
61.7856
61.7856
61.7856
61.7856
61.7856
61.7856
61.7856
61.7856
61.7856
61.7856
61.7856
61.7856
61.7856
61.7856
61.7856
61.7856
61.7856
61.7856
61.7856
61.7856
61.7856
61.7856
61.7856
61.7856
61.7856
61.7856
61.7856
61.7856
61.7856
61.7856
61.7856
61.7856
61.7856
61.7856
61.7856
61.7856
61.7856
61.7856
61.7856
61.7856
61.7856
61.7856
61.7856
61.7856
61.7856
61.7856
61.7856
61.7856
61.7856
61.7856
61.7856
61.7856
61.7856
61.7856
61.7856
61.7856
61.7856
61.7856
61.7856
61.7856
61.7856
61.7856
61.7856
61.7856
61.7856
61.7856
61.7856
61.7856
61.7856
61.7856
61.7856
61.7856
61.7856
61.7856
61.7856
61.7856
61.7856
61.7856
61.7856
61.7856
61.7856
61.7856
61.7856
61.7856
61.7856
61.7856
61.7856
61.7856
61.7856
61.7856
61.7856
61.7856
61.7856
61.7856
61.7856
61.7856
61.7856
61.7856
61.7856
61.7856
61.7856
61.7856
61.7856
61.7856
61.7856
61.7856
61.7856
61.7856
61.7856
61.7856
61.7856
61.7856
61.7856
61.7856
61.7856
61.7856
61.7856
61.7856
61.7856
61.7856
61.7856
61.7856
61.7856
61.7856
61.7856
61.7856
61.7856
61.7856
61.7856
61.7856
61.7856
61.7856
61.7856
61.7856
61.7856
61.7856
61.7856
61.7856
61.7856
61.7856
61.7856
61.7856
61.7856
61.7856
61.7856
61.7856
61.7856
61.7856
61.7856
61.7856
61.7856
61.7856
61.7856
61.7856
61.7856
61.7856
61.7856
61.7856
61.7856
61.7856
61.7856
61.7856
61.7856
61.7856
61.7856
61.7856
61.7856
61.7856
61.7856
61.7856
61.7856
61.7856
61.7856
61.7856
61.7856
61.7856
61.7856
61.7856
61.7856
61.7856
61.7856
61.7856
61.7856
61.7856
61.7856
61.7856
61.7856
61.7856
61.7856
61.7856
61.7856
61.7856
61.7856
61.7856
61.7856
61.7856
61.7856
61.7856
61.7856
61.7856
61.7856
61.7856
61.7856
61.7856
61.7856
61.7856
61.7856
61.7856
61.7856
61.7856
61.7856
61.7856
61.7856
61.7856
61.7856
61.7856
61.7856
61.7856
61.7856
61.7856
61.7856
61.7856
61.7856
61.7856
61.7856
61.7856
61.7856
61.7856
61.7856
61.7856
61.7856
61.7856
61.7856
61.7856
61.7856
61.7856
61.7856
61.7856
61.7856
61.7856
61.7856
61.7856
61.7856
61.7856
61.7856
61.7856
61.7856
61.7856
61.7856
61.7856
61.7856
61.7856
61.7856
61.7856
61.7856
61.7856
61.7856
61.7856
61.7856
61.7856
61.7856
61.7856
61.7856
61.7856
61.7856
61.7856
61.7856
61.7856
61.7856
61.7856
61.7856
61.7856
61.7856
61.7856
61.7856
61.7856
61.7856
61.7856
61.7856
61.7856
61.7856
61.7856
61.7856
61.7856
61.7856
61.7856
61.7856
61.7856
61.7856
61.7856
61.7856
61.7856
61.7856
61.7856
61.7856
61.7856
61.7856
61.7856
61.7856
61.7856
61.7856
61.7856
61.7856
61.7856
61.7856
61.7856
61.7856
61.7856
61.7856
61.7856
61.7856
61.7856
61.7856
61.7856
61.7856
61.7856
61.7856
61.7856
61.7856
61.7856
61.7856
61.7856
61.7856
61.7856
61.7856
61.7856
61.7856
61.7856
61.7856
61.7856
61.7856
61.7856
61.7856
61.7856
61.7856
61.7856
61.7856
61.7856
61.7856
61.7856
61.7856
61.7856
61.7856
61.7856
61.7856
61.7856
61.7856
61.7856
61.7856
61.7856
61.7856
61.7856
61.7856
61.7856
61.7856
61.7856
61.7856
61.7856
61.7856
61.7856
61.7856
61.7856
61.7856
61.7856
61.7856
61.7856
61.7856
61.7856
61.7856
61.7856
61.7856
61.7856
61.7856
61.7856
61.7856
61.7856
61.7856
61.7856
61.7856
61.7856
61.7856
61.7856
61.7856
61.7856
61.7856
61.7856
61.7856
61.7856
61.7856
61.7856
61.7856
61.7856
61.7856
61.7856
61.7856
61.7856
61.7856
61.7856
61.7856
61.7856
61.7856
61.7856
61.7856
61.7856
61.7856
61.7856
61.7856
61.7856
61.7856
61.7856
61.7856
61.7856
61.7856
61.7856
61.7856
61.7856
61.7856
61.7856
61.7856
61.7856
61.7856
61.7856
61.7856
61.7856
61.7856
61.7856
61.7856
61.7856
61.7856
61.7856
61.7856
61.7856
61.7856
61.7856
61.7856
61.7856
61.7856
61.7856
61.7856
61.7856
61.7856
61.7856
61.7856
61.7856
61.7856
61.7856
61.7856
61.7856
61.7856
61.7856
61.7856
61.7856
61.7856
61.7856
61.7856
61.7856
61.7856
61.7856
61.7856
61.7856
61.7856
61.7856
61.7856
61.7856
61.7856
61.7856
61.7856
61.7856
61.7856
61.7856
61.7856
61.7856
61.7856
61.7856
61.7856
61.7856
61.7856
61.7856
61.7856
61.7856
61.7856
61.7856
61.7856
61.7856
61.7856
61.7856
61.7856
61.7856
61.7856
61.7856
61.7856
61.7856
61.7856
61.7856
61.7856
61.7856
61.7856
61.7856
61.7856
61.7856
61.7856
61.7856
61.7856
61.7856
61.7856
61.7856
61.7856
61.7856
61.7856
61.7856
61.7856
61.7856
61.7856
61.7856
61.7856
61.7856
61.7856
61.7856
61.7856
61.7856
61.7856
61.7856
61.7856
61.7856
61.7856
61.7856
61.7856
61.7856
61.7856
61.7856
61.7856
61.7856
61.7856
61.7856
61.7856
61.7856
61.7856
61.7856
61.7856
61.7856
61.7856
61.7856
61.7856
61.7856
61.7856
61.7856
61.7856
61.7856
61.7856
61.7856
61.7856
61.7856
61.7856
61.7856
61.7856
61.7856
61.7856
61.7856
61.7856
61.7856
61.7856
61.7856
61.7856
61.7856
61.7856
61.7856
61.7856
61.7856
61.7856
61.7856
61.7856
61.7856
61.7856
61.7856
61.7856
61.7856
61.7856
61.7856
61.7856
61.7856
61.7856
61.7856
61.7856
61.7856
61.7856
61.7856
61.7856
61.7856
61.7856
61.7856
61.7856
61.7856
61.7856
61.7856
61.7856
61.7856
61.7856
61.7856
61.7856
61.7856
61.7856
61.7856
61.7856
61.7856
61.7856
61.7856
61.7856
61.7856
61.7856
61.7856
61.7856
61.7856
61.7856
61.7856
61.7856
61.7856
61.7856
61.7856
61.7856
61.7856
61.7856
61.7856
61.7856
61.7856
61.7856
61.7856
61.7856
61.7856
61.7856
61.7856
61.7856
61.7856
61.7856
61.7856
61.7856
61.7856
61.7856
61.7856
61.7856
61.7856
61.7856
61.7856
61.7856
61.7856
61.7856
61.7856
61.7856
61.7856
61.7856
61.7856
61.7856
61.7856
61.7856
61.7856
61.7856
61.7856
61.7856
61.7856
61.7856
61.7856
61.7856
61.7856
61.7856
61.7856
61.7856
61.7856
61.7856
61.7856
61.7856
61.7856
61.7856
61.7856
61.7856
61.7856
61.7856
61.7856
61.7856
61.7856
61.7856
61.7856
61.7856
61.7856
61.7856
61.7856
61.7856
61.7856
61.7856
61.7856
61.7856
61.7856
61.7856
61.7856
61.7856
61.7856
61.7856
61.7856
61.7856
61.7856
61.7856
61.7856
61.7856
61.7856
61.7856
61.7856
61.7856
61.7856
61.7856
61.7856
61.7856
61.7856
61.7856
61.7856
61.7856
61.7856
61.7856
61.7856
61.7856
61.7856
61.7856
61.7856
61.7856
61.7856
61.7856
61.7856
61.7856
61.7856
61.7856
61.7856
61.7856
61.7856
61.7856
61.7856
61.7856
61.7856
61.7856
61.7856
61.7856
61.7856
61.7856
61.7856
61.7856
61.7856
61.7856
61.7856
61.7856
61.7856
61.7856
61.7856
61.7856
61.7856
61.7856
61.7856
61.7856
61.7856
61.7856
61.7856
61.7856
61.7856
61.7856
61.7856
61.7856
61.7856
61.7856
61.7856
61.7856
61.7856
61.7856
61.7856
61.7856
61.7856
61.7856
61.7856
61.7856
61.7856
61.7856
61.7856
61.7856
61.7856
61.7856
61.7856
61.7856
61.7856
61.7856
61.7856
61.7856
61.7856
61.7856
61.7856
61.7856
61.7856
61.7856
61.7856
61.7856
61.7856
61.7856
61.7856
61.7856
61.7856
61.7856
61.7856
61.7856
61.7856
61.7856
61.7856
61.7856
61.7856
61.7856
61.7856
61.7856
61.7856
61.7856
61.7856
61.7856
61.7856
61.7856
61.7856
61.7856
61.7856
61.7856
61.7856
61.7856
61.7856
61.7856
61.7856
61.7856
61.7856
61.7856
61.7856
61.7856
61.7856
61.7856
61.7856
61.7856
61.7856
61.7856
61.7856
61.7856
61.7856
61.7856
61.7856
61.7856
61.7856
61.7856
61.7856
61.7856
61.7856
61.7856
61.7856
61.7856
61.7856
61.7856
61.7856
61.7856
61.7856
61.7856
61.7856
61.7856
61.7856
61.7856
61.7856
61.7856
61.7856
61.7856
61.7856
61.7856
61.7856
61.7856
61.7856
61.7856
61.7856
61.7856
61.7856
61.7856
61.7856
61.7856
61.7856
61.7856
61.7856
61.7856
61.7856
61.7856
61.7856
61.7856
61.7856
61.7856
61.7856
61.7856
61.7856
61.7856
61.7856
61.7856
61.7856
61.7856
61.7856
61.7856
61.7856
61.7856
61.7856
61.7856
61.7856
61.7856
61.7856
61.7856
61.7856
61.7856
61.7856
61.7856
61.7856
61.7856
61.7856
61.7856
61.7856
61.7856
61.7856
61.7856
61.7856
61.7856
61.7856
61.7856
61.7856
61.7856
61.7856
61.7856
61.7856
61.7856
61.7856
61.7856
61.7856
61.7856
61.7856
61.7856
61.7856
61.7856
61.7856
61.7856
61.7856
61.7856
61.7856
61.7856
61.7856
61.7856
61.7856
61.7856
61.7856
61.7856
61.7856
61.7856
61.7856
61.7856
61.7856
61.7856
61.7856
61.7856
61.7856
61.7856
61.7856
61.7856
61.7856
61.7856
61.7856
61.7856
61.7856
61.7856
61.7856
61.7856
61.7856
61.7856
61.7856
61.7856
61.7856
61.7856
61.7856
61.7856
61.7856
61.7856
61.7856
61.7856
61.7856
61.7856
61.7856
61.7856
61.7856
61.7856
61.7856
61.7856
61.7856
61.7856
61.7856
61.7856
61.7856
61.7856
61.7856
61.7856
61.7856
61.7856
61.7856
61.7856
61.7856
61.7856
61.7856
61.7856
61.7856
61.7856
61.7856
