# best half averages
2628.95
2454.58
2295.05
2158.67
1995.87
1879.71
1805.07
1742.38
1690.62
1653.71
1613.61
1568.7
1509.91
1500.88
1478.43
1454.42
1430.58
1401.67
1376.44
1347.95
1315.11
1278.33
1226.23
1193.5
1134.22
1104.96
1083.19
1055.56
1028.4
1021.14
1009.02
994.286
968.153
947.863
939.686
934.277
916.471
906.678
886.307
880.329
867.538
862.8
855.235
838.301
833.987
815.772
794.014
759.462
735.669
734.29
721.163
686.679
666.93
663.901
658.969
655.066
646.19
625.318
623.016
623.23
612.24
605.983
598.142
589.76
577.195
564.448
541.424
528.214
527.154
523.153
516.967
512.097
504.973
493.134
492.567
491.528
485.717
480.287
478.41
478.008
493.207
464.779
462.363
457.694
457.869
448.863
446.489
444.458
443.725
444.773
434.51
449.916
429.392
430.211
421.173
414.613
388.971
356.407
353.044
346.427
344.837
339.064
334.453
333.274
331.1
326.948
325.046
319.015
316.14
313.465
310.679
309.38
309.246
309.049
307.706
305.375
303.57
303.059
300.165
296.225
295.534
296.818
286.526
283.629
279.317
277.389
275.675
273.227
271.792
268.233
264.664
264.664
264.664
264.664
264.664
264.664
264.584
264.167
262.309
259.012
256.809
256.809
256.809
256.809
256.782
257.072
256.755
256.737
256.719
256.521
255.423
253.136
242.298
239.492
236.94
235.705
234.304
232.757
231.864
231.465
230.561
229.061
226.612
224.885
222.72
222.202
221.118
219.571
218.911
218.723
216.806
212.819
207.905
207.723
207.102
204.923
204.923
204.923
204.923
204.923
204.923
204.923
204.923
204.923
204.923
204.643
206.087
205.14
204.581
204.033
206.975
199.297
196.51
194.478
194.141
194.141
194.141
194.141
194.14
194.137
194.47
194.091
194.091
194.091
194.091
194.091
194.091
194.091
194.083
194.091
192.681
193.382
192.429
194.419
183.765
177.02
170.716
170.297
180.404
169.66
168.893
168.526
175.565
166.628
166.551
166.043
163.732
162.778
162.778
162.777
162.775
162.771
162.771
162.671
162.381
162.629
159.49
159.49
159.49
159.49
159.49
159.467
159.353
158.85
158.348
158.348
158.348
158.348
158.348
158.348
158.01
157.178
154.473
149.659
148.539
148.074
147.765
147.121
146.492
145.573
145.565
145.538
145.624
145.202
145.019
144.927
144.732
144.732
144.732
144.732
144.705
144.678
144.57
147.393
145.238
154.197
143.14
142.7
142.7
142.7
142.343
142.838
147.377
141.985
141.985
140.85
143.017
133.512
132.821
132.79
132.325
130.667
129.593
129.593
129.593
129.51
129.409
131.636
129.873
129.117
128.72
128.089
124.88
124.771
124.309
124.07
123.991
123.77
122.676
120.275
120.245
120.179
120.041
119.409
119.325
118.863
118.136
118.136
118.117
118.136
118.243
118.136
118.105
118.005
117.829
116.116
115.519
121.6
112.639
109.006
108.977
109.006
109.006
109.006
109.006
108.83
108.22
107.424
107.259
107.259
107.259
107.259
107.259
107.259
107.259
107.259
107.259
107.254
107.249
107.226
107.117
107.022
107.022
107.022
107.022
107.022
107.022
107.022
107.022
107.022
107.022
107.022
107.022
107.022
107.022
107.022
107.022
107.022
107.022
107.022
106.991
106.83
106.466
106.123
106.123
106.123
106.123
106.123
106.123
106.123
106.123
106.116
106.108
106.097
106.074
108.474
107.282
105.728
105.728
105.728
105.728
105.728
105.728
105.728
105.728
105.586
105.259
104.171
104.053
103.98
103.98
103.98
103.98
103.98
103.98
103.976
103.958
103.858
103.436
102.901
101.932
101.721
101.721
101.721
101.721
101.668
102.604
101.216
99.729
97.9473
96.6378
96.581
97.2019
95.7224
94.6713
94.5602
94.4986
94.2016
93.3107
93.3107
93.3107
93.2982
93.2982
93.2481
93.0101
92.6754
92.6709
92.6619
94.2857
99.0265
92.4589
92.4589
92.4589
92.4589
92.4589
92.3816
92.3816
92.3429
97.8194
92.2656
96.1235
97.4556
90.5261
90.5261
90.5261
90.4762
90.3403
89.8196
89.809
89.809
89.809
89.809
89.809
89.809
89.809
89.7328
89.5866
89.1933
87.7908
87.6639
87.6441
87.6115
87.5011
87.4009
87.4009
87.4009
87.4009
87.4009
87.4009
87.4009
87.4347
87.3421
87.5193
87.7798
86.9811
86.9811
86.9811
86.9811
86.9811
86.9811
86.9811
86.9811
86.9811
86.9811
86.9811
86.9811
86.9811
86.9811
86.9811
86.9811
86.9811
86.9811
86.9811
86.9811
86.9801
86.9553
86.8954
86.7491
86.365
86.0815
86.0815
86.0779
86.0633
86.0161
85.887
85.8486
85.7463
85.6557
85.2605
85.2605
85.2605
85.2605
85.2605
85.2605
85.2605
85.2605
85.2605
85.2605
85.2605
85.2605
85.2061
85.0649
84.7377
84.4005
84.4005
84.4005
84.4005
84.4005
84.4005
84.4005
84.3638
84.2841
84.1276
84.0576
83.7929
83.5492
83.3902
83.3838
83.3679
83.2882
83.2372
83.2299
83.2152
83.1712
82.9659
82.8706
82.8706
82.8706
82.8706
82.8706
82.8706
82.8706
82.8706
82.8706
82.8706
82.7715
82.756
82.6835
82.3819
81.4127
79.9785
79.8619
79.5994
79.2787
79.2787
79.2437
79.1476
78.8692
78.5803
78.3308
78.3308
78.3308
78.3308
78.3308
78.3308
78.3308
78.3308
78.3308
78.3308
78.3308
78.3308
78.3308
78.3308
78.3308
78.3308
78.2427
77.992
77.3301
77.0175
76.9896
76.9087
76.8863
76.8863
76.8863
76.8863
76.8863
76.8863
76.8863
76.8856
76.8842
76.8319
76.6475
76.251
76.251
76.251
76.251
76.251
76.251
76.251
76.251
76.251
76.251
76.251
76.2373
76.2373
76.2099
76.0853
75.6554
75.5512
75.5243
75.5068
75.5068
75.5068
75.5068
75.5068
75.4476
75.4052
75.1712
74.7184
74.6393
74.5347
74.3185
74.3185
74.3185
74.3185
74.3165
74.3144
74.3124
74.3042
74.2838
74.2047
74.2047
74.1214
74.0074
73.5939
73.552
73.3846
73.2731
73.2731
73.2722
73.2637
73.245
73.1889
72.9685
72.8056
72.8056
72.8056
72.8056
72.8056
72.8056
72.8056
72.8056
72.8056
72.8056
72.8056
72.8056
72.8056
72.8056
72.8056
72.8056
72.8056
72.8056
72.8056
72.8056
72.8056
72.8056
72.8056
72.8056
72.8056
72.8056
72.8056
72.8056
72.8056
72.8056
72.8056
72.8056
72.8056
72.8056
72.8056
72.8056
72.8056
72.8056
72.8056
72.8056
72.8056
72.8056
72.8056
72.8056
72.8056
77.1051
73.3114
72.8056
72.8056
72.8056
72.8056
72.8056
72.8056
72.8056
72.8056
72.8056
72.8047
72.8056
72.8056
72.8056
72.8056
72.8032
72.8056
72.8056
72.8056
72.8056
72.8056
72.8056
72.8056
72.8056
72.8056
72.8008
72.7888
78.9939
76.9965
72.6923
72.6851
72.6851
72.6851
72.6851
72.6851
72.6851
72.6851
72.6851
72.6851
72.6851
72.6851
72.6851
72.6851
72.6851
72.6851
72.6851
72.6851
72.6851
72.6851
72.6851
72.6851
72.6851
72.6851
72.6851
72.6851
72.6851
72.6851
72.6851
72.6851
72.6851
72.666
72.6089
72.4947
72.4947
72.4947
72.4947
72.4947
72.4947
72.4947
72.4947
72.4947
72.4947
72.4947
72.4947
72.4947
72.4947
72.4947
72.4947
72.4947
72.4947
72.4947
72.4947
72.4947
72.4947
72.8218
72.4947
72.4947
72.4947
72.4947
72.4947
72.4947
72.4947
72.4947
72.4947
72.4947
72.4947
72.4947
72.4947
72.4947
72.4947
72.4947
72.4947
72.4947
72.4947
72.4947
72.4917
72.481
72.4649
72.4649
72.4649
72.4649
72.4649
72.4649
72.4649
72.4649
72.4649
72.4649
72.4649
72.4649
72.4649
72.4649
72.4649
78.3082
77.0942
72.4649
72.4649
72.4649
72.4649
72.4649
72.4649
72.4649
72.4649
72.4649
72.4649
72.4649
72.4649
72.4649
72.4649
72.4649
72.4649
72.4649
72.4649
72.4649
72.4649
72.4649
72.4649
72.4649
72.4649
72.4649
72.4649
72.4649
72.4649
72.4649
72.4649
72.4649
72.4597
72.4487
72.4346
72.3907
72.3683
72.367
72.3629
74.1239
72.3683
72.3683
72.3643
72.367
72.3683
72.3683
72.3683
72.3683
72.3683
72.3683
72.3683
72.3683
72.3683
72.3683
72.3683
72.3683
72.3683
72.367
72.3656
72.367
72.3656
72.4216
72.3651
72.3618
72.3618
72.3585
72.3618
72.3446
72.2773
72.2041
72.2041
72.2041
72.2003
72.2041
72.2041
72.2041
72.2041
72.2041
72.2041
72.2041
72.2041
72.2041
72.2041
72.2041
72.2041
72.2041
72.2041
72.1926
72.1771
79.5664
72.1964
72.1887
72.1887
72.1848
72.1926
72.1887
72.2041
72.2041
72.2041
72.1969
72.1897
72.1752
72.1182
71.9745
71.8426
71.8426
71.8426
71.8426
71.8426
71.8426
71.8426
71.8426
71.8416
71.8426
71.8426
71.8426
71.8406
71.8347
71.8148
71.7432
71.7432
71.7432
71.7405
71.7339
71.7125
71.645
71.4828
71.3522
71.1859
70.9602
70.8067
70.7098
70.6438
70.6438
70.6438
70.6438
70.6438
70.6438
70.6438
70.6438
70.6438
70.6438
70.6438
70.6438
70.6438
70.6438
70.6438
70.6438
70.6438
70.6438
70.6438
70.6438
70.6438
70.6438
70.6438
70.6438
70.6438
70.6438
70.6438
70.6438
70.6438
70.6438
70.6361
70.6217
70.5884
70.5884
70.5884
70.5884
70.5884
70.5884
70.5884
70.5884
70.5884
70.5884
70.5884
70.5884
70.5884
70.5884
70.5884
70.5884
70.5884
70.5884
70.5884
70.5884
70.5884
70.5884
70.5884
70.5884
70.5884
70.5884
70.5884
70.5884
70.5884
70.5884
70.5884
70.5884
70.5884
70.5884
70.5884
70.5884
70.5884
70.5884
70.5884
70.5884
70.5884
70.5884
70.5884
70.5504
70.4743
70.151
70.113
70.113
70.113
70.113
70.113
70.113
70.113
70.113
70.113
70.113
70.113
70.113
70.113
70.113
70.113
70.113
70.113
70.113
70.113
70.113
70.113
70.113
70.113
70.113
70.113
70.113
70.113
70.113
70.113
70.113
70.113
70.113
70.0949
70.0226
69.8599
69.2815
69.2092
69.2092
69.2092
69.2092
69.2092
69.2092
69.2092
69.2092
69.2092
69.2092
69.2092
69.2092
69.2092
69.2092
69.2092
69.2092
69.2062
69.1941
70.3615
69.9971
69.0579
69.0579
69.0579
69.0579
69.0579
69.0579
69.0579
69.0579
69.0579
69.0579
69.0579
69.0579
69.0579
69.0579
69.0579
69.0579
69.0579
69.0579
69.0579
69.0579
69.0579
69.0579
69.0579
69.0579
69.0579
69.0579
69.0579
69.0579
69.0579
69.0579
69.0579
69.0579
69.0579
69.0579
69.0579
69.0579
69.0579
69.0579
69.0579
69.0579
69.0579
69.0579
69.0579
69.0579
69.0579
69.0579
69.0579
69.0579
69.0579
69.0579
69.0579
69.0579
69.0579
69.0579
69.0579
69.0579
69.0301
69.0579
69.0579
69.0579
69.0579
69.044
69.0579
69.0579
69.0579
69.0579
69.044
69.0579
69.0579
69.0579
69.0579
69.044
69.0579
69.0579
69.0579
69.0579
69.044
69.0579
69.0579
69.0579
69.0579
69.0163
68.9747
68.9192
68.7668
68.3648
68.3648
68.3648
68.3648
68.3648
68.3648
68.3648
68.3648
68.3648
68.3648
68.3648
68.3648
68.3648
68.3648
68.3648
68.3648
68.3648
68.3648
68.3648
68.3648
68.3648
68.3648
68.3648
68.3648
68.3648
68.3648
68.3648
68.3648
68.3648
68.3648
68.3648
68.3648
68.3648
68.3648
68.3648
68.3648
68.3648
68.3648
68.3648
68.3648
68.3648
68.3648
68.3648
68.3648
68.3648
68.3648
68.3648
68.3616
68.3486
68.3194
68.2512
68.2026
68.2026
68.2026
68.2026
68.2026
68.2026
68.2026
68.2026
68.2026
68.2026
68.2026
68.2026
68.2026
68.2026
68.2026
68.2026
68.2026
68.2026
68.2026
68.2026
68.2026
68.2026
68.2026
68.2026
68.2026
68.2026
68.2026
68.2026
68.2026
68.2026
68.2026
68.2026
68.2026
68.2026
68.2026
68.2026
68.2026
68.2026
68.2026
68.2026
68.2026
68.2026
68.2026
68.2026
68.2026
68.2026
68.2026
68.2026
68.2026
68.2026
68.2026
68.2026
68.2026
68.2026
68.2026
68.2026
68.2026
68.2026
68.2026
68.2026
68.2026
68.2026
68.2026
68.2026
68.2026
68.2026
68.2026
68.2026
68.2026
68.2026
68.2026
68.2026
68.2026
68.2026
68.2026
68.2026
68.2026
68.2026
68.2026
68.2026
68.2026
68.2026
68.2026
68.2026
68.2026
68.2026
68.2026
68.2026
68.2026
68.2026
68.2026
68.2026
68.2026
68.2026
68.2026
68.2026
68.2026
68.2026
68.2026
68.2026
68.2026
68.2026
68.2026
68.2026
68.2026
68.2026
68.2026
68.2026
68.2026
68.2026
68.2026
68.2026
68.2026
68.2026
68.2026
68.2026
68.2026
68.2026
68.2026
68.2026
68.2026
68.2026
68.2026
68.2026
68.2026
68.2026
68.2026
68.2026
68.2026
68.2026
68.2026
68.2026
68.2026
68.2026
68.2026
68.2026
68.2026
68.2026
68.2026
68.2026
68.2026
68.2026
68.2026
68.2026
68.2026
68.2026
68.2026
68.2026
68.2026
68.2026
68.2026
68.2026
68.2026
68.2026
68.2026
68.2026
68.2026
68.2026
68.2026
68.2026
68.1852
68.1503
68.0575
68.0575
68.0575
68.0575
68.0575
68.0575
68.0575
68.0575
68.0575
68.0575
68.0575
68.0575
68.0575
68.0575
68.0575
68.0575
68.0575
68.0575
68.0575
68.0575
68.0575
68.0575
68.0575
68.0575
68.0575
68.0575
68.0575
68.0575
68.0575
68.0575
68.0575
68.0575
68.0575
68.0575
68.0575
68.0575
68.0575
68.0575
68.0575
68.0575
68.0575
68.0575
68.0575
68.0575
68.0575
68.0575
68.0575
68.0575
68.0575
68.0575
68.0493
68.0411
68.0164
67.8848
67.6462
67.6462
67.6462
67.6462
67.6462
67.6462
67.6462
67.6462
67.6462
67.6404
67.6376
67.6176
67.5603
67.5031
67.4628
67.4052
67.1785
67.1675
67.1675
67.1675
67.1675
67.1675
67.1675
67.1675
67.1675
67.1675
67.1675
67.1675
67.1675
67.1675
67.1675
67.1675
67.1675
67.1675
67.1675
67.1675
67.1675
67.1675
67.1675
67.0534
67.1104
67.139
67.1675
67.1675
67.0249
66.8539
66.5371
65.7419
65.7419
65.7419
65.7419
65.7419
65.7419
65.7419
65.7419
65.7419
65.7419
65.7419
65.7419
65.7419
65.7419
65.7419
65.7419
65.7419
65.7419
65.7419
65.7419
65.7419
65.7419
65.7419
65.7419
65.7419
65.7419
65.7419
65.7419
65.7419
65.7419
65.7419
65.7419
65.7419
65.7419
65.7419
65.7419
65.7419
65.7419
65.7419
65.7419
65.7419
65.7419
65.7279
65.7419
65.7419
65.7419
65.7419
65.6998
65.6993
65.6902
67.066
65.5268
65.3112
65.0834
65.0232
65.0229
65.0229
65.0229
65.0229
65.0229
65.0229
65.0229
65.0229
65.0229
65.0229
65.0229
65.0229
65.0229
65.0229
65.0229
65.0229
65.0229
65.0229
65.0229
65.0229
65.0229
65.0229
65.0229
65.0229
65.0229
65.0229
65.0229
65.0229
65.0229
65.0229
65.0229
65.0229
65.0229
65.0229
65.0229
65.0229
65.0229
65.0229
65.0229
65.0229
65.0229
65.0229
65.0229
65.0229
65.0229
65.0229
65.0229
65.0229
65.0229
65.0229
65.0229
65.0229
65.0229
65.0229
65.0229
65.0229
65.0229
65.0229
65.0229
65.0229
65.0229
65.0229
65.0229
65.0229
65.0229
65.0229
65.0229
65.0229
65.0229
65.0229
65.0229
65.0229
65.0229
65.0229
65.0229
65.0229
65.0229
65.0229
65.0229
65.0229
65.0229
65.0229
65.0229
65.0229
65.0229
65.0229
65.0229
65.0197
65.01
64.9746
64.9425
64.9425
64.9425
64.9425
64.9425
64.9425
64.9425
64.9425
64.9425
64.9425
64.9425
64.9425
64.9425
64.9425
64.9425
64.9425
64.9425
64.9425
64.9425
64.9425
64.9425
64.9425
64.9425
64.9425
64.9425
64.9425
64.9425
64.9425
64.9425
64.9425
64.9425
64.9425
64.9425
64.9425
64.9425
64.9425
64.9425
64.9425
64.9425
64.9425
64.9425
64.9425
64.9425
64.9425
64.9425
64.9425
64.9425
64.9425
64.9425
64.9425
64.9425
64.9425
64.9425
64.9425
64.9425
64.9425
64.9425
64.9425
64.9425
64.9425
64.9425
64.9425
64.9425
64.9425
64.9425
64.9425
64.9425
64.9425
64.9425
64.9425
64.9425
64.9425
64.9425
64.9425
64.9425
64.9425
64.9425
64.9425
64.9425
64.9425
64.9425
64.9425
64.9425
64.9425
64.9425
64.9425
64.9425
64.9425
64.9425
64.9425
64.9425
64.9425
64.9425
64.9425
64.9425
64.9425
64.9425
64.9425
64.9425
64.9425
64.9425
64.9425
64.9425
64.9425
64.9425
64.9425
64.9425
64.9425
64.9425
64.9425
64.9425
64.9425
64.9425
64.9425
64.9425
64.9425
64.9425
64.9425
64.9425
64.9425
64.9425
64.9425
64.9425
64.9425
64.9425
64.9425
64.9425
64.9425
64.9425
64.9425
64.9425
64.9425
64.9425
64.9425
64.9425
64.9425
64.9425
64.9425
64.9425
64.9425
64.9425
64.9425
64.9425
64.9425
64.9425
64.9425
64.9425
64.9425
64.9425
64.9425
64.9425
64.9425
64.9425
64.9425
64.9425
64.9425
64.9425
64.9425
64.9425
64.9425
64.9425
64.9425
64.9425
64.9425
64.9425
64.9425
64.9425
64.9425
64.9425
64.9425
64.9425
64.9425
64.9425
64.9425
64.9425
64.9425
64.9425
64.9425
64.9425
64.9425
64.9425
64.9425
64.9425
64.9425
64.9425
64.9425
64.9425
64.9425
64.9425
64.9425
64.9425
64.9425
64.9425
64.9425
64.9425
64.9425
64.9425
64.9425
64.9425
64.9425
64.9425
64.9425
64.9425
64.9425
64.9425
64.9425
64.9425
64.9425
64.9425
64.9425
64.9425
64.9425
64.9425
64.9425
64.9425
64.9425
64.9425
64.9425
64.9425
64.9425
64.9425
64.9425
64.9425
64.9425
64.9425
64.9425
64.9425
64.9425
64.9425
64.9425
64.9425
64.9425
64.9425
64.9425
64.9425
64.9425
64.9425
64.9425
64.9425
64.9425
64.9425
64.9425
64.9425
64.9425
64.9425
64.9425
64.9425
64.9425
64.9425
64.9425
64.9425
64.9425
64.9425
64.9425
64.9425
64.9425
64.9425
64.9425
64.9425
64.9425
64.9425
64.9425
64.9425
64.9425
64.9425
64.9425
64.9425
64.9425
64.9425
64.9425
64.9425
64.9425
64.9425
64.9425
64.9425
64.9425
64.9425
64.9425
64.9425
64.9425
64.9425
64.9425
64.9425
64.9425
64.9425
64.9425
64.9425
64.9425
64.9425
64.9425
64.9425
64.9425
64.9425
64.9425
64.9425
64.9425
64.9425
64.9425
64.9425
64.9425
64.9425
64.9425
64.9425
64.9425
64.9425
64.9425
64.9425
64.9425
64.9425
64.9425
64.9425
64.9425
64.9425
64.9425
64.9425
64.9425
64.9425
64.9425
64.9425
64.9425
64.9425
64.9425
64.9425
64.9425
64.9425
64.9425
64.9425
64.9425
64.9425
64.9425
64.9425
64.9425
64.9425
64.9425
64.9425
64.9425
64.9425
64.9425
64.9425
64.9425
64.9425
64.9425
64.9425
64.9425
64.9425
64.9425
64.9425
64.9425
64.9425
64.9425
64.9425
64.9425
64.9425
64.9425
64.9425
64.9425
64.9425
64.9425
64.9425
64.9425
64.9425
64.9425
64.9425
64.9425
64.9425
64.9425
64.9425
64.9425
64.9425
64.9425
64.9425
64.9425
64.9425
64.9425
64.9425
64.9425
64.9425
64.9425
64.9425
64.9425
64.9425
64.9425
64.9425
64.9425
64.9425
64.9425
64.9425
64.9425
64.9425
64.9425
64.9425
64.9425
64.9425
64.9425
64.9425
64.9425
64.9425
64.9425
64.9425
64.9425
64.9425
64.9425
64.9425
64.9425
64.9425
64.9425
64.9425
64.9425
64.9425
64.9425
64.9425
64.9425
64.9425
64.9425
64.9425
64.9425
64.9425
64.9425
64.9425
64.9425
64.9425
64.9425
64.9425
64.9425
64.9425
64.9425
64.9425
64.9425
64.9425
64.9425
64.9425
64.9425
64.9425
64.9425
64.9425
64.9425
64.9425
64.9425
64.9425
64.9425
64.9425
64.9425
64.9425
64.9425
64.9425
64.9425
64.9425
64.9425
64.9425
64.9425
64.9425
64.9425
64.9425
64.9425
64.9425
64.9425
64.9425
64.9425
64.9425
64.9425
64.9425
64.9425
64.9425
64.9425
64.9425
64.9425
64.9425
64.9425
64.9425
64.9425
64.9425
64.9425
64.9425
64.9425
64.9425
64.9425
64.9425
64.9425
64.9425
64.9425
64.9425
64.9425
64.9425
64.9425
64.9425
64.9425
64.9425
64.9425
64.9425
64.9425
64.9425
64.9425
64.9425
64.9425
64.9425
64.9425
64.9425
64.9425
64.9425
64.9425
64.9425
64.9425
64.9425
64.9425
64.9425
64.9425
64.9425
64.9425
64.9425
64.9425
64.9425
64.9425
64.9425
64.9425
64.9425
64.9425
64.9425
64.9425
64.9425
64.9425
64.9425
64.9425
64.9425
64.9425
64.9425
64.9425
64.9425
64.9425
64.9425
64.9425
64.9425
64.9425
64.9425
64.9425
64.9425
64.9425
64.9425
64.9425
64.9425
64.9425
64.9425
64.9425
64.9425
64.9425
64.9425
64.9425
64.9425
64.9425
64.9425
64.9425
64.9425
64.9425
64.9425
64.9425
64.9425
64.9425
64.9425
64.9425
64.9425
64.9425
64.9425
64.9425
64.9425
64.9425
64.9425
64.9425
64.9425
64.9425
64.9425
64.9425
64.9425
64.9425
64.9425
64.9425
64.9425
64.9425
64.9425
64.9425
64.9425
64.9425
64.9425
64.9425
64.9425
64.9425
64.9425
64.9425
64.9425
64.9425
64.9425
64.9425
64.9425
64.9425
64.9425
64.9425
64.9425
64.9425
64.9425
64.9425
64.9425
64.9425
64.9425
64.9425
64.9425
64.9425
64.9425
64.9425
64.9425
64.9425
64.9425
64.9425
64.9425
64.9425
64.9425
64.9425
64.9425
64.9425
64.9425
64.9425
64.9425
64.9425
64.9425
64.9425
64.9425
64.9425
64.9425
64.9425
64.9425
64.9425
64.9425
64.9425
64.9425
64.9425
64.9425
64.9425
64.9425
64.9425
64.9425
64.9425
64.9425
64.9425
64.9425
64.9425
64.9425
64.9425
64.9425
64.9425
64.9425
64.9425
64.9425
64.9425
64.9425
64.9425
64.9425
64.9425
64.9425
64.9425
64.9425
64.9425
64.9425
64.9425
64.9425
64.9425
64.9425
64.9425
64.9425
64.9425
64.9425
64.9425
64.9425
64.9425
64.9425
64.9425
64.9425
64.9425
64.9425
64.9425
64.9425
64.9425
64.9425
64.9425
64.9425
64.9425
64.9425
64.9425
64.9425
64.9425
64.9425
64.9425
64.9425
64.9425
64.9425
64.9425
64.9425
64.9425
64.9425
64.9425
64.9425
64.9425
64.9425
64.9425
64.9425
64.9425
64.9425
64.9425
64.9425
64.9425
64.9425
64.9425
64.9425
64.9425
64.9425
64.9425
64.9425
64.9425
64.9425
64.9425
64.9425
64.9425
64.9425
64.9425
64.9425
64.9425
64.9425
64.9425
64.9425
64.9425
64.9425
64.9425
64.9425
64.9425
64.9425
64.9425
64.9425
64.9425
64.9425
64.9425
64.9425
64.9425
64.9425
64.9425
64.9425
64.9425
64.9425
64.9425
64.9425
64.9425
64.9425
64.9425
64.9425
64.9425
64.9425
64.9425
64.9425
64.9425
64.9425
64.9425
64.9425
64.9425
64.9425
64.9425
64.9425
64.9425
64.9425
64.9425
64.9425
64.9425
64.9425
64.9425
64.9425
64.9425
64.9425
64.9425
64.9425
64.9425
64.9425
64.9425
64.9425
64.9425
64.9425
64.9425
64.9425
64.9425
64.9425
64.9425
64.9425
64.9425
64.9425
64.9425
64.9425
64.9425
64.9425
64.9425
64.9425
64.9425
64.9425
64.9425
64.9425
64.9425
64.9425
64.9425
64.9425
64.9425
64.9425
64.9425
64.9425
64.9425
64.9425
64.9425
64.9425
64.9425
64.9425
64.9425
64.9425
64.9425
64.9425
64.9425
64.9425
64.9425
64.9425
64.9425
64.9425
64.9425
64.9425
64.9425
64.9425
64.9425
64.9425
64.9425
64.9425
64.9425
64.9425
64.9425
64.9425
64.9425
64.9425
64.9425
64.9425
64.9425
64.9425
64.9425
64.9425
64.9425
64.9425
64.9425
64.9425
64.9425
64.9425
64.9425
64.9425
64.9425
64.9425
64.9425
64.9425
64.9425
64.9425
64.9425
64.9425
64.9425
64.9425
64.9425
64.9425
64.9425
64.9425
64.9425
64.9425
64.9425
64.9425
64.9425
64.9425
64.9425
64.9425
64.9425
64.9425
64.9425
64.9425
64.9425
64.9425
64.9425
64.9425
64.9425
64.9425
64.9425
64.9425
64.9425
64.9425
64.9425
64.9425
64.9425
64.9425
64.9425
64.9425
64.9425
64.9425
64.9425
64.9425
64.9425
64.9425
64.9425
64.9425
64.9425
64.9425
64.9425
64.9425
64.9425
64.9425
64.9425
64.9425
64.9425
64.9425
64.9425
64.9425
64.9425
64.9425
64.9425
64.9425
64.9425
64.9425
64.9425
64.9425
64.9425
64.9425
64.9425
64.9425
64.9425
64.9425
64.9425
64.9425
64.9425
64.9425
64.9425
64.9425
64.9425
64.9425
64.9425
64.9425
64.9425
64.9425
64.9425
64.9425
64.9425
64.9425
64.9425
64.9425
64.9425
64.9425
64.9425
64.9425
64.9425
64.9425
64.9425
64.9425
64.9425
64.9425
64.9425
64.9425
64.9425
64.9425
64.9425
64.9425
64.9425
64.9425
64.9425
64.9425
64.9425
64.9425
64.9425
64.9425
64.9425
64.9425
64.9425
64.9425
64.9425
64.9425
64.9425
64.9425
64.9425
64.9425
64.9425
64.9425
64.9425
64.9425
64.9425
64.9425
64.9425
64.9425
64.9425
64.9425
64.9425
64.9425
64.9425
64.9425
64.9425
64.9425
64.9425
64.9425
64.9425
64.9425
64.9425
64.9425
64.9425
64.9425
64.9425
64.9425
64.9425
64.9425
64.9425
64.9425
64.9425
64.9425
64.9425
64.9425
64.9425
64.9425
64.9425
64.9425
64.9425
64.9425
64.9425
64.9425
64.9425
64.9425
64.9425
64.9425
64.9425
64.9425
64.9425
64.9425
64.9425
64.9425
64.9425
64.9425
64.9425
64.9425
64.9425
64.9425
64.9425
64.9425
64.9425
64.9425
64.9425
64.9425
64.9425
64.9425
64.9425
64.9425
64.9425
64.9425
64.9425
64.9425
64.9425
64.9425
64.9425
64.9425
64.9425
64.9425
64.9425
64.9425
64.9425
64.9425
64.9425
64.9425
64.9425
64.9425
64.9425
64.9425
64.9425
64.9425
64.9425
64.9425
64.9425
64.9425
64.9425
64.9425
64.9425
64.9425
64.9425
64.9425
64.9425
64.9425
64.9425
64.9425
64.9425
64.9425
64.9425
64.9425
64.9425
64.9425
64.9425
64.9425
64.9425
64.9425
64.9425
64.9425
64.9425
64.9425
64.9425
64.9425
64.9425
64.9425
64.9425
64.9425
64.9425
64.9425
64.9425
64.9425
64.9425
64.9425
64.9425
64.9425
64.9425
64.9425
64.9425
64.9425
64.9425
64.9425
64.9425
64.9425
64.9425
64.9425
64.9425
64.9425
64.9425
64.9425
64.9425
64.9425
64.9425
64.9425
64.9425
64.9425
64.9425
64.9425
64.9425
64.9425
64.9425
64.9425
64.9425
64.9425
64.9425
64.9425
64.9425
64.9425
64.9425
64.9425
64.9425
64.9425
64.9425
64.9425
64.9425
64.9425
64.9425
64.9425
64.9425
64.9425
64.9425
64.9425
64.9425
64.9425
64.9425
64.9425
64.9425
64.9425
64.9425
64.9425
64.9425
64.9425
64.9425
64.9425
64.9425
64.9425
64.9425
64.9425
64.9425
64.9425
64.9425
64.9425
64.9425
64.9425
64.9425
64.9425
64.9425
64.9425
64.9425
64.9425
64.9425
64.9425
64.9425
64.9425
64.9425
64.9425
64.9425
64.9425
64.9425
64.9425
64.9425
64.9425
64.9425
64.9425
64.9425
64.9425
64.9425
64.9425
64.9425
64.9425
64.9425
64.9425
64.9425
64.9425
64.9425
64.9425
64.9425
64.9425
64.9425
64.9425
64.9425
64.9425
64.9425
64.9425
64.9425
64.9425
64.9425
64.9425
64.9425
64.9425
64.9425
64.9425
64.9425
64.9425
64.9425
64.9425
64.9425
64.9425
64.9425
64.9425
64.9425
64.9425
64.9425
64.9425
64.9425
64.9425
64.9425
64.9425
64.9425
64.9425
64.9425
64.9425
64.9425
64.9425
64.9425
64.9425
64.9425
64.9425
64.9425
64.9425
64.9425
64.9425
64.9425
64.9425
64.9425
64.9425
64.9425
64.9425
64.9425
64.9425
64.9425
64.9425
64.9425
64.9425
64.9425
64.9425
64.9425
64.9425
64.9425
64.9425
64.9425
64.9425
64.9425
64.9425
64.9425
64.9425
64.9425
64.9425
64.9425
64.9425
64.9425
64.9425
64.9425
64.9425
64.9425
64.9425
64.9425
64.9425
64.9425
64.9425
64.9425
64.9425
64.9425
64.9425
64.9425
64.9425
64.9425
64.9425
64.9425
64.9425
64.9425
64.9425
64.9425
64.9425
64.9425
64.9425
64.9425
64.9425
64.9425
64.9425
64.9425
64.9425
64.9425
64.9425
64.9425
64.9425
64.9425
64.9425
64.9425
64.9425
64.9425
64.9425
64.9425
64.9425
64.9425
64.9425
64.9425
64.9425
64.9425
64.9425
64.9425
64.9425
64.9425
64.9425
64.9425
64.9425
64.9425
64.9425
64.9425
64.9425
64.9425
64.9425
64.9425
64.9425
64.9425
64.9425
64.9425
64.9425
64.9425
64.9425
64.9425
64.9425
64.9425
64.9425
64.9425
64.9425
64.9425
64.9425
64.9425
64.9425
64.9425
64.9425
64.9425
64.9425
64.9425
64.9425
64.9425
64.9425
64.9425
64.9425
64.9425
64.9425
64.9425
64.9425
64.9425
64.9425
64.9425
64.9425
64.9425
64.9425
64.9425
64.9425
64.9425
64.9425
64.9425
64.9425
64.9425
64.9425
64.9425
64.9425
64.9425
64.9425
64.9425
64.9425
64.9425
64.9425
64.9425
64.9425
64.9425
64.9425
64.9425
64.9425
64.9425
64.9425
64.9425
64.9425
64.9425
64.9425
64.9425
64.9425
64.9425
64.9425
64.9425
64.9425
64.9425
64.9425
64.9425
64.9425
64.9425
64.9425
64.9425
64.9425
64.9425
64.9425
64.9425
64.9425
64.9425
64.9425
64.9425
64.9425
64.9425
64.9425
64.9425
64.9425
64.9425
64.9425
64.9425
64.9425
64.9425
64.9425
64.9425
64.9425
64.9425
64.9425
64.9425
64.9425
64.9425
64.9425
64.9425
64.9425
64.9425
64.9425
64.9425
64.9425
64.9425
64.9425
64.9425
64.9425
64.9425
64.9425
64.9425
64.9425
64.9425
64.9425
64.9425
64.9425
64.9425
64.9425
64.9425
64.9425
64.9425
64.9425
64.9425
64.9425
64.9425
64.9425
64.9425
64.9425
64.9425
64.9425
64.9425
64.9425
64.9425
64.9425
64.9425
64.9425
64.9425
64.9425
64.9425
64.9425
64.9425
64.9425
64.9425
64.9425
64.9425
64.9425
64.9425
64.9425
64.9425
64.9425
64.9425
64.9425
64.9425
64.9425
64.9425
64.9425
64.9425
64.9425
64.9425
64.9425
64.9425
64.9425
64.9425
64.9425
64.9425
64.9425
64.9425
64.9425
64.9425
64.9425
64.9425
64.9425
64.9425
64.9425
64.9425
64.9425
64.9425
64.9425
64.9425
64.9425
64.9425
64.9425
64.9425
64.9425
64.9425
64.9425
64.9425
64.9425
64.9425
64.8965
64.8581
64.6742
64.5592
64.5592
64.5592
64.5592
64.5592
64.5592
64.5592
64.5592
64.5592
64.5592
64.5592
64.5592
64.5592
64.5592
64.5592
64.5592
64.5592
64.5592
64.5592
64.5592
64.5592
64.5592
64.5592
64.5592
64.5592
64.5592
64.5592
64.5592
64.5592
64.5592
64.5592
64.5592
64.5592
64.5592
64.5592
64.5592
64.5592
64.5592
64.5592
64.5592
64.5592
64.5592
64.5592
64.5592
64.5592
64.5592
64.5592
64.5592
64.5592
64.5592
64.5592
64.5592
64.5592
64.5592
64.5592
64.5592
64.5592
64.5592
64.5592
64.5592
64.5592
64.5592
64.5592
64.5592
64.5592
64.5592
64.5592
64.5592
64.5592
64.5592
64.5592
64.5592
64.5592
64.5592
64.5592
64.5592
64.5592
64.5592
64.5592
64.5592
64.5592
64.5592
64.5592
64.5592
64.5592
64.5592
64.5592
64.5592
64.5592
64.5592
64.5592
64.5592
64.5592
64.5592
64.5592
64.5592
64.5592
64.5592
64.5592
64.5592
64.5592
64.5592
64.5592
64.5592
64.5592
64.5592
64.5592
64.5592
64.5592
64.5592
64.5592
64.5592
64.5592
64.5592
64.5592
64.5592
64.5592
64.5592
64.5592
64.5592
64.5592
64.5592
64.5592
64.5592
64.5592
64.5592
64.5592
64.5592
64.5592
64.5592
64.5592
64.5592
64.5592
64.5592
64.5592
64.5592
64.5592
64.5592
64.5592
64.5592
64.5592
64.5592
64.5592
64.5592
64.5592
64.5592
64.5592
64.5592
64.5592
64.5592
64.5592
64.5592
64.5592
64.5592
64.5592
64.5592
64.5592
64.5592
64.5592
64.5592
64.5592
64.5592
64.5592
64.5592
64.5592
64.5592
64.5592
64.5592
64.5592
64.5592
64.5592
64.5592
64.5592
64.5592
64.5592
64.5592
64.5592
64.4284
64.2603
63.6253
63.6253
63.6253
63.6253
63.6253
63.6253
63.6253
63.6253
63.6253
63.6253
63.6253
63.6253
63.6253
63.6253
63.6253
63.6253
63.6253
63.6253
63.6253
63.6253
63.6253
63.6253
63.6253
63.6253
63.6253
63.6253
63.6253
63.6253
63.6253
63.6253
63.6253
63.6253
63.6253
63.6253
63.6253
63.6253
63.6253
63.6253
63.6253
63.6253
63.6253
63.6253
63.6253
63.6253
63.6253
63.6253
63.6253
63.6253
63.6253
63.6253
63.6253
63.6253
63.6253
63.6253
63.6253
63.6253
63.6253
63.6253
63.6253
63.6253
63.6253
63.6253
63.6253
63.6253
63.6253
63.6253
63.6253
63.6253
63.6253
63.6253
63.6253
63.6253
63.6253
63.6253
63.6253
63.6253
63.6253
63.6253
63.6253
63.6253
63.6253
63.6253
63.6253
63.6253
63.6253
63.6253
63.6253
63.6253
63.6253
63.6253
63.6253
63.6253
63.6253
63.6253
63.6253
63.6253
63.6253
63.6253
63.6253
63.6253
63.6253
63.6253
63.6253
63.6253
63.6253
63.6253
63.6253
63.6253
63.6253
63.6253
63.6253
63.6253
63.6253
63.6253
63.6253
63.6253
63.6253
63.6253
63.6253
63.6253
63.6253
63.6253
63.6253
63.6253
63.6253
63.6253
63.6253
63.6253
63.6253
63.6253
63.6253
63.6253
63.6253
63.6253
63.6253
63.6253
63.6253
63.6253
63.6253
63.6253
63.6253
63.6253
63.6253
63.6253
63.6253
63.6253
63.6253
63.6253
63.6253
63.6253
63.6253
63.6253
63.6253
63.6253
63.6253
63.6253
63.6253
63.6253
63.6253
63.6253
63.6253
63.6253
63.6253
63.6253
63.6253
63.6253
63.6253
63.6253
63.6253
63.6253
63.6253
63.6253
63.6253
63.6253
63.6253
63.6253
63.6253
63.6253
63.6253
63.6253
63.6253
63.6253
63.6253
63.6253
63.6253
63.6253
63.6253
63.6253
63.6253
63.6253
63.6253
63.6253
63.6253
63.6253
63.6253
63.6253
63.6253
63.6253
63.6253
63.6253
63.6253
63.6253
63.6253
63.6253
63.6253
63.6253
63.6253
63.6253
63.6253
63.6253
63.6253
63.6253
63.6253
63.6253
63.6253
63.6253
63.6253
63.6253
63.6253
63.6253
63.6253
63.6253
63.6253
63.6253
63.6253
63.6253
63.6253
63.6253
63.6253
63.6253
63.6253
63.6253
63.6253
63.6253
63.6253
63.6253
63.6253
63.6253
63.6253
63.6253
63.6253
63.6253
63.6253
63.6253
63.6253
63.6253
63.6253
63.6253
63.6253
63.6253
63.6253
63.6253
63.6253
63.6253
63.6253
63.6253
63.6253
63.6253
63.6253
63.6253
63.6253
63.6253
63.6253
63.6253
63.6253
63.6253
63.6253
63.6253
63.6253
63.6253
63.6253
63.6253
63.6253
63.6253
63.6253
63.6253
63.6253
63.6253
63.6253
63.6253
63.6253
63.6253
63.6253
63.6253
63.6253
63.6253
63.6253
63.6253
63.6253
63.6253
63.6253
63.6253
63.6253
63.6253
63.6253
63.6253
63.6253
63.6253
63.6253
63.6253
63.6253
63.6253
63.6253
63.6253
63.6253
63.6253
63.6253
63.6253
63.6253
63.6253
63.6253
63.6253
63.6253
63.6253
63.6253
63.6253
63.6253
63.6253
63.6253
63.6253
63.6253
63.6253
63.6253
63.6253
63.6253
63.6253
63.6253
63.6253
63.6253
63.6253
63.6253
63.6253
63.6253
63.6253
63.6253
63.6253
63.6253
63.6253
63.6253
63.6253
63.6253
63.6253
63.6253
63.6253
63.6253
63.6253
63.6253
63.6253
63.6253
63.6253
63.6253
63.6253
63.6253
63.6253
63.6253
63.6253
63.6253
63.6253
63.6253
63.6253
63.6253
63.6253
63.6253
63.6253
63.6253
63.6253
63.6253
63.6253
63.6253
63.6253
63.6253
63.6253
63.6253
63.6253
63.6253
63.6253
63.6253
63.6253
63.6253
63.6253
63.6253
63.6253
63.6253
63.6253
63.6253
63.6253
63.6253
63.6253
63.6253
63.6253
63.6253
63.6253
63.6253
63.6253
63.6253
63.6253
63.6253
63.6253
63.6253
63.6253
63.6253
63.6253
63.6253
63.6253
63.6253
63.6253
63.6253
63.6253
63.6253
63.6253
63.6253
63.6253
63.6253
63.6253
63.6253
63.6253
63.6253
63.6253
63.6253
63.6253
63.6253
63.6253
63.6253
63.6253
63.6253
63.6253
63.6253
63.6253
63.6253
63.6253
63.6253
63.6253
63.6253
63.6253
63.6253
63.6253
63.6253
63.6253
63.6253
63.6253
63.6253
63.6253
63.6253
63.6253
63.6253
63.6253
63.6253
63.6253
63.6253
63.6253
63.6253
63.6253
63.6253
63.6253
63.6253
63.6253
63.6253
63.6253
63.6253
63.6253
63.6253
63.6253
63.6253
63.6253
63.6253
63.6253
63.6253
63.6253
63.6253
63.6253
63.6253
63.6253
63.6253
63.6253
63.6253
63.6253
63.6253
63.6253
63.6253
63.6253
63.6253
63.6253
63.6253
63.6253
63.6253
63.6253
63.6253
63.6253
63.6253
63.6253
63.6253
63.6253
63.6253
63.6253
63.6253
63.6253
63.6253
63.6253
63.6253
63.6253
63.6253
63.6253
63.6253
63.6253
63.6253
63.6253
63.6253
63.6253
63.6253
63.6253
63.6253
63.6253
63.6253
63.6253
63.6253
63.6253
63.6253
63.6253
63.6253
63.6253
63.6253
63.6253
63.6253
63.6253
63.6253
63.6253
63.6253
63.6253
63.6253
63.6253
63.6253
63.6253
63.6253
63.6253
63.6253
63.6253
63.6253
63.6253
63.6253
63.6253
63.6253
63.6253
63.6253
63.6253
63.6253
63.6253
63.6253
63.6253
63.6253
63.6253
63.6253
63.6253
63.6253
63.6253
63.6253
63.6253
63.6253
63.6253
63.6253
63.6253
63.6253
63.6253
63.6253
63.6253
63.6253
63.6253
63.6253
63.6253
63.6253
63.6253
63.6253
63.6253
63.6253
63.6253
63.6253
63.6253
63.6253
63.6253
63.6253
63.6253
63.6253
63.6253
63.6253
63.6253
63.6253
63.6253
63.6253
63.6253
63.6253
63.6253
63.6253
63.6253
63.6253
63.6253
63.6253
63.6253
63.6253
63.6253
63.6253
63.6253
63.6253
63.6253
63.6253
63.6253
63.6253
63.6253
63.6253
63.6253
63.6253
63.6253
63.6253
63.6253
63.6253
63.6253
63.6253
63.6253
63.6253
63.6253
63.6253
63.6253
63.6253
63.6253
63.6253
63.6253
63.6253
63.6253
63.6253
63.6253
63.6253
63.6253
63.6253
63.6253
63.6253
63.6253
63.6253
63.6253
63.6253
63.6253
63.6253
63.6253
63.6253
63.6253
63.6253
63.6253
63.6253
63.6253
63.6253
63.6253
63.6253
63.6253
63.6253
63.6253
63.6253
63.6253
63.6253
63.6253
63.6253
63.6253
63.6253
63.6253
63.6253
63.6253
63.6253
63.6253
63.6253
63.6253
63.6253
63.6253
63.6253
63.6253
63.6253
63.6253
63.6253
63.6253
63.6253
63.6253
63.6253
63.6253
63.6253
63.6253
63.6253
63.6253
63.6253
63.6253
63.6253
63.6253
63.6253
63.6253
63.6253
63.6253
63.6253
63.6253
63.6253
63.6253
63.6253
63.6253
63.6253
63.6253
63.6179
63.596
63.5483
63.442
63.442
63.442
63.442
63.442
63.442
63.442
63.442
63.442
63.442
63.442
63.442
63.442
63.442
63.442
63.442
63.442
63.442
63.442
63.442
63.442
63.442
63.442
63.442
63.442
63.442
63.442
63.442
63.442
63.442
63.442
63.442
63.442
63.442
63.442
63.442
63.442
63.442
63.442
63.442
63.442
63.442
63.442
63.442
63.442
63.442
63.442
63.442
63.442
63.442
63.442
63.442
63.442
63.442
63.442
63.442
63.442
63.442
63.442
63.442
63.442
63.442
63.442
63.442
63.442
63.442
63.442
63.442
63.442
63.442
63.442
63.442
63.442
63.442
63.442
63.442
63.442
63.442
63.442
63.442
63.442
63.442
63.442
63.442
63.442
63.442
63.442
63.442
63.442
63.442
63.442
63.442
63.442
63.442
63.442
63.442
63.442
63.442
63.442
63.442
63.442
63.442
63.442
63.442
63.442
63.442
63.442
63.442
63.442
63.442
63.442
63.442
63.442
63.442
63.442
63.442
63.442
63.442
63.442
63.4605
63.442
63.442
63.442
63.442
63.442
63.442
63.442
63.442
63.442
63.442
63.442
63.442
63.442
63.442
63.442
63.442
63.442
63.442
63.442
63.442
63.442
63.442
63.442
63.442
63.442
63.442
63.442
63.442
63.442
63.442
63.442
63.442
63.442
63.442
63.442
63.442
63.442
63.442
63.442
63.442
63.442
63.442
63.442
63.442
63.442
63.442
63.442
63.442
63.442
63.442
63.442
63.442
63.442
63.442
63.442
63.442
63.442
63.442
63.442
63.442
63.442
63.442
63.442
63.442
63.442
63.442
63.442
63.442
63.442
63.442
63.442
63.442
63.442
63.442
63.442
63.442
63.442
63.442
63.442
63.442
63.442
63.442
63.442
63.442
63.442
63.442
63.442
63.442
63.442
63.442
63.442
63.442
63.442
63.442
63.442
63.442
63.442
63.442
63.442
63.442
63.442
63.442
63.442
63.442
63.442
63.442
63.442
63.442
63.442
63.442
63.442
63.442
63.442
63.442
63.442
63.442
63.442
63.442
63.442
63.442
63.442
63.442
63.442
63.442
63.442
63.442
63.442
63.442
63.442
63.442
63.442
63.442
63.442
63.442
63.442
63.442
63.442
63.442
63.442
63.442
63.442
63.442
63.442
63.442
63.442
63.442
63.442
63.442
63.442
63.442
63.442
63.442
63.442
63.442
63.442
63.442
63.442
63.442
63.442
63.442
63.442
63.442
63.442
63.442
63.442
63.442
63.442
63.442
63.442
63.442
63.442
63.442
63.442
63.442
63.442
63.442
63.442
63.442
63.442
63.442
63.442
63.442
63.442
63.442
63.442
63.442
63.442
63.442
63.442
63.442
63.442
63.442
63.442
63.442
63.442
63.442
63.442
63.442
63.442
63.442
63.442
63.442
63.442
63.442
63.442
63.442
63.442
63.442
63.442
63.442
63.442
63.442
63.442
63.442
63.442
63.442
63.442
63.442
63.442
63.442
63.442
63.442
63.442
63.442
63.442
63.442
63.442
63.442
63.442
63.442
63.442
63.442
63.442
63.442
63.442
63.442
63.442
63.442
63.442
63.442
63.442
63.442
63.442
63.442
63.442
63.442
63.442
63.442
63.442
63.442
63.442
63.442
63.442
63.442
63.442
63.442
63.442
63.442
63.442
63.442
63.442
63.442
63.442
63.442
63.442
63.442
63.442
63.442
63.442
63.442
63.442
63.442
63.442
63.442
63.442
63.442
63.442
63.442
63.442
63.442
63.442
63.442
63.442
63.442
63.442
63.442
63.442
63.442
63.442
63.442
63.442
63.442
63.442
63.442
63.442
63.442
63.442
63.442
63.442
63.442
63.442
63.442
63.442
63.442
63.442
63.442
63.442
63.442
63.442
63.442
63.442
63.442
63.442
63.442
63.442
63.442
63.442
63.442
63.442
63.442
63.442
63.442
63.442
63.442
63.442
63.442
63.442
63.442
63.442
63.442
63.442
63.442
63.442
63.442
63.442
63.442
63.442
63.442
63.442
63.442
63.442
63.442
63.442
63.442
63.442
63.442
63.442
63.442
63.442
63.442
63.442
63.442
63.442
63.442
63.442
63.442
63.442
63.442
63.442
63.442
63.442
63.442
63.442
63.442
63.442
63.442
63.442
63.442
63.442
63.442
63.442
63.442
63.442
63.442
63.442
63.442
63.442
63.442
63.442
63.442
63.442
63.442
63.442
63.442
63.442
63.442
63.442
63.442
63.442
63.442
63.442
63.442
63.442
63.442
63.442
63.442
63.442
63.442
63.442
63.442
63.442
63.442
63.442
63.442
63.442
63.442
63.442
63.442
63.442
63.442
63.442
63.442
63.442
63.442
63.442
63.442
63.442
63.442
63.442
63.442
63.442
63.442
63.442
63.442
63.442
63.442
63.442
63.442
63.442
63.442
63.442
63.442
63.442
63.442
63.442
63.442
63.442
63.442
63.442
63.442
63.442
63.442
63.442
63.442
63.442
63.442
63.442
63.442
63.442
63.442
63.442
63.442
63.442
63.442
63.442
63.442
63.442
63.442
63.442
63.442
63.442
63.442
63.442
63.442
63.442
63.442
63.442
63.442
63.442
63.442
63.442
63.442
63.442
63.442
63.442
63.442
63.442
63.442
63.442
63.442
63.442
63.442
63.442
63.4746
63.442
63.442
63.442
63.442
63.442
63.442
63.442
63.442
63.442
63.442
63.442
63.442
63.442
63.442
63.442
63.442
63.442
63.442
63.442
63.442
63.442
63.442
63.442
63.442
63.442
63.442
63.442
63.442
63.442
63.442
63.442
63.442
63.442
63.442
63.442
63.442
63.442
63.442
63.442
63.442
63.442
63.442
63.442
63.442
63.442
63.442
63.442
63.442
63.442
63.442
63.442
63.442
63.442
63.442
63.442
63.442
63.442
63.442
63.442
63.442
63.442
63.442
63.442
63.442
63.442
63.442
63.442
63.442
63.442
63.442
63.442
63.442
63.442
63.442
63.442
63.442
63.442
63.442
63.442
63.442
63.442
63.442
63.442
63.442
63.442
63.442
63.442
63.442
63.442
63.442
63.442
63.442
63.442
63.442
63.442
63.442
63.442
63.442
63.442
63.442
63.442
63.442
63.442
63.442
63.442
63.442
63.442
63.442
63.442
63.442
63.442
63.442
63.442
63.442
63.442
63.442
63.442
63.442
63.442
63.442
63.442
63.442
63.442
63.442
63.442
63.442
63.442
63.442
63.442
63.442
63.442
63.442
63.442
63.442
63.442
63.442
63.442
63.442
63.442
63.442
63.442
63.442
63.442
63.442
63.442
63.442
63.442
63.442
63.442
63.442
63.442
63.442
63.442
63.442
63.442
63.442
63.442
63.442
63.442
63.442
63.442
63.442
63.442
63.442
63.442
63.442
63.442
63.442
63.442
63.442
63.442
63.442
63.4408
63.442
63.442
63.442
63.442
63.442
63.442
63.442
63.442
63.442
63.442
63.442
63.442
63.442
63.442
63.442
63.442
63.442
63.442
63.442
63.442
63.442
63.442
63.442
63.442
63.442
63.442
63.442
63.442
63.442
63.442
63.442
63.442
63.442
63.442
63.442
63.4397
63.4408
63.4397
63.4408
63.4408
63.4373
63.4289
63.4099
63.3824
63.3824
63.3824
63.3824
63.3824
63.3824
63.3824
63.3824
63.3824
63.3824
63.3824
63.3824
63.3824
63.3824
63.3824
63.3824
63.3824
63.3824
63.3824
63.3824
63.3824
63.3824
63.3824
63.3824
63.3824
63.3824
63.3824
63.3824
63.3824
63.3824
63.3824
63.3824
63.3824
63.3824
63.3824
63.3824
63.3824
63.3824
63.3824
63.3824
63.3824
63.3824
63.3824
63.3824
63.3824
63.3824
63.3824
63.3824
63.3824
63.3824
63.3824
63.3824
63.3824
63.3824
63.3824
63.3824
63.3824
63.3824
63.3824
63.3824
63.3824
63.3824
63.3824
63.3824
63.3824
63.3824
63.3824
63.3355
63.2573
63.0839
62.7084
62.6001
62.6001
62.6001
62.6001
62.6001
62.6001
62.6001
62.6001
62.6001
62.6001
62.6001
62.6001
62.6001
62.6001
62.6001
62.6001
62.6001
62.6001
62.6001
62.6001
63.2971
63.112
62.6001
62.6001
62.6001
62.6001
62.6001
62.6001
62.6001
62.6001
62.6001
62.6001
62.6001
62.6001
62.6001
62.6001
62.6001
62.6001
62.6001
62.6001
62.6001
62.6001
62.6001
62.6001
62.6001
62.6001
62.6001
62.6001
62.6001
62.6001
62.6001
62.6001
62.6001
62.6001
62.6001
62.6001
62.6001
62.6001
62.6001
62.6001
62.6001
62.6001
62.6001
62.6001
62.6001
62.6001
62.6001
62.6001
62.6001
62.6001
62.6001
62.6001
62.6001
62.6001
62.6001
62.6001
62.6001
62.6001
62.6001
62.6001
62.6001
62.6001
62.6001
62.6001
62.6001
62.6001
63.2064
62.6001
62.6001
62.6001
62.6001
62.6001
62.6001
62.6001
62.6001
62.6001
62.6001
62.6001
62.6001
62.6001
62.6001
62.6001
62.6001
62.6001
62.6001
62.6001
62.6001
62.6001
62.6001
62.6001
62.6001
62.6001
62.6001
62.6001
62.6001
62.6001
62.6001
62.6001
62.6001
62.6001
62.6001
62.6001
62.6001
62.6001
62.6001
62.6001
62.6001
62.6001
62.6001
62.6001
62.6001
62.6001
62.6001
62.6001
62.6001
62.6001
62.6001
62.6001
62.6001
62.6001
62.6001
62.6001
62.6001
62.6001
62.6001
62.6001
62.6001
62.6001
62.6001
62.6001
62.6001
62.6001
62.6001
62.6001
62.6001
62.6001
62.6001
62.6001
62.6001
62.6001
62.6001
62.6001
62.6001
62.6001
62.6001
62.6001
62.6001
62.6001
62.6001
62.6001
62.6001
62.6001
62.6001
62.6001
62.6001
62.6001
62.6001
62.6001
62.6001
62.6001
62.6001
62.6001
62.6001
62.6001
62.6001
62.6001
62.6001
62.6001
62.6001
62.6001
62.6001
62.6001
62.6001
62.6001
62.6001
64.3048
69.5693
63.5
62.6001
62.6001
66.8429
62.6001
62.6001
62.6001
62.6001
62.6001
62.6001
62.6001
62.6001
62.6001
62.6001
63.1241
63.269
62.6001
62.6001
62.6001
62.6001
62.6001
62.6001
62.6001
62.6001
62.6001
62.6001
62.6001
62.6001
62.6001
62.6001
62.6001
62.6001
62.6001
62.6001
62.6001
62.6001
62.6001
62.6001
62.6001
62.6001
62.6001
62.6001
62.6001
62.6001
62.6001
62.6001
62.6001
62.6001
62.6001
62.6001
62.6001
62.6001
62.6001
62.6001
62.6001
62.6001
62.6001
62.6001
62.6001
62.6001
62.6001
62.6001
62.6001
62.6001
62.6001
62.6001
62.6001
62.6001
62.6001
62.6001
62.6001
62.6001
62.6001
62.6001
62.6001
62.6001
62.6001
62.6001
62.6001
62.6001
62.6001
62.6001
62.6001
62.6001
62.6001
62.6001
62.6001
62.6001
62.6001
62.6001
62.6001
62.6001
62.6001
62.6001
62.6001
62.6001
62.6001
62.6001
62.6001
62.6001
62.6001
62.6001
62.6001
62.6001
62.6001
62.6001
62.6001
62.6001
62.6001
62.6001
62.6001
62.6001
62.6001
62.6001
62.6001
62.6001
62.6001
62.6001
62.6001
62.6001
62.6001
62.6001
62.6001
62.6001
62.6001
62.6001
62.6001
62.6001
62.6001
62.6001
62.6001
62.6001
62.6001
62.6001
62.6001
62.6001
62.6001
62.6001
62.6001
62.6001
62.6001
62.6001
62.6001
62.6001
62.6001
62.6001
62.6001
62.6001
62.6001
62.6001
62.6001
62.6001
62.6001
62.6001
62.6001
62.6001
62.6001
62.6001
62.6001
62.6001
62.6001
62.6001
62.6001
62.6001
62.6001
62.6001
62.6001
62.6001
62.6001
62.6001
62.6001
62.6001
62.6001
62.6001
62.6001
62.6001
62.6001
62.6001
62.6001
62.6001
62.6001
62.6001
62.6001
62.6001
62.6001
62.6001
62.6001
62.6001
62.6001
62.6001
62.6001
62.6001
62.6001
62.6001
62.6001
62.6001
62.6001
62.6001
62.6001
62.6001
62.6001
62.6001
62.6001
62.6001
62.6001
62.6001
62.6001
62.6001
62.6001
62.6001
62.6001
62.6001
62.6001
62.6001
62.6001
62.6001
62.6001
62.6001
62.6001
62.6001
62.6001
62.6001
62.6001
62.6001
62.6001
62.6001
62.6001
62.6001
62.6001
62.6001
62.6001
62.6001
62.6001
62.6001
62.6001
62.6001
62.6001
62.6001
62.6001
62.6001
62.6001
62.6001
62.6001
62.6001
62.6001
62.6001
62.6001
62.6001
62.6001
62.6001
62.6001
62.6001
62.6001
62.6001
62.6001
62.6001
62.6001
62.6001
62.6001
62.6001
62.6001
62.6001
62.6001
62.6001
62.6001
62.6001
62.6001
62.6001
62.6001
62.6001
62.6001
62.6001
62.6001
62.6001
62.6001
62.6001
62.6001
62.6001
62.6001
62.6001
62.6001
62.6001
62.6001
62.6001
62.6001
62.6001
62.6001
62.6001
62.6001
62.6001
62.6001
62.6001
62.6001
62.6001
62.6001
62.6001
62.6001
62.6001
62.6001
62.6001
62.6001
62.6001
62.6001
62.6001
62.6001
62.6001
62.6001
62.6001
62.6001
62.6001
62.6001
62.6001
62.6001
62.6001
62.6001
62.6001
62.6001
62.6001
62.6001
62.6001
62.6001
62.6001
62.6001
62.6001
62.6001
62.6001
62.6001
62.6001
62.6001
62.6001
62.6001
62.6001
62.6001
62.6001
62.6001
62.6001
62.6001
62.6001
62.6001
62.6001
62.6001
62.6001
62.6001
62.6001
62.6001
62.6001
62.6001
62.6001
62.6001
62.6001
62.6001
62.6001
62.6001
62.6001
62.6001
62.6001
62.6001
62.6001
62.6001
62.6001
62.6001
62.6001
62.6001
62.6001
62.6001
62.6001
62.6001
62.6001
62.6001
62.6001
62.6001
62.6001
62.6001
62.6001
62.6001
62.6001
62.6001
62.6001
62.6001
62.6001
62.6001
62.6001
62.6001
62.6001
62.6001
62.6001
62.6001
62.6001
62.6001
62.6001
62.6001
62.6001
62.6001
62.6001
62.6001
62.6001
62.6001
62.6001
62.6001
62.6001
62.6001
62.6001
62.6001
62.6001
62.6001
62.6001
62.6001
62.6001
62.6001
62.6001
62.6001
62.6001
62.6001
62.6001
62.6001
62.6001
62.6001
62.6001
62.6001
62.6001
62.6001
62.6001
62.6001
62.6001
62.6001
62.6001
62.6001
62.6001
62.6001
62.6001
62.6001
62.6001
62.6001
62.6001
62.6001
62.6001
62.6001
62.6001
62.6001
62.6001
62.6001
62.6001
62.6001
62.6001
62.6001
62.6001
62.6001
62.6001
62.6001
62.6001
62.6001
62.6001
62.6001
62.6001
62.6001
62.6001
62.6001
62.6001
62.6001
62.6001
62.6001
62.6001
62.6001
62.6001
62.6001
62.6001
62.6001
62.6001
62.6001
62.6001
62.6001
62.6001
62.6001
62.6001
62.6001
62.6001
62.6001
62.6001
62.6001
62.6001
62.6001
62.6001
62.6001
62.6001
62.6001
62.6001
62.6001
62.6001
62.6001
62.6001
62.6001
62.6001
62.6001
62.6001
62.6001
62.6001
62.6001
62.6001
62.6001
62.6001
62.6001
62.6001
62.6001
62.6001
62.6001
62.6001
62.6001
62.6001
62.6001
62.6001
62.6001
62.6001
62.6001
62.6001
62.6001
62.6001
62.6001
62.6001
62.6001
62.6001
62.6001
62.6001
62.6001
62.6001
62.6001
62.6001
62.6001
62.6001
62.6001
62.6001
62.6001
62.6001
62.6001
62.6001
62.6001
62.6001
62.6001
62.6001
62.6001
62.6001
62.6001
62.6001
62.6001
62.6001
62.6001
62.6001
62.6001
62.6001
62.6001
62.6001
62.6001
62.6001
62.6001
62.6001
62.6001
62.6001
62.6001
62.6001
62.6001
62.6001
62.6001
62.6001
62.6001
62.6001
62.6001
62.6001
62.6001
62.6001
62.6001
62.6001
62.6001
62.6001
62.6001
62.6001
62.6001
62.6001
62.6001
62.6001
62.6001
62.6001
62.6001
62.6001
62.6001
62.6001
62.6001
62.6001
62.6001
62.6001
62.6001
62.6001
62.6001
62.6001
62.6001
62.6001
62.6001
62.6001
62.6001
62.6001
62.6001
62.6001
62.6001
62.6001
62.6001
62.6001
62.6001
62.6001
62.6001
62.6001
62.6001
62.6001
62.6001
62.6001
62.6001
62.6001
62.6001
62.6001
62.6001
62.6001
62.6001
62.6001
62.6001
62.6001
62.6001
62.6001
62.6001
62.6001
62.6001
62.6001
62.6001
62.6001
62.6001
62.6001
62.6001
62.6001
62.6001
62.6001
62.6001
62.6001
62.6001
62.6001
62.6001
62.6001
62.6001
62.6001
62.6001
62.6001
62.6001
62.6001
62.6001
62.6001
62.6001
62.6001
62.6001
62.6001
62.6001
62.6001
62.6001
62.6001
62.6001
62.6001
62.6001
62.6001
62.6001
62.6001
62.6001
62.6001
62.6001
62.6001
62.6001
62.6001
62.6001
62.6001
62.6001
62.6001
62.6001
62.6001
62.6001
62.6001
62.6001
62.6001
62.6001
62.6001
62.6001
62.6001
62.6001
62.6001
62.6001
62.6001
62.6001
62.6001
62.6001
62.6001
62.6001
62.6001
62.6001
62.6001
62.6001
62.6001
62.6001
62.6001
62.6001
62.6001
62.6001
62.6001
62.6001
62.6001
62.6001
62.6001
62.6001
62.6001
62.6001
62.6001
62.6001
62.6001
62.6001
62.6001
62.6001
62.6001
62.6001
62.6001
62.6001
62.6001
62.6001
62.59
62.5495
62.4787
62.3675
62.0943
62.0943
62.0943
62.0943
62.0943
62.0943
62.0943
62.0943
62.0943
62.0943
62.0943
62.0943
62.0943
62.0943
62.0943
62.0943
62.0943
62.0943
62.0943
62.0943
62.0943
62.0943
62.0943
62.0943
62.0943
62.0943
62.0943
62.0943
62.0943
62.0943
62.0943
62.0943
62.0943
62.0943
62.0943
62.0943
62.0943
62.0943
62.0943
62.0943
62.0943
62.0943
62.0943
62.0943
62.0943
62.0943
62.0943
62.0943
62.0943
62.0943
62.0943
62.0943
62.0943
62.0943
62.0943
62.0943
62.0943
62.0943
62.0943
62.1046
62.0943
62.0943
62.0943
62.0943
62.0943
62.0943
62.0943
62.0943
62.0943
62.0943
62.0943
62.0943
62.0943
62.0943
62.0943
62.0943
62.0943
62.0943
62.0943
62.0943
62.0943
62.0943
62.0943
62.0943
62.0943
62.0943
62.0943
62.0943
62.0943
62.0943
62.0943
62.0943
62.0943
62.0943
62.0943
62.0943
62.0943
62.0943
62.0943
62.0943
62.0943
62.0943
62.0943
62.0943
62.0943
62.0943
62.0943
62.0943
62.0943
62.0943
62.0943
62.0943
62.0943
62.0943
62.0943
62.0943
62.0943
62.0943
62.0943
62.0943
62.0943
62.0943
62.0943
62.0943
62.0943
62.0943
62.0943
62.0943
62.0943
62.0943
62.0943
62.0943
62.0943
62.0943
62.0943
62.0943
62.0943
62.0943
62.0943
62.0943
62.0943
62.0943
62.0943
62.0943
62.0943
62.0943
62.0943
62.0929
62.0895
62.0812
62.0598
62.0598
62.0598
62.0598
62.0598
62.0598
62.0598
62.0598
62.0598
62.0598
62.0598
62.0598
62.0598
62.0598
62.0598
62.0598
62.0598
62.0598
62.0598
62.0598
62.0598
62.0598
62.0598
62.0598
62.0598
62.0598
62.0598
62.0598
62.0598
62.0598
62.0598
62.0598
62.0598
62.0598
62.0598
62.0598
62.0598
62.0598
62.0598
62.0598
62.0598
62.0598
62.0598
62.0598
62.0598
62.0598
62.0598
62.0598
62.0598
62.0598
62.0598
62.0598
62.0598
62.0598
62.0598
62.0598
62.0598
62.0598
62.0598
62.0598
62.0598
62.0598
62.0598
62.0598
62.0598
62.0598
62.0598
62.0598
62.0598
62.0598
62.0598
62.0598
62.0598
62.0598
62.0598
62.0598
62.0598
62.0598
62.0598
62.0598
62.0598
62.0598
62.0598
62.0598
62.0598
62.0598
62.0598
62.0598
62.0598
62.0598
62.0598
62.0598
62.0598
62.0598
62.0598
62.0598
62.0598
62.0598
62.0598
62.0598
62.0598
62.0598
62.0598
62.0598
62.0598
62.0598
62.0598
62.0598
62.0598
62.0598
62.0598
62.0598
62.0598
62.0598
62.0598
62.0598
62.0598
62.0598
62.0598
62.0598
62.0598
62.0598
62.0598
62.0598
62.0598
62.0598
62.0598
62.0598
62.0598
62.0598
62.0598
62.0598
62.0598
62.0598
62.0598
62.0598
62.0598
62.0598
62.0598
62.0598
62.0598
62.0598
62.0598
62.0598
62.0598
62.0598
62.0598
62.0598
62.0598
62.0598
62.0598
62.0598
62.0598
62.0598
62.0598
62.0598
62.0598
62.0598
62.0598
62.0598
62.0598
62.0598
62.0598
62.0598
62.0598
62.0598
62.0598
62.0598
62.0598
62.0598
62.0598
62.0598
62.0598
62.0598
62.0598
62.0598
62.0598
62.0598
62.0598
62.0598
62.0598
62.0598
62.0598
62.0598
62.0598
62.0598
62.0598
62.0598
62.0598
62.0598
62.0598
62.0598
62.0598
62.0598
62.0598
62.0598
62.0598
62.0598
62.0598
62.0598
62.0598
62.0598
62.0598
62.0598
62.0598
62.0598
62.0598
62.0598
62.0598
62.0598
62.0598
62.0598
62.0598
62.0598
62.0598
62.0598
62.0598
62.0598
62.0598
62.0598
62.0598
62.0598
62.0598
62.0598
62.0598
62.0598
62.0598
62.0598
62.0598
62.0598
62.0598
62.0598
62.0598
62.0598
62.0598
62.0598
62.0598
62.0598
62.0598
62.0598
62.0598
62.0598
62.0598
62.0598
62.0598
62.0598
62.0598
62.0598
62.0598
62.0598
62.0598
62.0598
62.0598
62.0598
62.0598
62.0598
62.0598
62.0598
62.0598
62.0598
62.0598
62.0598
62.0598
62.0598
62.0598
62.0598
62.0598
62.0598
62.0598
62.0598
62.0598
62.0598
62.0598
62.0598
62.0598
62.0598
62.0598
62.0598
62.0598
62.0598
62.0598
62.0598
62.0598
62.0598
62.0598
62.0598
62.0598
62.0598
62.0598
62.0598
62.0598
62.0598
62.0598
62.0598
62.0598
62.0598
62.0598
62.0598
62.0598
62.0598
62.0598
62.0598
62.0598
62.0598
62.0598
62.0598
62.0598
62.0598
62.0598
62.0598
62.0598
62.0598
62.0598
62.0598
62.0598
62.0598
62.0598
62.0598
62.0598
62.0598
62.0598
62.0598
62.0598
62.0598
62.0598
62.0598
62.0598
62.0598
62.0598
62.0598
62.0598
62.0598
62.0598
62.0598
62.0598
62.0598
62.0598
62.0598
62.0598
62.0598
62.0598
62.0598
62.0598
62.0598
62.0598
62.0598
62.0598
62.0598
62.0598
62.0598
62.0598
62.0598
62.0598
62.0598
62.0598
62.0598
62.0598
62.0598
62.0598
62.0598
62.0598
62.0598
62.0598
62.0598
62.0598
62.0598
62.0598
62.0598
62.0598
62.0598
62.0598
62.0598
62.0598
62.0598
62.0598
62.0598
62.0598
62.0598
62.0598
62.0598
62.0598
62.0598
62.0598
62.0598
62.0598
62.0598
62.0598
62.0598
62.0598
62.0598
62.0598
62.0598
62.0598
62.0598
62.0598
62.0598
62.0598
62.0598
62.0598
62.0598
62.0598
62.0598
62.0598
62.0598
62.0598
62.0598
62.0598
62.0598
62.0598
62.0598
62.0598
62.0598
62.0598
62.0598
62.0598
62.0598
62.0598
62.0598
62.0598
62.0598
62.0598
62.0598
62.0598
62.0598
62.0598
62.0598
62.0598
62.0598
62.0598
62.0598
62.0598
62.0598
62.0598
62.0598
62.0598
62.0598
62.0598
62.0598
62.0598
62.0598
62.0598
62.0598
62.0598
62.0598
62.0598
62.0598
62.0598
62.0598
62.0598
62.0598
62.0598
62.0598
62.0598
62.0598
62.0598
62.0598
62.0598
62.0598
62.0598
62.0598
62.0598
62.0598
62.0598
62.0598
62.0598
62.0598
62.0598
62.0598
62.0598
62.0598
62.0598
62.0598
62.0598
62.0598
62.0598
62.0598
62.0598
62.0598
62.0598
62.0598
62.0598
62.0598
62.0598
62.0598
62.0598
62.0598
62.0598
62.0598
62.0598
62.0598
62.0598
62.0598
62.0598
62.0598
62.0598
62.0598
62.0598
62.0598
62.0598
62.0598
62.0598
62.0598
62.0598
62.0598
62.0598
62.0598
62.0598
62.0598
62.0598
62.0598
62.0598
62.0598
62.0598
62.0598
62.0598
62.0598
62.0598
62.0598
62.0598
62.0598
62.0598
62.0598
62.0598
62.0598
62.0598
62.0598
62.0598
62.0598
62.0598
62.0598
62.0598
62.0598
62.0598
62.0598
62.0598
62.0598
62.0598
62.0598
62.0598
62.0598
62.0598
62.0598
62.0598
62.0598
62.0598
62.0598
62.0598
62.0598
62.0598
62.0598
62.0598
62.0598
62.0598
62.0598
62.0598
62.0598
62.0598
62.0598
62.0598
62.0598
62.0598
62.0598
62.0598
62.0598
62.0598
62.0598
62.0598
62.0598
62.0598
62.0598
62.0598
62.0598
62.0598
62.0598
62.0598
62.0598
62.0598
62.0598
62.0598
62.0598
62.0598
62.0598
62.0598
62.0598
62.0598
62.0598
62.0598
62.0598
62.0598
62.0598
62.0598
62.0598
62.0598
62.0598
62.0598
62.0598
62.0598
62.0598
62.0598
62.0598
62.0598
62.0598
62.0598
62.0598
62.0598
62.0598
62.0598
62.0598
62.0598
62.0598
62.0598
62.0598
62.0598
62.0598
62.0598
62.0598
62.0598
62.0598
62.0598
62.0598
62.0598
62.0598
62.0598
62.0598
62.0598
62.0598
62.0598
62.0598
62.0598
62.0598
62.0598
62.0598
62.0598
62.0598
62.0598
62.0598
62.0598
62.0598
62.0598
62.0598
62.0598
62.0598
62.0598
62.0598
62.0598
62.0598
62.0598
62.0598
62.0598
62.0598
62.0598
62.0598
62.0598
62.0598
62.0598
62.0598
62.0598
62.0598
62.0598
62.0598
62.0598
62.0598
62.0598
62.0598
62.0598
62.0598
62.0598
62.0598
62.0598
62.0598
62.0598
62.0598
62.0598
62.0598
62.0598
62.0598
62.0598
62.0598
62.0598
62.0598
62.0598
62.0598
62.0598
62.0598
62.0598
62.0598
62.0598
62.0598
62.0598
62.0598
62.0598
62.0598
62.0598
62.0598
62.0598
62.0598
62.0598
62.0598
62.0598
62.0598
62.0598
62.0598
62.0598
62.0598
62.0598
62.0598
62.0598
62.0598
62.0598
62.0598
62.0598
62.0598
62.0598
62.0598
62.0598
62.0598
62.0598
62.0598
62.0598
62.0598
62.0598
62.0598
62.0598
62.0598
62.0598
62.0598
62.0598
62.0598
62.0598
62.0598
62.0598
62.0598
62.0598
62.0598
62.0598
62.0598
62.0598
62.0598
62.0598
62.0598
62.0598
62.0598
62.0598
62.0598
62.0598
62.0598
62.0598
62.0598
62.0598
62.0598
62.0598
62.0598
62.0598
62.0598
62.0598
62.0598
62.0598
62.0598
62.0598
62.0598
62.0598
62.0598
62.0598
62.0598
62.0598
62.0598
62.0598
62.0598
62.0598
62.0598
62.0598
62.0598
62.0598
62.0598
62.0598
62.0598
62.0598
62.0598
62.0598
62.0598
62.0598
62.0598
62.0598
62.0598
62.0598
62.0598
62.0598
62.0598
62.0598
62.0598
62.0598
62.0598
62.0598
62.0598
62.0598
62.0598
62.0598
62.0598
62.0598
62.0598
62.0598
62.0598
62.0598
62.0598
62.0598
62.0598
62.0598
62.0598
62.0598
62.0598
62.0598
62.0598
62.0598
62.0598
62.0598
62.0598
62.0598
62.0598
62.0598
62.0598
62.0598
62.0598
62.0598
62.0598
62.0598
62.0598
62.0598
62.0598
62.0598
62.0598
62.0598
62.0598
62.0598
62.0598
62.0598
62.0598
62.0598
62.0598
62.0598
62.0598
62.0598
62.0598
62.0598
62.0598
62.0598
62.0598
62.0598
62.0598
62.0598
62.0598
62.0598
62.0598
62.0598
62.0598
62.0598
62.0598
62.0598
62.0598
62.0598
62.0598
62.0598
62.0598
62.0598
62.0598
62.0598
62.0598
62.0598
62.0598
62.0598
62.0598
62.0598
62.0598
62.0598
62.0598
62.0598
62.0598
62.0598
62.0598
62.0598
62.0598
62.0598
62.0598
62.0598
62.0598
62.0598
62.0598
62.0598
62.0598
62.0598
62.0598
62.0598
62.0598
62.0598
62.0598
62.0598
62.0598
62.0598
62.0598
62.0598
62.0598
62.0598
62.0598
62.0598
62.0598
62.0598
62.0598
62.0598
62.0598
62.0598
62.0598
62.0598
62.0598
62.0598
62.0598
62.0598
62.0598
62.0598
62.0598
62.0598
62.0598
62.0598
62.0598
62.0598
62.0598
62.0598
62.0598
62.0598
62.0598
62.0598
62.0598
62.0598
62.0598
62.0598
62.0598
62.0598
62.0598
62.0598
62.0598
62.0598
62.0598
62.0598
62.0598
62.0598
62.0598
62.0598
62.0598
62.0598
62.0598
62.0598
62.0598
62.0598
62.0598
62.0598
62.0598
62.0598
62.0598
62.0598
62.0598
62.0598
62.0598
62.0598
62.0598
62.0598
62.0598
62.0598
62.0598
62.0598
62.0598
62.0598
62.0598
62.0598
62.0598
62.0598
62.0598
62.0598
62.0598
62.0598
62.0598
62.0598
62.0598
62.0598
62.0598
62.0598
62.0598
62.0598
62.0598
62.0598
62.0598
62.0598
62.0598
62.0598
62.0598
62.0598
62.0598
62.0598
62.0598
62.0598
62.0598
62.0598
62.0598
62.0598
62.0598
62.0598
62.0598
62.0598
62.0598
62.0598
62.0598
62.0598
62.0598
62.0598
62.0598
62.0598
62.0598
62.0598
62.0598
62.0598
62.0598
62.0598
62.0598
62.0598
62.0598
62.0598
62.0598
62.0598
62.0598
62.0598
62.0598
62.0598
62.0598
62.0598
62.0598
62.0598
62.0598
62.0598
62.0598
62.0598
62.0598
62.0598
62.0598
62.0598
62.0598
62.0598
62.0598
62.0598
62.0598
62.0598
62.0598
62.0598
62.0598
62.0598
62.0598
62.0598
62.0598
62.0598
62.0598
62.0598
62.0598
62.0598
62.0598
62.0598
62.0598
62.0598
62.0598
62.0598
62.0598
62.0598
62.0598
62.0598
62.0598
62.0598
62.0598
62.0598
62.0598
62.0598
62.0598
62.0598
62.0598
62.0598
62.0598
62.0598
62.0598
62.0598
62.0598
62.0598
62.0598
62.0598
62.0598
62.0598
62.0598
62.0598
62.0598
62.0598
62.0598
62.0598
62.0598
62.0598
62.0598
62.0598
62.0598
62.0598
62.0598
62.0598
62.0598
62.0598
62.0598
62.0598
62.0598
62.0598
62.0598
62.0598
62.0598
62.0598
62.0598
62.0598
62.0598
62.0598
62.0598
62.0598
62.0598
62.0598
62.0598
62.0598
62.0598
62.0598
62.0598
62.0598
62.0598
62.0598
62.0598
62.0598
62.0598
62.0598
62.0598
62.0598
62.0598
62.0598
62.0598
62.0598
62.0598
62.0598
62.0598
62.0598
62.0598
62.0598
62.0598
62.0598
62.0598
62.0598
62.0598
62.0598
62.0598
62.0598
62.0598
62.0598
62.0598
62.0598
62.0598
62.0598
62.0598
62.0598
62.0598
62.0598
62.0598
62.0598
62.0598
62.0598
62.0598
62.0598
62.0598
62.0598
62.0598
62.0598
62.0598
62.0598
62.0598
62.0598
62.0543
62.0433
61.9995
61.8405
61.7856
61.7856
61.7856
61.7856
61.7856
61.7856
61.7856
61.7856
61.7856
61.7856
61.7856
61.7856
61.7856
61.7856
61.7856
61.7856
61.7856
61.7856
61.7856
61.7856
61.7856
61.7856
61.7856
61.7856
61.7856
61.7856
61.7856
61.7856
61.7856
61.7856
61.7856
61.7856
61.7856
61.7856
61.7856
61.7856
61.7856
61.7856
61.7856
61.7856
61.7856
61.7856
61.7856
61.7856
61.7856
61.7856
61.7856
61.7856
61.7856
61.7856
61.7856
61.7856
61.7856
61.7856
61.7856
61.7856
61.7856
61.7856
61.7856
61.7856
61.7856
61.7856
61.7856
61.7856
61.7856
61.7856
61.7856
61.7856
61.7856
61.7856
61.7856
61.7856
61.7856
61.7856
61.7856
61.7856
61.7856
61.7856
61.7856
61.7856
61.7856
61.7856
61.7856
61.7856
61.7856
61.7856
61.7856
61.7856
61.7856
61.7856
61.7856
61.7856
61.7856
61.7856
61.7856
61.7856
61.7856
61.7856
61.7856
61.7856
61.7856
61.7856
61.7856
61.7856
61.7856
61.7856
61.7856
61.7856
61.7856
61.7856
61.7856
61.7856
61.7856
61.7856
61.7856
61.7856
61.7856
61.7856
61.7856
61.7856
61.7856
61.7856
61.7856
61.7856
61.7856
61.7856
61.7856
61.7856
61.7856
61.7856
61.7856
61.7856
61.7856
61.7856
61.7856
61.7856
61.7856
61.7856
61.7856
61.7856
61.7856
61.7856
61.7856
61.7856
61.7856
61.7856
61.7856
61.7856
61.7856
61.7856
61.7856
61.7856
61.7856
61.7856
61.7856
61.7856
61.7856
61.7856
61.7856
61.7856
61.7856
61.7856
61.7856
61.7856
61.7856
61.7856
61.7856
61.7856
61.7856
61.7856
61.7856
61.7856
61.7856
61.7856
61.7856
61.7856
61.7856
61.7856
61.7856
61.7856
61.7856
61.7856
61.7856
61.7856
61.7856
61.7856
61.7856
61.7856
61.7856
61.7856
61.7856
61.7856
61.7856
61.7856
61.7856
61.7856
61.7856
61.7856
61.7856
61.7856
61.7856
61.7856
61.7856
61.7856
61.7856
61.7856
61.7856
61.7856
61.7856
61.7856
61.7856
61.7856
61.7856
61.7856
61.7856
61.7856
61.7856
61.7856
61.7856
61.7856
61.7856
61.7856
61.7856
61.7856
61.7856
61.7856
61.7856
61.7856
61.7856
61.7856
61.7856
61.7856
61.7856
61.7856
61.7856
61.7856
61.7856
61.7856
61.7856
61.7856
61.7856
61.7856
61.7856
61.7856
61.7856
61.7856
61.7856
61.7856
61.7856
61.7856
61.7856
61.7856
61.7856
61.7856
61.7856
61.7856
61.7856
61.7856
61.7856
61.7856
61.7856
61.7856
61.7856
61.7856
61.7856
61.7856
61.7856
61.7856
61.7856
61.7856
61.7856
61.7856
61.7856
61.7856
61.7856
61.7856
61.7856
61.7856
61.7856
61.7856
61.7856
61.7856
61.7856
61.7856
61.7856
61.7856
61.7856
61.7856
61.7856
61.7856
61.7856
61.7856
61.7856
61.7856
61.7856
61.7856
61.7856
61.7856
61.7856
61.7856
61.7856
61.7856
61.7856
61.7856
61.7856
61.7856
61.7856
61.7856
61.7856
61.7856
61.7856
61.7856
61.7856
61.7856
61.7856
61.7856
61.7856
61.7856
61.7856
61.7856
61.7856
61.7856
61.7856
61.7856
61.7856
61.7856
61.7856
61.7856
61.7856
61.7856
61.7856
61.7856
61.7856
61.7856
61.7856
61.7856
61.7856
61.7856
61.7856
61.7856
61.7856
61.7856
61.7856
61.7856
61.7856
61.7856
61.7856
61.7856
61.7856
61.7856
61.7856
61.7856
61.7856
61.7856
61.7856
61.7856
61.7856
61.7856
61.7856
61.7856
61.7856
61.7856
61.7856
61.7856
61.7856
61.7856
61.7856
61.7856
61.7856
61.7856
61.7856
61.7856
61.7856
61.7856
61.7856
61.7856
61.7856
61.7856
61.7856
61.7856
61.7856
61.7856
61.7856
61.7856
61.7856
61.7856
61.7856
61.7856
61.7856
61.7856
61.7856
61.7856
61.7856
61.7856
61.7856
61.7856
61.7856
61.7856
61.7856
61.7856
61.7856
61.7856
61.7856
61.7856
61.7856
61.7856
61.7856
61.7856
61.7856
61.7856
61.7856
61.7856
61.7856
61.7856
61.7856
61.7856
61.7856
61.7856
61.7856
61.7856
61.7856
61.7856
61.7856
61.7856
61.7856
61.7856
61.7856
61.7856
61.7856
61.7856
61.7856
61.7856
61.7856
61.7856
61.7856
61.7856
61.7856
61.7856
61.7856
61.7856
61.7856
61.7856
61.7856
61.7856
61.7856
61.7856
61.7856
61.7856
61.7856
61.7856
61.7856
61.7856
61.7856
61.7856
61.7856
61.7856
61.7856
61.7856
61.7856
61.7856
61.7856
61.7856
61.7856
61.7856
61.7856
61.7856
61.7856
61.7856
61.7856
61.7856
61.7856
61.7856
61.7856
61.7856
61.7856
61.7856
61.7856
61.7856
61.7856
61.7856
61.7856
61.7856
61.7856
61.7856
61.7856
61.7856
61.7856
61.7856
61.7856
61.7856
61.7856
61.7856
61.7856
61.7856
61.7856
61.7856
61.7856
61.7856
61.7856
61.7856
61.7856
61.7856
61.7856
61.7856
61.7856
61.7856
61.7856
61.7856
61.7856
61.7856
61.7856
61.7856
61.7856
61.7856
61.7856
61.7856
61.7856
61.7856
61.7856
61.7856
61.7856
61.7856
61.7856
61.7856
61.7856
61.7856
61.7856
61.7856
61.7856
61.7856
61.7856
61.7856
61.7856
61.7856
61.7856
61.7856
61.7856
61.7856
61.7856
61.7856
61.7856
61.7856
61.7856
61.7856
61.7856
61.7856
61.7856
61.7856
61.7856
61.7856
61.7856
61.7856
61.7856
61.7856
61.7856
61.7856
61.7856
61.7856
61.7856
61.7856
61.7856
61.7856
61.7856
61.7856
61.7856
61.7856
61.7856
61.7856
61.7856
61.7856
61.7856
61.7856
61.7856
61.7856
61.7856
61.7856
61.7856
61.7856
61.7856
61.7856
61.7856
61.7856
61.7856
61.7856
61.7856
61.7856
61.7856
61.7856
61.7856
61.7856
61.7856
61.7856
61.7856
61.7856
61.7856
61.7856
61.7856
61.7856
61.7856
61.7856
61.7856
61.7856
61.7856
61.7856
61.7856
61.7856
61.7856
61.7856
61.7856
61.7856
61.7856
61.7856
61.7856
61.7856
61.7856
61.7856
61.7856
61.7856
61.7856
61.7856
61.7856
61.7856
61.7856
61.7856
61.7856
61.7856
61.7856
61.7856
61.7856
61.7856
61.7856
61.7856
61.7856
61.7856
61.7856
61.7856
61.7856
61.7856
61.7856
61.7856
61.7856
61.7856
61.7856
61.7856
61.7856
61.7856
61.7856
61.7856
61.7856
61.7856
61.7856
61.7856
61.7856
61.7856
61.7856
61.7856
61.7856
61.7856
61.7856
61.7856
61.7856
61.7856
61.7856
61.7856
61.7856
61.7856
61.7856
61.7856
61.7856
61.7856
61.7856
61.7856
61.7856
61.7856
61.7856
61.7856
61.7856
61.7856
61.7856
61.7856
61.7856
61.7856
61.7856
61.7856
61.7856
61.7856
61.7856
61.7856
61.7856
61.7856
61.7856
61.7856
61.7856
61.7856
61.7856
61.7856
61.7856
61.7856
61.7856
61.7856
61.7856
61.7856
61.7856
61.7856
61.7856
61.7856
61.7856
61.7856
61.7856
61.7856
61.7856
61.7856
61.7856
61.7856
61.7856
61.7856
61.7856
61.7856
61.7856
61.7856
61.7856
61.7856
61.7856
61.7856
61.7856
61.7856
61.7856
61.7856
61.7856
61.7856
61.7856
61.7856
61.7856
61.7856
61.7856
61.7856
61.7856
61.7856
61.7856
61.7856
61.7856
61.7856
61.7856
61.7856
61.7856
61.7856
61.7856
61.7856
61.7856
61.7856
61.7856
61.7856
61.7856
61.7856
61.7856
61.7856
61.7856
61.7856
61.7856
61.7856
61.7856
61.7856
61.7856
61.7856
61.7856
61.7856
61.7856
61.7856
61.7856
61.7856
61.7856
61.7856
61.7856
61.7856
61.7856
61.7856
61.7856
61.7856
61.7856
61.7856
61.7856
61.7856
61.7856
61.7856
61.7856
61.7856
61.7856
61.7856
61.7856
61.7856
61.7856
61.7856
61.7856
61.7856
61.7856
61.7856
61.7856
61.7856
61.7856
61.7856
61.7856
61.7856
61.7856
61.7856
61.7856
61.7856
61.7856
61.7856
61.7856
61.7856
61.7856
61.7856
61.7856
61.7856
61.7856
61.7856
61.7856
61.7856
61.7856
61.7856
61.7856
61.7856
61.7856
61.7856
61.7856
61.7856
61.7856
61.7856
61.7856
61.7856
61.7856
61.7856
61.7856
61.7856
61.7856
61.7856
61.7856
61.7856
61.7856
61.7856
61.7856
61.7856
61.7856
61.7856
61.7856
61.7856
61.7856
61.7856
61.7856
61.7856
61.7856
61.7856
61.7856
61.7856
61.7856
61.7856
61.7856
61.7856
61.7856
61.7856
61.7856
61.7856
61.7856
61.7856
61.7856
61.7856
61.7856
61.7856
61.7856
61.7856
61.7856
61.7856
61.7856
61.7856
61.7856
61.7856
61.7856
61.7856
61.7856
61.7856
61.7856
61.7856
61.7856
61.7856
61.7856
61.7856
61.7856
61.7856
61.7856
61.7856
61.7856
61.7856
61.7856
61.7856
61.7856
61.7856
61.7856
61.7856
61.7856
61.7856
61.7856
61.7856
61.7856
61.7856
61.7856
61.7856
61.7856
61.7856
61.7856
61.7856
61.7856
61.7856
61.7856
61.7856
61.7856
61.7856
61.7856
61.7856
61.7856
61.7856
61.7856
61.7856
61.7856
61.7856
61.7856
61.7856
61.7856
61.7856
61.7856
61.7856
61.7856
61.7856
61.7856
61.7856
61.7856
61.7856
61.7856
61.7856
61.7856
61.7856
61.7856
61.7856
61.7856
61.7856
61.7856
61.7856
61.7856
61.7856
61.7856
61.7856
61.7856
61.7856
61.7856
61.7856
61.7856
61.7856
61.7856
61.7856
61.7856
61.7856
61.7856
61.7856
61.7856
61.7856
61.7856
61.7856
61.7856
61.7856
61.7856
61.7856
61.7856
61.7856
61.7856
61.7856
61.7856
61.7856
61.7856
61.7856
61.7856
61.7856
61.7856
61.7856
61.7856
61.7856
61.7856
61.7856
61.7856
61.7856
61.7856
61.7856
61.7856
61.7856
61.7856
61.7856
61.7856
61.7856
61.7856
61.7856
61.7856
61.7856
61.7856
61.7856
61.7856
61.7856
61.7856
61.7856
61.7856
61.7856
61.7856
61.7856
61.7856
61.7856
61.7856
61.7856
61.7856
61.7856
61.7856
61.7856
61.7856
61.7856
61.7856
61.7856
61.7856
61.7856
61.7856
61.7856
61.7856
61.7856
61.7856
61.7856
61.7856
61.7856
61.7856
61.7856
61.7856
61.7856
61.7856
61.7856
61.7856
61.7856
61.7856
61.7856
61.7856
61.7856
61.7856
61.7856
61.7856
61.7856
61.7856
61.7856
61.7856
61.7856
61.7856
61.7856
61.7856
61.7856
61.7856
61.7856
61.7856
61.7856
61.7856
61.7856
61.7856
61.7856
61.7856
61.7856
61.7856
61.7856
61.7856
61.7856
61.7856
61.7856
61.7856
61.7856
61.7856
61.7856
61.7856
61.7856
61.7856
61.7856
61.7856
61.7856
61.7856
61.7856
61.7856
61.7856
61.7856
61.7856
61.7856
61.7856
61.7856
61.7856
61.7856
61.7856
61.7856
61.7856
61.7856
61.7856
61.7856
61.7856
61.7856
61.7856
61.7856
61.7856
61.7856
61.7856
61.7856
61.7856
61.7856
61.7856
61.7856
61.7856
61.7856
61.7856
61.7856
61.7856
61.7856
61.7856
61.7856
61.7856
61.7856
61.7856
61.7856
61.7856
61.7856
61.7856
61.7856
61.7856
61.7856
61.7856
61.7856
61.7856
61.7856
61.7856
61.7856
61.7856
61.7856
61.7856
61.7856
61.7856
61.7856
61.7856
61.7856
61.7856
61.7856
61.7856
61.7856
61.7856
61.7856
61.7856
61.7856
61.7856
61.7856
61.7856
61.7856
61.7856
61.7856
61.7856
61.7856
61.7856
61.7856
61.7856
61.7856
61.7856
61.7856
61.7856
61.7856
61.7856
61.7856
61.7856
61.7856
61.7856
61.7856
61.7856
61.7856
61.7856
61.7856
61.7856
61.7856
61.7856
61.7856
61.7856
61.7856
61.7856
61.7856
61.7856
61.7856
61.7856
61.7856
61.7856
61.7856
61.7856
61.7856
61.7856
61.7856
61.7856
61.7856
61.7856
61.7856
61.7856
61.7856
61.7856
61.7856
61.7856
61.7856
61.7856
61.7856
61.7856
61.7856
61.7856
61.7856
61.7856
61.7856
61.7856
61.7856
61.7856
61.7856
61.7856
61.7856
61.7856
61.7856
61.7856
61.7856
61.7856
61.7856
61.7856
61.7856
61.7856
61.7856
61.7856
61.7856
61.7856
61.7856
61.7856
61.7856
61.7856
61.7856
61.7856
61.7856
61.7856
61.7856
61.7856
61.7856
61.7856
61.7856
61.7856
61.7856
61.7856
61.7856
61.7856
61.7856
61.7856
61.7856
61.7856
61.7856
61.7856
61.7856
61.7856
61.7856
61.7856
61.7856
61.7856
61.7856
61.7856
61.7856
61.7856
61.7856
61.7856
61.7856
61.7856
61.7856
61.7856
61.7856
61.7856
61.7856
61.7856
61.7856
61.7856
61.7856
61.7856
61.7856
61.7856
61.7856
61.7856
61.7856
61.7856
61.7856
61.7856
61.7856
61.7856
61.7856
61.7856
61.7856
61.7856
61.7856
61.7856
61.7856
61.7856
61.7856
61.7856
61.7856
61.7856
61.7856
61.7856
61.7856
61.7856
61.7856
61.7856
61.7856
61.7856
61.7856
61.7856
61.7856
61.7856
61.7856
61.7856
61.7856
61.7856
61.7856
61.7856
61.7856
61.7856
61.7856
61.7856
61.7856
61.7856
61.7856
61.7856
61.7856
61.7856
61.7856
61.7856
61.7856
61.7856
61.7856
61.7856
61.7856
61.7856
61.7856
61.7856
61.7856
61.7856
61.7856
61.7856
61.7856
61.7856
61.7856
61.7856
61.7856
61.7856
61.7856
61.7856
61.7856
61.7856
61.7856
61.7856
61.7856
61.7856
61.7856
61.7856
61.7856
61.7856
61.7856
61.7856
61.7856
61.7856
61.7856
61.7856
61.7856
61.7856
61.7856
61.7856
61.7856
61.7856
61.7856
61.7856
61.7856
61.7856
61.7856
61.7856
61.7856
61.7856
61.7856
61.7856
61.7856
61.7856
61.7856
61.7856
61.7856
61.7856
61.7856
61.7856
61.7856
61.7856
61.7856
61.7856
61.7856
61.7856
61.7856
61.7856
61.7856
61.7856
61.7856
61.7856
61.7856
61.7856
61.7856
61.7856
61.7856
61.7856
61.7856
61.7856
61.7856
61.7856
61.7856
61.7856
61.7856
61.7856
61.7856
61.7856
61.7856
61.7856
61.7856
61.7856
61.7856
61.7856
61.7856
61.7856
61.7856
61.7856
61.7856
61.7856
61.7856
61.7856
61.7856
61.7856
61.7856
61.7856
61.7856
61.7856
61.7856
61.7856
61.7856
61.7856
61.7856
61.7856
61.7856
61.7856
61.7856
61.7856
61.7856
61.7856
61.7856
61.7856
61.7856
61.7856
61.7856
61.7856
61.7856
61.7856
61.7856
61.7856
61.7856
61.7856
61.7856
61.7856
61.7856
61.7856
61.7856
61.7856
61.7856
61.7856
61.7856
61.7856
61.7856
61.7856
61.7856
61.7856
61.7856
61.7856
61.7856
61.7856
61.7856
61.7856
61.7856
61.7856
61.7856
61.7856
61.7856
61.7856
61.7856
61.7856
61.7856
61.7856
61.7856
61.7856
61.7856
61.7856
61.7856
61.7856
61.7856
61.7856
61.7856
61.7856
61.7856
61.7856
61.7856
61.7856
61.7856
61.7856
61.7856
61.7856
61.7856
61.7856
61.7856
61.7856
61.7856
61.7856
61.7856
61.7856
61.7856
61.7856
61.7856
61.7856
61.7856
61.7856
61.7856
61.7856
61.7856
61.7856
61.7856
61.7856
61.7856
61.7856
61.7856
61.7856
61.7856
61.7856
61.7856
61.7856
61.7856
61.7856
61.7856
61.7856
61.7856
61.7856
61.7856
61.7856
61.7856
61.7856
61.7856
61.7856
61.7856
61.7856
61.7856
61.7856
61.7856
61.7856
61.7856
61.7856
61.7856
61.7856
61.7856
61.7856
61.7856
61.7856
61.7856
61.7856
61.7856
61.7856
61.7856
61.7856
61.7856
61.7856
61.7856
61.7856
61.7856
61.7856
61.7856
61.7856
61.7856
61.7856
61.7856
61.7856
61.7856
61.7856
61.7856
61.7856
61.7856
61.7856
61.7856
61.7856
61.7856
61.7856
61.7856
61.7856
61.7856
61.7856
61.7856
61.7856
61.7856
61.7856
61.7856
61.7856
61.7856
61.7856
61.7856
61.7856
61.7856
61.7856
61.7856
61.7856
61.7856
61.7856
61.7856
61.7856
61.7856
61.7856
61.7856
61.7856
61.7856
61.7856
61.7856
61.7856
61.7856
61.7856
61.7856
61.7856
61.7856
61.7856
61.7856
61.7856
61.7856
61.7856
61.7856
61.7856
61.7856
61.7856
61.7856
61.7856
61.7856
61.7856
61.7856
61.7856
61.7856
61.7856
61.7856
61.7856
61.7856
61.7856
61.7856
61.7856
61.7856
61.7856
61.7856
61.7856
61.7856
61.7856
61.7856
61.7856
61.7856
61.7856
61.7856
61.7856
61.7856
61.7856
61.7856
61.7856
61.7856
61.7856
61.7856
61.7856
61.7856
61.7856
61.7856
61.7856
61.7856
61.7856
61.7856
61.7856
61.7856
61.7856
61.7856
61.7856
61.7856
61.7856
61.7856
61.7856
61.7856
61.7856
61.7856
61.7856
61.7856
61.7856
61.7856
61.7856
61.7856
61.7856
61.7856
61.7856
61.7856
61.7856
61.7856
61.7856
61.7856
61.7856
61.7856
61.7856
61.7856
61.7856
61.7856
61.7856
61.7856
61.7856
61.7856
61.7856
61.7856
61.7856
61.7856
61.7856
61.7856
61.7856
61.7856
61.7856
61.7856
61.7856
61.7856
61.7856
61.7856
61.7856
61.7856
61.7856
61.7856
61.7856
61.7856
61.7856
61.7856
61.7856
61.7856
61.7856
61.7856
61.7856
61.7856
61.7856
61.7856
61.7856
61.7856
61.7856
61.7856
61.7856
61.7856
61.7856
61.7856
61.7856
61.7856
61.7856
61.7856
61.7856
61.7856
61.7856
61.7856
61.7856
61.7856
61.7856
61.7856
61.7856
61.7856
61.7856
61.7856
61.7856
61.7856
61.7856
61.7856
61.7856
61.7856
61.7856
61.7856
61.7856
61.7856
61.7856
61.7856
61.7856
61.7856
61.7856
61.7856
61.7856
61.7856
61.7856
61.7856
61.7856
61.7856
61.7856
61.7856
61.7856
61.7856
61.7856
61.7856
61.7856
61.7856
61.7856
61.7856
61.7856
61.7856
61.7856
61.7856
61.7856
61.7856
61.7856
61.7856
61.7856
61.7856
61.7856
61.7856
61.7856
61.7856
61.7856
61.7856
61.7856
61.7856
61.7856
61.7856
61.7856
61.7856
61.7856
61.7856
61.7856
61.7856
61.7856
61.7856
61.7856
61.7856
61.7856
61.7856
61.7856
61.7856
61.7856
61.7856
61.7856
61.7856
61.7856
61.7856
61.7856
61.7856
61.7856
61.7856
61.7856
61.7856
61.7856
61.7856
61.7856
61.7856
61.7856
61.7856
61.7856
61.7856
61.7856
61.7856
61.7856
61.7856
61.7856
61.7856
61.7856
61.7856
61.7856
61.7856
61.7856
61.7856
61.7856
61.7856
61.7856
61.7856
61.7856
61.7856
61.7856
61.7856
61.7856
61.7856
61.7856
61.7856
61.7856
61.7856
61.7856
61.7856
61.7856
61.7856
61.7856
61.7856
61.7856
61.7856
61.7856
61.7856
61.7856
61.7856
61.7856
61.7856
61.7856
61.7856
61.7856
61.7856
61.7856
61.7856
61.7856
61.7856
61.7856
61.7856
61.7856
61.7856
61.7856
61.7856
61.7856
61.7856
61.7856
61.7856
61.7856
61.7856
61.7856
61.7856
61.7856
61.7856
61.7856
61.7856
61.7856
61.7856
61.7856
61.7856
61.7856
61.7856
61.7856
61.7856
61.7856
61.7856
61.7856
61.7856
61.7856
61.7856
61.7856
61.7856
61.7856
61.7856
61.7856
61.7856
61.7856
61.7856
61.7856
61.7856
61.7856
61.7856
61.7856
61.7856
61.7856
61.7856
61.7856
61.7856
61.7856
61.7856
62.3723
61.7856
61.7856
61.7856
61.7856
61.7856
61.7856
61.7856
61.7856
61.7856
61.7856
61.7856
61.7856
61.7856
61.7856
61.7856
61.7856
61.7856
61.7856
61.7856
61.7856
61.7856
61.7856
61.7856
61.7856
61.7856
61.7856
61.7856
61.7856
61.7856
61.7856
61.7856
61.7856
61.7856
61.7856
61.7856
61.7856
61.7856
61.7856
61.7856
61.7856
61.7856
61.7856
61.7856
61.7856
61.7856
61.7856
61.7856
61.7856
61.7856
61.7856
61.7856
61.7856
61.7856
61.7856
61.7856
61.7856
61.7856
61.7856
61.7856
61.7856
61.7856
61.7856
61.7856
61.7856
61.7856
61.7856
61.7856
61.7856
61.7856
61.7856
61.7856
61.7856
61.7856
61.7856
61.7856
61.7856
61.7856
61.7856
61.7856
61.7856
61.7856
61.7856
61.7856
61.7856
61.7856
61.7856
61.7856
61.7856
61.7856
61.7856
61.7856
61.7856
61.7856
61.7856
61.7856
61.7856
61.7856
61.7856
61.7856
61.7856
61.7856
61.7856
61.7856
61.7856
61.7856
61.7856
61.7856
61.7856
61.7856
61.7856
61.7856
61.7856
61.7856
61.7856
61.7856
61.7856
61.7856
61.7856
61.7856
61.7856
61.7856
61.7856
61.7856
61.7856
61.7856
61.7856
61.7856
61.7856
61.7856
61.7856
61.7856
61.7856
61.7856
61.7856
61.7856
61.7856
61.7856
61.7856
61.7856
61.7856
61.7856
61.7856
61.7856
61.7856
61.7856
61.7856
61.7856
61.7856
61.7856
61.7856
61.7856
61.7856
61.7856
61.7856
61.7856
61.7856
61.7856
61.7856
61.7856
61.7856
61.7856
61.7856
61.7856
61.7856
61.7856
61.7856
61.7856
61.7856
61.7856
61.7856
61.7856
61.7856
61.7856
61.7856
61.7856
61.7856
61.7856
61.7856
61.7856
61.7856
61.7856
61.7856
61.7856
61.7856
61.7856
61.7856
61.7856
61.7856
61.7856
61.7856
61.7856
61.7856
61.7856
61.7856
61.7856
61.7856
61.7856
61.7856
61.7856
61.7856
61.7856
61.7856
61.7856
61.7856
61.7856
61.7856
61.7856
61.7856
61.7856
61.7856
61.7856
61.7856
61.7856
61.7856
61.7856
61.7856
61.7856
61.7856
61.7856
61.7856
61.7856
61.7856
61.7856
61.7856
61.7856
61.7856
61.7856
61.7856
61.7856
61.7856
61.7856
61.7856
61.7856
61.7856
61.7856
61.7856
61.7856
61.7856
61.7856
61.7856
61.7856
61.7856
61.7856
61.7856
61.7856
61.7856
61.7856
61.7856
61.7856
61.7856
61.7856
61.7856
61.7856
61.7856
61.7856
61.7856
61.7856
61.7856
61.7856
61.7856
61.7856
61.7856
61.7856
61.7856
61.7856
61.7856
61.7856
61.7856
61.7856
61.7856
61.7856
61.7856
61.7856
61.7856
61.7856
61.7856
61.7856
61.7856
61.7856
61.7856
61.7856
61.7856
61.7856
61.7856
61.7856
61.7856
61.7856
61.7856
61.7856
61.7856
61.7856
61.7856
61.7856
61.7856
61.7856
61.7856
61.7856
61.7856
61.7856
61.7856
61.7856
61.7856
61.7856
61.7856
61.7856
61.7856
61.7856
61.7856
61.7856
61.7856
61.7856
61.7856
61.7856
61.7856
61.7856
61.7856
61.7856
61.7856
61.7856
61.7856
61.7856
61.7856
61.7856
61.7856
61.7856
61.7856
61.7856
61.7856
61.7856
61.7856
61.7856
61.7856
61.7856
61.7856
61.7856
61.7856
61.7856
61.7856
61.7856
61.7856
61.7856
61.7856
61.7856
61.7856
61.7856
61.7856
61.7856
61.7856
61.7856
61.7856
61.7856
61.7856
61.7856
61.7856
61.7856
61.7856
61.7856
61.7856
61.7856
61.7856
61.7856
61.7856
61.7856
61.7856
61.7856
61.7856
61.7856
61.7856
61.7856
61.7856
61.7856
61.7856
61.7856
61.7856
61.7856
61.7856
61.7856
61.7856
61.7856
61.7856
61.7856
61.7856
61.7856
61.7856
61.7856
61.7856
61.7856
61.7856
61.7856
61.7856
61.7856
61.7856
61.7856
61.7856
61.7856
61.7856
61.7856
61.7856
61.7856
61.7856
61.7856
61.7856
61.7856
61.7856
61.7856
61.7856
61.7856
61.7856
61.7856
61.7856
61.7856
61.7856
61.7856
61.7856
61.7856
61.7856
61.7856
61.7856
61.7856
61.7856
61.7856
61.7856
61.7856
61.7856
61.7856
61.7856
61.7856
61.7856
61.7856
61.7856
61.7856
61.7856
61.7856
61.7856
61.7856
61.7856
61.7856
61.7856
61.7856
61.7856
61.7856
61.7856
61.7856
61.7856
61.7856
61.7856
61.7856
61.7856
61.7856
61.7856
61.7856
61.7856
61.7856
61.7856
61.7856
61.7856
61.7856
61.7856
61.7856
61.7856
61.7856
61.7856
61.7856
61.7856
61.7856
61.7856
61.7856
61.7856
61.7856
61.7856
61.7856
61.7856
61.7856
61.7856
61.7856
61.7856
61.7856
61.7856
61.7856
61.7856
61.7856
61.7856
61.7856
61.7856
61.7856
61.7856
61.7856
61.7856
61.7856
61.7856
61.7856
61.7856
61.7856
61.7856
61.7856
61.7856
61.7856
61.7856
61.7856
61.7856
61.7856
61.7856
61.7856
61.7856
61.7856
61.7856
61.7856
61.7856
61.7856
61.7856
61.7856
61.7856
61.7856
61.7856
61.7856
61.7856
61.7856
61.7856
61.7856
61.7856
61.7856
61.7856
61.7856
61.7856
61.7856
61.7856
61.7856
61.7856
61.7856
61.7856
61.7856
61.7856
61.7856
61.7856
61.8328
61.7856
61.7856
61.7856
61.7856
61.7856
61.7856
61.7856
61.7856
61.7856
61.7856
61.7856
61.7856
61.7856
61.7856
61.7856
61.7856
61.7856
61.7856
61.7856
61.7856
61.7856
61.7856
61.7856
61.7856
61.7856
61.7856
61.7856
61.7856
61.7856
61.7856
61.7856
61.7856
61.7856
61.7856
61.7856
61.7856
61.7856
61.7856
61.7856
61.7856
61.7856
61.7856
61.7856
61.7856
61.7856
61.7856
61.7856
61.7856
61.7856
61.7856
61.7856
61.7856
61.7856
61.7856
61.7856
61.7856
61.7856
61.7856
61.7856
61.7856
61.7856
61.7856
61.7856
61.7856
61.7856
61.7856
61.7856
61.7856
61.7856
61.7856
61.7856
61.7856
61.7856
61.7856
61.7856
61.7856
61.7856
61.7856
61.7856
61.7856
61.7856
61.7856
61.7856
61.7856
61.7856
61.7856
61.7856
61.7856
61.7856
61.7856
61.7856
61.7856
61.7856
61.7856
61.7856
61.7856
61.7856
61.7856
61.7856
61.7856
61.7856
61.7856
61.7856
61.7856
61.7856
61.7856
61.7856
61.7856
61.7856
61.7856
61.7856
61.7856
61.7856
61.7856
61.7856
61.7856
61.7856
61.7856
61.7856
61.7856
61.7856
61.7856
61.7856
61.7856
61.7856
61.7856
61.7856
61.7856
61.7856
61.7856
61.7856
61.7856
61.7856
61.7856
61.7856
61.7856
61.7856
61.7856
61.7856
61.7856
61.7856
61.7856
61.7856
61.7856
61.7856
61.7856
61.7856
61.7856
61.7856
61.7856
61.7856
61.7856
61.7856
61.7856
61.7856
61.7856
61.7856
61.7856
61.7856
61.7856
61.7856
61.7856
61.7856
61.7856
61.7856
61.7856
61.7856
61.7856
61.7856
61.7856
61.7856
61.7856
61.7856
61.7856
61.7856
61.7856
61.7856
61.7856
61.7856
61.7856
61.7856
61.7856
61.7856
61.7856
61.7856
61.7856
61.7856
61.7856
61.7856
61.7856
61.7856
61.7856
61.7856
61.7856
61.7856
61.7856
61.7856
61.7856
61.7856
61.7856
61.7856
61.7856
61.7856
61.7856
61.7856
61.7856
61.7856
61.7856
61.7856
61.7856
61.7856
61.7856
61.7856
61.7856
61.7856
61.7856
61.7856
61.7856
61.7856
61.7856
61.7856
61.7856
61.7856
61.7856
61.7856
61.7856
61.7856
61.7856
61.7856
61.7856
61.7856
61.7856
61.7856
61.7856
61.7856
61.7856
61.7856
61.7856
61.7856
61.7856
61.7856
61.7856
61.7856
61.7856
61.7856
61.7856
61.7856
61.7856
61.7856
61.7856
61.7856
61.7856
61.7856
61.7856
61.7856
61.7856
61.7856
61.7856
61.7856
61.7856
61.7856
61.7856
61.7856
61.7856
61.7856
61.7856
61.7856
61.7856
61.7856
61.7856
61.7856
61.7856
61.7856
61.7856
61.7856
61.7856
61.7856
61.7856
61.7856
61.7856
61.7856
61.7856
61.7856
61.7856
61.7856
61.7856
61.7856
61.7856
61.7856
61.7856
61.7856
61.7856
61.7856
61.7856
61.7856
