# best half averages
2591.67
2401.52
2302.94
2204.27
2116.41
2001.22
1935.66
1891.23
1852.8
1785.17
1729.71
1678.58
1627.68
1597.74
1565.65
1504.66
1445.38
1399.49
1342.92
1301.73
1282.1
1260.22
1235.05
1198.71
1178.6
1153.42
1131.66
1102.35
1086.09
1061.69
1044.02
1024.13
1007.51
989.507
950.5
929.169
917.773
893.42
864.876
842.301
826.618
818.046
807.137
780.314
755.312
750.648
737.602
729.563
716.801
703.931
691.187
682.262
676.458
669.497
669.037
666.687
664.235
659.321
651.452
644.863
628.592
620.741
614.161
616.787
605.552
596.862
592.999
565.939
562.592
560.37
554.21
545.499
532.013
531.217
527.4
520.894
512.688
510.812
504.432
498.234
494.063
488.215
464.236
450.641
449.287
444.036
437.037
432.025
428.42
428.046
422.166
401.302
391.829
388.472
387.203
385.094
383.742
384.3
386.286
373.144
371.345
364.669
356.26
349.634
349.755
348.372
348.002
346.897
346.897
346.864
344.295
349.071
346.316
339.091
321.21
318.174
316.739
312.744
308.112
301.108
299.799
295.841
286.489
277.631
277.409
277.256
276.907
275.821
273.948
271.588
272.042
265.913
265.251
264.03
263.832
263.831
263.824
263.752
263.64
263.084
261.1
258.365
257.274
254.826
243.429
243.218
242.85
240.579
239.996
239.919
239.011
237.945
236.35
235.646
233.299
231.767
231.532
230.801
230.104
229.104
228.688
232.135
231.745
227.009
226.628
226.628
226.628
226.628
226.628
226.574
226.267
224.977
221.351
221.399
234.518
221.845
221.36
220.242
213.149
211.352
210.597
209.029
207.6
207.414
208.149
205.936
206.027
205.899
206.862
204.696
204.832
202.762
199.064
198.252
196.737
194.539
193.277
190.155
190.151
190.107
189.842
189.63
189.087
187.187
187.144
186.681
184.756
187.481
185.529
183.257
183.147
182.618
181.226
181.072
179.41
173.958
173.567
173.104
171.136
167.895
167.895
167.887
167.87
168.283
167.848
167.777
167.315
167.133
166.933
166.65
166.65
166.606
166.59
166.381
165.153
164.317
165.717
159.771
154.08
152.291
152.291
152.24
152.009
151.06
149.711
149.799
149.764
149.725
149.725
149.717
149.681
149.444
148.868
148.352
148.352
148.352
148.32
148.279
148.175
147.474
146.603
147.765
146.906
144.611
143.009
141.861
141.843
141.879
141.866
141.866
141.823
141.333
139.828
138.315
137.986
137.806
137.14
137.131
137.057
136.902
136.104
134.498
133.36
132.235
130.908
128.412
127.561
127.332
126.472
126.185
126.167
126.13
125.964
125.301
125.265
125.265
125.265
125.265
125.265
125.265
125.265
125.265
125.265
125.265
125.265
125.265
125.265
125.252
125.252
125.265
125.119
124.739
123.514
121.736
121.189
120.201
120.19
120.145
119.96
119.812
119.13
118.213
117.738
117.586
117.292
116.524
116.524
116.537
116.537
116.537
116.537
116.537
116.508
116.414
115.999
114.976
114.695
114.653
114.542
114.359
114.359
114.359
114.359
114.359
114.346
114.333
114.359
114.359
114.359
114.359
114.359
114.359
114.359
114.359
114.359
116.579
114.359
114.359
114.359
114.359
114.327
114.265
113.954
112.802
112.802
112.802
112.802
112.802
112.802
112.802
112.484
112.166
111.53
108.392
104.851
104.787
104.608
104.211
104.211
104.19
104.044
103.619
102.54
101.925
100.93
100.92
100.93
100.93
100.93
100.93
100.93
100.93
100.93
100.93
100.93
100.823
100.708
100.524
99.7406
99.6074
98.9605
98.2136
98.2136
98.2064
98.1991
98.1485
97.9677
97.837
97.7771
97.4314
97.0707
96.9264
96.702
96.292
96.2328
96.0241
95.7767
95.5939
95.4111
95.4111
95.4111
95.4111
95.4111
95.4111
95.4111
95.4111
95.4111
95.4111
95.4111
95.4111
95.396
95.4111
95.4111
95.4111
95.4111
95.3898
95.3819
95.2357
94.9379
94.4735
93.0702
92.1473
92.1276
92.0588
91.8222
91.8222
91.8191
91.7717
91.6428
91.4619
90.7051
90.2687
90.1792
90.1792
90.1792
90.1792
90.1792
90.1792
90.1792
90.1792
90.1792
90.1792
90.1792
90.1792
90.1792
90.15
90.1574
90.1792
90.1792
90.1689
90.1482
90.0552
89.6935
89.6625
89.6625
89.6625
89.6625
89.6625
89.6625
89.6625
89.6625
89.6625
89.6625
89.6625
89.6625
89.6625
89.6625
89.6625
89.6118
89.6118
89.4063
89.2067
88.3262
87.1307
87.1307
87.078
87.0062
87.2052
86.2521
86.2521
86.2521
86.2521
86.2521
86.2521
86.2521
86.2158
86.1309
85.8156
85.6459
85.6459
85.6459
85.6459
85.6408
85.6255
85.5607
85.3914
85.3914
85.3914
85.3914
85.3914
85.2758
85.1273
84.7146
84.566
84.5296
84.4932
84.2746
83.6552
82.7422
82.738
82.7208
82.678
82.6372
82.6372
82.6372
82.6372
82.6372
82.6372
82.6372
82.6372
82.6372
82.6372
82.6372
82.6372
82.6372
82.6372
82.6372
82.6161
82.6161
82.5525
82.2268
81.5457
81.481
81.2759
80.7358
80.5884
80.1498
79.9875
79.5728
79.4754
79.4754
79.4754
79.4754
79.4754
79.4754
79.4754
79.4754
79.4754
79.4754
79.4754
79.4754
79.4616
79.4065
79.1862
78.7736
78.6948
78.4322
78.1302
78.1302
78.1302
78.1302
78.1302
78.1302
78.1302
78.1302
78.1302
78.1302
78.1302
78.1302
78.1302
78.1302
78.1302
78.1302
78.1302
78.1302
78.1302
78.1302
78.1302
78.1302
78.1302
78.0344
77.5685
77.0341
76.7862
76.6719
76.6719
76.6719
76.6719
76.6719
76.6719
76.6663
76.6663
76.6496
76.6133
76.5323
76.5323
76.5323
76.5323
76.5323
76.5323
76.5098
76.4792
76.3787
76.251
76.251
76.2181
76.2017
76.1417
75.8324
75.7439
75.576
75.2993
75.2828
75.217
75.0525
74.8962
74.8962
74.8962
74.8962
74.8962
74.8962
74.8962
74.8962
74.8962
74.8942
74.8259
74.6843
74.2165
73.8525
73.375
73.375
73.375
73.375
73.375
73.375
73.375
73.375
73.375
73.375
73.375
73.3729
73.3648
73.3362
73.2731
73.2731
73.2637
73.217
73.1235
72.8056
72.8056
72.8056
72.8056
72.8056
72.8056
72.8056
72.8056
72.8056
72.8056
72.8056
72.8056
72.8056
72.8056
72.8056
72.8056
72.8056
73.5524
72.8056
72.8056
72.8056
72.8056
72.8056
72.8056
72.8056
72.8056
72.8056
72.8056
72.8056
72.8056
72.8056
72.8056
72.8056
72.8056
72.8056
72.8056
72.8056
72.8056
72.8056
72.8056
72.8056
72.8056
72.8056
72.8056
72.8056
72.8056
72.8056
72.8056
72.8037
72.8017
72.8017
72.7821
72.7624
72.7074
72.7074
72.7074
72.7074
72.7074
72.7074
72.7074
72.7074
72.7074
72.7074
72.7074
72.7074
72.7074
72.7074
72.7074
72.7074
72.7074
72.7074
72.7074
72.7074
72.7074
72.7074
72.7074
72.7074
72.7074
72.7074
72.7074
72.7074
72.7074
72.7074
72.7074
72.7074
72.7074
72.7074
72.7057
72.7016
72.7581
72.6851
72.6851
72.6851
72.6851
72.6851
72.6851
72.6851
73.7797
72.6851
72.6851
72.6851
72.6851
72.6851
72.6851
72.6851
72.6851
72.6851
72.6851
72.6851
72.6851
72.6851
72.6851
72.6851
72.6851
72.6851
72.6851
72.6851
72.6851
72.6851
72.6851
72.6851
72.6851
72.6818
72.6785
72.6785
72.6719
72.6752
72.6555
74.9468
72.5209
72.5209
72.5209
72.5209
72.5209
72.5209
72.5209
72.5209
72.5209
72.5209
72.5209
72.5209
72.5209
72.5209
72.5209
72.5209
72.5209
72.5209
72.5182
76.4606
72.5182
72.5384
74.3647
72.5198
72.5198
72.5188
76.5963
75.009
73.4497
79.5775
88.7527
73.4453
73.4857
72.5119
72.4902
72.4635
72.4419
72.4025
72.3138
72.3007
72.3007
72.3007
72.3007
72.3007
72.3007
72.3007
72.3007
72.3007
72.3007
72.3007
72.3007
72.3007
72.2941
72.2677
72.2017
72.0895
71.9707
71.9707
71.9707
71.9707
71.9707
71.9707
71.9707
71.9707
71.9707
71.9707
71.9707
71.9707
71.9707
71.9707
71.9707
71.9707
71.9707
71.9707
71.9707
71.9707
71.9707
71.9707
71.9707
71.9707
71.9707
71.9707
71.9707
71.9707
71.9707
71.9707
71.9707
71.965
71.9418
71.8955
71.7623
71.6813
71.6813
71.6813
71.6813
71.6813
71.6813
71.6813
71.6798
71.6783
71.6679
71.6368
71.6071
71.6071
71.6071
71.6071
71.6071
71.6071
71.6071
71.6071
71.6071
71.6071
71.6071
71.6071
71.6071
71.6071
71.6071
71.6071
71.6071
71.6071
71.6071
71.6071
71.6071
71.6071
71.6071
71.6071
71.6071
71.6071
71.6071
71.6071
71.6071
71.6071
71.6071
71.6071
71.6071
71.6071
71.6071
71.6071
71.6071
71.6071
71.6071
71.6071
71.6071
71.6071
71.6071
71.6071
71.6071
71.6071
71.6071
71.6071
71.6071
71.6071
71.6071
71.6071
71.6071
71.6071
71.6071
71.6071
71.6071
71.6071
71.6071
71.6071
71.6071
71.6071
71.6071
71.6071
71.6071
71.6071
71.5951
71.5709
71.4887
71.2695
70.9717
70.8927
70.7825
70.6746
70.6438
70.6438
70.6438
70.6438
70.6438
70.6438
70.6438
70.6438
70.6438
70.6438
70.6438
70.6438
70.6438
70.6438
70.6438
70.6427
70.6394
70.625
70.5906
70.5884
70.5884
70.5884
70.5884
70.5884
70.5884
70.5884
70.5884
70.5884
70.5884
70.5884
70.5884
70.5884
70.5884
70.5884
70.5884
70.5884
70.5884
70.5884
70.5884
70.5884
70.5884
70.5884
70.5688
70.5295
70.4379
70.2613
70.2613
70.2524
70.2316
70.1663
70.113
70.113
70.113
70.113
70.113
70.113
70.113
70.113
70.113
70.113
70.113
70.113
70.113
70.113
70.113
70.113
70.113
70.113
70.113
70.113
70.113
70.113
70.113
70.113
70.113
70.113
70.113
70.113
70.113
70.113
70.113
70.113
70.113
70.113
70.113
70.113
70.113
70.113
70.113
70.113
70.113
70.113
70.113
70.113
70.113
70.113
70.113
70.113
70.113
70.113
70.113
70.113
70.113
70.113
70.113
70.113
70.113
70.113
70.113
70.113
70.113
70.113
70.0587
70.0587
69.9864
69.7334
69.2092
69.2092
69.2092
69.2092
69.2092
69.2092
69.2092
69.2092
69.2092
69.2092
69.2092
69.2092
69.2092
69.2092
69.2092
69.2092
69.2062
69.2032
69.2092
69.2092
69.228
69.2092
69.2092
69.2092
69.2092
69.2092
69.2032
69.2062
69.2062
69.2062
69.2032
69.1941
69.182
69.1578
69.079
69.0579
69.0218
69.0308
69.0218
68.9858
68.8956
68.6072
68.6072
68.6072
68.6072
68.6072
68.6072
68.6072
68.6072
68.6072
68.6072
68.6072
68.6072
68.6072
68.6072
68.6072
68.6072
68.6072
68.6072
68.6072
68.6072
68.6072
68.6072
68.6072
68.6072
68.6072
68.6072
68.6072
68.6072
68.6072
68.6072
68.6072
68.6072
68.6072
68.6072
68.6072
68.6072
68.6072
68.6072
68.6072
68.6072
68.6072
68.6072
68.6072
68.6072
68.6072
68.6072
68.6072
68.6072
68.6072
68.6072
68.6072
68.6072
68.6072
68.6072
68.6072
68.6072
68.6072
68.6072
68.6072
68.6072
68.5878
68.5782
68.5054
68.3648
68.3648
68.3648
68.3648
68.3648
68.3648
68.3648
68.3648
68.3648
68.3648
68.3648
68.3648
68.3648
68.3648
68.3648
68.3648
68.3648
68.3648
68.3648
68.3648
68.3648
68.3648
68.3648
68.3648
68.3648
68.3648
68.3648
68.3648
68.3648
68.3648
68.3648
68.3648
68.3648
68.3648
68.3648
68.3648
68.3648
68.3616
68.3518
68.3356
68.2804
68.2026
68.2026
68.2026
68.2026
68.2026
68.2026
68.2026
68.2026
68.2026
68.2026
68.2026
68.2026
68.2026
68.2026
68.2026
68.2026
68.2026
68.2026
68.2026
68.2026
68.2026
68.2026
68.2026
68.2026
68.2026
68.2026
68.2026
68.2026
68.2026
68.2026
68.2026
68.2026
68.2026
68.2026
68.2026
68.2026
68.2026
68.2026
68.2026
68.2026
68.2026
68.2026
68.2026
68.2026
68.2026
68.2026
68.2026
68.2026
68.2026
68.2026
68.2026
68.2026
68.2026
68.2026
68.2026
68.2026
68.2026
68.2026
68.2026
68.2026
68.2026
68.2026
68.2026
68.2026
68.2026
68.2026
68.2026
68.2026
68.2026
68.2026
68.2026
68.2026
68.2026
68.2026
68.2026
68.2026
68.2026
68.2026
68.2026
68.2026
68.2026
68.2026
68.2026
68.2026
68.2026
68.2026
68.2026
68.2026
68.2026
68.2026
68.2026
68.2026
68.2026
68.2026
68.2026
68.2026
68.2026
68.2026
68.2026
68.2026
68.2026
68.2026
68.2026
68.2026
68.2026
68.2026
68.2026
68.2026
68.2026
68.2026
68.2026
68.2026
68.2026
68.2026
68.2026
68.2026
68.2026
68.2026
68.2026
68.2026
68.2026
68.2026
68.2026
68.2026
68.2026
68.2026
68.2026
68.2026
68.2026
68.2026
68.2026
68.2026
68.2026
68.2026
68.2026
68.2026
68.1997
68.1997
68.1881
68.1619
68.0749
68.0575
68.0575
68.0575
68.0575
68.0575
68.0575
68.0575
68.0575
68.0575
68.0575
68.0575
68.0575
68.0575
68.0575
68.0575
68.0575
68.0575
68.0575
68.0575
68.0575
68.0575
68.0575
68.0575
68.0575
68.0575
68.0575
68.0575
68.0575
68.0575
68.0575
68.0575
68.0575
68.0575
68.0575
68.0575
68.0575
68.0575
68.0575
68.0575
68.0575
68.0575
68.0575
68.0575
68.0575
68.0575
68.0575
68.0575
68.0575
68.0575
68.0575
68.0575
68.0575
68.0575
68.0575
68.0575
68.0575
68.0575
68.0575
68.0575
68.0575
68.0575
68.0575
68.0575
68.0575
68.0575
68.0575
68.0575
68.0575
68.0575
68.0575
68.0575
68.0575
68.0575
68.0397
67.9507
67.634
67.1675
67.1675
67.1675
67.1675
67.1675
67.1675
67.1675
67.1675
67.1675
67.1675
67.1675
67.1675
67.1675
67.1675
67.1675
67.1675
67.1675
67.1675
67.1675
67.1675
67.1612
67.1488
67.1113
66.9991
66.8556
66.8556
66.8556
66.8556
66.8556
66.8491
66.8362
66.8168
66.7264
66.5325
66.5325
66.5325
66.5325
66.5325
66.5325
66.5325
66.5325
66.5325
66.5325
66.5325
66.5325
66.5325
66.5325
66.5325
66.5325
66.5325
66.5325
66.5325
66.5325
66.5325
66.5167
66.5325
66.5325
66.5325
66.5325
66.5009
66.4693
66.406
66.153
65.7419
65.7419
65.7419
65.7419
65.7419
65.7419
65.7419
65.7419
65.7419
65.7419
65.7419
65.7419
65.7419
65.7419
65.7419
65.7419
65.7419
65.7419
65.7419
65.7419
65.7419
65.7419
65.7419
65.7419
65.7419
65.7419
65.7419
65.7419
65.7419
65.7419
65.7419
65.7419
65.7419
65.7419
65.7419
65.7419
65.7419
65.7419
65.7419
65.7419
65.7419
65.6988
65.6269
65.555
65.4794
65.0229
65.0229
65.0229
65.0229
65.0229
65.0229
65.0229
65.0229
65.0229
65.0229
65.0229
65.0229
65.0229
65.0229
65.0229
65.0229
65.0229
65.0229
65.0229
65.0229
65.0229
65.0229
65.0229
65.0229
65.0229
65.0229
65.0229
65.0229
65.0229
65.0229
65.0229
65.0229
65.0229
65.0229
65.0229
65.0229
65.0229
65.0229
65.0229
65.0229
65.0229
65.0229
65.0229
65.0229
65.0229
65.0229
65.0229
65.0229
65.0229
65.0229
65.0229
65.0229
65.0229
65.0229
65.0229
65.0229
65.0229
65.0229
65.0229
65.0229
65.0213
65.0148
65.0004
64.9489
64.9425
64.9425
64.9425
64.9425
64.9425
64.9425
64.9425
64.9425
64.9425
64.9425
64.9425
64.9425
64.9425
64.9425
64.9425
64.9425
64.9425
64.9425
64.9425
64.9425
64.9425
64.9425
64.9425
64.9425
64.9425
64.9425
64.9425
64.9425
64.9425
64.9425
64.9425
64.9425
64.9425
64.9425
64.9425
64.9425
64.9425
64.9425
64.9425
64.9425
64.9425
64.9425
64.9425
64.9425
64.9425
64.9425
64.9425
64.9425
64.9425
64.9425
64.9425
64.9425
64.9425
64.9425
64.9425
64.9425
64.9425
64.9425
64.9425
64.9425
64.9425
64.9425
64.9425
64.9425
64.9425
64.9425
64.9425
64.9425
64.9425
64.9425
64.9425
64.9425
64.9425
64.9425
64.9425
64.9425
64.9425
64.9425
64.9425
64.9425
64.9425
64.9425
64.9425
64.9425
64.9425
64.9425
64.9425
64.9425
64.9425
64.9425
64.9425
64.9425
64.9425
64.9425
64.9425
64.9425
64.9425
64.9425
64.9425
64.9425
64.9425
64.9425
64.9425
64.9425
64.9425
64.9425
64.9425
64.9425
64.9425
64.9425
64.9425
64.9425
64.9425
64.9425
64.9425
64.9425
64.9425
64.9425
64.9425
64.9425
64.9425
64.9425
64.9425
64.9425
64.9425
64.9425
64.9425
64.9425
64.9425
64.9425
64.9425
64.9425
64.9425
64.9425
64.9425
64.9425
64.9425
64.9425
64.9425
64.9425
64.9425
64.9425
64.9425
64.9425
64.9425
64.9425
64.9425
64.9425
64.9425
64.9425
64.9425
64.9425
64.9425
64.9425
64.9425
64.9425
64.9425
64.9425
64.9425
64.9425
64.9425
64.9425
64.9425
64.9425
64.9425
64.9425
64.9425
64.9425
64.9425
64.9425
64.9425
64.9425
64.9425
64.9425
64.9425
64.9425
64.9425
64.9425
64.9425
64.9425
64.9425
64.9425
64.9425
64.9425
64.9425
64.9425
64.9425
64.9425
64.9425
64.9425
64.9425
64.9425
64.9425
64.9425
64.9425
64.9425
64.9425
64.9425
64.9425
64.9425
64.9425
64.9425
64.9425
64.9425
64.9425
64.9425
64.9425
64.9425
64.9425
64.9425
64.9425
64.9425
64.9425
64.9425
64.9425
64.9425
64.9425
64.9425
64.9425
64.9425
64.9425
64.9425
64.9425
64.9425
64.9425
64.9425
64.9425
64.9425
64.9425
64.9425
64.9425
64.9425
64.9425
64.9425
64.9425
64.9425
64.9425
64.9425
64.9425
64.9425
64.9425
64.9425
64.9425
64.9425
64.9425
64.9425
64.9425
64.9425
64.9425
64.9425
64.9425
64.9425
64.9425
64.9425
64.9425
64.9425
64.9425
64.9425
64.9425
64.9425
64.9425
64.9425
64.9425
64.9425
64.9425
64.9425
64.9425
64.9425
64.9425
64.9425
64.9425
64.9425
64.9425
64.9425
64.9425
64.9425
64.9425
64.9425
64.9425
64.9425
64.9425
64.9425
64.9425
64.9425
64.9425
64.9425
64.9425
64.9425
64.9425
64.9425
64.9425
64.9425
64.9425
64.9425
64.9425
64.9425
64.9425
64.9425
64.9425
64.9425
64.9425
64.9425
64.9425
64.9425
64.9425
64.9425
64.9425
64.9425
64.9353
64.9425
64.9425
64.9425
64.9425
64.9425
64.9425
64.9425
64.9425
64.9425
64.9425
64.9425
64.9425
64.9425
64.9425
64.9425
64.9425
64.9425
64.9425
64.9425
64.9425
64.9425
64.9425
64.9425
64.9425
64.9425
64.9425
64.9425
64.9425
64.9425
64.9425
64.9425
64.9425
64.9425
64.9425
64.9425
64.9425
64.9425
64.9425
64.9425
64.9425
64.9425
64.9425
64.9425
64.9425
64.9425
64.9425
64.9425
64.9425
64.9425
64.9425
64.9425
64.9425
64.9425
64.9425
64.9425
64.9425
64.9425
64.9425
64.9425
64.9425
64.9425
64.9425
64.9425
64.9425
64.9425
64.9425
64.9425
64.9425
64.9425
64.9425
64.9425
64.9425
64.9425
64.9425
64.9425
64.9425
64.9425
64.9425
64.9425
64.9425
64.9425
64.9425
64.9425
64.9425
64.9425
64.9425
64.9425
64.9425
64.9425
64.9425
64.9425
64.9425
64.9425
64.9425
64.9425
64.9425
64.9425
64.9425
64.9425
64.9425
64.9425
64.9425
64.9425
64.9425
64.9425
64.9425
64.9425
64.9425
64.9425
64.9425
64.9425
64.9425
64.9425
64.9425
64.9425
64.9425
64.9425
64.9425
64.9425
64.9425
64.9425
64.9425
64.9425
64.9425
64.9425
64.9425
64.9425
64.9425
64.9425
64.9425
64.9425
64.9425
64.9425
64.9425
64.9425
64.9425
64.9425
64.9425
64.9425
64.9425
64.9425
64.9425
64.9425
64.9425
64.9425
64.9425
64.9425
64.9425
64.9425
64.9425
64.9425
64.9425
64.9425
64.9425
64.9425
64.9425
64.9425
64.9425
64.9425
64.9425
64.9425
64.9425
64.9425
64.9425
64.9425
64.9425
64.9425
64.9425
64.9425
64.9425
64.9425
64.9425
64.9425
64.9425
64.9425
64.9425
64.9425
64.9425
64.9425
64.9425
64.9425
64.9425
64.9425
64.9425
64.9425
64.9425
64.9425
64.9425
64.9425
64.9425
64.9425
64.9425
64.9425
64.9425
64.9425
64.9425
64.9425
64.9425
64.9425
64.9425
64.9425
64.9425
64.9425
64.9425
64.9425
64.9425
64.9425
64.9425
64.9425
64.9425
64.9425
64.9425
64.9425
64.9425
64.9425
64.9425
64.9425
64.9425
64.9425
64.9425
64.9425
64.9425
64.9425
64.9425
64.9425
64.9425
64.9425
64.9425
64.9425
64.9425
64.9425
64.9425
64.9425
64.9425
64.9425
64.9425
64.9425
64.9425
64.9425
64.9425
64.9425
64.9425
64.9425
64.9425
64.9425
64.9425
64.9425
64.9425
64.9425
64.9425
64.9425
64.9425
64.9425
64.9425
64.9425
64.9425
64.9425
64.9425
64.9425
64.9425
64.9425
64.9425
64.9425
64.9425
64.9425
64.9425
64.9425
64.9425
64.9425
64.9425
64.9425
64.9425
64.9425
64.9425
64.9425
64.9425
64.9425
64.9425
64.9425
64.9425
64.9425
64.9425
64.9425
64.9425
64.9425
64.9425
64.9425
64.9425
64.9425
64.9425
64.9425
64.9425
64.9425
64.9425
64.9425
64.9425
64.9425
64.9425
64.9425
64.9425
64.9425
64.9425
64.9425
64.9425
64.9425
64.9425
64.9425
64.9425
64.9425
64.9425
64.9425
64.9425
64.9425
64.9425
64.9425
64.9425
64.9425
64.9425
64.9425
64.9425
64.9425
64.9425
64.9425
64.9425
64.9425
64.9425
64.9425
64.9425
64.9425
64.9425
64.9425
64.9425
64.9425
64.9425
64.9425
64.9425
64.9425
64.9425
64.9425
64.9425
64.9425
64.9425
64.9425
64.9425
64.9425
64.9425
64.9425
64.9425
64.9425
64.9425
64.9425
64.9425
64.9425
64.9425
64.9425
64.9425
64.9425
64.9425
64.9425
64.9425
64.9425
64.9425
64.9425
64.9425
64.9425
64.9425
64.9425
64.9425
64.9425
64.9425
64.9425
64.9425
64.9425
64.9425
64.9425
64.9425
64.9425
64.9425
64.9425
64.9425
64.9425
64.9425
64.9425
64.9425
64.9425
64.9425
64.9425
64.9425
64.9425
64.9425
64.9425
64.9425
64.9425
64.9425
64.9425
64.9425
64.9425
64.9425
64.9425
64.9425
64.9425
64.9425
64.9425
64.9425
64.9425
64.9425
64.9425
64.9425
64.9425
64.9425
64.9425
64.9425
64.9425
64.9425
64.9425
64.9425
64.9425
64.9425
64.9425
64.9425
64.9425
64.9425
64.9425
64.9425
64.9425
64.9425
64.9425
64.9425
64.9425
64.9425
64.9425
64.9425
64.9425
64.9425
64.9425
64.9425
64.9425
64.9425
64.9425
64.9425
64.9425
64.9425
64.9425
64.9425
64.9425
64.9425
64.9425
64.9425
64.9425
64.9425
64.9425
64.9425
64.9425
64.9425
64.9425
64.9425
64.9425
64.9425
64.9425
64.9425
64.9425
64.9425
64.9425
64.9425
64.9425
64.9425
64.9425
64.9425
64.9425
64.9425
64.9425
64.9425
64.9425
64.9425
64.9425
64.9425
64.9425
64.9425
64.9425
64.9425
64.9425
64.9425
64.9425
64.9425
64.9425
64.9425
64.9425
64.9425
64.9425
64.9425
64.9425
64.9425
64.9425
64.9425
64.9425
64.9425
64.9425
64.9425
64.9425
64.9425
64.9425
64.9425
64.9425
64.9425
64.9425
64.9425
64.9425
64.9425
64.9425
64.9425
64.9425
64.9425
64.9425
64.9425
64.9425
64.9425
64.9425
64.9425
64.9425
64.9425
64.9425
64.9425
64.9425
64.9425
64.9425
64.9425
64.9425
64.9425
64.9425
64.9425
64.9425
64.9425
64.9425
64.9425
64.9425
64.9425
64.9425
64.9425
64.9425
64.9425
64.9425
64.9425
64.9425
64.9425
64.9425
64.9425
64.9425
64.9425
64.9425
64.9425
64.9425
64.9425
64.9425
64.9425
64.9425
64.9425
64.9425
64.9425
64.9425
64.9425
64.9425
64.9425
64.9425
64.9425
64.9425
64.9425
64.9425
64.9425
64.9425
64.9425
64.9425
64.9425
64.9425
64.9425
64.9425
64.9425
64.9425
64.9425
64.9425
64.9425
64.9425
64.9425
64.9425
64.9425
64.9425
64.9425
64.9425
64.9425
64.9425
64.9425
64.9425
64.9425
64.9425
64.9425
64.9425
64.9425
64.9425
64.9425
64.9425
64.9425
64.9425
64.9425
64.9425
64.9425
64.9425
64.9425
64.9425
64.9425
64.9425
64.9425
64.9425
64.9425
64.9425
64.9425
64.9425
64.9425
64.9425
64.9425
64.9425
64.9425
64.9425
64.9425
64.9425
64.9425
64.9425
64.9425
64.9425
64.9425
64.9425
64.9425
64.9425
64.9425
64.9425
64.9425
64.9425
64.9425
64.9425
64.9425
64.9425
64.9425
64.9425
64.9425
64.9425
64.9425
64.9425
64.9425
64.9425
64.9425
64.9425
64.9425
64.9425
64.9425
64.9425
64.9425
64.9425
64.9425
64.9425
64.9425
64.9425
64.9425
64.9425
64.9425
64.9425
64.9425
64.9425
64.9425
64.9425
64.9425
64.9425
64.9425
64.9425
64.9425
64.9425
64.9425
64.9425
64.9425
64.9425
64.9425
64.9425
64.9425
64.9425
64.9425
64.9425
64.9425
64.9425
64.9425
64.9425
64.9425
64.9425
64.9425
64.9425
64.9425
64.9425
64.9425
64.9425
64.9425
64.9425
64.9425
64.9425
64.9425
64.9425
64.9425
64.9425
64.9425
64.9425
64.9425
64.9425
64.9425
64.9425
64.9425
64.9425
64.9425
64.9425
64.9425
64.9425
64.9425
64.9425
64.9425
64.9425
64.9425
64.9425
64.9425
64.9425
64.9425
64.9425
64.9425
64.9425
64.9425
64.9425
64.9425
64.9425
64.9425
64.9425
64.9425
64.9425
64.9425
64.9425
64.9425
64.9425
64.9425
64.9425
64.9425
64.9425
64.9425
64.9425
64.9425
64.9425
64.9425
64.9425
64.9425
64.9425
64.9425
64.9425
64.9425
64.9425
64.9425
64.9425
64.9425
64.9425
64.9425
64.9425
64.9425
64.9425
64.9425
64.9425
64.9425
64.9425
64.9425
64.9425
64.9425
64.9425
64.9425
64.9425
64.9425
64.9425
64.9425
64.9425
64.9425
64.9425
64.9425
64.9425
64.9425
64.9425
64.9425
64.9425
64.9425
64.9425
64.9425
64.9425
64.9425
64.9425
64.9425
64.9425
64.9425
64.9425
64.9425
64.9425
64.9425
64.9425
64.9425
64.9425
64.9425
64.9425
64.9425
64.9425
64.9425
64.9425
64.9425
64.9425
64.9425
64.9425
64.9425
64.9425
64.9425
64.9425
64.9425
64.9425
64.9425
64.9425
64.9425
64.9425
64.9425
64.9425
64.9425
64.9425
64.9425
64.9425
64.9425
64.9425
64.9425
64.9425
64.9425
64.9425
64.9425
64.9425
64.9425
64.9425
64.9425
64.9425
64.9425
64.9425
64.9425
64.9425
64.9425
64.9425
64.9425
64.9425
64.9425
64.9425
64.9425
64.9425
64.9425
64.9425
64.9425
64.9425
64.9425
64.9425
64.9425
64.9425
64.9425
64.9425
64.9425
64.9425
64.9425
64.9425
64.9425
64.9425
64.9425
64.9425
64.9425
64.9425
64.9425
64.9425
64.9425
64.9425
64.9425
64.9425
64.9425
64.9425
64.9425
64.9425
64.9425
64.9425
64.9425
64.9425
64.9425
64.9425
64.9425
64.9425
64.9425
64.9425
64.9425
64.9425
64.9425
64.9425
64.9425
64.9425
64.9425
64.9425
64.9425
64.9425
64.9425
64.9425
64.9425
64.9425
64.9425
64.9425
64.9425
64.9425
64.9425
64.9425
64.9425
64.9425
64.9425
64.9425
64.9425
64.9425
64.9425
64.9425
64.9425
64.9425
64.9425
64.9425
64.9425
64.9425
64.9425
64.9425
64.9425
64.9425
64.9425
64.9425
64.9425
64.9425
64.9425
64.9425
64.9425
64.9425
64.9425
64.9425
64.9425
64.9425
64.9425
64.9425
64.9425
64.9425
64.9425
64.9425
64.9425
64.9425
64.9425
64.9425
64.9425
64.9425
64.9425
64.9425
64.9425
64.9425
64.9425
64.9425
64.9425
64.9425
64.9425
64.9425
64.9425
64.9425
64.9425
64.9425
64.9425
64.9425
64.9425
64.9425
64.9425
64.9425
64.9425
64.9425
64.9425
64.9425
64.9425
64.9425
64.9425
64.9425
64.9425
64.9425
64.9425
64.9425
64.9425
64.9425
64.9425
64.9425
64.9425
64.9425
64.9425
64.9425
64.9425
64.9425
64.9425
64.9425
64.9425
64.9425
64.9425
64.9425
64.9425
64.9425
64.9425
64.9425
64.9425
64.9425
64.9425
64.9425
64.9425
64.9425
64.9425
64.9425
64.9425
64.9425
64.9425
64.9425
64.9425
64.9425
64.9425
64.9425
64.9425
64.9425
64.9425
64.9425
64.9425
64.9425
64.9425
64.9425
64.9425
64.9425
64.9425
64.9425
64.9425
64.9425
64.9425
64.9425
64.9425
64.9425
64.9425
64.9425
64.9425
64.9425
64.9425
64.9425
64.9425
64.9425
64.9425
64.9425
64.9425
64.9425
64.9425
64.9425
64.9425
64.9425
64.9425
64.9425
64.9425
64.9425
64.9425
64.9425
64.9425
64.9425
64.9425
64.9425
64.9425
64.9425
64.9425
64.9425
64.9425
64.9425
64.9425
64.9425
64.9425
64.9425
64.9425
64.9425
64.9425
64.9425
64.9425
64.9425
64.9425
64.9425
64.9425
64.9425
64.9425
64.9425
64.9425
64.9425
64.9425
64.9425
64.9425
64.9425
64.9425
64.9425
64.9425
64.9425
64.9425
64.9425
64.9425
64.9425
64.9425
64.9425
64.9425
64.9425
64.9425
64.9425
64.9425
64.9425
64.9425
64.9425
64.9425
64.9425
64.9425
64.9425
64.9425
64.9425
64.9425
64.9425
64.9425
64.9425
64.9425
64.9425
64.9425
64.9425
64.9425
64.9425
64.9425
64.9425
64.9425
64.9425
64.9425
64.9425
64.9425
64.9425
64.9425
64.9425
64.9425
64.9425
64.9425
64.9425
64.9425
64.9425
64.9425
64.9425
64.9425
64.9425
64.9425
64.9425
64.9425
64.9425
64.9425
64.9425
64.9425
64.9425
64.9425
64.9425
64.9425
64.9425
64.9425
64.9425
64.9425
64.9425
64.9425
64.9425
64.9425
64.9425
64.9425
64.9425
64.9425
64.9425
64.9425
64.9425
64.9425
64.9425
64.9425
64.9425
64.9425
64.9425
64.9425
64.9425
64.9425
64.9425
64.9425
64.9425
64.9425
64.9425
64.9425
64.9425
64.9425
64.9425
64.9425
64.9425
64.9425
64.9425
64.9425
64.9425
64.9425
64.9425
64.9425
64.9425
64.9425
64.9425
64.9425
64.9425
64.9425
64.9425
64.9425
64.9425
64.9425
64.9425
64.9425
64.9425
64.9425
64.9425
64.9425
64.9425
64.9425
64.9425
64.9425
64.9425
64.9425
64.9425
64.9425
64.9425
64.9425
64.9425
64.9425
64.9425
64.9425
64.9425
64.9425
64.9425
64.9425
64.9425
64.9425
64.9425
64.9425
64.9425
64.9425
64.9425
64.9425
64.9425
64.9425
64.9425
64.9425
64.9425
64.9425
64.9425
64.9425
64.9425
64.9425
64.9425
64.9425
64.9425
64.9425
64.9425
64.9425
64.9425
64.9425
64.9425
64.9425
64.9425
64.9118
64.8658
64.7355
64.5592
64.5592
64.5592
64.5592
64.5592
64.5592
64.5592
64.5592
64.5592
64.5592
64.5592
64.5592
64.5592
64.5592
64.5592
64.5592
64.5592
64.5592
64.5592
64.5592
64.5592
64.5592
64.5592
64.5592
64.5592
64.5592
64.5592
64.5592
64.5592
64.5592
64.5592
64.5592
64.5592
64.5592
64.5592
64.5592
64.5592
64.5592
64.5592
64.5592
64.5592
64.5592
64.5592
64.5592
64.5592
64.5592
64.5592
64.5592
64.5592
64.5592
64.5592
64.5592
64.5592
64.5592
64.5592
64.5592
64.5592
64.5592
64.5592
64.5592
64.5592
64.5592
64.5592
64.5592
64.5592
64.5592
64.5592
64.5592
64.5592
64.5592
64.5592
64.5592
64.5592
64.5592
64.5592
64.5592
64.5592
64.5592
64.5592
64.5592
64.5592
64.5592
64.5592
64.5592
64.5592
64.5592
64.5592
64.5592
64.5592
64.5592
64.5592
64.5592
64.5592
64.5592
64.5592
64.5592
64.5592
64.5592
64.5592
64.5592
64.5592
64.5592
64.5592
64.5592
64.5592
64.5592
64.5592
64.5592
64.5592
64.5592
64.5592
64.5592
64.5592
64.5592
64.5592
64.5592
64.5592
64.5592
64.5592
64.5592
64.5592
64.5592
64.5592
64.5592
64.5592
64.5592
64.5592
64.5592
64.5592
64.5592
64.5592
64.5592
64.5592
64.5592
64.5592
64.5592
64.5592
64.5592
64.5592
64.5592
64.5592
64.5592
64.5592
64.5592
64.5592
64.5592
64.5592
64.5592
64.5592
64.5592
64.5592
64.5592
64.5592
64.5592
64.5592
64.5592
64.5592
64.5592
64.5592
64.5592
64.5592
64.5592
64.5592
64.5592
64.5592
64.5592
64.5592
64.5592
64.5592
64.5592
64.5592
64.5592
64.5592
64.5592
64.5592
64.5592
64.5592
64.5405
64.539
64.5345
64.4971
64.3775
63.9858
63.6253
63.6253
63.6253
63.6253
63.6253
63.6253
63.6253
63.6253
63.6253
63.6253
63.6253
63.6253
63.6253
63.6253
63.6253
63.6253
63.6253
63.6253
63.6253
63.6253
63.6253
63.6253
63.6253
63.6253
63.6253
63.6253
63.6253
63.6253
63.6253
63.6253
63.6253
63.6253
63.6253
63.6253
63.6253
63.6253
63.6253
63.6253
63.6253
63.6253
63.6253
63.6253
63.6253
63.6253
63.6253
63.6253
63.6253
63.6253
63.6253
63.6253
63.6253
63.6253
63.6253
63.6253
63.6253
63.6253
63.6253
63.6253
63.6253
63.6253
63.6253
63.6253
63.6253
63.6253
63.6253
63.6253
63.6253
63.6253
63.6253
63.6253
63.6253
63.6253
63.6253
63.6253
63.6253
63.6253
63.6253
63.6253
63.6253
63.6253
63.6253
63.6253
63.6253
63.6253
63.6253
63.6253
63.6253
63.6253
63.6253
63.6253
63.6253
63.6253
63.6253
63.6253
63.6253
63.6253
63.6253
63.6253
63.6253
63.6253
63.6253
63.6253
63.6253
63.6253
63.6253
63.6253
63.6253
63.6253
63.6253
63.6253
63.6253
63.6253
63.6253
63.6253
63.6253
63.6253
63.6253
63.6253
63.6253
63.6253
63.6253
63.6253
63.6253
63.6253
63.6253
63.6253
63.6253
63.6253
63.6253
63.6253
63.6253
63.6253
63.6253
63.6253
63.6253
63.6253
63.6253
63.6253
63.6253
63.6253
63.6253
63.6253
63.6253
63.6253
63.6253
63.6253
63.6253
63.6253
63.6253
63.6253
63.6253
63.6253
63.6253
63.6253
63.6253
63.6253
63.6253
63.6253
63.6253
63.6253
63.6253
63.6253
63.6253
63.6253
63.6253
63.6253
63.6253
63.6253
63.6253
63.6253
63.6253
63.6253
63.6253
63.6253
63.6253
63.6253
63.6253
63.6253
63.6253
63.6253
63.6253
63.6253
63.6253
63.6253
63.6253
63.6253
63.6253
63.6253
63.6253
63.6253
63.6253
63.6253
63.6253
63.6253
63.6253
63.6253
63.6253
63.6253
63.6253
63.6253
63.6253
63.6253
63.6253
63.6253
63.6253
63.6253
63.6253
63.6253
63.6253
63.6253
63.6253
63.6253
63.6253
63.6253
63.6253
63.6253
63.6253
63.6253
63.6253
63.6253
63.6253
63.6253
63.6253
63.6253
63.6253
63.6253
63.6253
63.6253
63.6253
63.6253
63.6253
63.6253
63.6253
63.6253
63.6253
63.6253
63.6253
63.6253
63.6253
63.6253
63.6253
63.6253
63.6253
63.6253
63.6253
63.6253
63.6253
63.6253
63.6253
63.6253
63.6253
63.6253
63.6253
63.6253
63.6253
63.6253
63.6253
63.6253
63.6253
63.6253
63.6253
63.6253
63.6253
63.6253
63.6253
63.6253
63.6253
63.6253
63.6253
63.6253
63.6253
63.6253
63.6253
63.6253
63.6253
63.6253
63.6253
63.6253
63.6253
63.6253
63.6253
63.6253
63.6253
63.6253
63.6253
63.6253
63.6253
63.6253
63.6253
63.6253
63.6253
63.6253
63.6253
63.6253
63.6253
63.6253
63.6253
63.6253
63.6253
63.6253
63.6253
63.6253
63.6253
63.6253
63.6253
63.6253
63.6253
63.6253
63.6253
63.6253
63.6253
63.6253
63.6253
63.6253
63.6253
63.6253
63.6253
63.6253
63.6253
63.6253
63.6253
63.6253
63.6253
63.6253
63.6253
63.6253
63.6253
63.6253
63.6253
63.6253
63.6253
63.6253
63.6253
63.6253
63.6253
63.6253
63.6253
63.6253
63.6253
63.6253
63.6253
63.6253
63.6253
63.6253
63.688
63.6253
63.6253
63.6253
63.6253
63.6253
63.6253
63.6253
63.6253
63.6253
63.6253
63.6253
63.6253
63.6253
63.6253
63.6253
63.6253
63.6253
63.6253
63.6253
63.6253
63.6253
63.6253
63.6253
63.6253
63.6253
63.6253
63.6253
63.6253
63.6253
63.6253
63.6253
63.6253
63.6253
63.6253
63.6253
63.6253
63.6253
63.6253
63.6253
63.6253
63.6253
63.6253
63.6253
63.6253
63.6253
63.6253
63.6253
63.6253
63.6253
63.6253
63.6253
63.6253
63.6253
63.6253
63.6253
63.6253
63.6253
63.6253
63.6253
63.6253
63.6253
63.6253
63.6253
63.6253
63.6253
63.6253
63.6253
63.6253
63.6253
63.6253
63.6253
63.6253
63.6253
63.6253
63.6253
63.6253
63.6253
63.6253
63.6253
63.6253
63.6253
63.6253
63.6253
63.6253
63.6253
63.6253
63.6253
63.6253
63.6253
63.6253
63.6253
63.6253
63.6253
63.6253
63.6253
63.6253
63.6253
63.6253
63.6253
63.6253
63.6253
63.6253
63.6253
63.6253
63.6253
63.6253
63.6253
63.6253
63.6253
63.6253
63.6253
63.6253
63.6253
63.6253
63.6253
63.6253
63.6253
63.6253
63.6253
63.6253
63.6253
63.6253
63.6253
63.6253
63.6253
63.6253
63.6253
63.6253
63.6253
63.6253
63.6253
63.6253
63.6253
63.6253
63.6253
63.6253
63.6253
63.6253
63.6253
63.6253
63.6253
63.6253
63.6253
63.6253
63.6253
63.6253
63.6253
63.6253
63.6253
63.6253
63.6253
63.6253
63.6253
63.6253
63.6253
63.6253
63.6253
63.6253
63.6253
63.6253
63.6253
63.6253
63.6253
63.6253
63.6253
63.6253
63.6253
63.6253
63.6253
63.6253
63.6253
63.6253
63.6253
63.6253
63.6253
63.6253
63.6253
63.6253
63.6253
63.6253
63.6253
63.6253
63.6253
63.6253
63.6253
63.6253
63.6253
63.6253
63.6253
63.6253
63.6253
63.6253
63.6253
63.6253
63.6253
63.6253
63.6253
63.6253
63.6253
63.6253
63.6253
63.6253
63.6253
63.6253
63.6253
63.6253
63.6253
63.6253
63.6253
63.6253
63.6253
63.6253
63.6253
63.6253
63.6253
63.6253
63.6253
63.6253
63.6253
63.6253
63.6253
63.6253
63.6253
63.6253
63.6253
63.6253
63.6253
63.6253
63.6253
63.6253
63.6253
63.6253
63.6253
63.6253
63.6253
63.6253
63.6253
63.6253
63.6253
63.6253
63.6253
63.6253
63.6253
63.6253
63.6253
63.6253
63.6253
63.6253
63.6253
63.6253
63.6253
63.6253
63.6253
63.6253
63.6253
63.6253
63.6253
63.6253
63.6253
63.6253
63.6253
63.6253
63.6253
63.6253
63.6253
63.6253
63.6253
63.6253
63.6253
63.6253
63.6253
63.6253
63.6253
63.6253
63.6253
63.6253
63.6253
63.6253
63.6253
63.6253
63.6253
63.6253
63.6253
63.6253
63.6253
63.6253
63.6253
63.6253
63.6253
63.6253
63.6253
63.6253
63.6253
63.6253
63.6253
63.6253
63.6253
63.6253
63.6253
63.6253
63.6253
63.6253
63.6253
63.6253
63.6253
63.6253
63.6253
63.6253
63.6253
63.6253
63.6253
63.6253
63.6253
63.6253
63.6253
63.6253
63.6253
63.6253
63.6253
63.6253
63.6253
63.6253
63.6253
63.6253
63.6253
63.6253
63.6253
63.6253
63.6253
63.6253
63.6253
63.6253
63.6253
63.6253
63.6253
63.6253
63.6253
63.6253
63.6253
63.6253
63.6253
63.6253
63.6253
63.6253
63.6253
63.6253
63.6253
63.6253
63.6253
63.6106
63.5593
63.442
63.442
63.442
63.442
63.442
63.442
63.442
63.442
63.442
63.442
63.442
63.442
63.442
63.442
63.442
63.442
63.442
63.442
63.442
63.442
63.442
63.442
63.442
63.442
63.442
63.442
63.442
63.442
63.442
63.442
63.442
63.442
63.442
63.442
63.442
63.442
63.442
63.442
63.442
63.442
63.442
63.442
63.442
63.442
63.442
63.442
63.442
63.442
63.442
63.442
63.442
63.442
63.442
63.442
63.442
63.442
63.442
63.442
63.442
63.442
63.442
63.442
63.442
63.442
63.442
63.442
63.442
63.442
63.442
63.442
63.442
63.442
63.442
63.442
63.442
63.442
63.442
63.442
63.442
63.442
63.442
63.442
63.442
63.442
63.442
63.442
63.442
63.442
63.442
63.442
63.442
63.442
63.442
63.442
63.442
63.442
63.442
63.442
63.442
63.442
63.442
63.442
63.442
63.442
63.442
63.442
63.442
63.442
63.442
63.442
63.442
63.442
63.442
63.442
63.442
63.442
63.442
63.442
63.442
63.442
63.442
63.442
63.442
63.442
63.442
63.442
63.442
63.442
63.442
63.442
63.442
63.442
63.442
63.442
63.442
63.442
63.442
63.442
63.442
63.442
63.442
63.442
63.442
63.442
63.442
63.442
63.442
63.442
63.442
63.442
63.442
63.442
63.442
63.442
63.442
63.442
63.442
63.442
63.442
63.442
63.442
63.442
63.442
63.442
63.442
63.442
63.442
63.442
63.442
63.442
63.442
63.442
63.442
63.442
63.442
63.442
63.442
63.442
63.442
63.442
63.442
63.442
63.442
63.442
63.442
63.442
63.442
63.442
63.442
63.442
63.442
63.442
63.442
63.442
63.442
63.442
63.442
63.442
63.442
63.442
63.442
63.442
63.442
63.442
63.442
63.442
63.442
63.442
63.442
63.442
63.442
63.442
63.442
63.442
63.442
63.442
63.442
63.442
63.442
63.442
63.442
63.442
63.442
63.442
63.442
63.442
63.442
63.442
63.442
63.442
63.442
63.442
63.442
63.442
63.442
63.442
63.442
63.442
63.442
63.442
63.442
63.442
63.442
63.442
63.442
63.442
63.442
63.442
63.442
63.442
63.442
63.442
63.442
63.442
63.442
63.442
63.442
63.442
63.442
63.442
63.442
63.442
63.442
63.442
63.442
63.442
63.442
63.442
63.442
63.442
63.442
63.442
63.442
63.442
63.442
63.442
63.442
63.442
63.442
63.442
63.442
63.442
63.442
63.442
63.442
63.442
63.442
63.442
63.442
63.442
63.442
63.442
63.442
63.442
63.442
63.442
63.442
63.442
63.442
63.442
63.442
63.442
63.442
63.442
63.442
63.442
63.442
63.442
63.442
63.442
63.442
63.442
63.442
63.442
63.442
63.442
63.442
63.442
63.442
63.442
63.442
63.442
63.442
63.442
63.442
63.442
63.442
63.442
63.442
63.442
63.442
63.442
63.442
63.442
63.442
63.442
63.442
63.442
63.442
63.442
63.442
63.442
63.442
63.442
63.442
63.442
63.442
63.442
63.442
63.442
63.442
63.442
63.442
63.442
63.442
63.442
63.442
63.442
63.442
63.442
63.442
63.442
63.442
63.442
63.442
63.442
63.442
63.442
63.442
63.442
63.442
63.442
63.442
63.442
63.442
63.442
63.442
63.442
63.442
63.442
63.442
63.442
63.442
63.442
63.442
63.442
63.442
63.442
63.442
63.442
63.442
63.442
63.442
63.442
63.442
63.442
63.442
63.442
63.442
63.442
63.442
63.442
63.442
63.442
63.442
63.442
63.442
63.442
63.442
63.442
63.442
63.442
63.442
63.442
63.442
63.442
63.442
63.442
63.442
63.442
63.442
63.442
63.442
63.442
63.442
63.442
63.442
63.442
63.442
63.442
63.442
63.442
63.442
63.442
63.442
63.442
63.442
63.442
63.442
63.442
63.442
63.442
63.442
63.442
63.442
63.442
63.442
63.442
63.442
63.442
63.442
63.442
63.442
63.442
63.442
63.442
63.442
63.442
63.442
63.442
63.442
63.442
63.442
63.442
63.442
63.442
63.442
63.442
63.442
63.442
63.442
63.442
63.442
63.442
63.442
63.442
63.442
63.442
63.442
63.442
63.442
63.442
63.442
63.442
63.442
63.442
63.442
63.442
63.442
63.442
63.442
63.442
63.442
63.442
63.442
63.442
63.442
63.442
63.442
63.442
63.442
63.442
63.442
63.442
63.442
63.442
63.442
63.442
63.442
63.442
63.442
63.442
63.442
63.442
63.442
63.442
63.442
63.442
63.442
63.442
63.442
63.442
63.442
63.442
63.442
63.442
63.442
63.442
63.442
63.442
63.442
63.442
63.442
63.442
63.442
63.442
63.442
63.442
63.442
63.442
63.442
63.442
63.442
63.442
63.442
63.442
63.442
63.442
63.442
63.442
63.442
63.442
63.442
63.442
63.442
63.442
63.442
63.442
63.442
63.442
63.442
63.442
63.442
63.442
63.442
63.442
63.442
63.442
63.442
63.442
63.442
63.442
63.442
63.442
63.442
63.442
63.442
63.442
63.442
63.442
63.442
63.442
63.442
63.442
63.442
63.442
63.442
63.442
63.442
63.442
63.442
63.442
63.442
63.442
63.442
63.442
63.442
63.442
63.442
63.442
63.442
63.442
63.442
63.442
63.442
63.442
63.442
63.442
63.442
63.442
63.442
63.442
63.442
63.442
63.442
63.442
63.442
63.442
63.442
63.442
63.442
63.442
63.442
63.442
63.442
63.442
63.442
63.442
63.442
63.442
63.442
63.442
63.442
63.442
63.442
63.442
63.442
63.442
63.442
63.442
63.442
63.442
63.442
63.442
63.442
63.442
63.442
63.442
63.442
63.442
63.442
63.442
63.442
63.442
63.442
63.442
63.442
63.442
63.442
63.442
63.442
63.442
63.442
63.442
63.442
63.442
63.442
63.442
63.442
63.442
63.442
63.442
63.442
63.442
63.442
63.442
63.442
63.442
63.442
63.442
63.442
63.442
63.442
63.442
63.442
63.442
63.442
63.442
63.442
63.442
63.442
63.442
63.442
63.442
63.442
63.442
63.442
63.442
63.442
63.442
63.442
63.442
63.442
63.442
63.442
63.442
63.442
63.442
63.442
63.442
63.442
63.442
63.442
63.442
63.442
63.442
63.442
63.442
63.442
63.442
63.442
63.442
63.442
63.442
63.442
63.442
63.442
63.442
63.442
63.442
63.442
63.442
63.442
63.442
63.442
63.442
63.442
63.442
63.442
63.442
63.442
63.442
63.442
63.442
63.442
63.442
63.442
63.442
63.442
63.442
63.442
63.442
63.442
63.442
63.442
63.442
63.442
63.442
63.442
63.442
63.442
63.442
63.442
63.442
63.442
63.442
63.442
63.442
63.442
63.442
63.442
63.442
63.442
63.4408
63.4385
63.4408
63.442
63.442
63.4408
63.4385
63.4337
63.4206
63.3824
63.3824
63.3824
63.3824
63.3824
63.3824
63.3824
63.3824
63.3824
63.3824
63.3824
63.3824
63.3824
63.3824
63.3824
63.3824
63.3824
63.3824
63.3824
63.3824
63.3824
63.3824
63.3824
63.3824
63.3824
63.3824
63.3824
63.3824
63.3824
63.3824
63.3824
63.3824
63.3824
63.3824
63.3824
63.3824
63.3824
63.3824
63.3824
63.3824
63.3824
63.3824
63.3824
63.3824
63.3824
63.3824
63.3824
63.3824
63.3824
63.3824
63.3824
63.3824
63.3824
63.3824
63.3824
63.3824
63.3824
63.3824
63.3824
63.3824
63.3824
63.3824
63.3824
63.3824
63.3824
63.3824
63.3824
63.3824
63.3824
63.3824
63.3824
63.3824
63.3824
63.3824
63.3824
63.3824
63.3824
63.3824
63.3824
63.3824
63.3824
63.3824
63.3824
63.3824
63.3824
63.3824
63.3824
63.3824
63.3824
63.3824
63.3824
63.3824
63.3824
63.3824
63.3824
63.3824
63.3824
63.3824
63.3824
63.3824
63.3824
63.3824
63.3824
63.3824
63.3824
63.3824
63.3511
63.3355
63.2573
63.1008
62.6001
62.6001
62.6001
62.6001
62.6001
62.6001
62.6001
62.6001
62.6001
62.6001
62.6001
62.6001
62.6001
62.6001
62.6001
62.6001
62.6001
62.6001
62.6001
62.6001
62.6001
62.6001
62.6001
62.6001
62.6001
62.6001
62.6001
62.6001
62.6001
62.6001
62.6001
62.6001
62.6001
62.6001
62.6001
62.6001
62.6001
62.6001
62.6001
62.6001
62.6001
62.6001
62.6001
62.6001
62.6001
62.6001
62.6001
62.6001
62.6001
62.6001
62.6001
62.6001
62.6001
62.6001
62.6001
62.6001
62.6001
62.6001
62.6001
62.6001
62.6001
62.6001
62.6001
62.6001
62.6771
62.6001
62.6001
62.6001
62.6001
62.6001
62.6001
62.6001
62.6001
62.6001
62.6001
62.6001
62.6001
62.6001
62.6001
62.6001
62.6001
62.6001
62.6001
62.6001
62.6001
62.6001
62.6089
62.6001
62.6001
62.6001
62.6001
62.6001
62.6001
62.6001
62.6001
62.6001
62.6001
62.6001
62.6001
62.6001
62.6001
62.6001
62.6001
62.6001
62.6001
62.6001
62.6001
62.6001
62.6001
62.6001
62.6001
62.6001
62.6001
62.6001
62.6001
62.6001
62.6001
62.6001
62.6001
62.6001
62.6001
62.6001
62.6001
62.6001
62.6001
62.6001
62.6001
62.6001
63.0051
62.6001
62.6001
62.6001
62.6001
62.6001
62.6001
62.6001
62.6001
62.6001
62.6001
62.6001
62.6001
62.6001
62.6001
62.6001
62.6001
62.6001
62.6001
62.6001
62.6001
62.6001
62.6001
62.6001
62.6001
62.6001
62.6001
62.6001
62.6001
62.6001
62.6001
62.6001
62.6001
62.6001
62.6001
62.6001
62.6001
62.6001
62.6001
62.6001
62.6001
62.6001
62.6001
62.6001
62.6001
62.6001
62.6001
62.6001
62.6001
62.6001
62.6001
63.4741
62.6001
62.6001
62.6001
62.6001
62.6001
62.6001
62.6001
62.6001
62.6001
62.6001
62.6001
62.6001
62.6001
62.6001
62.6001
62.6001
62.6001
62.6001
62.6001
62.6001
62.6001
62.6001
62.6001
62.6001
62.6001
62.6001
62.6001
62.6001
62.6001
62.6001
62.6001
62.6001
62.6001
62.6001
62.6001
62.6001
62.6001
62.6001
62.6001
62.6001
62.6001
62.6001
62.6001
63.3359
62.6001
62.7777
62.6001
63.1799
69.4721
77.0666
85.2439
65.695
68.1791
63.3667
62.6001
62.6001
62.6001
62.6001
62.6001
62.6001
62.6001
62.6001
62.6001
62.6001
62.6001
62.6001
62.6001
62.6001
62.6001
62.6001
62.6001
62.6001
62.6001
62.6001
62.6001
62.6001
62.6001
62.6001
62.6001
62.6001
62.6001
62.6001
62.6001
62.6001
62.6001
62.6001
62.6001
62.6001
62.6001
62.6001
62.6001
62.6001
62.6001
62.6001
62.6001
62.6001
62.6001
62.6001
62.6001
62.6001
62.6001
62.6001
62.6001
62.6001
62.6001
62.6001
62.6001
62.6001
62.6001
62.6001
62.6001
62.6001
62.6001
62.6001
62.6001
62.6001
62.6001
62.6001
62.6001
62.6001
62.6001
62.6001
62.6001
62.6001
62.6001
62.6001
62.6001
62.6001
62.6001
62.6001
62.6001
62.6001
62.6001
62.6001
62.6001
62.6001
62.6001
62.6001
62.6001
62.6001
62.6001
62.6001
62.6001
62.6001
62.6001
62.6001
62.6001
62.6001
62.6001
62.6001
62.6001
62.6001
62.6001
62.6001
62.6001
62.6001
62.6001
62.6001
62.6001
62.6001
62.6001
62.6001
62.6001
62.6001
62.6001
62.6001
62.6001
62.6001
62.6001
62.6001
62.6001
62.6001
62.6001
62.6001
62.6001
62.6001
62.6001
62.6001
62.6001
62.6001
62.6001
62.6001
62.6001
62.6001
62.6001
62.6001
62.6001
62.6001
62.6001
62.6001
62.6001
62.6001
62.6001
62.6001
62.6001
62.6001
62.6001
62.6001
62.6001
62.6001
62.6001
62.6001
62.6001
62.6001
62.6001
62.6001
62.6001
62.6001
62.6001
62.6001
62.6001
62.6001
62.6001
62.6001
62.6001
62.6001
62.6001
62.6001
62.6001
62.6001
62.6001
62.6001
62.6001
62.6001
62.6001
62.6001
62.6001
62.6001
62.6001
62.6001
62.6001
62.6001
62.6001
62.6001
62.6001
62.6001
62.6001
62.6001
62.6001
62.6001
62.6001
62.6001
62.6001
62.6001
62.6001
62.6001
62.6001
62.6001
62.6001
62.6001
62.6001
62.6001
62.6001
62.6001
62.6001
62.6001
62.6001
62.6001
62.6001
62.6001
62.6001
62.6001
62.6001
62.6001
62.6001
62.6001
62.6001
62.6001
62.6001
62.6001
62.6001
62.6001
62.6001
62.6001
62.6001
62.6001
62.6001
62.6001
62.6001
62.6001
62.6001
62.6001
62.6001
62.6001
62.6001
62.6001
62.6001
62.6001
62.6001
62.6001
62.6001
62.6001
62.6001
62.6001
62.6001
62.6001
62.6001
62.6001
62.6001
62.6001
62.6001
62.6001
62.6001
62.6001
62.6001
62.6001
62.6001
62.6001
62.6001
62.6001
62.6001
62.6001
62.6001
62.6001
62.6001
62.6001
62.6001
62.6001
62.6001
62.6001
62.6001
62.6001
62.6001
62.6001
62.6001
62.6001
62.6001
62.6001
62.6001
62.6001
62.6001
62.6001
62.6001
62.6001
62.6001
62.6001
62.6001
62.6001
62.6001
62.6001
62.6001
62.6001
62.6001
62.6001
62.6001
62.6001
62.6001
62.6001
62.6001
62.6001
62.6001
62.6001
62.6001
62.6001
62.6001
62.6001
62.6001
62.6001
62.6001
62.6001
62.6001
62.6001
62.6001
62.6001
62.6001
62.6001
62.6001
62.6001
62.6001
62.6001
62.6001
62.6001
62.6001
62.6001
62.6001
62.6001
62.6001
62.6001
62.6001
62.6001
62.6001
62.6001
62.6001
62.6001
62.6001
62.6001
62.6001
62.6001
62.6001
62.6001
62.6001
62.6001
62.6001
62.6001
62.6001
62.6001
62.6001
62.6001
62.6001
62.6001
62.6001
62.6001
62.6001
62.6001
62.6001
62.6001
62.6001
62.6001
62.6001
62.6001
62.6001
62.6001
62.6001
62.6001
62.6001
62.6001
62.6001
62.6001
62.6001
62.6001
62.6001
62.6001
62.6001
62.6001
62.6001
62.6001
62.6001
62.6001
62.6001
62.6001
62.6001
62.6001
62.6001
62.6001
62.6001
62.6001
62.6001
62.6001
62.6001
62.6001
62.6001
62.6001
62.6001
62.6001
62.6001
62.6001
62.6001
62.6001
62.6001
62.6001
62.6001
62.6001
62.6001
62.6001
62.6001
62.6001
62.6001
62.6001
62.6001
62.6001
62.6001
62.6001
62.6001
62.6001
62.6001
62.6001
62.6001
62.6001
62.6001
62.6001
62.6001
62.6001
62.6001
62.6001
62.6001
62.6001
62.6001
62.6001
62.6001
62.6001
62.6001
62.6001
62.6001
62.6001
62.6001
62.6001
62.6001
62.6001
62.6001
62.6001
62.6001
62.6001
62.6001
62.6001
62.6001
62.6001
62.6001
62.6001
62.6001
62.6001
62.6001
62.6001
62.6001
62.6001
62.6001
62.6001
62.6001
62.6001
62.6001
62.6001
62.6001
62.6001
62.6001
62.6001
62.6001
62.6001
62.6001
62.6001
62.6001
62.6001
62.6001
62.6001
62.6001
62.6001
62.6001
62.6001
62.6001
62.6001
62.6001
62.6001
62.6001
62.6001
62.6001
62.6001
62.6001
62.6001
62.6001
62.6001
62.6001
62.6001
62.6001
62.6001
62.6001
62.6001
62.6001
62.6001
62.6001
62.6001
62.6001
62.6001
62.6001
62.6001
62.6001
62.6001
62.6001
62.6001
62.6001
62.6001
62.6001
62.6001
62.6001
62.6001
62.6001
62.6001
62.6001
62.6001
62.6001
62.6001
62.6001
62.6001
62.6001
62.6001
62.6001
62.6001
62.6001
62.6001
62.6001
62.6001
62.6001
62.6001
62.6001
62.6001
62.6001
62.6001
62.6001
62.6001
62.6001
62.6001
62.6001
62.6001
62.6001
62.6001
62.6001
62.6001
62.6001
62.6001
62.6001
62.6001
62.6001
62.6001
62.6001
62.6001
62.6001
62.6001
62.7025
62.6001
62.6001
62.6001
62.6001
62.6001
62.6001
62.6001
62.6001
62.6001
62.6001
62.6001
62.6001
62.6001
62.6001
62.6001
62.6001
62.6001
62.6001
62.6001
62.6001
62.6001
62.6001
62.6001
62.6001
62.6001
62.6001
62.6001
62.6001
62.6001
62.6001
62.6001
62.6001
62.6001
62.6001
62.6001
62.6001
62.6001
62.6001
62.6001
62.6001
62.6001
62.6001
62.6001
62.6001
62.6001
62.6001
62.6001
62.6001
62.6001
62.6001
62.6001
62.6001
62.6001
62.6001
62.6001
62.6001
62.6001
62.6001
62.6001
62.6001
62.6001
62.6001
62.6001
62.6001
62.6001
62.6001
62.6001
62.6001
62.6001
62.6001
62.6001
62.6001
62.6001
62.6001
62.6001
62.6001
62.6001
62.6001
62.6001
62.6001
62.6001
62.6001
62.6001
62.6001
62.6001
62.6001
62.6001
62.6001
62.6001
62.6001
62.6001
62.6001
62.6001
62.6001
62.6001
62.6001
62.6001
62.6001
62.6001
62.6001
62.6001
62.6001
62.6001
62.6001
62.6001
62.6001
62.6001
62.6001
62.6001
62.6001
62.6001
62.6001
62.6001
62.6001
62.6001
62.6001
62.6001
62.6001
62.6001
62.6001
62.6001
62.6001
62.6001
62.6001
62.6001
62.6001
62.6001
62.6001
62.6001
62.6001
62.6001
62.6001
62.6001
62.6001
62.6001
62.6001
62.5597
62.499
62.2865
62.0943
62.0943
62.0943
62.0943
62.0943
62.0943
62.0943
62.0943
62.0943
62.0943
62.0943
62.0943
62.0943
62.0943
62.0943
62.0943
62.0943
62.0943
62.0943
62.0943
62.0943
62.0943
62.0943
62.0943
62.0943
62.0943
62.0943
62.0943
62.0943
62.0943
62.0943
62.0943
62.0943
62.0943
62.0943
62.0943
62.0943
62.0943
62.0943
62.0943
62.0943
62.0943
62.0943
62.0943
62.0943
62.0943
62.0943
62.0943
62.0943
62.0943
62.0943
62.0943
62.0943
62.0943
62.0943
62.0943
62.0943
62.0943
62.0943
62.0943
62.0943
62.0943
62.0943
62.0943
62.0943
62.0943
62.0943
62.0943
62.0943
62.0943
62.0943
62.0943
62.0943
62.0943
62.0943
62.0943
62.0943
62.0943
62.0943
62.0943
62.0943
62.0943
62.0943
62.0943
62.0943
62.0943
62.0943
62.0943
62.0943
62.0943
62.0943
62.0943
62.0943
62.0943
62.0943
62.0943
62.0943
62.0943
62.0943
62.0943
62.0943
62.0943
62.0943
62.1098
62.0943
62.0943
62.0943
62.0943
62.0943
62.0943
62.0943
62.0943
62.0943
62.0943
62.0943
62.0943
62.0943
62.0943
62.0943
62.0943
62.0943
62.0943
62.0943
62.0943
62.0943
62.0943
62.0943
62.0943
62.0943
62.0943
62.0943
62.0943
62.0943
62.0943
62.0943
62.0943
62.0943
62.0943
62.0943
62.0943
62.0943
62.0943
62.0943
62.0943
62.0943
62.0943
62.0943
62.0902
62.0819
62.0639
62.0598
62.0598
62.0598
62.0598
62.0598
62.0598
62.0598
62.0598
62.0598
62.0598
62.0598
62.0598
62.0598
62.0598
62.0598
62.0598
62.0598
62.0598
62.0598
62.0598
62.0598
62.0598
62.0598
62.0598
62.0598
62.0598
62.0598
62.0598
62.0598
62.0598
62.0598
62.0598
62.0598
62.0598
62.0598
62.0598
62.0598
62.0598
62.0598
62.0598
62.0598
62.0598
62.0598
62.0598
62.0598
62.0598
62.0598
62.0598
62.0598
62.0598
62.0598
62.0598
62.0598
62.0598
62.0598
62.0598
62.0598
62.0598
62.0598
62.0598
62.0598
62.0598
62.0598
62.0598
62.0598
62.0598
62.0598
62.0598
62.0598
62.0598
62.0598
62.0598
62.0598
62.0598
62.0598
62.0598
62.0598
62.0598
62.0598
62.0598
62.0598
62.0598
62.0598
62.0598
62.0598
62.0598
62.0598
62.0598
62.0598
62.0598
62.0598
62.0598
62.0598
62.0598
62.0598
62.0598
62.0598
62.0598
62.0598
62.0598
62.0598
62.0598
62.0598
62.0598
62.0598
62.0598
62.0598
62.0598
62.0598
62.0598
62.0598
62.0598
62.0598
62.0598
62.0598
62.0598
62.0598
62.0598
62.0598
62.0598
62.0598
62.0598
62.0598
62.0598
62.0598
62.0598
62.0598
62.0598
62.0598
62.0598
62.0598
62.0598
62.0598
62.0598
62.0598
62.0598
62.0598
62.0598
62.0598
62.0598
62.0598
62.0598
62.0598
62.0598
62.0598
62.0598
62.0598
62.0598
62.0598
62.0598
62.0598
62.0598
62.0598
62.0598
62.0598
62.0598
62.0598
62.0598
62.0598
62.0598
62.0598
62.0598
62.0598
62.0598
62.0598
62.0598
62.0598
62.0598
62.0598
62.0598
62.0598
62.0598
62.0598
62.0598
62.0598
62.0598
62.0598
62.0598
62.0598
62.0598
62.0598
62.0598
62.0598
62.0598
62.0598
62.0598
62.0598
62.0598
62.0598
62.0598
62.0598
62.0598
62.0598
62.0598
62.0598
62.0598
62.0598
62.0598
62.0598
62.0598
62.0598
62.0598
62.0598
62.0598
62.0598
62.0598
62.0598
62.0598
62.0598
62.0598
62.0598
62.0598
62.0598
62.0598
62.0598
62.0598
62.0598
62.0598
62.0598
62.0598
62.0598
62.0598
62.0598
62.0598
62.0598
62.0598
62.0598
62.0598
62.0598
62.0598
62.0598
62.0598
62.0598
62.0598
62.0598
62.0598
62.0598
62.0598
62.0598
62.0598
62.0598
62.0598
62.0598
62.0598
62.0598
62.0598
62.0598
62.0598
62.0598
62.0598
62.0598
62.0598
62.0598
62.0598
62.0598
62.0598
62.0598
62.0598
62.0598
62.0598
62.0598
62.0598
62.0598
62.0598
62.0598
62.0598
62.0598
62.0598
62.0598
62.0598
62.0598
62.0598
62.0598
62.0598
62.0598
62.0598
62.0598
62.0598
62.0598
62.0598
62.0598
62.0598
62.0598
62.0598
62.0598
62.0598
62.0598
62.0598
62.0598
62.0598
62.0598
62.0598
62.0598
62.0598
62.0598
62.0598
62.0598
62.0598
62.0598
62.0598
62.0598
62.0598
62.0598
62.0598
62.0598
62.0598
62.0598
62.0598
62.0598
62.0598
62.0598
62.0598
62.0598
62.0598
62.0598
62.0598
62.0598
62.0598
62.0598
62.0598
62.0598
62.0598
62.0598
62.0598
62.0598
62.0598
62.0598
62.0598
62.0598
62.0598
62.0598
62.0598
62.0598
62.0598
62.0598
62.0598
62.0598
62.0598
62.0598
62.0598
62.0598
62.0598
62.0598
62.0598
62.0598
62.0598
62.0598
62.0598
62.0598
62.0598
62.0598
62.0598
62.0598
62.0598
62.0598
62.0598
62.0598
62.0598
62.0598
62.0598
62.0598
62.0598
62.0598
62.0598
62.0598
62.0598
62.0598
62.0598
62.0598
62.0598
62.0598
62.0598
62.0598
62.0598
62.0598
62.0598
62.0598
62.0598
62.0598
62.0598
62.0598
62.0598
62.0598
62.0598
62.0598
62.0598
62.0598
62.0598
62.0598
62.0598
62.0598
62.0598
62.0598
62.0598
62.0598
62.0598
62.0598
62.0598
62.0598
62.0598
62.0598
62.0598
62.0598
62.0598
62.0598
62.0598
62.0598
62.0598
62.0598
62.0598
62.0598
62.0598
62.0598
62.0598
62.0598
62.0598
62.0598
62.0598
62.0598
62.0598
62.0598
62.0598
62.0598
62.0598
62.0598
62.0598
62.0598
62.0598
62.0598
62.0598
62.0598
62.0598
62.0598
62.0598
62.0598
62.0598
62.0598
62.0598
62.0598
62.0598
62.0598
62.0598
62.0598
62.0598
62.0598
62.0598
62.0598
62.0598
62.0598
62.0598
62.0598
62.0598
62.0598
62.0598
62.0598
62.0598
62.0598
62.0598
62.0598
62.0598
62.0598
62.0598
62.0598
62.0598
62.0598
62.0598
62.0598
62.0598
62.0598
62.0598
62.0598
62.0598
62.0598
62.0598
62.0598
62.0598
62.0598
62.0598
62.0598
62.0598
62.0598
62.0598
62.0598
62.0598
62.0598
62.0598
62.0598
62.0598
62.0598
62.0598
62.0598
62.0598
62.0598
62.0598
62.0598
62.0598
62.0598
62.0598
62.0598
62.0598
62.0598
62.0598
62.0598
62.0598
62.0598
62.0598
62.0598
62.0598
62.0598
62.0598
62.0598
62.0598
62.0598
62.0598
62.0598
62.0598
62.0598
62.0598
62.0598
62.0598
62.0598
62.0598
62.0598
62.0598
62.0598
62.0598
62.0598
62.0598
62.0598
62.0598
62.0598
62.0598
62.0598
62.0598
62.0598
62.0598
62.0598
62.0598
62.0598
62.0598
62.0598
62.0598
62.0598
62.0598
62.0598
62.0598
62.0598
62.0598
62.0598
62.0598
62.0598
62.0598
62.0598
62.0598
62.0598
62.0598
62.0598
62.0598
62.0598
62.0598
62.0598
62.0598
62.0598
62.0598
62.0598
62.0598
62.0598
62.0598
62.0598
62.0598
62.0598
62.0598
62.0598
62.0598
62.0598
62.0598
62.0598
62.0598
62.0598
62.0598
62.0598
62.0598
62.0598
62.0598
62.0598
62.0598
62.0598
62.0598
62.0598
62.0598
62.0598
62.0598
62.0598
62.0598
62.0598
62.0598
62.0598
62.0598
62.0598
62.0598
62.0598
62.0598
62.0598
62.0598
62.0598
62.0598
62.0598
62.0598
62.0598
62.0598
62.0598
62.0598
62.0598
62.0598
62.0598
62.0598
62.0598
62.0598
62.0598
62.0598
62.0598
62.0598
62.0598
62.0598
62.0598
62.0598
62.0598
62.0598
62.0598
62.0598
62.0598
62.0598
62.0598
62.0598
62.0598
62.0598
62.0598
62.0598
62.0598
62.0598
62.0598
62.0598
62.0598
62.0598
62.0598
62.0598
62.0598
62.0598
62.0598
62.0598
62.0598
62.0598
62.0598
62.0598
62.0598
62.0598
62.0598
62.0598
62.0598
62.0598
62.0598
62.0598
62.0598
62.0598
62.0598
62.0598
62.0598
62.0598
62.0598
62.0598
62.0598
62.0598
62.0598
62.0598
62.0598
62.0598
62.0598
62.0598
62.0598
62.0598
62.0598
62.0598
62.0598
62.0598
62.0598
62.0598
62.0598
62.0598
62.0598
62.0598
62.0598
62.0598
62.0598
62.0598
62.0598
62.0598
62.2002
62.0598
62.0598
62.0598
62.0598
62.0598
62.0598
62.0598
62.0598
62.0598
62.0598
62.0598
62.0598
62.0598
62.0598
62.0598
62.0598
62.0598
62.0598
62.0598
62.0598
62.0598
62.0598
62.0598
62.0598
62.0598
62.0598
62.0598
62.0598
62.0598
62.0598
62.0598
62.0598
62.0598
62.0598
62.0598
62.0598
62.0598
62.0598
62.0598
62.0598
62.0598
62.0598
62.0598
62.0598
62.0598
62.0598
62.0598
62.0598
62.0598
62.0598
62.0598
62.0598
62.0598
62.0598
62.0598
62.0598
62.0598
62.0598
62.0598
62.0598
62.0598
62.0598
62.0598
62.0598
62.0598
62.0598
62.0598
62.0598
62.0598
62.0598
62.0598
62.0598
62.0598
62.0598
62.0598
62.0598
62.0598
62.0598
62.0598
62.0598
62.0598
62.0598
62.0598
62.0598
62.0598
62.0598
62.0598
62.0598
62.0598
62.0598
62.0598
62.0598
62.0598
62.0598
62.0598
62.0598
62.0598
62.0598
62.0598
62.0598
62.0598
62.0598
62.0598
62.0598
62.0598
62.0598
62.0598
62.0598
62.0598
62.0598
62.0598
62.0598
62.0598
62.0598
62.0598
62.0598
62.0598
62.0598
62.0598
62.0598
62.0598
62.0598
62.0598
62.0598
62.0598
62.0598
62.0598
62.0598
62.0598
62.0598
62.0598
62.0598
62.0598
62.0598
62.0598
62.0598
62.0598
62.0598
62.0598
62.0598
62.0598
62.0598
62.0598
62.0598
62.0598
62.0598
62.0598
62.0598
62.0598
62.0598
62.0598
62.0598
62.0598
62.0598
62.0598
62.0598
62.0598
62.0598
62.0598
62.0598
62.0598
62.0598
62.0598
62.0598
62.0598
62.0598
62.0598
62.0598
62.0598
62.0598
62.0598
62.0598
62.0598
62.0598
62.0598
62.0598
62.0598
62.0598
62.0598
62.0598
62.0598
62.0598
62.0598
62.0598
62.0598
62.0598
62.0598
62.0598
62.0598
62.0598
62.0598
62.0598
62.0598
62.0598
62.0598
62.0598
62.0598
62.0598
62.0598
62.0598
62.0598
62.0598
62.0598
62.0598
62.0598
62.0598
62.0598
62.0598
62.0598
62.0598
62.0598
62.0598
62.0598
62.0598
62.0598
62.0598
62.0598
62.0598
62.0598
62.0598
62.0598
62.0598
62.0598
62.0598
62.0598
62.0598
62.0598
62.0598
62.0598
62.0598
62.0598
62.0598
62.0598
62.0598
62.0598
62.0598
62.0598
62.0598
62.0598
62.0598
62.0598
62.0598
62.0598
62.0598
62.0598
62.0598
62.0598
62.0598
62.0598
62.0598
62.0598
62.0598
62.0598
62.0598
62.0598
62.0598
62.0598
62.0598
62.0598
62.0598
62.0598
62.0598
62.0598
62.0598
62.0598
62.0598
62.0598
62.0598
62.0598
62.0598
62.0598
62.0598
62.0598
62.0598
62.0598
62.0598
62.0598
62.0598
62.0598
62.0598
62.0598
62.0598
62.0598
62.0598
62.0598
62.0598
62.0598
62.0598
62.0598
62.0598
62.0598
62.0598
62.0598
62.0598
62.0598
62.0598
62.0598
62.0598
62.0598
62.0598
62.0598
62.0598
62.0598
62.0598
62.0598
62.0598
62.0598
62.0598
62.0598
62.0598
62.0598
62.0598
62.0598
62.0598
62.0598
62.0598
62.0598
62.0598
62.0598
62.0598
62.0598
62.0598
62.0598
62.0598
62.0598
62.0598
62.0598
62.0598
62.0598
62.0598
62.0598
62.0598
62.0598
62.0598
62.0598
62.0598
62.0598
62.0598
62.0598
62.0598
62.0598
62.0598
62.0598
62.0598
62.0598
62.0598
62.0598
62.0598
62.0598
62.0598
62.0598
62.0598
62.0598
62.0598
62.0598
62.0598
62.0598
62.0598
62.0598
62.0598
62.0598
62.0598
62.0598
62.0598
62.0598
62.0598
62.0598
62.0598
62.0598
62.0598
62.0598
62.0598
62.0598
62.0598
62.0598
62.0598
62.0598
62.0598
62.0598
62.0598
62.0598
62.0598
62.0598
62.0598
62.0598
62.0598
62.0598
62.0598
62.0598
62.0598
62.0598
62.0598
62.0598
62.0598
62.0598
62.0598
62.0598
62.0598
62.0598
62.0598
62.0598
62.0598
62.0598
62.0598
62.0598
62.0598
62.0598
62.0598
62.0598
62.0598
62.0598
62.0598
62.0598
62.0598
62.0598
62.0598
62.0598
62.0598
62.0598
62.0598
62.0598
62.0598
62.0598
62.0598
62.0598
62.0598
62.0598
62.0598
62.0598
62.0598
62.0598
62.0598
62.0598
62.0598
62.0598
62.0598
62.0598
62.0598
62.0598
62.0598
62.0598
62.0598
62.0598
62.0598
62.0598
62.0598
62.0598
62.0598
62.0598
62.0598
62.0378
61.9995
61.8679
61.7856
61.7856
61.7856
61.7856
61.7856
61.7856
61.7856
61.7856
61.7856
61.7856
61.7856
61.7856
61.7856
61.7856
61.7856
61.7856
61.7856
61.7856
61.7856
61.7856
61.7856
61.7856
61.7856
61.7856
61.7856
61.7856
61.7856
61.7856
61.7856
61.7856
61.7856
61.7856
61.7856
61.7856
61.7856
61.7856
61.7856
61.7856
61.7856
61.7856
61.7856
61.7856
61.7856
61.7856
61.7856
61.7856
61.7856
61.7856
61.7856
61.7856
61.7856
61.7856
61.7856
61.7856
61.7856
61.7856
61.7856
61.7856
61.7856
61.7856
61.7856
61.7856
61.7856
61.7856
61.7856
61.7856
61.7856
61.7856
61.7856
61.7856
61.7856
61.7856
61.7856
61.7856
61.7856
61.7856
61.7856
61.7856
61.7856
61.7856
61.7856
61.7856
61.7856
61.7856
61.7856
61.7856
61.7856
61.7856
61.7856
61.7856
61.7856
61.7856
61.7856
61.7856
61.7856
61.7856
61.7856
61.7856
61.7856
61.7856
61.7856
61.7856
61.7856
61.7856
61.7856
61.7856
61.7856
61.7856
61.7856
61.7856
61.7856
61.7856
61.7856
61.7856
61.7856
61.7856
61.7856
61.7856
61.7856
61.7856
61.7856
61.7856
61.7856
61.7856
61.7856
61.7856
61.7856
61.7856
61.7856
61.7856
61.7856
61.7856
61.7856
61.7856
61.7856
61.7856
61.7856
61.7856
61.7856
61.7856
61.7856
61.7856
61.7856
61.7856
61.7856
61.7856
61.7856
61.7856
61.7856
61.7856
61.7856
61.7856
61.7856
61.7856
61.7856
61.7856
61.7856
61.7856
61.7856
61.7856
61.7856
61.7856
61.7856
61.7856
61.7856
61.7856
61.7856
61.7856
61.7856
61.7856
61.7856
61.7856
61.7856
61.7856
61.7856
61.7856
61.7856
61.7856
61.7856
61.7856
61.7856
61.7856
61.7856
61.7856
61.7856
61.7856
61.7856
61.7856
61.7856
61.7856
61.7856
61.7856
61.7856
61.7856
61.7856
61.7856
61.7856
61.7856
61.7856
61.7856
61.7856
61.7856
61.7856
61.7856
61.7856
61.7856
61.7856
61.7856
61.7856
61.7856
61.7856
61.7856
61.7856
61.7856
61.7856
61.7856
61.7856
61.7856
61.7856
61.7856
61.7856
61.7856
61.7856
61.7856
61.7856
61.7856
61.7856
61.7856
61.7856
61.7856
61.7856
61.7856
61.7856
61.7856
61.7856
61.7856
61.7856
61.7856
61.7856
61.7856
61.7856
61.7856
61.7856
61.7856
61.7856
61.7856
61.7856
61.7856
61.7856
61.7856
61.7856
61.7856
61.7856
61.7856
61.7856
61.7856
61.7856
61.7856
61.7856
61.7856
61.7856
61.7856
61.7856
61.7856
61.7856
61.7856
61.7856
61.7856
61.7856
61.7856
61.7856
61.7856
61.7856
61.7856
61.7856
61.7856
61.7856
61.7856
61.7856
61.7856
61.7856
61.7856
61.7856
61.7856
61.7856
61.7856
61.7856
61.7856
61.7856
61.7856
61.7856
61.7856
61.7856
61.7856
61.7856
61.7856
61.7856
61.7856
61.7856
61.7856
61.7856
61.7856
61.7856
61.7856
61.7856
61.7856
61.7856
61.7856
61.7856
61.7856
61.7856
61.7856
61.7856
61.7856
61.7856
61.7856
61.7856
61.7856
61.7856
61.7856
61.7856
61.7856
61.7856
61.7856
61.7856
61.7856
61.7856
61.7856
61.7856
61.7856
61.7856
61.7856
61.7856
61.7856
61.7856
61.7856
61.7856
61.7856
61.7856
61.7856
61.7856
61.7856
61.7856
61.7856
61.7856
61.7856
61.7856
61.7856
61.7856
61.7856
61.7856
61.7856
61.7856
61.7856
61.7856
61.7856
61.7856
61.7856
61.7856
61.7856
61.7856
61.7856
61.7856
61.7856
61.7856
61.7856
61.7856
61.7856
61.7856
61.7856
61.7856
61.7856
61.7856
61.7856
61.7856
61.7856
61.7856
61.7856
61.7856
61.7856
61.7856
61.7856
61.7856
61.7856
61.7856
61.7856
61.7856
61.7856
61.7856
61.7856
61.7856
61.7856
61.7856
61.7856
61.7856
61.7856
61.7856
61.7856
61.7856
61.7856
61.7856
61.7856
61.7856
61.7856
61.7856
61.7856
61.7856
61.7856
61.7856
61.7856
61.7856
61.7856
61.7856
61.7856
61.7856
61.7856
61.7856
61.7856
61.7856
61.7856
61.7856
61.7856
61.7856
61.7856
61.7856
61.7856
61.7856
61.7856
61.7856
61.7856
61.7856
61.7856
61.7856
61.7856
61.7856
61.7856
61.7856
61.7856
61.7856
61.7856
61.7856
61.7856
61.7856
61.7856
61.7856
61.7856
61.7856
61.7856
61.7856
61.7856
61.7856
61.7856
61.7856
61.7856
61.7856
61.7856
61.7856
61.7856
61.7856
61.7856
61.7856
61.7856
61.7856
61.7856
61.7856
61.7856
61.7856
61.7856
61.7856
61.7856
61.7856
61.7856
61.7856
61.7856
61.7856
61.7856
61.7856
61.7856
61.7856
61.7856
61.7856
61.7856
61.7856
61.7856
61.7856
61.7856
61.7856
61.7856
61.7856
61.7856
61.7856
61.7856
61.7856
61.7856
61.7856
61.7856
61.7856
61.7856
61.7856
61.7856
61.7856
61.7856
61.7856
61.7856
61.7856
61.7856
61.7856
61.7856
61.7856
61.7856
61.7856
61.7856
61.7856
61.7856
61.7856
61.7856
61.7856
61.7856
61.7856
61.7856
61.7856
61.7856
61.7856
61.7856
61.7856
61.7856
61.7856
61.7856
61.7856
61.7856
61.7856
61.7856
61.7856
61.7856
61.7856
61.7856
61.7856
61.7856
61.7856
61.7856
61.7856
61.7856
61.7856
61.7856
61.7856
61.7856
61.7856
61.7856
61.7856
61.7856
61.7856
61.7856
61.7856
61.7856
61.7856
61.7856
61.7856
61.7856
61.7856
61.7856
61.7856
61.7856
61.7856
61.7856
61.7856
61.7856
61.7856
61.7856
61.7856
61.7856
61.7856
61.7856
61.7856
61.7856
61.7856
61.7856
61.7856
61.7856
61.7856
61.7856
61.7856
61.7856
61.7856
61.7856
61.7856
61.7856
61.7856
61.7856
61.7856
61.7856
61.7856
61.7856
61.7856
61.7856
61.7856
61.7856
61.7856
61.7856
61.7856
61.7856
61.7856
61.7856
61.7856
61.7856
61.7856
61.7856
61.7856
61.7856
61.7856
61.7856
61.7856
61.7856
61.7856
61.7856
61.7856
61.7856
61.7856
61.7856
61.7856
61.7856
61.7856
61.7856
61.7856
61.7856
61.7856
61.7856
61.7856
61.7856
61.7856
61.7856
61.7856
61.7856
61.7856
61.7856
61.7856
61.7856
61.7856
61.7856
61.7856
61.7856
61.7856
61.7856
61.7856
61.7856
61.7856
61.7856
61.7856
61.7856
61.7856
61.7856
61.7856
61.7856
61.7856
61.7856
61.7856
61.7856
61.7856
61.7856
61.7856
61.7856
61.7856
61.7856
61.7856
61.7856
61.7856
61.7856
61.7856
61.7856
61.7856
61.7856
61.7856
61.7856
61.7856
61.7856
61.7856
61.7856
61.7856
61.7856
61.7856
61.7856
61.7856
61.7856
61.7856
61.7856
61.7856
61.7856
61.7856
61.7856
61.7856
61.7856
61.7856
61.7856
61.7856
61.7856
61.7856
61.7856
61.7856
61.7856
61.7856
61.7856
61.7856
61.7856
61.7856
61.7856
61.7856
61.7856
61.7856
61.7856
61.7856
61.7856
61.7856
61.7856
61.7856
61.7856
61.7856
61.7856
61.7856
61.7856
61.7856
61.7856
61.7856
61.7856
61.7856
61.7856
61.7856
61.7856
61.7856
61.7856
61.7856
61.7856
61.7856
61.7856
61.7856
61.7856
61.7856
61.7856
61.7856
61.7856
61.7856
61.7856
61.7856
61.7856
61.7856
61.7856
61.7856
61.7856
61.7856
61.7856
61.7856
61.7856
61.7856
61.7856
61.7856
61.7856
61.7856
61.7856
61.7856
61.7856
61.7856
61.7856
61.7856
61.7856
61.7856
61.7856
61.7856
61.7856
61.7856
61.7856
61.7856
61.7856
61.7856
61.7856
61.7856
61.7856
61.7856
61.7856
61.7856
61.7856
61.7856
61.7856
61.7856
61.7856
61.7856
61.7856
61.7856
61.7856
61.7856
61.7856
61.7856
61.7856
61.7856
61.7856
61.7856
61.7856
61.7856
61.7856
61.7856
61.7856
61.7856
61.7856
61.7856
61.7856
61.7856
61.7856
61.7856
61.7856
61.7856
61.7856
61.7856
61.7856
61.7856
61.7856
61.7856
61.7856
61.7856
61.7856
61.7856
61.7856
61.7856
61.7856
61.7856
61.7856
61.7856
61.7856
61.7856
61.7856
61.7856
61.7856
61.7856
61.7856
61.7856
61.7856
61.7856
61.7856
61.7856
61.7856
61.7856
61.7856
61.7856
61.7856
61.7856
61.7856
61.7856
61.7856
61.7856
61.7856
61.7856
61.7856
61.7856
61.7856
61.7856
61.7856
61.7856
61.7856
61.7856
61.7856
61.7856
61.7856
61.7856
61.7856
61.7856
61.7856
61.7856
61.7856
61.7856
61.7856
61.7856
61.7856
61.7856
61.7856
61.7856
61.7856
61.7856
61.7856
61.7856
61.7856
61.7856
61.7856
61.7856
61.7856
61.7856
61.7856
61.7856
61.7856
61.7856
61.7856
61.7856
61.7856
61.7856
61.7856
61.7856
61.7856
61.7856
61.7856
61.7856
61.7856
61.7856
61.7856
61.7856
61.7856
61.7856
61.7856
61.7856
61.7856
61.7856
61.7856
61.7856
61.7856
61.7856
61.7856
61.7856
61.7856
61.7856
61.7856
61.7856
61.7856
61.7856
61.7856
61.7856
61.7856
61.7856
61.7856
61.7856
61.7856
61.7856
61.7856
61.7856
61.7856
61.7856
61.7856
61.7856
61.7856
61.7856
61.7856
61.7856
61.7856
61.7856
61.7856
61.7856
61.7856
61.7856
61.7856
61.7856
61.7856
61.7856
61.7856
61.7856
61.7856
61.7856
61.7856
61.7856
61.7856
61.7856
61.7856
61.7856
61.7856
61.7856
61.7856
61.7856
61.7856
61.7856
61.7856
61.7856
61.7856
61.7856
61.7856
61.7856
61.7856
61.7856
61.7856
61.7856
61.7856
61.7856
61.7856
61.7856
61.7856
61.7856
61.7856
61.7856
61.7856
61.7856
61.7856
61.7856
61.7856
61.7856
61.7856
61.7856
61.7856
61.7856
61.7856
61.7856
61.7856
61.7856
61.7856
61.7856
61.7856
61.7856
61.7856
61.7856
61.7856
61.7856
61.7856
61.7856
61.7856
61.7856
61.7856
61.7856
61.7856
61.7856
61.7856
61.7856
61.7856
61.7856
61.7856
61.7856
61.7856
61.7856
61.7856
61.7856
61.7856
61.7856
61.7856
61.7856
61.7856
61.7856
61.7856
61.7856
61.7856
61.7856
61.7856
61.7856
61.7856
61.7856
61.7856
61.7856
61.7856
61.7856
61.7856
61.7856
61.7856
61.7856
61.7856
61.7856
61.7856
61.7856
61.7856
61.7856
61.7856
61.7856
61.7856
61.7856
61.7856
61.7856
61.7856
61.7856
61.7856
61.7856
61.7856
61.7856
61.7856
61.7856
61.7856
61.7856
61.7856
61.7856
61.7856
61.7856
61.7856
61.7856
61.7856
61.7856
61.7856
61.7856
61.7856
61.7856
61.7856
61.7856
61.7856
61.7856
61.7856
61.7856
61.7856
61.7856
61.7856
61.7856
61.7856
61.7856
61.7856
61.7856
61.7856
61.7856
61.7856
61.7856
61.7856
61.7856
61.7856
61.7856
61.7856
61.7856
61.7856
61.7856
61.7856
61.7856
61.7856
61.7856
61.7856
61.7856
61.7856
61.7856
61.7856
61.7856
61.7856
61.7856
61.7856
61.7856
61.7856
61.7856
61.7856
61.7856
61.7856
61.7856
61.7856
61.7856
61.7856
61.7856
61.7856
61.7856
61.7856
61.7856
61.7856
61.7856
61.7856
61.7856
61.7856
61.7856
61.7856
61.7856
61.7856
61.7856
61.7856
61.7856
61.7856
61.7856
61.7856
61.7856
61.7856
61.7856
61.7856
61.7856
61.7856
61.7856
61.7856
61.7856
61.7856
61.7856
61.7856
61.7856
61.7856
61.7856
61.7856
61.7856
61.7856
61.7856
61.7856
61.7856
61.7856
61.7856
61.7856
61.7856
61.7856
61.7856
61.7856
61.7856
61.7856
61.7856
61.7856
61.7856
61.7856
61.7856
61.7856
61.7856
61.7856
61.7856
61.7856
61.7856
61.7856
61.7856
61.7856
61.7856
61.7856
61.7856
61.7856
61.7856
61.7856
61.7856
61.7856
61.7856
61.7856
61.7856
61.7856
61.7856
61.7856
61.7856
61.7856
61.7856
61.7856
61.7856
61.7856
61.7856
61.7856
61.7856
61.7856
61.7856
61.7856
61.7856
61.7856
61.7856
61.7856
61.7856
61.7856
61.7856
61.7856
61.7856
61.7856
61.7856
61.7856
61.7856
61.7856
61.7856
61.7856
61.7856
61.7856
61.7856
61.7856
61.7856
61.7856
61.7856
61.7856
61.7856
61.7856
61.7856
61.7856
61.7856
61.7856
61.7856
61.7856
61.7856
61.7856
61.7856
61.7856
61.7856
61.7856
61.7856
61.7856
61.7856
61.7856
61.7856
61.7856
61.7856
61.7856
61.7856
61.7856
61.7856
61.7856
61.7856
61.7856
61.7856
61.7856
61.7856
61.7856
61.7856
61.7856
61.7856
61.7856
61.7856
61.7856
61.7856
61.7856
61.7856
61.7856
61.7856
61.7856
61.7856
61.7856
61.7856
61.7856
61.7856
61.7856
61.7856
61.7856
61.7856
61.7856
61.7856
61.7856
61.7856
61.7856
61.7856
61.7856
61.7856
61.7856
61.7856
61.7856
61.7856
61.7856
61.7856
61.7856
61.7856
61.7856
61.7856
61.7856
61.7856
61.7856
61.7856
61.7856
61.7856
61.7856
61.7856
61.7856
61.7856
61.7856
61.7856
61.7856
61.7856
61.7856
61.7856
61.7856
61.7856
61.7856
61.7856
61.7856
61.7856
61.7856
61.7856
61.7856
61.7856
61.7856
61.7856
61.7856
61.7856
61.7856
61.7856
61.7856
61.7856
61.7856
61.7856
61.7856
61.7856
61.7856
61.7856
61.7856
61.7856
61.7856
61.7856
61.7856
61.7856
61.7856
61.7856
61.7856
61.7856
61.7856
61.7856
61.7856
61.7856
61.7856
61.7856
61.7856
61.7856
61.7856
61.7856
61.7856
61.7856
61.7856
61.7856
61.7856
61.7856
61.7856
61.7856
61.7856
61.7856
61.7856
61.7856
61.7856
61.7856
61.7856
61.7856
61.7856
61.7856
61.7856
61.7856
61.7856
61.7856
61.7856
61.7856
61.7856
61.7856
61.7856
61.7856
61.7856
61.7856
61.7856
61.7856
61.7856
61.7856
61.7856
61.7856
61.7856
61.7856
61.7856
61.7856
61.7856
61.7856
61.7856
61.7856
61.7856
61.7856
61.7856
61.7856
61.7856
61.7856
61.7856
61.7856
61.7856
61.7856
61.7856
61.7856
61.7856
61.7856
61.7856
61.7856
61.7856
61.7856
61.7856
61.7856
61.7856
61.7856
61.7856
61.7856
61.7856
61.7856
61.7856
61.7856
61.7856
61.7856
61.7856
61.7856
61.7856
61.7856
61.7856
61.7856
61.7856
61.7856
61.7856
61.7856
61.7856
61.7856
61.7856
61.7856
61.7856
61.7856
61.7856
61.7856
61.7856
61.7856
61.7856
61.7856
61.7856
61.7856
61.7856
61.7856
61.7856
61.7856
61.7856
61.7856
61.7856
61.7856
61.7856
61.7856
61.7856
61.7856
61.7856
61.7856
61.7856
61.7856
61.7856
61.7856
61.7856
61.7856
61.7856
61.7856
61.7856
61.7856
61.7856
61.7856
61.7856
61.7856
61.7856
61.7856
61.7856
61.7856
61.7856
61.7856
61.7856
61.7856
61.7856
61.7856
61.7856
61.7856
61.7856
61.7856
61.7856
61.7856
61.7856
61.7856
61.7856
61.7856
61.7856
61.7856
61.7856
61.7856
61.7856
61.7856
61.7856
61.7856
61.7856
61.7856
61.7856
61.7856
61.7856
61.7856
61.7856
61.7856
61.7856
61.7856
61.7856
61.7856
61.7856
61.7856
61.7856
61.7856
61.7856
61.7856
61.7856
61.7856
61.7856
61.7856
61.7856
61.7856
61.7856
61.7856
61.7856
61.7856
61.7856
61.7856
61.7856
61.7856
61.7856
61.7856
61.7856
61.7856
61.7856
61.7856
61.7856
61.7856
61.7856
61.7856
61.7856
61.7856
61.7856
61.7856
61.7856
61.7856
61.7856
61.7856
61.7856
61.7856
61.7856
61.7856
61.7856
61.7856
61.7856
61.7856
61.7856
61.7856
61.7856
61.7856
61.7856
61.7856
61.7856
61.7856
61.7856
61.7856
61.7856
61.7856
61.7856
61.7856
61.7856
61.7856
61.7856
61.7856
61.7856
61.7856
61.7856
61.7856
61.7856
61.7856
61.7856
61.7856
61.7856
61.7856
61.7856
61.7856
61.7856
61.7856
61.7856
61.7856
61.7856
61.7856
61.7856
61.7856
61.7856
61.7856
61.7856
61.7856
61.7856
61.7856
61.7856
61.7856
61.7856
61.7856
61.7856
61.7856
61.7856
61.7856
61.7856
61.7856
61.7856
61.7856
61.7856
61.7856
61.7856
61.7856
61.7856
61.7856
61.7856
61.7856
61.7856
61.7856
61.7856
61.7856
61.7856
61.7856
61.7856
61.7856
61.7856
61.7856
61.7856
61.7856
61.7856
61.7856
61.7856
61.7856
61.7856
61.7856
61.7856
61.7856
61.7856
61.7856
61.7856
61.7856
61.7856
61.7856
61.7856
61.7856
61.7856
61.7856
61.7856
61.7856
61.7856
61.7856
61.7856
61.7856
61.7856
61.7856
61.7856
61.7856
61.7856
61.7856
61.7856
61.7856
61.7856
61.7856
61.7856
61.7856
61.7856
61.7856
61.7856
61.7856
61.7856
61.7856
61.7856
61.7856
61.7856
61.7856
61.7856
61.7856
61.7856
61.7856
61.7856
61.7856
61.7856
61.7856
61.7856
61.7856
61.7856
61.7856
61.7856
61.7856
61.7856
61.7856
61.7856
61.7856
61.7856
61.7856
61.7856
61.7856
61.7856
61.7856
61.7856
61.7856
61.7856
61.7856
61.7856
61.7856
61.7856
61.7856
61.7856
61.7856
61.7856
61.7856
61.7856
61.7856
61.7856
61.7856
61.7856
61.7856
61.7856
61.7856
61.7856
61.7856
61.7856
61.7856
61.7856
61.7856
61.7856
61.7856
61.7856
61.7856
61.7856
61.7856
61.7856
61.7856
61.7856
61.7856
61.7856
61.7856
61.7856
61.7856
61.7856
61.7856
61.7856
61.7856
61.7856
61.7856
61.7856
61.7856
61.7856
61.7856
61.7856
61.7856
61.7856
61.7856
61.7856
61.7856
61.7856
61.7856
61.7856
61.7856
61.7856
61.7856
61.7856
61.7856
61.7856
61.7856
61.7856
61.7856
61.7856
61.7856
61.7856
61.7856
61.7856
61.7856
61.7856
61.7856
61.7856
61.7856
61.7856
61.7856
61.7856
61.7856
61.7856
61.7856
61.7856
61.7856
61.7856
61.7856
61.7856
61.7856
61.7856
61.7856
61.7856
61.7856
61.7856
61.7856
61.7856
61.7856
61.7856
61.7856
61.7856
61.7856
61.7856
61.7856
61.7856
61.7856
61.7856
61.7856
61.7856
61.7856
61.7856
61.7856
61.7856
61.7856
61.7856
61.7856
61.7856
61.7856
61.7856
61.7856
61.8534
61.7856
61.7856
61.7856
61.7856
61.7856
61.7856
61.7856
61.7856
61.7856
61.7856
61.7856
61.7856
61.7856
61.7856
61.7856
61.7856
61.7856
61.7856
61.7856
61.7856
61.7856
61.7856
61.7856
61.7856
61.7856
61.7856
61.7856
61.7856
61.7856
61.7856
61.7856
61.7856
61.7856
61.7856
61.7856
61.7856
61.7856
61.7856
61.7856
61.7856
61.7856
61.7856
61.7856
61.7856
61.7856
61.7856
61.7856
61.7856
61.7856
61.7856
61.7856
61.7856
61.7856
61.7856
61.7856
61.7856
61.7856
61.7856
61.7856
61.7856
61.7856
61.7856
61.7856
61.7856
61.7856
61.7856
61.7856
61.7856
61.7856
61.7856
61.7856
61.7856
61.7856
61.7856
61.7856
61.7856
61.7856
61.7856
61.7856
61.7856
61.7856
61.7856
61.7856
61.7856
61.7856
61.7856
61.7856
61.7856
61.7856
61.7856
61.7856
61.7856
61.7856
61.7856
61.7856
61.7856
61.7856
61.7856
61.7856
61.7856
61.7856
61.7856
61.7856
61.7856
61.7856
61.7856
61.7856
61.7856
61.7856
61.7856
61.7856
61.7856
61.7856
61.7856
61.7856
61.7856
61.7856
61.7856
61.7856
61.7856
61.7856
61.7856
61.7856
61.7856
61.7856
61.7856
61.7856
61.7856
61.7856
61.7856
61.7856
61.7856
61.7856
61.7856
61.7856
61.7856
61.7856
61.7856
61.7856
61.7856
61.7856
61.7856
61.7856
61.7856
61.7856
61.7856
61.7856
61.7856
61.7856
61.7856
61.7856
61.7856
61.7856
61.7856
61.7856
61.7856
61.7856
61.7856
61.7856
61.7856
61.7856
61.7856
61.7856
61.7856
61.7856
61.7856
61.7856
61.7856
61.7856
61.7856
61.7856
61.7856
61.7856
61.7856
61.7856
61.7856
61.7856
61.7856
61.7856
61.7856
61.7856
61.7856
61.7856
61.7856
61.7856
61.7856
61.7856
61.7856
61.7856
61.7856
61.7856
61.7856
61.7856
61.7856
61.7856
61.7856
61.7856
61.7856
61.7856
61.7856
61.7856
61.7856
61.7856
61.7856
61.7856
61.7856
61.7856
61.7856
61.7856
61.7856
61.7856
61.7856
61.7856
61.7856
61.7856
61.7856
61.7856
61.7856
61.7856
61.7856
61.7856
61.7856
61.7856
61.7856
61.7856
61.7856
61.7856
61.7856
61.7856
61.7856
61.7856
61.7856
61.7856
61.7856
61.7856
61.7856
61.7856
61.7856
61.7856
61.7856
61.7856
61.7856
61.7856
61.7856
61.7856
61.7856
61.7856
61.7856
61.7856
61.7856
61.7856
61.7856
61.7856
61.7856
61.7856
61.7856
61.7856
61.7856
61.7856
61.7856
61.7856
61.7856
61.7856
61.7856
61.7856
61.7856
61.7856
61.7856
61.7856
61.7856
61.7856
61.7856
61.7856
61.7856
61.7856
61.7856
61.7856
61.7856
61.7856
61.7856
61.7856
61.7856
61.7856
61.7856
61.7856
61.7856
61.7856
61.7856
61.7856
61.7856
61.7856
61.7856
61.7856
61.7856
61.7856
61.7856
61.7856
61.7856
61.7856
61.7856
61.7856
61.7856
61.7856
61.7856
61.7856
61.7856
61.7856
61.7856
61.7856
61.7856
61.7856
61.7856
61.7856
61.7856
61.7856
61.7856
61.7856
61.7856
61.7856
61.7856
61.7856
61.7856
61.7856
61.7856
61.7856
61.7856
61.7856
61.7856
61.7856
61.7856
61.7856
61.7856
61.7856
61.7856
61.7856
61.7856
61.7856
61.7856
61.7856
61.7856
61.7856
61.7856
61.7856
61.7856
61.7856
61.7856
61.7856
61.7856
61.7856
61.7856
61.7856
61.7856
61.7856
61.7856
61.7856
61.7856
61.7856
61.7856
61.7856
61.7856
61.7856
61.7856
61.7856
61.7856
61.7856
61.7856
61.7856
61.7856
61.7856
61.7856
61.7856
61.7856
61.7856
61.7856
61.7856
61.7856
61.7856
61.7856
61.7856
61.7856
61.7856
61.7856
61.7856
61.7856
61.7856
61.7856
61.7856
61.7856
61.7856
61.7856
61.7856
61.7856
61.7856
61.7856
61.7856
61.7856
61.7856
61.7856
61.7856
61.7856
61.7856
61.7856
61.7856
61.7856
61.7856
61.7856
61.7856
61.7856
61.7856
61.7856
61.7856
61.7856
61.7856
61.7856
61.7856
61.7856
61.7856
61.7856
61.7856
61.7856
61.7856
61.7856
61.7856
61.7856
61.7856
61.7856
61.7856
61.7856
61.7856
61.7856
61.7856
61.7856
61.7856
61.7856
61.7856
61.7856
61.7856
61.7856
61.7856
61.7856
61.7856
61.7856
61.7856
61.7856
61.7856
61.7856
61.7856
61.7856
61.7856
61.7856
61.7856
61.7856
61.7856
61.7856
61.7856
61.7856
61.7856
61.7856
61.7856
61.7856
61.7856
61.7856
61.7856
61.7856
61.7856
61.7856
61.7856
61.7856
61.7856
61.7856
61.7856
61.7856
61.7856
61.7856
61.7856
61.7856
61.7856
61.7856
61.7856
61.7856
61.7856
61.7856
61.7856
61.7856
61.7856
61.7856
61.7856
61.7856
61.7856
61.7856
61.7856
61.7856
61.7856
61.7856
61.7856
61.7856
61.7856
61.7856
61.7856
61.7856
61.7856
61.7856
61.7856
61.7856
61.7856
61.7856
61.7856
61.7856
61.7856
61.7856
61.7856
61.7856
61.7856
61.7856
61.7856
61.7856
61.7856
61.7856
61.7856
61.7856
61.7856
61.7856
61.7856
61.7856
61.7856
61.7856
61.7856
61.7856
61.7856
61.7856
61.7856
61.7856
61.7856
61.7856
61.7856
61.7856
61.7856
61.7856
61.7856
61.7856
61.7856
61.7856
61.7856
61.7856
61.7856
61.7856
61.7856
61.7856
61.7856
61.7856
61.7856
61.7856
61.7856
61.7856
61.7856
61.7856
61.7856
61.7856
61.7856
61.7856
61.7856
61.7856
61.7856
61.7856
61.7856
61.7856
61.7856
61.7856
61.7856
61.7856
61.7856
61.7856
61.7856
61.7856
61.7856
61.7856
61.7856
61.7856
61.7856
61.7856
61.7856
61.7856
61.7856
61.7856
61.7856
61.7856
61.7856
61.7856
61.7856
61.7856
61.7856
61.7856
61.7856
61.7856
61.7856
61.7856
61.7856
61.7856
61.7856
61.7856
61.7856
61.7856
61.7856
61.7856
61.7856
61.7856
61.7856
61.7856
61.7856
61.7856
61.7856
61.7856
61.7856
61.7856
61.7856
61.7856
61.7856
61.7856
61.7856
61.7856
61.7856
61.7856
61.7856
61.7856
61.7856
61.7856
61.7856
61.7856
61.7856
61.7856
61.7856
61.7856
61.7856
61.7856
61.7856
61.7856
61.7856
61.7856
61.7856
61.7856
61.7856
61.7856
61.7856
61.7856
61.7856
61.7856
61.7856
61.7856
61.7856
61.7856
61.7856
61.7856
61.7856
61.7856
61.7856
61.7856
61.7856
61.7856
61.7856
61.7856
61.7856
61.7856
61.7856
61.7856
61.7856
61.7856
61.7856
61.7856
61.7856
61.7856
61.7856
61.7856
61.7856
61.7856
61.7856
61.7856
61.7856
61.7856
61.7856
61.7856
61.7856
61.7856
61.7856
61.7856
61.7856
61.7856
61.7856
61.7856
61.7856
61.7856
61.7856
61.7856
61.7856
61.7856
61.7856
61.7856
61.7856
61.7856
61.7856
61.7856
61.7856
61.7856
61.7856
61.7856
61.7856
61.7856
61.7856
61.7856
61.7856
61.7856
61.7856
61.7856
61.7856
61.7856
61.7856
61.7856
61.7856
61.7856
61.7856
61.7856
61.7856
61.7856
61.7856
61.7856
61.7856
61.7856
61.7856
61.7856
61.7856
61.7856
61.7856
61.7856
61.7856
61.7856
61.7856
61.7856
61.7856
61.7856
61.7856
61.7856
61.7856
61.7856
61.7856
61.7856
61.7856
61.7856
61.7856
61.7856
61.7856
61.7856
61.7856
61.7856
61.7856
61.7856
61.7856
61.7856
61.7856
61.7856
61.7856
61.7856
61.7856
61.7856
61.7856
61.7856
61.7856
61.7856
61.7856
61.7856
61.7856
61.7856
61.7856
61.7856
61.7856
61.7856
61.7856
61.7856
61.7856
61.7856
61.7856
61.7856
61.7856
61.7856
61.7856
61.7856
61.7856
61.7856
61.7856
61.7856
61.7856
61.7856
61.7856
61.7856
61.7856
61.7856
61.7856
61.7856
61.7856
61.7856
61.7856
61.7856
61.7856
61.7856
61.7856
61.7856
61.7856
61.7856
61.7856
61.7856
61.7856
61.7856
61.7856
61.7856
61.7856
61.7856
61.7856
61.7856
61.7856
61.7856
61.7856
61.7856
61.7856
61.7856
61.7856
61.7856
61.7856
61.7856
61.7856
61.7856
61.7856
61.7856
61.7856
61.7856
61.7856
61.7856
61.7856
61.7856
61.7856
61.7856
61.7856
61.7856
61.7856
61.7856
61.7856
61.7856
61.7856
61.7856
61.7856
61.7856
61.7856
61.7856
61.7856
61.7856
61.7856
61.7856
61.7856
61.7856
61.7856
61.7856
61.7856
61.7856
61.7856
61.7856
61.7856
61.7856
61.7856
61.7856
61.7856
61.7856
61.7856
61.7856
61.7856
61.7856
61.7856
61.7856
61.7856
61.7856
61.7856
61.7856
61.7856
61.7856
61.7856
61.7856
61.7856
61.7856
61.7856
61.7856
61.7856
61.7856
61.7856
61.7856
61.7856
61.7856
61.7856
61.7856
61.7856
61.7856
61.7856
61.7856
61.7856
61.7856
61.7856
61.7856
61.7856
61.7856
61.7856
61.7856
61.7856
61.7856
61.7856
61.7856
61.7856
61.7856
61.7856
61.7856
61.7856
61.7856
61.7856
61.7856
61.7856
61.7856
61.7856
61.7856
61.7856
61.7856
61.7856
61.7856
61.7856
61.7856
61.7856
61.7856
61.7856
61.7856
61.7856
61.7856
61.7856
61.7856
61.7856
61.7856
61.7856
61.7856
61.7856
61.7856
61.7856
61.7856
61.7856
61.7856
61.7856
61.7856
61.7856
61.7856
61.7856
61.7856
61.7856
61.7856
61.7856
61.7856
61.7856
61.7856
61.7856
