# best half averages
2656.46
2515.41
2446.9
2372.06
2244.31
2075.52
1923.73
1826.69
1742.17
1678.88
1609.68
1519.94
1464.05
1431.95
1394.21
1319.2
1256.09
1193.98
1164.33
1149.06
1136.72
1121.9
1105.77
1091.17
1056.45
1049.66
1035.3
1002.07
989.946
974.217
940.892
901.773
885.045
862.106
849.027
839.747
828.923
814.171
790.689
780.566
769.898
755.656
741.714
735.551
724.746
720.692
713.342
701.647
681.161
671.404
664.131
652.532
647.753
639.11
628.476
615.215
597.671
580.268
560.61
554.799
547.231
543.206
539.542
539.153
537.467
535.8
530.217
522.825
517.159
516.994
515.456
508.663
508.208
506.68
502.472
493.147
489.324
487.501
486.43
483.294
475.884
472.899
459.602
456.521
447.259
424.087
420.714
407.319
398.032
396.35
389.85
388.397
382.469
376.031
375.159
372.365
371.854
369.227
368.791
365.837
363.395
358.685
354.41
352.411
350.395
345.882
341.849
341.78
343.814
340.973
340.82
340.182
340.954
337.322
335.197
328.993
324.565
320.966
315.389
312.677
308.616
307.69
306.468
303.79
301.937
303.304
300.595
296.463
295.086
293.274
287.72
283.452
273.902
264.338
257.033
254.354
254.354
254.282
254.211
253.855
251.846
250.758
250.667
250.199
249.826
249.239
248.088
247.666
246.533
244.227
241.819
240.882
236.076
235.852
235.782
235.481
233.319
230.287
225.417
223.524
222.394
220.896
219.81
219.143
217.461
219.279
232.982
215.68
214.582
217.03
216.693
214.065
213.533
211.235
210.651
208.669
208.519
208.082
205.627
204.206
201.685
201.325
200.667
199.828
198.619
196.549
198.948
193.512
191.783
190.057
187.917
184.01
182.733
179.129
179.025
178.859
178.442
177.214
177.079
176.963
176.538
176.019
177.883
194.291
173.735
176.876
173.842
178.625
171.491
171.401
171.401
171.401
171.401
171.401
171.367
176.779
170.226
169.723
169.723
169.723
169.723
169.723
169.723
169.723
169.707
169.668
169.505
169.925
167.385
165.878
162.66
155.271
154.5
153.361
152.073
152.024
151.802
151.145
150.719
150.058
150.058
150.058
150.058
150.058
150.058
150.058
150.058
150.006
149.79
149.329
147.681
146.268
146.264
146.264
146.247
146.198
145.982
145.437
145.437
145.437
145.437
145.428
145.411
145.264
145.005
144.916
144.87
144.506
143.56
142.953
141.886
140.775
138.167
137.923
136.678
133.766
133.766
133.766
133.753
133.766
133.766
133.729
133.654
133.456
132.393
131.698
131.212
131.193
131.193
131.142
130.884
130.022
127.691
125.362
124.729
123.62
122.36
122.267
121.988
121.988
121.988
121.988
121.933
121.766
121.042
119.205
119.205
119.205
119.205
119.192
119.179
119.154
119.051
118.949
118.538
118.379
117.77
117.227
117.201
117.111
116.724
116.566
116.548
116.41
116.116
116.105
116.105
116.116
116.116
116.039
115.722
114.853
112.293
112.293
112.293
112.293
112.293
112.293
112.293
112.293
112.293
112.287
112.262
112.119
111.945
111.816
111.404
111.372
111.372
111.404
111.404
111.365
111.272
110.925
110.422
110.109
109.929
109.14
108.6
108.53
108.302
107.759
107.753
107.747
107.706
107.475
107.463
107.457
107.431
107.357
107.123
107.138
107.138
107.138
107.138
107.138
107.138
107.138
107.138
107.138
107.138
107.107
106.983
108.158
105.589
105.579
105.579
105.54
105.443
105.103
105.089
105.089
105.103
105.103
105.103
105.103
105.103
105.103
105.103
105.103
104.791
104.526
104.072
102.689
104.874
101.359
99.0137
97.6484
97.211
96.3265
96.0511
95.4153
94.9489
94.892
94.7188
94.5684
94.5468
94.5243
94.3897
94.3741
94.3714
94.3714
94.3714
94.3714
94.3714
94.3692
94.3463
94.2153
93.9391
93.2496
93.2573
93.197
93.0763
92.835
92.835
92.8101
92.7357
92.5543
91.9834
91.4452
91.1459
90.5261
90.5261
90.522
90.5261
90.5261
90.5261
90.5261
90.5261
90.5261
90.5261
90.5261
90.5261
90.5261
90.5261
90.4175
90.0644
89.1681
89.1681
89.1681
89.1681
89.1681
89.1681
89.1681
89.1681
89.1681
89.1681
89.1593
89.2772
89.1681
89.1681
89.1681
89.1681
89.1681
89.1681
89.1681
89.1681
89.1681
89.1681
89.1681
89.1681
89.1681
89.1681
89.1681
89.1681
89.1681
89.1681
89.1681
89.1681
89.1681
89.1681
89.1681
89.1681
89.1681
89.1681
89.1681
89.1627
89.152
89.1305
89.0447
88.8998
88.8998
88.8998
88.8998
88.8998
88.7415
88.2314
86.0629
85.456
85.456
85.456
85.456
85.4349
85.4349
85.4138
85.3082
84.8016
84.4005
84.4005
84.4005
84.4005
84.4005
84.4005
84.4005
84.4005
84.4005
84.4005
84.4005
84.4005
84.4005
84.3673
84.3673
84.4005
84.4005
84.3959
84.3959
84.3856
84.3619
84.2824
84.1713
84.1275
84.1713
84.1713
84.1713
84.1713
84.1713
84.1713
84.1713
84.1713
84.1713
84.0792
83.7501
82.6205
82.5926
82.4977
82.4241
82.2743
82.0425
81.5394
81.4752
81.2061
80.875
80.1148
79.9604
79.9352
79.8583
79.712
79.4489
79.3652
79.2425
79.1102
79.0823
78.9874
78.9874
78.9874
78.9874
78.9874
78.9874
78.9874
78.9874
78.9874
78.9874
78.9874
78.9874
78.9874
78.9551
78.9551
78.8992
78.7051
78.1546
77.5532
77.3353
77.2599
77.2348
77.2348
77.2348
77.213
77.1933
77.0688
76.6012
76.251
76.251
76.251
76.251
76.251
76.251
76.251
76.251
76.251
76.251
76.251
76.251
76.251
76.251
76.251
76.251
76.2437
76.2437
76.2364
76.2144
76.1704
76.0384
75.8844
75.8844
75.8844
75.8838
75.8809
75.874
75.8467
75.8116
75.6623
75.4164
75.4164
75.4164
75.4164
75.408
75.3643
75.2649
75.0447
74.7483
74.5507
74.371
74.371
74.3656
74.5164
74.371
74.371
74.371
74.371
74.371
74.371
74.371
74.371
74.371
74.371
74.2831
74.2612
74.1675
73.5436
73.2731
73.2515
73.2139
73.1117
73.0041
73.0041
72.9803
72.9446
72.8056
72.8056
72.8056
72.8056
72.8056
72.8056
72.8056
72.8056
72.8056
72.8056
72.8056
72.8056
72.8056
72.8056
72.8056
72.8056
72.8056
72.8056
72.8056
72.8056
72.8056
72.8056
72.8056
72.8056
72.8056
72.8056
72.8056
72.8056
72.8056
72.8056
72.8056
72.8056
72.8056
72.8056
72.8056
72.8056
72.8052
72.8038
72.7989
72.7833
72.7833
72.7833
72.7833
72.7833
72.7833
72.7833
72.7833
72.7833
72.7813
72.7793
72.7734
72.7695
72.744
72.6851
72.6851
72.6851
72.6851
72.6851
72.6851
72.6851
72.6851
72.6851
72.6851
72.6851
72.6851
72.6851
72.6851
72.6851
72.6851
72.6851
72.6851
72.6851
72.6851
72.6851
72.6851
72.6851
72.6851
72.6851
72.6851
72.6851
72.6851
72.6851
72.6851
72.6851
72.6851
72.6813
72.666
72.6356
72.5953
72.4947
72.4947
72.4947
72.4947
72.4947
72.4947
72.4947
72.4947
72.4947
72.4947
72.4947
72.4947
72.4947
72.4947
72.4947
72.4947
72.4947
72.4947
72.4947
72.4947
72.4947
72.4947
72.4947
72.4947
72.4947
72.4947
72.4947
72.4947
72.4947
72.4947
72.4947
72.4947
72.4947
72.4947
72.4947
72.4947
72.4947
72.4947
72.4947
72.4947
72.4947
72.4947
72.4947
72.4947
72.4947
72.4947
72.4947
72.4947
72.4947
72.4947
72.4947
72.4947
72.4947
72.4947
72.4947
72.4947
72.4947
72.4947
72.4947
72.4947
72.7697
72.4947
72.6547
72.4947
72.4947
72.4947
72.4947
72.4947
72.4947
72.4947
72.4947
72.4947
72.4947
72.4947
72.4947
72.4947
72.4947
72.4947
72.4947
72.4947
72.4947
72.4947
72.4947
72.4947
72.4947
72.4947
72.4947
72.4947
72.4947
72.4947
72.4947
72.4947
72.4947
72.4947
72.4947
72.4947
72.4947
72.4947
72.4914
72.4816
72.4553
72.3371
72.3305
72.3305
72.3305
72.3305
72.3305
72.3305
72.3305
72.3233
72.3233
72.3233
72.3089
72.3265
72.3305
72.3305
72.3305
72.3305
72.3305
72.3305
72.3305
72.3305
72.3305
72.3305
72.3305
72.3305
72.3305
72.3305
72.3305
72.5227
72.3305
72.3305
85.7482
90.0672
73.0137
72.3181
72.3305
72.3305
72.3305
72.3305
72.3247
72.3189
72.2958
72.1974
72.0411
72.0411
72.0411
72.0411
72.0411
72.0411
72.0411
72.0411
72.0411
72.0411
72.0411
72.0411
72.0411
72.0411
72.0411
72.0411
72.0411
72.0411
72.0411
72.0411
72.0237
72.0237
72.0063
72.0745
72.0324
72.0063
71.989
71.9716
72.9964
74.9886
72.3661
71.6071
71.6071
71.6071
71.6071
71.6071
71.6071
71.6071
71.6071
71.6071
71.6071
71.6071
71.6071
71.6071
71.6071
71.6071
71.6071
71.6071
71.6071
71.6071
71.5302
71.3763
70.8377
70.8377
70.8377
70.8377
70.8377
70.8377
70.8377
70.8377
70.8377
70.8377
70.8377
70.8377
70.8377
70.8377
70.8377
70.8377
70.8377
70.8377
70.8377
70.8377
70.8377
70.8377
70.8377
70.8144
70.7912
70.7408
70.6438
70.6438
70.6438
70.6438
70.6438
70.6438
70.6438
70.6438
70.6438
70.6438
70.6427
70.6427
70.6383
70.6161
70.5884
70.5884
70.5884
70.5884
70.5884
70.5884
70.5884
70.5884
70.5884
70.5884
70.5884
70.5884
70.5884
70.5884
70.5884
70.5884
70.5884
70.5884
70.5884
70.5884
70.5884
70.5884
70.5884
70.5884
70.5884
70.5884
70.5884
70.5884
70.5884
70.5884
70.5884
70.5884
70.5884
70.5884
70.5884
70.5884
70.5884
70.5884
70.5409
70.3792
70.113
70.113
70.113
70.113
70.113
70.113
70.113
70.113
70.113
70.113
70.113
70.113
70.113
70.113
70.113
70.113
70.113
70.113
70.113
70.113
70.113
70.113
70.113
70.113
70.113
70.113
70.113
70.113
70.113
70.113
70.113
70.113
70.113
70.113
70.113
70.113
70.113
70.113
70.113
70.113
70.113
70.113
70.113
70.113
70.113
70.113
70.113
70.113
70.113
70.113
70.113
70.113
70.113
70.113
70.113
70.113
70.113
70.113
70.113
70.113
70.113
70.113
70.113
70.113
70.113
70.113
70.113
70.113
70.0949
70.0587
69.9864
69.6611
69.2092
69.2092
69.2092
69.2092
69.2092
69.2092
69.2092
69.2092
69.2092
69.2092
69.2092
69.2092
69.2092
69.2092
69.2092
69.2062
69.2092
69.2092
69.2092
69.2092
69.2062
69.2032
69.1941
69.188
69.1759
69.1306
69.0579
69.0579
69.0579
69.0579
69.0579
69.0218
69.7164
69.0128
69.0308
69.0308
68.9899
68.9947
68.6112
68.3648
68.3648
68.3648
68.3648
68.3648
68.3648
68.3648
68.3648
68.3648
68.3648
68.3648
68.3648
68.3648
68.3648
68.3648
68.3648
68.3648
68.3648
68.3648
68.3648
68.3648
68.3648
68.3648
68.3648
68.3648
68.3648
68.3648
68.3648
68.3648
68.3648
68.3648
68.3648
68.3648
68.3648
68.3648
68.3648
68.3648
68.3648
68.3648
68.3648
68.3648
68.3648
68.3648
68.3648
68.3648
68.3648
68.3648
68.3648
68.3648
68.3648
68.3648
68.3648
68.3648
68.3648
68.3648
68.3648
68.3648
68.3648
68.3648
68.3648
68.3648
68.3648
68.3648
68.3648
68.3648
68.3648
68.3648
68.3648
68.3648
68.3648
68.3648
68.3648
68.3648
68.3648
68.3648
68.3648
68.3648
68.3648
68.3648
68.3648
68.3648
68.3648
68.3648
68.3648
68.3648
68.3648
68.3648
68.3648
68.3648
68.3648
68.3648
68.3648
68.3648
68.3648
68.3648
68.3648
68.3648
68.3648
68.3648
68.3648
68.3648
68.3648
68.3583
68.3421
68.2967
68.2026
68.2026
68.2026
68.2026
68.2026
68.2026
68.2026
68.2026
68.2026
68.2026
68.2026
68.2026
68.2026
68.2026
68.2026
68.2026
68.2026
68.2026
68.2026
68.2026
68.2026
68.2026
68.2026
68.2026
68.2026
68.2026
68.2026
68.2026
68.2026
68.2026
68.2026
68.2026
68.2026
68.2026
68.2026
68.2026
68.2026
68.2026
68.2026
68.2026
68.2026
68.2026
68.2026
68.2026
68.2026
68.2026
68.2026
68.2026
68.2026
68.2026
68.2026
68.2026
68.2026
68.2026
68.2026
68.2026
68.2026
68.2026
68.2026
68.2026
68.2026
68.2026
68.2026
68.2026
68.2026
68.2026
68.2026
68.2026
68.2026
68.2026
68.2026
68.2026
68.2026
68.2026
68.2026
68.2026
68.2026
68.2026
68.2026
68.2026
68.2026
68.2026
68.2026
68.2026
68.2026
68.2026
68.2026
68.2026
68.2026
68.2026
68.2026
68.2026
68.2026
68.2026
68.2026
68.2026
68.2026
68.2026
68.2026
68.2026
68.2026
68.2026
68.2026
68.2026
68.2026
68.2026
68.2026
68.2026
68.2026
68.2026
68.2026
68.2026
68.2026
68.2026
68.2026
68.2026
68.2026
68.2026
68.2026
68.2026
68.2026
68.2026
68.2026
68.2026
68.2026
68.2026
68.2026
68.2026
68.2026
68.2026
68.2026
68.2026
68.191
68.1677
68.0952
68.0575
68.0575
68.0575
68.0575
68.0575
68.0575
68.0575
68.0575
68.0575
68.0575
68.0575
68.0575
68.0575
68.0575
68.0575
68.0575
68.0575
68.0575
68.0575
68.0575
68.0575
68.0575
68.0575
68.0575
68.0575
68.0575
68.0575
68.0575
68.0575
68.0575
68.0575
68.0575
68.0575
68.0575
68.0575
68.0575
68.0575
68.0575
68.0575
68.0575
68.0575
68.0575
68.0575
68.0575
68.0575
68.0575
68.0575
68.0575
68.0575
68.0575
68.0575
68.0575
68.0575
68.0575
68.0575
68.0575
68.0575
68.0575
68.0575
68.0575
68.0575
68.0575
68.0575
68.0575
68.0575
68.0575
68.0575
68.0575
68.0575
68.0464
68.0464
68.0132
67.8533
67.6248
67.3554
67.1675
67.1675
67.1675
67.1675
67.1675
67.1675
67.1675
67.1675
67.1675
67.1675
67.1675
67.1675
67.1675
67.1675
67.1675
67.1675
67.1675
67.1675
67.1675
67.1675
67.1675
67.1675
67.1425
67.0739
66.9117
66.8556
66.8556
66.8556
66.8556
66.8556
66.8556
66.8556
66.8362
66.8104
66.7587
66.6488
66.5325
66.5325
66.5325
66.5325
66.5325
66.5325
66.5325
66.5325
66.5325
66.5325
66.5325
66.5325
66.5325
66.5325
66.5325
66.5325
66.5325
66.5325
66.5325
66.5325
66.5325
66.5325
66.5325
66.5325
66.5325
66.5325
66.4693
66.3902
66.2954
65.9791
65.7419
65.7419
65.7419
65.7419
65.7419
65.7419
65.7419
65.7419
65.7419
65.7419
65.7419
65.7419
65.7419
65.7419
65.7419
65.7419
65.7419
65.7419
65.7419
65.7419
65.7419
65.7419
65.7419
65.7419
65.7419
65.7419
65.7419
65.7419
65.7419
65.7419
65.7419
65.7419
65.7419
65.7419
65.7419
65.7419
65.7419
65.7419
65.7419
65.7419
65.7419
65.7276
65.7132
65.6359
65.7645
65.1379
65.0229
65.0229
65.0229
65.0229
65.0229
65.0229
65.0229
65.0229
65.0229
65.0229
65.0229
65.0229
65.0229
65.0229
65.0229
65.0229
65.0229
65.0229
65.0229
65.0229
65.0229
65.0229
65.0229
65.0229
65.0229
65.0229
65.0229
65.0229
65.0229
65.0229
65.0229
65.0229
65.0229
65.0229
65.0229
65.0229
65.0229
65.0229
65.0229
65.0229
65.0229
65.0229
65.0229
65.0229
65.0229
65.0229
65.0229
65.0229
65.0229
65.0229
65.0229
65.0229
65.0229
65.0229
65.0229
65.0229
65.0229
65.0229
65.0229
65.0229
65.0197
65.0165
64.9955
64.9425
64.9425
64.9425
64.9425
64.9425
64.9425
64.9425
64.9425
64.9425
64.9425
64.9425
64.9425
64.9425
64.9425
64.9425
64.9425
64.9425
64.9425
64.9425
64.9425
64.9425
64.9425
64.9425
64.9425
64.9425
64.9425
64.9425
64.9425
64.9425
64.9425
64.9425
64.9425
64.9425
64.9425
64.9425
64.9425
64.9425
64.9425
64.9425
64.9425
64.9425
64.9425
64.9425
64.9425
64.9425
64.9425
64.9425
64.9425
64.9425
64.9425
64.9425
64.9425
64.9425
64.9425
64.9425
64.9425
64.9425
64.9425
64.9425
64.9425
64.9425
64.9425
64.9425
64.9425
64.9425
64.9425
64.9425
64.9425
64.9425
64.9425
64.9425
64.9425
64.9425
64.9425
64.9425
64.9425
64.9425
64.9425
64.9425
64.9425
64.9425
64.9425
64.9425
64.9425
64.9425
64.9425
64.9425
64.9425
64.9425
64.9425
64.9425
64.9425
64.9425
64.9425
64.9425
64.9425
64.9425
64.9425
64.9425
64.9425
64.9425
64.9425
64.9425
64.9425
64.9425
64.9425
64.9425
64.9425
64.9425
64.9425
64.9425
64.9425
64.9425
64.9425
64.9425
64.9425
64.9425
64.9425
64.9425
64.9425
64.9425
64.9425
64.9425
64.9425
64.9425
64.9425
64.9425
64.9425
64.9425
64.9425
64.9425
64.9425
64.9425
64.9425
64.9425
64.9425
64.9425
64.9425
64.9425
64.9425
64.9425
64.9425
64.9425
64.9425
64.9425
64.9425
64.9425
64.9425
64.9425
64.9425
64.9425
64.9425
64.9425
64.9425
64.9425
64.9425
64.9425
64.9425
64.9425
64.9425
64.9425
64.9425
64.9425
64.9425
64.9425
64.9425
64.9425
64.9425
64.9425
64.9425
64.9425
64.9425
64.9425
64.9425
64.9425
64.9425
64.9425
64.9425
64.9425
64.9425
64.9425
64.9425
64.9425
64.9425
64.9425
64.9425
64.9425
64.9425
64.9425
64.9425
64.9425
64.9425
64.9425
64.9425
64.9425
64.9425
64.9425
64.9425
64.9425
64.9425
64.9425
64.9425
64.9425
64.9425
64.9425
64.9425
64.9425
64.9425
64.9425
64.9425
64.9425
64.9425
64.9425
64.9425
64.9425
64.9425
64.9425
64.9425
64.9425
64.9425
64.9425
64.9425
64.9425
64.9425
64.9425
64.9425
64.9425
64.9425
64.9425
64.9425
64.9425
64.9425
64.9425
64.9425
64.9425
64.9425
64.9425
64.9425
64.9425
64.9425
64.9425
64.9425
64.9425
64.9425
64.9425
64.9425
64.9425
64.9425
64.9425
64.9425
64.9425
64.9425
64.9425
64.9425
64.9425
64.9425
64.9425
64.9425
64.9425
64.9425
64.9425
64.9425
64.9425
64.9425
64.9425
64.9425
64.9425
64.9425
64.9425
64.9425
64.9425
64.9425
64.9425
64.9425
64.9425
64.9425
64.9425
64.9425
64.9425
64.9425
64.9425
64.9425
64.9425
64.9425
64.9425
64.9425
64.9425
64.9425
64.9425
64.9425
64.9425
64.9425
64.9425
64.9425
64.9425
64.9425
64.9425
64.9425
64.9425
64.9425
64.9425
64.9425
64.9425
64.9425
64.9425
64.9425
64.9425
64.9425
64.9425
64.9425
64.9425
64.9425
64.9425
64.9425
64.9425
64.9425
64.9425
64.9425
64.9425
64.9425
64.9425
64.9425
64.9425
64.9425
64.9425
64.9425
64.9425
64.9425
64.9425
64.9425
64.9425
64.9425
64.9425
64.9425
64.9425
64.9425
64.9425
64.9425
64.9425
64.9425
64.9425
64.9425
64.9425
64.9425
64.9425
64.9425
64.9425
64.9425
64.9425
64.9425
64.9425
64.9425
64.9425
64.9425
64.9425
64.9425
64.9425
64.9425
64.9425
64.9425
64.9425
64.9425
64.9425
64.9425
64.9425
64.9425
64.9425
64.9425
64.9425
64.9425
64.9425
64.9425
64.9425
64.9425
64.9425
64.9425
64.9425
64.9425
64.9425
64.9425
64.9425
64.9425
64.9425
64.9425
64.9425
64.9425
64.9425
64.9425
64.9425
64.9425
64.9425
64.9425
64.9425
64.9425
64.9425
64.9425
64.9425
64.9425
64.9425
64.9425
64.9425
64.9425
64.9425
64.9425
64.9425
64.9425
64.9425
64.9425
64.9425
64.9425
64.9425
64.9425
64.9425
64.9425
64.9425
64.9425
64.9425
64.9425
64.9425
64.9425
64.9425
64.9425
64.9425
64.9425
64.9425
64.9425
64.9425
64.9425
64.9425
64.9425
64.9425
64.9425
64.9425
64.9425
64.9425
64.9425
64.9425
64.9425
64.9425
64.9425
64.9425
64.9425
64.9425
64.9425
64.9425
64.9425
64.9425
64.9425
64.9425
64.9425
64.9425
64.9425
64.9425
64.9425
64.9425
64.9425
64.9425
64.9425
64.9425
64.9425
64.9425
64.9425
64.9425
64.9425
64.9425
64.9425
64.9425
64.9425
64.9425
64.9425
64.9425
64.9425
64.9425
64.9425
64.9425
64.9425
64.9425
64.9425
64.9425
64.9602
64.9425
64.9425
64.9425
64.9425
64.9425
64.9425
64.9425
64.9425
64.9425
64.9425
64.9425
64.9425
64.9425
64.9425
64.9425
64.9425
64.9425
64.9425
64.9425
64.9425
64.9425
64.9425
64.9425
64.9425
64.9425
64.9425
64.9425
64.9425
64.9425
64.9425
64.9425
64.9425
64.9425
64.9425
64.9425
64.9425
64.9425
64.9425
64.9425
64.9425
64.9425
64.9425
64.9425
64.9425
64.9425
64.9425
64.9425
64.9425
64.9425
64.9425
64.9425
64.9425
64.9425
64.9425
64.9425
64.9425
64.9425
64.9425
64.9425
64.9425
64.9425
64.9425
64.9425
64.9425
64.9425
64.9425
64.9425
64.9425
64.9425
64.9425
64.9425
64.9425
64.9425
64.9425
64.9425
64.9425
64.9425
64.9425
64.9425
64.9425
64.9425
64.9425
64.9425
64.9425
64.9425
64.9425
64.9425
64.9425
64.9425
64.9425
64.9425
64.9425
64.9425
64.9425
64.9425
64.9425
64.9425
64.9425
64.9425
64.9425
64.9425
64.9425
64.9425
64.9425
64.9425
64.9425
64.9425
64.9425
64.9425
64.9425
64.9425
64.9425
64.9425
64.9425
64.9425
64.9425
64.9425
64.9425
64.9425
64.9425
64.9425
64.9425
64.9425
64.9425
64.9425
64.9425
64.9425
64.9425
64.9425
64.9425
64.9425
64.9425
64.9425
64.9425
64.9425
64.9425
64.9425
64.9425
64.9425
64.9425
64.9425
64.9425
64.9425
64.9425
64.9425
64.9425
64.9425
64.9425
64.9425
64.9425
64.9425
64.9425
64.9425
64.9425
64.9425
64.9425
64.9425
64.9425
64.9425
64.9425
64.9425
64.9425
64.9425
64.9425
64.9425
64.9425
64.9425
64.9425
64.9425
64.9425
64.9425
64.9425
64.9425
64.9425
64.9425
64.9425
64.9425
64.9425
64.9425
64.9425
64.9425
64.9425
64.9425
64.9425
64.9425
64.9425
64.9425
64.9425
64.9425
64.9425
64.9425
64.9425
64.9425
64.9425
64.9425
64.9425
64.9425
64.9425
64.9425
64.9425
64.9425
64.9425
64.9425
64.9425
64.9425
64.9425
64.9425
64.9425
64.9425
64.9425
64.9425
64.9425
64.9425
64.9425
64.9425
64.9425
64.9425
64.9425
64.9425
64.9425
64.9425
64.9425
64.9425
64.9425
64.9425
64.9425
64.9425
64.9425
64.9425
64.9425
64.9425
64.9425
64.9425
64.9425
64.9425
64.9425
64.9425
64.9425
64.9425
64.9425
64.9425
64.9425
64.9425
64.9425
64.9425
64.9425
64.9425
64.9425
64.9425
64.9425
64.9425
64.9425
64.9425
64.9425
64.9425
64.9425
64.9425
64.9425
64.9425
64.9425
64.9425
64.9425
64.9425
64.9425
64.9425
64.9425
64.9425
64.9425
64.9425
64.9425
64.9425
64.9425
64.9425
64.9425
64.9425
64.9425
64.9425
64.9425
64.9425
64.9425
64.9425
64.9425
64.9425
64.9425
64.9425
64.9425
64.9425
64.9425
64.9425
64.9425
64.9425
64.9425
64.9425
64.9425
64.9425
64.9425
64.9425
64.9425
64.9425
64.9425
64.9425
64.9425
64.9425
64.9425
64.9425
64.9425
64.9425
64.9425
64.9425
64.9425
64.9425
64.9425
64.9425
64.9425
64.9425
64.9425
64.9425
64.9425
64.9425
64.9425
64.9425
64.9425
64.9425
64.9425
64.9425
64.9425
64.9425
64.9425
64.9425
64.9425
64.9425
64.9425
64.9425
64.9425
64.9425
64.9425
64.9425
64.9425
64.9425
64.9425
64.9425
64.9425
64.9425
64.9425
64.9425
64.9425
64.9425
64.9425
64.9425
64.9425
64.9425
64.9425
64.9425
64.9425
64.9425
64.9425
64.9425
64.9425
64.9425
64.9425
64.9425
64.9425
64.9425
64.9425
64.9425
64.9425
64.9425
64.9425
64.9425
64.9425
64.9425
64.9425
64.9425
64.9425
64.9425
64.9425
64.9425
64.9425
64.9425
64.9425
64.9425
64.9425
64.9425
64.9425
64.9425
64.9425
64.9425
64.9425
64.9425
64.9425
64.9425
64.9425
64.9425
64.9425
64.9425
64.9425
64.9425
64.9425
64.9425
64.9425
64.9425
64.9425
64.9425
64.9425
64.9425
64.9425
64.9425
64.9425
64.9425
64.9425
64.9425
64.9425
64.9425
64.9425
64.9425
64.9425
64.9425
64.9425
64.9425
64.9425
64.9425
64.9425
64.9425
64.9425
64.9425
64.9425
64.9425
64.9425
64.9425
64.9425
64.9425
64.9425
64.9425
64.9425
64.9425
64.9425
64.9425
64.9425
64.9425
64.9425
64.9425
64.9425
64.9425
64.9425
64.9425
64.9425
64.9425
64.9425
64.9425
64.9425
64.9425
64.9425
64.9425
64.9425
64.9425
64.9425
64.9425
64.9425
64.9425
64.9425
64.9425
64.9425
64.9425
64.9425
64.9425
64.9425
64.9425
64.9425
64.9425
64.9425
64.9425
64.9425
64.9425
64.9425
64.9425
64.9425
64.9425
64.9425
64.9425
64.9425
64.9425
64.9425
64.9425
64.9425
64.9425
64.9425
64.9425
64.9425
64.9425
64.9425
64.9425
64.9425
64.9425
64.9425
64.9425
64.9425
64.9425
64.9425
64.9425
64.9425
64.9425
64.9425
64.9425
64.9425
64.9425
64.9425
64.9425
64.9425
64.9425
64.9425
64.9425
64.9425
64.9425
64.9425
64.9425
64.9425
64.9425
64.9425
64.9425
64.9425
64.9425
64.9425
64.9425
64.9425
64.9425
64.9425
64.9425
64.9425
64.9425
64.9425
64.9425
64.9425
64.9425
64.9425
64.9425
64.9425
64.9425
64.9425
64.9425
64.9425
64.9425
64.9425
64.9425
64.9425
64.9425
64.9425
64.9425
64.9425
64.9425
64.9425
64.9425
64.9425
64.9425
64.9425
64.9425
64.9425
64.9425
64.9425
64.9425
64.9425
64.9425
64.9425
64.9425
64.9425
64.9425
64.9425
64.9425
64.9425
64.9425
64.9425
64.9425
64.9425
64.9425
64.9425
64.9425
64.9425
64.9425
64.9425
64.9425
64.9425
64.9425
64.9425
64.9425
64.9425
64.9425
64.9425
64.9425
64.9425
64.9425
64.9425
64.9425
64.9425
64.9425
64.9425
64.9425
64.9425
64.9425
64.9425
64.9425
64.9425
64.9425
64.9425
64.9425
64.9425
64.9425
64.9425
64.9425
64.9425
64.9425
64.9425
64.9425
64.9425
64.9425
64.9425
64.9425
64.9425
64.9425
64.9425
64.9425
64.9425
64.9425
64.9425
64.9425
64.9425
64.9425
64.9425
64.9425
64.9425
64.9425
64.9425
64.9425
64.9425
64.9425
64.9425
64.9425
64.9425
64.9425
64.9425
64.9425
64.9425
64.9425
64.9425
64.9425
64.9425
64.9425
64.9425
64.9425
64.9425
64.9425
64.9425
64.9425
64.9425
64.9425
64.9425
64.9425
64.9425
64.9425
64.9425
64.9425
64.9425
64.9425
64.9425
64.9425
64.9425
64.9425
64.9425
64.9425
64.9425
64.9425
64.9425
64.9425
64.9425
64.9425
64.9425
64.9425
64.9425
64.9425
64.9425
64.9425
64.9425
64.9425
64.9425
64.9425
64.9425
64.9425
64.9425
64.9425
64.9425
64.9425
64.9425
64.9425
64.9425
64.9425
64.9425
64.9425
64.9425
64.9425
64.9425
64.9425
64.9425
64.9425
64.9425
64.9425
64.9425
64.9425
64.9425
64.9425
64.9425
64.9425
64.9425
64.9425
64.9425
64.9425
64.9425
64.9425
64.9425
64.9425
64.9425
64.9425
64.9425
64.9425
64.9425
64.9425
64.9425
64.9425
64.9425
64.9425
64.9425
64.9425
64.9425
64.9425
64.9425
64.9425
64.9425
64.9425
64.9425
64.9425
64.9425
64.9425
64.9425
64.9425
64.9425
64.9425
64.9425
64.9425
64.9425
64.9425
64.9425
64.9425
64.9425
64.9425
64.9425
64.9425
64.9425
64.9425
64.9425
64.9425
64.9425
64.9425
64.9425
64.9425
64.9425
64.9425
64.9425
64.9425
64.9425
64.9425
64.9425
64.9425
64.9425
64.9425
64.9425
64.9425
64.9425
64.9425
64.9425
64.9425
64.9425
64.9425
64.9425
64.9425
64.9425
64.9425
64.9425
64.9425
64.9425
64.9425
64.9425
64.9425
64.9425
64.9425
64.9425
64.9425
64.9425
64.9425
64.9425
64.9425
64.9425
64.9425
64.9425
64.9425
64.9425
64.9425
64.9425
64.9425
64.9425
64.9425
64.9425
64.9425
64.9425
64.9425
64.9425
64.9425
64.9425
64.9425
64.9425
64.9425
64.9425
64.9425
64.9425
64.9425
64.9425
64.9425
64.9425
64.9425
64.9425
64.9425
64.9425
64.9425
64.9425
64.9425
64.9425
64.9425
64.9425
64.9425
64.9425
64.9425
64.9425
64.9425
64.9425
64.9425
64.9425
64.9425
64.9425
64.9425
64.9425
64.9425
64.9425
64.9425
64.9425
64.9425
64.9425
64.9425
64.9425
64.9425
64.9425
64.9425
64.9425
64.9425
64.9425
64.9425
64.9425
64.9425
64.9425
64.9425
64.9425
64.9425
64.9425
64.9425
64.9425
64.9425
64.9425
64.9425
64.9425
64.9425
64.9425
64.9425
64.9425
64.9425
64.9425
64.9425
64.9425
64.9425
64.9425
64.9425
64.9425
64.9425
64.9425
64.9425
64.9425
64.9425
64.9425
64.9425
64.9425
64.9425
64.9425
64.9425
64.9425
64.9425
64.9425
64.9425
64.9425
64.9425
64.9425
64.9425
64.9425
64.9425
64.9425
64.9425
64.9425
64.9425
64.9425
64.9425
64.9425
64.9425
64.9425
64.9425
64.9425
64.9425
64.9425
64.9425
64.9425
64.9425
64.9425
64.9425
64.9425
64.9425
64.9425
64.9425
64.9425
64.9425
64.9425
64.9425
64.9425
64.9425
64.9425
64.9425
64.9425
64.9425
64.9425
64.9425
64.9425
64.9425
64.9425
64.9425
64.9425
64.9425
64.9425
64.9425
64.9425
64.9425
64.9425
64.9425
64.9425
64.9425
64.9425
64.9425
64.9425
64.9425
64.9425
64.9425
64.9425
64.9425
64.9425
64.9425
64.9425
64.9425
64.9425
64.9425
64.9425
64.9425
64.9425
64.9425
64.9425
64.9425
64.9425
64.9425
64.9425
64.9425
64.9425
64.9425
64.9425
64.9425
64.9425
64.9425
64.9425
64.9425
64.9425
64.9425
64.9425
64.9425
64.9425
64.9425
64.9425
64.9425
64.9425
64.9425
64.9425
64.9425
64.9425
64.9425
64.9425
64.9425
64.9425
64.9425
64.9425
64.9425
64.9425
64.9425
64.9425
64.9425
64.9425
64.9425
64.9425
64.9425
64.9425
64.9425
64.9425
64.9425
64.9425
64.9425
64.9425
64.9425
64.9425
64.9425
64.9425
64.9425
64.9425
64.9425
64.9425
64.9425
64.9425
64.9425
64.9425
64.9425
64.9425
64.9425
64.9425
64.9425
64.9425
64.9425
64.9425
64.9425
64.9425
64.9425
64.9425
64.9425
64.9425
64.9425
64.9425
64.9425
64.9425
64.9425
64.9425
64.9425
64.9425
64.9425
64.9425
64.9425
64.9425
64.9425
64.9425
64.9271
64.8735
64.7508
64.5592
64.5592
64.5592
64.5592
64.5592
64.5592
64.5592
64.5592
64.5592
64.5592
64.5592
64.5592
64.5592
64.5592
64.5592
64.5592
64.5592
64.5592
64.5592
64.5592
64.5592
64.5592
64.5592
64.5592
64.5592
64.5592
64.5592
64.5592
64.5592
64.5592
64.5592
64.5592
64.5592
64.5592
64.5592
64.5592
64.5592
64.5592
64.5592
64.5592
64.5592
64.5592
64.5592
64.5592
64.5592
64.5592
64.5592
64.5592
64.5592
64.5592
64.5592
64.5592
64.5592
64.5592
64.5592
64.5592
64.5592
64.5592
64.5592
64.5592
64.5592
64.5592
64.5592
64.5592
64.5592
64.5592
64.5592
64.5592
64.5592
64.5592
64.5592
64.5592
64.5592
64.5592
64.5592
64.5592
64.5592
64.5592
64.5592
64.5592
64.5592
64.5592
64.5592
64.5592
64.5592
64.5592
64.5592
64.5592
64.5592
64.5592
64.5592
64.5592
64.5592
64.5592
64.5592
64.5592
64.5592
64.5592
64.5592
64.5592
64.5592
64.5592
64.5592
64.5592
64.5592
64.5592
64.5592
64.5592
64.5592
64.5592
64.5592
64.5592
64.5592
64.5592
64.5592
64.5592
64.5592
64.5592
64.5592
64.5592
64.5592
64.5592
64.5592
64.5592
64.5592
64.5592
64.5592
64.5592
64.5592
64.5592
64.5592
64.5592
64.5592
64.5592
64.5592
64.5592
64.5592
64.5592
64.5592
64.5592
64.5592
64.5592
64.5592
64.5592
64.5592
64.5592
64.5592
64.5592
64.5592
64.5592
64.5592
64.5592
64.5592
64.5592
64.5592
64.5592
64.5592
64.5592
64.5592
64.5592
64.5592
64.5592
64.5592
64.5592
64.5592
64.5592
64.5592
64.5592
64.5592
64.5592
64.5592
64.5592
64.5592
64.5592
64.5592
64.5592
64.5592
64.5592
64.553
64.5406
64.5095
64.3669
64.249
64.249
64.249
64.249
64.249
64.249
64.249
64.249
64.249
64.249
64.249
64.249
64.249
64.249
64.249
64.249
64.249
64.249
64.249
64.249
64.249
64.249
64.249
64.249
64.249
64.1866
64.1109
63.8714
63.6253
63.6253
63.6253
63.6253
63.6253
63.6253
63.6253
63.6253
63.6253
63.6253
63.6253
63.6253
63.6253
63.6253
63.6253
63.6253
63.6253
63.6253
63.6253
63.6253
63.6253
63.6253
63.6253
63.6253
63.6253
63.6253
63.6253
63.6253
63.6253
63.6253
63.6253
63.6253
63.6253
63.6253
63.6253
63.6253
63.6253
63.6253
63.6253
63.6253
63.6253
63.6253
63.6253
63.6253
63.6253
63.6253
63.6253
63.6253
63.6253
63.6253
63.6253
63.6253
63.6253
63.6253
63.6253
63.6253
63.6253
63.6253
63.6253
63.6253
63.6253
63.6253
63.6253
63.6253
63.6253
63.6253
63.6253
63.6253
63.6253
63.6253
63.6253
63.6253
63.6253
63.6253
63.6253
63.6253
63.6253
63.6253
63.6253
63.6253
63.6253
63.6253
63.6253
63.6253
63.6253
63.6253
63.6253
63.6253
63.6253
63.6253
63.6253
63.6253
63.6253
63.6253
63.6253
63.6253
63.6253
63.6253
63.6253
63.6253
63.6253
63.6253
63.6253
63.6253
63.6253
63.6253
63.6253
63.6253
63.6253
63.6253
63.6253
63.6253
63.6253
63.6253
63.6253
63.6253
63.6253
63.6253
63.6253
63.6253
63.6253
63.6253
63.6253
63.6253
63.6253
63.6253
63.6253
63.6253
63.6253
63.6253
63.6253
63.6253
63.6253
63.6253
63.6253
63.6253
63.6253
63.6253
63.6253
63.6253
63.6253
63.6253
63.6253
63.6253
63.6253
63.6253
63.6253
63.6253
63.6253
63.6253
63.6253
63.6253
63.6253
63.6253
63.6253
63.6253
63.6253
63.6253
63.6253
63.6253
63.6253
63.6253
63.6253
63.6253
63.6253
63.6253
63.6253
63.6253
63.6253
63.6253
63.6253
63.6253
63.6253
63.6253
63.6253
63.6253
63.6253
63.6253
63.6253
63.6253
63.6253
63.6253
63.6253
63.6253
63.6253
63.6253
63.6253
63.6253
63.6253
63.6253
63.6253
63.6253
63.6253
63.6253
63.6253
63.6253
63.6253
63.6253
63.6253
63.6253
63.6253
63.6253
63.6253
63.6253
63.6253
63.6253
63.6253
63.6253
63.6253
63.6253
63.6253
63.6253
63.6253
63.6253
63.6253
63.6253
63.6253
63.6253
63.6253
63.6253
63.6253
63.6253
63.6253
63.6253
63.6253
63.6253
63.6253
63.6253
63.6253
63.6253
63.6253
63.6253
63.6253
63.6253
63.6253
63.6253
63.6253
63.6253
63.6253
63.6253
63.6253
63.6253
63.6253
63.6253
63.6253
63.6253
63.6253
63.6253
63.6253
63.6253
63.6253
63.6253
63.6253
63.6253
63.6253
63.6253
63.6253
63.6253
63.6253
63.6253
63.6253
63.6253
63.6253
63.6253
63.6253
63.6253
63.6253
63.6253
63.6253
63.6253
63.6253
63.6253
63.6253
63.6253
63.6253
63.6253
63.6253
63.6253
63.6253
63.6253
63.6253
63.6253
63.6253
63.6253
63.6253
63.6253
63.6253
63.6253
63.6253
63.6253
63.6253
63.6253
63.6253
63.6253
63.6253
63.6253
63.6253
63.6253
63.6253
63.6253
63.6253
63.6253
63.6253
63.6253
63.6253
63.6253
63.6253
63.6253
63.6253
63.6253
63.6253
63.6253
63.6253
63.6253
63.6253
63.6253
63.6253
63.7341
63.6253
63.6253
63.6253
63.6253
63.6253
63.6253
63.6253
63.6253
63.6253
63.6253
63.6253
63.6253
63.6253
63.6253
63.6253
63.6253
63.6253
63.6253
63.6253
63.6253
63.6253
63.6253
63.6253
63.6253
63.6253
63.6253
63.6253
63.6253
63.6253
63.6253
63.6253
63.6253
63.6253
63.6253
63.6253
63.6253
63.6253
63.6253
63.6253
63.6253
63.6253
63.6253
63.6253
63.6253
63.6253
63.6253
63.6253
63.6253
63.6253
63.6253
63.6253
63.6253
63.6253
63.6253
63.6253
63.6253
63.6253
63.6253
63.6253
63.6253
63.6253
63.6253
63.6253
63.6253
63.6253
63.6253
63.6253
63.6253
63.6253
63.6253
63.6253
63.6253
63.6253
63.6253
63.6253
63.6253
63.6253
63.6253
63.6253
63.6253
63.6253
63.6253
63.6253
63.6253
63.6253
63.6253
63.6253
63.6253
63.6253
63.6253
63.6253
63.6253
63.6253
63.6253
63.6253
63.6253
63.6253
63.6253
63.6253
63.6253
63.6253
63.6253
63.6253
63.6253
63.6253
63.6253
63.6253
63.6253
63.6253
63.6253
63.6253
63.6253
63.6253
63.6253
63.6253
63.6253
63.6253
63.6253
63.6253
63.6253
63.6253
63.6253
63.6253
63.6253
63.6253
63.6253
63.6253
63.6253
63.6253
63.6253
63.6253
63.6253
63.6253
63.6253
63.6253
63.6253
63.6253
63.6253
63.6253
63.6253
63.6253
63.6253
63.6253
63.6253
63.6253
63.6253
63.6253
63.6253
63.6253
63.6253
63.6253
63.6253
63.6253
63.6253
63.6253
63.6253
63.6253
63.6253
63.6253
63.6253
63.6253
63.6253
63.6253
63.6253
63.6253
63.6253
63.6253
63.6253
63.6253
63.6253
63.6253
63.6253
63.6253
63.6253
63.6253
63.6253
63.6253
63.6253
63.6253
63.6253
63.6253
63.6253
63.6253
63.6253
63.6253
63.6253
63.6253
63.6253
63.6253
63.6253
63.6253
63.6253
63.6253
63.6253
63.6253
63.6253
63.6253
63.6253
63.6253
63.6253
63.6253
63.6253
63.6253
63.6253
63.6253
63.6253
63.6253
63.6253
63.6253
63.6253
63.6253
63.6253
63.6253
63.6253
63.6253
63.6253
63.6253
63.6253
63.6253
63.6253
63.6253
63.6253
63.6253
63.6253
63.6253
63.6253
63.6253
63.6253
63.6253
63.6253
63.6253
63.6253
63.6253
63.6253
63.6253
63.6253
63.6253
63.6253
63.6253
63.6253
63.6253
63.6253
63.6253
63.6253
63.6253
63.6253
63.6253
63.6253
63.6253
63.6253
63.6253
63.6253
63.6253
63.6253
63.6253
63.6253
63.6253
63.6253
63.6253
63.6253
63.6253
63.6253
63.6253
63.6253
63.6253
63.6253
63.6253
63.6253
63.6253
63.6253
63.6253
63.6253
63.6253
63.6253
63.6253
63.6253
63.6253
63.6253
63.6253
63.6253
63.6253
63.6253
63.6253
63.6253
63.6253
63.6253
63.6253
63.6253
63.6253
63.6253
63.6253
63.6253
63.6253
63.6253
63.6253
63.6253
63.6253
63.6253
63.6253
63.6253
63.6253
63.6253
63.6253
63.6253
63.6253
63.6253
63.6253
63.6253
63.6253
63.6253
63.6253
63.6253
63.6253
63.6253
63.6253
63.6253
63.6253
63.6253
63.6253
63.6253
63.6253
63.6253
63.6253
63.6253
63.6253
63.6253
63.6253
63.6253
63.6253
63.6253
63.6253
63.6253
63.6253
63.6253
63.6253
63.6253
63.6253
63.6253
63.6253
63.6253
63.6253
63.6253
63.6253
63.6253
63.6253
63.6253
63.6253
63.6253
63.6253
63.6253
63.6253
63.6253
63.6253
63.6216
63.6179
63.6069
63.5886
63.5117
63.442
63.442
63.442
63.442
63.442
63.442
63.442
63.442
63.442
63.442
63.442
63.442
63.442
63.442
63.442
63.442
63.442
63.442
63.442
63.442
63.442
63.442
63.442
63.442
63.442
63.442
63.442
63.442
63.442
63.442
63.442
63.442
63.442
63.442
63.442
63.442
63.442
63.442
63.442
63.442
63.442
63.442
63.442
63.442
63.442
63.442
63.442
63.442
63.442
63.442
63.442
63.442
63.442
63.442
63.442
63.442
63.442
63.442
63.442
63.442
63.442
63.442
63.442
63.442
63.442
63.442
63.442
63.442
63.442
63.442
63.442
63.442
63.442
63.442
63.442
63.442
63.442
63.442
63.442
63.442
63.442
63.442
63.442
63.442
63.442
63.442
63.442
63.442
63.442
63.442
63.442
63.442
63.442
63.442
63.442
63.442
63.442
63.442
63.442
63.442
63.442
63.442
63.442
63.442
63.442
63.442
63.442
63.442
63.442
63.442
63.442
63.442
63.442
63.442
63.442
63.442
63.442
63.442
63.442
63.442
63.442
63.442
63.442
63.442
63.442
63.442
63.442
63.442
63.442
63.442
63.442
63.442
63.442
63.442
63.442
63.442
63.442
63.442
63.442
63.442
63.442
63.442
63.442
63.442
63.442
63.442
63.442
63.442
63.442
63.442
63.442
63.442
63.442
63.442
63.442
63.442
63.442
63.442
63.442
63.442
63.442
63.442
63.442
63.442
63.442
63.442
63.442
63.442
63.442
63.442
63.442
63.442
63.442
63.442
63.442
63.442
63.442
63.442
63.442
63.442
63.442
63.442
63.442
63.442
63.442
63.442
63.442
63.442
63.442
63.442
63.442
63.442
63.442
63.442
63.442
63.442
63.442
63.442
63.442
63.442
63.442
63.442
63.442
63.442
63.442
63.442
63.442
63.442
63.442
63.442
63.442
63.442
63.442
63.442
63.442
63.442
63.442
63.442
63.442
63.442
63.442
63.442
63.442
63.442
63.442
63.442
63.442
63.442
63.442
63.442
63.442
63.442
63.442
63.442
63.442
63.442
63.442
63.442
63.442
63.442
63.442
63.442
63.442
63.442
63.442
63.442
63.442
63.442
63.442
63.442
63.442
63.442
63.442
63.442
63.442
63.442
63.442
63.442
63.442
63.442
63.442
63.442
63.442
63.442
63.442
63.442
63.442
63.442
63.442
63.442
63.442
63.442
63.442
63.442
63.442
63.442
63.442
63.442
63.442
63.442
63.442
63.442
63.442
63.442
63.442
63.442
63.442
63.442
63.442
63.442
63.442
63.442
63.442
63.442
63.442
63.442
63.442
63.442
63.442
63.442
63.442
63.442
63.442
63.442
63.442
63.442
63.442
63.442
63.442
63.442
63.442
63.442
63.442
63.442
63.442
63.442
63.442
63.442
63.442
63.442
63.442
63.442
63.442
63.442
63.442
63.442
63.442
63.442
63.442
63.442
63.442
63.442
63.442
63.442
63.442
63.442
63.442
63.442
63.442
63.442
63.442
63.442
63.442
63.442
63.442
63.442
63.442
63.442
63.442
63.442
63.442
63.442
63.442
63.442
63.442
63.442
63.442
63.442
63.442
63.442
63.442
63.442
63.442
63.442
63.442
63.442
63.442
63.442
63.442
63.442
63.442
63.442
63.442
63.442
63.442
63.442
63.442
63.442
63.442
63.442
63.442
63.442
63.442
63.442
63.442
63.442
63.442
63.442
63.442
63.442
63.442
63.442
63.442
63.442
63.442
63.442
63.442
63.442
63.442
63.442
63.442
63.442
63.442
63.442
63.442
63.442
63.442
63.442
63.442
63.442
63.442
63.442
63.442
63.442
63.442
63.442
63.442
63.442
63.442
63.442
63.442
63.442
63.442
63.442
63.442
63.442
63.442
63.442
63.442
63.442
63.442
63.442
63.442
63.442
63.442
63.442
63.442
63.442
63.442
63.442
63.442
63.442
63.442
63.442
63.442
63.442
63.442
63.442
63.442
63.442
63.442
63.442
63.442
63.442
63.442
63.442
63.442
63.442
63.442
63.442
63.442
63.442
63.442
63.442
63.442
63.442
63.442
63.442
63.442
63.442
63.442
63.442
63.442
63.442
63.442
63.442
63.442
63.442
63.442
63.442
63.442
63.442
63.442
63.442
63.442
63.442
63.442
63.442
63.442
63.442
63.442
63.442
63.442
63.442
63.442
63.442
63.442
63.442
63.442
63.442
63.442
63.442
63.442
63.442
63.442
63.442
63.442
63.442
63.442
63.442
63.442
63.442
63.442
63.442
63.442
63.442
63.442
63.442
63.442
63.442
63.442
63.442
63.442
63.442
63.442
63.442
63.442
63.442
63.442
63.442
63.442
63.442
63.442
63.442
63.442
63.442
63.442
63.442
63.442
63.442
63.442
63.442
63.442
63.442
63.442
63.442
63.442
63.442
63.442
63.442
63.442
63.442
63.442
63.442
63.442
63.442
63.442
63.442
63.442
63.442
63.442
63.442
63.442
63.442
63.442
63.442
63.442
63.442
63.442
63.442
63.442
63.442
63.442
63.442
63.442
63.442
63.442
63.442
63.442
63.442
63.442
63.442
63.442
63.442
63.442
63.442
63.442
63.442
63.442
63.442
63.442
63.442
63.442
63.442
63.442
63.442
63.442
63.442
63.442
63.442
63.442
63.442
63.442
63.442
63.442
63.442
63.442
63.442
63.442
63.442
63.442
63.442
63.442
63.442
63.442
63.442
63.442
63.442
63.442
63.442
63.442
63.442
63.442
63.442
63.442
63.442
63.442
63.442
63.442
63.442
63.442
63.442
63.442
63.442
63.442
63.442
63.442
63.442
63.442
63.442
63.442
63.442
63.442
63.442
63.442
63.442
63.442
63.442
63.442
63.442
63.442
63.442
63.442
63.442
63.442
63.442
63.442
63.442
63.442
63.442
63.442
63.442
63.442
63.442
63.442
63.442
63.442
63.442
63.442
63.442
63.442
63.442
63.442
63.442
63.442
63.442
63.442
63.442
63.442
63.442
63.442
63.442
63.442
63.442
63.442
63.442
63.442
63.442
63.442
63.442
63.442
63.442
63.442
63.442
63.442
63.442
63.442
63.442
63.442
63.442
63.442
63.442
63.442
63.442
63.442
63.442
63.442
63.442
63.442
63.442
63.442
63.442
63.442
63.442
63.442
63.442
63.442
63.442
63.442
63.442
63.442
63.442
63.442
63.442
63.442
63.442
63.442
63.442
63.442
63.442
63.442
63.442
63.442
63.442
63.442
63.442
63.442
63.442
63.442
63.442
63.442
63.442
63.442
63.442
63.442
63.442
63.442
63.442
63.442
63.442
63.442
63.442
63.442
63.442
63.442
63.442
63.442
63.442
63.5046
63.442
63.442
63.442
63.442
63.442
63.442
63.442
63.442
63.442
63.442
63.442
63.442
63.442
63.442
63.442
63.442
63.442
63.442
63.442
63.442
63.442
63.442
63.442
63.442
63.442
63.442
63.442
63.442
63.442
63.442
63.442
63.442
63.442
63.442
63.442
63.442
63.442
63.442
63.442
63.442
63.442
63.442
63.4397
63.4408
63.4397
63.4408
63.442
63.4408
63.4373
63.4289
63.4051
63.3824
63.3824
63.3824
63.3824
63.3824
63.3824
63.3824
63.3824
63.3824
63.3824
63.3824
63.3824
63.3824
63.3824
63.3824
63.3824
63.3824
63.3824
63.3824
63.3824
63.3824
63.3824
63.3824
63.3824
63.3824
63.3824
63.3824
63.3824
63.3824
63.3824
63.3824
63.3824
63.3824
63.3824
63.3824
63.3824
63.3824
63.3824
63.3824
63.3824
63.3824
63.3824
63.3824
63.3824
63.3824
63.3824
63.3824
63.3824
63.3824
63.3824
63.3824
63.3824
63.3824
63.3824
63.3824
63.3824
63.3824
63.3824
63.3824
63.3824
63.3824
63.3824
63.3824
63.3824
63.3824
63.3824
63.3668
63.3355
63.2573
63.1008
62.6314
62.6001
62.6001
62.6001
62.6001
62.6001
62.6001
62.6001
62.6001
62.6001
62.6001
62.6001
62.6001
62.6001
62.6001
62.6001
62.6001
62.6001
62.6001
62.6001
62.6001
62.6001
62.6001
62.6001
62.6001
62.6001
62.6001
62.6001
62.6001
62.6001
62.6001
62.6001
62.6001
62.6001
62.6001
62.6001
62.6001
62.6001
62.6001
62.6001
62.6001
62.6001
62.6001
62.6001
62.6001
62.6001
62.6001
62.6001
62.6001
62.6001
62.6001
62.6001
62.6001
62.6001
62.6001
62.6001
62.6001
62.6001
62.6001
62.6001
62.6001
62.6001
62.6001
62.6001
62.6001
62.6001
62.6001
62.6001
62.6001
62.6001
62.6001
62.6001
62.6001
62.6001
62.6001
62.6001
62.6001
62.6001
62.6001
62.6001
62.6001
62.6001
62.6001
62.6001
62.6001
62.6001
62.6001
62.6001
62.6001
62.6001
62.6001
62.6001
62.6001
62.6001
62.6001
62.6001
62.6001
62.6001
62.6001
62.6001
62.6001
62.6001
62.6001
62.6001
62.6001
62.6001
63.1126
67.2818
62.6001
67.7606
71.1999
69.9169
62.6001
62.6001
62.6001
62.6001
62.6001
62.6001
62.6001
62.6001
62.6001
62.6001
62.6001
62.6001
62.6001
62.6001
62.6001
62.6001
62.6001
62.6001
62.6001
62.6001
62.6001
62.6001
62.6001
62.6001
62.6001
62.6001
62.6001
62.6001
62.6001
62.6001
62.6001
62.6001
62.6001
62.6001
62.6001
62.6001
62.6001
62.6001
62.6001
62.6001
62.6001
62.6001
62.6001
62.6001
62.6001
62.6001
62.6001
62.6001
62.6001
62.6001
62.6001
62.6001
62.6001
62.6001
62.6001
62.6001
62.6001
62.6001
62.6001
62.6001
62.6001
62.6001
62.6001
62.6001
62.6001
62.6001
62.6001
62.6001
62.6001
62.6001
62.6001
62.6001
62.6001
62.6001
62.6001
62.6001
62.6001
62.6001
62.6001
62.6001
62.6001
62.6001
62.6001
62.6001
62.6001
62.6001
62.6001
62.6001
62.6001
62.6001
62.6001
62.6001
62.6001
62.6001
62.6001
62.6001
62.6001
62.6001
62.6001
62.6001
62.6001
62.6001
62.6001
62.6001
62.6001
62.6001
62.6001
62.6001
62.6001
62.6001
62.6001
62.6001
62.6001
62.6001
62.6001
62.6001
62.6001
62.6001
62.6001
62.6001
62.6001
62.6001
62.6001
62.6001
62.6001
62.6001
62.6001
62.6001
62.6001
62.6001
62.6001
62.6001
62.6001
62.6001
62.6001
62.6001
62.6001
62.6001
62.6001
62.6001
62.6001
62.6001
62.6001
62.6001
62.6001
62.6001
62.6001
62.6001
62.6001
62.6001
62.6001
62.6001
62.6001
62.6001
62.6001
62.6001
62.6001
62.6001
62.6001
62.6001
62.6001
62.6001
62.6001
62.6001
62.6001
62.6001
62.6001
62.6001
62.6001
62.6001
62.6001
62.6001
62.6001
62.6001
62.6001
62.6001
62.6001
62.6001
62.6001
62.6001
62.6001
62.6001
62.6001
62.6001
62.6001
62.6001
62.6001
62.6001
62.6001
62.6001
62.6001
62.6001
62.6001
62.6001
62.6001
62.6001
62.6001
62.6001
62.6001
62.6001
62.6001
62.6001
62.6001
62.6001
62.6001
62.6001
62.6001
62.6001
62.6001
62.6001
62.6001
62.6001
62.6001
62.6001
62.6001
62.6001
62.6001
62.6001
62.6001
62.6001
62.6001
62.6001
62.6001
62.6001
62.6001
62.6001
62.6001
62.6001
62.6001
62.6001
62.6001
62.6001
62.6001
62.6001
62.6001
62.6001
62.6001
62.6001
62.6001
62.6001
62.6001
62.6001
62.6001
62.6001
62.6001
62.6001
62.6001
62.6001
62.6001
62.6001
62.6001
62.6001
62.6001
62.6001
62.6001
62.6001
62.6001
62.6001
62.6001
62.6001
62.6001
62.6001
62.6001
62.6001
62.6001
62.6001
62.6001
62.6001
62.6001
62.6001
62.6001
62.6001
62.6001
62.6001
62.6001
62.6001
62.6001
62.6001
62.6001
62.6001
62.6001
62.6001
62.6001
62.6001
62.6001
62.6001
62.6001
62.6001
62.6001
62.6001
62.6001
62.6001
62.6001
62.6001
62.6001
62.6001
62.6001
62.6001
62.6001
62.6001
62.6001
62.6001
62.6001
62.6001
62.6001
62.6001
62.6001
62.6001
62.6001
62.6001
62.6001
62.6001
62.6001
62.6001
62.6001
62.6001
62.6001
62.6001
62.6001
62.6001
62.6001
62.6001
62.6001
62.6001
62.6001
62.6001
62.6001
62.6001
62.6001
62.6001
62.6001
62.6001
62.6001
62.6001
62.6001
62.6001
62.6001
62.6001
62.6001
62.6001
62.6001
62.6001
62.6001
62.6001
62.6001
62.6001
62.6001
62.6001
62.6001
62.6001
62.6001
62.6001
62.6001
62.6001
62.6001
62.6001
62.6001
62.6001
62.6001
62.6001
62.6001
62.6001
62.6001
62.6001
62.6001
62.6001
62.6001
62.6001
62.6001
62.6001
62.6001
62.6001
62.6001
62.6001
62.6001
62.6001
62.6001
62.6001
62.6001
62.6001
62.6001
62.6001
62.6001
62.6001
62.6001
62.6001
62.6001
62.6001
62.6001
62.6001
62.6001
62.6001
62.6001
62.6001
62.6001
62.6001
62.6001
62.6001
62.6001
62.6001
62.6001
62.6001
62.6001
62.6001
62.6001
62.6001
62.6001
62.6001
62.6001
62.6001
62.6001
62.6001
62.6001
62.6001
62.6001
62.6001
62.6001
62.6001
62.6001
62.6001
62.6001
62.6001
62.6001
62.6001
62.6001
62.6001
62.6001
62.6001
62.6001
62.6001
62.6001
62.6001
62.6001
62.6001
62.6001
62.6001
62.6001
62.6001
62.6001
62.6001
62.6001
62.6001
62.6001
62.6001
62.6001
62.6001
62.6001
62.6001
62.6001
62.6001
62.6001
62.6001
62.6001
62.6001
62.6001
62.6001
62.6001
62.6001
62.6001
62.6001
62.6001
62.6001
62.6001
62.6001
62.6001
62.6001
62.6001
62.6001
62.6001
62.6001
62.6001
62.6001
62.6001
62.6001
62.6001
62.6001
62.6001
62.6001
62.6001
62.6001
62.6001
62.6001
62.6001
62.6001
62.6001
62.6001
62.6001
62.6001
62.6001
62.6001
62.6001
62.6001
62.6001
62.6001
62.6001
62.6001
62.6001
62.6001
62.6001
62.6001
62.6001
62.6001
62.6001
62.6001
62.6001
62.6001
62.6001
62.6001
62.6001
62.6001
62.6001
62.6001
62.6001
62.6001
62.6001
62.6001
62.6001
62.6001
62.6001
62.6001
62.6001
62.6001
62.6001
62.6001
62.6001
62.6001
62.6001
62.6001
62.6001
62.6001
62.6001
62.6001
62.6001
62.6001
62.6001
62.6001
62.6001
62.6001
62.6001
62.6001
62.6001
62.6001
62.6001
62.6001
62.6001
62.6001
62.6001
62.6001
62.6001
62.6001
62.6001
62.6001
62.6001
62.6001
62.6001
62.6001
62.6001
62.6001
62.6001
62.6001
62.6001
62.6001
62.6001
62.6001
62.6001
62.6001
62.6001
62.6001
62.6001
62.6001
62.6001
62.6001
62.6001
62.6001
62.6001
62.6001
62.6001
62.6001
62.6001
62.6001
62.6001
62.6001
62.6001
62.6001
62.6001
62.6001
62.6001
62.6001
62.6001
62.6001
62.6001
62.6001
62.6001
62.6001
62.6001
62.6001
62.6001
62.6001
62.6001
62.6001
62.6001
62.6001
62.6001
62.6001
62.6001
62.6001
62.6001
62.6001
62.6001
62.6001
62.6001
62.6001
62.6001
62.6001
62.6001
62.6001
62.6001
62.6001
62.6001
62.6001
62.6001
62.6001
62.6001
62.6001
62.6001
62.6001
62.6001
62.6001
62.6001
62.6001
62.6001
62.6001
62.6001
62.6001
62.6001
62.6001
62.6001
62.6001
62.6001
62.6001
62.6001
62.6001
62.6001
62.6001
62.6001
62.6001
62.6001
62.6001
62.6001
62.6001
62.6001
62.6001
62.6001
62.6001
62.6001
62.6001
62.6001
62.6001
62.6001
62.6001
62.6001
62.6001
62.6001
62.6001
62.6001
62.6001
62.6001
62.6001
62.6001
62.6001
62.6001
62.6001
62.6001
62.6001
62.6001
62.6001
62.6001
62.6001
62.6001
62.6001
62.6001
62.6001
62.6001
62.6001
62.6001
62.6001
62.6001
62.6001
62.6001
62.6001
62.6001
62.6001
62.6001
62.6001
62.6001
62.6001
62.6001
62.6001
62.6001
62.6001
62.6001
62.6001
62.6001
62.6001
62.6001
62.6001
62.6001
62.6001
62.6001
62.6001
62.6001
62.6001
62.6001
62.6791
62.6001
62.6001
62.6001
62.6001
62.6001
62.6001
62.6001
62.6001
62.6001
62.6001
62.6001
62.6001
62.6001
62.6001
62.6001
62.6001
62.6001
62.6001
62.6001
62.6001
62.6001
62.6001
62.6001
62.6001
62.6001
62.6001
62.6001
62.6001
62.6001
62.6001
62.6001
62.6001
62.6001
62.6001
62.6001
62.6001
62.6001
62.6001
62.6001
62.6001
62.6001
62.6001
62.6001
62.6001
62.6001
62.6001
62.6001
62.6001
62.6001
62.6001
62.6001
62.6001
62.6001
62.6001
62.6001
62.6001
62.6001
62.6001
62.6001
62.6001
62.6001
62.6001
62.6001
62.6001
62.6001
62.6001
62.6001
62.6001
62.6001
62.6001
62.6001
62.6001
62.6001
62.6001
62.6001
62.6001
62.6001
62.6001
62.6001
62.6001
62.6001
62.6001
62.6001
62.6001
62.6001
62.6001
62.6001
62.6001
62.6001
62.6001
62.6001
62.6001
62.6001
62.6001
62.6001
62.6001
62.6001
62.6001
62.6001
62.6001
62.6001
62.6001
62.6001
62.6001
62.6001
62.6001
62.6001
62.6001
62.6001
62.6001
62.6001
62.6001
62.6001
62.6001
62.6001
62.6001
62.6001
62.6001
62.6001
62.6001
62.6001
62.6001
62.6001
62.6001
62.6001
62.6001
62.6001
62.6001
62.6001
62.6001
62.5799
62.5799
62.5293
62.418
62.1449
62.0943
62.0943
62.0943
62.0943
62.0943
62.0943
62.0943
62.0943
62.0943
62.0943
62.0943
62.0943
62.0943
62.0943
62.0943
62.0943
62.0943
62.0943
62.0943
62.0943
62.0943
62.0943
62.0943
62.0943
62.0943
62.0943
62.0943
62.0943
62.0943
62.0943
62.0943
62.0943
62.0943
62.0943
62.0943
62.0943
62.0943
62.0943
62.0943
62.0943
62.0943
62.0943
62.0943
62.0943
62.0943
62.0943
62.0943
62.0943
62.0943
62.0943
62.0943
62.0943
62.0943
62.0943
62.0943
62.0943
62.0943
62.0943
62.0943
62.0943
62.0943
62.0943
62.0943
62.0943
62.0943
62.0943
62.0943
62.0943
62.0943
62.0943
62.0943
62.0943
62.0943
62.0943
62.0943
62.0943
62.0943
62.0943
62.0943
62.0943
62.0943
62.0943
62.0943
62.0943
62.0943
62.0943
62.0943
62.0943
62.0943
62.0943
62.0943
62.0943
62.0943
62.0943
62.0943
62.0943
62.0943
62.0943
62.0943
62.0943
62.0943
62.0943
62.0943
62.0943
62.0943
62.0943
62.0943
62.0943
62.0943
62.0943
62.0943
62.0943
62.0943
62.0943
62.0943
62.0943
62.0943
62.0936
62.0922
62.0874
62.0757
62.0598
62.0598
62.0598
62.0598
62.0598
62.0598
62.0598
62.0598
62.0598
62.0598
62.0598
62.0598
62.0598
62.0598
62.0598
62.0598
62.0598
62.0598
62.0598
62.0598
62.0598
62.0598
62.0598
62.0598
62.0598
62.0598
62.0598
62.0598
62.0598
62.0598
62.0598
62.0598
62.0598
62.0598
62.0598
62.0598
62.0598
62.0598
62.0598
62.0598
62.0598
62.0598
62.0598
62.0598
62.0598
62.0598
62.0598
62.0598
62.0598
62.0598
62.0598
62.0598
62.0598
62.0598
62.0598
62.0598
62.0598
62.0598
62.0598
62.0598
62.0598
62.0598
62.0598
62.0598
62.0598
62.0598
62.0598
62.0598
62.0598
62.0598
62.0598
62.0598
62.0598
62.0598
62.0598
62.0598
62.0598
62.0598
62.0598
62.0598
62.0598
62.0598
62.0598
62.0598
62.0598
62.0598
62.0598
62.0598
62.0598
62.0598
62.0598
62.0598
62.0598
62.0598
62.0598
62.0598
62.0598
62.0598
62.0598
62.0598
62.0598
62.0598
62.0598
62.0598
62.0598
62.0598
62.0598
62.0598
62.0598
62.0598
62.0598
62.0598
62.0598
62.0598
62.0598
62.0598
62.0598
62.0598
62.0598
62.0598
62.0598
62.0598
62.0598
62.0598
62.0598
62.0598
62.0598
62.0598
62.0598
62.0598
62.0598
62.0598
62.0598
62.0598
62.0598
62.0598
62.0598
62.0598
62.0598
62.0598
62.0598
62.0598
62.0598
62.0598
62.0598
62.0598
62.0598
62.0598
62.0598
62.0598
62.0598
62.0598
62.0598
62.0598
62.0598
62.0598
62.0598
62.0598
62.0598
62.0598
62.0598
62.0598
62.0598
62.0598
62.0598
62.0598
62.0598
62.0598
62.0598
62.0598
62.0598
62.0598
62.0598
62.0598
62.0598
62.0598
62.0598
62.0598
62.0598
62.0598
62.0598
62.0598
62.0598
62.0598
62.0598
62.0598
62.0598
62.0598
62.0598
62.0598
62.0598
62.0598
62.0598
62.0598
62.0598
62.0598
62.0598
62.0598
62.0598
62.0598
62.0598
62.0598
62.0598
62.0598
62.0598
62.0598
62.0598
62.0598
62.0598
62.0598
62.0598
62.0598
62.0598
62.0598
62.0598
62.0598
62.0598
62.0598
62.0598
62.0598
62.0598
62.0598
62.0598
62.0598
62.0598
62.0598
62.0598
62.0598
62.0598
62.0598
62.0598
62.0598
62.0598
62.0598
62.0598
62.0598
62.0598
62.0598
62.0598
62.0598
62.0598
62.0598
62.0598
62.0598
62.0598
62.0598
62.0598
62.0598
62.0598
62.0598
62.0598
62.0598
62.0598
62.0598
62.0598
62.0598
62.0598
62.0598
62.0598
62.0598
62.0598
62.0598
62.0598
62.0598
62.0598
62.0598
62.0598
62.0598
62.0598
62.0598
62.0598
62.0598
62.0598
62.0598
62.0598
62.0598
62.0598
62.0598
62.0598
62.0598
62.0598
62.0598
62.0598
62.0598
62.0598
62.0598
62.0598
62.0598
62.0598
62.0598
62.0598
62.0598
62.0598
62.0598
62.0598
62.0598
62.0598
62.0598
62.0598
62.0598
62.0598
62.0598
62.0598
62.0598
62.0598
62.0598
62.0598
62.0598
62.0598
62.0598
62.0598
62.0598
62.0598
62.0598
62.0598
62.0598
62.0598
62.0598
62.0598
62.0598
62.0598
62.0598
62.0598
62.0598
62.0598
62.0598
62.0598
62.0598
62.0598
62.0598
62.0598
62.0598
62.0598
62.0598
62.0598
62.0598
62.0598
62.0598
62.0598
62.0598
62.0598
62.0598
62.0598
62.0598
62.0598
62.0598
62.0598
62.0598
62.0598
62.0598
62.0598
62.0598
62.0598
62.0598
62.0598
62.0598
62.0598
62.0598
62.0598
62.0598
62.0598
62.0598
62.0598
62.0598
62.0598
62.0598
62.0598
62.0598
62.0598
62.0598
62.0598
62.0598
62.0598
62.0598
62.0598
62.0598
62.0598
62.0598
62.0598
62.0598
62.0598
62.0598
62.0598
62.0598
62.0598
62.0598
62.0598
62.0598
62.0598
62.0598
62.0598
62.0598
62.0598
62.0598
62.0598
62.0598
62.0598
62.0598
62.0598
62.0598
62.0598
62.0598
62.0598
62.0598
62.0598
62.0598
62.0598
62.0598
62.0598
62.0598
62.0598
62.0598
62.0598
62.0598
62.0598
62.0598
62.0598
62.0598
62.0598
62.0598
62.0598
62.0598
62.0598
62.0598
62.0598
62.0598
62.0598
62.0598
62.0598
62.0598
62.0598
62.0598
62.0598
62.0598
62.0598
62.0598
62.0598
62.0598
62.0598
62.0598
62.0598
62.0598
62.0598
62.0598
62.0598
62.0598
62.0598
62.0598
62.0598
62.0598
62.0598
62.0598
62.0598
62.0598
62.0598
62.0598
62.0598
62.0598
62.0598
62.0598
62.0598
62.0598
62.0598
62.0598
62.0598
62.0598
62.0598
62.0598
62.0598
62.0598
62.0598
62.0598
62.0598
62.0598
62.0598
62.0598
62.0598
62.0598
62.0598
62.0598
62.0598
62.0598
62.0598
62.0598
62.0598
62.0598
62.0598
62.0598
62.0598
62.0598
62.0598
62.0598
62.0598
62.0598
62.0598
62.0598
62.0598
62.0598
62.0598
62.0598
62.0598
62.0598
62.0598
62.0598
62.0598
62.0598
62.0598
62.0598
62.0598
62.0598
62.0598
62.0598
62.0598
62.0598
62.0598
62.0598
62.0598
62.0598
62.0598
62.0598
62.0598
62.0598
62.0598
62.0598
62.0598
62.0598
62.0598
62.0598
62.0598
62.0598
62.0598
62.0598
62.0598
62.0598
62.0598
62.0598
62.0598
62.0598
62.0598
62.0598
62.0598
62.0598
62.0598
62.0598
62.0598
62.0598
62.0598
62.0598
62.0598
62.0598
62.0598
62.0598
62.0598
62.0598
62.0598
62.0598
62.0598
62.0598
62.0598
62.0598
62.0598
62.0598
62.0598
62.0598
62.0598
62.0598
62.0598
62.0598
62.0598
62.0598
62.0598
62.0598
62.0598
62.0598
62.0598
62.0598
62.0598
62.0598
62.0598
62.0598
62.0598
62.0598
62.0598
62.0598
62.0598
62.0598
62.0598
62.0598
62.0598
62.0598
62.0598
62.0598
62.0598
62.0598
62.0598
62.0598
62.0598
62.0598
62.0598
62.0598
62.0598
62.0598
62.0598
62.0598
62.0598
62.0598
62.0598
62.0598
62.0598
62.0598
62.0598
62.0598
62.0598
62.0598
62.0598
62.0598
62.0598
62.0598
62.0598
62.0598
62.0598
62.0598
62.0598
62.0598
62.0598
62.0598
62.0598
62.0598
62.0598
62.0598
62.0598
62.0598
62.0598
62.0598
62.0598
62.0598
62.0598
62.0598
62.0598
62.0598
62.0598
62.0598
62.0598
62.0598
62.0598
62.0598
62.0598
62.0598
62.0598
62.0598
62.0598
62.0598
62.0598
62.0598
62.0598
62.0598
62.0598
62.0598
62.0598
62.0598
62.0598
62.0598
62.0598
62.0598
62.0598
62.0598
62.0598
62.0598
62.0598
62.0598
62.0598
62.0598
62.0598
62.0598
62.0598
62.0598
62.0598
62.0598
62.0598
62.0598
62.0598
62.0598
62.0598
62.0598
62.0598
62.0598
62.0598
62.0598
62.0598
62.0598
62.0598
62.0598
62.0598
62.0598
62.0598
62.0598
62.0598
62.0598
62.0598
62.0598
62.0598
62.0598
62.0598
62.0598
62.0598
62.0598
62.0598
62.0598
62.0598
62.0598
62.0598
62.0598
62.0598
62.0598
62.0598
62.0598
62.0598
62.0598
62.0598
62.0973
62.0598
62.0598
62.0598
62.0598
62.0598
62.0598
62.0598
62.0598
62.0598
62.0598
62.0598
62.0598
62.0598
62.0598
62.0598
62.0598
62.0598
62.0598
62.0598
62.0598
62.0598
62.0598
62.0598
62.0598
62.0598
62.0598
62.0598
62.0598
62.0598
62.0598
62.0598
62.0598
62.0598
62.0598
62.0598
62.0598
62.0598
62.0598
62.0598
62.0598
62.0598
62.0598
62.0598
62.0598
62.0598
62.0598
62.0598
62.0598
62.0598
62.0598
62.0598
62.0598
62.0598
62.0598
62.0598
62.0598
62.0598
62.0598
62.0598
62.0598
62.0598
62.0598
62.0598
62.0598
62.0598
62.0598
62.0598
62.0598
62.0598
62.0598
62.0598
62.0598
62.0598
62.0598
62.0598
62.0598
62.0598
62.0598
62.0598
62.0598
62.0598
62.0598
62.0598
62.0598
62.0598
62.0598
62.0598
62.0598
62.0598
62.0598
62.0598
62.0598
62.0598
62.0598
62.0598
62.0598
62.0598
62.0598
62.0598
62.0598
62.0598
62.0598
62.0598
62.0598
62.0598
62.0598
62.0598
62.0598
62.0598
62.0598
62.0598
62.0598
62.0598
62.0598
62.0598
62.0598
62.0598
62.0598
62.0598
62.0598
62.0598
62.0598
62.0598
62.0598
62.0598
62.0598
62.0598
62.0598
62.0598
62.0598
62.0598
62.0598
62.0598
62.0598
62.0598
62.0598
62.0598
62.0598
62.0598
62.0598
62.0598
62.0598
62.0598
62.0598
62.0598
62.0598
62.0598
62.0598
62.0598
62.0598
62.0598
62.0598
62.0598
62.0598
62.0598
62.0598
62.0598
62.0598
62.0598
62.0598
62.0598
62.0598
62.0598
62.0598
62.0598
62.0598
62.0598
62.0598
62.0598
62.0598
62.0598
62.0598
62.0598
62.0598
62.0598
62.0598
62.0598
62.0598
62.0598
62.0598
62.0598
62.0598
62.0598
62.0598
62.0598
62.0598
62.0598
62.0598
62.0598
62.0598
62.0598
62.0598
62.0598
62.0598
62.0598
62.0598
62.0598
62.0598
62.0598
62.0598
62.0598
62.0598
62.0598
62.0598
62.0598
62.0598
62.0598
62.0598
62.0598
62.0598
62.0598
62.0598
62.0598
62.0598
62.0598
62.0598
62.0598
62.0598
62.0598
62.0598
62.0598
62.0598
62.0598
62.0598
62.0598
62.0598
62.0598
62.0598
62.0598
62.0598
62.0598
62.0598
62.0598
62.0598
62.0598
62.0598
62.0598
62.0598
62.0598
62.0598
62.0598
62.0598
62.0598
62.0598
62.0598
62.0598
62.0598
62.0598
62.0598
62.0598
62.0598
62.0598
62.0598
62.0598
62.0598
62.0598
62.0598
62.0598
62.0598
62.0598
62.0598
62.0598
62.0598
62.0598
62.0598
62.0598
62.0598
62.0598
62.0598
62.0598
62.0598
62.0598
62.0598
62.0598
62.0598
62.0598
62.0598
62.0598
62.0598
62.0598
62.0598
62.0598
62.0598
62.0598
62.0598
62.0598
62.0598
62.0598
62.0598
62.0598
62.0598
62.0598
62.0598
62.0598
62.0598
62.0598
62.0598
62.0598
62.0598
62.0598
62.0598
62.0598
62.0598
62.0598
62.0598
62.0598
62.0598
62.0598
62.0598
62.0598
62.0598
62.0598
62.0598
62.0598
62.0598
62.0598
62.0598
62.0598
62.0598
62.0598
62.0598
62.0598
62.0598
62.0598
62.0598
62.0598
62.0598
62.0598
62.0598
62.0598
62.0598
62.0598
62.0598
62.0598
62.0598
62.0598
62.0598
62.0598
62.0598
62.0598
62.0598
62.0598
62.0598
62.0598
62.0598
62.0598
62.0598
62.0598
62.0598
62.0598
62.0598
62.0598
62.0598
62.0598
62.0598
62.0598
62.0598
62.0598
62.0598
62.0598
62.0598
62.0598
62.0598
62.0598
62.0598
62.0598
62.0598
62.0598
62.0598
62.0598
62.0598
62.0598
62.0598
62.0598
62.0598
62.0598
62.0598
62.0598
62.0598
62.0598
62.0598
62.0598
62.0598
62.0598
62.0598
62.0598
62.0598
62.0598
62.0598
62.0598
62.0598
62.0598
62.0598
62.0598
62.0598
62.0598
62.0598
62.0598
62.0598
62.0598
62.0598
62.0598
62.0598
62.0598
62.0598
62.0598
62.0598
62.0598
62.0598
62.0598
62.0598
62.0598
62.0598
62.0598
62.0598
62.0598
62.0598
62.0598
62.0598
62.0598
62.0598
62.0598
62.0598
62.0598
62.0598
62.0598
62.0598
62.0598
62.0598
62.0598
62.0598
62.0598
62.0598
62.0598
62.0598
62.0598
62.0598
62.0598
62.0598
62.0598
62.0598
62.0598
62.0598
62.0598
62.0598
62.0598
62.0598
62.0598
62.0598
62.0598
62.0598
62.0598
62.0598
62.0598
62.0378
61.972
61.7856
61.7856
61.7856
61.7856
61.7856
61.7856
61.7856
61.7856
61.7856
61.7856
61.7856
61.7856
61.7856
61.7856
61.7856
61.7856
61.7856
61.7856
61.7856
61.7856
61.7856
61.7856
61.7856
61.7856
61.7856
61.7856
61.7856
61.7856
61.7856
61.7856
61.7856
61.7856
61.7856
61.7856
61.7856
61.7856
61.7856
61.7856
61.7856
61.7856
61.7856
61.7856
61.7856
61.7856
61.7856
61.7856
61.7856
61.7856
61.7856
61.7856
61.7856
61.7856
61.7856
61.7856
61.7856
61.7856
61.7856
61.7856
61.7856
61.7856
61.7856
61.7856
61.7856
61.7856
61.7856
61.7856
61.7856
61.7856
61.7856
61.7856
61.7856
61.7856
61.7856
61.7856
61.7856
61.7856
61.7856
61.7856
61.7856
61.7856
61.7856
61.7856
61.7856
61.7856
61.7856
61.7856
61.7856
61.7856
61.7856
61.7856
61.7856
61.7856
61.7856
61.7856
61.7856
61.7856
61.7856
61.7856
61.7856
61.7856
61.7856
61.7856
61.7856
61.7856
61.7856
61.7856
61.7856
61.7856
61.7856
61.7856
61.7856
61.7856
61.7856
61.7856
61.7856
61.7856
61.7856
61.7856
61.7856
61.7856
61.7856
61.7856
61.7856
61.7856
61.7856
61.7856
61.7856
61.7856
61.7856
61.7856
61.7856
61.7856
61.7856
61.7856
61.7856
61.7856
61.7856
61.7856
61.7856
61.7856
61.7856
61.7856
61.7856
61.7856
61.7856
61.7856
61.7856
61.7856
61.7856
61.7856
61.7856
61.7856
61.7856
61.7856
61.7856
61.7856
61.7856
61.7856
61.7856
61.7856
61.7856
61.7856
61.7856
61.7856
61.7856
61.7856
61.7856
61.7856
61.7856
61.7856
61.7856
61.7856
61.7856
61.7856
61.7856
61.7856
61.7856
61.7856
61.7856
61.7856
61.7856
61.7856
61.7856
61.7856
61.7856
61.7856
61.7856
61.7856
61.7856
61.7856
61.7856
61.7856
61.7856
61.7856
61.7856
61.7856
61.7856
61.7856
61.7856
61.7856
61.7856
61.7856
61.7856
61.7856
61.7856
61.7856
61.7856
61.7856
61.7856
61.7856
61.7856
61.7856
61.7856
61.7856
61.7856
61.7856
61.7856
61.7856
61.7856
61.7856
61.7856
61.7856
61.7856
61.7856
61.7856
61.7856
61.7856
61.7856
61.7856
61.7856
61.7856
61.7856
61.7856
61.7856
61.7856
61.7856
61.7856
61.7856
61.7856
61.7856
61.7856
61.7856
61.7856
61.7856
61.7856
61.7856
61.7856
61.7856
61.7856
61.7856
61.7856
61.7856
61.7856
61.7856
61.7856
61.7856
61.7856
61.7856
61.7856
61.7856
61.7856
61.7856
61.7856
61.7856
61.7856
61.7856
61.7856
61.7856
61.7856
61.7856
61.7856
61.7856
61.7856
61.7856
61.7856
61.7856
61.7856
61.7856
61.7856
61.7856
61.7856
61.7856
61.7856
61.7856
61.7856
61.7856
61.7856
61.7856
61.7856
61.7856
61.7856
61.7856
61.7856
61.7856
61.7856
61.7856
61.7856
61.7856
61.7856
61.7856
61.7856
61.7856
61.7856
61.7856
61.7856
61.7856
61.7856
61.7856
61.7856
61.7856
61.7856
61.7856
61.7856
61.7856
61.7856
61.7856
61.7856
61.7856
61.7856
61.7856
61.7856
61.7856
61.7856
61.7856
61.7856
61.7856
61.7856
61.7856
61.7856
61.7856
61.7856
61.7856
61.7856
61.7856
61.7856
61.7856
61.7856
61.7856
61.7856
61.7856
61.7856
61.7856
61.7856
61.7856
61.7856
61.7856
61.7856
61.7856
61.7856
61.7856
61.7856
61.7856
61.7856
61.7856
61.7856
61.7856
61.7856
61.7856
61.7856
61.7856
61.7856
61.7856
61.7856
61.7856
61.7856
61.7856
61.7856
61.7856
61.7856
61.7856
61.7856
61.7856
61.7856
61.7856
61.7856
61.7856
61.7856
61.7856
61.7856
61.7856
61.7856
61.7856
61.7856
61.7856
61.7856
61.7856
61.7856
61.7856
61.7856
61.7856
61.7856
61.7856
61.7856
61.7856
61.7856
61.7856
61.7856
61.7856
61.7856
61.7856
61.7856
61.7856
61.7856
61.7856
61.7856
61.7856
61.7856
61.7856
61.7856
61.7856
61.7856
61.7856
61.7856
61.7856
61.7856
61.7856
61.7856
61.7856
61.7856
61.7856
61.7856
61.7856
61.7856
61.7856
61.7856
61.7856
61.7856
61.7856
61.7856
61.7856
61.7856
61.7856
61.7856
61.7856
61.7856
61.7856
61.7856
61.7856
61.7856
61.7856
61.7856
61.7856
61.7856
61.7856
61.7856
61.7856
61.7856
61.7856
61.7856
61.7856
61.7856
61.7856
61.7856
61.7856
61.7856
61.7856
61.7856
61.7856
61.7856
61.7856
61.7856
61.7856
61.7856
61.7856
61.7856
61.7856
61.7856
61.7856
61.7856
61.7856
61.7856
61.7856
61.7856
61.7856
61.7856
61.7856
61.7856
61.7856
61.7856
61.7856
61.7856
61.7856
61.7856
61.7856
61.7856
61.7856
61.7856
61.7856
61.7856
61.7856
61.7856
61.7856
61.7856
61.7856
61.7856
61.7856
61.7856
61.7856
61.7856
61.7856
61.7856
61.7856
61.7856
61.7856
61.7856
61.7856
61.7856
61.7856
61.7856
61.7856
61.7856
61.7856
61.7856
61.7856
61.7856
61.7856
61.7856
61.7856
61.7856
61.7856
61.7856
61.7856
61.7856
61.7856
61.7856
61.7856
61.7856
61.7856
61.7856
61.7856
61.7856
61.7856
61.7856
61.7856
61.7856
61.7856
61.7856
61.7856
61.7856
61.7856
61.7856
61.7856
61.7856
61.7856
61.7856
61.7856
61.7856
61.7856
61.7856
61.7856
61.7856
61.7856
61.7856
61.7856
61.7856
61.7856
61.7856
61.7856
61.7856
61.7856
61.7856
61.7856
61.7856
61.7856
61.7856
61.7856
61.7856
61.7856
61.7856
61.7856
61.7856
61.7856
61.7856
61.7856
61.7856
61.7856
61.7856
61.7856
61.7856
61.7856
61.7856
61.7856
61.7856
61.7856
61.7856
61.7856
61.7856
61.7856
61.7856
61.7856
61.7856
61.7856
61.7856
61.7856
61.7856
61.7856
61.7856
61.7856
61.7856
61.7856
61.7856
61.7856
61.7856
61.7856
61.7856
61.7856
61.7856
61.7856
61.7856
61.7856
61.7856
61.7856
61.7856
61.7856
61.7856
61.7856
61.7856
61.7856
61.7856
61.7856
61.7856
61.7856
61.7856
61.7856
61.7856
61.7856
61.7856
61.7856
61.7856
61.7856
61.7856
61.7856
61.7856
61.7856
61.7856
61.7856
61.7856
61.7856
61.7856
61.7856
61.7856
61.7856
61.7856
61.7856
61.7856
61.7856
61.7856
61.7856
61.7856
61.7856
61.7856
61.7856
61.7856
61.7856
61.7856
61.7856
61.7856
61.7856
61.7856
61.7856
61.7856
61.7856
61.7856
61.7856
61.7856
61.7856
61.7856
61.7856
61.7856
61.7856
61.7856
61.7856
61.7856
61.7856
61.7856
61.7856
61.7856
61.7856
61.7856
61.7856
61.7856
61.7856
61.7856
61.7856
61.7856
61.7856
61.7856
61.7856
61.7856
61.7856
61.7856
61.7856
61.7856
61.7856
61.7856
61.7856
61.7856
61.7856
61.7856
61.7856
61.7856
61.7856
61.7856
61.7856
61.7856
61.7856
61.7856
61.7856
61.7856
61.7856
61.7856
61.7856
61.7856
61.7856
61.7856
61.7856
61.7856
61.7856
61.7856
61.7856
61.7856
61.7856
61.7856
61.7856
61.7856
61.7856
61.7856
61.7856
61.7856
61.7856
61.7856
61.7856
61.7856
61.7856
61.7856
61.7856
61.7856
61.7856
61.7856
61.7856
61.7856
61.7856
61.7856
61.7856
61.7856
61.7856
61.7856
61.7856
61.7856
61.7856
61.7856
61.7856
61.7856
61.7856
61.7856
61.7856
61.7856
61.7856
61.7856
61.7856
61.7856
61.7856
61.7856
61.7856
61.7856
61.7856
61.7856
61.7856
61.7856
61.7856
61.7856
61.7856
61.7856
61.7856
61.7856
61.7856
61.7856
61.7856
61.7856
61.7856
61.7856
61.7856
61.7856
61.7856
61.7856
61.7856
61.7856
61.7856
61.7856
61.7856
61.7856
61.7856
61.7856
61.7856
61.7856
61.7856
61.7856
61.7856
61.7856
61.7856
61.7856
61.7856
61.7856
61.7856
61.7856
61.7856
61.7856
61.7856
61.7856
61.7856
61.7856
61.7856
61.7856
61.7856
61.7856
61.7856
61.7856
61.7856
61.7856
61.7856
61.7856
61.7856
61.7856
61.7856
61.7856
61.7856
61.7856
61.7856
61.7856
61.7856
61.7856
61.7856
61.7856
61.7856
61.7856
61.7856
61.7856
61.7856
61.7856
61.7856
61.7856
61.7856
61.7856
61.7856
61.7856
61.7856
61.7856
61.7856
61.7856
61.7856
61.7856
61.7856
61.7856
61.7856
61.7856
61.7856
61.7856
61.7856
61.7856
61.7856
61.7856
61.7856
61.7856
61.7856
61.7856
61.7856
61.7856
61.7856
61.7856
61.7856
61.7856
61.7856
61.7856
61.7856
61.7856
61.7856
61.7856
61.7856
61.7856
61.7856
61.7856
61.7856
61.7856
61.7856
61.7856
61.7856
61.7856
61.7856
61.7856
61.7856
61.7856
61.7856
61.7856
61.7856
61.7856
61.7856
61.7856
61.7856
61.7856
61.7856
61.7856
61.7856
61.7856
61.7856
61.7856
61.7856
61.7856
61.7856
61.7856
61.7856
61.7856
61.7856
61.7856
61.7856
61.7856
61.7856
61.7856
61.7856
61.7856
61.7856
61.7856
61.7856
61.7856
61.7856
61.7856
61.7856
61.7856
61.7856
61.7856
61.7856
61.7856
61.7856
61.7856
61.7856
61.7856
61.7856
61.7856
61.7856
61.7856
61.7856
61.7856
61.7856
61.7856
61.7856
61.7856
61.7856
61.7856
61.7856
61.7856
61.7856
61.7856
61.7856
61.7856
61.7856
61.7856
61.7856
61.7856
61.7856
61.7856
61.7856
61.7856
61.7856
61.7856
61.7856
61.7856
61.7856
61.7856
61.7856
61.7856
61.7856
61.7856
61.7856
61.7856
61.7856
61.7856
61.7856
61.7856
61.7856
61.7856
61.7856
61.7856
61.7856
61.7856
61.7856
61.7856
61.7856
61.7856
61.7856
61.7856
61.7856
61.7856
61.7856
61.7856
61.7856
61.7856
61.7856
61.7856
61.7856
61.7856
61.7856
61.7856
61.7856
61.7856
61.7856
61.7856
61.7856
61.7856
61.7856
61.7856
61.7856
61.7856
61.7856
61.7856
61.7856
61.7856
61.7856
61.7856
61.7856
61.7856
61.7856
61.7856
61.7856
61.7856
61.7856
61.7856
61.7856
61.7856
61.7856
61.7856
61.7856
61.7856
61.7856
61.7856
61.7856
61.7856
61.7856
61.7856
61.7856
61.7856
61.7856
61.7856
61.7856
61.7856
61.7856
61.7856
61.7856
61.7856
61.7856
61.7856
61.7856
61.7856
61.7856
61.7856
61.7856
61.7856
61.7856
61.7856
61.7856
61.7856
61.7856
61.7856
61.7856
61.7856
61.7856
61.7856
61.7856
61.7856
61.7856
61.7856
61.7856
61.7856
61.7856
61.7856
61.7856
61.7856
61.7856
61.7856
61.7856
61.7856
61.7856
61.7856
61.7856
61.7856
61.7856
61.7856
61.7856
61.7856
61.7856
61.7856
61.7856
61.7856
61.7856
61.7856
61.7856
61.7856
61.7856
61.7856
61.7856
61.7856
61.7856
61.7856
61.7856
61.7856
61.7856
61.7856
61.7856
61.7856
61.7856
61.7856
61.7856
61.7856
61.7856
61.7856
61.7856
61.7856
61.7856
61.7856
61.7856
61.7856
61.7856
61.7856
61.7856
61.7856
61.7856
61.7856
61.7856
61.7856
61.7856
61.7856
61.7856
61.7856
61.7856
61.7856
61.7856
61.7856
61.7856
61.7856
61.7856
61.7856
61.7856
61.7856
61.7856
61.7856
61.7856
61.7856
61.7856
61.7856
61.7856
61.7856
61.7856
61.7856
61.7856
61.7856
61.7856
61.7856
61.7856
61.7856
61.7856
61.7856
61.7856
61.7856
61.7856
61.7856
61.7856
61.7856
61.7856
61.7856
61.7856
61.7856
61.7856
61.7856
61.7856
61.7856
61.7856
61.7856
61.7856
61.7856
61.7856
61.7856
61.7856
61.7856
61.7856
61.7856
61.7856
61.7856
61.7856
61.7856
61.7856
61.7856
61.7856
61.7856
61.7856
61.7856
61.7856
61.7856
61.7856
61.7856
61.7856
61.7856
61.7856
61.7856
61.7856
61.7856
61.7856
61.7856
61.7856
61.7856
61.7856
61.7856
61.7856
61.7856
61.7856
61.7856
61.7856
61.7856
61.7856
61.7856
61.7856
61.7856
61.7856
61.7856
61.7856
61.7856
61.7856
61.7856
61.7856
61.7856
61.7856
61.7856
61.7856
61.7856
61.7856
61.7856
61.7856
61.7856
61.7856
61.7856
61.7856
61.7856
61.7856
61.7856
61.7856
61.7856
61.7856
61.7856
61.7856
61.7856
61.7856
61.7856
61.7856
61.7856
61.7856
61.7856
61.7856
61.7856
61.7856
61.7856
61.7856
61.7856
61.7856
61.7856
61.7856
61.7856
61.7856
61.7856
61.7856
61.7856
61.7856
61.7856
61.7856
61.7856
61.7856
61.7856
61.7856
61.7856
61.7856
61.7856
61.7856
61.7856
61.7856
61.7856
61.7856
61.7856
61.7856
61.7856
61.7856
61.7856
61.7856
61.7856
61.7856
61.7856
61.7856
61.7856
61.7856
61.7856
61.7856
61.7856
61.7856
61.7856
61.7856
61.7856
61.7856
61.7856
61.7856
61.7856
61.7856
61.7856
61.7856
61.7856
61.7856
61.7856
61.7856
61.7856
61.7856
61.7856
61.7856
61.7856
61.7856
61.7856
61.7856
61.7856
61.7856
61.7856
61.7856
61.7856
61.7856
61.7856
61.7856
61.7856
61.7856
61.7856
61.7856
61.7856
61.7856
61.7856
61.7856
61.7856
61.7856
61.7856
61.7856
61.7856
61.7856
61.7856
61.7856
61.7856
61.7856
61.7856
61.7856
61.7856
61.7856
61.7856
61.7856
61.7856
61.7856
61.7856
61.7856
61.7856
61.7856
61.7856
61.7856
61.7856
61.7856
61.7856
61.7856
61.7856
61.7856
61.7856
61.7856
61.7856
61.7856
61.7856
61.7856
61.7856
61.7856
61.7856
61.7856
61.7856
61.7856
61.7856
61.7856
61.7856
61.7856
61.7856
61.7856
61.7856
61.7856
61.7856
61.7856
61.7856
61.7856
61.7856
61.7856
61.7856
61.7856
61.7856
61.7856
61.7856
61.7856
61.7856
61.7856
61.7856
61.7856
61.7856
61.7856
61.7856
61.7856
61.7856
61.7856
61.7856
61.7856
61.7856
61.7856
61.7856
61.7856
61.7856
61.7856
61.7856
61.7856
61.7856
61.7856
61.7856
61.7856
61.7856
61.7856
61.7856
61.7856
61.7856
61.7856
61.7856
61.7856
61.7856
61.7856
61.7856
61.7856
61.7856
61.7856
61.7856
61.7856
61.7856
61.7856
61.7856
61.7856
61.7856
61.7856
61.7856
61.7856
61.7856
61.7856
61.7856
61.7856
61.7856
61.7856
61.7856
61.7856
61.7856
61.7856
61.7856
61.7856
61.7856
61.7856
61.7856
61.7856
61.7856
61.7856
61.7856
61.7856
61.7856
61.7856
61.7856
61.7856
61.7856
61.7856
61.7856
61.7856
61.7856
61.7856
61.7856
61.7856
61.7856
61.7856
61.7856
61.7856
61.7856
61.7856
61.7856
61.7856
61.7856
61.7856
61.7856
61.7856
61.7856
61.7856
61.7856
61.7856
61.7856
61.7856
61.7856
61.7856
61.7856
61.7856
61.7856
61.7856
61.7856
61.7856
61.7856
61.7856
61.7856
61.7856
61.7856
61.7856
61.7856
61.7856
61.7856
61.7856
61.7856
61.7856
61.7856
61.7856
61.7856
61.7856
61.7856
61.7856
61.7856
61.7856
61.7856
61.7856
61.7856
61.7856
61.7856
61.7856
61.7856
61.7856
61.7856
61.7856
61.7856
61.7856
61.7856
61.7856
61.7856
61.7856
61.7856
61.7856
61.7856
61.7856
61.7856
61.7856
61.7856
61.7856
61.7856
61.7856
61.7856
61.7856
61.7856
61.7856
61.7856
61.7856
61.7856
61.7856
61.7856
61.7856
61.7856
61.7856
61.7856
61.7856
61.7856
61.7856
61.7856
61.7856
61.7856
61.7856
61.7856
61.7856
61.7856
61.7856
61.7856
61.7856
61.7856
61.7856
61.7856
61.7856
61.7856
61.7856
61.7856
61.7856
61.7856
61.7856
61.8755
61.7856
61.7856
61.7856
61.7856
61.7856
61.7856
61.7856
61.7856
61.7856
61.7856
61.7856
61.7856
61.7856
61.7856
61.7856
61.7856
61.7856
61.7856
61.7856
61.7856
61.7856
61.7856
61.7856
61.7856
61.7856
61.7856
61.7856
61.7856
61.7856
61.7856
61.7856
61.7856
61.7856
61.7856
61.7856
61.7856
61.7856
61.7856
61.7856
61.7856
61.7856
61.7856
61.7856
61.7856
61.7856
61.7856
61.7856
61.7856
61.7856
61.7856
61.7856
61.7856
61.7856
61.7856
61.7856
61.7856
61.7856
61.7856
61.7856
61.7856
61.7856
61.7856
61.7856
61.7856
61.7856
61.7856
61.7856
61.7856
61.7856
61.7856
61.7856
61.7856
61.7856
61.7856
61.7856
61.7856
61.7856
61.7856
61.7856
61.7856
61.7856
61.7856
61.7856
61.7856
61.7856
61.7856
61.7856
61.7856
61.7856
61.7856
61.7856
61.7856
61.7856
61.7856
61.7856
61.7856
61.7856
61.7856
61.7856
61.7856
61.7856
61.7856
61.7856
61.7856
61.7856
61.7856
61.7856
61.7856
61.7856
61.7856
61.7856
61.7856
61.7856
61.7856
61.7856
61.7856
61.7856
61.7856
61.7856
61.7856
61.7856
61.7856
61.7856
61.7856
61.7856
61.7856
61.7856
61.7856
61.7856
61.7856
61.7856
61.7856
61.7856
61.7856
61.7856
61.7856
61.7856
61.7856
61.7856
61.7856
61.7856
61.7856
61.7856
61.7856
61.7856
61.7856
61.7856
61.7856
61.7856
61.7856
61.7856
61.7856
61.7856
61.7856
61.7856
61.7856
61.7856
61.7856
61.7856
61.7856
61.7856
61.7856
61.7856
61.7856
61.7856
61.7856
61.7856
61.7856
61.7856
61.7856
61.7856
61.7856
61.7856
61.7856
61.7856
61.7856
61.7856
61.7856
61.7856
61.7856
61.7856
61.7856
61.7856
61.7856
61.7856
61.7856
61.7856
61.7856
61.7856
61.7856
61.7856
61.7856
61.7856
61.7856
61.7856
61.7856
61.7856
61.7856
61.7856
61.7856
61.7856
61.7856
61.7856
61.7856
61.7856
61.7856
61.7856
61.7856
61.7856
61.7856
61.7856
61.7856
61.7856
61.7856
61.7856
61.7856
61.7856
61.7856
61.7856
61.7856
61.7856
61.7856
61.7856
61.7856
61.7856
61.7856
61.7856
61.7856
61.7856
61.7856
61.7856
61.7856
61.7856
61.7856
61.7856
61.7856
61.7856
61.7856
61.7856
61.7856
61.7856
61.7856
61.7856
61.7856
61.7856
61.7856
61.7856
61.7856
61.7856
61.7856
61.7856
61.7856
61.7856
61.7856
61.7856
61.7856
61.7856
61.7856
61.7856
61.7856
61.7856
61.7856
61.7856
61.7856
61.7856
61.7856
61.7856
61.7856
61.7856
61.7856
61.7856
61.7856
61.7856
61.7856
61.7856
61.7856
61.7856
61.7856
61.7856
61.7856
61.7856
61.7856
61.7856
61.7856
61.7856
61.7856
61.7856
61.7856
61.7856
61.7856
61.7856
61.7856
61.7856
61.7856
61.7856
61.7856
61.7856
61.7856
61.7856
61.7856
61.7856
61.7856
61.7856
61.7856
61.7856
61.7856
61.7856
61.7856
61.7856
61.7856
61.7856
61.7856
61.7856
61.7856
61.7856
61.7856
61.7856
61.7856
61.7856
61.7856
61.7856
61.7856
61.7856
61.7856
61.7856
61.7856
61.7856
61.7856
61.7856
61.7856
61.7856
61.7856
61.7856
61.7856
61.7856
61.7856
61.7856
61.7856
61.7856
61.7856
61.7856
61.7856
61.7856
61.7856
61.7856
61.7856
61.7856
61.7856
61.7856
61.7856
61.7856
61.7856
61.7856
61.7856
61.7856
61.7856
61.7856
61.7856
61.7856
61.7856
61.7856
61.7856
61.7856
61.7856
61.7856
61.7856
61.7856
61.7856
61.7856
61.7856
61.7856
61.7856
61.7856
61.7856
61.7856
61.7856
61.7856
61.7856
61.7856
61.7856
61.7856
61.7856
61.7856
61.7856
61.7856
61.7856
61.7856
61.7856
61.7856
61.7856
61.7856
61.7856
61.7856
61.7856
61.7856
61.7856
61.7856
61.7856
61.7856
61.7856
61.7856
61.7856
61.7856
61.7856
61.7856
61.7856
61.7856
61.7856
61.7856
61.7856
61.7856
61.7856
61.7856
61.7856
61.7856
61.7856
61.7856
61.7856
61.7856
61.7856
61.7856
61.7856
61.7856
61.7856
61.7856
61.7856
61.7856
61.7856
61.7856
61.7856
61.7856
61.7856
61.7856
61.7856
61.7856
61.7856
61.7856
61.7856
61.7856
61.7856
61.7856
61.7856
61.7856
61.7856
61.7856
61.7856
61.7856
61.7856
61.7856
61.7856
61.7856
61.7856
61.7856
61.7856
61.7856
61.7856
61.7856
61.7856
61.7856
61.7856
61.7856
61.7856
61.7856
61.7856
61.7856
61.7856
61.7856
61.7856
61.7856
61.7856
61.7856
61.7856
61.7856
61.7856
61.7856
61.7856
61.7856
61.7856
61.7856
61.7856
61.7856
61.7856
61.7856
61.7856
61.7856
61.7856
61.7856
61.7856
61.7856
61.7856
61.7856
61.7856
61.7856
61.7856
61.7856
61.7856
61.7856
61.7856
61.7856
61.7856
61.7856
61.7856
61.7856
61.7856
61.7856
61.7856
61.7856
61.7856
61.7856
61.7856
61.7856
61.7856
61.7856
61.7856
61.7856
61.7856
61.7856
61.7856
61.7856
61.7856
61.7856
61.7856
61.7856
61.7856
61.7856
61.7856
61.7856
61.7856
61.7856
61.7856
61.7856
61.7856
61.7856
61.7856
61.7856
61.7856
61.7856
61.7856
61.7856
61.7856
61.7856
61.7856
61.7856
61.7856
61.7856
61.7856
61.7856
61.7856
61.7856
61.7856
61.7856
61.7856
61.7856
61.7856
61.7856
61.7856
61.7856
61.7856
61.7856
61.7856
61.7856
61.7856
61.7856
61.7856
61.7856
61.7856
61.7856
61.7856
61.7856
61.7856
61.7856
61.7856
61.7856
61.7856
61.7856
61.7856
61.7856
61.7856
61.7856
61.7856
61.7856
61.7856
61.7856
61.7856
61.7856
61.7856
61.7856
61.7856
61.7856
61.7856
61.7856
61.7856
61.7856
61.7856
61.7856
61.7856
61.7856
61.7856
61.7856
61.7856
61.7856
61.7856
61.7856
61.7856
61.7856
61.7856
61.7856
61.7856
61.7856
61.7856
61.7856
61.7856
61.7856
61.7856
61.7856
61.7856
61.7856
61.7856
61.7856
61.7856
61.7856
61.7856
61.7856
61.7856
61.7856
61.7856
61.7856
61.7856
61.7856
61.7856
61.7856
61.7856
61.7856
61.7856
61.7856
61.7856
61.7856
61.7856
61.7856
61.7856
61.7856
61.7856
61.7856
61.7856
61.7856
61.7856
61.7856
61.7856
61.7856
61.7856
61.7856
61.7856
61.7856
61.7856
61.7856
61.7856
61.7856
61.7856
61.7856
61.7856
61.7856
61.7856
61.7856
61.7856
61.7856
61.7856
61.7856
61.7856
61.7856
61.7856
61.7856
61.7856
61.7856
61.7856
61.7856
61.7856
61.7856
61.7856
61.7856
61.7856
61.7856
61.7856
61.7856
61.7856
61.7856
61.7856
61.7856
61.7856
61.7856
61.7856
61.7856
61.7856
61.7856
61.7856
61.7856
61.7856
61.7856
61.7856
61.7856
61.7856
61.7856
61.7856
61.7856
61.7856
61.7856
61.7856
61.7856
61.7856
61.7856
61.7856
61.7856
61.7856
61.7856
61.7856
61.7856
61.7856
61.7856
61.7856
61.7856
61.7856
61.7856
61.7856
61.7856
61.7856
61.7856
61.7856
61.7856
61.7856
61.7856
61.7856
61.7856
61.7856
61.7856
61.7856
61.7856
61.7856
61.7856
61.7856
61.7856
61.7856
61.7856
61.7856
61.7856
61.7856
61.7856
61.7856
61.7856
61.7856
61.7856
61.7856
61.7856
61.7856
61.7856
61.7856
61.7856
61.7856
61.7856
61.7856
61.7856
61.7856
61.7856
61.7856
61.7856
61.7856
61.7856
61.7856
61.7856
61.7856
61.7856
61.7856
61.7856
61.7856
61.7856
61.7856
61.7856
61.7856
61.7856
61.7856
61.7856
61.7856
61.7856
61.7856
61.7856
61.7856
61.7856
61.7856
61.7856
61.7856
61.7856
61.7856
61.7856
61.7856
61.7856
61.7856
61.7856
61.7856
61.7856
61.7856
61.7856
61.7856
61.7856
61.7856
61.7856
61.7856
61.7856
61.7856
61.7856
61.7856
61.7856
61.7856
61.7856
61.7856
61.7856
61.7856
61.7856
61.7856
61.7856
61.7856
61.7856
61.7856
61.7856
61.7856
61.7856
61.7856
61.7856
61.7856
61.7856
61.7856
61.7856
61.7856
61.7856
61.7856
61.7856
61.7856
61.7856
61.7856
61.7856
61.7856
61.7856
61.7856
61.7856
61.7856
61.7856
61.7856
61.7856
61.7856
61.7856
61.7856
61.7856
61.7856
61.7856
61.7856
61.7856
61.7856
61.7856
61.7856
61.7856
61.7856
61.7856
61.7856
61.7856
61.7856
61.7856
61.7856
61.7856
61.7856
61.7856
61.7856
61.7856
61.7856
61.7856
61.7856
61.7856
61.7856
61.7856
61.7856
61.7856
61.7856
61.7856
61.7856
61.7856
61.7856
61.7856
61.7856
61.7856
61.7856
61.7856
61.7856
61.7856
61.7856
61.7856
61.7856
61.7856
61.7856
61.7856
61.7856
61.7856
61.7856
61.7856
61.7856
61.7856
61.7856
61.7856
61.7856
61.7856
61.7856
61.7856
61.7856
61.7856
61.7856
61.7856
61.7856
61.7856
61.7856
61.7856
61.7856
61.7856
61.7856
61.7856
61.7856
61.7856
61.7856
61.7856
61.7856
61.7856
61.7856
61.7856
61.7856
61.7856
61.7856
61.7856
61.7856
61.7856
61.7856
61.7856
61.7856
61.7856
61.7856
61.7856
61.7856
61.7856
61.7856
61.7856
61.7856
61.7856
61.7856
61.7856
61.7856
61.7856
61.7856
61.7856
61.7856
61.7856
61.7856
61.7856
61.7856
61.7856
61.7856
61.7856
61.7856
61.7856
61.7856
61.7856
61.7856
61.7856
61.7856
61.7856
61.7856
61.7856
61.7856
61.7856
61.7856
61.7856
61.7856
61.7856
61.7856
61.7856
61.7856
61.7856
61.7856
61.7856
61.7856
61.7856
61.7856
61.7856
61.7856
61.7856
61.7856
61.7856
61.7856
61.7856
61.7856
61.7856
61.7856
61.7856
61.7856
61.7856
61.7856
61.7856
61.7856
61.7856
61.7856
61.7856
61.7856
61.7856
61.7856
61.7856
61.7856
61.7856
61.7856
61.7856
61.7856
61.7856
61.7856
61.7856
61.7856
61.7856
61.7856
61.7856
61.7856
61.7856
61.7856
61.7856
61.7856
61.7856
61.7856
61.7856
61.7856
61.7856
61.7856
61.7856
61.7856
61.7856
61.7856
61.7856
61.7856
61.7856
61.7856
61.7856
61.7856
61.7856
61.7856
61.7856
61.7856
61.7856
61.7856
61.7856
61.7856
61.7856
61.7856
61.7856
61.7856
61.7856
61.7856
61.7856
61.7856
61.7856
61.7856
61.7856
61.7856
61.7856
61.7856
61.7856
61.7856
61.7856
61.7856
61.7856
61.7856
61.7856
61.7856
61.7856
61.7856
61.7856
61.7856
61.7856
61.7856
61.7856
61.7856
61.7856
61.7856
61.7856
61.7856
61.7856
61.7856
61.7856
61.7856
61.7856
61.7856
61.7856
61.7856
61.7856
61.7856
61.7856
61.7856
61.7856
61.7856
61.7856
61.7856
61.7856
61.7856
61.7856
61.7856
61.7856
61.7856
61.7856
61.7856
61.7856
61.7856
61.7856
61.7856
61.7856
61.7856
61.7856
61.7856
61.7856
61.7856
61.7856
61.7856
61.7856
61.7856
61.7856
61.7856
61.7856
61.7856
61.7856
61.7856
61.7856
61.7856
61.7856
61.7856
61.7856
61.7856
61.7856
61.7856
61.7856
61.7856
61.7856
61.7856
61.7856
61.7856
61.7856
61.7856
61.7856
61.7856
61.7856
61.7856
61.7856
61.7856
61.7856
61.7856
61.7856
61.7856
61.7856
61.7856
61.7856
61.7856
61.7856
61.7856
61.7856
61.7856
61.7856
61.7856
61.7856
61.7856
61.7856
61.7856
61.7856
61.7856
61.7856
61.7856
61.7856
61.7856
61.7856
61.7856
61.7856
61.7856
61.7856
61.7856
61.7856
61.7856
61.7856
61.7856
61.7856
61.7856
61.7856
61.7856
61.7856
61.7856
61.7856
61.7856
61.7856
61.7856
61.7856
61.7856
61.7856
61.7856
61.7856
61.7856
61.7856
61.7856
61.7856
61.7856
61.7856
61.7856
61.7856
61.7856
61.7856
61.7856
61.7856
61.7856
61.7856
