# best half averages
2593.42
2416.14
2290.25
2190.12
2088.88
1991.91
1930.17
1872.36
1818.91
1773.23
1726.8
1685.7
1640.2
1587.57
1546.79
1499
1475.05
1438.1
1368.35
1339.53
1318.71
1268.08
1153.04
1130.16
1119.43
1098.08
1058.18
1034
1018.04
1000.96
996.812
985.424
977.2
964.579
948.101
930.405
906.069
852.936
841.458
840.787
825.773
809.138
759.522
744.15
739.619
728.16
724.397
720.375
705.833
688.536
681.222
665.244
661.621
658.6
648.947
634.549
621.218
616.085
613.91
609.373
605.223
595.011
563.939
541.252
532.306
528.437
526.791
519.892
516.615
514.855
510.908
505.017
493.705
485.077
484.675
482.291
480.562
479.772
477.547
473.449
472.659
467.219
470.87
457.696
456.715
450.242
447.991
427.534
423.577
423.274
420.051
414.68
392.522
383.343
367.005
365.702
359.48
354.763
354.629
354.113
353.854
353.388
351.736
350.55
348.389
343.313
340.259
336.477
328.77
324.532
321.589
320.292
316.723
311.411
306.127
304.499
304.482
303.885
301.727
297.543
297.138
296.95
298.859
294.273
293.232
291.094
288.84
287.757
291.968
283.709
283.647
283.274
282.869
281.642
280.497
280.497
280.497
280.476
280.411
280.134
279.31
278.848
276.547
276.317
276.2
275.079
274.024
271.595
267.629
252.265
246.654
245.439
240.943
240.752
240.3
237.936
233.245
233.817
230.453
228.414
226.308
223.685
220.108
219.961
220.108
219.64
221.597
220.251
210.779
207.966
207.966
207.966
207.954
207.921
207.822
208.701
207.252
206.832
206.347
206.096
205.84
208.692
210.662
206.568
204.34
201.054
199.415
196.685
194.795
194.237
193.6
192.813
190.926
187.883
187.883
187.602
187.66
186.034
182.358
182.166
181.19
178.54
174.258
170.58
170.58
170.58
170.58
170.58
170.58
170.58
170.552
170.497
170.22
169.194
169.194
177.362
176.213
171.428
169.133
169.143
168.989
168.458
166.628
166.536
166.471
165.724
165.076
164.889
164.578
164.575
164.568
164.598
164.519
164.399
164.371
163.972
163.726
163.722
163.686
163.556
163.472
163.146
163.023
162.964
162.851
161.87
161.14
160.166
160.718
158.587
157.637
151.321
150.205
150.036
149.846
149.551
149.077
147.01
150.582
145.437
145.437
145.42
145.324
144.971
144.629
144.585
144.453
143.978
143.388
143.388
143.388
143.388
143.388
143.388
143.388
142.618
142.956
141.657
136.487
133.765
133.764
133.758
133.735
133.735
133.642
132.907
131.821
130.927
130.265
129.593
129.467
128.877
127.216
126.818
136
126.719
127.001
126.835
126.756
126.756
126.914
125.895
124.655
121.474
120.309
120.086
119.265
117.491
117.491
117.486
117.451
117.449
117.412
120.858
121.738
116.592
116.3
115.532
114.903
114.884
114.826
114.499
113.868
113.429
112.308
110.262
110.134
109.929
109.006
108.977
108.947
108.71
107.792
107.526
107.526
107.526
107.526
107.526
107.526
107.526
107.526
107.526
107.526
107.526
107.526
107.526
107.526
107.526
107.526
107.526
107.526
107.526
107.526
107.526
107.526
107.526
107.526
107.526
107.526
107.526
107.511
107.526
107.522
107.526
107.517
107.491
107.429
107.235
107.083
107.065
107.031
106.882
106.627
106.627
106.627
106.627
106.627
106.627
106.627
106.625
106.622
106.618
106.591
106.537
106.537
106.537
106.537
106.537
106.537
106.537
106.498
106.498
106.421
105.955
104.597
104.597
104.597
104.597
104.597
104.597
104.597
104.584
104.507
104.289
103.956
103.633
102.497
99.8264
99.7206
99.4032
97.9099
97.0655
94.9564
94.9552
94.9364
94.8408
94.5387
94.2664
94.2664
94.2634
94.2603
94.2391
94.4501
94.0989
94.0829
94.0346
93.8255
93.3107
93.3107
93.3107
93.3012
93.3406
93.2331
93.0901
92.7427
92.4589
92.4589
92.4535
92.4213
92.3194
92.124
92.124
92.0907
92.0805
91.9389
92.8698
90.5261
90.5261
90.5261
90.5261
90.5118
90.4831
90.4257
90.1819
89.809
89.809
89.809
89.809
89.809
89.809
89.7103
89.5275
88.9359
88.3316
88.1275
88.0995
87.9872
87.6692
87.6692
87.6692
87.6692
87.6692
87.6692
87.6692
87.6692
87.6692
87.6692
87.6692
87.6692
87.6692
87.6692
87.6692
87.6692
87.6692
87.6692
87.6692
87.6692
87.6692
87.6692
87.6692
87.6692
87.6692
87.6692
87.6692
87.6692
87.6692
87.6692
87.6692
87.6692
87.6692
87.6692
87.6459
87.5758
87.4047
86.7352
86.5009
86.4983
86.4888
86.4824
86.4824
86.4413
86.4796
86.4824
86.5371
89.2779
86.4824
86.4824
92.187
86.4824
86.4824
86.4824
86.4824
86.4824
86.4824
86.446
86.3262
86.092
85.4779
98.0844
84.4369
84.4005
84.4005
84.4005
84.4005
84.4005
84.3729
84.295
84.1713
84.1713
84.1713
84.1713
84.1713
84.1713
84.1713
84.1713
84.1713
84.1713
84.1713
84.1713
84.1713
84.1713
84.1713
84.1713
84.1713
84.1713
84.083
84.0272
83.3454
82.2169
81.8411
81.825
81.7797
81.6108
81.3864
81.3207
80.8605
80.6953
80.6317
80.2676
79.9119
79.7544
79.2483
78.9874
78.9874
78.9874
78.9874
78.9874
78.9874
78.9874
78.9874
78.9874
78.9874
78.9874
78.9874
78.9874
78.9874
78.9874
78.9874
78.9869
78.986
78.8523
78.4943
77.6221
77.3747
77.2631
77.0847
77.0259
77.0259
77.0259
77.0259
77.0104
76.9373
76.7882
76.3821
76.251
76.251
76.251
76.251
76.251
76.251
76.251
76.251
76.251
76.251
76.251
76.251
76.251
76.251
76.251
76.251
76.2217
76.1924
76.0531
75.8844
75.8844
75.8844
75.8844
75.8844
75.8844
75.8844
75.8002
75.6785
75.4164
75.4014
75.3415
75.0868
74.6672
74.6672
74.6672
74.6672
74.6494
74.5857
74.4617
74.2661
74.1612
73.7866
73.6218
73.6218
73.6218
73.6218
73.6218
73.6218
73.6218
73.6218
73.6218
73.6218
73.6218
73.6218
73.6218
73.6218
73.6008
73.559
73.4404
73.2731
73.2731
73.2462
73.1547
73.0041
73.0041
73.0041
73.0041
73.0041
73.0041
73.0041
73.0041
72.9882
72.9525
72.889
72.8056
72.8056
72.8056
72.8056
72.8056
72.8056
72.8056
72.8056
72.8056
72.8056
72.8056
72.8056
72.8056
72.8056
72.8056
72.8056
72.8056
72.8056
72.8056
72.8056
72.8056
72.8056
72.8056
72.8056
72.8056
72.8056
72.8056
72.8034
72.7998
72.7886
72.7833
72.7833
72.7833
72.7833
72.7833
72.7833
72.7833
72.7833
72.7833
72.7833
72.7833
72.7833
72.7754
72.7597
72.7165
72.6851
72.6851
72.6851
72.6851
72.6851
72.6851
72.6851
72.6851
72.6851
72.6851
72.6851
72.6851
72.6851
72.6851
72.6851
72.6851
72.6851
72.6851
72.6851
72.6851
72.6851
72.6851
72.6851
72.6851
72.6851
72.6851
72.6851
72.6851
72.6851
72.6851
72.6851
72.6851
72.6851
72.6851
72.6851
72.6851
72.6851
72.6584
72.5366
72.4947
72.4947
72.4947
72.4947
72.4947
72.4947
72.4947
72.4947
72.4932
72.4947
72.4947
72.4947
72.4947
72.4947
72.4947
72.4947
72.4947
72.4947
72.4947
72.4947
72.4947
72.4947
72.4947
72.4947
72.4947
72.4947
72.4947
72.4947
72.4947
72.4947
72.4947
72.4947
72.4947
72.4947
72.4947
72.4947
72.4947
72.4947
72.4947
72.4947
72.4947
72.4947
72.4947
72.4947
72.4947
72.4947
72.4947
72.4947
72.4947
72.4947
72.4947
72.4947
72.4941
72.4917
72.4864
72.4708
72.4649
72.4649
72.4649
72.4649
72.4649
72.4649
72.4649
72.4649
72.4649
72.4649
72.4649
72.4649
72.4649
72.4649
72.4649
72.4649
72.4649
72.4649
72.4649
72.4649
72.4649
72.4649
72.4649
72.4649
72.4649
72.4649
72.4649
72.4649
72.4649
72.4649
72.4649
72.4649
72.4649
72.4649
72.4649
72.4649
72.4649
72.4422
72.4037
72.3162
72.3007
72.3007
72.3007
72.3007
72.3007
72.3007
72.3007
72.3007
72.3007
72.3007
72.3007
72.3007
72.3007
72.3007
72.3007
72.3007
72.3007
72.3007
72.3007
72.3007
72.3007
72.3007
72.3007
72.3007
72.3007
72.3007
72.3007
72.3007
72.3007
72.3007
72.3007
72.3007
72.3007
72.3007
72.3007
72.3007
72.3007
72.3007
72.3007
72.3007
72.3007
72.3007
72.2741
72.2366
72.1493
72.0232
72.0112
72.0112
72.0112
72.0112
72.0112
72.0112
72.0112
72.0112
72.0112
72.0112
72.0112
72.0112
72.0112
72.0112
72.0112
72.0112
72.0112
72.0112
72.0112
72.0112
72.0112
71.9951
71.9951
72.0031
72.0112
72.0112
71.987
77.435
72.0223
74.6637
72.0069
71.9896
71.9636
71.8771
71.7949
71.7949
71.7949
71.7949
71.7949
71.7949
71.7949
71.7911
71.7949
71.7949
71.7949
71.7949
71.7798
71.8739
72.1428
73.2732
72.693
75.1107
72.2742
79.1023
71.4337
71.0839
70.8377
70.8377
70.8377
70.8377
70.8377
70.8377
70.8377
70.8377
70.8377
70.8377
70.8377
70.8377
70.8377
70.8377
70.8377
70.8377
70.8377
70.8377
70.8377
70.8377
70.8299
70.7989
70.7408
70.6438
70.6438
70.6438
70.6438
70.6438
70.6438
70.6438
70.6427
70.6427
70.6405
70.6305
70.6017
70.5884
70.5884
70.5884
70.5884
70.5884
70.5884
70.5884
70.5884
70.5884
70.5884
70.5884
70.5884
70.5884
70.5884
70.5884
70.5884
70.5884
70.5884
70.5884
70.5884
70.5884
70.5884
70.5884
70.5884
70.5884
70.5884
70.5884
70.5884
70.5884
70.5884
70.5884
70.5884
70.5884
70.5884
70.5884
70.5884
70.5884
70.5884
70.5884
70.5884
70.5504
70.4553
70.113
70.113
70.113
70.113
70.113
70.113
70.113
70.113
70.113
70.113
70.113
70.113
70.113
70.113
70.113
70.113
70.113
70.113
70.113
70.113
70.113
70.113
70.113
70.113
70.113
70.113
70.1101
70.113
70.113
70.113
70.113
70.113
70.113
70.0949
70.0768
70.0226
69.7876
69.2092
69.2092
69.2092
69.2092
69.2092
69.2092
69.2092
69.2092
69.2092
69.2092
69.2092
69.2092
69.2092
69.2092
69.2092
69.2092
69.2092
69.2092
69.2092
69.2092
69.2062
69.2032
69.1911
69.1487
69.0579
69.0579
69.0579
69.0579
69.0579
69.0579
69.0579
69.0579
69.0579
69.0579
69.0579
69.0579
69.0579
69.0579
69.0579
69.0579
69.0579
69.0579
69.0579
69.0579
69.0579
69.0579
69.0579
69.0579
69.0579
69.0579
69.0579
69.0579
69.0579
69.0579
69.0579
69.0579
69.0579
69.0579
69.0579
69.0579
69.0579
69.0579
69.0579
69.0579
69.0579
69.0579
69.0488
69.0488
69.0488
69.0579
69.0579
69.0579
69.0579
69.0579
69.0579
69.0579
69.044
69.0163
69.044
69.0024
70.3886
71.2453
68.8915
70.6215
68.3648
68.3648
68.3648
68.3648
68.3648
68.3648
68.3648
68.3648
68.3648
68.3648
68.3825
68.3648
68.3648
68.3648
68.3648
68.3648
68.3648
68.3648
68.3648
68.3648
68.3648
68.3648
68.3648
68.3648
68.3648
68.3648
68.3648
68.3648
68.3648
68.3648
68.3648
68.3648
68.3648
68.3648
68.3648
68.3648
68.3648
68.3648
68.3648
68.3648
68.3648
68.3648
68.3648
68.3648
68.3648
68.3648
68.3648
68.3648
68.3648
68.3648
68.3648
68.3648
68.3648
68.3648
68.3648
68.3648
68.3648
68.3648
68.3648
68.3648
68.3648
68.3648
68.3648
68.3648
68.3648
68.3648
68.3648
68.3648
68.3648
68.3648
68.3648
68.3648
68.3648
68.3648
68.3648
68.3648
68.3648
68.3616
68.3583
68.3583
68.3454
68.2902
68.2026
68.2026
68.2026
68.2026
68.2026
68.2026
68.2026
68.2026
68.2026
68.2026
68.2026
68.2026
68.2026
68.2026
68.2026
68.2026
68.2026
68.2026
68.2026
68.2026
68.2026
68.2026
68.2026
68.2026
68.2026
68.2026
68.2026
68.2026
68.2026
68.2026
68.2026
68.2026
68.2026
68.2026
68.2026
68.2026
68.2026
68.2026
68.2026
68.2026
68.2026
68.2026
68.2026
68.2026
68.2026
68.2026
68.2026
68.2026
68.2026
68.2026
68.2026
68.2026
68.2026
68.2026
68.2026
68.2026
68.2026
68.2026
68.2026
68.2026
68.2026
68.2026
68.2026
68.2026
68.2026
68.2026
68.2026
68.2026
68.2026
68.2026
68.2026
68.2026
68.2026
68.2026
68.2026
68.2026
68.2026
68.2026
68.2026
68.2026
68.2026
68.2026
68.2026
68.2026
68.2026
68.2026
68.2026
68.2026
68.2026
68.2026
68.2026
68.2026
68.2026
68.2026
68.2026
68.2026
68.2026
68.2026
68.2026
68.2026
68.2026
68.2026
68.2026
68.2026
68.2026
68.2026
68.2026
68.2026
68.2026
68.2026
68.2026
68.2026
68.2026
68.2026
68.2026
68.2026
68.2026
68.2026
68.2026
68.2026
68.2026
68.2026
68.2026
68.2026
68.2026
68.2026
68.2026
68.2026
68.2026
68.2026
68.2026
68.2026
68.2026
68.2026
68.2026
68.2026
68.2026
68.2026
68.2026
68.2026
68.2026
68.2026
68.2026
68.2026
68.2026
68.2026
68.2026
68.2026
68.2026
68.2026
68.191
68.1822
68.1126
68.0575
68.0575
68.0575
68.0575
68.0575
68.0575
68.0575
68.0575
68.0575
68.0575
68.0575
68.0575
68.0575
68.0575
68.0575
68.0575
68.0575
68.0575
68.0575
68.0575
68.0575
68.0575
68.0575
68.0575
68.0575
68.0575
68.0575
68.0575
68.0575
68.0575
68.0575
68.0575
68.0575
68.0575
68.0575
68.0575
68.0575
68.0575
68.0575
68.0575
68.0575
68.0575
68.0575
68.0575
68.0575
68.0575
68.0575
68.0575
68.0575
68.0575
68.0575
68.0575
68.0575
68.0575
68.0575
68.0575
68.0575
68.0575
68.0575
68.0575
68.0575
68.0575
68.0132
67.9245
67.6048
67.5031
67.5031
67.4897
67.4427
67.3286
67.1675
67.1675
67.1675
67.1675
67.1675
67.1675
67.1675
67.1675
67.1675
67.1675
67.1675
67.1675
67.1675
67.1675
67.1675
67.1675
67.1675
67.1675
67.1675
67.1675
67.1675
67.1675
67.1488
67.1051
66.9616
66.8333
66.6997
66.3879
65.7419
65.7419
65.7419
65.7419
65.7419
65.7419
65.7419
65.7419
65.7419
65.7419
65.7419
65.7419
65.7419
65.7419
65.7419
65.7419
65.7419
65.7419
65.7419
65.7419
65.7419
65.7419
65.7419
65.7419
65.7419
65.7419
65.7419
65.7419
65.7419
65.7419
65.7419
65.7419
65.7419
65.7419
65.7419
65.7419
65.7419
65.7419
65.7419
65.7419
65.7419
65.7419
65.7419
65.7419
65.7419
65.7419
65.7419
65.7279
65.6857
65.6295
65.3765
65.0392
65.0392
65.0392
65.0392
65.0392
65.0392
65.0392
65.0392
65.0392
65.0392
65.0392
65.0392
65.0392
65.0392
65.0392
65.0392
65.0392
65.0392
65.0392
65.0392
65.0392
65.0392
65.0392
65.0392
65.0392
65.0392
65.0392
65.0392
65.0379
65.0366
65.0314
65.0229
65.0229
65.0229
65.0229
65.0229
65.0229
65.0229
65.0229
65.0229
65.0229
65.0229
65.0229
65.0229
65.0229
65.0229
65.0229
65.0229
65.0229
65.0229
65.0229
65.0229
65.0229
65.0229
65.0229
65.0229
65.0229
65.0229
65.0229
65.0229
65.0229
65.0229
65.0229
65.0229
65.0229
65.0229
65.0229
65.0229
65.0229
65.0229
65.0229
65.0229
65.0229
65.0229
65.0229
65.0229
65.0229
65.0229
65.0229
65.0229
65.0229
65.0229
65.0229
65.0229
65.0229
65.0229
65.0229
65.0229
65.0229
65.0229
65.0229
65.0229
65.0229
65.0213
65.0213
65.0116
64.9795
64.9425
64.9425
64.9425
64.9425
64.9425
64.9425
64.9425
64.9425
64.9425
64.9425
64.9425
64.9425
64.9425
64.9425
64.9425
64.9425
64.9425
64.9425
64.9425
64.9425
64.9425
64.9425
64.9425
64.9425
64.9425
64.9425
64.9425
64.9425
64.9425
64.9425
64.9425
64.9425
64.9425
64.9425
64.9425
64.9425
64.9425
64.9425
64.9425
64.9425
64.9425
64.9425
64.9425
64.9425
64.9425
64.9425
64.9425
64.9425
64.9425
64.9425
64.9425
64.9425
64.9425
64.9425
64.9425
64.9425
64.9425
64.9425
64.9425
64.9425
64.9425
64.9425
64.9425
64.9425
64.9425
64.9425
64.9425
64.9425
64.9425
64.9425
64.9425
64.9425
64.9425
64.9425
64.9425
64.9425
64.9425
64.9425
64.9425
64.9425
64.9425
64.9425
64.9425
64.9425
64.9425
64.9425
64.9425
64.9425
64.9425
64.9425
64.9425
64.9425
64.9425
64.9425
64.9425
64.9425
64.9425
64.9425
64.9425
64.9425
64.9425
64.9425
64.9425
64.9425
64.9425
64.9425
64.9425
64.9425
64.9425
64.9425
64.9425
64.9425
64.9425
64.9425
64.9425
64.9425
64.9425
64.9425
64.9425
64.9425
64.9425
64.9425
64.9425
64.9425
64.9425
64.9425
64.9425
64.9425
64.9425
64.9425
64.9425
64.9425
64.9425
64.9425
64.9425
64.9425
64.9425
64.9425
64.9425
64.9425
64.9425
64.9425
64.9425
64.9425
64.9425
64.9425
64.9425
64.9425
64.9425
64.9425
64.9425
64.9425
64.9425
64.9425
64.9425
64.9425
64.9425
64.9425
64.9425
64.9425
64.9425
64.9425
64.9425
64.9425
64.9425
64.9425
64.9425
64.9425
64.9425
64.9425
64.9425
64.9425
64.9425
64.9425
64.9425
64.9425
64.9425
64.9425
64.9425
64.9425
64.9425
64.9425
64.9425
64.9425
64.9425
64.9425
64.9425
64.9425
64.9425
64.9425
64.9425
64.9425
64.9425
64.9425
64.9425
64.9425
64.9425
64.9425
64.9425
64.9425
64.9425
64.9425
64.9425
64.9425
64.9425
64.9425
64.9425
64.9425
64.9425
64.9425
64.9425
64.9425
64.9425
64.9425
64.9425
64.9425
64.9425
64.9425
64.9425
64.9425
64.9425
64.9425
64.9425
64.9425
64.9425
64.9425
64.9425
64.9425
64.9425
64.9425
64.9425
64.9425
64.9425
64.9425
64.9425
64.9425
64.9425
64.9425
64.9425
64.9425
64.9425
64.9425
64.9425
64.9425
64.9425
64.9425
64.9425
64.9425
64.9425
64.9425
64.9425
64.9425
64.9425
64.9425
64.9425
64.9425
64.9425
64.9425
64.9425
64.9425
64.9425
64.9425
64.9425
64.9425
64.9425
64.9425
64.9425
64.9425
64.9425
64.9425
64.9425
64.9425
64.9425
64.9425
64.9425
64.9425
64.9425
64.9425
64.9425
64.9425
64.9425
64.9425
64.9425
64.9425
64.9425
64.9425
64.9425
64.9425
64.9425
64.9425
64.9425
64.9425
64.9425
64.9425
64.9425
64.9425
64.9425
64.9425
64.9425
64.9425
64.9425
64.9425
64.9425
64.9425
64.9425
64.9425
64.9425
64.9425
64.9425
64.9425
64.9425
64.9425
64.9425
64.9425
64.9425
64.9425
64.9425
64.9425
64.9425
64.9425
64.9425
64.9425
64.9425
64.9425
64.9425
64.9425
64.9425
64.9425
64.9425
64.9425
64.9425
64.9425
64.9425
64.9425
64.9425
64.9425
64.9425
64.9425
64.9425
64.9425
64.9425
64.9425
64.9425
64.9425
64.9425
64.9425
64.9425
64.9425
64.9425
64.9425
64.9425
64.9425
64.9425
64.9425
64.9425
64.9425
64.9425
64.9425
64.9425
64.9425
64.9425
64.9425
64.9425
64.9425
64.9425
64.9425
64.9425
64.9602
64.9425
64.9425
64.9425
64.9425
64.9425
64.9425
64.9425
64.9425
64.9425
64.9425
64.9425
64.9425
64.9425
64.9425
64.9425
64.9425
64.9425
64.9425
64.9425
64.9425
64.9425
64.9425
64.9425
64.9425
64.9425
64.9425
64.9425
64.9425
64.9425
64.9425
64.9425
64.9425
64.9425
64.9425
64.9425
64.9425
64.9425
64.9425
64.9425
64.9425
64.9425
64.9425
64.9425
64.9425
64.9425
64.9425
64.9425
64.9425
64.9425
64.9425
64.9425
64.9425
64.9425
64.9425
64.9425
64.9425
64.9425
64.9425
64.9425
64.9425
64.9425
64.9425
64.9425
64.9425
64.9425
64.9425
64.9425
64.9425
64.9425
64.9425
64.9425
64.9425
64.9425
64.9425
64.9425
64.9425
64.9425
64.9425
64.9425
64.9425
64.9425
64.9425
64.9425
64.9425
64.9425
64.9425
64.9425
64.9425
64.9425
64.9425
64.9425
64.9425
64.9425
64.9425
64.9425
64.9425
64.9425
64.9425
64.9425
64.9425
64.9425
64.9425
64.9425
64.9425
64.9425
64.9425
64.9425
64.9425
64.9425
64.9425
64.9425
64.9425
64.9425
64.9425
64.9425
64.9425
64.9425
64.9425
64.9425
64.9425
64.9425
64.9425
64.9425
64.9425
64.9425
64.9425
64.9425
64.9425
64.9425
64.9425
64.9425
64.9425
64.9425
64.9425
64.9425
64.9425
64.9425
64.9425
64.9425
64.9425
64.9425
64.9425
64.9425
64.9425
64.9425
64.9425
64.9425
64.9425
64.9425
64.9425
64.9425
64.9425
64.9425
64.9425
64.9425
64.9425
64.9425
64.9425
64.9425
64.9425
64.9425
64.9425
64.9425
64.9425
64.9425
64.9425
64.9425
64.9425
64.9425
64.9425
64.9425
64.9425
64.9425
64.9425
64.9425
64.9425
64.9425
64.9425
64.9425
64.9425
64.9425
64.9425
64.9425
64.9425
64.9425
64.9425
64.9425
64.9425
64.9425
64.9425
64.9425
64.9425
64.9425
64.9425
64.9425
64.9425
64.9425
64.9425
64.9425
64.9425
64.9425
64.9425
64.9425
64.9425
64.9425
64.9425
64.9425
64.9425
64.9425
64.9425
64.9425
64.9425
64.9425
64.9425
64.9425
64.9425
64.9425
64.9425
64.9425
64.9425
64.9425
64.9425
64.9425
64.9425
64.9425
64.9425
64.9425
64.9425
64.9425
64.9425
64.9425
64.9425
64.9425
64.9425
64.9425
64.9425
64.9425
64.9425
64.9425
64.9425
64.9425
64.9425
64.9425
64.9425
64.9425
64.9425
64.9425
64.9425
64.9425
64.9425
64.9425
64.9425
64.9425
64.9425
64.9425
64.9425
64.9425
64.9425
64.9425
64.9425
64.9425
64.9425
64.9425
64.9425
64.9425
64.9425
64.9425
64.9425
64.9425
64.9425
64.9425
64.9425
64.9425
64.9425
64.9425
64.9425
64.9425
64.9425
64.9425
64.9425
64.9425
64.9425
64.9425
64.9425
64.9425
64.9425
64.9425
64.9425
64.9425
64.9425
64.9425
64.9425
64.9425
64.9425
64.9425
64.9425
64.9425
64.9425
64.9425
64.9425
64.9425
64.9425
64.9425
64.9425
64.9425
64.9425
64.9425
64.9425
64.9425
64.9425
64.9425
64.9425
64.9425
64.9425
64.9425
64.9425
64.9425
64.9425
64.9425
64.9425
64.9425
64.9425
64.9425
64.9425
64.9425
64.9425
64.9425
64.9425
64.9425
64.9425
64.9425
64.9425
64.9425
64.9425
64.9425
64.9425
64.9425
64.9425
64.9425
64.9425
64.9425
64.9425
64.9425
64.9425
64.9425
64.9425
64.9425
64.9425
64.9425
64.9425
64.9425
64.9425
64.9425
64.9425
64.9425
64.9425
64.9425
64.9425
64.9425
64.9425
64.9425
64.9425
64.9425
64.9425
64.9425
64.9425
64.9425
64.9425
64.9425
64.9425
64.9425
64.9425
64.9425
64.9425
64.9425
64.9425
64.9425
64.9425
64.9425
64.9425
64.9425
64.9425
64.9425
64.9425
64.9425
64.9425
64.9425
64.9425
64.9425
64.9425
64.9425
64.9425
64.9425
64.9425
64.9425
64.9425
64.9425
64.9425
64.9425
64.9425
64.9425
64.9425
64.9425
64.9425
64.9425
64.9425
64.9425
64.9425
64.9425
64.9425
64.9425
64.9425
64.9425
64.9425
64.9425
64.9425
64.9425
64.9425
64.9425
64.9425
64.9425
64.9425
64.9425
64.9425
64.9425
64.9425
64.9425
64.9425
64.9425
64.9425
64.9425
64.9425
64.9425
64.9425
64.9425
64.9425
64.9425
64.9425
64.9425
64.9425
64.9425
64.9425
64.9425
64.9425
64.9425
64.9425
64.9425
64.9425
64.9425
64.9425
64.9425
64.9425
64.9425
64.9425
64.9425
64.9425
64.9425
64.9425
64.9425
64.9425
64.9425
64.9425
64.9425
64.9425
64.9425
64.9425
64.9425
64.9425
64.9425
64.9425
64.9425
64.9425
64.9425
64.9425
64.9425
64.9425
64.9425
64.9425
64.9425
64.9425
64.9425
64.9425
64.9425
64.9425
64.9425
64.9425
64.9425
64.9425
64.9425
64.9425
64.9425
64.9425
64.9425
64.9425
64.9425
64.9425
64.9425
64.9425
64.9425
64.9425
64.9425
64.9425
64.9425
64.9425
64.9425
64.9425
64.9425
64.9425
64.9425
64.9425
64.9425
64.9425
64.9425
64.9425
64.9425
64.9425
64.9425
64.9425
64.9425
64.9425
64.9425
64.9425
64.9425
64.9425
64.9425
64.9425
64.9425
64.9425
64.9425
64.9425
64.9425
64.9425
64.9425
64.9425
64.9425
64.9425
64.9425
64.9425
64.9425
64.9425
64.9425
64.9425
64.9425
64.9425
64.9425
64.9425
64.9425
64.9425
64.9425
64.9425
64.9425
64.9425
64.9425
64.9425
64.9425
64.9425
64.9425
64.9425
64.9425
64.9425
64.9425
64.9425
64.9425
64.9425
64.9425
64.9425
64.9425
64.9425
64.9425
64.9425
64.9425
64.9425
64.9425
64.9425
64.9425
64.9425
64.9425
64.9425
64.9425
64.9425
64.9425
64.9425
64.9425
64.9425
64.9425
64.9425
64.9425
64.9425
64.9425
64.9425
64.9425
64.9425
64.9425
64.9425
64.9425
64.9425
64.9425
64.9425
64.9425
64.9425
64.9425
64.9425
64.9425
64.9425
64.9425
64.9425
64.9425
64.9425
64.9425
64.9425
64.9425
64.9425
64.9425
64.9425
64.9425
64.9425
64.9425
64.9425
64.9425
64.9425
64.9425
64.9425
64.9425
64.9425
64.9425
64.9425
64.9425
64.9425
64.9425
64.9425
64.9425
64.9425
64.9425
64.9425
64.9425
64.9425
64.9425
64.9425
64.9425
64.9425
64.9425
64.9425
64.9425
64.9425
64.9425
64.9425
64.9425
64.9425
64.9425
64.9425
64.9425
64.9425
64.9425
64.9425
64.9425
64.9425
64.9425
64.9425
64.9425
64.9425
64.9425
64.9425
64.9425
64.9425
64.9425
64.9425
64.9425
64.9425
64.9425
64.9425
64.9425
64.9425
64.9425
64.9425
64.9425
64.9425
64.9425
64.9425
64.9425
64.9425
64.9425
64.9425
64.9425
64.9425
64.9425
64.9425
64.9425
64.9425
64.9425
64.9425
64.9425
64.9425
64.9425
64.9425
64.9425
64.9425
64.9425
64.9425
64.9425
64.9425
64.9425
64.9425
64.9425
64.9425
64.9425
64.9425
64.9425
64.9425
64.9425
64.9425
64.9425
64.9425
64.9425
64.9425
64.9425
64.9425
64.9425
64.9425
64.9425
64.9425
64.9425
64.9425
64.9425
64.9425
64.9425
64.9425
64.9425
64.9425
64.9425
64.9425
64.9425
64.9425
64.9425
64.9425
64.9425
64.9425
64.9425
64.9425
64.9425
64.9425
64.9425
64.9425
64.9425
64.9425
64.9425
64.9425
64.9425
64.9425
64.9425
64.9425
64.9425
64.9425
64.9425
64.9425
64.9425
64.9425
64.9425
64.9425
64.9425
64.9425
64.9425
64.9425
64.9425
64.9425
64.9425
64.9425
64.9425
64.9425
64.9425
64.9425
64.9425
64.9425
64.9425
64.9425
64.9425
64.9425
64.9425
64.9425
64.9425
64.9425
64.9425
64.9425
64.9425
64.9425
64.9425
64.9425
64.9425
64.9425
64.9425
64.9425
64.9425
64.9425
64.9425
64.9425
64.9425
64.9425
64.9425
64.9425
64.9425
64.9425
64.9425
64.9425
64.9425
64.9425
64.9425
64.9425
64.9425
64.9425
64.9425
64.9425
64.9425
64.9425
64.9425
64.9425
64.9425
64.9425
64.9425
64.9425
64.9425
64.9425
64.9425
64.9425
64.9425
64.9425
64.9425
64.9425
64.9425
64.9425
64.9425
64.9425
64.9425
64.9425
64.9425
64.9425
64.9425
64.9425
64.9425
64.9425
64.9425
64.9425
64.9425
64.9425
64.9425
64.9425
64.9425
64.9425
64.9425
64.9425
64.9425
64.9425
64.9425
64.9425
64.9425
64.9425
64.9425
64.9425
64.9425
64.9425
64.9425
64.9425
64.9425
64.9425
64.9425
64.9425
64.9425
64.9425
64.9425
64.9425
64.9425
64.9425
64.9425
64.9425
64.9425
64.9425
64.9425
64.9425
64.9425
64.9425
64.9425
64.9425
64.9425
64.9425
64.9425
64.9425
64.9425
64.9425
64.9425
64.9425
64.9425
64.9425
64.9425
64.9425
64.9425
64.9425
64.9425
64.9425
64.9425
64.9425
64.9425
64.9425
64.9425
64.9425
64.9425
64.9425
64.9425
64.9425
64.9425
64.9425
64.9425
64.9425
64.9425
64.9425
64.9425
64.9425
64.9425
64.9425
64.9425
64.9425
64.9425
64.9425
64.9425
64.9425
64.9425
64.9425
64.9425
64.9425
64.9425
64.9425
64.9425
64.9425
64.9425
64.9425
64.9425
64.9425
64.9425
64.9425
64.9425
64.9425
64.9425
64.9425
64.9425
64.9425
64.9425
64.9425
64.9425
64.9425
64.9425
64.9425
64.9425
64.9425
64.9425
64.9425
64.9425
64.9425
64.9425
64.9425
64.9425
64.9425
64.9425
64.9425
64.9425
64.9425
64.9425
64.9425
64.9425
64.9425
64.9425
64.9425
64.9425
64.9425
64.9425
64.9425
64.9425
64.9425
64.9425
64.9425
64.9425
64.9425
64.9425
64.9425
64.9425
64.9425
64.9425
64.9425
64.9425
64.9425
64.9425
64.9425
64.9425
64.9425
64.9425
64.9425
64.9425
64.9425
64.9425
64.9425
64.9425
64.9425
64.9425
64.9425
64.9425
64.9425
64.9425
64.9425
64.9425
64.9425
64.9425
64.9425
64.9425
64.9425
64.9425
64.9425
64.9425
64.9425
64.9425
64.9425
64.9425
64.9425
64.9425
64.9425
64.9425
64.9425
64.9425
64.9425
64.9425
64.9425
64.9425
64.9425
64.9425
64.9425
64.9425
64.9425
64.9425
64.9425
64.9425
64.9425
64.9425
64.9425
64.9425
64.9425
64.9425
64.9425
64.9425
64.9425
64.9425
64.9425
64.9425
64.9425
64.9425
64.9425
64.9425
64.9425
64.9425
64.9425
64.9425
64.9425
64.9425
64.9425
64.9425
64.9425
64.9425
64.9425
64.9425
64.9425
64.9425
64.9425
64.9425
64.9425
64.9425
64.9425
64.9425
64.9425
64.9425
64.9425
64.9425
64.9425
64.9425
64.9425
64.9425
64.9425
64.9425
64.9425
64.9425
64.9425
64.9425
64.9425
64.9425
64.9425
64.9425
64.9425
64.9425
64.9425
64.9425
64.9425
64.9425
64.9425
64.9425
64.9425
64.9425
64.9425
64.9425
64.9425
64.9425
64.9425
64.9425
64.9425
64.9425
64.9425
64.9425
64.9425
64.9425
64.9425
64.9425
64.9425
64.9425
64.9425
64.9425
64.9425
64.9425
64.9425
64.9425
64.9425
64.9425
64.9425
64.9425
64.9425
64.9425
64.9425
64.9425
64.9425
64.9425
64.9425
64.9425
64.9425
64.9425
64.9425
64.9425
64.9425
64.9425
64.9425
64.9425
64.9425
64.9425
64.9425
64.9425
64.9425
64.9425
64.9425
64.9425
64.9425
64.9425
64.9425
64.9425
64.9425
64.9425
64.9425
64.9425
64.9425
64.9425
64.9425
64.9425
64.9425
64.9425
64.9425
64.9425
64.9425
64.9425
64.9425
64.9425
64.9425
64.9425
64.9425
64.9425
64.9348
64.9195
64.8581
64.7815
64.5592
64.5592
64.5592
64.5592
64.5592
64.5592
64.5592
64.5592
64.5592
64.5592
64.5592
64.5592
64.5592
64.5592
64.5592
64.5592
64.5592
64.5592
64.5592
64.5592
64.5592
64.5592
64.5592
64.5592
64.5592
64.5592
64.5592
64.5592
64.5592
64.5592
64.5592
64.5592
64.5592
64.5592
64.5592
64.5592
64.5592
64.5592
64.5592
64.5592
64.5592
64.5592
64.5592
64.5592
64.5592
64.5592
64.5592
64.5592
64.5592
64.5592
64.5592
64.5592
64.5592
64.5592
64.5592
64.5592
64.5592
64.5592
64.5592
64.5592
64.5592
64.5592
64.5592
64.5592
64.5592
64.5592
64.5592
64.5592
64.5592
64.5592
64.5592
64.5592
64.5592
64.5592
64.5592
64.5592
64.5592
64.5592
64.5592
64.5592
64.5592
64.5592
64.5592
64.5592
64.5592
64.5592
64.5592
64.5592
64.5592
64.5592
64.5592
64.5592
64.5592
64.5592
64.5592
64.5592
64.5592
64.5592
64.5592
64.5592
64.5592
64.5592
64.5592
64.5592
64.5592
64.5592
64.5592
64.5592
64.5592
64.5592
64.5592
64.5592
64.5592
64.5592
64.5592
64.5592
64.5592
64.5592
64.5592
64.5592
64.5592
64.5592
64.5592
64.5592
64.5592
64.5592
64.5592
64.5592
64.5592
64.5592
64.5592
64.5592
64.5592
64.5592
64.5592
64.5592
64.5592
64.5592
64.5592
64.5592
64.5592
64.5592
64.5592
64.5592
64.5592
64.5592
64.5592
64.5592
64.5592
64.5592
64.5592
64.5592
64.5592
64.5592
64.5592
64.5592
64.5592
64.5592
64.5592
64.5592
64.5592
64.5592
64.5592
64.5592
64.5592
64.5592
64.5592
64.5592
64.5592
64.5592
64.5592
64.5592
64.5592
64.5592
64.5592
64.5592
64.4971
64.3906
64.2222
64.1909
64.1755
64.1343
64.0996
63.8798
63.6253
63.6253
63.6253
63.6253
63.6253
63.6253
63.6253
63.6253
63.6253
63.6253
63.6253
63.6253
63.6253
63.6253
63.6253
63.6253
63.6253
63.6253
63.6253
63.6253
63.6253
63.6253
63.6253
63.6253
63.6253
63.6253
63.6253
63.6253
63.6253
63.6253
63.6253
63.6253
63.6253
63.6253
63.6253
63.6253
63.6253
63.6253
63.6253
63.6253
63.6253
63.6253
63.6253
63.6253
63.6253
63.6253
63.6253
63.6253
63.6253
63.6253
63.6253
63.6253
63.6253
63.6253
63.6253
63.6253
63.6253
63.6253
63.6253
63.6253
63.6253
63.6253
63.6253
63.6253
63.6253
63.6253
63.6253
63.6253
63.6253
63.6253
63.6253
63.6253
63.6253
63.6253
63.6253
63.6253
63.6253
63.6253
63.6253
63.6253
63.6253
63.6253
63.6253
63.6253
63.6253
63.6253
63.6253
63.6253
63.6253
63.6253
63.6253
63.6253
63.6253
63.6253
63.6253
63.6253
63.6253
63.6253
63.6253
63.6253
63.6253
63.6253
63.6253
63.6253
63.6253
63.6253
63.6253
63.6253
63.6253
63.6253
63.6253
63.6253
63.6253
63.6253
63.6253
63.6253
63.6253
63.6253
63.6253
63.6253
63.6253
63.6253
63.6253
63.6253
63.6253
63.6253
63.6253
63.6253
63.6253
63.6253
63.6253
63.6253
63.6253
63.6253
63.6253
63.6253
63.6253
63.6253
63.6253
63.6253
63.6253
63.6253
63.6253
63.6253
63.6253
63.6253
63.6253
63.6253
63.6253
63.6253
63.6253
63.6253
63.6253
63.6253
63.6253
63.6253
63.6253
63.6253
63.6253
63.6253
63.6253
63.6253
63.6253
63.6253
63.6253
63.6253
63.6253
63.6253
63.6253
63.6253
63.6253
63.6253
63.6253
63.6253
63.6253
63.6253
63.6253
63.6253
63.6253
63.6253
63.6253
63.6253
63.6253
63.6253
63.6253
63.6253
63.6253
63.6253
63.6253
63.6253
63.6253
63.6253
63.6253
63.6253
63.6253
63.6253
63.6253
63.6253
63.6253
63.6253
63.6253
63.6253
63.6253
63.6253
63.6253
63.6253
63.6253
63.6253
63.6253
63.6253
63.6253
63.6253
63.6253
63.6253
63.6253
63.6253
63.6253
63.6253
63.6253
63.6253
63.6253
63.6253
63.6253
63.6253
63.6253
63.6253
63.6253
63.6253
63.6253
63.6253
63.6253
63.6253
63.6253
63.6253
63.6253
63.6253
63.6253
63.6253
63.6253
63.6253
63.6253
63.6253
63.6253
63.6253
63.6253
63.6253
63.6253
63.6253
63.6253
63.6253
63.6253
63.6253
63.6253
63.6253
63.6253
63.6253
63.6253
63.6253
63.6253
63.6253
63.6253
63.6253
63.6253
63.6253
63.6253
63.6253
63.6253
63.6253
63.6253
63.6253
63.6253
63.6253
63.6253
63.6253
63.6253
63.6253
63.6253
63.6253
63.6253
63.6253
63.6253
63.6253
63.6253
63.6253
63.6253
63.6253
63.6253
63.6253
63.6253
63.6253
63.6253
63.6253
63.6253
63.6253
63.6253
63.6253
63.6253
63.6253
63.6253
63.6253
63.6253
63.6253
63.6253
63.6253
63.6253
63.6253
63.6253
63.6253
63.6253
63.6253
63.6253
63.6253
63.6253
63.6253
63.6253
63.6253
63.6253
63.6253
63.6253
63.6253
63.6253
63.6253
63.6253
63.6253
63.6253
63.6253
63.6253
63.6253
63.6253
63.6253
63.6253
63.6253
63.6253
63.6253
63.6253
63.6253
63.6253
63.6253
63.6253
63.6253
63.6253
63.6253
63.6253
63.6253
63.6253
63.6253
63.6253
63.6253
63.6253
63.6253
63.6253
63.6253
63.6253
63.6253
63.6253
63.6253
63.6253
63.6253
63.6253
63.6253
63.6253
63.6253
63.6253
63.6253
63.6253
63.6253
63.6253
63.6253
63.6253
63.6253
63.6253
63.6253
63.6253
63.6253
63.6253
63.6253
63.6253
63.6253
63.6253
63.6253
63.6253
63.6253
63.6253
63.6253
63.6253
63.6253
63.6253
63.6253
63.6253
63.6253
63.6253
63.6253
63.6253
63.6253
63.6253
63.6253
63.6253
63.6253
63.6253
63.6253
63.6253
63.6253
63.6253
63.6253
63.6253
63.6253
63.6253
63.6253
63.6253
63.6253
63.6253
63.6253
63.6253
63.6253
63.6253
63.6253
63.6253
63.6253
63.6253
63.6253
63.6253
63.6253
63.6253
63.6253
63.6253
63.6253
63.6253
63.6253
63.6253
63.6253
63.6253
63.6253
63.6253
63.6253
63.6253
63.6253
63.6253
63.6253
63.6253
63.6253
63.6253
63.6253
63.6253
63.6253
63.6253
63.6253
63.6253
63.6253
63.6253
63.6253
63.6253
63.6253
63.6253
63.6253
63.6253
63.6253
63.6253
63.6253
63.6253
63.6253
63.6253
63.6253
63.6253
63.6253
63.6253
63.6253
63.6253
63.6253
63.6253
63.6253
63.6253
63.6253
63.6253
63.6253
63.6253
63.6253
63.6253
63.6253
63.6253
63.6253
63.6253
63.6253
63.6253
63.6253
63.6253
63.6253
63.6253
63.6253
63.6253
63.6253
63.6253
63.6253
63.6253
63.6253
63.6253
63.6253
63.6253
63.6253
63.6253
63.6253
63.6253
63.6253
63.6253
63.6253
63.6253
63.6253
63.6253
63.6253
63.6253
63.6253
63.6253
63.6253
63.6253
63.6253
63.6253
63.6253
63.6253
63.6253
63.6253
63.6253
63.6253
63.6253
63.6253
63.6253
63.6253
63.6253
63.6253
63.6253
63.6253
63.6253
63.6253
63.6253
63.6253
63.6253
63.6253
63.6253
63.6253
63.6253
63.6253
63.6253
63.6253
63.6253
63.6253
63.6253
63.6253
63.6253
63.6253
63.6253
63.6253
63.6253
63.6253
63.6253
63.6253
63.6253
63.6253
63.6253
63.6253
63.6253
63.6253
63.6253
63.6253
63.6253
63.6253
63.6253
63.6253
63.6253
63.6253
63.6253
63.6253
63.6253
63.6253
63.6253
63.6253
63.6253
63.6253
63.6253
63.6253
63.6253
63.6253
63.6253
63.6253
63.6253
63.6253
63.6253
63.6253
63.6253
63.6253
63.6253
63.6253
63.6253
63.6253
63.6253
63.6253
63.6253
63.6253
63.6253
63.6253
63.6253
63.6253
63.6253
63.6253
63.6253
63.6253
63.6253
63.6253
63.6253
63.6253
63.6253
63.6253
63.6253
63.6253
63.6253
63.6253
63.6253
63.6253
63.6253
63.6253
63.6253
63.6253
63.6253
63.6253
63.6253
63.6253
63.6253
63.6253
63.6253
63.6253
63.6253
63.6253
63.6253
63.6253
63.6253
63.6253
63.6253
63.6253
63.6253
63.6253
63.6253
63.6253
63.6253
63.6253
63.6253
63.6253
63.6253
63.6253
63.6253
63.6253
63.6253
63.6253
63.6253
63.6253
63.6253
63.6253
63.6253
63.6253
63.6253
63.6253
63.6253
63.6253
63.6253
63.6253
63.6253
63.6253
63.6253
63.6253
63.6253
63.6253
63.6253
63.6253
63.6253
63.6253
63.6253
63.6253
63.6253
63.6253
63.6253
63.6253
63.6253
63.6253
63.6253
63.6253
63.6253
63.6253
63.6253
63.6253
63.6253
63.6253
63.6253
63.6253
63.6253
63.6253
63.6253
63.6143
63.5886
63.5227
63.442
63.442
63.442
63.442
63.442
63.442
63.442
63.442
63.442
63.442
63.442
63.442
63.442
63.442
63.442
63.442
63.442
63.442
63.442
63.442
63.442
63.442
63.442
63.442
63.442
63.442
63.442
63.442
63.442
63.442
63.442
63.442
63.442
63.442
63.442
63.442
63.442
63.442
63.442
63.442
63.442
63.442
63.442
63.442
63.442
63.442
63.442
63.442
63.442
63.442
63.442
63.442
63.442
63.442
63.442
63.442
63.442
63.442
63.442
63.442
63.442
63.442
63.442
63.442
63.442
63.442
63.442
63.442
63.442
63.442
63.442
63.442
63.442
63.442
63.442
63.442
63.442
63.442
63.442
63.442
63.442
63.442
63.442
63.442
63.442
63.442
63.442
63.442
63.442
63.442
63.442
63.442
63.442
63.442
63.442
63.442
63.442
63.442
63.442
63.442
63.442
63.442
63.442
63.442
63.442
63.442
63.442
63.442
63.442
63.442
63.442
63.442
63.442
63.442
63.442
63.442
63.442
63.442
63.442
63.442
63.442
63.442
63.442
63.442
63.442
63.442
63.442
63.442
63.442
63.442
63.442
63.442
63.442
63.442
63.442
63.442
63.442
63.442
63.442
63.442
63.442
63.442
63.442
63.442
63.442
63.442
63.442
63.442
63.442
63.442
63.442
63.442
63.442
63.442
63.442
63.442
63.442
63.442
63.442
63.442
63.442
63.442
63.442
63.442
63.442
63.442
63.442
63.442
63.442
63.442
63.442
63.442
63.442
63.442
63.442
63.442
63.442
63.442
63.442
63.442
63.442
63.442
63.442
63.442
63.442
63.442
63.442
63.442
63.442
63.442
63.442
63.442
63.442
63.442
63.442
63.442
63.442
63.442
63.442
63.442
63.442
63.442
63.442
63.442
63.442
63.442
63.442
63.442
63.442
63.442
63.442
63.442
63.442
63.442
63.442
63.442
63.442
63.442
63.442
63.442
63.442
63.442
63.442
63.442
63.442
63.442
63.442
63.442
63.442
63.442
63.442
63.442
63.442
63.442
63.442
63.442
63.442
63.442
63.442
63.442
63.442
63.442
63.442
63.442
63.442
63.442
63.442
63.442
63.442
63.442
63.442
63.442
63.442
63.442
63.442
63.442
63.442
63.442
63.442
63.442
63.442
63.442
63.442
63.442
63.442
63.442
63.442
63.442
63.442
63.442
63.442
63.442
63.442
63.442
63.442
63.442
63.442
63.442
63.442
63.442
63.442
63.442
63.442
63.442
63.442
63.442
63.442
63.442
63.442
63.442
63.442
63.442
63.442
63.442
63.442
63.442
63.442
63.442
63.442
63.442
63.442
63.442
63.442
63.442
63.442
63.442
63.442
63.442
63.442
63.442
63.442
63.442
63.442
63.442
63.442
63.442
63.442
63.442
63.442
63.442
63.442
63.442
63.442
63.442
63.442
63.442
63.442
63.442
63.442
63.442
63.442
63.442
63.442
63.442
63.442
63.442
63.442
63.442
63.442
63.442
63.442
63.442
63.442
63.442
63.442
63.442
63.442
63.442
63.442
63.442
63.442
63.442
63.442
63.442
63.442
63.442
63.442
63.442
63.442
63.442
63.442
63.442
63.442
63.442
63.442
63.442
63.442
63.442
63.442
63.442
63.442
63.442
63.442
63.442
63.442
63.442
63.442
63.442
63.442
63.442
63.442
63.442
63.442
63.442
63.442
63.442
63.442
63.442
63.442
63.442
63.442
63.442
63.442
63.442
63.442
63.442
63.442
63.442
63.442
63.442
63.442
63.442
63.442
63.442
63.442
63.442
63.442
63.442
63.442
63.442
63.442
63.442
63.442
63.442
63.442
63.442
63.442
63.442
63.442
63.442
63.442
63.442
63.442
63.442
63.442
63.442
63.442
63.442
63.442
63.442
63.442
63.442
63.442
63.442
63.442
63.442
63.442
63.442
63.442
63.442
63.442
63.442
63.442
63.442
63.442
63.442
63.442
63.442
63.442
63.442
63.442
63.442
63.442
63.442
63.442
63.442
63.442
63.442
63.442
63.442
63.442
63.442
63.442
63.442
63.442
63.442
63.442
63.442
63.442
63.442
63.442
63.442
63.442
63.442
63.442
63.442
63.442
63.442
63.442
63.442
63.442
63.442
63.442
63.442
63.442
63.442
63.442
63.442
63.442
63.442
63.442
63.442
63.442
63.442
63.442
63.442
63.442
63.442
63.442
63.442
63.442
63.442
63.442
63.442
63.442
63.442
63.442
63.442
63.442
63.442
63.442
63.442
63.442
63.442
63.442
63.442
63.442
63.442
63.442
63.442
63.442
63.442
63.442
63.442
63.442
63.442
63.442
63.442
63.442
63.442
63.442
63.442
63.442
63.442
63.442
63.442
63.442
63.442
63.442
63.442
63.442
63.442
63.442
63.442
63.442
63.442
63.442
63.442
63.442
63.442
63.442
63.442
63.442
63.442
63.442
63.442
63.442
63.442
63.442
63.442
63.442
63.442
63.442
63.442
63.442
63.442
63.442
63.442
63.442
63.442
63.442
63.442
63.442
63.442
63.442
63.442
63.442
63.442
63.442
63.442
63.442
63.442
63.442
63.442
63.442
63.442
63.442
63.442
63.442
63.442
63.442
63.442
63.442
63.442
63.442
63.442
63.442
63.442
63.442
63.442
63.442
63.442
63.442
63.442
63.442
63.442
63.442
63.442
63.442
63.442
63.442
63.442
63.442
63.442
63.442
63.442
63.442
63.442
63.442
63.442
63.442
63.442
63.442
63.442
63.442
63.442
63.442
63.442
63.442
63.442
63.442
63.442
63.442
63.442
63.442
63.442
63.442
63.442
63.442
63.442
63.442
63.442
63.442
63.442
63.442
63.442
63.442
63.442
63.442
63.442
63.442
63.442
63.442
63.442
63.442
63.442
63.442
63.442
63.442
63.442
63.442
63.442
63.442
63.442
63.442
63.442
63.442
63.442
63.442
63.442
63.442
63.442
63.442
63.442
63.442
63.442
63.442
63.442
63.442
63.442
63.442
63.442
63.442
63.442
63.442
63.442
63.442
63.442
63.442
63.442
63.442
63.442
63.442
63.442
63.442
63.442
63.442
63.442
63.442
63.442
63.442
63.442
63.442
63.442
63.442
63.442
63.442
63.442
63.442
63.442
63.442
63.442
63.442
63.442
63.442
63.442
63.442
63.442
63.442
63.442
63.442
63.442
63.442
63.442
63.442
63.442
63.442
63.442
63.442
63.442
63.442
63.442
63.442
63.442
63.442
63.442
63.442
63.442
63.442
63.442
63.442
63.442
63.442
63.442
63.442
63.442
63.442
63.442
63.442
63.442
63.442
63.442
63.442
63.442
63.442
63.442
63.442
63.442
63.442
63.442
63.442
63.442
63.442
63.442
63.442
63.442
63.442
63.442
63.442
63.442
63.442
63.442
63.442
63.442
63.442
63.442
63.442
63.442
63.442
63.442
63.442
63.442
63.442
63.442
63.442
63.442
63.442
63.442
63.442
63.442
63.442
63.442
63.442
63.442
63.442
63.442
63.442
63.442
63.442
63.442
63.442
63.442
63.442
63.442
63.442
63.442
63.442
63.442
63.442
63.442
63.442
63.442
63.4385
63.4385
63.4349
63.4253
63.3979
63.3824
63.3824
63.3824
63.3824
63.3824
63.3824
63.3824
63.3824
63.3824
63.3824
63.3824
63.3824
63.3824
63.3824
63.3824
63.3824
63.3824
63.3824
63.3824
63.3824
63.3824
63.3824
63.3824
63.3824
63.3824
63.3824
63.3824
63.3824
63.3824
63.3824
63.3824
63.3824
63.3824
63.3824
63.3824
63.3824
63.3824
63.3824
63.3824
63.3824
63.3824
63.3824
63.3824
63.3824
63.3824
63.3824
63.3824
63.3824
63.3824
63.3824
63.3824
63.3824
63.3824
63.3824
63.3824
63.3824
63.3824
63.3824
63.3824
63.3824
63.3824
63.3824
63.3824
63.3824
63.3824
63.3355
63.2573
62.9287
62.6001
62.6001
62.6001
62.6001
62.6001
62.6001
62.6001
62.6001
62.6001
62.6001
62.6001
62.6001
62.6001
62.6001
62.6001
62.6001
62.6001
62.6001
62.6001
62.6001
62.6001
62.6001
62.6001
62.6001
62.6001
62.6001
62.6001
62.6001
62.6001
62.6001
62.6001
62.6001
62.6001
62.6001
62.6001
62.6001
62.6001
62.6001
62.6001
62.6001
62.6001
62.6001
62.6001
62.6001
62.6001
62.6001
62.6001
62.6001
62.6001
62.6001
62.6001
62.6001
62.6001
62.6001
62.6001
62.6001
62.6001
62.6001
62.6001
62.6001
62.6001
62.6001
62.6001
62.6001
62.6001
62.6001
62.6001
62.6001
62.6001
62.6001
62.6001
62.6001
62.6001
62.6001
62.6001
62.6001
62.6001
62.6001
62.6001
62.6001
62.6001
62.6001
62.6001
62.6001
62.6001
62.6001
62.6001
62.6001
62.6001
62.6001
62.6001
62.6001
62.6001
62.6001
62.6001
62.6001
62.6001
62.6001
62.6001
62.6001
62.6001
62.6001
62.6001
62.6001
62.6001
62.6001
62.6001
62.6001
62.6001
62.6001
62.6001
62.6001
62.6001
62.6001
62.6001
62.6001
62.6001
62.6001
63.7789
62.6001
62.6001
62.6001
62.6001
62.6001
62.6001
62.6001
62.6001
62.6001
62.8694
62.6001
62.6001
62.6001
62.6001
62.6001
62.6001
62.6001
62.6001
62.6001
62.6001
62.6001
62.6001
62.6001
62.6001
62.6001
62.6001
62.6001
62.6001
62.6001
62.6001
62.6001
62.6001
62.6001
62.6001
62.6001
62.6001
62.6001
62.6001
62.6001
62.6001
67.8785
75.6083
64.9275
64.6386
69.2615
62.6001
63.2721
69.2892
73.2263
62.6001
62.6001
62.6001
62.6001
62.6001
62.6001
62.6001
62.6001
62.6001
62.6001
62.6001
62.6001
62.6001
62.6001
62.6001
62.6001
62.6001
62.6001
62.6001
62.6001
62.6001
62.6001
62.6001
62.6001
62.6001
62.6001
62.6001
62.6001
62.6001
62.6001
62.6001
62.6001
62.6001
62.6001
62.6001
62.6001
62.6001
62.6001
62.6001
62.6001
62.6001
62.6001
62.6001
62.6001
62.6001
62.6001
62.6001
62.6001
62.6001
62.6001
62.6001
62.6001
62.6001
62.6001
62.6001
62.6001
62.6001
62.6001
62.6001
62.6001
62.6001
62.6001
62.6001
62.6001
62.6001
62.6001
62.6001
62.6001
62.6001
62.6001
62.6001
62.6001
62.6001
62.6001
62.6001
62.6001
62.6001
62.6001
62.6001
62.6001
62.6001
62.6001
62.6001
62.6001
62.6001
62.6001
62.6001
62.6001
62.6001
62.6001
62.6001
62.6001
62.6001
62.6001
62.6001
62.6001
62.6001
62.6001
62.6001
62.6001
62.6001
62.6001
62.6001
62.6001
62.6001
62.6001
62.6001
62.6001
62.6001
62.6001
62.6001
62.6001
62.6001
62.6001
62.6001
62.6001
62.6001
62.6001
62.6001
62.6001
62.6001
62.6001
62.6001
62.6001
62.6001
62.6001
62.6001
62.6001
62.6001
62.6001
62.6001
62.6001
62.6001
62.6001
62.6001
62.6001
62.6001
62.6001
62.6001
62.6001
62.6001
62.6001
62.6001
62.6001
62.6001
62.6001
62.6001
62.6001
62.6001
62.6001
62.6001
62.6001
62.6001
62.6001
62.6001
62.6001
62.6001
62.6001
62.6001
62.6001
62.6001
62.6001
62.6001
62.6001
62.6001
62.6001
62.6001
62.6001
62.6001
62.6001
62.6001
62.6001
62.6001
62.6001
62.6001
62.6001
62.6001
62.6001
62.6001
62.6001
62.6001
62.6001
62.6001
62.6001
62.6001
62.6001
62.6001
62.6001
62.6001
62.6001
62.6001
62.6001
62.6001
62.6001
62.6001
62.6001
62.6001
62.6001
62.6001
62.6001
62.6001
62.6001
62.6001
62.6001
62.6001
62.6001
62.6001
62.6001
62.6001
62.6001
62.6001
62.6001
62.6001
62.6001
62.6001
62.6001
62.6001
62.6001
62.6001
62.6001
62.6001
62.6001
62.6001
62.6001
62.6001
62.6001
62.6001
62.6001
62.6001
62.6001
62.6001
62.6001
62.6001
62.6001
62.6001
62.6001
62.6001
62.6001
62.6001
62.6001
62.6001
62.6001
62.6001
62.6001
62.6001
62.6001
62.6001
62.6001
62.6001
62.6001
62.6001
62.6001
62.6001
62.6001
62.6001
62.6001
62.6001
62.6001
62.6001
62.6001
62.6001
62.6001
62.6001
62.6001
62.6001
62.6001
62.6001
62.6001
62.6001
62.6001
62.6001
62.6001
62.6001
62.6001
62.6001
62.6001
62.6001
62.6001
62.6001
62.6001
62.6001
62.6001
62.6001
62.6001
62.6001
62.6001
62.6001
62.6001
62.6001
62.6001
62.6001
62.6001
62.6001
62.6001
62.6001
62.6001
62.6001
62.6001
62.6001
62.6001
62.6001
62.6001
62.6001
62.6001
62.6001
62.6001
62.6001
62.6001
62.6231
62.6001
62.6001
62.6001
62.6001
62.6001
62.6001
62.6001
62.6001
62.6001
62.6001
62.6001
62.6001
62.6001
62.6001
62.6001
62.6001
62.6001
62.6001
62.6001
62.6001
62.6001
62.6001
62.6001
62.6001
62.6001
62.6001
62.6001
62.6001
62.6001
62.6001
62.6001
62.6001
62.6001
62.6001
62.6001
62.6001
62.6001
62.6001
62.6001
62.6001
62.6001
62.6001
62.6001
62.6001
62.6001
62.6001
62.6001
62.6001
62.6001
62.6001
62.6001
62.6001
62.6001
62.6001
62.6001
62.6001
62.6001
62.6001
62.6001
62.6001
62.6001
62.6001
62.6001
62.6001
62.6001
62.6001
62.6001
62.6001
62.6001
62.6001
62.6001
62.6001
62.6001
62.6001
62.6001
62.6001
62.6001
62.6001
62.6001
62.6001
62.6001
62.6001
62.6001
62.6001
62.6001
62.6001
62.6001
62.6001
62.6001
62.6001
62.6001
62.6001
62.6001
62.6001
62.6001
62.6001
62.6001
62.6001
62.6001
62.6001
62.6001
62.6001
62.6001
62.6001
62.6001
62.6001
62.6001
62.6001
62.6001
62.6001
62.6001
62.6001
62.6001
62.6001
62.6001
62.6001
62.6001
62.6001
62.6001
62.6001
62.6001
62.6001
62.6001
62.6001
62.6001
62.6001
62.6001
62.6001
62.6001
62.6001
62.6001
62.6001
62.6001
62.6001
62.6001
62.6001
62.6001
62.6001
62.6001
62.6001
62.6001
62.6001
62.6001
62.6001
62.6001
62.6001
62.6001
62.6001
62.6001
62.6001
62.6001
62.6001
62.6001
62.6001
62.6001
62.6001
62.6001
62.6001
62.6001
62.6001
62.6001
62.6001
62.6001
62.6001
62.6001
62.6001
62.6001
62.6001
62.6001
62.6001
62.6001
62.6001
62.6001
62.6001
62.6001
62.6001
62.6001
62.6001
62.6001
62.6001
62.6001
62.6001
62.6001
62.6001
62.6001
62.6001
62.6001
62.6001
62.6001
62.6001
62.6001
62.6001
62.6001
62.6001
62.6001
62.6001
62.6001
62.6001
62.6001
62.6001
62.6001
62.6001
62.6001
62.6001
62.6001
62.6001
62.6001
62.6001
62.6001
62.6001
62.6001
62.6001
62.6001
62.6001
62.6001
62.6001
62.6001
62.6001
62.6001
62.6001
62.6001
62.6001
62.6001
62.6001
62.6001
62.6001
62.6001
62.6001
62.6001
62.6001
62.6001
62.6001
62.6001
62.6001
62.6001
62.6001
62.6001
62.6001
62.6001
62.6001
62.6001
62.6001
62.6001
62.6001
62.6001
62.6001
62.6001
62.6001
62.6001
62.6001
62.6001
62.6001
62.6001
62.6001
62.6001
62.6001
62.6001
62.6001
62.6001
62.6001
62.6001
62.6001
62.6001
62.6001
62.6001
62.6001
62.6001
62.6001
62.6001
62.6001
62.6001
62.6001
62.6001
62.6001
62.6001
62.6001
62.6001
62.6001
62.6001
62.6001
62.6001
62.6001
62.6001
62.6001
62.6001
62.6001
62.6001
62.6001
62.6001
62.6001
62.6001
62.6001
62.6001
62.6001
62.6001
62.6001
62.6001
62.6001
62.6001
62.6001
62.6001
62.6001
62.6001
62.6001
62.6001
62.6001
62.6001
62.6001
62.6001
62.6001
62.6001
62.6001
62.6001
62.6001
62.6001
62.6001
62.6001
62.6001
62.6001
62.6001
62.6001
62.6001
62.6001
62.6001
62.6001
62.6001
62.6001
62.6001
62.6001
62.6001
62.6001
62.6001
62.6001
62.6001
62.6001
62.6001
62.6001
62.6001
62.6001
62.6001
62.6001
62.6001
62.6001
62.6001
62.6001
62.6001
62.6001
62.6001
62.6001
62.6001
62.6001
62.6001
62.6001
62.6001
62.6001
62.6001
62.6001
62.6001
62.6001
62.6001
62.6001
62.6001
62.6001
62.6001
62.6001
62.6001
62.6001
62.6001
62.6001
62.6001
62.6001
62.6001
62.6001
62.6001
62.6001
62.6001
62.6001
62.6001
62.6001
62.6001
62.6001
62.6001
62.6001
62.6001
62.6001
62.6001
62.6001
62.6001
62.6001
62.6001
62.6001
62.6001
62.6001
62.6001
62.6001
62.6001
62.6001
62.6001
62.6001
62.6001
62.6001
62.6001
62.6001
62.6001
62.6001
62.6001
62.6001
62.6001
62.6001
62.6001
62.6001
62.6001
62.6001
62.6001
62.6001
62.6001
62.6001
62.6001
62.6001
62.6001
62.6001
62.6001
62.6001
62.6001
62.6001
62.6001
62.6001
62.6001
62.6001
62.6001
62.6001
62.6001
62.6001
62.6001
62.6001
62.6001
62.6001
62.6001
62.6001
62.6001
62.6001
62.6001
62.6001
62.6001
62.6001
62.6001
62.6001
62.6001
62.6001
62.6001
62.6001
62.6001
62.6001
62.6001
62.6001
62.6001
62.6001
62.6001
62.6001
62.6001
62.6001
62.6001
62.6001
62.6001
62.6001
62.6001
62.6001
62.6001
62.6001
62.6001
62.6001
62.6001
62.6001
62.6001
62.6001
62.6001
62.6001
62.6001
62.6001
62.6001
62.5394
62.4079
62.0943
62.0943
62.0943
62.0943
62.0943
62.0943
62.0943
62.0943
62.0943
62.0943
62.0943
62.0943
62.0943
62.0943
62.0943
62.0943
62.0943
62.0943
62.0943
62.0943
62.0943
62.0943
62.0943
62.0943
62.0943
62.0943
62.0943
62.0943
62.0943
62.0943
62.0943
62.0943
62.0943
62.0943
62.0943
62.0943
62.0943
62.0943
62.0943
62.0943
62.0943
62.0943
62.0943
62.0943
62.0943
62.0943
62.0943
62.0943
62.0943
62.0943
62.0943
62.0943
62.0943
62.0943
62.0943
62.0943
62.0943
62.0943
62.0943
62.0943
62.0943
62.0943
62.0943
62.0943
62.0943
62.0943
62.0943
62.0943
62.0943
62.0943
62.0943
62.0943
62.0943
62.0943
62.0943
62.0943
62.0943
62.0943
62.0943
62.0943
62.0943
62.0943
62.0943
62.0943
62.0943
62.0943
62.0943
62.0943
62.0943
62.0943
62.0943
62.0943
62.0943
62.0943
62.0943
62.0943
62.0943
62.0943
62.0943
62.0943
62.0943
62.0943
62.0943
62.0943
62.0943
62.0943
62.0943
62.0943
62.0943
62.0943
62.0943
62.0943
62.0943
62.0943
62.0943
62.0943
62.0943
62.0943
62.0929
62.0909
62.0888
62.0798
62.0598
62.0598
62.0598
62.0598
62.0598
62.0598
62.0598
62.0598
62.0598
62.0598
62.0598
62.0598
62.0598
62.0598
62.0598
62.0598
62.0598
62.0598
62.0598
62.0598
62.0598
62.0598
62.0598
62.0598
62.0598
62.0598
62.0598
62.0598
62.0598
62.0598
62.0598
62.0598
62.0598
62.0598
62.0598
62.0598
62.0598
62.0598
62.0598
62.0598
62.0598
62.0598
62.0598
62.0598
62.0598
62.0598
62.0598
62.0598
62.0598
62.0598
62.0598
62.0598
62.0598
62.0598
62.0598
62.0598
62.0598
62.0598
62.0598
62.0598
62.0598
62.0598
62.0598
62.0598
62.0598
62.0598
62.0598
62.0598
62.0598
62.0598
62.0598
62.0598
62.0598
62.0598
62.0598
62.0598
62.0598
62.0598
62.0598
62.0598
62.0598
62.0598
62.0598
62.0598
62.0598
62.0598
62.0598
62.0598
62.0598
62.0598
62.0598
62.0598
62.0598
62.0598
62.0598
62.0598
62.0598
62.0598
62.0598
62.0598
62.0598
62.0598
62.0598
62.0598
62.0598
62.0598
62.0598
62.0598
62.0598
62.0598
62.0598
62.0598
62.0598
62.0598
62.0598
62.0598
62.0598
62.0598
62.0598
62.0598
62.0598
62.0598
62.0598
62.0598
62.0598
62.0598
62.0598
62.0598
62.0598
62.0598
62.0598
62.0598
62.0598
62.0598
62.0598
62.0598
62.0598
62.0598
62.0598
62.0598
62.0598
62.0598
62.0598
62.0598
62.0598
62.0598
62.0598
62.0598
62.0598
62.0598
62.0598
62.0598
62.0598
62.0598
62.0598
62.0598
62.0598
62.0598
62.0598
62.0598
62.0598
62.0598
62.0598
62.0598
62.0598
62.0598
62.0598
62.0598
62.0598
62.0598
62.0598
62.0598
62.0598
62.0598
62.0598
62.0598
62.0598
62.0598
62.0598
62.0598
62.0598
62.0598
62.0598
62.0598
62.0598
62.0598
62.0598
62.0598
62.0598
62.0598
62.0598
62.0598
62.0598
62.0598
62.0598
62.0598
62.0598
62.0598
62.0598
62.0598
62.0598
62.0598
62.0598
62.0598
62.0598
62.0598
62.0598
62.0598
62.0598
62.0598
62.0598
62.0598
62.0598
62.0598
62.0598
62.0598
62.0598
62.0598
62.0598
62.0598
62.0598
62.0598
62.0598
62.0598
62.0598
62.0598
62.0598
62.0598
62.0598
62.0598
62.0598
62.0598
62.0598
62.0598
62.0598
62.0598
62.0598
62.0598
62.0598
62.0598
62.0598
62.0598
62.0598
62.0598
62.0598
62.0598
62.0598
62.0598
62.0598
62.0598
62.0598
62.0598
62.0598
62.0598
62.0598
62.0598
62.0598
62.0598
62.0598
62.0598
62.0598
62.0598
62.0598
62.0598
62.0598
62.0598
62.0598
62.0598
62.0598
62.0598
62.0598
62.0598
62.0598
62.0598
62.0598
62.0598
62.0598
62.0598
62.0598
62.0598
62.0598
62.0598
62.0598
62.0598
62.0598
62.0598
62.0598
62.0598
62.0598
62.0598
62.0598
62.0598
62.0598
62.0598
62.0598
62.0598
62.0598
62.0598
62.0598
62.0598
62.0598
62.0598
62.0598
62.0598
62.0598
62.0598
62.0598
62.0598
62.0598
62.0598
62.0598
62.0598
62.0598
62.0598
62.0598
62.0598
62.0598
62.0598
62.0598
62.0598
62.0598
62.0598
62.0598
62.0598
62.0598
62.0598
62.0598
62.0598
62.0598
62.0598
62.0598
62.0598
62.0598
62.0598
62.0598
62.0598
62.0598
62.0598
62.0598
62.0598
62.0598
62.0598
62.0598
62.0598
62.0598
62.0598
62.0598
62.0598
62.0598
62.0598
62.0598
62.0598
62.0598
62.0598
62.0598
62.0598
62.0598
62.0598
62.0598
62.0598
62.0598
62.0598
62.0598
62.0598
62.0598
62.0598
62.0598
62.0598
62.0598
62.0598
62.0598
62.0598
62.0598
62.0598
62.0598
62.0598
62.0598
62.0598
62.0598
62.0598
62.0598
62.0598
62.0598
62.0598
62.0598
62.0598
62.0598
62.0598
62.0598
62.0598
62.0598
62.0598
62.0598
62.0598
62.0598
62.0598
62.0598
62.0598
62.0598
62.0598
62.0598
62.0598
62.0598
62.0598
62.0598
62.0598
62.0598
62.0598
62.0598
62.0598
62.0598
62.0598
62.0598
62.0598
62.0598
62.0598
62.0598
62.0598
62.0598
62.0598
62.0598
62.0598
62.0598
62.0598
62.0598
62.0598
62.0598
62.0598
62.0598
62.0598
62.0598
62.0598
62.0598
62.0598
62.0598
62.0598
62.0598
62.0598
62.0598
62.0598
62.0598
62.0598
62.0598
62.0598
62.0598
62.0598
62.0598
62.0598
62.0598
62.0598
62.0598
62.0598
62.0598
62.0598
62.0598
62.0598
62.0598
62.0598
62.0598
62.0598
62.0598
62.0598
62.0598
62.0598
62.0598
62.0598
62.0598
62.0598
62.0598
62.0598
62.0598
62.0598
62.0598
62.0598
62.0598
62.0598
62.0598
62.0598
62.0598
62.0598
62.0598
62.0598
62.0598
62.0598
62.0598
62.0598
62.0598
62.0598
62.0598
62.0598
62.0598
62.0598
62.0598
62.0598
62.0598
62.0598
62.0598
62.0598
62.0598
62.0598
62.0598
62.0598
62.0598
62.0598
62.0598
62.0598
62.0598
62.0598
62.0598
62.0598
62.0598
62.0598
62.0598
62.0598
62.0598
62.0598
62.0598
62.0598
62.0598
62.0598
62.0598
62.0598
62.0598
62.0598
62.0598
62.0598
62.0598
62.0598
62.0598
62.0598
62.0598
62.0598
62.0598
62.0598
62.0598
62.0598
62.0598
62.0598
62.0598
62.0598
62.0598
62.0598
62.0598
62.0598
62.0598
62.0598
62.0598
62.0598
62.0598
62.0598
62.0598
62.0598
62.0598
62.0598
62.0598
62.0598
62.0598
62.0598
62.0598
62.0598
62.0598
62.0598
62.0598
62.0598
62.0598
62.0598
62.0598
62.0598
62.0598
62.0598
62.0598
62.0598
62.0598
62.0598
62.0598
62.0598
62.0598
62.0598
62.0598
62.0598
62.0598
62.0598
62.0598
62.0598
62.0598
62.0598
62.0598
62.0598
62.0598
62.0598
62.0598
62.0598
62.0598
62.0598
62.0598
62.0598
62.0598
62.0598
62.0598
62.0598
62.0598
62.0598
62.0598
62.0598
62.0598
62.0598
62.0598
62.0598
62.0598
62.0598
62.0598
62.0598
62.0598
62.0598
62.0598
62.0598
62.0598
62.0598
62.0598
62.0598
62.0598
62.0598
62.0598
62.0598
62.0598
62.0598
62.0598
62.0598
62.0598
62.0598
62.0598
62.0598
62.0598
62.0598
62.0598
62.0598
62.0598
62.0598
62.0598
62.0598
62.0598
62.0598
62.0598
62.0598
62.0598
62.0598
62.0598
62.0598
62.0598
62.0598
62.0598
62.0598
62.0598
62.0598
62.0598
62.0598
62.0598
62.0598
62.0598
62.0598
62.0598
62.0598
62.0598
62.0598
62.0598
62.0598
62.0598
62.0598
62.0598
62.0598
62.0598
62.0598
62.0598
62.0598
62.0598
62.0598
62.0598
62.0598
62.0598
62.0598
62.0598
62.0598
62.0598
62.0598
62.0598
62.0598
62.0598
62.0598
62.0598
62.0598
62.0598
62.0598
62.0598
62.0598
62.0598
62.0598
62.0598
62.0598
62.0598
62.0598
62.0598
62.0598
62.0598
62.0598
62.0598
62.0598
62.0598
62.0598
62.0598
62.0598
62.0598
62.0598
62.0598
62.0598
62.0598
62.0598
62.0598
62.0598
62.0598
62.0598
62.0598
62.0598
62.0598
62.0598
62.0598
62.0598
62.0598
62.0598
62.0598
62.0598
62.0598
62.0598
62.0598
62.0598
62.0598
62.0598
62.0598
62.0598
62.0598
62.0598
62.0598
62.0598
62.0598
62.0598
62.0598
62.0598
62.0598
62.0598
62.0598
62.0598
62.0598
62.0598
62.0598
62.0598
62.0598
62.0598
62.0598
62.0598
62.0598
62.0598
62.0598
62.0598
62.0598
62.0598
62.0598
62.0598
62.0598
62.0598
62.0598
62.0598
62.0598
62.0598
62.0598
62.0598
62.0598
62.0598
62.0598
62.0598
62.0598
62.0598
62.0598
62.0598
62.0598
62.0598
62.0598
62.0598
62.0598
62.0598
62.0598
62.0598
62.0598
62.0598
62.0598
62.0598
62.0598
62.0598
62.0598
62.0598
62.0598
62.0598
62.0598
62.0598
62.0598
62.0598
62.0598
62.0598
62.0598
62.0598
62.0598
62.0598
62.0598
62.0598
62.0598
62.0598
62.0598
62.0598
62.0598
62.0598
62.0598
62.0598
62.0598
62.0598
62.0598
62.0598
62.0598
62.0598
62.0598
62.0598
62.0598
62.0598
62.0598
62.0598
62.0598
62.0598
62.0598
62.0598
62.0598
62.0598
62.0598
62.0598
62.0598
62.0598
62.0598
62.0598
62.0598
62.0598
62.0598
62.0598
62.0598
62.0598
62.0598
62.0598
62.0598
62.0598
62.0598
62.0598
62.0598
62.0598
62.0598
62.0598
62.0598
62.0598
62.0598
62.0598
62.0598
62.0598
62.0598
62.0598
62.0598
62.0598
62.0598
62.0598
62.0598
62.0598
62.0598
62.0598
62.0598
62.0598
62.0598
62.0598
62.0598
62.0598
62.0598
62.0598
62.0598
62.0598
62.0598
62.0598
62.0598
62.0598
62.0598
62.0598
62.0598
62.0598
62.0598
62.0598
62.0598
62.0598
62.0598
62.0598
62.0598
62.0598
62.0598
62.0598
62.0598
62.0598
62.0598
62.0598
62.0598
62.0598
62.0598
62.0598
62.0598
62.0598
62.0598
62.0598
62.0598
62.0598
62.0598
62.0598
62.0598
62.0598
62.0598
62.0598
62.0598
62.0598
62.0598
62.0598
62.0598
62.0598
62.0598
62.0598
62.0598
62.0598
62.0598
62.0598
62.0598
62.0598
62.0598
62.0598
62.0598
62.0598
62.0598
62.0598
62.0598
62.0598
62.0598
62.0598
62.0598
62.0598
62.0598
62.0598
62.0598
62.0598
62.0598
62.0598
62.0598
62.0598
62.0598
62.0598
62.0598
62.0598
62.0598
62.0598
62.0598
62.0598
62.0598
62.0598
62.0598
62.0598
62.0598
62.0598
62.0598
62.0598
62.0598
62.0598
62.0598
62.0598
62.0598
62.0598
62.0598
62.0598
62.0598
62.0598
62.0598
62.0598
62.0598
62.0598
62.0598
62.0598
62.0598
62.0598
62.0598
62.0598
62.0598
62.0598
62.0598
62.0598
62.0598
62.0598
62.0598
62.0598
62.0598
62.0598
62.0598
62.0598
62.0598
62.0598
62.0598
62.0598
62.0598
62.0598
62.0598
62.0598
62.0598
62.0598
62.0598
62.0598
62.0598
62.0598
62.0598
62.0598
62.0598
62.0598
62.0598
62.0598
62.0598
62.0598
62.0598
62.0598
62.0598
62.0598
62.0598
62.0598
62.0598
62.0598
62.0598
62.0598
62.0598
62.0598
62.0598
62.0598
62.0598
62.0598
62.0598
62.0598
62.0598
62.0598
62.0598
62.0598
62.0598
62.0598
62.0598
62.0598
62.0598
62.0598
62.0598
62.0598
62.0598
62.0598
62.0598
62.0598
62.0598
62.0598
62.0598
62.0598
62.0598
62.0598
62.0598
62.0598
62.0598
62.0598
62.0598
62.0598
62.0598
62.0598
62.0598
62.0598
62.0598
62.0598
62.0598
62.0598
62.0598
62.0598
62.0598
62.0598
62.0598
62.0598
62.0598
62.0598
62.0598
62.0598
62.0598
62.0598
62.0598
62.0598
62.0598
62.0598
62.0598
62.0598
62.0598
62.0598
62.0598
62.0598
62.0598
62.0598
62.0598
62.0598
62.0598
62.0598
62.0598
62.0598
62.0598
62.0598
62.0598
62.0598
62.0598
62.0598
62.0598
62.0598
62.0598
62.0598
62.0598
62.0598
62.0598
62.0598
62.0598
62.0598
62.0598
62.0598
62.0598
62.0598
62.0598
62.0598
62.0598
62.0598
62.0598
62.0598
62.0598
62.0598
62.0598
62.0598
62.0598
62.0598
62.0598
62.0598
62.0598
62.0598
62.0598
62.0598
62.0598
62.0598
62.0598
62.0598
62.0598
62.0598
62.0598
62.0598
62.0598
62.0598
62.0598
62.0598
62.0598
62.0598
62.0598
62.0598
62.0598
62.0598
62.0598
62.0598
62.0598
62.0598
62.0598
62.0598
62.0598
62.0598
62.0488
62.0378
62.0324
61.983
61.813
61.7856
61.7856
61.7856
61.7856
61.7856
61.7856
61.7856
61.7856
61.7856
61.7856
61.7856
61.7856
61.7856
61.7856
61.7856
61.7856
61.7856
61.7856
61.7856
61.7856
61.7856
61.7856
61.7856
61.7856
61.7856
61.7856
61.7856
61.7856
61.7856
61.7856
61.7856
61.7856
61.7856
61.7856
61.7856
61.7856
61.7856
61.7856
61.7856
61.7856
61.7856
61.7856
61.7856
61.7856
61.7856
61.7856
61.7856
61.7856
61.7856
61.7856
61.7856
61.7856
61.7856
61.7856
61.7856
61.7856
61.7856
61.7856
61.7856
61.7856
61.7856
61.7856
61.7856
61.7856
61.7856
61.7856
61.7856
61.7856
61.7856
61.7856
61.7856
61.7856
61.7856
61.7856
61.7856
61.7856
61.7856
61.7856
61.7856
61.7856
61.7856
61.7856
61.7856
61.7856
61.7856
61.7856
61.7856
61.7856
61.7856
61.7856
61.7856
61.7856
61.7856
61.7856
61.7856
61.7856
61.7856
61.7856
61.7856
61.7856
61.7856
61.7856
61.7856
61.7856
61.7856
61.7856
61.7856
61.7856
61.7856
61.7856
61.7856
61.7856
61.7856
61.7856
61.7856
61.7856
61.7856
61.7856
61.7856
61.7856
61.7856
61.7856
61.7856
61.7856
61.7856
61.7856
61.7856
61.7856
61.7856
61.7856
61.7856
61.7856
61.7856
61.7856
61.7856
61.7856
61.7856
61.7856
61.7856
61.7856
61.7856
61.7856
61.7856
61.7856
61.7856
61.7856
61.7856
61.7856
61.7856
61.7856
61.7856
61.7856
61.7856
61.7856
61.7856
61.7856
61.7856
61.7856
61.7856
61.7856
61.7856
61.7856
61.7856
61.7856
61.7856
61.7856
61.7856
61.7856
61.7856
61.7856
61.7856
61.7856
61.7856
61.7856
61.7856
61.7856
61.7856
61.7856
61.7856
61.7856
61.7856
61.7856
61.7856
61.7856
61.7856
61.7856
61.7856
61.7856
61.7856
61.7856
61.7856
61.7856
61.7856
61.7856
61.7856
61.7856
61.7856
61.7856
61.7856
61.7856
61.7856
61.7856
61.7856
61.7856
61.7856
61.7856
61.7856
61.7856
61.7856
61.7856
61.7856
61.7856
61.7856
61.7856
61.7856
61.7856
61.7856
61.7856
61.7856
61.7856
61.7856
61.7856
61.7856
61.7856
61.7856
61.7856
61.7856
61.7856
61.7856
61.7856
61.7856
61.7856
61.7856
61.7856
61.7856
61.7856
61.7856
61.7856
61.7856
61.7856
61.7856
61.7856
61.7856
61.7856
61.7856
61.7856
61.7856
61.7856
61.7856
61.7856
61.7856
61.7856
61.7856
61.7856
61.7856
61.7856
61.7856
61.7856
61.7856
61.7856
61.7856
61.7856
61.7856
61.7856
61.7856
61.7856
61.7856
61.7856
61.7856
61.7856
61.7856
61.7856
61.7856
61.7856
61.7856
61.7856
61.7856
61.7856
61.7856
61.7856
61.7856
61.7856
61.7856
61.7856
61.7856
61.7856
61.7856
61.7856
61.7856
61.7856
61.7856
61.7856
61.7856
61.7856
61.7856
61.7856
61.7856
61.7856
61.7856
61.7856
61.7856
61.7856
61.7856
61.7856
61.7856
61.7856
61.7856
61.7856
61.7856
61.7856
61.7856
61.7856
61.7856
61.7856
61.7856
61.7856
61.7856
61.7856
61.7856
61.7856
61.7856
61.7856
61.7856
61.7856
61.7856
61.7856
61.7856
61.7856
61.7856
61.7856
61.7856
61.7856
61.7856
61.7856
61.7856
61.7856
61.7856
61.7856
61.7856
61.7856
61.7856
61.7856
61.7856
61.7856
61.7856
61.7856
61.7856
61.7856
61.7856
61.7856
61.7856
61.7856
61.7856
61.7856
61.7856
61.7856
61.7856
61.7856
61.7856
61.7856
61.7856
61.7856
61.7856
61.7856
61.7856
61.7856
61.7856
61.7856
61.7856
61.7856
61.7856
61.7856
61.7856
61.7856
61.7856
61.7856
61.7856
61.7856
61.7856
61.7856
61.7856
61.7856
61.7856
61.7856
61.7856
61.7856
61.7856
61.7856
61.7856
61.7856
61.7856
61.7856
61.7856
61.7856
61.7856
61.7856
61.7856
61.7856
61.7856
61.7856
61.7856
61.7856
61.7856
61.7856
61.7856
61.7856
61.7856
61.7856
61.7856
61.7856
61.7856
61.7856
61.7856
61.7856
61.7856
61.7856
61.7856
61.7856
61.7856
61.7856
61.7856
61.7856
61.7856
61.7856
61.7856
61.7856
61.7856
61.7856
61.7856
61.7856
61.7856
61.7856
61.7856
61.7856
61.7856
61.7856
61.7856
61.7856
61.7856
61.7856
61.7856
61.7856
61.7856
61.7856
61.7856
61.7856
61.7856
61.7856
61.7856
61.7856
61.7856
61.7856
61.7856
61.7856
61.7856
61.7856
61.7856
61.7856
61.7856
61.7856
61.7856
61.7856
61.7856
61.7856
61.7856
61.7856
61.7856
61.7856
61.7856
61.7856
61.7856
61.7856
61.7856
61.7856
61.7856
61.7856
61.7856
61.7856
61.7856
61.7856
61.7856
61.7856
61.7856
61.7856
61.7856
61.7856
61.7856
61.7856
61.7856
61.7856
61.7856
61.7856
61.7856
61.7856
61.7856
61.7856
61.7856
61.7856
61.7856
61.7856
61.7856
61.7856
61.7856
61.7856
61.7856
61.7856
61.7856
61.7856
61.7856
61.7856
61.7856
61.7856
61.7856
61.7856
61.7856
61.7856
61.7856
61.7856
61.7856
61.7856
61.7856
61.7856
61.7856
61.7856
61.7856
61.7856
61.7856
61.7856
61.7856
61.7856
61.7856
61.7856
61.7856
61.7856
61.7856
61.7856
61.7856
61.7856
61.7856
61.7856
61.7856
61.7856
61.7856
61.7856
61.7856
61.7856
61.7856
61.7856
61.7856
61.7856
61.7856
61.7856
61.7856
61.7856
61.7856
61.7856
61.7856
61.7856
61.7856
61.7856
61.7856
61.7856
61.7856
61.7856
61.7856
61.7856
61.7856
61.7856
61.7856
61.7856
61.7856
61.7856
61.7856
61.7856
61.7856
61.7856
61.7856
61.7856
61.7856
61.7856
61.7856
61.7856
61.7856
61.7856
61.7856
61.7856
61.7856
61.7856
61.7856
61.7856
61.7856
61.7856
61.7856
61.7856
61.7856
61.7856
61.7856
61.7856
61.7856
61.7856
61.7856
61.7856
61.7856
61.7856
61.7856
61.7856
61.7856
61.7856
61.7856
61.7856
61.7856
61.7856
61.7856
61.7856
61.7856
61.7856
61.7856
61.7856
61.7856
61.7856
61.7856
61.7856
61.7856
61.7856
61.7856
61.7856
61.7856
61.7856
61.7856
61.7856
61.7856
61.7856
61.7856
61.7856
61.7856
61.7856
61.7856
61.7856
61.7856
61.7856
61.7856
61.7856
61.7856
61.7856
61.7856
61.7856
61.7856
61.7856
61.7856
61.7856
61.7856
61.7856
61.7856
61.7856
61.7856
61.7856
61.7856
61.7856
61.7856
61.7856
61.7856
61.7856
61.7856
61.7856
61.7856
61.7856
61.7856
61.7856
61.7856
61.7856
61.7856
61.7856
61.7856
61.7856
61.7856
61.7856
61.7856
61.7856
61.7856
61.7856
61.7856
61.7856
61.7856
61.7856
61.7856
61.7856
61.7856
61.7856
61.7856
61.7856
61.7856
61.7856
61.7856
61.7856
61.7856
61.7856
61.7856
61.7856
61.7856
61.7856
61.7856
61.7856
61.7856
61.7856
61.7856
61.7856
61.7856
61.7856
61.7856
61.7856
61.7856
61.7856
61.7856
61.7856
61.7856
61.7856
61.7856
61.7856
61.7856
61.7856
61.7856
61.7856
61.7856
61.7856
61.7856
61.7856
61.7856
61.7856
61.7856
61.7856
61.7856
61.7856
61.7856
61.7856
61.7856
61.7856
61.7856
61.7856
61.7856
61.7856
61.7856
61.7856
61.7856
61.7856
61.7856
61.7856
61.7856
61.7856
61.7856
61.7856
61.7856
61.7856
61.7856
61.7856
61.7856
61.7856
61.7856
61.7856
61.7856
61.7856
61.7856
61.7856
61.7856
61.7856
61.7856
61.7856
61.7856
61.7856
61.7856
61.7856
61.7856
61.7856
61.7856
61.7856
61.7856
61.7856
61.7856
61.7856
61.7856
61.7856
61.7856
61.7856
61.7856
61.7856
61.7856
61.7856
61.7856
61.7856
61.7856
61.7856
61.7856
61.7856
61.7856
61.7856
61.7856
61.7856
61.7856
61.7856
61.7856
61.7856
61.7856
61.7856
61.7856
61.7856
61.7856
61.7856
61.7856
61.7856
61.7856
61.7856
61.7856
61.7856
61.7856
61.7856
61.7856
61.7856
61.7856
61.7856
61.7856
61.7856
61.7856
61.7856
61.7856
61.7856
61.7856
61.7856
61.7856
61.7856
61.7856
61.7856
61.7856
61.7856
61.7856
61.7856
61.7856
61.7856
61.7856
61.7856
61.7856
61.7856
61.7856
61.7856
61.7856
61.7856
61.7856
61.7856
61.7856
61.7856
61.7856
61.7856
61.7856
61.7856
61.7856
61.7856
61.7856
61.7856
61.7856
61.7856
61.7856
61.7856
61.7856
61.7856
61.7856
61.7856
61.7856
61.7856
61.7856
61.7856
61.7856
61.7856
61.7856
61.7856
61.7856
61.7856
61.7856
61.7856
61.7856
61.7856
61.7856
61.7856
61.7856
61.7856
61.7856
61.7856
61.7856
61.7856
61.7856
61.7856
61.7856
61.7856
61.7856
61.7856
61.7856
61.7856
61.7856
61.7856
61.7856
61.7856
61.7856
61.7856
61.7856
61.7856
61.7856
61.7856
61.7856
61.7856
61.7856
61.7856
61.7856
61.7856
61.7856
61.7856
61.7856
61.7856
61.7856
61.7856
61.7856
61.7856
61.7856
61.7856
61.7856
61.7856
61.7856
61.7856
61.7856
61.7856
61.7856
61.7856
61.7856
61.7856
61.7856
61.7856
61.7856
61.7856
61.7856
61.7856
61.7856
61.7856
61.7856
61.7856
61.7856
61.7856
61.7856
61.7856
61.7856
61.7856
61.7856
61.7856
61.7856
61.7856
61.7856
61.7856
61.7856
61.7856
61.7856
61.7856
61.7856
61.7856
61.7856
61.7856
61.7856
61.7856
61.7856
61.7856
61.7856
61.7856
61.7856
61.7856
61.7856
61.7856
61.7856
61.7856
61.7856
61.7856
61.7856
61.7856
61.7856
61.7856
61.7856
61.7856
61.7856
61.7856
61.7856
61.7856
61.7856
61.7856
61.7856
61.7856
61.7856
61.7856
61.7856
61.7856
61.7856
61.7856
61.7856
61.7856
61.7856
61.7856
61.7856
61.7856
61.7856
61.7856
61.7856
61.7856
61.7856
61.7856
61.7856
61.7856
61.7856
61.7856
61.7856
61.7856
61.7856
61.7856
61.7856
61.7856
61.7856
61.7856
61.7856
61.7856
61.7856
61.7856
61.7856
61.7856
61.7856
61.7856
61.7856
61.7856
61.7856
61.7856
61.7856
61.7856
61.7856
61.7856
61.7856
61.7856
61.8616
61.7856
61.7856
61.7856
62.8871
61.7856
61.7856
61.7856
61.7856
61.7856
61.7856
61.7856
61.7856
61.7856
61.7856
61.7856
61.7856
61.7856
61.7856
61.7856
61.7856
61.7856
61.7856
61.7856
61.7856
61.7856
61.7856
61.7856
61.7856
61.7856
61.7856
61.7856
61.7856
61.7856
61.7856
61.7856
61.7856
61.7856
61.7856
61.7856
61.7856
61.7856
61.7856
61.7856
61.7856
61.7856
61.7856
61.7856
61.7856
61.7856
61.7856
61.7856
61.7856
61.7856
61.7856
61.7856
61.7856
61.7856
61.7856
61.7856
61.7856
61.7856
61.7856
61.7856
61.7856
61.7856
61.7856
61.7856
61.7856
61.7856
61.7856
61.7856
61.7856
61.7856
61.7856
61.7856
61.7856
61.7856
61.7856
61.7856
61.7856
61.7856
61.7856
61.7856
61.7856
61.7856
61.7856
61.7856
61.7856
61.7856
61.7856
61.7856
61.7856
61.7856
61.7856
61.7856
61.7856
61.7856
61.7856
61.7856
61.7856
61.7856
61.7856
61.7856
61.7856
61.7856
61.7856
61.7856
61.7856
61.7856
61.7856
61.7856
61.7856
61.7856
61.7856
61.7856
61.7856
61.7856
61.7856
61.7856
61.7856
61.7856
61.7856
61.7856
61.7856
61.7856
61.7856
61.7856
61.7856
61.7856
61.7856
61.7856
61.7856
61.7856
61.7856
61.7856
61.7856
61.7856
61.7856
61.7856
61.7856
61.7856
61.7856
61.7856
61.7856
61.7856
61.7856
61.7856
61.7856
61.7856
61.7856
61.7856
61.7856
61.7856
61.7856
61.7856
61.7856
61.7856
61.7856
61.7856
61.7856
61.7856
61.7856
61.7856
61.7856
61.7856
61.7856
61.7856
61.7856
61.7856
61.7856
61.7856
61.7856
61.7856
61.7856
61.7856
61.7856
61.7856
61.7856
61.7856
61.7856
61.7856
61.7856
61.7856
61.7856
61.7856
61.7856
61.7856
61.7856
61.7856
61.7856
61.7856
61.7856
61.7856
61.7856
61.7856
61.7856
61.7856
61.7856
61.7856
61.7856
61.7856
61.7856
61.7856
61.7856
61.7856
61.7856
61.7856
61.7856
61.7856
61.7856
61.7856
61.7856
61.7856
61.7856
61.7856
61.7856
61.7856
61.7856
61.7856
61.7856
61.7856
61.7856
61.7856
61.7856
61.7856
61.7856
61.7856
61.7856
61.7856
61.7856
61.7856
61.7856
61.7856
61.7856
61.7856
61.7856
61.7856
61.7856
61.7856
61.7856
61.7856
61.7856
61.7856
61.7856
61.7856
61.7856
61.7856
61.7856
61.7856
61.7856
61.7856
61.7856
61.7856
61.7856
61.7856
61.7856
61.7856
61.7856
61.7856
61.7856
61.7856
61.7856
61.7856
61.7856
61.7856
61.7856
61.7856
61.7856
61.7856
61.7856
61.7856
61.7856
61.7856
61.7856
61.7856
61.7856
61.7856
61.7856
61.7856
61.7856
61.7856
61.7856
61.7856
61.7856
61.7856
61.7856
61.7856
61.7856
61.7856
61.7856
61.7856
61.7856
61.7856
61.7856
61.7856
61.7856
61.7856
61.7856
61.7856
61.7856
61.7856
61.7856
61.7856
61.7856
61.7856
61.7856
61.7856
61.7856
61.7856
61.7856
61.7856
61.7856
61.7856
61.7856
61.7856
61.7856
61.7856
61.7856
61.7856
61.7856
61.7856
61.7856
61.7856
61.7856
61.7856
61.7856
61.7856
61.7856
61.7856
61.7856
61.7856
61.7856
61.7856
61.7856
61.7856
61.7856
61.7856
61.7856
61.7856
61.7856
61.7856
61.7856
61.7856
61.7856
61.7856
61.7856
61.7856
61.7856
61.7856
61.7856
61.7856
61.7856
61.7856
61.7856
61.7856
61.7856
61.7856
61.7856
61.7856
61.7856
61.7856
61.7856
61.7856
61.7856
61.7856
61.7856
61.7856
61.7856
61.7856
61.7856
61.7856
61.7856
61.7856
61.7856
61.7856
61.7856
61.7856
61.7856
61.7856
61.7856
61.7856
61.7856
61.7856
61.7856
61.7856
61.7856
61.7856
61.7856
61.7856
61.7856
61.7856
61.7856
61.7856
61.7856
61.7856
61.7856
61.7856
61.7856
61.7856
61.7856
61.7856
61.7856
61.7856
61.7856
61.7856
61.7856
61.7856
61.7856
61.7856
61.7856
61.7856
61.7856
61.7856
61.7856
61.7856
61.7856
61.7856
61.7856
61.7856
61.7856
61.7856
61.7856
61.7856
61.7856
61.7856
61.7856
61.7856
61.7856
61.7856
61.7856
61.7856
61.7856
61.7856
61.7856
61.7856
61.7856
61.7856
61.7856
61.7856
61.7856
61.7856
61.7856
61.7856
61.7856
61.7856
61.7856
61.7856
61.7856
61.7856
61.7856
61.7856
61.7856
61.7856
61.7856
61.7856
61.7856
61.7856
61.7856
61.7856
61.7856
61.7856
61.7856
61.7856
61.7856
61.7856
61.7856
61.7856
61.7856
61.7856
61.7856
61.7856
61.7856
61.7856
61.7856
61.7856
61.7856
61.7856
61.7856
61.7856
61.7856
61.7856
61.7856
61.7856
61.7856
61.7856
61.7856
61.7856
61.7856
61.7856
61.7856
61.7856
61.7856
61.7856
61.7856
61.7856
61.7856
61.7856
61.7856
61.7856
61.7856
61.7856
61.7856
61.7856
61.7856
61.7856
61.7856
61.7856
61.7856
61.7856
61.7856
61.7856
61.7856
61.7856
61.7856
61.7856
61.7856
61.7856
61.7856
61.7856
61.7856
61.7856
61.7856
61.7856
61.7856
61.7856
61.7856
61.7856
61.7856
61.7856
61.7856
61.7856
61.7856
61.7856
61.7856
61.7856
61.7856
61.7856
61.7856
61.7856
61.7856
61.7856
61.7856
61.7856
61.7856
61.7856
61.7856
61.7856
61.7856
61.7856
61.7856
61.7856
61.7856
61.7856
61.7856
61.7856
61.7856
61.7856
61.7856
61.7856
61.7856
61.7856
61.7856
61.7856
61.7856
61.7856
61.7856
61.7856
61.7856
61.7856
61.7856
61.7856
61.7856
61.7856
61.7856
61.7856
61.7856
61.7856
61.7856
61.7856
61.7856
61.7856
61.7856
61.7856
61.7856
61.7856
61.7856
61.7856
61.7856
61.7856
61.7856
61.7856
61.7856
61.7856
61.7856
61.7856
61.7856
61.7856
61.7856
61.7856
61.7856
61.7856
61.7856
61.7856
61.7856
61.7856
61.7856
61.7856
61.7856
61.7856
61.7856
61.7856
61.7856
61.7856
61.7856
61.7856
61.7856
61.7856
61.7856
61.7856
61.7856
61.7856
61.7856
61.7856
61.7856
61.7856
61.7856
61.7856
61.7856
61.7856
61.7856
61.7856
61.7856
61.7856
61.7856
61.7856
61.7856
61.7856
61.7856
61.7856
61.7856
61.7856
61.7856
61.7856
61.7856
61.7856
61.7856
61.7856
61.7856
61.7856
61.7856
61.7856
61.7856
61.7856
61.7856
61.7856
61.7856
61.7856
61.7856
61.7856
61.7856
61.7856
61.7856
61.7856
61.7856
61.7856
61.7856
61.7856
61.7856
61.7856
61.7856
61.7856
61.7856
61.7856
61.7856
61.7856
61.7856
61.7856
61.7856
61.7856
61.7856
61.7856
61.7856
61.7856
61.7856
61.7856
61.7856
61.7856
61.7856
61.7856
61.7856
61.7856
61.7856
61.7856
61.7856
61.7856
61.7856
61.7856
61.7856
61.7856
61.7856
61.7856
61.7856
61.7856
61.7856
61.7856
61.7856
61.7856
61.7856
61.7856
61.7856
61.7856
61.7856
61.7856
61.7856
61.7856
61.7856
61.7856
61.7856
61.7856
61.7856
61.7856
61.7856
61.7856
61.7856
61.7856
61.7856
61.7856
61.7856
61.7856
61.7856
61.7856
61.7856
61.7856
61.7856
61.7856
61.7856
61.7856
61.7856
61.7856
61.7856
61.7856
61.7856
61.7856
61.7856
61.7856
61.7856
61.7856
61.7856
61.7856
61.7856
61.7856
61.7856
61.7856
61.7856
61.7856
61.7856
61.7856
61.7856
61.7856
61.7856
61.7856
61.7856
61.7856
61.7856
61.7856
61.7856
61.7856
61.7856
61.7856
61.7856
61.7856
61.7856
61.7856
61.7856
61.7856
61.7856
61.7856
61.7856
61.7856
61.7856
61.7856
61.7856
61.7856
61.7856
61.7856
61.7856
61.7856
61.7856
61.7856
61.7856
61.7856
61.7856
61.7856
61.7856
61.7856
61.7856
61.7856
61.7856
61.7856
61.7856
61.7856
61.7856
61.7856
61.7856
61.7856
61.7856
61.7856
61.7856
61.7856
61.7856
61.7856
61.7856
61.7856
61.7856
61.7856
61.7856
61.7856
61.7856
61.7856
61.7856
61.7856
61.7856
61.7856
61.7856
61.7856
61.7856
61.7856
61.7856
61.7856
61.7856
61.7856
61.7856
61.7856
61.7856
61.7856
61.7856
61.7856
61.7856
61.7856
61.7856
61.7856
61.7856
61.7856
61.7856
61.7856
61.7856
61.7856
61.7856
61.7856
61.7856
61.7856
61.7856
61.7856
61.7856
61.7856
61.7856
61.7856
61.7856
61.7856
61.7856
61.7856
61.7856
61.7856
61.7856
61.7856
61.7856
61.7856
61.7856
61.7856
61.7856
61.7856
61.7856
61.7856
61.7856
61.7856
61.7856
61.7856
61.7856
61.7856
61.7856
61.7856
61.7856
61.7856
61.7856
61.7856
61.7856
61.7856
61.7856
61.7856
61.7856
61.7856
61.7856
61.7856
61.7856
61.7856
61.7856
61.7856
61.7856
61.7856
61.7856
61.7856
61.7856
61.7856
61.7856
61.7856
61.7856
61.7856
61.7856
61.7856
61.7856
61.7856
61.7856
61.7856
61.7856
61.7856
61.7856
61.7856
61.7856
61.7856
61.7856
61.7856
61.7856
61.7856
61.7856
61.7856
61.7856
61.7856
61.7856
61.7856
61.7856
61.7856
61.7856
61.7856
61.7856
61.7856
61.7856
61.7856
61.7856
61.7856
61.7856
61.7856
61.7856
61.7856
61.7856
61.7856
61.7856
61.7856
61.7856
61.7856
61.7856
61.7856
61.7856
61.7856
61.7856
61.7856
61.7856
61.7856
61.7856
61.7856
61.7856
61.7856
61.7856
61.7856
61.7856
61.7856
61.7856
61.7856
61.7856
61.7856
61.7856
61.7856
61.7856
61.7856
61.7856
61.7856
61.7856
61.7856
61.7856
61.7856
61.7856
61.7856
61.7856
61.7856
61.7856
61.7856
61.7856
61.7856
61.7856
61.7856
61.7856
61.7856
61.7856
61.7856
61.7856
61.7856
61.7856
61.7856
61.7856
61.7856
61.7856
61.7856
61.7856
61.7856
61.7856
61.7856
61.7856
61.7856
61.7856
61.7856
61.7856
61.7856
61.7856
61.7856
61.7856
61.7856
61.7856
61.7856
61.7856
61.7856
61.7856
61.7856
61.7856
61.7856
61.7856
61.7856
61.7856
61.7856
61.7856
61.7856
61.7856
61.7856
61.7856
61.7856
61.7856
61.7856
61.7856
61.7856
61.7856
61.7856
61.7856
61.7856
61.7856
61.7856
61.7856
61.7856
61.7856
61.7856
61.7856
61.7856
61.7856
61.7856
61.7856
61.7856
61.7856
61.7856
61.7856
61.7856
61.7856
61.7856
61.7856
61.7856
61.7856
61.7856
61.7856
61.7856
61.7856
61.7856
61.7856
61.7856
61.7856
61.7856
61.7856
61.7856
61.7856
61.7856
61.7856
61.7856
61.7856
61.7856
61.7856
61.7856
61.7856
61.7856
61.7856
61.7856
61.7856
61.7856
61.7856
61.7856
61.7856
61.7856
61.7856
61.7856
61.7856
61.7856
61.7856
61.7856
61.7856
61.7856
61.7856
61.7856
61.7856
61.7856
61.7856
61.7856
61.7856
61.7856
61.7856
61.7856
61.7856
61.7856
61.7856
61.7856
61.7856
61.7856
61.7856
61.7856
61.7856
61.7856
61.7856
61.7856
61.7856
61.7856
61.7856
61.7856
61.7856
61.7856
61.7856
61.7856
61.7856
61.7856
61.7856
61.7856
61.7856
61.7856
61.7856
61.7856
61.7856
61.7856
61.7856
61.7856
61.7856
61.7856
61.7856
61.7856
61.7856
61.7856
61.7856
61.7856
61.7856
61.7856
61.7856
61.7856
61.7856
61.7856
61.7856
61.7856
61.7856
61.7856
61.7856
61.7856
61.7856
61.7856
61.7856
61.7856
61.7856
61.7856
61.7856
61.7856
61.7856
61.7856
61.7856
61.7856
61.7856
61.7856
61.7856
61.7856
61.7856
61.7856
61.7856
61.7856
61.7856
61.7856
61.7856
61.7856
61.7856
61.7856
61.7856
61.7856
61.7856
61.7856
61.7856
61.7856
61.7856
61.7856
61.7856
61.7856
61.7856
61.7856
61.7856
61.7856
61.7856
61.7856
61.7856
61.7856
61.7856
61.7856
61.7856
61.7856
61.7856
61.7856
61.7856
61.7856
61.7856
61.7856
61.7856
61.7856
61.7856
61.7856
61.7856
61.7856
61.7856
61.7856
61.7856
61.7856
61.7856
61.7856
61.7856
61.7856
61.7856
61.7856
61.7856
61.7856
61.7856
61.7856
61.7856
61.7856
61.7856
61.7856
61.7856
61.7856
61.7856
61.7856
61.7856
61.7856
61.7856
61.7856
61.7856
61.7856
61.7856
61.7856
61.7856
61.7856
61.7856
61.7856
61.7856
61.7856
61.7856
61.7856
61.7856
61.7856
61.7856
61.7856
61.7856
61.7856
61.7856
61.7856
61.7856
61.7856
61.7856
61.7856
61.7856
61.7856
61.7856
61.7856
61.7856
61.7856
61.7856
61.7856
61.7856
61.7856
61.7856
61.7856
61.7856
61.7856
61.7856
61.7856
61.7856
61.7856
61.7856
61.7856
61.7856
61.7856
61.7856
61.7856
61.7856
61.7856
61.7856
61.7856
61.7856
61.7856
61.7856
61.7856
61.7856
61.7856
61.7856
61.7856
61.7856
61.7856
61.7856
61.7856
61.7856
61.7856
61.7856
61.7856
61.7856
61.7856
61.7856
61.7856
61.7856
61.7856
61.7856
61.7856
61.7856
61.7856
61.7856
61.7856
61.7856
61.7856
61.7856
61.7856
61.7856
61.7856
61.7856
61.7856
61.7856
61.7856
61.7856
61.7856
61.7856
61.7856
61.7856
61.7856
61.7856
61.7856
61.7856
61.7856
61.7856
61.7856
61.7856
61.7856
61.7856
61.7856
61.7856
61.7856
61.7856
61.7856
61.7856
61.7856
61.7856
61.7856
61.7856
61.7856
61.7856
61.7856
61.7856
61.7856
61.7856
61.7856
61.7856
61.7856
61.7856
61.7856
61.7856
61.7856
61.7856
61.7856
61.7856
61.7856
61.7856
61.7856
61.7856
61.7856
61.7856
61.7856
61.7856
61.7856
61.7856
61.7856
61.7856
61.7856
61.7856
61.7856
61.7856
61.7856
61.7856
61.7856
61.7856
61.7856
61.7856
61.7856
61.7856
61.7856
61.7856
61.7856
61.7856
61.7856
61.7856
61.7856
61.7856
61.7856
61.7856
61.7856
61.7856
61.7856
61.7856
61.7856
61.7856
61.7856
61.7856
61.7856
61.7856
61.7856
61.7856
61.7856
61.7856
61.7856
61.7856
61.7856
61.7856
61.7856
61.7856
61.7856
61.7856
61.7856
61.7856
61.7856
61.7856
61.7856
61.7856
61.7856
61.7856
61.7856
61.7856
61.7856
61.7856
61.7856
61.7856
61.7856
61.7856
61.7856
61.7856
62.0989
61.7856
61.7856
61.7856
61.7856
61.7856
61.7856
61.7856
61.7856
61.7856
61.7856
61.7856
61.7856
61.7856
61.7856
61.7856
61.7856
61.7856
61.7856
61.7856
61.7856
61.7856
61.7856
61.7856
61.7856
61.7856
61.7856
61.7856
61.7856
61.7856
61.7856
61.7856
61.7856
61.7856
61.7856
61.7856
61.7856
61.7856
61.7856
61.7856
61.7856
61.7856
61.7856
61.7856
61.7856
61.7856
61.7856
61.7856
61.7856
61.7856
61.7856
61.7856
61.7856
61.7856
61.7856
61.7856
61.7856
61.7856
61.7856
61.7856
61.7856
61.7856
61.7856
61.7856
61.7856
61.7856
61.7856
61.7856
61.7856
61.7856
61.7856
61.7856
61.7856
61.7856
61.7856
61.7856
61.7856
61.7856
61.7856
61.7856
61.7856
61.7856
61.7856
61.7856
61.7856
61.7856
61.7856
61.7856
61.7856
61.7856
61.7856
61.7856
61.7856
61.7856
61.7856
61.7856
61.7856
61.7856
61.7856
61.7856
61.7856
61.7856
61.7856
61.7856
61.7856
61.7856
61.7856
61.7856
61.7856
61.7856
61.7856
61.7856
61.7856
61.7856
61.7856
61.7856
61.7856
61.7856
61.7856
61.7856
61.7856
61.7856
61.7856
61.7856
61.7856
61.7856
61.7856
61.7856
61.7856
61.7856
61.7856
61.7856
61.7856
61.7856
61.7856
61.7856
61.7856
61.7856
61.7856
61.7856
61.7856
61.7856
61.7856
61.7856
61.7856
61.7856
61.7856
61.7856
61.7856
61.7856
61.7856
61.7856
61.7856
61.7856
61.7856
61.7856
61.7856
61.7856
61.7856
61.7856
61.7856
61.7856
61.7856
61.7856
61.7856
61.7856
61.7856
61.7856
61.7856
61.7856
61.7856
61.7856
61.7856
61.7856
61.7856
61.7856
61.7856
61.7856
61.7856
61.7856
61.7856
61.7856
61.7856
61.7856
61.7856
61.7856
61.7856
61.7856
61.7856
61.7856
61.7856
61.7856
61.7856
61.7856
61.7856
61.7856
61.7856
61.7856
61.7856
61.7856
61.7856
61.7856
61.7856
61.7856
61.7856
61.7856
61.7856
61.7856
61.7856
61.7856
61.7856
61.7856
61.7856
61.7856
61.7856
61.7856
61.7856
61.7856
61.7856
61.7856
61.7856
61.7856
61.7856
61.7856
61.7856
61.7856
61.7856
61.7856
61.7856
61.7856
61.7856
61.7856
61.7856
61.7856
61.7856
61.7856
61.7856
61.7856
61.7856
61.7856
61.7856
61.7856
61.7856
61.7856
61.7856
61.7856
61.7856
61.7856
61.7856
61.7856
61.7856
61.7856
61.7856
61.7856
61.7856
61.7856
61.7856
61.7856
61.7856
61.7856
61.7856
61.7856
61.7856
61.7856
61.7856
61.7856
61.7856
61.7856
61.7856
61.7856
61.8115
61.7856
61.7856
61.7856
61.7856
61.7856
61.7856
61.7856
61.7856
61.7856
61.7856
61.7856
61.7856
61.7856
61.7856
61.7856
61.7856
61.7856
61.7856
61.7856
61.7856
61.7856
61.7856
61.7856
61.7856
61.7856
61.7856
61.7856
61.7856
61.7856
61.7856
