# best half averages
2628.95
2454.58
2295.05
2158.67
1995.87
1879.71
1805.07
1742.38
1690.62
1653.71
1613.61
1568.7
1509.91
1500.88
1478.43
1454.36
1430.58
1401.67
1376.44
1347.95
1320.17
1292.49
1263.03
1247.09
1222.44
1200.36
1181.05
1153.84
1131.42
1112.01
1086.42
1075.66
1059.29
1045.09
1028.18
1003.81
993.176
985.806
976.09
962.951
958.341
945.929
937.061
926.66
923.945
909.978
886.417
872.116
859.467
849.705
845.258
833.952
827.651
824.573
819.71
817.781
823.461
798.651
796.552
784.842
775.957
768.125
746.995
720.777
697.471
684.032
668.757
670.084
661.972
657.298
644.198
619.388
617.576
614.501
613.477
605.909
600.577
598.886
598.214
586.467
584.355
577.204
558.806
556.142
551.199
549.347
547.385
543.497
539.435
535.528
525.163
510.873
467.508
443.929
440.945
438.323
437.024
436.99
437.898
437.024
436.823
436.22
434.323
431.878
429.566
428.233
428.233
427.977
426.872
432.87
419.053
411.372
406.697
398.381
393.843
392.22
390.785
390.079
387.937
386.293
382.831
377.654
374.004
369.98
369.834
369.02
367.423
368.041
365.593
362.808
360.256
358.239
354.507
352.308
344.345
344.221
342.408
338.296
334.479
333.75
321.182
319.225
317.857
317.447
317.375
316.878
315.385
313.639
312.977
306.064
304.517
304.517
304.517
304.517
304.489
304.218
302.834
301.773
297.921
293.239
288.22
288.383
285.648
283.564
282.2
282.542
279.577
277.047
273.505
272.619
272.619
272.558
272.467
271.473
269.318
268.646
267.646
266.738
266.588
276.014
264.406
263.516
258.078
256.674
254.201
253.834
258.774
253.819
255.165
253.986
253.641
259.205
282.298
266.984
255.238
250.793
267.361
249.145
259.204
247.095
242.919
242.707
241.554
242.04
241.449
245.197
247.169
241.075
238.239
236.305
233.772
230.813
230.843
231.268
223.659
223.659
223.645
223.494
223.166
224.112
222.902
222.801
221.344
221.241
220.969
220.708
220.672
220.671
220.671
220.671
220.671
220.429
220.429
220.663
220.607
220.552
220.184
219.923
222.916
218.577
219.647
219.88
207.546
205.138
210.289
205.123
205.497
204.52
203.509
202.9
202.812
203.838
201.649
201.516
201.39
201.891
200.602
199.205
198.812
198.369
197.041
197.034
197.012
196.862
196.474
196.261
195.317
193.351
191.949
189.762
189.935
189.714
189.714
189.714
189.587
189.045
186.684
185.641
185.614
185.282
184.62
184.5
184.812
183.773
178.542
177.44
177.274
177.373
176.979
176.642
175.721
172.75
171.782
170.574
170.574
170.574
170.522
170.385
169.869
168.682
167.992
167.992
167.992
167.992
167.992
167.971
167.971
167.992
167.992
167.992
167.973
167.934
174.078
179.935
185.128
178.625
166.885
167.023
167.023
167.023
167.023
167.023
167.023
166.929
166.663
165.563
163.704
163.704
163.704
163.704
163.368
163.683
163.704
163.704
163.697
164.361
163.631
164.568
163.331
168.261
161.391
160.888
160.845
160.781
162.252
161.392
161.656
160.656
165.846
160.301
160.287
160.12
160.803
157.793
157.799
157.795
157.768
157.698
157.605
157.605
157.605
157.605
157.605
157.605
157.572
157.506
157.048
155.96
155.96
155.96
155.96
155.96
155.96
155.96
155.96
155.96
155.96
155.96
155.96
155.96
155.96
155.96
155.959
155.788
155.625
155.305
154.175
153.856
148.745
148.745
148.745
148.745
148.742
149.012
148.658
148.582
148.186
147.98
147.964
147.948
147.929
147.807
147.32
146.664
145.248
144.86
143.695
143.675
143.628
143.481
143.367
143.367
143.367
143.266
142.756
140.611
138.207
137.86
137.476
137.476
137.476
137.476
137.443
137.246
136.622
135.784
135.759
135.759
135.759
135.759
135.759
135.759
135.744
135.757
135.755
135.747
136.142
135.654
135.654
135.65
135.641
135.607
137.529
135.751
134.058
133.429
132.598
133.508
131.544
131.539
131.517
131.399
131.324
131.28
131.106
130.931
130.009
129.144
129.144
129.144
129.144
129.144
129.144
129.144
129.144
129.144
129.144
129.131
129.109
129.04
128.937
128.559
127.423
127.423
127.412
127.423
127.423
127.423
127.423
127.411
130.172
128.411
128.396
133.119
127.346
127.179
126.782
126.782
126.782
126.782
126.776
126.77
126.752
126.669
126.484
126.465
126.4
126.145
125.558
125.558
125.558
125.558
125.558
125.558
125.558
125.554
125.529
125.472
125.344
125.344
125.249
125.241
127.237
131.916
124.697
123.877
123.877
123.877
123.877
123.877
123.877
123.852
123.852
123.828
123.608
122.801
122.654
122.654
122.654
122.654
122.654
122.654
122.654
122.654
122.654
122.654
122.654
122.654
122.654
122.654
121.526
120.707
123.246
124.787
123.202
112.524
103.787
103.787
103.787
103.787
103.787
103.773
103.773
103.732
103.622
103.166
103.097
103.097
103.095
103.093
103.114
103.077
103.036
102.994
102.746
102.263
101.015
101.005
100.898
100.949
100.887
100.887
100.736
100.339
100.339
100.339
100.339
100.339
100.339
100.339
100.339
100.339
100.339
100.329
100.339
100.334
100.33
100.317
100.317
100.262
100.125
100.123
100.122
100.107
100.061
99.9969
99.9969
100.019
99.987
100.019
99.987
99.9952
99.9166
99.6717
99.1581
98.7162
97.6348
94.7102
94.5234
94.5234
94.497
94.4707
94.4706
94.958
94.2657
101.435
97.5326
94.4707
94.497
94.5234
94.5234
94.5234
94.5234
94.5234
94.5234
94.5234
94.5234
94.5234
94.5029
94.5234
94.5234
94.5234
94.517
94.5042
94.4594
94.2638
94.1811
94.1134
94.0156
94.0156
94.0156
94.0156
94.0156
94.0156
94.0156
94.0156
94.0156
94.0156
94.0156
94.0156
94.0156
94.0156
94.0156
94.0116
94.0116
94.0156
93.9892
94.0156
94.0156
94.0156
94.0156
93.9951
94.0156
94.0156
94.0156
94.0156
94.0156
93.9857
93.8665
93.3
92.5248
92.5248
92.4984
92.5248
92.5248
92.5248
92.5248
92.5248
92.5167
92.4842
92.4113
92.1196
92.1196
92.1196
92.1196
92.1196
92.0877
92.0557
92.0238
92.0238
92.0557
92.0557
91.9598
93.9619
92.885
96.9233
92.0582
92.0015
92.0015
92.0015
92.0015
92.0015
92.0015
92.0015
92.0015
91.9866
91.9866
91.966
91.9292
91.7538
91.4856
91.4856
91.4856
91.4815
91.4511
91.4774
91.4692
91.4611
91.3988
92.2929
91.1261
91.2113
90.5108
90.21
90.21
90.21
90.21
90.21
90.21
90.21
90.21
90.21
90.21
90.21
90.21
90.21
90.21
90.1614
90.21
90.21
90.21
90.21
90.21
90.21
90.2061
90.21
90.21
90.21
90.2088
90.21
90.21
90.21
90.21
90.21
90.21
90.21
90.21
90.21
90.21
90.21
90.21
90.21
90.1973
90.1846
90.1592
90.108
89.7858
89.5648
89.54
89.401
89.3076
89.3265
89.3265
89.3265
89.3265
89.3265
89.3012
89.3012
89.3012
89.3265
89.2779
89.3265
89.3076
89.3265
89.3265
89.3169
89.2975
89.1911
88.8308
88.7832
88.6761
88.2475
88.2475
88.2475
88.2475
88.2475
88.2475
88.2475
88.2206
88.1897
87.7778
86.9927
86.9007
86.9007
86.9007
86.9007
86.9007
86.8853
86.8545
86.7277
86.4229
86.1301
86.1301
86.1301
86.1289
86.1217
86.0893
86.07
86.0447
86.07
86.07
86.07
86.0545
86.0234
85.8121
85.2936
85.2936
85.2936
85.2787
85.2044
84.9366
84.5498
84.5498
84.5498
84.5498
84.5498
84.5498
84.5498
84.5498
84.5498
84.5498
84.5498
84.5498
84.5498
84.5498
84.5498
84.5498
84.5498
84.5498
84.5498
84.5498
84.5498
84.5498
84.5309
84.5498
84.5498
84.5498
84.5498
84.5498
84.5462
84.539
84.5102
84.3951
84.37
84.37
84.37
84.37
84.37
84.37
84.3694
84.3676
84.3658
84.3575
84.3404
84.3404
84.3404
84.3404
84.3404
84.3404
84.3404
84.3404
84.3404
84.3068
84.2731
83.9899
83.178
82.6601
82.6601
82.6601
82.7244
82.6601
82.6601
82.6601
82.6601
82.6601
82.6601
82.6601
82.6601
82.6601
82.6597
82.6592
82.6601
82.6601
82.6601
82.6601
82.6601
82.6601
82.6601
82.6601
82.6601
82.6601
82.6601
82.6601
83.1704
82.6601
82.6601
82.6601
82.6601
82.6601
82.6601
82.6601
82.6601
82.6601
82.6601
82.6601
82.6601
82.6601
82.6601
82.6601
82.6601
82.4597
82.4113
82.6911
81.7741
80.2429
80.2429
80.2429
80.2429
80.2429
80.2429
80.2429
80.2429
80.2429
80.2215
80.1786
80.0501
79.8787
79.4501
79.1716
79.1716
79.1716
79.1716
79.1716
79.1716
79.1716
79.1716
79.1716
79.171
79.1716
79.1716
79.1716
79.1716
79.1716
79.1716
79.1716
79.1716
79.1716
79.1716
79.1716
79.1716
79.1716
79.1716
79.1716
79.1716
79.1716
79.1716
79.1716
79.1716
79.1716
79.1716
79.1716
79.1716
79.171
79.1716
79.1716
79.1716
79.1716
79.1716
79.1716
79.171
79.1346
78.8947
84.5558
78.042
77.403
77.4025
77.403
77.403
77.403
77.403
77.403
77.403
77.403
77.4024
77.403
77.403
77.403
77.403
77.403
77.403
77.403
77.403
77.403
77.403
77.403
77.403
77.403
77.403
77.403
77.3998
77.3789
77.3039
77.2692
77.2692
77.2692
77.2692
77.2692
77.2692
77.2692
77.2692
77.2692
77.2692
77.2692
77.2692
77.2692
77.2692
77.2692
77.2692
77.2692
77.2692
77.2692
77.2692
77.2692
77.2692
77.2151
77.2692
77.2692
77.2692
77.2692
77.2692
77.2692
77.2692
77.2692
77.2692
77.2692
77.2692
77.2692
77.2692
77.2692
77.2692
77.2692
77.2692
77.2692
77.2692
77.2692
77.2692
77.2692
77.2692
77.2692
77.2692
77.2692
77.2692
77.2692
77.2686
77.2686
77.2681
77.2686
77.2692
77.2692
77.2692
77.2692
77.2639
77.2481
81.2443
77.2166
77.1588
77.0064
76.9972
77.0064
77.0007
76.9778
76.8919
76.7201
76.7201
76.7201
76.7201
76.7201
76.7201
76.7496
86.143
77.0044
76.7201
76.7201
76.7201
76.7201
76.7201
76.7201
76.7201
76.7201
76.7201
76.7201
76.7201
76.7201
76.7201
76.7201
76.7201
76.7201
76.7197
76.7201
76.7201
76.7201
76.7201
76.7201
76.7201
76.7201
76.7201
76.7201
76.7201
76.7201
76.7201
76.7195
76.7201
76.7201
76.7201
76.7094
76.6988
76.6669
76.5856
76.3523
76.0646
75.8419
75.8419
75.8419
75.8419
75.8419
75.8419
75.8419
75.8419
75.8419
75.8419
75.8414
75.8409
75.8419
75.8419
75.8419
75.8419
75.8419
75.8419
75.8419
75.8419
75.8419
75.8414
75.8411
75.8395
75.8391
80.1503
80.446
75.8216
75.8216
75.8216
75.8216
75.8216
75.8216
75.8216
75.8216
75.8216
75.8216
75.8216
75.8216
75.8216
75.8216
75.8211
75.8216
75.8216
75.8216
75.8216
75.8216
75.8216
75.8216
75.8216
75.8216
75.8216
75.8216
75.8216
75.8216
75.8216
75.8216
75.8216
75.8216
75.8216
75.8216
78.2489
75.8216
75.8216
75.8216
75.8216
75.8216
75.8216
75.8216
75.8216
75.8216
75.8216
75.8216
75.8216
75.8211
75.8251
75.8196
77.5323
77.6672
75.8216
75.8216
75.8216
75.8216
75.8216
75.8216
75.8216
75.8216
75.8216
75.8216
75.8216
75.7712
75.821
75.8204
75.8198
76.1772
75.8216
75.8216
75.8216
75.8216
75.8216
75.8216
75.8216
75.8216
75.8216
75.8216
75.8216
75.8216
75.8216
75.8216
75.8216
75.8216
75.8216
75.8216
75.8216
75.8216
75.8216
75.8216
75.8216
75.8216
75.8216
75.8215
75.8214
75.8117
75.8094
75.8069
75.7897
75.7123
75.4201
75.3457
75.3056
75.2255
75.2255
75.2656
75.3117
74.9852
74.8164
76.5969
73.3829
73.3829
73.3829
73.3829
73.3829
73.3829
73.3829
73.3829
73.3829
73.3829
73.3829
73.3829
73.3829
73.3829
73.3829
73.3829
73.3829
73.3829
73.3829
73.3829
73.3829
73.3829
73.3829
73.3829
73.3829
73.3829
73.3829
73.3829
73.3829
73.3829
73.3829
73.3829
73.3829
73.3829
73.3829
73.3829
73.3829
73.3824
73.3829
73.3829
73.3829
73.3829
73.3829
73.3824
73.3829
73.3829
73.3829
73.3829
73.3829
73.3829
73.3829
73.3829
73.3829
73.3829
73.3829
73.3829
73.3829
73.3829
73.3829
73.3829
73.3829
73.3829
73.3829
73.3829
73.3829
73.3829
73.3829
73.3829
73.3829
73.3829
73.3829
73.3829
73.3829
73.3829
73.3829
73.3829
73.3829
73.3829
73.3829
73.3829
73.3829
73.3829
73.3829
73.3829
73.3829
73.3829
73.3829
73.3829
73.3829
73.3829
73.3829
73.3829
73.3829
73.3829
73.3829
73.3829
73.3829
73.3829
73.3829
73.3829
73.3829
73.3829
73.3829
73.3177
73.3395
73.2526
73.4889
79.9735
73.3126
74.8883
73.3389
73.296
73.3177
73.3177
73.3829
73.3829
73.3829
73.3829
73.3829
73.3829
73.3829
73.3829
73.3829
73.3829
73.3829
73.3829
73.3829
73.3829
73.3829
73.3829
73.3829
73.3829
73.3829
73.3829
73.3829
73.3829
73.3829
73.3829
73.3829
73.3829
73.3514
73.2252
72.7522
71.806
71.806
71.806
71.806
71.806
71.806
71.806
71.806
71.806
71.806
71.806
71.806
71.806
71.806
71.806
71.806
71.806
71.806
71.806
71.806
71.806
71.806
71.8055
71.8055
71.805
71.8055
71.8032
71.806
71.806
71.806
71.806
71.806
71.806
71.806
71.806
71.806
71.806
71.806
71.806
71.806
71.806
71.8055
71.805
71.806
71.8008
71.7745
71.7167
71.5434
71.5434
71.5434
71.5434
71.5434
71.5434
71.5434
71.5434
71.5434
71.5434
71.5434
71.5434
71.5434
71.5434
71.5434
71.5434
71.5434
71.5434
71.5434
71.5434
71.5434
71.5434
71.5434
71.5434
71.5434
71.5434
71.5434
71.5434
71.5434
71.5434
71.5434
71.5434
71.5434
71.4957
71.5434
71.5434
71.5434
71.5434
71.5434
71.5434
71.5434
71.5434
71.5434
71.5434
71.5434
71.5434
71.5434
71.5434
71.5434
71.5434
71.5434
71.5434
71.5434
71.5434
71.5434
71.5434
71.5434
71.5434
71.5434
71.5434
71.5434
71.5434
71.5434
71.4957
72.0095
72.5258
71.4703
79.1877
71.5241
71.5434
71.5434
71.5434
71.5434
71.5429
71.5429
71.5413
71.5419
71.6143
71.9347
71.5424
71.5429
71.5434
71.5434
71.5339
71.5339
71.5243
71.4851
71.4259
71.2968
71.0392
71.0164
71.0164
71.0164
70.9762
70.9494
70.9628
72.7282
71.1571
71.0164
71.0164
71.0164
71.0164
71.0164
71.0164
71.0164
71.0164
71.0164
71.0164
71.0164
71.0164
71.0164
71.0164
71.0164
71.0164
71.0164
71.0164
71.0164
71.0164
71.0164
71.0164
71.0164
71.0164
71.0164
70.9973
70.9973
71.0164
71.0164
71.0164
71.0164
71.0164
71.0164
71.0164
71.0164
71.0164
71.0164
71.0164
71.0164
71.0164
71.0164
71.3902
71.0164
71.0164
71.0164
71.0164
71.0164
71.0164
71.0164
71.0164
71.0164
71.0164
71.0159
71.0159
71.0164
71.0164
71.0164
71.0164
71.0164
71.0164
71.0147
71.0123
71.014
71.0116
71.0092
71.6097
71.1585
71.7902
70.9568
70.9568
70.9568
70.9568
70.9568
70.9568
70.9568
70.9568
70.9568
70.9568
70.9568
70.9568
70.9568
70.9568
70.9568
70.9568
70.9568
70.9568
70.9568
70.9568
70.9568
70.9568
70.9568
70.9568
70.9568
70.9568
70.9389
70.8852
70.8852
70.8136
70.6525
70.223
70.0619
70.0619
70.0619
70.0619
70.0614
70.0614
70.0534
70.0534
70.0189
69.9515
87.0079
69.7901
69.6373
69.6373
69.6373
69.6066
69.6219
69.6066
69.675
69.6373
69.6373
69.6373
69.6373
69.6373
69.6373
69.6373
69.6373
69.6373
69.6373
69.6373
69.6373
69.6373
69.6351
69.6242
69.6133
69.5894
69.5284
69.5284
69.5284
69.5279
69.5087
69.4911
69.4911
69.4166
69.1368
68.5961
68.5961
68.5961
68.5938
68.5893
68.5714
68.5176
68.484
68.484
68.484
68.484
68.484
68.484
68.484
68.484
68.484
68.484
68.484
68.484
68.4835
68.4824
68.4798
69.9276
68.4621
68.458
68.458
68.458
68.458
68.458
68.458
68.45
68.446
68.454
68.454
68.454
68.458
68.458
68.458
68.458
68.458
68.458
68.458
68.458
68.458
68.458
68.458
68.458
68.458
68.458
68.458
68.458
68.458
68.458
68.458
68.458
68.458
68.458
68.458
68.458
68.458
68.458
68.458
68.458
68.458
68.458
68.458
68.458
68.458
68.458
68.458
68.458
68.458
68.458
68.458
68.458
68.458
68.458
68.458
68.458
68.458
68.458
68.458
68.458
68.458
68.458
68.458
68.458
68.458
68.458
68.458
68.458
68.458
68.458
68.458
68.458
68.458
68.458
68.458
68.458
68.458
68.458
68.458
68.458
68.458
68.458
68.458
68.458
68.458
68.458
68.458
68.458
68.458
68.458
68.458
68.458
68.458
68.458
68.458
68.458
68.458
68.45
68.458
68.458
68.458
68.458
68.458
68.458
68.458
68.458
68.458
68.458
68.458
68.458
68.458
68.458
68.458
68.458
68.458
68.458
68.458
68.458
68.447
68.458
68.458
68.458
68.458
68.458
68.458
68.458
68.458
68.458
68.458
68.458
68.458
68.458
68.458
68.458
68.458
68.458
68.458
68.458
68.458
68.458
68.458
68.458
68.458
68.458
68.458
68.458
68.458
68.458
68.458
68.458
68.458
68.458
68.458
68.458
68.458
68.458
68.458
68.458
68.458
68.458
68.458
68.458
68.458
68.458
68.458
68.458
68.458
68.458
68.458
68.458
68.458
68.458
68.458
68.458
68.458
68.458
68.458
68.458
68.458
68.458
68.458
68.458
68.458
68.458
68.458
68.458
68.458
68.45
68.454
68.454
68.458
68.458
68.458
68.458
68.458
68.458
68.458
68.458
68.458
68.458
68.458
68.458
68.458
68.458
68.458
68.458
68.458
68.458
68.458
68.458
68.458
68.458
68.4535
68.4313
68.4002
68.2955
68.2359
68.2359
68.2359
68.2359
68.2359
68.2359
68.2359
68.2359
68.2359
68.2359
68.2359
68.2359
68.2359
68.2359
68.2359
68.2359
68.2359
68.2359
68.2359
68.2359
68.2359
68.2359
68.2359
68.2359
68.2359
68.2359
68.2359
68.2359
68.2359
68.2359
68.2359
68.234
68.234
68.234
68.234
68.2359
68.2359
68.2359
68.2359
68.2359
68.2359
68.2359
68.2359
68.2359
68.2359
68.2359
68.2359
68.2359
68.2359
68.2359
68.2359
68.2359
68.1819
68.0199
67.5879
66.7922
65.5356
65.5356
65.5356
65.5356
65.5356
65.5356
65.5356
65.5356
65.5356
65.5356
65.5356
65.5356
65.5356
65.5356
65.5356
65.5356
65.5246
65.5136
65.5136
65.5246
65.5246
65.5356
65.5356
65.5356
66.4682
65.5915
65.5356
65.5356
70.0877
65.5826
69.5369
65.5356
67.125
65.5356
65.5356
65.5356
65.5356
65.5356
65.5356
65.5356
65.5356
65.5356
65.5356
65.5356
65.5356
65.5356
65.5356
65.5356
65.5356
65.5356
65.5356
65.5356
65.5356
65.5356
65.5356
65.5356
65.5356
65.5356
65.5356
65.5356
65.5356
65.5356
65.5356
65.5356
65.5356
65.5356
65.5356
65.5356
65.5356
65.5356
65.5356
65.5356
65.5356
65.5356
65.5356
65.5356
65.5356
65.5356
65.5356
65.5356
65.5356
65.5356
65.5356
65.5356
65.5356
65.5356
65.5356
65.5356
65.5356
65.5356
65.5356
65.5356
65.5356
65.5356
65.5356
65.5356
65.5356
65.5356
65.5356
65.5356
65.5356
65.5356
65.5356
65.5356
65.5356
65.5356
65.5356
65.5356
65.5356
65.5356
65.5356
65.5356
65.5356
65.5356
65.5356
65.5356
65.5356
65.5356
65.5356
65.5356
65.5356
65.5356
65.5356
65.5356
65.5356
65.4997
65.4458
67.2914
69.4221
65.5356
65.5356
65.5356
65.5356
65.5356
65.5356
65.5356
65.5356
65.5356
65.5356
65.5356
65.5356
65.5356
65.5356
65.5356
65.5356
65.5356
65.5356
65.5356
65.5356
65.5356
65.5317
65.5278
65.5317
65.5238
65.512
65.4862
68.1197
65.7016
66.1742
65.3391
65.3391
65.3391
65.3391
65.3391
65.3391
65.3391
65.3391
65.3391
65.3391
65.3391
65.3391
65.3391
65.3391
65.3391
65.3391
65.3391
65.3391
65.3391
65.3391
65.3391
65.3391
65.3391
65.3391
65.3391
65.3391
65.3308
65.3391
65.3391
65.3391
65.3391
65.3391
65.3391
65.3391
65.3391
65.3391
65.3391
65.3391
65.3391
65.3391
65.3391
65.3391
65.3391
65.3391
65.3391
65.3391
65.3391
65.3391
65.3391
65.3391
65.3391
65.3391
65.3391
65.3391
65.3391
65.3391
65.3308
65.3225
65.306
65.3225
65.3391
65.3391
65.3391
65.3391
65.3391
65.3391
69.7711
65.3391
65.3391
65.3391
65.3391
65.3391
65.3391
65.3391
65.3391
65.3391
65.3391
65.3391
65.3391
65.3377
65.3377
65.3348
65.3348
65.3334
65.3306
65.332
65.3106
66.4985
65.2407
65.7155
65.227
65.5265
65.1859
79.8012
66.2637
65.8583
65.3713
65.2681
65.2681
65.2681
65.2681
65.2681
65.2681
65.2681
65.2681
65.2681
65.2681
65.2681
65.2681
65.2681
65.2681
65.2681
65.2681
65.2681
65.2681
65.2681
65.2681
65.2681
65.2681
65.2681
65.2681
65.2681
65.2681
65.2681
65.2681
65.2681
65.2681
65.2681
65.2681
65.2681
65.2681
65.2681
65.2681
65.2681
65.2681
65.2681
65.2681
65.2681
65.2681
65.2681
65.2681
65.2681
65.2681
65.2681
65.2681
65.2681
65.2544
65.2475
65.2407
66.1376
65.2064
65.0694
64.9256
64.9256
64.9256
64.9256
64.9256
64.9256
64.9256
64.9256
64.9256
64.9256
64.9256
64.9256
64.9256
64.9252
64.9252
64.9252
64.9256
64.9256
64.9256
64.9256
64.9256
64.9256
64.9256
64.9256
64.9256
64.9256
64.9256
64.9256
64.9256
64.9256
64.9256
64.9256
64.9256
64.8919
64.9256
64.9256
64.9256
64.9256
64.9256
64.9256
64.9256
64.9256
64.9256
64.9256
64.9256
64.9256
64.9256
64.9256
64.9256
64.9256
64.9256
64.9256
64.9256
64.9256
64.9256
64.9256
64.9256
64.9256
64.9256
64.9256
64.9256
64.9256
64.9256
64.9256
64.9256
64.9256
64.9256
64.9256
64.9256
64.9256
64.9256
64.9256
64.9256
64.9256
64.9256
64.9256
64.9256
64.9256
64.9256
64.9256
64.9256
64.9256
64.9256
64.9256
64.9256
64.9256
64.9256
64.9256
64.9256
64.9256
64.9256
64.9256
64.9256
64.9256
64.9256
64.9256
64.9256
64.9256
64.9256
64.9256
64.9256
64.9256
64.9256
64.9256
64.9256
64.9256
64.9256
64.9256
64.9256
64.9256
64.9256
64.9252
64.9256
64.9256
64.9256
64.9256
64.9256
64.9256
64.9256
64.9256
64.9256
64.9256
64.9256
64.9256
64.9256
64.9256
64.9256
64.9256
64.9256
64.9256
64.9256
64.9256
64.9256
64.9256
64.9256
64.9256
64.9256
64.9256
64.9256
64.9256
64.9256
64.9256
64.9256
64.9256
64.9256
64.9256
64.9256
64.9256
64.9256
64.9256
64.9256
64.9256
64.9256
64.9256
64.9256
64.9256
64.9256
64.9256
64.9256
64.9256
64.9256
64.9256
64.9256
64.9256
64.9256
64.9256
64.9256
64.9256
64.9256
64.9256
64.9256
64.9256
64.9256
64.9256
64.9256
64.9256
64.9256
64.9256
64.9256
64.9256
64.9256
64.9256
64.9256
64.9256
64.9256
64.9256
64.9256
64.9256
64.9256
64.9256
64.9256
64.9256
64.9256
64.9256
64.9256
64.9256
64.9256
64.9256
64.9256
64.9256
64.9256
64.9256
64.9256
64.9256
64.9256
64.9256
64.9256
64.9256
64.9256
64.9256
64.9256
64.9256
64.9256
64.9256
64.9256
64.9256
64.9256
64.9256
64.9256
64.9256
64.9256
64.9256
64.9256
64.9256
64.9252
64.9256
64.9256
64.9256
64.9256
64.9256
64.9256
64.9256
64.9256
64.9256
64.9256
64.9256
64.9256
64.9256
64.9256
64.9256
64.9256
64.9256
64.9256
64.9256
64.9256
64.9256
64.9256
64.9256
64.9256
64.9256
64.9256
64.9256
64.9256
64.9256
64.9256
64.9256
64.9256
64.9256
64.9256
64.9256
64.9256
64.9256
64.9256
64.9256
64.9256
64.9256
64.9256
64.9256
64.9256
64.9256
64.9256
64.9256
64.9256
64.9256
64.9256
64.9256
64.9256
64.9256
64.9256
64.9256
64.9253
64.925
64.9239
64.9206
64.9119
64.9119
64.9119
64.9119
64.9119
64.9119
64.9119
64.9119
64.9119
64.9119
64.9119
64.9119
64.9119
64.9119
64.9119
64.9119
64.9119
64.9119
64.9119
64.9119
64.9119
64.9119
64.9119
64.9119
64.9119
64.9119
64.9119
64.9119
64.9119
64.9119
64.9119
64.9119
64.9119
64.9119
64.9119
64.9119
64.9119
64.9119
64.9119
64.9119
64.9119
64.9119
64.9119
64.9119
64.9119
64.9119
64.9119
64.9119
64.9119
64.9119
64.9119
64.9119
64.9119
64.9119
64.9119
64.9119
64.9119
64.9119
64.9119
64.9119
64.9119
64.9119
64.9119
64.9119
64.9119
64.9119
64.9119
64.9119
64.9119
64.9119
64.9119
64.9119
64.9119
64.9119
64.9119
64.9119
64.8782
64.8445
64.8108
64.7097
66.6638
64.8998
64.7951
64.5952
66.6009
64.6912
63.4338
63.227
63.227
63.227
63.227
63.227
63.227
63.227
63.227
63.227
63.227
63.227
63.227
63.227
63.227
63.227
63.227
63.227
63.227
63.227
63.227
63.227
63.227
63.227
63.227
63.227
63.227
63.227
63.227
63.227
63.227
63.227
63.227
63.227
63.227
63.227
63.227
63.227
63.227
63.227
63.227
63.227
63.227
63.227
63.227
63.227
63.227
63.227
63.227
63.227
63.227
63.227
63.227
63.227
63.227
63.227
63.227
63.227
63.227
63.227
63.227
63.227
63.227
63.227
63.227
63.227
63.227
63.227
63.227
63.227
63.227
63.227
63.227
63.227
63.9451
63.227
63.227
63.227
63.227
63.227
63.227
63.227
63.227
63.227
63.227
63.227
63.227
63.227
63.227
63.227
63.227
63.227
63.227
63.227
63.227
63.227
63.227
63.227
63.227
63.2266
63.2266
63.227
63.227
63.227
63.227
63.227
63.227
63.227
63.227
63.227
63.227
63.227
63.227
63.227
63.227
63.227
63.227
63.2266
63.227
63.227
63.227
63.227
63.227
63.227
63.227
63.227
63.227
63.227
63.227
63.227
63.227
63.227
63.227
63.227
63.227
63.227
63.227
63.227
63.227
63.227
63.227
63.227
63.227
63.227
63.227
63.227
63.227
63.227
63.227
63.227
63.227
63.227
63.227
63.227
63.227
63.227
63.227
63.227
63.227
63.227
63.227
63.227
63.227
63.227
63.227
63.227
63.2266
63.2261
63.2261
63.2261
63.227
63.227
63.227
63.227
63.227
63.227
63.227
63.227
63.227
63.227
63.2266
63.227
63.227
63.227
63.227
63.227
63.227
63.227
63.227
63.227
63.227
63.227
63.227
63.227
63.227
63.227
63.227
63.227
63.227
63.227
63.227
63.227
63.227
63.227
63.227
63.227
63.227
63.227
63.227
63.227
63.227
63.227
63.227
63.227
63.227
63.227
63.227
63.227
63.227
63.227
63.227
63.227
63.227
63.227
63.227
63.227
63.227
63.227
63.227
63.227
63.227
63.227
63.227
63.227
63.227
63.227
63.227
63.227
63.227
63.227
63.227
63.227
63.227
63.227
63.227
63.227
63.227
63.227
63.227
63.227
63.227
63.227
63.227
63.227
63.227
63.227
63.227
63.227
63.227
63.227
63.227
63.227
63.227
63.227
63.227
63.227
63.227
63.227
63.227
63.227
63.227
63.227
63.227
63.227
63.227
63.227
63.227
63.227
63.227
63.227
63.227
63.227
63.227
63.227
63.227
63.227
63.2266
63.227
63.227
63.227
63.227
63.227
63.227
63.227
63.227
63.227
63.227
63.227
63.227
63.227
63.227
63.227
63.227
63.227
63.227
63.227
63.227
63.227
63.227
63.227
63.227
63.227
63.227
63.227
63.227
63.227
63.227
63.227
63.227
63.227
63.227
63.227
63.227
63.227
63.227
63.227
63.227
63.227
63.227
63.227
63.227
63.227
63.227
63.227
63.227
63.227
63.227
63.227
63.227
63.227
63.227
63.227
63.227
63.227
63.227
63.227
63.227
63.227
63.227
63.227
63.227
63.227
63.227
63.227
63.227
63.227
63.227
63.227
63.227
63.227
63.227
63.227
63.227
63.227
63.227
63.227
63.227
63.2266
63.2266
63.2245
63.2193
63.2096
63.2096
63.2096
63.2096
63.2096
63.2096
63.2096
63.2096
63.2096
63.2096
63.2096
63.2096
63.2096
63.2096
63.2096
63.2096
63.2096
63.2096
63.2096
63.2096
63.2096
63.2092
63.2096
63.2096
63.2096
63.2096
63.2096
63.2096
63.2096
63.2096
63.2096
63.2096
63.2096
63.2096
63.2096
63.2096
63.2096
63.2096
63.2096
63.2096
63.2096
63.2096
63.2096
63.2096
63.2096
63.2096
63.2096
63.2096
63.2096
63.2096
63.2096
63.2096
63.2096
63.2096
63.2096
63.2096
63.2096
63.2096
63.2096
63.2096
63.2096
63.2096
63.2096
63.2096
63.2096
63.2096
63.2096
63.2096
63.2096
63.2096
63.2096
63.2096
63.2096
63.2096
63.2096
63.2096
63.2096
63.2096
63.2096
63.2096
63.2096
63.2096
63.2096
63.2096
63.2096
63.2092
63.2096
63.2096
63.2096
63.2096
63.2096
63.2096
63.2096
63.2096
63.2096
63.2096
63.2096
63.2096
63.2096
63.2096
63.2096
63.2096
63.2096
63.2096
63.2096
63.2096
63.2096
63.2096
63.2096
63.2096
63.2096
63.2096
63.2096
63.2096
63.2096
63.2096
63.2096
63.2096
63.2096
63.2096
63.2096
63.2096
63.2096
63.2096
63.2096
63.2096
63.2096
63.2096
63.2096
63.2096
63.2096
63.2096
63.2096
63.2096
63.2096
63.2096
63.2096
63.2096
63.2096
63.2096
63.2096
63.2096
63.2096
63.2096
63.2096
63.2096
63.2096
63.2096
63.2096
63.2096
63.2096
63.2096
63.2096
63.2096
63.2096
63.2096
63.2096
63.2096
63.2096
63.2096
63.2096
63.2096
63.2096
63.2096
63.2096
63.2096
63.2096
63.2096
63.2096
63.2096
63.2096
63.2096
63.2096
63.2096
63.2096
63.2096
63.2096
63.2096
63.2096
63.2096
63.2096
63.2096
63.2096
63.2096
63.2096
63.2096
63.2096
63.2096
63.2096
63.2096
63.2096
63.2096
63.2096
63.2096
63.2096
63.2096
63.2096
63.2096
63.2096
63.2096
63.2096
63.2096
63.2096
63.2096
63.2096
63.2096
63.2096
63.2096
63.2096
63.2096
63.2096
63.2096
63.2096
63.2096
63.2096
63.2096
63.2096
63.2096
63.2096
63.2096
63.2096
63.2096
63.2096
63.2096
63.2096
63.2096
63.2096
63.2096
63.2096
63.2096
63.2096
63.2096
63.2096
63.2096
63.2096
63.2096
63.2096
63.2096
63.2096
63.2096
63.2096
63.2096
63.2096
63.2096
63.2096
63.2096
63.2096
63.2096
63.2096
63.2096
63.2096
63.2096
63.2096
63.2096
63.2096
63.2096
63.2096
63.2096
63.2096
63.2096
63.2096
63.2096
63.2096
63.2096
63.2096
63.2096
63.2096
63.2096
63.2096
63.2096
63.2096
63.2096
63.2096
63.2096
63.2096
63.2096
63.2096
63.2096
63.2096
63.2096
63.2096
63.2096
63.2096
63.2096
63.2096
63.2096
63.2096
63.2096
63.2096
63.2096
63.2096
63.2096
63.2096
63.2096
63.2096
63.2096
63.2096
63.2096
63.2096
63.2096
63.2096
63.2096
63.2096
63.2096
63.2096
63.2096
63.2092
63.2083
63.2397
63.2096
63.2096
63.2096
63.2096
63.2096
63.2096
63.2096
63.2096
63.2096
63.2096
63.2096
63.2096
63.2096
63.2096
63.2096
63.2096
63.2096
63.2096
63.2096
63.2096
63.2096
63.2096
63.2096
63.2096
63.2096
63.2096
63.2096
63.2096
63.2096
63.2096
63.2096
63.2096
63.2096
63.2096
63.2096
63.2096
63.2096
63.2096
63.2096
63.2096
63.2096
63.2096
63.2096
63.2096
63.2096
63.2096
63.2096
63.2096
63.2096
63.2096
63.2096
63.2096
63.2096
63.2096
63.2096
63.2096
63.2096
63.2096
63.2096
63.2096
63.2096
63.2096
63.2096
63.2096
63.2096
63.2096
63.2096
63.2096
63.2096
63.2096
63.2096
63.2096
63.2096
63.2096
63.2096
63.2096
63.2096
63.2096
63.2096
63.2096
63.2096
63.2096
63.2096
63.2096
63.2096
63.2096
63.2096
63.2096
63.2096
63.2096
63.2096
63.2096
63.2096
63.2096
63.2096
63.2096
63.2096
63.2096
63.2096
63.2096
63.2096
63.2096
63.2096
63.2096
63.2096
63.2096
63.2096
63.2096
63.2096
63.2096
63.2096
63.2096
63.2096
63.2096
63.2096
63.2096
63.2096
63.2096
63.2096
63.2096
63.2096
63.2096
63.2096
63.2096
63.2096
63.2096
63.2096
63.2096
63.2096
63.2096
63.2096
63.2096
63.2096
63.2096
63.2096
63.2096
63.2096
63.2096
63.2096
63.2096
63.2096
63.2096
63.2096
63.2096
63.2096
63.2096
63.2096
63.2096
63.2096
63.2096
63.2096
63.2096
63.2096
63.2096
63.2096
63.2096
63.2096
63.2096
63.2096
63.2096
63.2096
63.2096
63.2096
63.2096
63.2096
63.2096
63.2096
63.2096
63.2096
63.2096
63.2096
63.2096
63.2096
63.2096
63.2096
63.2096
63.2096
63.2096
63.2096
63.2096
63.2096
63.2096
63.2096
63.2096
63.2096
63.2096
63.2096
63.2096
63.2096
63.2096
63.2096
63.2096
63.2096
63.2096
63.2096
63.2096
63.2096
63.2096
63.2096
63.2096
63.2096
63.2096
63.2096
63.2096
63.2096
63.2096
63.2096
63.2096
63.2096
63.2096
63.2096
63.2096
63.2096
63.2096
63.2096
63.2096
63.2096
63.2096
63.2096
63.2096
63.2096
63.2096
63.2096
63.2096
63.2096
63.2096
63.2096
63.2096
63.2096
63.2096
63.2096
63.2096
63.2096
63.2096
63.2096
63.2096
63.2096
63.2096
63.2096
63.2096
63.2096
63.2096
63.2096
63.2096
63.2096
63.2096
63.2096
63.2096
63.2096
63.2096
63.2096
63.2096
63.2096
63.2096
63.2096
63.2096
63.2096
63.2096
63.2096
63.2096
63.2096
63.2096
63.2096
63.2096
63.2096
63.2096
63.2096
63.2096
63.2096
63.2096
63.2096
63.2096
63.2096
63.2096
63.2096
63.2096
63.2096
63.2096
63.2096
63.2096
63.2096
63.2096
63.2096
63.2096
63.2096
63.2096
63.2096
63.2096
63.2096
63.2096
63.2096
63.2096
63.2096
63.2096
63.2096
63.2096
63.2096
63.2096
63.2096
63.2096
63.2096
63.2096
63.2096
63.2096
63.2096
63.2096
63.2096
63.2096
63.2096
63.2096
63.2096
63.2096
63.2096
63.2096
63.2096
63.2096
63.2096
63.2096
63.2096
63.2096
63.2096
63.2096
63.2096
63.2096
63.2096
63.2096
63.2096
63.2096
63.2096
63.2096
63.2096
63.2096
63.2096
63.2096
63.2096
63.2096
63.2096
63.2096
63.2096
63.2096
63.2096
63.2096
63.2096
63.2096
63.2096
63.2096
63.2096
63.2096
63.2096
63.2096
63.2096
63.2096
63.2096
63.2096
63.2096
63.2096
63.2096
63.2096
63.2096
63.2096
63.2096
63.2096
63.2096
63.2096
63.2096
63.2096
63.2096
63.2096
63.2096
63.2096
63.2096
63.2096
63.2096
63.2096
63.2096
63.2096
63.2096
63.2096
63.2096
63.2096
63.2096
63.2096
63.2096
63.2096
63.2096
63.2096
63.2096
63.2096
63.2096
63.2096
63.2096
63.2096
63.2096
63.2096
63.2096
63.2096
63.2096
63.2096
63.2096
63.2096
63.2096
63.2096
63.2096
63.2096
63.2096
63.2096
63.2096
63.2096
63.2096
63.2096
63.2096
63.2096
63.2096
63.2096
63.2096
63.2096
63.2096
63.2096
63.2096
63.2096
63.2096
63.2096
63.2092
63.2096
63.2096
63.2096
63.2096
63.2096
63.2096
63.2096
63.2096
63.2092
63.2087
64.3356
63.2096
63.2096
63.2096
63.2096
63.2096
63.2096
63.2096
63.2096
63.2096
63.2096
63.2096
63.2096
63.2096
63.2096
63.2096
63.2096
63.2096
63.2096
63.2096
63.2096
63.2096
63.2096
63.2096
63.2096
63.2096
63.2096
63.2096
63.2096
63.2096
63.2096
63.2096
63.2096
63.2096
63.2096
63.2096
63.2096
63.2096
63.2096
63.2092
63.2096
63.2096
63.2096
63.2096
63.2096
63.2096
63.2096
63.2096
63.2096
63.2096
63.2096
63.2096
63.2096
63.2096
63.2096
63.2096
63.2096
63.2096
63.2096
63.2096
63.2096
63.2096
63.2096
63.2096
63.2096
63.2096
63.2096
63.2096
63.2096
63.2096
63.2096
63.2096
63.2096
63.2096
63.2096
63.2096
63.2096
63.2096
63.2096
63.2096
63.2096
63.2096
63.2096
63.2096
63.2096
63.2096
63.2096
63.2096
63.2096
63.2096
63.2096
63.2096
63.2096
63.2096
63.2096
63.2096
63.2096
63.2096
63.2096
63.2096
63.2096
63.2096
63.2096
63.2096
63.2096
63.2096
63.2096
63.2096
63.2096
63.2096
63.2096
63.2096
63.2096
63.2096
63.2096
63.2096
63.2096
63.2096
63.2096
63.2096
63.2096
63.2096
63.2096
63.2096
63.2096
63.2096
63.2096
63.2096
63.2096
63.2096
63.2096
63.2096
63.2096
63.2096
63.2096
63.2096
63.2096
63.2096
63.2096
63.2096
63.2096
63.2096
63.2096
63.2096
63.2096
63.2096
63.2096
63.2096
63.2096
63.2096
63.2096
63.2096
63.2096
63.2096
63.2096
63.2096
63.2096
63.2096
63.2096
63.2096
63.2096
63.2096
63.2096
63.2096
63.2096
63.2096
63.2096
63.2096
63.2096
63.2096
63.2096
63.2096
63.2096
63.2096
63.2096
63.2096
63.2096
63.2096
63.2096
63.2096
63.2096
63.2096
63.2096
63.2096
63.2096
63.2096
63.2096
63.2096
63.2096
63.2096
63.2096
63.2096
63.2096
63.2096
63.2096
63.2096
63.2096
63.2096
63.2096
63.2096
63.2096
63.2096
63.2096
63.2096
63.2096
63.2096
63.2096
63.2096
63.2096
63.2096
63.2096
63.2096
63.2096
63.2096
63.2096
63.2096
63.2096
63.2096
63.2096
63.2096
63.2096
63.2096
63.2096
63.2096
63.2096
63.2096
63.2096
63.2096
63.2096
63.2096
63.2096
63.2096
63.2096
63.2096
63.2096
63.2096
63.2096
63.2096
63.2096
63.2096
63.2096
63.2096
63.2096
63.2096
63.2096
63.2096
63.2096
63.2096
63.2096
63.2096
63.2096
63.2096
63.2096
63.2096
63.2096
63.2096
63.2096
63.2096
63.2096
63.2096
63.2096
63.2096
63.2096
63.2096
63.2096
63.2096
63.2096
63.2096
63.2096
63.2096
63.2096
63.2096
63.2096
63.2096
63.2096
63.2096
63.2096
63.2096
63.2096
63.2096
63.2096
63.2096
63.2096
63.2096
63.2096
63.2096
63.2096
63.2096
63.2096
63.2096
63.2096
63.2096
63.2096
63.2096
63.2096
63.2096
63.2096
63.2096
63.2096
63.2096
63.2096
63.2096
63.2096
63.2096
63.2096
63.2096
63.2096
63.2096
63.2096
63.2096
63.2096
63.2096
63.2096
63.2096
63.2096
63.2096
63.2096
63.2096
63.2096
63.2096
63.2096
63.2096
63.2096
63.2096
63.2096
63.2096
63.2096
63.2096
63.2096
63.2096
63.2096
63.2096
63.2096
63.2096
63.2096
63.2096
63.2096
63.2096
63.2096
63.2096
63.2096
63.2096
63.2096
63.2096
63.2096
63.2096
63.2096
63.2096
63.2096
63.2096
63.2096
63.2096
63.2096
63.2096
63.2096
63.2096
63.2096
63.2096
63.2096
63.2096
63.2096
63.2096
63.2096
63.2096
63.2096
63.2096
63.2096
63.2096
63.2096
63.2096
63.2096
63.2096
63.2096
63.2096
63.2096
63.2096
63.2096
63.2096
63.2096
63.2096
63.2096
63.2096
63.2096
63.2096
63.2096
63.2096
63.2096
63.2096
63.2096
63.2092
63.2092
63.2096
63.2096
63.2096
63.2096
63.2096
63.2096
63.2096
63.2096
63.2096
63.2096
63.2096
63.2096
63.2096
63.2096
63.2096
63.2096
63.2096
63.2096
63.2096
63.2096
63.2096
63.2096
63.2096
63.2096
63.2096
63.2096
63.2096
63.2096
63.2096
63.2096
63.2096
63.2096
63.2096
63.2096
63.2096
63.2096
63.2096
63.2096
63.2096
63.2096
63.2096
63.2096
63.2096
63.2096
63.2096
63.2096
63.2096
63.2096
63.2096
63.2096
63.2096
63.2096
63.2096
63.2096
63.2096
63.2096
63.2096
63.2096
63.2096
63.2096
63.2096
63.2096
63.2096
63.2096
63.2096
63.2096
63.2096
63.2096
63.2096
63.2096
63.2096
63.2096
63.2096
63.2096
63.2096
63.2096
63.2096
63.2096
63.2096
63.2096
63.2096
63.2096
63.2096
63.2096
63.2096
63.2096
63.2096
63.2096
63.2096
63.2096
63.2096
63.2096
63.2096
63.2096
63.2096
63.2096
63.2096
63.2096
63.2096
63.2096
63.2096
63.2096
63.2096
63.2096
63.2096
63.2096
63.2096
63.2096
63.2096
63.2092
63.2096
63.2096
63.2096
63.2096
63.2096
63.2096
63.2096
63.2096
63.2096
63.2096
63.2096
63.2096
63.2096
63.2096
63.2096
63.2096
63.2096
63.2096
63.2096
63.2096
63.2096
63.2096
63.2092
63.2096
63.2096
63.2096
63.2096
63.2096
63.2096
63.2096
63.2096
63.2096
63.2096
63.2096
63.2096
63.2096
63.2096
63.2096
63.2096
63.2096
63.2096
63.2096
63.2096
63.2096
63.2096
63.2096
63.2096
63.2096
63.2096
63.2096
63.2096
63.2096
63.2096
63.2096
63.2096
63.2096
63.2096
63.2096
63.2096
63.2096
63.2096
63.2096
63.2096
63.2096
63.2096
63.2096
63.2092
63.2096
63.2096
63.2096
63.2096
63.2096
63.2096
63.2096
63.2096
63.2096
63.2096
63.2096
63.2096
63.2096
63.2096
63.2096
63.2096
63.2096
63.2096
63.2096
63.2096
63.2096
63.2096
63.2096
63.2096
63.2096
63.2096
63.2096
63.2096
63.2096
63.2096
63.2096
63.2096
63.2096
63.2096
63.2096
63.2096
63.2096
63.2096
63.2096
63.2096
63.2096
63.2096
63.2096
63.2096
63.2096
63.2096
63.2096
63.2096
63.2096
63.2096
63.2096
63.2096
63.2096
63.2096
63.2096
63.2096
63.2096
63.2096
63.2096
63.2096
63.2096
63.2096
63.2096
63.2096
63.2096
63.2096
63.2096
63.2096
63.2096
63.2096
63.2096
63.2096
63.2096
63.2096
63.2096
63.2096
63.2096
63.2096
63.2096
63.2096
63.2096
63.2096
63.2096
63.2096
63.2096
63.2096
63.2096
63.2096
63.2096
63.2096
63.2096
63.2096
63.2096
63.2096
63.2096
63.2096
63.2096
63.2096
63.2096
63.2096
63.2096
63.2096
63.2096
63.2096
63.2096
63.2096
63.2096
63.2096
63.2096
63.2096
63.2096
63.2096
63.2096
63.2096
63.2096
63.2096
63.2092
63.2092
63.2092
63.2096
63.2096
63.2096
63.2096
63.2096
63.2096
63.2096
63.2096
63.2096
63.2096
63.2096
63.2096
63.2096
63.2096
63.2096
63.2096
63.2096
63.2096
63.2096
63.2096
63.2096
63.2096
63.2096
63.2096
63.2096
63.2096
63.2096
63.2096
63.2096
63.2096
63.2096
63.2096
63.2096
63.2096
63.2096
63.2096
63.2096
63.2096
63.2096
63.2096
63.2096
63.2096
63.2096
63.2096
63.2096
63.2096
63.2096
63.2096
63.2096
63.2096
63.2096
63.2096
63.2096
63.2096
63.2096
63.2096
63.2096
63.2096
63.2096
63.2096
63.2096
63.2096
63.2096
63.2096
63.2096
63.2096
63.2096
63.2096
63.2096
63.2096
63.2096
63.2096
63.2096
63.2096
63.2096
63.2096
63.2096
63.2096
63.2096
63.2096
63.2096
63.2096
63.2096
63.2096
63.2096
63.2096
63.2096
63.2092
63.2092
63.2096
63.2096
63.2096
63.2096
63.2096
63.2096
63.2096
63.2096
63.2096
63.2096
63.2096
63.2096
63.2096
63.2096
63.2096
63.2096
63.2096
63.2096
63.2096
63.2096
63.2096
63.2096
63.2096
63.2096
63.2096
63.2096
63.2096
63.2096
63.2096
63.2096
63.2096
63.2096
63.2096
63.2096
63.2096
63.2096
63.2096
63.2096
63.2096
63.2096
63.2096
63.2096
63.2096
63.2096
63.2096
63.2096
63.2096
63.2096
63.2096
63.2096
63.2096
63.2096
63.2096
63.2096
63.2096
63.2096
63.2096
63.2096
63.2096
63.2096
63.2096
63.2096
63.2096
63.2096
63.2096
63.2096
63.2096
63.2096
63.2096
63.2096
63.2096
63.2096
63.2096
63.2096
63.2096
63.2096
63.2096
63.2096
63.2096
63.2096
63.2096
63.2096
63.2096
63.2096
63.2096
63.2096
63.2096
63.2096
63.2096
63.2096
63.2096
63.2096
63.2096
63.2096
63.2096
63.2096
63.2096
63.2096
63.2096
63.2096
63.2096
63.2096
63.2096
63.2096
63.2096
63.2096
63.2096
63.2096
63.2096
63.2096
63.2096
63.2096
63.2096
63.2096
63.2096
63.2096
63.2096
63.2096
63.2096
63.2096
63.2096
63.2096
63.2096
63.2096
63.2096
63.2096
63.2096
63.2096
63.2096
63.2096
63.2096
63.2096
63.2096
63.2096
63.2096
63.2096
63.2096
63.2096
63.2096
63.2096
63.2096
63.2096
63.2096
63.2096
63.2096
63.2096
63.2096
63.2096
63.2096
63.2096
63.2096
63.2096
63.2096
63.2096
63.2096
63.2096
63.2096
63.2096
63.2096
63.2096
63.2096
63.2096
63.2096
63.2096
63.2096
63.2096
63.2096
63.2096
63.2096
63.2096
63.2096
63.2096
63.2096
63.2096
63.2096
63.2096
63.2096
63.2096
63.2096
63.2096
63.2096
63.2096
63.2096
63.2096
63.2096
63.2096
63.2096
63.2096
63.2096
63.2096
63.2096
63.2096
63.2096
63.2096
63.2096
63.2096
63.2096
63.2096
63.2096
63.2096
63.2096
63.2096
63.2096
63.2096
63.2096
63.2096
63.2096
63.2096
63.2096
63.2096
63.2096
63.2096
63.2096
63.2096
63.2096
63.2096
63.2096
63.2096
63.2096
63.2096
63.2092
63.2087
63.2087
63.2096
63.2096
63.2096
63.2096
63.2096
63.2096
63.2096
63.2096
63.2096
63.2096
63.2096
63.2096
63.2096
63.2096
63.2096
63.2096
63.2096
63.2096
63.2096
63.2096
63.2096
63.2096
63.2096
63.2096
63.2096
63.2096
63.2096
63.2096
63.2096
63.2096
63.2096
63.2096
63.2096
63.2096
63.2096
63.2096
63.2096
63.2096
63.2096
63.2096
63.2096
63.2096
63.2096
63.2096
63.2096
63.2096
63.2096
63.2096
63.2096
63.2096
63.2096
63.2096
63.2096
63.2096
63.2096
63.2096
63.2096
63.2096
63.2096
63.2096
63.2096
63.2096
63.2096
63.2096
63.2096
63.2096
63.2092
63.2096
63.2096
63.2096
63.2096
63.2096
63.2096
63.2096
63.2096
63.2096
63.2096
63.2096
63.2096
63.2096
63.2096
63.2096
63.2096
63.2096
63.2096
63.2096
63.2096
63.2096
63.2096
63.2096
63.2096
63.2096
63.2096
63.2096
63.2096
63.2096
63.2096
63.2096
63.2096
63.2096
63.2096
63.2096
63.2096
63.2096
63.2096
63.2096
63.2096
63.2096
63.2096
63.2096
63.2096
63.2096
63.2096
63.2096
63.2096
63.2096
63.2096
63.2096
63.2096
63.2096
63.2096
63.2096
63.2096
63.2096
63.2096
63.2096
63.2096
63.2096
63.2096
63.2096
63.2079
63.2079
63.2031
63.1884
63.151
63.1283
63.1283
63.1283
63.1283
63.1283
63.1283
63.1283
63.1283
63.1283
63.1283
63.1283
63.1283
63.1283
63.1283
63.1283
63.1283
63.1283
63.1283
63.1283
63.1283
63.1283
63.1283
63.1283
63.1283
63.1283
63.1283
63.1283
63.1283
63.1283
63.1283
63.1283
63.1283
63.1283
63.1283
63.1283
63.1283
63.1283
63.1283
63.1283
63.1283
63.1283
63.1283
63.1283
63.1283
63.1283
63.1283
63.1283
63.1283
63.1283
63.1283
63.1283
63.1283
63.1283
63.1283
63.1283
63.1283
63.1283
63.1283
63.1283
63.1283
63.1283
63.1283
63.1283
63.1283
63.1283
63.1279
63.1275
63.1279
63.1283
63.1283
63.1283
63.1283
63.1283
63.1283
63.1283
63.1283
63.1283
63.1283
63.1283
63.1283
63.1283
63.1283
63.1283
63.1283
63.1283
63.1283
63.1283
63.1283
63.1283
63.1283
63.1283
63.1283
63.1283
63.1283
63.1283
63.1283
63.1283
63.1283
63.1283
63.1283
63.1283
63.1283
63.1283
63.1283
63.1283
63.1283
63.1283
63.1283
63.1283
63.1283
63.1283
63.1283
63.1283
63.1283
63.1283
63.1283
63.1283
63.1283
63.1283
63.1283
63.1283
63.1283
63.1283
63.1283
63.1283
63.1283
63.1283
63.1283
63.1283
63.1283
63.1283
63.1283
63.1283
63.1283
63.1283
63.1283
63.1283
63.1283
63.1283
63.1283
63.1283
63.1283
63.1283
63.1283
63.1283
63.1283
63.1283
63.1283
63.1283
63.1283
63.1283
63.1283
63.1283
63.1283
63.1283
63.1283
63.1283
63.1283
63.1283
63.1283
63.1283
63.1283
63.1283
63.1283
63.1283
63.1283
63.1283
63.1283
63.1283
63.1283
63.1283
63.1283
63.1283
63.1283
63.1283
63.1283
63.1283
63.1283
63.1283
63.1283
63.1283
63.1283
63.1283
63.1283
63.1283
63.1283
63.1283
63.1283
63.1283
63.1283
63.1283
63.1283
63.1283
63.1283
63.1283
63.1283
63.1283
63.1283
63.1283
63.1283
63.1283
63.1279
63.1279
63.1275
63.1275
63.1279
63.1275
63.1271
63.1258
63.1242
64.2315
63.108
63.108
63.108
63.108
63.108
63.108
63.108
63.108
63.108
63.108
63.108
63.108
63.108
63.108
63.108
63.108
63.108
63.108
63.108
63.108
63.108
63.108
63.108
63.108
63.108
63.108
63.108
63.1492
63.9865
63.108
63.108
63.108
63.108
63.108
63.108
63.108
63.108
63.108
63.108
63.108
63.108
63.108
63.108
63.108
63.108
63.108
63.108
63.108
63.108
63.108
63.108
63.108
63.108
63.108
63.108
63.108
63.108
63.108
63.108
63.108
63.108
63.108
63.108
63.108
63.108
63.108
63.108
63.108
63.108
63.108
63.108
63.108
63.108
63.108
63.108
63.108
63.108
63.108
63.108
63.108
63.108
63.108
63.108
63.108
63.108
63.108
63.108
63.108
63.108
63.108
63.108
63.108
63.108
63.108
63.108
63.108
63.108
63.108
63.108
63.108
63.108
63.108
63.108
63.108
63.108
63.108
63.108
63.108
63.108
63.108
63.108
63.108
63.108
63.108
63.108
63.108
63.108
63.108
63.108
63.108
63.108
63.108
63.108
63.108
63.108
63.108
63.108
63.108
63.108
63.108
63.108
63.108
63.108
63.108
66.4331
63.108
63.108
63.108
63.108
63.108
63.108
63.108
63.108
63.108
63.108
63.108
63.108
63.108
63.108
63.108
63.108
63.108
63.108
63.108
63.108
63.108
63.108
63.108
63.108
63.108
63.108
63.108
63.108
63.108
63.108
63.108
63.108
63.108
63.108
63.108
63.108
63.108
63.108
63.108
63.108
63.108
63.108
63.108
63.108
63.108
63.108
63.108
63.108
63.108
63.108
63.108
63.108
63.108
63.108
63.108
63.108
63.108
63.108
63.108
63.108
63.108
63.108
63.108
63.108
63.108
63.108
63.108
63.108
63.108
63.108
63.108
63.108
63.108
63.108
63.108
63.108
63.108
63.108
63.108
63.108
63.108
63.108
63.108
63.108
63.108
63.108
63.108
63.108
63.108
63.108
63.108
63.108
63.108
63.108
63.108
63.108
63.108
63.108
66.0612
63.9416
66.806
63.108
63.108
63.108
63.108
63.108
63.108
63.108
63.108
63.108
63.108
63.108
63.108
63.108
63.108
63.108
63.108
63.108
63.108
63.108
63.108
63.108
63.108
63.108
63.1077
63.1077
63.108
63.108
63.108
63.108
63.108
63.108
63.108
63.108
63.108
63.108
63.108
63.108
63.108
63.108
63.108
63.108
63.108
63.108
63.108
63.108
63.108
63.108
63.108
63.108
63.108
63.108
63.108
63.108
63.108
63.108
63.108
63.108
63.108
63.108
63.108
63.108
63.108
63.108
63.108
63.108
63.108
63.108
63.108
63.108
63.108
63.108
63.108
63.108
63.108
63.108
63.108
63.108
63.108
63.108
63.108
63.108
63.108
63.108
63.108
63.108
63.108
63.108
63.108
63.108
63.108
63.108
63.108
63.108
63.108
63.108
63.108
63.108
63.108
63.108
63.108
63.108
63.108
63.108
63.108
63.108
63.108
63.108
63.108
63.108
63.108
63.108
63.108
63.108
63.108
63.108
63.108
63.108
63.108
63.108
63.108
63.108
63.108
63.108
63.108
63.108
63.108
63.108
63.108
63.108
63.108
63.108
63.108
63.108
63.108
63.108
63.108
63.108
63.108
63.108
63.108
63.108
63.108
63.108
63.108
63.108
63.108
63.108
63.108
63.108
63.108
63.108
63.108
63.108
63.108
63.108
63.108
63.108
63.108
63.108
63.108
63.108
63.108
63.108
63.108
63.108
63.108
63.108
63.108
63.108
63.108
63.108
63.108
63.108
63.108
63.108
63.108
63.108
63.108
63.108
63.108
63.108
63.108
63.108
63.108
63.108
63.108
63.108
63.108
63.108
63.108
63.108
63.108
63.108
63.108
63.108
63.108
63.108
63.108
63.108
63.108
63.108
63.108
63.108
63.108
63.108
63.108
63.108
63.108
63.108
63.108
63.108
63.108
63.108
63.108
63.108
63.108
63.108
63.108
63.108
63.108
63.108
63.108
63.108
63.108
63.108
63.108
63.108
63.108
63.108
63.108
63.108
63.108
63.108
63.108
63.108
63.108
63.108
63.108
63.108
63.108
63.108
63.108
63.108
63.108
63.1077
63.1077
63.1066
63.1017
63.0925
63.0904
63.0904
63.0904
63.0904
63.0904
63.0904
63.0904
63.0904
63.0904
63.0904
63.0904
63.0904
63.0904
63.0904
63.0904
63.0904
63.0904
63.0904
63.0904
63.0904
63.0904
63.0904
63.0904
63.0904
63.0904
63.0904
63.0904
63.0904
63.0904
63.0904
63.0904
63.0904
63.0904
63.0904
63.0904
63.0904
63.0904
63.0904
63.0904
63.0904
63.0904
63.0904
63.0904
63.0904
63.0904
63.0904
63.0904
63.0904
63.0904
63.0904
63.0904
63.0904
63.0904
63.0904
63.0904
63.0904
63.0904
63.0904
63.0904
63.0904
63.0904
63.0904
63.0904
63.0904
63.0904
63.0904
63.0904
63.0904
63.0904
63.0904
63.0904
63.0904
63.0904
63.0904
63.0904
63.0904
63.0904
63.0904
63.0904
63.0904
63.0904
63.0904
63.0904
63.0904
63.0904
63.0904
63.0904
63.0904
63.0904
63.0904
63.0904
63.0904
63.0904
63.0904
63.0904
63.0904
63.0904
63.0904
63.0904
63.0904
63.0904
63.0904
63.0904
63.0904
63.0904
63.0904
63.0904
63.0904
63.0904
63.0904
63.0904
63.0904
63.0904
63.0904
63.0904
63.0904
63.0904
63.0904
63.0904
63.0904
63.0904
63.0904
63.0904
63.0904
63.0904
63.0904
63.0904
63.0904
63.0904
63.0904
63.0904
63.0904
63.0904
63.0904
63.0904
63.0904
63.0904
63.0904
63.0904
63.0904
63.0904
63.0904
63.0904
63.0904
63.0904
63.0904
63.0904
63.0904
63.0904
63.0904
63.0904
63.0904
63.0904
63.0904
63.0904
63.0904
63.0904
63.0904
63.0904
63.0904
63.0904
63.0904
63.0904
63.0904
63.0904
63.0904
63.0904
63.0904
63.0904
63.0904
63.0904
63.0904
63.0904
63.0904
63.0904
63.0904
63.0904
63.0904
63.0904
63.0904
63.0904
63.0904
63.0904
63.0904
63.0904
63.0904
63.0904
63.0904
63.0904
63.0904
63.0904
63.0904
63.0904
63.0904
63.0904
63.0904
63.0904
63.0904
63.0904
63.0904
63.0904
63.0904
63.0904
63.0904
63.0904
63.0904
63.0904
63.0904
63.0904
63.0904
63.0904
63.0904
63.0904
63.0904
63.0904
63.0904
63.0904
63.0904
63.0904
63.0904
63.0904
63.0904
63.0904
63.0904
63.0904
63.0904
63.0904
63.0904
63.0904
63.0904
63.0904
63.0904
63.0904
63.0904
63.0904
63.0904
63.0904
63.0904
63.0904
63.0904
63.0904
63.0904
63.0904
63.0904
63.0904
63.0904
63.0904
63.0904
63.0904
63.0904
63.0904
63.0904
63.0904
63.0904
63.0904
63.0904
63.0904
63.0904
63.0904
63.0904
63.0904
63.0904
63.0904
63.0904
63.0904
63.0904
63.0904
63.0904
63.0904
63.0904
63.0904
63.0904
63.0904
63.0904
63.0904
63.0904
63.0904
63.0904
63.0904
63.0904
63.0904
63.0904
63.0904
63.0904
63.0904
63.0904
63.0904
63.0904
63.0904
63.0904
63.0904
63.0904
63.0904
63.0904
63.0904
63.0904
63.0904
63.0904
63.0904
63.0904
63.0904
63.0904
63.0904
63.0904
63.0904
63.0904
63.0904
63.0904
63.0904
63.0904
63.0904
63.0904
63.0904
63.0904
63.0904
63.0904
63.0904
63.0904
63.0904
63.0904
63.0904
63.0904
63.0904
63.0904
63.0904
63.0904
63.0904
63.0904
63.0904
63.0904
63.0904
63.0904
63.0904
63.0904
63.0904
63.0904
63.0904
63.0904
63.0904
63.0904
63.0904
63.0904
63.0904
63.0904
63.0904
63.0904
63.0904
63.0904
63.0904
63.0904
63.0904
63.0904
63.0904
63.0904
63.0904
63.0904
63.0904
63.0904
63.0904
63.0904
63.0904
63.0904
63.0904
63.0904
63.0904
63.0904
63.0904
63.0904
63.0904
63.0904
63.0904
63.0904
63.0904
63.0904
63.0904
63.0904
63.0904
63.0904
63.0904
63.0904
63.0904
63.0904
63.0904
63.0904
63.0904
63.0904
63.0904
63.4155
63.0904
63.0904
63.0904
63.0904
63.0904
63.0904
63.0904
63.0904
63.0904
63.0904
63.0904
63.0904
63.0904
63.0904
63.0904
63.0904
63.0904
63.0904
63.0904
63.0904
63.0904
63.0904
63.0904
63.0904
63.0904
63.0904
63.0904
63.0904
63.0904
63.0904
63.0904
63.0904
63.0904
63.0904
63.0904
63.0904
63.0904
63.0904
63.0904
63.0904
63.0904
63.0904
63.0904
63.0904
63.0904
63.0904
63.0904
63.0904
63.0904
63.0904
63.0904
63.0904
63.0904
63.0904
63.0904
63.0904
63.0904
63.0904
63.0904
63.0904
63.0904
63.0904
63.0904
63.0904
63.0904
63.0904
63.0904
63.0904
63.0904
63.0904
63.0904
63.0904
63.0904
63.0904
63.0904
63.0904
63.0904
63.0904
63.0904
63.0904
63.0904
63.0904
63.0904
63.0904
63.0904
63.0904
63.0904
63.0904
63.0904
63.0904
63.0904
63.0904
63.0904
63.0904
63.0904
63.0904
63.0904
63.0904
63.0904
63.0904
63.0904
63.0904
63.0904
63.0904
63.0904
63.0904
63.0904
63.0904
63.0904
63.0904
63.0904
63.0904
63.0904
63.0904
63.0904
63.0904
63.0904
63.0904
63.0904
63.0904
63.0904
63.0904
63.0904
63.0904
63.0904
63.0904
63.0904
63.0904
63.0904
63.0904
63.0904
63.0904
63.0904
63.0904
63.0904
63.0904
63.0904
63.0904
63.0904
63.0904
63.0904
63.0904
63.0904
63.0904
63.0904
63.0904
63.0904
63.0904
63.0904
63.0904
63.0904
63.0904
63.0904
63.0904
63.0904
63.0904
63.0904
63.0904
63.0904
63.0904
63.0904
63.0904
63.0904
63.0904
63.0904
63.0904
63.0904
63.0904
63.0904
63.0904
63.0904
63.0904
63.0904
63.0904
63.0904
63.0904
63.0904
63.0904
63.0904
63.0904
63.0904
63.0904
63.0904
63.0904
63.0904
63.0904
63.0904
63.0904
63.0904
63.0904
63.0904
63.0904
63.0904
63.0904
63.0904
63.0904
63.0904
63.0904
63.0904
63.0904
63.0904
63.0904
63.0904
63.0904
63.0904
63.0904
63.0904
63.0904
63.0904
63.0904
63.0904
63.0904
63.0904
63.0904
63.0904
63.0904
63.0904
63.0904
63.0904
63.0904
63.0904
63.0904
63.0904
63.0904
63.0904
63.0904
63.0904
63.0904
63.0904
63.0904
63.0904
63.0904
63.0904
63.0904
63.0904
63.0904
63.0904
63.0904
63.0904
63.0904
63.0904
63.0904
63.0904
63.0904
63.0904
63.0904
63.0904
63.0904
63.0904
63.0904
63.0904
63.0904
63.0904
63.0904
63.0904
63.0904
63.0904
63.0904
63.0904
63.0849
63.0794
63.0575
63.0136
62.8655
62.8162
62.8162
62.8162
62.8162
62.8162
62.8162
62.8162
62.8162
62.8162
62.8162
62.8162
62.8162
62.8162
62.8162
62.8162
62.8162
62.8162
62.8162
62.8162
62.8162
62.8162
62.8162
62.8162
62.8162
62.8162
62.8162
62.8162
62.8162
62.8162
62.8162
62.8162
62.8162
62.8162
62.8162
62.8162
62.8162
62.8162
62.8162
62.8162
62.8162
62.8162
62.8162
62.8162
62.8162
62.8162
62.8162
62.8162
62.8162
62.8162
62.7646
62.6873
62.4372
62.0346
62.0346
62.0346
62.0346
62.0346
62.0346
62.0346
62.0346
62.0346
62.0346
62.0346
62.0346
62.0346
62.0346
62.0346
62.0346
62.0346
62.0346
62.0351
62.0346
62.0346
62.0346
62.0346
62.0346
62.0346
62.0346
62.0346
62.0346
62.0346
62.0346
62.0346
62.0346
62.0346
62.0346
62.0346
62.0346
62.0346
62.0346
62.0346
62.0346
62.0346
62.0346
62.0346
62.0346
62.0346
62.0346
62.0346
62.0346
62.0346
62.0346
62.0346
62.0346
62.0346
62.0346
62.0346
62.0346
62.0346
62.0346
62.0346
62.0346
62.0346
62.0346
62.0346
62.0346
62.0346
62.0346
62.0346
62.0346
62.0346
62.0346
62.0346
62.0346
62.0346
62.0346
62.0346
62.0346
62.0346
62.0346
62.0346
62.0346
62.0346
62.0346
62.0346
62.0346
62.0346
62.0346
62.0346
62.0346
62.0346
62.0346
62.0346
62.0346
62.0866
70.2859
62.0346
62.0569
62.0346
62.0346
62.0346
62.0346
62.0346
62.0346
62.0346
62.0346
62.0346
62.0346
62.0346
62.0346
62.0346
62.0346
62.0346
62.0346
62.0346
62.0346
62.0346
62.0346
62.0346
62.0346
62.0346
62.0346
62.0346
62.0346
62.0346
62.0346
62.0346
62.0346
62.0346
62.0346
62.0346
62.0346
62.0346
62.0346
62.0346
62.0346
62.0346
62.0346
62.0346
62.0346
62.0346
62.0346
62.0346
62.0346
62.0346
62.0346
62.0346
62.0346
62.0346
62.0346
62.0346
62.0346
62.0346
62.0346
62.0346
62.0346
62.0346
62.0346
62.0346
62.0346
62.0346
62.0346
62.0346
62.0346
62.0346
62.0346
62.0346
62.0346
62.0346
62.0346
62.0346
62.0346
62.0346
62.0346
62.0346
62.0346
62.0346
62.0346
62.0346
62.0346
62.0346
62.0346
62.0346
62.0346
62.0346
62.0346
62.0346
62.0346
62.0346
62.0346
62.0346
62.0346
62.0346
62.0346
62.0346
62.0346
62.0346
62.0346
62.0346
62.0346
62.0346
62.0346
62.0346
62.0346
62.0346
62.0346
62.0346
62.0346
62.0346
62.0346
62.0346
62.0346
62.0346
62.0346
62.0346
62.0346
62.0346
62.0346
62.0346
62.0346
62.0346
62.0346
62.0346
62.0346
62.0346
62.0346
62.0346
62.0346
62.0346
62.0346
62.0346
62.0346
62.0346
62.0346
62.0346
62.0346
62.0346
62.0346
62.0346
62.0346
62.0346
62.0346
62.0346
62.0346
62.0346
62.0346
62.0346
62.0346
62.0346
62.0346
62.0346
62.0346
62.0346
62.0346
62.0346
62.0346
62.0346
62.0346
62.0346
62.0346
62.0346
62.0346
62.0346
62.0346
62.0346
62.0346
62.0346
62.0346
62.0346
62.0346
62.0346
62.0346
62.0346
62.0346
62.0346
62.0346
62.0346
62.0346
62.0346
62.0346
62.0346
62.0346
62.0346
62.0346
62.0346
62.0346
62.0346
62.0346
62.0346
62.0346
62.0346
62.0346
62.0346
62.0346
62.0346
62.0346
62.0346
62.0346
62.0346
62.0346
62.0346
62.0346
62.0346
62.0346
62.0346
62.0346
62.0346
62.0346
62.0346
62.0346
62.0346
62.0346
62.0346
62.0346
62.0346
62.0346
62.0346
62.0346
62.0346
62.0346
62.0346
62.0346
62.0346
62.0346
62.0346
62.0346
62.0346
62.0346
62.0346
62.0346
62.0346
62.0346
62.0346
62.0346
62.0346
62.0346
62.0346
62.0346
62.0346
62.0346
62.0346
62.0346
62.0346
62.0346
62.0346
62.0346
62.0346
62.0346
62.0346
62.0346
62.0346
62.0346
62.0346
62.0346
62.0346
62.0346
62.0346
62.0346
62.0346
62.0346
62.0346
62.0346
62.0346
62.0346
62.0346
62.0346
62.0346
62.0346
62.0346
62.0346
62.0346
62.0346
62.0346
62.0346
62.0346
62.0346
62.0346
62.0346
62.0346
62.0346
62.0346
62.0346
62.0346
62.0346
62.0346
62.0346
62.0346
62.0346
62.0346
62.034
62.0335
62.0346
62.0346
62.0346
62.0346
62.0346
62.0346
62.0346
62.0346
62.0346
62.0346
62.0346
62.0346
62.0346
62.0346
62.0346
62.0346
62.0346
62.0346
62.0346
62.0346
62.0346
62.0346
62.0346
62.0346
62.0346
62.0346
62.0346
62.0346
62.0346
62.0346
62.0346
62.0346
62.0346
62.0346
62.0346
62.0346
62.0346
62.0346
62.0346
62.0346
62.0346
62.0346
62.0346
62.0346
62.0346
62.0346
62.0346
62.0346
62.0346
62.0346
62.0346
62.0346
62.0346
62.0346
62.0346
62.0346
62.0346
62.0346
62.0335
62.0335
62.0346
62.0346
62.0346
62.0346
62.0346
62.0346
62.0346
62.0346
62.0346
62.0346
62.0346
62.0346
62.0346
62.0346
62.0346
62.0346
62.0346
62.0346
62.0346
62.0346
62.0346
62.0346
62.0346
62.0346
62.0346
62.0346
62.0346
62.0346
62.2366
62.0346
62.0346
62.0346
62.0346
62.0346
62.0346
62.0346
62.0346
62.0346
62.0346
62.0346
62.0346
62.0346
62.0346
62.0346
62.0346
62.0346
62.0346
62.0346
62.0346
62.0346
62.0346
62.0346
62.0346
62.0346
62.0346
62.0346
62.0346
62.0346
62.034
62.0346
62.0346
62.0346
62.0346
62.0346
62.0346
62.0346
62.0346
62.0346
62.0346
62.0346
62.0346
62.0346
62.0346
62.0346
62.0346
62.0346
62.0346
62.0346
62.0346
62.0346
62.0346
62.0346
62.0346
62.0346
62.0346
62.0346
62.0346
62.0346
62.0324
62.034
62.0346
62.0346
62.0346
62.0346
62.0346
62.0346
62.0346
62.0346
62.0346
62.0346
62.0346
62.0346
62.0346
62.0346
62.0346
62.0346
62.0346
62.0346
62.0346
62.0346
62.0346
62.0346
62.0346
62.0346
62.0346
62.0346
62.0346
62.0346
62.0329
62.0318
62.0252
62.017
62.0071
62.0071
62.0071
62.0071
62.0071
62.0071
62.0071
62.0071
62.0071
62.0071
62.0071
62.0071
62.0071
62.0071
62.0071
62.0071
62.0071
62.0071
62.0071
62.0071
62.0071
62.0071
62.0071
62.0071
62.0071
62.0071
62.0071
62.0071
62.0071
62.0071
62.0071
62.0071
62.0071
62.0071
62.0071
62.0071
62.0071
62.0071
62.0071
62.0071
62.0071
62.0071
62.0071
62.0071
62.0071
62.0071
62.0071
62.0071
62.0071
62.0071
62.0071
62.0071
62.0071
62.0071
62.0071
62.0071
62.0071
62.0071
62.0071
62.0071
62.0071
62.0071
62.0071
62.0071
62.0071
62.0071
62.0071
62.0071
62.0071
62.0071
62.0071
62.0071
62.0071
62.0071
62.0071
62.0071
62.0071
62.0071
62.0071
62.0071
62.0071
62.0071
62.0071
62.0071
62.0071
62.0071
62.0071
62.0071
62.0071
62.0071
62.0071
62.0071
62.0071
62.0071
62.0071
62.0071
62.0071
62.0071
62.0071
62.0071
62.0071
62.0071
62.0071
62.0071
62.0071
62.0071
62.0071
62.0071
62.0071
62.0071
62.0071
62.0071
62.0071
62.0071
62.0071
62.0071
62.0071
62.0071
62.0071
62.0071
62.0071
62.0071
62.0071
62.0071
62.0071
62.0071
62.0071
62.0071
62.0071
62.0071
62.0071
62.0071
62.0071
62.0071
62.0071
62.0071
62.0071
62.0071
62.0071
62.0071
62.0071
62.0071
62.0071
62.0071
62.0071
62.0071
62.0071
62.0071
62.0071
62.0071
62.0071
62.0071
62.0071
62.0071
62.0071
62.0071
62.0071
62.0071
62.0071
62.0071
62.0071
62.0071
62.0071
62.0071
62.0071
62.0071
62.0071
62.0071
62.0071
62.0071
62.0071
62.0071
62.0071
62.0071
62.0071
62.0071
62.0071
62.0071
62.0071
62.0071
62.0071
62.0071
62.0071
62.0071
62.0071
62.0071
62.0071
62.0071
62.0071
62.0071
62.0071
62.0071
62.0071
62.0071
62.0071
62.0071
62.0071
62.0071
62.0071
62.0071
62.0071
62.0071
62.0071
62.0071
62.0071
62.0071
62.0071
62.0071
62.0071
62.0071
62.0071
62.0071
62.0071
62.0071
62.0071
62.0071
62.0071
62.0071
62.0071
62.0071
62.0071
62.0071
62.0071
62.0071
62.0071
62.0071
62.0071
62.0071
62.0071
62.0071
62.0071
62.0071
62.0071
62.0071
62.0071
62.0071
62.0071
62.0071
62.0071
62.0071
62.0071
62.0071
62.0071
62.0071
62.0071
62.0071
62.0071
62.0071
62.0071
62.0071
62.0071
62.0071
62.0071
62.0071
62.0071
62.0071
62.0071
62.0071
62.0071
62.0071
62.0071
62.0071
62.0071
62.0071
62.0071
62.0071
62.0071
62.0071
62.0071
62.0071
62.0071
62.0071
62.0071
62.0071
62.0071
62.0071
62.0071
62.0071
62.0071
62.0071
62.0071
62.0071
62.0071
62.0071
62.0071
62.0071
62.0071
62.0071
62.0071
62.0071
62.0071
62.0071
62.0071
62.0071
62.0071
62.0071
62.0071
62.0071
62.0071
62.0071
62.0071
62.0071
62.0071
62.0071
62.0071
62.0071
62.0071
62.0071
62.0071
62.0071
62.0071
62.0071
62.0071
62.0071
62.0071
62.0071
62.0071
62.0071
62.0071
62.0071
62.0071
62.0071
62.0071
62.0071
62.0071
62.0071
62.0071
62.0071
62.0071
62.0071
62.0071
62.0071
62.0071
62.0071
62.0071
62.0071
62.0071
62.0071
62.0071
62.0071
62.0071
62.0071
62.0071
62.0071
62.0071
62.0071
62.0071
62.0071
62.0071
62.0071
62.0071
62.0071
62.0071
62.0071
62.0071
62.0071
62.0071
62.0071
62.0071
62.0071
62.0071
62.0071
62.0071
62.0071
62.0071
62.0071
62.0071
62.0071
62.0071
62.0071
62.0071
62.0071
62.0071
62.0071
62.0071
62.0071
62.0071
62.0071
62.0071
62.0071
62.0071
62.0071
62.0071
62.0071
62.0071
62.0071
62.0071
62.0071
62.0071
62.0071
62.0071
62.0071
62.0071
62.0071
62.0071
62.0071
62.0071
62.0071
62.0071
62.0071
62.0071
62.0071
62.0071
62.0071
62.0071
62.0071
62.0071
62.0071
62.0071
62.0071
62.0071
62.0071
62.0071
62.0071
62.0071
62.0071
62.0071
62.0071
62.0071
62.0071
62.0071
62.0071
62.0071
62.0071
62.0071
62.0071
62.0071
62.0071
62.0071
62.0071
62.0071
62.0071
62.0071
62.0071
62.0071
62.0071
62.0071
62.0071
62.0071
62.0071
62.0071
62.0071
62.0071
62.0071
62.0071
62.0071
62.0071
62.0071
62.0071
62.0071
62.0071
62.0071
62.0071
62.0071
62.0071
62.0071
62.0071
62.0071
62.0071
62.0071
62.0071
62.0071
62.0071
62.0071
62.0071
62.0071
62.0071
62.0071
62.0071
62.0071
62.0071
62.0071
62.0071
62.0071
62.0071
62.0071
62.0071
62.0071
62.0071
62.0071
62.0071
62.0071
62.0071
62.0071
62.0071
62.0071
62.0071
62.0071
62.0071
62.0071
62.0071
62.0071
62.0071
62.0071
62.0071
62.0071
62.0071
62.0071
62.0071
62.0071
62.0071
62.0071
62.0071
62.0071
62.0071
62.0071
62.0071
62.0071
62.0071
62.0071
62.0071
62.0071
62.0071
62.0071
62.0071
62.0071
62.0071
62.0071
62.0071
62.0071
62.0071
62.0071
62.0071
62.0071
62.0071
62.0071
62.0071
62.0071
62.0071
62.0071
62.0071
62.0071
62.0071
62.0071
62.0071
62.0071
62.0071
62.0071
62.0071
62.0071
62.0071
62.0071
62.0071
62.0071
62.0071
62.0071
62.0071
62.0071
62.0071
62.0071
62.0071
62.0071
62.0071
62.0071
62.0071
62.0071
62.0071
62.0071
62.0071
62.0071
62.0071
62.0071
62.0071
62.0071
62.0071
62.0071
62.0071
62.0071
62.0071
62.0071
62.0071
62.0071
62.0071
62.0071
62.0071
62.0071
62.0071
62.0071
62.0071
62.0071
62.0071
62.0071
62.0071
62.0071
62.0071
62.0071
62.0071
62.0071
62.0071
62.0071
62.0071
62.0071
62.0071
62.0071
62.0071
62.0071
62.0071
62.0071
62.0071
62.0071
62.0071
62.0071
62.0071
62.0071
62.0071
62.0071
62.0071
62.0071
62.0071
62.0071
62.0071
62.0071
62.0071
62.0071
62.0071
62.0071
62.0071
62.0071
62.0071
62.0071
62.0071
62.0071
62.0071
62.0071
62.0071
62.0071
62.0071
62.0071
62.0071
62.0071
62.0071
62.0071
62.0071
62.0071
62.0071
62.0071
62.0071
62.0071
62.0071
62.0071
62.0071
62.0071
62.0071
62.0071
62.0071
62.0071
62.0071
62.0071
62.0071
62.0071
62.0071
62.0071
62.0071
62.0071
62.0071
62.0071
62.0071
62.0071
62.0071
62.0071
62.0071
62.0071
62.0071
62.0071
62.0071
62.0071
62.0071
62.0071
62.0071
62.0071
62.0071
62.0071
62.0071
62.0071
62.0071
62.0071
62.0071
62.0071
62.0071
62.0071
62.0071
62.0071
62.0071
62.0071
62.0071
62.0071
62.0071
62.0071
62.0071
62.0071
62.0071
62.0071
62.0071
62.0071
62.0071
62.0071
62.0071
62.0071
62.0071
62.0071
62.0071
62.0071
62.0071
62.0071
62.0071
62.0071
62.0071
62.0071
62.0071
62.0071
62.0071
62.0071
62.0071
62.0071
62.0071
62.0071
62.0071
62.0071
62.0071
62.0071
62.0071
62.0071
62.0071
62.0071
62.0071
62.0071
62.0071
62.0071
62.0071
62.0071
62.0071
62.0071
62.0071
62.0071
62.0071
62.0071
62.0071
62.0071
62.0071
62.0071
62.0071
62.0071
62.0071
62.0071
62.0071
62.0071
62.0071
62.0071
62.0071
62.0071
62.0071
62.0071
62.0071
62.0071
62.0071
62.0071
62.0071
62.0071
62.0071
62.0071
62.0071
62.0071
62.0071
62.0071
62.0071
62.0071
62.0071
62.0071
62.0071
62.0071
62.0071
62.0071
62.0071
62.0071
62.0071
62.0071
62.0071
62.0071
62.0071
62.0071
62.0071
62.0071
62.0071
62.0071
62.0071
62.0071
62.0071
62.0071
62.0071
62.0071
62.0071
62.0071
62.0071
62.0071
62.0071
62.0071
62.0071
62.0071
62.0071
62.0071
62.0071
62.0071
62.0071
62.0071
62.0071
62.0071
62.0071
62.0071
62.0071
62.0071
62.0071
62.0071
62.0071
62.0071
62.0071
62.0071
62.0071
62.0071
62.0071
62.0071
62.0071
62.0071
62.0071
62.0071
62.0071
62.0071
62.0071
62.0071
62.0071
62.0071
62.0071
62.0071
62.0071
62.0071
62.0071
62.0071
62.0071
62.0071
62.0071
62.0071
62.0071
62.0071
62.0071
62.0071
62.0071
62.0071
62.0071
62.0071
62.0071
62.0071
62.0071
62.0071
62.0071
62.0071
62.0071
62.0071
62.0071
62.0071
62.0071
62.0071
62.0071
62.0071
62.0071
62.0071
62.0071
62.0071
62.0071
62.0071
62.0071
62.0071
62.0071
62.0071
62.0071
62.0071
62.0071
62.0071
62.0071
62.0071
62.0071
62.0071
62.0071
62.0071
62.0071
62.0071
62.0071
62.0071
62.0071
62.0071
62.0071
62.0071
62.0071
62.0071
62.0071
62.0071
62.0071
62.0071
62.0071
62.0071
62.0071
62.0071
62.0071
62.0071
62.0071
62.0071
62.0071
62.0071
62.0071
62.0071
62.0071
62.0071
62.0071
62.0071
62.0071
62.0071
62.0071
62.0071
62.0071
62.0071
62.0071
62.0071
62.0071
62.0071
62.0071
62.0071
62.0071
62.0071
62.0071
62.0071
62.0071
62.0071
62.0071
62.0071
62.0071
62.0071
62.0071
62.0071
62.0071
62.0071
62.0071
62.0071
62.0071
62.0071
62.0071
62.0071
62.0071
62.0071
62.0071
62.0071
62.0071
62.0071
62.0071
62.0071
62.0071
62.0071
62.0071
62.0071
62.0071
62.0071
62.0071
62.0071
62.0071
62.0071
62.0071
62.0071
62.0071
62.0071
62.0071
62.0071
62.0071
62.0071
62.0071
62.0071
62.0071
62.0071
62.0071
62.0071
62.0071
62.0071
62.0071
62.0071
62.0071
62.0071
62.0071
62.0071
62.0071
62.0071
62.0071
62.0071
62.0071
62.0071
62.0071
62.0071
62.0071
62.0071
62.0071
62.0071
62.0071
62.0071
62.0071
62.0071
62.0071
62.0071
62.0071
62.0071
62.0071
62.0071
62.0071
62.0071
62.0071
62.0071
62.0071
62.0071
62.0071
62.0071
62.0071
62.0071
62.0071
62.0071
62.0071
62.0071
62.0071
62.0071
62.0071
62.0071
62.0071
62.0071
62.0071
62.0071
62.0071
62.0071
62.0071
62.0071
62.0071
62.0071
62.0071
62.0071
62.0071
62.0071
62.0071
62.0071
62.0071
62.0071
62.0071
62.0071
62.0071
62.0071
62.0071
62.0071
62.0071
62.0071
62.0071
62.0071
62.0071
62.0071
62.0071
62.0071
62.0071
62.0071
62.0071
62.0071
62.0071
62.0071
62.0071
62.0071
62.0071
62.0071
62.0071
62.0071
62.0071
62.0071
62.0071
62.0071
62.0071
62.0071
62.0071
62.0071
62.0071
62.0071
62.0071
62.0071
62.0071
62.0071
62.0071
62.0071
62.0071
62.0071
62.0071
62.0071
62.0071
62.0071
62.0071
62.0071
62.0071
62.0071
62.0071
62.0071
62.0071
62.0071
62.0071
62.0071
62.0071
62.0071
62.0071
62.0071
62.0071
62.0071
62.0071
62.0071
62.0071
62.0071
62.0071
62.0071
62.0071
62.0071
62.0071
62.0071
62.0071
62.0071
62.0071
62.0071
62.0071
62.0071
62.0071
62.0071
62.0071
62.0071
62.0071
62.0071
62.0071
62.0071
62.0071
62.0071
62.0071
62.0071
62.0071
62.0071
62.0071
62.0071
62.0071
62.0071
62.0071
62.0071
62.0071
62.0071
62.0071
62.0071
62.0071
62.0071
62.0071
62.0071
62.0071
62.0071
62.0071
62.0071
62.0071
62.0071
62.0071
62.0071
62.0071
62.0071
62.0071
62.0071
62.0071
62.0071
62.0071
62.0071
62.0071
62.0071
62.0071
62.0071
62.0071
62.0071
62.0071
62.0071
62.0071
62.0071
62.0071
62.0071
62.0071
62.0071
62.0071
62.0071
62.0071
62.0071
62.0071
62.0071
62.0071
62.0071
62.0071
62.0071
62.0071
62.0071
62.0071
62.0071
62.0071
62.0071
62.0071
62.0071
62.0071
62.0071
62.0071
62.0071
62.0071
62.0071
62.0071
62.0071
62.0071
62.0071
62.0071
62.0071
62.0071
62.0071
62.0071
62.0071
62.0071
62.0071
62.0071
62.0071
62.0071
62.0071
62.0071
62.0071
62.0071
62.0071
62.0071
62.0071
62.0071
62.0071
62.0071
62.0071
62.0071
62.0071
62.0071
62.0071
62.0071
62.0071
62.0071
62.0071
62.0071
62.0071
62.0071
62.0071
62.0071
62.0071
62.0071
62.0071
62.0071
62.0071
62.0071
62.0071
62.0071
62.0071
62.0071
62.0071
62.0071
62.0071
62.0071
62.0071
62.0071
62.0071
62.0071
62.0071
62.0071
62.0071
62.0071
62.0071
62.0071
62.0071
62.0071
62.0071
62.0071
62.0071
62.0071
62.0071
62.0071
62.0071
62.0071
62.0071
62.0071
62.0071
62.0071
62.0071
62.0071
62.0071
62.0071
62.0071
62.0071
62.0071
62.0071
62.0071
62.0071
62.0071
62.0071
62.0071
62.0071
62.0071
62.0071
62.0071
62.0071
62.0071
62.0071
62.0071
62.0071
62.0071
62.0071
62.0071
62.0071
62.0071
62.0071
62.0071
62.0071
62.0071
62.0071
62.0071
62.0071
62.0071
61.9997
61.9923
64.1253
62.1601
61.996
61.9997
62.0071
62.0071
62.0071
62.0071
62.0071
62.0071
62.0071
62.0071
62.0071
62.0071
62.0071
62.0071
62.0071
62.0071
62.0071
62.0071
62.0071
62.0071
62.0071
62.0071
62.0071
62.0071
62.0071
62.0071
61.9997
62.0034
62.0071
62.0071
62.0071
62.0071
62.0071
62.0071
62.0071
62.0071
62.0071
62.0071
62.0071
62.0071
62.0071
62.0071
62.0071
62.0071
62.0071
62.0071
62.0071
62.0071
62.0071
62.0071
62.0071
62.0071
62.0071
62.0071
62.0071
62.0071
62.0034
61.9997
62.0071
62.0071
62.0071
62.0071
62.0071
62.0071
62.0071
62.0071
62.0071
62.0071
62.0071
62.0071
62.0071
62.0071
62.0071
62.0071
62.0071
62.0071
62.0071
62.0071
62.0071
62.0071
62.0071
62.0071
62.0071
62.0071
62.0071
62.0071
62.0688
62.0071
62.0071
62.0071
62.0071
62.0071
62.0071
62.0071
62.0071
62.0071
62.0071
62.0071
62.0071
62.0071
62.0071
62.0071
62.0071
62.0071
62.0071
62.0071
62.0071
62.0071
62.0071
62.0071
62.0071
62.0071
62.0071
62.0071
62.0071
62.0071
62.0071
62.0071
62.0071
62.0071
62.0071
62.0071
62.0071
62.0071
62.0071
62.0071
62.0071
62.0071
62.0071
62.0071
62.0071
62.0071
62.0071
62.0071
62.0071
62.0071
62.0071
62.0071
62.0071
62.0071
62.0071
62.0071
62.0071
62.0071
62.0071
62.0071
62.0071
62.0071
62.0071
62.0071
62.0071
62.0071
62.0071
62.0071
62.0071
62.0071
62.0071
62.0071
62.0071
62.0071
62.0071
62.0071
62.0071
62.0071
62.0071
62.0071
62.0071
62.0071
62.0071
62.0071
62.0071
62.0071
62.0071
62.0071
62.0071
62.0071
61.9923
62.2727
62.0071
62.0071
62.0071
62.0071
62.0071
62.0071
62.0071
62.0071
62.0071
62.0071
62.0071
62.0071
62.0071
62.0071
62.0071
62.0071
62.0071
62.0071
62.0071
62.0071
62.0071
62.0071
62.0071
62.0071
62.0071
62.0071
62.0071
62.0071
62.0034
62.0071
62.0071
62.0071
62.0071
62.0071
62.0071
62.0071
62.0071
62.0071
62.0071
62.0071
62.0071
62.0071
62.0071
62.0071
62.0071
62.0071
62.0071
62.0071
62.0071
62.0071
62.0071
62.0071
62.0071
62.0071
62.0071
62.0071
62.0071
62.0071
62.0034
62.0071
62.0071
62.0071
62.0071
62.0071
62.0071
62.0071
62.0071
62.0071
62.0071
62.0071
62.0071
62.0071
62.0071
62.0071
62.0071
62.0071
62.0071
62.0071
62.0071
62.0071
62.0071
62.0071
62.0071
62.0071
62.0071
62.0071
62.0071
62.0071
62.0071
62.0071
62.0071
62.0071
62.0071
62.0071
62.0071
62.0071
62.0071
62.0071
62.0071
62.0071
62.0071
62.0071
62.0071
62.0071
62.0071
62.0071
62.0071
62.0071
62.0071
62.0071
62.0071
62.0071
62.0071
62.0071
62.0071
62.0071
62.0071
62.0071
61.9997
62.0034
61.9997
61.9997
62.0071
62.0071
62.0071
62.0071
62.0071
62.0071
62.0071
62.0071
62.0071
62.0071
62.0071
62.0071
62.0071
62.0071
62.0071
62.0071
62.0071
62.0071
62.0071
62.0071
62.0071
62.0071
62.0071
62.0071
62.0071
62.0071
62.0034
62.0034
62.0071
62.0071
62.0071
62.0071
62.0071
62.0071
62.0071
62.0071
62.0071
62.0071
62.0071
62.0071
62.0071
62.0071
62.0071
62.0071
62.0071
62.0071
62.0071
62.0071
62.0071
62.0071
62.0071
62.0071
62.0071
62.0071
62.0071
62.0071
62.0898
62.0071
62.0071
62.0071
62.0071
62.0071
62.0071
62.0071
62.0071
62.0071
62.0071
62.0071
62.0071
62.0071
62.0071
62.0071
62.0071
62.0071
62.0071
62.0071
62.0071
62.0071
62.0071
62.0071
62.0071
62.0071
62.0071
62.0071
62.0071
62.0071
62.0034
62.0071
62.0071
62.0071
62.0071
62.0071
62.0071
62.0071
62.0071
62.0071
62.0071
62.0071
62.0071
62.0071
62.0071
62.0071
62.0071
62.0071
62.0071
62.0071
62.0071
62.0071
62.0071
62.0071
62.0071
62.0071
62.0071
62.0071
62.0071
62.0071
62.0071
62.0071
62.0071
62.0071
62.0071
62.0071
62.0071
62.0071
62.0071
62.0071
62.0071
62.0071
62.0071
62.0071
62.0071
62.0071
62.0071
62.0071
62.0071
62.0071
62.0071
62.0071
62.0071
62.0071
62.0071
62.0071
62.0071
62.0071
62.0071
62.0071
62.0071
62.0071
62.0071
62.0071
62.0071
62.0071
62.0071
62.0071
62.0071
62.0071
62.0071
62.0071
62.0071
62.0071
62.0071
62.0071
62.0071
62.0071
62.0071
62.0071
62.0071
62.0071
62.0071
62.0071
62.0071
62.0071
62.0071
62.0071
62.0071
62.0071
61.9997
62.0071
62.0071
62.0071
62.0071
62.0071
62.0071
62.0071
62.0071
62.0071
62.0071
62.0071
62.0071
62.0071
62.0071
62.0071
62.0071
62.0071
62.0071
62.0071
62.0071
62.0071
62.0071
62.0071
62.0071
62.0071
62.0071
62.0071
62.0071
62.0071
61.9923
61.9923
62.2301
62.0071
62.0071
62.0071
62.0071
62.0071
62.0071
62.0071
62.0071
62.0071
62.0071
62.0071
62.0071
62.0071
62.0071
62.0071
62.0071
62.0071
62.0071
62.0071
62.0071
62.0071
62.0071
62.0071
62.0071
62.0071
62.0071
62.0071
62.0071
62.0071
62.0071
62.0071
62.0071
62.0071
62.0071
62.0071
62.0071
62.0071
62.0071
62.0071
62.0071
62.0071
62.0071
62.0071
62.0071
62.0071
62.0071
62.0071
62.0071
62.0071
62.0071
62.0071
62.0071
62.0071
62.0071
62.0071
62.0071
62.0071
62.004
62.0071
62.0071
62.0071
62.0071
62.0071
62.0071
62.0071
62.0071
62.0071
62.0071
62.0071
62.0071
62.0071
62.0071
62.0071
62.0071
62.0071
62.0071
62.0071
62.0071
62.0071
62.0071
62.0071
62.0071
62.0071
62.0071
62.0071
62.0071
62.0071
61.9997
61.9997
61.9928
61.9923
62.3714
62.004
62.004
62.004
62.0071
62.0071
62.0071
62.0071
62.0071
62.0071
62.0071
62.0071
62.0071
62.0071
62.0071
62.0071
62.0071
62.0071
62.0071
62.0071
62.0071
62.0071
62.0071
62.0071
62.0071
62.0071
62.0071
62.0071
62.0071
62.0071
62.0071
62.0071
62.0071
62.0071
62.0071
62.0071
62.0071
62.0071
62.0071
62.0071
62.0071
62.0071
62.0071
62.0071
62.0071
62.0071
62.0071
62.0071
62.0071
62.0071
62.0071
62.0071
62.0071
62.0071
62.0071
62.0071
62.0034
61.9997
62.0071
62.0071
62.0071
62.0071
62.0071
62.0071
62.0071
62.0071
62.0071
62.0071
62.0071
62.0071
62.0071
62.0071
62.0071
62.0071
62.0071
62.0071
62.0071
62.0071
62.0071
62.0071
62.0071
62.0071
62.0071
62.0071
62.0071
62.0071
62.0034
62.0034
62.0071
62.0071
62.0071
62.0071
62.0071
62.0071
62.0071
62.0071
62.0071
62.0071
62.0071
62.0071
62.0071
62.0071
62.0071
62.0071
62.0071
62.0071
62.0071
62.0071
62.0071
62.0071
62.0071
62.0071
62.0071
62.0071
62.0071
62.0071
62.0071
62.0071
62.0071
62.0071
62.0071
62.0071
62.0071
62.0071
62.0071
62.0071
62.0071
62.0071
62.0071
62.0071
62.0071
62.0071
62.0071
62.0071
62.0071
62.0071
62.0071
62.0071
62.0071
62.0071
62.0071
62.0071
62.0071
62.0071
62.0071
62.0071
62.0034
61.996
61.9997
62.0071
62.0071
62.0071
62.0071
62.0071
62.0071
62.0071
62.0071
62.0071
62.0071
62.0071
62.0071
62.0071
62.0071
62.0071
62.0071
62.0071
62.0071
62.0071
62.0071
62.0071
62.0071
62.0071
62.0071
62.0071
62.0071
62.0071
62.0071
62.0071
62.0071
62.0071
62.0071
62.0071
62.0071
62.0071
62.0071
62.0071
62.0071
62.0071
62.0071
62.0071
62.0071
62.0071
62.0071
62.0071
62.0071
62.0071
62.0071
62.0071
62.0071
62.0071
62.0071
62.0071
62.0071
62.0071
62.0071
62.0071
62.0034
62.0071
62.0071
62.0071
62.0071
62.0071
62.0071
62.0071
62.0071
62.0071
62.0071
62.0071
62.0071
62.0071
62.0071
62.0071
62.0071
62.0071
62.0071
62.0071
62.0071
62.0071
62.0071
62.0071
62.0071
62.0071
62.1207
62.0071
62.0071
62.0071
61.996
62.0034
62.0071
62.0071
62.0071
62.0071
62.0071
62.0071
62.0071
62.0071
62.0071
62.0071
62.0071
62.0071
62.0071
62.0071
62.0071
62.0071
62.0071
62.0071
62.0071
62.0071
62.0071
62.0071
62.0071
62.0071
62.0071
62.0071
62.0071
62.0071
62.0071
62.0071
62.0071
62.0071
62.0071
62.0071
62.0071
62.0071
62.0071
62.0071
62.0071
62.0071
62.0071
62.0071
62.0071
62.0071
62.0071
62.0071
62.0071
62.0071
62.0071
62.0071
62.0071
62.0071
62.0071
62.0071
62.0071
62.0071
62.0071
62.0071
62.0071
62.0071
62.0071
62.0071
62.0071
62.0071
62.0071
62.0071
62.0071
62.0071
62.0071
62.0071
62.0071
62.0071
62.0071
62.0071
62.0071
62.0071
62.0071
62.0071
62.0071
62.0071
62.0071
62.0071
62.0071
62.0071
62.0071
62.0071
62.0071
62.0071
62.0071
62.0071
62.0071
62.0071
62.0071
62.0071
62.0071
62.0071
62.0071
62.0071
62.0071
62.0071
62.0071
62.0071
62.0071
62.0071
62.0071
62.0071
62.0503
62.0071
62.0071
62.0071
62.0071
62.0071
62.0071
62.0071
62.0071
62.0071
62.0071
62.0071
62.0071
62.0071
62.0071
62.0071
62.0071
62.0071
62.0071
62.0071
62.0071
62.0071
62.0071
62.0071
62.0071
62.0071
62.0071
62.0071
62.0071
62.0071
62.0071
62.0071
62.0071
62.0071
62.0071
62.0071
62.0071
62.0071
62.0071
62.0071
62.0071
62.0071
62.0071
62.0071
62.0071
62.0071
62.0071
62.0071
62.0071
62.0071
62.0071
62.0071
62.0071
62.0071
62.0071
62.0071
62.0071
62.0071
62.0071
62.0071
62.0071
62.0071
62.0071
62.0071
62.0071
62.0071
62.0071
62.0071
62.0071
62.0071
62.0071
62.0071
62.0071
62.0071
62.0071
62.0071
62.0071
62.0071
62.0071
62.0071
62.0071
62.0071
62.0071
62.0071
62.0071
62.0071
62.0071
62.0071
62.0071
62.0071
62.0071
62.0071
62.0071
62.0071
62.0071
62.0071
62.0071
62.0071
62.0071
62.0071
62.0071
62.0071
61.996
62.0056
62.0071
62.0071
62.0071
62.0071
62.0071
62.0071
62.0071
62.0071
62.0071
62.0071
62.0071
62.0071
62.0071
62.0071
62.0071
62.0071
62.0071
62.0071
62.0071
62.0071
62.0071
62.0071
62.0071
62.0071
62.0071
62.0071
62.0071
62.0071
62.0071
62.0071
62.0071
62.0071
62.0071
62.0071
62.0071
62.0071
62.0071
62.0071
62.0071
62.0071
62.0071
62.0071
62.0071
62.0071
62.0071
62.0071
62.0071
62.0071
62.0071
62.0071
62.0071
62.0071
62.0071
62.0071
62.0071
62.0071
62.0071
62.0071
62.0071
62.0071
62.0071
62.0071
62.0071
62.0071
62.0071
62.0071
62.0071
62.0071
62.0071
62.0071
62.0071
62.0071
62.0071
62.0071
62.0071
62.0071
62.0071
62.0071
62.0071
62.0071
62.0071
62.0071
62.0071
62.0071
62.0071
62.0071
62.0071
62.0071
62.0071
62.0071
62.0071
62.0071
62.0071
62.0071
62.0071
62.0071
62.0071
62.0071
62.0071
62.0071
62.0071
62.0071
62.0071
62.0071
62.0071
62.0071
62.0071
62.0071
62.0071
62.0071
62.0071
62.0071
62.0071
62.0071
62.0071
62.0071
62.0071
62.0071
62.0071
62.0071
62.0071
62.0071
62.0071
62.0071
62.0071
62.0071
62.0071
62.0071
62.0071
62.0071
62.0071
62.0071
62.0071
62.0071
62.0071
62.0071
62.0071
62.0071
62.0071
62.0071
62.0071
62.0071
62.0071
62.0071
62.0071
62.0071
62.0071
62.0071
61.9997
61.9997
61.9997
62.0034
62.0071
62.0071
62.0071
62.0071
62.0071
62.0071
62.0071
62.0071
62.0071
62.0071
62.0071
62.0071
62.0071
62.0071
62.0071
62.0071
62.0071
62.0071
62.0071
62.0071
62.0071
62.0071
62.0071
62.0071
62.0071
62.0071
62.0071
62.0071
62.0071
62.0071
62.0071
62.0071
62.0071
62.0071
62.0071
62.0071
62.0071
62.0071
62.0071
62.0071
62.0071
62.0071
62.0071
62.0071
62.0071
62.0071
62.0071
62.0071
62.0071
62.0071
62.0071
62.0071
62.0071
62.0071
62.0071
62.0071
62.0071
62.0071
62.0071
62.0071
62.0071
62.0071
62.0071
62.0071
62.0071
62.0071
62.0071
62.0071
62.0071
62.0071
62.0071
62.0071
62.0071
62.0071
62.0071
62.0071
62.0071
62.0071
62.0071
62.0071
62.0071
62.0071
62.0071
62.0071
62.0071
62.0071
61.9997
62.0828
61.996
62.0034
62.0071
62.0071
62.0071
62.0071
62.0071
62.0071
62.0071
62.0071
62.0071
62.0071
62.0071
62.0071
62.0071
62.0071
62.0071
62.0071
62.0071
62.0071
62.0071
62.0071
62.0071
62.0071
62.0071
62.0071
62.0071
62.0071
61.996
61.9997
61.9849
61.9886
63.6665
61.996
62.0034
62.0071
62.0071
62.0071
62.0071
62.0071
62.0071
62.0071
62.0071
62.0071
62.0071
62.0071
62.0071
62.0071
62.0071
62.0071
62.0071
62.0071
62.0071
62.0071
62.0071
62.0071
62.0071
62.0071
62.0071
62.0071
62.0071
62.0071
62.0071
62.0071
62.0071
62.0071
62.0071
62.0071
62.0071
62.0071
62.0071
62.0071
62.0071
62.0071
62.0071
62.0071
62.0071
62.0071
62.0071
62.0071
62.0071
62.0071
62.0071
62.0071
62.0071
62.0071
62.0071
62.0071
62.0071
62.0071
62.0071
62.0071
62.0071
62.0071
62.0071
62.0071
62.0071
62.0071
62.0071
62.0071
62.0071
62.0071
62.0071
62.0071
62.0071
62.0071
62.0071
62.0071
62.0071
62.0071
62.0071
62.0071
62.0071
62.0071
62.0071
62.0071
62.0071
62.0071
62.0071
62.0071
62.0071
62.0071
62.0071
62.0071
62.0071
62.0071
62.0071
62.0071
62.0071
62.0071
62.0071
62.0071
62.0071
62.0071
62.0071
62.0071
62.0071
62.0071
62.0071
62.0071
62.0071
62.0071
62.0071
62.0071
62.0071
62.0071
62.0071
62.0071
61.9923
64.2075
62.769
61.9515
62.8724
61.8218
61.8218
61.8218
61.8218
61.8218
61.8218
61.8218
61.8218
61.8218
61.8218
61.8218
61.8218
61.8218
61.8218
61.8218
61.8218
61.8218
61.8218
61.8218
61.8218
61.8218
61.8218
61.8218
61.8218
61.8218
61.8218
61.8218
61.8218
61.8218
61.8218
61.8218
61.8218
61.8218
61.8218
61.8218
61.8218
61.8218
61.8218
61.8218
61.8218
61.8218
61.8218
61.8218
61.8218
61.8218
61.8218
61.8218
61.8218
61.8218
61.8218
61.8218
61.8218
61.8218
61.8218
61.8218
61.8218
61.8218
61.8218
61.8218
61.8218
61.8218
61.8218
61.8218
61.8218
61.8218
61.8218
61.8218
61.8218
61.8218
61.8218
61.8218
61.8218
61.8218
61.8218
61.8218
61.8218
61.8218
61.8218
61.8218
61.8218
61.8218
61.8218
61.8218
61.8218
61.8218
61.8218
61.8218
61.8218
61.8218
61.8218
61.8218
61.8218
61.8218
61.8218
61.8218
61.8218
61.8218
61.8218
61.8218
61.8218
61.8218
61.8218
61.8218
61.8218
61.8218
61.8218
61.8218
61.8218
61.8218
61.8218
61.8218
61.8218
61.8218
61.8218
61.8218
61.8218
61.8218
61.8218
61.8218
61.8218
61.8218
61.8218
61.8218
61.8218
61.8218
61.8218
61.8218
61.8218
61.8218
61.8218
61.8218
61.8218
61.8218
61.8218
61.8218
61.8218
61.8218
61.8218
61.8218
61.8218
61.8218
61.8218
61.8218
61.8218
61.8218
61.8218
61.8218
61.8218
61.8218
61.8218
61.8218
61.8218
61.8218
61.8218
61.8218
61.8218
61.8218
61.8218
61.8218
61.8218
61.8218
61.8218
61.8218
61.8218
61.8218
61.8218
61.8218
61.8218
61.8218
61.8218
61.8218
61.8218
61.8218
61.8218
61.8218
61.8218
61.8218
61.8218
61.8218
61.8218
61.8218
61.8218
61.8218
61.8218
61.8218
61.8218
61.8218
61.8218
61.8218
61.8218
61.8218
61.8218
61.8218
61.8218
61.8218
61.8218
61.8218
61.8218
61.8218
61.8218
61.8218
61.8218
61.8218
61.8218
61.8218
61.8218
61.8218
61.8218
61.8218
61.8218
61.8218
61.8218
61.8218
61.8218
61.8218
61.8218
61.8218
61.8218
61.8218
61.8218
61.8218
61.8218
61.8218
61.8218
61.8218
61.8218
61.8218
61.8218
61.8218
61.8218
61.8218
61.8218
61.8218
61.8218
61.8218
61.8218
61.8218
61.8218
61.8218
61.8218
61.8218
61.8218
61.8218
61.8218
61.8218
61.8218
61.8218
61.8218
61.8218
61.8218
61.8218
61.8218
61.8218
61.8218
61.8218
61.8218
61.8218
61.8218
61.8218
61.8218
61.8218
61.8218
61.8218
61.8218
61.8218
61.8218
61.8218
61.8218
61.8218
61.8218
61.8218
61.8218
61.8218
61.8218
61.8218
61.8218
61.8218
61.8218
61.8218
61.8218
61.8218
61.8218
61.8218
61.8218
61.8218
61.8218
61.8218
61.8218
61.8218
61.8218
61.8218
61.8218
61.8218
61.8218
61.8218
61.8218
61.8218
61.8218
61.8218
61.8218
61.8218
61.8218
61.8218
61.8218
61.8218
61.8218
61.8218
61.8218
61.8218
61.8218
61.8218
61.8218
61.8218
61.8218
61.8218
61.8218
61.8218
61.8218
61.8218
61.8218
61.8218
61.8218
61.8218
61.8218
61.8218
61.8218
61.8218
61.8218
61.8218
61.8218
61.8218
61.8218
61.8218
61.8218
61.8218
