# best half averages
9.8459
9.10641
8.11238
7.38287
6.78779
6.35082
5.90375
5.74244
5.68248
5.43799
5.19662
5.0154
4.82228
4.80848
4.81637
4.49505
4.35212
4.26241
3.98366
3.80091
3.87429
3.84243
3.75294
3.61012
3.37344
3.33723
3.23543
3.07434
3.10917
2.92314
2.74863
2.54479
2.59458
2.37665
2.41351
2.22303
2.23137
1.98806
2.29287
2.06516
2.04147
2.31789
2.43951
2.21619
2.42609
2.27078
2.43723
2.3093
2.32167
2.27123
2.251
2.41804
2.30726
2.49125
2.29782
2.18074
2.15315
2.28905
2.24822
2.3185
2.36008
2.60101
2.3023
2.02539
2.44437
2.40382
2.19679
2.14074
2.01091
2.23297
2.47615
2.39112
2.25509
2.09919
2.1132
2.14371
2.0849
2.05606
2.06516
2.09534
2.17926
2.0282
2.41989
2.31709
2.18548
2.09028
1.98696
2.00415
2.05109
2.15977
2.04105
2.14641
2.05496
2.01909
1.99296
2.06431
2.09163
1.9871
1.97104
1.99658
1.97741
1.82376
1.93849
1.98433
1.79772
2.24214
2.01462
2.11822
2.05209
1.97715
2.06082
1.98911
1.83346
2.01821
1.96672
1.85824
1.83874
2.00319
1.96631
1.97549
2.06096
1.91039
1.99915
1.74047
2.01396
1.8978
1.96705
2.01763
1.9344
1.86781
2.0025
1.86972
2.05269
1.93718
1.95721
1.74838
1.99523
1.84098
1.94044
1.7876
1.76671
1.83892
1.86826
1.91245
1.90064
1.97804
2.10234
1.86638
1.8711
2.10943
1.86932
1.7574
1.99129
1.8747
1.80757
1.82151
2.16197
2.06663
2.16674
2.17859
2.02808
1.90955
1.9131
1.74371
1.93019
1.68162
1.77636
1.8545
1.70978
1.72825
1.82909
1.75789
1.92623
1.74234
1.83876
1.67031
1.77917
1.69308
1.60666
1.79701
1.90805
1.95087
1.86595
1.74887
1.68501
1.72785
1.91242
1.70405
1.68639
1.86125
1.74631
1.66617
1.58482
1.54577
1.63543
1.74904
1.73499
1.67972
1.63933
1.63331
1.74982
1.66895
1.66526
1.60085
1.60332
1.63653
1.59808
1.73973
1.61558
1.68272
1.69974
1.8485
1.697
1.78908
1.55453
1.62801
1.57107
1.72135
1.70432
1.65684
1.72478
1.83146
1.7716
1.66191
1.74538
1.65712
1.72593
1.85424
1.50796
1.70491
1.67309
1.72234
1.72546
1.57781
1.6809
1.78458
1.79846
1.6487
1.68325
1.73822
1.73584
1.59112
1.61395
1.75063
1.77444
1.70387
1.74694
1.72769
1.68035
1.66617
1.70198
1.67557
1.75996
1.76641
1.82579
1.86611
1.7824
1.7312
1.98712
2.16037
2.18224
2.04351
2.3726
2.51708
2.51336
2.56181
2.39547
2.43317
2.72961
2.68023
2.74976
2.70101
2.63179
2.85661
2.82533
2.82505
2.64009
2.7019
2.70519
2.66366
2.65688
2.72512
2.76178
2.58773
2.62867
2.56139
2.64838
2.59233
2.46324
2.48209
2.43268
2.45405
2.51652
2.5425
2.61478
2.58865
2.62648
2.65116
2.63743
2.60447
2.51508
2.54441
2.58734
2.66277
2.428
2.53216
2.22875
2.24264
2.33473
2.43705
2.31344
2.35598
2.36405
2.52773
2.39601
2.3829
2.44265
2.44056
2.47078
2.46051
2.25797
2.38845
2.32304
2.16497
2.16357
2.12662
2.3443
2.43412
2.6388
2.28888
2.29817
2.19024
2.31438
2.18256
2.22885
2.22435
2.11268
2.20409
2.29658
2.07798
2.02839
2.11873
2.02161
2.18426
2.21513
2.18568
1.99711
2.14298
2.20063
2.1085
2.20856
2.1507
2.1592
2.10881
2.1613
2.00496
2.19736
2.16449
2.17822
2.07995
2.1425
2.22737
2.0227
2.14614
2.0672
1.99854
1.97782
2.11455
2.21953
2.52311
2.53913
2.2477
2.2068
2.05999
2.33416
1.98953
2.17584
2.04154
2.06032
2.0786
1.96262
2.11266
1.99229
1.94705
2.06434
2.08915
2.06852
2.11013
1.96271
2.06205
1.89486
1.88369
1.97492
1.96351
2.16397
2.08818
2.15728
1.85492
1.96002
2.03039
1.81719
1.8583
2.00176
2.11644
2.19824
2.01346
1.99876
1.97256
2.0052
1.96498
1.78684
1.91369
1.78729
1.96339
1.90302
1.80454
1.9085
2.00095
1.81484
1.69333
1.83923
1.9644
1.91906
1.93225
1.97723
1.81554
1.7422
1.85597
1.72482
1.81472
1.69353
1.90527
1.75994
1.72794
1.95654
1.9031
1.90437
1.8258
1.81096
1.81682
1.86709
1.90841
1.70009
1.92189
1.86091
1.8222
1.75537
1.78827
1.77958
1.61239
1.77368
1.74233
1.86445
1.79002
1.79535
1.77931
1.83086
1.95427
1.845
1.7613
1.8507
1.79582
1.80371
1.79683
1.76295
1.76027
2.14438
2.06369
2.04876
2.03461
1.83031
1.96793
1.92216
1.95209
1.963
1.99309
1.9165
1.94819
1.87177
1.80379
2.06443
2.14761
2.06154
2.10616
2.00492
2.1809
2.25952
2.23393
2.25172
2.39291
2.61029
2.74007
2.87763
2.85277
2.88623
2.72612
2.66037
2.60447
2.79098
2.66816
2.55711
2.67761
2.50954
2.61897
2.63409
2.43214
2.59882
2.46992
2.42347
2.18415
2.23097
2.4812
2.53535
2.3022
2.15876
2.1541
2.30312
2.3151
2.15343
2.25472
2.32485
2.30787
2.16152
2.41147
2.18767
2.31686
2.35312
2.08346
2.15449
2.11676
2.07705
2.30946
2.34065
2.22431
2.33123
2.16751
2.14999
2.13359
2.34279
2.33401
2.19295
2.43596
2.14635
2.23039
2.27053
2.18221
2.44266
2.1675
2.15384
2.23718
2.11501
2.1778
1.90334
1.96904
2.10377
2.06665
2.02813
2.12006
2.03079
1.9296
1.9458
2.134
2.04799
1.84142
2.04399
2.01006
1.92566
1.93189
1.98991
2.10651
1.90727
1.92686
1.93437
1.7939
1.88811
1.87131
1.84466
1.90852
1.76901
1.87266
1.96725
2.03129
2.07929
1.8666
2.11616
2.18703
2.03431
2.19655
2.05575
1.90628
1.9017
1.91132
1.88358
1.95228
1.77863
2.00992
2.1568
1.95505
1.9108
1.95866
1.80338
1.80942
1.87441
1.74791
1.84512
1.804
1.84825
2.07343
2.17506
1.77501
2.07733
2.14235
2.03547
2.06084
1.81746
1.86908
1.7939
1.8706
1.78643
1.87774
1.75781
1.92786
2.072
2.11571
1.9975
1.82174
1.90341
1.82474
1.78417
1.78411
1.85502
1.88053
1.96449
1.7499
1.99912
2.09874
1.89793
2.03601
2.0482
2.15911
2.03747
2.14425
2.01571
1.96913
1.9099
1.71867
1.9728
1.89376
1.91554
2.04568
2.061
2.16243
2.26472
2.13431
2.13633
2.02671
2.18099
1.95584
2.06974
2.25861
2.15762
2.14475
2.17369
2.30951
2.31165
2.31762
2.15713
2.14297
2.3538
2.51154
2.56625
2.53035
2.50743
2.68373
2.43234
2.63558
2.52362
2.56783
2.37875
2.47982
2.47561
2.4538
2.38668
2.36465
2.33395
2.24711
2.26606
2.33854
2.05152
2.32313
2.24571
2.18485
2.2374
2.16708
2.11858
2.36667
2.41577
2.31549
2.34815
2.22484
2.25398
2.201
2.21739
2.23157
2.21156
2.43213
2.27856
2.11443
2.32224
2.11851
2.19142
2.1681
2.03853
2.26413
2.13947
2.01084
2.02586
1.93885
2.30108
1.9787
2.0285
2.07971
2.01673
1.90603
1.9412
1.80449
1.83549
1.81992
1.82524
1.96336
1.95839
1.93393
1.99963
1.79161
1.84228
1.91163
1.90302
1.70124
1.92753
1.98989
1.86743
2.0323
1.96866
1.96831
2.03407
2.00659
2.14921
2.04256
2.06048
2.01627
2.22166
2.03187
2.20008
2.0062
1.9888
1.96272
1.98724
2.0431
2.14816
1.93015
1.9513
1.93175
2.13242
2.00806
2.07154
2.06507
2.08574
2.08507
1.82938
1.88761
2.12498
2.02368
2.24771
2.14279
2.14166
1.9851
1.85634
1.95207
1.88249
1.87453
1.86737
2.02687
2.2545
2.12335
1.98802
1.7579
1.84724
1.97111
1.82199
1.96616
1.84152
1.83706
1.85201
1.59346
1.66254
1.5878
1.59553
1.78103
1.65753
1.67782
1.88772
1.76422
1.77278
1.87918
1.92389
1.93614
1.85016
1.78117
1.81529
1.82561
1.89758
1.7632
1.79531
1.63697
1.73173
1.88802
2.02467
1.79906
2.01788
1.95813
1.88246
1.72791
1.65475
1.76968
1.90816
1.83417
1.72768
1.83197
1.84322
1.86728
1.74878
2.10301
1.92527
1.93041
1.92379
1.90135
1.95145
2.13292
2.12616
2.18301
2.28069
2.3454
2.28363
2.24576
2.40318
2.30896
2.24235
2.13792
2.0808
2.4778
2.11239
2.1286
2.03293
1.88118
2.07431
2.15733
2.04108
2.19029
1.95564
1.98896
2.04092
2.00125
1.97858
1.88011
2.19918
2.04584
1.9052
2.13848
1.92879
2.01679
1.90889
1.84244
2.09748
1.84597
1.89181
1.88069
1.72561
1.90281
1.80672
1.86896
1.92082
1.80887
1.99843
1.79998
1.83539
1.84092
1.93329
1.89986
2.01674
1.79656
2.03524
2.05318
2.00299
1.87005
2.026
2.0693
2.10026
2.06064
2.04678
2.10139
2.03056
1.87834
2.16204
1.92774
1.85378
2.15826
2.19862
2.04703
1.8288
1.93677
1.97881
2.05729
1.79787
1.87185
1.93817
1.90113
1.97559
1.86613
1.78801
1.85619
2.00756
1.91671
2.10546
2.12159
2.11629
1.79129
1.70484
1.77366
1.72227
1.624
1.90825
1.71281
1.81077
1.77099
1.90503
1.79483
1.74267
1.85832
1.77427
1.64648
2.11271
1.96966
2.13127
2.15811
2.17513
2.10837
2.15216
2.06758
2.03392
2.1065
1.82796
2.27669
2.21017
2.13691
2.11097
2.02191
2.14767
2.0192
2.05621
2.00855
1.88104
2.0075
1.87182
2.08389
1.84241
1.88535
1.95164
1.76757
1.88794
1.72233
1.69285
1.894
2.11678
1.94361
1.77377
1.80554
1.77611
1.87159
1.78575
1.97302
1.92917
1.70188
1.84984
1.97372
1.93984
1.983
1.66275
1.81474
2.15506
2.17082
1.99587
2.00348
2.00921
1.976
1.93849
1.96249
1.78494
1.91296
1.88349
1.80385
