# best half averages
9.69562
9.03895
8.60909
8.16447
7.84805
7.54871
7.21518
6.6906
5.98576
5.52283
5.17511
5.06636
4.85207
4.76123
4.63888
4.55329
4.44366
4.22541
3.87484
3.62576
3.58674
3.47868
3.3454
3.27981
3.13955
3.00966
3.00738
3.00897
3.00288
2.98765
2.8993
2.83877
2.83292
2.79735
2.63305
2.6291
2.62326
2.60009
2.60005
2.59601
2.58283
2.52118
2.50887
2.47412
2.32187
2.27034
2.22101
2.2033
2.19766
2.17591
2.14614
2.14544
2.13757
2.11646
2.08099
2.06958
2.0542
2.03584
1.9879
1.88025
1.88025
1.88016
1.88016
1.87938
1.88109
1.87574
1.87574
1.87574
1.87574
1.87574
1.87574
1.87219
1.87163
1.84386
1.7629
1.69751
1.69497
1.68669
1.672
1.66935
1.65968
1.64697
1.64697
1.64697
1.64697
1.6466
1.64624
1.64473
1.64016
1.62833
1.62751
1.62385
1.61031
1.56434
1.53847
1.52961
1.52152
1.51816
1.51528
1.51528
1.51528
1.51528
1.51528
1.51528
1.51528
1.51387
1.5146
1.51138
1.49258
1.43846
1.4169
1.40893
1.38795
1.38684
1.38442
1.36737
1.33004
1.32207
1.32603
1.32142
1.32014
1.31319
1.31301
1.31254
1.31021
1.30088
1.28969
1.28969
1.28934
1.28725
1.28165
1.2758
1.27558
1.27491
1.27312
1.27291
1.27208
1.26853
1.26268
1.26268
1.26268
1.26254
1.26241
1.26172
1.25941
1.25587
1.25587
1.25587
1.25587
1.25587
1.25587
1.25587
1.25587
1.25587
1.25587
1.25433
1.25124
1.23274
1.17877
1.17877
1.17797
1.17797
1.17639
1.16923
1.13917
1.13917
1.13917
1.13917
1.13917
1.13837
1.13837
1.13439
1.12325
1.09939
1.09939
1.09939
1.09939
1.09939
1.09939
1.09939
1.09939
1.09939
1.09937
1.09937
1.09927
1.09889
1.09859
1.09859
1.09859
1.09859
1.09859
1.09859
1.09859
1.09859
1.09859
1.09859
1.09859
1.09859
1.09859
1.09859
1.09859
1.09859
1.09859
1.09859
1.09859
1.09859
1.09859
1.09859
1.09859
1.09859
1.09859
1.09859
1.09859
1.09859
1.09859
1.09859
1.09859
1.09859
1.09859
1.09859
1.09859
1.09859
1.09859
1.09859
1.09859
1.09859
1.09859
1.09859
1.09859
1.09859
1.09859
1.09859
1.09859
1.09859
1.09859
1.09859
1.09859
1.09859
1.09859
1.09859
1.09859
1.09859
1.09859
1.09859
1.09859
1.09859
1.09859
1.09859
1.09859
1.09859
1.09859
1.09859
1.09859
1.09859
1.09859
1.09859
1.09859
1.09859
1.09859
1.09859
1.09859
1.09859
1.09859
1.09859
1.09859
1.09859
1.09859
1.09859
1.09859
1.09859
1.09859
1.09859
1.09859
1.09859
1.09859
1.09859
1.09859
1.09859
1.09859
1.09859
1.09859
1.09859
1.09859
1.09859
1.09859
1.09859
1.09859
1.09859
1.09859
1.09859
1.09859
1.09859
1.09859
1.09859
1.09859
1.09859
1.09859
1.09859
1.09859
1.09859
1.09859
1.09859
1.09859
1.09854
1.09829
1.09701
1.09605
1.09605
1.09605
1.09605
1.09605
1.09602
1.09583
1.0951
1.09486
1.09486
1.09474
1.09441
1.09215
1.08921
1.0892
1.08919
1.08891
1.08805
1.08528
1.0779
1.0779
1.0779
1.07789
1.07786
1.0776
1.07724
1.07734
1.07705
1.07587
1.07253
1.07253
1.07253
1.07253
1.07253
1.07253
1.07253
1.07253
1.07253
1.07253
1.07253
1.07253
1.07253
1.07253
1.07253
1.07253
1.07253
1.07253
1.07253
1.07253
1.07253
1.07253
1.07253
1.07253
1.07253
1.07253
1.07253
1.07253
1.07253
1.07253
1.07253
1.07253
1.07253
1.07253
1.07253
1.07253
1.07253
1.07253
1.07253
1.07253
1.07253
1.07253
1.07253
1.07253
1.07253
1.07253
1.07253
1.07253
1.07253
1.07253
1.07253
1.07253
1.07253
1.07253
1.07253
1.07253
1.07253
1.07253
1.07253
1.07253
1.07253
1.07245
1.0723
1.07167
1.06902
1.06863
1.06863
1.06863
1.06863
1.06863
1.06863
1.06863
1.06863
1.06863
1.06863
1.06863
1.06863
1.06863
1.06863
1.06863
1.06863
1.06863
1.06863
1.06863
1.06863
1.06863
1.06863
1.06863
1.06863
1.06863
1.06863
1.06863
1.06863
1.06863
1.06863
1.06863
1.06863
1.06863
1.06863
1.06863
1.06863
1.06863
1.06863
1.06863
1.06863
1.06863
1.06863
1.06863
1.06863
1.06863
1.06863
1.06863
1.06863
1.06863
1.06863
1.06863
1.06863
1.06863
1.06863
1.06863
1.06863
1.06863
1.06863
1.06863
1.06863
1.06863
1.06863
1.06863
1.06863
1.06863
1.06863
1.06863
1.06863
1.06863
1.06863
1.06863
1.06863
1.06863
1.06863
1.06863
1.06863
1.06863
1.06863
1.06863
1.06863
1.06863
1.06863
1.06863
1.06863
1.06863
1.06863
1.06863
1.06863
1.06863
1.06863
1.06863
1.06863
1.06863
1.06863
1.06863
1.06863
1.06863
1.06863
1.06863
1.06863
1.06863
1.06863
1.06863
1.06863
1.06863
1.06863
1.06863
1.06863
1.06859
1.06844
1.06817
1.06817
1.06817
1.06817
1.06817
1.06817
1.06817
1.06817
1.06817
1.06817
1.06817
1.06817
1.06817
1.06817
1.06817
1.06817
1.06817
1.06817
1.06817
1.06817
1.06817
1.06817
1.06817
1.06817
1.06817
1.06817
1.06817
1.06817
1.06817
1.06817
1.06817
1.06817
1.06817
1.06817
1.06817
1.06817
1.06817
1.06817
1.06817
1.06817
1.06817
1.06817
1.06817
1.06817
1.06817
1.06817
1.06817
1.06817
1.06817
1.06817
1.06817
1.06817
1.06817
1.06817
1.06817
1.06817
1.06817
1.06817
1.06817
1.06817
1.06817
1.06817
1.06817
1.06817
1.06817
1.06817
1.06817
1.06817
1.06817
1.06817
1.06817
1.06817
1.06817
1.06817
1.06817
1.06817
1.06817
1.06817
1.06817
1.06817
1.06817
1.06817
1.06817
1.06817
1.06817
1.06817
1.06817
1.06817
1.06817
1.06817
1.06817
1.06817
1.06817
1.06817
1.06817
1.06817
1.06817
1.06817
1.06817
1.06817
1.06817
1.06817
1.06817
1.06817
1.06817
1.06817
1.06817
1.06817
1.06817
1.06817
1.06817
1.06817
1.06817
1.06817
1.06817
1.06817
1.06817
1.06817
1.06817
1.06817
1.06817
1.06817
1.06817
1.06817
1.06817
1.06817
1.06817
1.06817
1.06817
1.06817
1.06817
1.06817
1.06817
1.06817
1.06817
1.06817
1.06817
1.06817
1.06817
1.06817
1.06817
1.06817
1.06817
1.06817
1.06817
1.06817
1.06817
1.06817
1.06817
1.06817
1.06817
1.06817
1.06817
1.06817
1.06817
1.06817
1.06817
1.06817
1.06817
1.06817
1.06817
1.06817
1.06817
1.06817
1.06817
1.06817
1.06817
1.06817
1.06817
1.06817
1.06817
1.06817
1.06817
1.06817
1.06817
1.06817
1.06817
1.06817
1.06817
1.06817
1.06817
1.06817
1.06817
1.06817
1.06817
1.06817
1.06817
1.06817
1.06817
1.06817
1.06817
1.06817
1.06817
1.06817
1.06817
1.06817
1.06817
1.06817
1.06817
1.06817
1.06817
1.06817
1.06817
1.06817
1.06817
1.06817
1.06817
1.06817
1.06817
1.06817
1.06817
1.06817
1.06817
1.06817
1.06817
1.06817
1.06817
1.06817
1.06817
1.06817
1.06817
1.06817
1.06817
1.06817
1.06817
1.06817
1.06817
1.06817
1.06817
1.06817
1.06817
1.06817
1.06817
1.06817
1.06817
1.06817
1.06817
1.06817
1.06817
1.06817
1.06817
1.06817
1.06817
1.06817
1.06817
1.06817
1.06817
1.06817
1.06817
1.06817
1.06817
1.06817
1.06817
1.06817
1.06817
1.06817
1.06796
1.06754
1.0652
1.05757
1.05757
1.05757
1.05757
1.05757
1.05757
1.05757
1.05757
1.05757
1.05757
1.05757
1.05757
1.05757
1.05757
1.05757
1.05757
1.05757
1.05757
1.05757
1.05757
1.05757
1.05757
1.05757
1.05757
1.05757
1.05757
1.05757
1.05757
1.05757
1.05757
1.05757
1.05757
1.05757
1.05757
1.05757
1.05757
1.05757
1.05757
1.05757
1.05757
1.05757
1.05757
1.05757
1.05757
1.05757
1.05757
1.05757
1.05757
1.05757
1.05757
1.05757
1.05757
1.05757
1.05757
1.05757
1.05757
1.05757
1.05757
1.05757
1.05757
1.05757
1.05757
1.05757
1.05757
1.05757
1.05757
1.05757
1.05757
1.05757
1.05757
1.05757
1.05757
1.05757
1.05757
1.05757
1.05757
1.05757
1.05757
1.05757
1.05757
1.05757
1.05757
1.05757
1.05757
1.05757
1.05757
1.05757
1.05757
1.05757
1.05757
1.05757
1.05757
1.05757
1.05757
1.05757
1.05757
1.05757
1.05757
1.05757
1.05757
1.05757
1.05757
1.05757
1.05757
1.05757
1.05757
1.05757
1.05757
1.05757
1.05757
1.05757
1.05757
1.05757
1.05757
1.05757
1.05757
1.05757
1.05757
1.05757
1.05757
1.05757
1.05757
1.05757
1.05757
1.05757
1.05757
1.05757
1.05757
1.05757
1.05757
1.05757
1.05757
1.05757
1.05757
1.05757
1.05757
1.05757
1.05757
1.05757
1.05757
1.05757
1.05757
1.05757
1.05757
1.05757
1.05757
1.05757
1.05757
1.05757
1.05757
1.05757
1.05757
1.05757
1.05757
1.05757
1.05757
1.05757
1.05757
1.05757
1.05757
1.05757
1.05757
1.05757
1.05757
1.05757
1.05757
1.05757
1.05757
1.05757
1.05757
1.05757
1.05757
1.05757
1.05757
1.05757
1.05757
1.05757
1.05757
1.05757
1.05757
1.05757
1.05757
1.05757
1.05757
1.05757
1.05757
1.05757
1.05757
1.05757
1.05757
1.05757
1.05757
1.05757
1.05757
1.05757
1.05757
1.06557
1.05757
1.05757
1.05757
1.05757
1.05757
1.05757
1.05757
1.05757
1.05757
1.05757
1.05757
1.05757
1.05757
1.05757
1.05757
1.05757
1.05757
1.05757
1.05757
1.05757
1.05757
1.05757
1.05757
1.05757
1.05757
1.05757
1.05757
1.05757
1.05757
1.05757
1.05757
1.05757
1.05757
1.05757
