# best half averages
9.69416
8.69775
7.80378
7.16237
6.70789
6.19779
5.80528
5.36059
5.02269
4.83536
4.77318
4.46557
4.31364
4.15401
4.24475
4.03749
4.00238
3.86054
3.66404
3.51892
3.48493
3.4205
3.40718
3.33159
3.26083
3.23194
3.12409
3.02128
2.84699
2.79757
2.7221
2.71739
2.69548
2.6646
2.642
2.61389
2.55269
2.48248
2.46452
2.39014
2.37938
2.37938
2.37857
2.37979
2.37023
2.33906
2.29281
2.24797
2.20136
2.18191
2.18177
2.18037
2.17306
2.15963
2.12961
2.09993
2.05867
2.04467
2.04177
2.0794
2.01591
1.92639
1.88136
1.88228
1.88182
1.88042
1.87716
1.86133
1.85725
1.85374
1.81157
1.75363
1.65458
1.55463
1.55463
1.55463
1.55434
1.5543
1.55346
1.54788
1.53994
1.53994
1.53959
1.5385
1.53347
1.5221
1.52098
1.51252
1.47315
1.46598
1.46598
1.46598
1.46598
1.46592
1.46561
1.46452
1.46293
1.46293
1.4628
1.462
1.45717
1.45623
1.45606
1.45606
1.45538
1.45463
1.44887
1.4362
1.43482
1.42753
1.37602
1.3033
1.30267
1.30202
1.30067
1.29932
1.28565
1.23994
1.23888
1.23458
1.21813
1.20382
1.20362
1.20239
1.21869
1.19245
1.22539
1.16936
1.16236
1.16236
1.16236
1.16236
1.16236
1.16236
1.16219
1.16236
1.16236
1.16236
1.16236
1.16236
1.16236
1.16236
1.16236
1.16236
1.16236
1.16236
1.16236
1.16236
1.16236
1.16236
1.16236
1.16236
1.16236
1.16236
1.16236
1.16236
1.16236
1.16236
1.16236
1.16236
1.16212
1.16168
1.15958
1.15629
1.15629
1.15629
1.15629
1.15629
1.15629
1.15629
1.15629
1.15629
1.15624
1.15624
1.15612
1.1561
1.15596
1.15532
1.15275
1.15275
1.15275
1.15275
1.15275
1.15275
1.15275
1.15275
1.15275
1.15275
1.15275
1.15275
1.15247
1.15163
1.14769
1.1387
1.13816
1.1366
1.12984
1.11159
1.1115
1.1115
1.1115
1.1115
1.1115
1.1115
1.1115
1.1115
1.1115
1.11135
1.11119
1.11018
1.10644
1.10644
1.10644
1.10644
1.10644
1.10644
1.10644
1.10644
1.10644
1.10644
1.10644
1.10644
1.10644
1.10644
1.10644
1.10639
1.10635
1.10624
1.10592
1.1113
1.10481
1.1041
1.1041
1.1041
1.1041
1.1041
1.1041
1.1041
1.1041
1.1041
1.1041
1.1041
1.1041
1.1041
1.1041
1.1041
1.1041
1.1041
1.1041
1.1041
1.1041
1.1041
1.1041
1.1041
1.1041
1.1041
1.1041
1.1041
1.1041
1.1041
1.1041
1.1041
1.1041
1.1041
1.10409
1.10406
1.10398
1.10372
1.10364
1.10364
1.10364
1.10364
1.10364
1.10364
1.10364
1.10364
1.10364
1.10364
1.10364
1.10364
1.10364
1.10364
1.10364
1.10364
1.10364
1.10364
1.10364
1.10364
1.10364
1.10364
1.10364
1.10364
1.10364
1.10364
1.10364
1.10364
1.10364
1.10364
1.10364
1.10364
1.10364
1.10364
1.10364
1.10249
1.10134
1.09559
1.06914
1.04614
1.04614
1.04614
1.04614
1.04614
1.04614
1.04614
1.04584
1.04435
1.03955
1.03117
1.03117
1.03117
1.03117
1.03117
1.03117
1.03117
1.03117
1.03117
1.03117
1.03117
1.03117
1.03117
1.03117
1.03117
1.03117
1.03117
1.04162
1.03117
1.03117
1.03117
1.03117
1.03117
1.03117
1.03117
1.03117
1.03117
1.03117
1.03117
1.03117
1.03117
1.03117
1.03117
1.03117
1.03117
1.03117
1.03117
1.03117
1.03117
1.03117
1.03117
1.03117
1.03117
1.03117
1.03117
1.03117
1.03117
1.03117
1.03117
1.03117
1.03117
1.03117
1.03117
1.03117
1.03117
1.03117
1.03117
1.03117
1.03117
1.03117
1.03117
1.03117
1.03117
1.03117
1.03117
1.03117
1.03117
1.03117
1.03117
1.03117
1.03117
1.03117
1.03117
1.03117
1.03117
1.03117
1.03117
1.03117
1.03117
1.03117
1.03117
1.03117
1.03117
1.03117
1.03117
1.03117
1.03117
1.03117
1.03117
1.03117
1.03117
1.03117
1.03117
1.03117
1.03117
1.03117
1.03117
1.03117
1.03117
1.03117
1.03117
1.03117
1.03117
1.03117
1.03117
1.03117
1.03117
1.03117
1.03117
1.03117
1.03117
1.03117
1.03117
1.03117
1.03117
1.03117
1.03117
1.03117
1.03117
1.03117
1.03117
1.03117
1.03117
1.03117
1.03117
1.03117
1.03117
1.03117
1.03117
1.03117
1.03117
1.03117
1.03117
1.03117
1.03117
1.03117
1.03117
1.03117
1.03117
1.03117
1.03117
1.03117
1.03117
1.03117
1.03117
1.03117
1.03117
1.03117
1.03117
1.03117
1.03117
1.03117
1.03117
1.03117
1.03117
1.03117
1.03117
1.03117
1.03117
1.03117
1.03117
1.03117
1.03117
1.03117
1.03117
1.03117
1.03117
1.03117
1.03117
1.03117
1.03117
1.03117
1.03117
1.03117
1.03117
1.03117
1.03117
1.03117
1.03117
1.03117
1.03117
1.03117
1.03117
1.03117
1.03117
1.03117
1.03117
1.03117
1.03117
1.03117
1.03117
1.03117
1.03117
1.03117
1.03117
1.03117
1.03117
1.03117
1.03117
1.03117
1.03117
1.03117
1.03117
1.03117
1.03117
1.03117
1.03117
1.03117
1.03117
1.03117
1.03117
1.03117
1.03117
1.03117
1.03117
1.03117
1.03117
1.03117
1.03117
1.03117
1.03117
1.03117
1.03117
1.03117
1.03117
1.03117
1.03117
1.03117
1.03117
1.03117
1.03117
1.03117
1.03117
1.03117
1.03117
1.03117
1.03117
1.03117
1.03117
1.03117
1.03117
1.03117
1.03117
1.03117
1.03117
1.03117
1.03117
1.03117
1.03117
1.03117
1.03117
1.03117
1.03117
1.03117
1.03117
1.03117
1.03117
1.03117
1.03117
1.03117
1.03117
1.03117
1.03117
1.03117
1.03117
1.03117
1.03117
1.03117
1.03117
1.03117
1.03117
1.03117
1.03117
1.03117
1.03117
1.03117
1.03117
1.03117
1.03117
1.03117
1.03117
1.03117
1.03117
1.03117
1.03117
1.03117
1.03117
1.03117
1.03117
1.03117
1.03117
1.03117
1.03117
1.03117
1.03117
1.03117
1.03117
1.03117
1.03117
1.03117
1.03117
1.03117
1.03117
1.03117
1.03117
1.03117
1.03117
1.03117
1.03117
1.03117
1.03117
1.03117
1.03117
1.03117
1.03117
1.03117
1.03117
1.03117
1.03117
1.03117
1.03117
1.03117
1.03117
1.03117
1.03117
1.03117
1.03117
1.03117
1.03117
1.03117
1.03117
1.03117
1.03117
1.03117
1.03117
1.03117
1.03117
1.03117
1.03117
1.03117
1.03117
1.03117
1.03117
1.03117
1.03117
1.03117
1.03117
1.03117
1.03117
1.03117
1.03117
1.03117
1.03117
1.03117
1.03117
1.03117
1.03117
1.03117
1.03117
1.03117
1.03117
1.03117
1.03117
1.03117
1.03117
1.03117
1.03117
1.03117
1.03117
1.03117
1.03117
1.03117
1.03117
1.03117
1.03117
1.03117
1.03117
1.03117
1.03117
1.03117
1.03117
1.03117
1.03117
1.03117
1.03117
1.03117
1.03117
1.03117
1.03117
1.03117
1.03117
1.03117
1.03117
1.03117
1.03117
1.03117
1.03117
1.03117
1.03117
1.03117
1.03117
1.03117
1.03117
1.03117
1.03117
1.03117
1.03117
1.03117
1.03117
1.03117
1.03117
1.03117
1.03117
1.03117
1.03117
1.03117
1.03117
1.03117
1.03117
1.03117
1.03117
1.03117
1.03117
1.03117
1.03117
1.03117
1.03117
1.03117
1.03117
1.03117
1.03117
1.03117
1.03117
1.03117
1.03117
1.03117
1.03117
1.03117
1.03117
1.03117
1.03117
1.03117
1.03117
1.03117
1.03117
1.03117
1.03117
1.03117
1.03117
1.03117
1.03117
1.03117
1.03117
1.03117
1.03117
1.03117
1.03117
1.03117
1.03117
1.03117
1.03117
1.03117
1.03117
1.03117
1.03117
1.03117
1.03117
1.03117
1.03117
1.03117
1.03117
1.03117
1.03117
1.03117
1.03117
1.03117
1.03117
1.03117
1.03117
1.03117
1.03117
1.03117
1.03117
1.03117
1.03117
1.03117
1.03117
1.03117
1.03117
1.03117
1.03117
1.03117
1.03117
1.03117
1.03117
1.03117
1.03117
1.03117
1.03117
1.03117
1.03117
1.03117
1.03117
1.03117
1.03117
1.03117
1.03117
1.03117
1.03117
1.03117
1.03117
1.03117
1.03117
1.03117
1.03117
1.03117
1.03117
1.03117
1.03117
1.03117
1.03117
1.03117
1.03117
1.03117
1.03117
1.03117
1.03117
1.03117
1.03117
1.03117
1.03117
1.03117
1.03117
1.03117
1.03117
1.03117
1.03117
1.03117
1.03117
1.03117
1.03117
1.03117
1.03117
1.03117
1.03117
1.03117
1.03117
1.03117
1.03117
1.03117
1.03117
1.03117
1.03117
1.03117
1.03117
1.03117
1.03117
1.03117
1.03117
1.03117
1.03117
1.03117
1.03117
1.03117
1.03117
1.03117
1.03117
1.03117
1.03117
1.03117
1.03117
1.03117
1.03117
1.03117
1.03117
1.03117
1.03117
1.03117
1.03117
1.03117
1.03117
1.03117
1.03117
1.03117
1.03117
1.03117
1.03117
1.03117
1.03117
1.03117
1.03117
1.03117
1.03117
1.03117
1.03117
1.03117
1.03117
1.03117
1.03117
1.03117
1.03117
1.03117
1.03117
1.03117
1.03117
1.03117
1.03117
1.03117
1.03117
1.03117
1.03117
1.03117
1.03117
1.03117
1.03117
1.03117
1.03117
1.03117
1.03117
1.03117
1.03117
1.03117
1.03117
1.03117
1.03117
1.03117
1.03117
1.03117
1.03117
1.03117
1.03117
1.03117
1.03117
1.03117
1.03117
1.03117
1.03117
1.03117
1.03117
1.03117
1.03117
1.03117
1.03117
1.03117
1.03117
1.03117
1.03117
1.03117
1.03117
1.03117
1.03117
1.03117
1.03117
1.03117
1.03117
1.03117
1.03117
1.03117
1.03117
1.03117
1.03117
1.03117
1.03117
1.03117
1.03117
1.03117
1.03117
1.03117
1.03117
1.03117
1.03117
1.03117
1.03117
1.03117
1.03117
1.03117
1.03117
1.03117
1.03117
1.03117
1.03117
1.03117
1.03117
