# best half averages
9.6626
8.87991
8.2024
7.64335
7.11299
6.82125
6.52377
6.1899
5.88047
5.59563
5.21895
4.9586
4.72307
4.59891
4.44336
4.27649
4.09162
3.93009
3.73929
3.61272
3.43104
3.40236
3.33991
3.29115
3.18128
3.12316
3.10818
3.02595
2.98356
2.89714
2.83412
2.7914
2.92387
2.69874
2.69895
2.70462
2.66663
2.65828
2.61771
2.53346
2.3174
2.3174
2.31568
2.30816
2.31209
2.24038
2.2273
2.22289
2.21003
2.17903
2.11948
2.11529
2.11529
2.11529
2.11491
2.11396
2.11088
2.09551
2.09336
2.07988
2.0245
1.9945
1.93549
1.93549
1.97118
1.9346
1.92831
1.90849
1.88027
1.84979
1.84126
1.8275
1.7528
1.74493
1.74493
1.74493
1.74493
1.75972
1.76695
1.73837
1.73072
1.71412
1.69218
1.65333
1.58732
1.58732
1.58618
1.58161
1.55752
1.53015
1.53015
1.53011
1.52992
1.53382
1.52781
1.52781
1.52781
1.52781
1.52781
1.52781
1.52781
1.52781
1.52781
1.52743
1.5259
1.51716
1.50869
1.50747
1.50139
1.48316
1.44791
1.44791
1.44791
1.44791
1.44725
1.44596
1.43851
1.41685
1.41685
1.41685
1.4166
1.41595
1.41256
1.40444
1.40444
1.40444
1.40431
1.40337
1.40082
1.39774
1.39774
1.39773
1.39768
1.3975
1.39718
1.3967
1.39334
1.39139
1.38728
1.36471
1.34111
1.34111
1.34111
1.34111
1.34111
1.34111
1.34111
1.34111
1.34111
1.33923
1.3337
1.32742
1.28491
1.24744
1.24744
1.24744
1.24744
1.28603
1.24744
1.25016
1.2449
1.24363
1.23211
1.18699
1.18393
1.18393
1.18393
1.18339
1.18119
1.17352
1.15652
1.15652
1.15652
1.15534
1.15534
1.15296
1.14583
1.11541
1.09713
1.09713
1.09713
1.09713
1.09713
1.09713
1.09713
1.09713
1.09713
1.09713
1.09713
1.09713
1.09713
1.09713
1.09713
1.09713
1.09713
1.09713
1.09713
1.09713
1.09713
1.09713
1.09713
1.09713
1.09713
1.09713
1.09713
1.09713
1.09713
1.09713
1.09713
1.09713
1.09713
1.09713
1.09713
1.09713
1.09713
1.09713
1.09713
1.09713
1.09713
1.09713
1.09713
1.09713
1.09713
1.09713
1.09713
1.09713
1.09713
1.09713
1.09713
1.09713
1.09713
1.09713
1.09713
1.09713
1.09713
1.09713
1.09713
1.09713
1.09713
1.09713
1.09713
1.09713
1.09713
1.09713
1.09713
1.09713
1.09713
1.09713
1.09713
1.09713
1.09713
1.09713
1.09713
1.09713
1.09713
1.09713
1.09713
1.09713
1.09713
1.09713
1.09713
1.09713
1.09713
1.09713
1.09713
1.09713
1.09713
1.09713
1.09713
1.09713
1.09713
1.09713
1.09713
1.09713
1.09713
1.09713
1.09713
1.09713
1.09713
1.09713
1.09713
1.09713
1.09713
1.09713
1.09713
1.09713
1.09713
1.09713
1.09713
1.09713
1.09713
1.09713
1.09713
1.09713
1.09713
1.09713
1.09713
1.09713
1.09713
1.09713
1.09713
1.09713
1.09713
1.09713
1.09713
1.09713
1.09713
1.09713
1.09713
1.09713
1.09677
1.09606
1.09249
1.08535
1.07929
1.07929
1.07929
1.07929
1.07929
1.0933
1.07929
1.07929
1.07929
1.07929
1.07929
1.07929
1.07929
1.07929
1.07929
1.07929
1.07929
1.07929
1.07929
1.07929
1.07929
1.07929
1.07929
1.07929
1.07929
1.07929
1.07929
1.07929
1.07929
1.07929
1.07929
1.07929
1.07929
1.07929
1.07929
1.07929
1.07929
1.07929
1.07929
1.07929
1.07929
1.07929
1.07929
1.07929
1.07929
1.07929
1.07929
1.07929
1.07929
1.07929
1.07929
1.14237
1.07929
1.07929
1.07929
1.07886
1.07712
1.07408
1.06539
1.05757
1.05757
1.05757
1.05757
1.05757
1.05757
1.05757
1.05757
1.05757
1.05757
1.05757
1.05757
1.05757
1.05757
1.05757
1.05757
1.05757
1.05757
1.05757
1.05757
1.05757
1.05757
1.05757
1.05757
1.05757
1.05757
1.05757
1.05757
1.05757
1.05757
1.05757
1.05757
1.05757
1.05757
1.05757
1.05757
1.05757
1.05757
1.05757
1.05757
1.05757
1.05757
1.05757
1.05757
1.05757
1.05757
1.05757
1.05757
1.05757
1.05757
1.05757
1.05757
1.05757
1.05757
1.05757
1.05757
1.05757
1.05757
1.05757
1.05757
1.05757
1.05757
1.05757
1.05757
1.05757
1.05757
1.05757
1.05757
1.05757
1.05757
1.05757
1.05757
1.05757
1.05757
1.05757
1.05757
1.05757
1.05757
1.05757
1.05757
1.05757
1.05757
1.05757
1.05757
1.05757
1.05757
1.05757
1.05757
1.05757
1.05757
1.05757
1.05757
1.05757
1.05757
1.05757
1.05757
1.05757
1.05757
1.05757
1.05757
1.05757
1.05757
1.05757
1.05757
1.05757
1.05757
1.05757
1.05757
1.05757
1.05757
1.05757
1.05757
1.05757
1.05757
1.05757
1.05757
1.05757
1.05757
1.05757
1.05757
1.05757
1.05757
1.05757
1.05757
1.05757
1.05757
1.05757
1.05757
1.05757
1.05757
1.05757
1.05757
1.05757
1.05757
1.05757
1.05757
1.05757
1.05757
1.05757
1.05757
1.05757
1.05757
1.05757
1.05757
1.05757
1.05757
1.05757
1.05757
1.05757
1.05757
1.05757
1.05757
1.05757
1.05757
1.05757
1.05757
1.05757
1.05757
1.05757
1.05757
1.05757
1.05757
1.05757
1.05757
1.05757
1.05757
1.05757
1.05757
1.05757
1.05757
1.05757
1.05757
1.05757
1.05757
1.05757
1.05757
1.05757
1.05757
1.05757
1.05757
1.05757
1.05757
1.05757
1.05757
1.05757
1.05757
1.05757
1.05757
1.05757
1.05757
1.05757
1.05757
1.05757
1.05757
1.05757
1.05757
1.05757
1.05757
1.05757
1.05757
1.05757
1.05757
1.05757
1.05757
1.05757
1.05757
1.05757
1.05757
1.05757
1.05757
1.05757
1.05757
1.05757
1.05757
1.05757
1.05757
1.05757
1.05757
1.05757
1.05757
1.05757
1.05757
1.05757
1.05757
1.05757
1.05757
1.05757
1.05757
1.05757
1.05757
1.05757
1.05757
1.05757
1.05757
1.05757
1.05757
1.05757
1.05757
1.05757
1.05757
1.05757
1.05757
1.05757
1.05757
1.05757
1.05757
1.05757
1.05757
1.05757
1.05757
1.05757
1.05757
1.05757
1.05757
1.05757
1.05757
1.05757
1.05757
1.05757
1.05757
1.05757
1.05757
1.05757
1.05757
1.05757
1.05757
1.05757
1.05757
1.05757
1.05757
1.05757
1.05757
1.05757
1.05757
1.05757
1.05757
1.05757
1.05757
1.05757
1.05757
1.05757
1.05757
1.05757
1.05757
1.05757
1.05757
1.05757
1.05757
1.05757
1.05757
1.05757
1.05757
1.05757
1.05757
1.05757
1.05757
1.05757
1.05757
1.05757
1.05757
1.05757
1.05757
1.05757
1.05757
1.05757
1.05757
1.05757
1.05757
1.05757
1.05757
1.05757
1.05757
1.05757
1.05757
1.05757
1.05757
1.05757
1.05757
1.05757
1.05757
1.05757
1.05757
1.05757
1.05757
1.05757
1.05757
1.05757
1.05757
1.05757
1.05757
1.05757
1.05757
1.05757
1.05757
1.05757
1.05757
1.05757
1.05757
1.05757
1.05757
1.05757
1.05757
1.05757
1.05757
1.05757
1.05757
1.05757
1.05757
1.05757
1.05757
1.05757
1.05757
1.05757
1.05757
1.05757
1.05757
1.05757
1.05757
1.05757
1.05757
1.05757
1.05757
1.05757
1.05757
1.05757
1.05757
1.05757
1.05757
1.05757
1.05757
1.05757
1.05757
1.05757
1.05757
1.05757
1.05757
1.05757
1.05757
1.05757
1.05757
1.05757
1.05757
1.05757
1.05757
1.05757
1.05757
1.05757
1.05757
1.05757
1.05757
1.05757
1.05757
1.05757
1.05757
1.05757
1.05757
1.05757
1.05757
1.05757
1.05757
1.05757
1.05757
1.05757
1.05757
1.05757
1.05757
1.05757
1.05757
1.05757
1.05757
1.05757
1.05757
1.05757
1.05757
1.05757
1.05757
1.05757
1.05757
1.05757
1.05757
1.05757
1.05757
1.05757
1.05757
1.05757
1.05757
1.05757
1.05757
1.05757
1.05757
1.05757
1.05757
1.05757
1.05757
1.05757
1.05757
1.05757
1.05757
1.05757
1.05757
1.05757
1.05757
1.05757
1.05757
1.05757
1.05757
1.05757
1.05757
1.05757
1.05757
1.05757
1.05757
1.05757
1.05757
1.05757
1.05757
1.05757
1.05757
1.05757
1.05757
1.05757
1.05757
1.05757
1.05757
1.05757
1.05757
1.05757
1.05757
1.05757
1.05757
1.05757
1.05757
1.05757
1.05757
1.05757
1.05757
1.05757
1.05757
1.05757
1.05757
1.05757
1.05757
1.05757
1.05757
1.05757
1.05757
1.05757
1.05757
1.05757
1.05757
1.05757
1.05757
1.05757
1.05757
1.05757
1.05757
1.05757
1.05757
1.05757
1.05757
1.05757
1.05757
1.05757
1.05757
1.05757
1.05757
1.05757
1.05757
1.05757
1.05757
1.05757
1.05757
1.05757
1.05757
1.05757
1.05757
1.05757
1.05757
1.05757
1.05757
1.05757
1.05757
1.05757
1.05757
1.05757
1.05757
1.05757
1.05757
1.05757
1.05757
1.05757
1.05757
1.05757
1.05757
1.05757
1.05757
1.05757
1.05757
1.05757
1.05757
1.05757
1.05757
1.05757
1.05757
1.05757
1.05757
1.05757
1.05757
1.05757
1.05757
1.05757
1.05757
1.05757
1.05757
1.05757
1.05757
1.05757
1.05757
1.05757
1.05757
1.05757
1.05757
1.05757
1.05757
1.05757
1.05757
1.05757
1.05757
1.05757
1.05757
1.05757
1.05757
1.05757
1.05757
1.05757
1.05757
1.05757
1.05757
1.05757
1.05757
1.05757
1.05757
1.05757
1.05757
1.05757
1.05757
1.05757
1.05757
1.05757
1.05757
1.05757
1.05757
1.05757
1.05757
1.05757
1.05757
1.05757
1.05757
1.05757
1.05757
1.05757
1.05757
1.05757
1.05757
1.05757
1.05757
1.05757
1.05757
1.05757
1.05757
1.05757
1.05757
1.05757
1.05757
1.05757
1.05757
1.05757
1.05757
1.05757
1.05757
1.05757
1.05757
1.05757
1.05757
1.05757
1.05757
1.05757
