# best half averages
2605.84
2436.39
2300.06
2198.64
2097.73
2052.95
1986.69
1936.58
1881.29
1846.47
1789.17
1735.06
1660.16
1616.51
1560.01
1498.2
1461.53
1408.38
1357.21
1312.8
1284.66
1255.62
1225.37
1189.48
1172.26
1167.94
1136.24
1134.6
1117.2
1072.01
1056.97
1045.15
1034.97
1003.78
986.608
954.696
948.427
931.288
925.608
915.836
906.082
892.246
877.23
850.876
830.98
808.539
795.342
783.344
770.448
759.879
756.214
749.672
741.558
738.358
726.536
722.962
715.978
707.506
697.359
689.335
678.49
674.128
666.655
666.284
659.659
650.249
639.895
636.912
632.677
628.621
619.845
609.476
594.439
581.395
576.349
571.613
567.927
565.38
559.854
553.987
553.987
553.699
551.68
543.319
540.578
535.821
520.422
516.678
514.12
512.535
508.31
506.444
504.769
502.498
501.341
497.698
490.156
484.037
477.471
476.389
473.944
461.05
448.25
436.357
434.125
433.168
432.539
430.79
430.67
430.025
425.227
419.819
415.775
409.838
406.993
403.345
399.409
397.333
392.792
388.402
384.618
380.156
372.806
368.662
368.363
367.003
361.262
360.766
358.416
357.503
357.276
356.989
355.856
354.721
353.795
351.927
350.689
348.668
346.436
344.196
343.999
343.31
343.267
342.904
342.104
339.725
335.026
332.58
329.217
323.691
323.689
323.691
323.655
323.539
322.902
321.325
319.343
319.091
317.441
314.683
311.56
309.73
309.027
308.941
308.94
308.928
308.875
308.868
308.868
308.777
308.355
306.527
304.03
301.86
296.714
294.681
291.499
290.693
290.007
289.515
288.834
288.035
287.976
287.548
285.542
282.947
282.181
280.223
280.084
280.073
280.001
279.718
278.686
276.993
276.635
275.581
271.675
270.1
270.029
269.436
266.799
259.509
259.509
259.509
259.509
259.302
259.058
256.086
247.745
234.374
231.825
230.164
230.139
230.064
229.586
228.947
228.807
228.792
228.792
228.792
228.792
228.792
228.792
228.792
228.782
228.721
228.485
227.564
225.431
223.952
219.98
219.926
219.881
219.417
217.39
217.324
216.976
216.379
216.319
216.302
216.302
216.302
216.302
216.196
216.258
215.972
215.532
215.507
215.482
215.139
214.189
213.679
213.233
213.233
213.233
213.233
213.202
213.111
212.5
211.706
211.706
211.706
211.706
211.706
211.706
211.706
211.706
211.706
211.706
211.706
211.656
211.389
209.97
208.706
206.906
205.609
205.609
205.609
205.609
205.518
205.427
204.553
201.054
201.054
201.054
201.054
201.054
201.054
201.054
201.054
201.054
201.021
200.974
200.753
199.574
199.324
199.368
206.549
199.368
199.366
199.358
199.335
199.326
199.131
198.442
197.111
196.49
196.149
195.069
196.779
193.591
193.397
192.658
191.345
186.877
186.877
186.877
186.877
186.877
186.877
186.877
186.877
186.877
186.877
186.85
186.728
189.692
190.785
196.779
184
183.187
183.119
183.02
184.103
184.674
182.948
184.391
182.941
183.567
186.621
184.82
182.174
182.174
182.158
182.126
181.906
181.812
181.462
181.049
180.916
180.755
180.157
180.05
177.407
177.377
177.308
177.53
180.517
176.121
175.958
175.958
175.958
175.952
175.917
175.793
175.597
176.619
175.158
175.15
176.053
178.373
174.969
174.961
174.961
174.961
174.946
174.932
174.918
174.817
174.266
174.24
174.24
174.24
174.24
174.24
174.226
174.226
174.176
174.823
176.205
172.789
171.948
171.925
171.845
171.718
171.718
171.718
171.718
171.718
171.666
171.613
171.561
179.54
178.918
174.25
175.315
175.34
168.982
168.982
168.972
168.944
168.754
168.507
168.507
168.47
168.432
167.985
167.761
167.732
167.696
167.731
167.587
167.272
166.089
165.608
165.5
165.45
165.332
164.807
164.256
164.25
164.237
164.211
167.327
163.819
163.506
163.221
163.221
163.221
163.221
163.221
163.221
163.221
163.221
163.148
162.93
161.458
159.934
159.431
159.031
158.753
157.711
156.953
156.953
156.953
156.953
156.953
156.953
156.953
156.953
156.953
156.953
156.953
156.953
156.953
156.953
157.138
156.953
156.953
156.953
156.953
156.953
156.953
156.953
156.953
156.953
156.953
156.953
156.953
157.296
157.913
160.466
160.418
165.949
156.953
156.947
156.947
156.925
156.891
156.716
157.09
156.365
155.894
155.136
153.588
153.578
153.477
153.11
153.094
153.02
152.716
152.702
152.702
152.702
152.622
152.21
150.564
148.717
148.717
148.717
148.717
148.717
148.696
148.598
148.655
148.557
148.428
161.881
147.682
147.682
147.682
147.682
147.681
147.68
147.676
147.665
147.619
147.619
147.619
147.604
147.604
147.619
147.619
147.604
147.589
147.551
147.382
146.889
146.889
146.889
146.889
146.889
146.889
146.889
146.889
146.889
146.889
146.872
146.768
146.111
146.002
145.882
145.644
144.907
143.67
143.662
143.658
143.658
143.658
143.658
143.658
143.658
143.62
143.449
142.882
141.794
141.794
141.794
141.794
141.794
141.794
141.794
141.794
141.794
141.794
141.794
141.794
141.762
141.73
141.57
141.298
140.192
140.192
140.192
140.186
140.164
141.746
139.912
139.912
139.912
139.912
139.912
139.912
139.912
139.912
139.912
139.912
139.912
139.912
139.912
139.912
139.912
139.912
139.912
139.912
139.894
139.747
139.068
138.995
138.98
138.908
138.676
138.269
138.269
138.269
138.269
138.269
138.264
138.253
138.178
137.971
137.938
137.817
137.143
137.011
136.825
136.735
136.55
136.523
136.523
136.523
136.523
136.523
136.523
136.523
136.523
136.523
136.523
136.523
136.517
136.499
136.412
136.213
136.213
136.213
136.213
136.213
136.213
136.213
136.195
136.213
136.213
136.213
136.213
136.213
136.213
136.213
136.213
136.213
136.213
136.213
136.213
136.213
136.213
136.213
136.195
136.123
135.871
135.309
135.268
135.203
134.953
134.428
134.083
134.083
134.083
134.083
134.076
134.003
134.417
134.007
134.452
133.231
133.219
133.175
133.03
132.923
132.923
132.923
132.92
132.905
132.869
132.773
132.773
132.755
132.755
132.773
132.773
132.773
132.773
132.773
132.773
132.773
132.773
132.773
132.773
132.773
132.773
132.755
132.699
134.311
136.034
138.015
131.915
131.84
131.84
131.84
131.84
131.84
131.84
131.84
131.84
131.84
131.803
131.84
132.831
132.558
143.056
140.686
143.384
149.684
133.536
131.84
131.838
131.832
131.825
131.825
131.825
131.81
131.779
131.718
131.949
131.031
131.06
131.06
131.06
131.06
131.06
131.06
131.06
131.06
131.06
131.06
131.045
131
130.821
130.313
130.313
130.313
130.313
130.313
130.313
130.313
130.313
130.313
130.313
130.313
130.313
130.288
130.263
130.113
131.957
129.06
129.06
129.06
129.06
129.06
129.06
129.06
129.06
129.06
129.056
129.056
129.042
128.972
128.844
128.883
128.873
128.873
128.869
128.877
128.877
128.877
128.877
128.877
128.877
128.877
128.877
128.877
128.877
128.877
128.877
128.877
128.877
128.834
128.663
128.331
127.252
126.725
126.714
126.662
126.662
126.662
126.662
126.662
126.662
126.662
126.662
126.662
126.662
126.662
126.662
126.662
126.662
126.662
126.662
126.641
126.62
129.397
126.662
126.662
126.662
126.662
126.662
126.69
136.893
132.752
126.742
129.145
126.662
126.662
126.662
126.662
126.662
126.662
126.662
126.662
126.662
126.662
126.662
126.662
126.662
126.662
126.662
126.662
126.662
126.662
126.662
126.662
126.662
126.662
126.662
126.662
126.662
126.662
126.662
126.662
126.662
126.662
126.662
126.662
126.662
126.662
126.662
126.662
126.662
126.662
126.662
126.662
126.662
126.662
126.662
126.662
126.662
126.662
126.662
126.662
126.662
126.662
126.662
126.645
126.628
126.51
126.206
125.817
125.817
125.817
125.817
125.817
125.817
125.817
125.817
125.811
125.8
125.743
125.533
125.533
125.533
125.533
125.533
125.533
125.533
125.533
125.533
125.533
125.533
125.518
125.507
125.496
125.488
125.473
125.473
125.458
127.763
126.774
124.789
124.789
124.789
124.789
124.789
124.789
124.789
124.778
124.767
124.714
125.379
124.253
124.253
124.253
124.253
124.253
124.253
124.253
124.253
124.253
124.253
124.253
124.253
124.253
124.253
124.253
124.253
124.253
124.253
124.253
124.253
124.253
124.253
124.253
124.253
124.253
124.253
124.253
124.253
124.253
124.253
124.253
124.253
124.253
124.253
124.253
124.253
124.235
124.216
124.198
124.179
124.124
124.199
123.334
123.334
123.334
123.334
123.334
123.334
123.333
123.329
123.326
123.326
123.326
123.326
123.326
123.326
123.326
123.326
123.326
123.326
123.326
123.326
123.323
123.304
123.239
123.172
123.172
123.172
123.172
123.172
123.172
123.172
123.172
123.172
123.172
123.172
123.172
123.172
123.172
123.166
123.157
123.134
123.037
122.967
122.967
122.967
122.967
122.967
122.967
122.967
122.967
122.967
122.967
122.967
122.967
122.967
122.967
122.967
122.967
122.967
122.967
122.967
122.967
122.967
122.96
122.952
122.845
122.585
122.585
122.585
122.585
122.569
122.52
122.345
121.676
121.448
121.063
121.063
121.063
121.063
121.063
121.063
121.063
121.063
121.063
121.063
121.063
121.063
121.05
121.05
121.021
120.884
120.414
120.414
120.414
120.414
120.414
120.414
120.414
120.414
120.414
120.414
120.414
120.414
120.414
120.414
120.414
120.414
120.414
120.414
120.414
120.414
120.414
120.414
120.414
120.394
120.297
119.94
119.425
119.371
119.371
119.358
119.248
118.751
118.282
117.055
113.499
113.266
112.912
112.912
112.912
112.912
112.912
112.912
112.912
112.912
112.912
112.912
112.912
112.912
112.912
112.912
112.912
112.912
112.912
112.912
112.912
112.912
112.891
112.785
112.272
111.849
111.849
111.849
111.849
111.849
111.849
111.848
111.848
111.841
111.831
111.776
111.771
111.771
111.769
111.769
111.764
111.732
111.606
111.442
111.442
111.442
111.442
111.442
111.442
111.442
111.442
111.442
111.442
111.442
111.442
111.442
111.442
111.442
111.442
111.442
111.442
111.442
111.442
111.442
111.442
111.442
111.442
111.442
111.442
111.442
111.442
111.442
111.441
111.439
111.429
111.408
111.408
111.408
111.408
111.408
111.388
111.35
111.195
110.559
110.444
110.444
110.444
110.444
110.444
110.444
110.444
110.444
110.444
110.443
110.441
110.434
110.421
110.421
110.411
110.382
110.286
109.939
109.937
109.928
109.928
109.928
109.928
109.928
109.928
109.928
109.928
109.928
109.928
109.928
109.928
109.928
109.928
109.928
109.928
109.928
109.928
109.928
109.928
109.928
109.928
109.928
109.928
109.928
109.928
109.928
109.928
109.928
109.928
109.928
109.928
109.928
109.928
109.928
109.915
109.915
109.928
109.902
109.907
109.866
109.597
108.892
108.892
108.892
108.892
108.892
108.892
108.892
108.892
108.892
108.892
108.892
108.892
108.892
108.892
108.892
108.892
108.892
108.892
108.892
108.892
108.892
108.892
108.875
108.79
108.535
108.042
108.042
108.042
108.042
108.042
108.042
108.042
108.042
108.042
108.042
108.042
108.042
108.042
108.042
108.042
108.042
108.042
108.042
108.042
108.042
108.042
108.042
108.028
108.014
108.571
108.518
109.279
107.718
107.344
107.344
107.335
107.335
107.344
107.344
107.344
107.344
107.344
107.344
107.344
107.344
107.344
107.344
107.344
107.344
107.344
107.344
107.344
107.344
107.344
107.344
107.344
107.344
107.344
107.344
107.344
107.344
107.344
107.344
107.344
107.344
107.344
107.344
107.344
107.344
107.344
107.344
107.344
107.344
107.336
107.329
107.266
106.989
106.953
106.953
106.953
106.953
106.953
106.953
106.953
106.943
106.943
106.909
106.915
108.884
107.405
106.895
106.925
109.047
106.684
109.475
105.309
105.226
103.966
103.418
103.418
103.418
103.418
103.418
103.418
103.418
103.418
103.418
103.418
103.418
103.418
103.418
103.418
103.418
103.418
103.418
103.418
103.418
103.418
103.418
103.418
103.418
103.418
103.418
103.418
103.418
103.418
103.418
103.418
103.404
103.333
103.075
102.704
102.704
102.704
102.704
102.704
102.704
102.704
102.68
102.535
102.197
101.498
101.498
101.498
101.498
101.498
101.498
101.498
101.498
101.498
101.498
101.498
101.498
101.498
101.498
101.498
101.498
101.498
101.498
101.498
101.498
101.498
101.498
101.498
101.498
101.498
101.498
101.498
101.498
101.498
101.498
101.498
101.498
101.498
101.498
101.498
101.498
101.498
101.498
101.498
101.498
101.498
101.498
101.498
101.498
101.495
101.482
101.433
101.335
101.335
101.335
101.335
101.335
101.335
101.335
101.335
101.335
101.335
101.335
101.335
101.335
101.335
101.335
101.335
101.335
101.335
101.335
101.335
101.335
101.335
101.335
101.335
101.335
101.335
101.335
101.335
101.335
101.335
101.335
101.335
101.335
101.335
101.335
101.335
101.335
101.335
101.335
101.335
101.335
101.335
101.335
101.335
101.335
101.335
101.335
101.335
101.335
101.335
101.335
101.335
101.335
101.335
101.335
101.335
101.335
101.335
101.335
101.335
101.335
101.335
101.335
101.335
101.335
101.335
101.725
101.335
101.585
101.335
101.335
101.335
101.335
101.335
101.332
103.877
101.613
109.056
101.24
101.24
101.24
101.24
101.24
101.24
101.235
101.19
101.052
100.964
100.964
100.964
100.964
100.964
100.964
100.964
100.964
100.964
100.964
100.964
100.964
100.964
100.964
100.964
100.964
100.964
100.964
100.964
100.964
100.964
100.964
100.964
100.964
100.964
100.964
100.964
100.964
100.964
100.964
100.964
100.964
100.964
100.96
100.944
100.882
100.77
100.77
100.77
100.77
100.77
100.769
100.767
100.765
100.759
100.738
100.738
100.738
100.738
100.738
100.729
100.683
100.536
100.278
100.278
100.278
100.278
100.278
100.278
100.278
100.278
100.268
100.225
100.024
99.7484
99.7484
99.7484
99.7484
99.7484
99.7484
99.7484
99.7484
99.7484
99.7484
99.7484
99.7484
99.7484
99.7484
99.7484
99.7484
99.7484
99.7484
99.7484
99.7484
99.7484
99.7484
99.7484
99.7484
99.7484
99.7484
99.7484
99.7484
99.7484
99.7484
99.7484
99.7484
99.7484
99.7484
99.7484
99.7484
99.7484
99.7484
99.7484
99.7484
99.7484
99.7484
99.7484
99.7484
99.7484
99.7484
99.7484
99.7484
99.7484
99.7484
99.7484
99.7484
99.7484
99.7484
99.7484
99.7484
99.7484
99.7484
99.7484
99.7484
99.7484
99.7484
99.7484
99.7484
99.7484
99.7484
99.7484
99.7484
99.7479
99.7484
99.7484
99.7484
99.7484
99.7484
99.7484
99.7484
99.7484
99.7484
99.7484
99.7484
99.7484
99.7484
99.7484
99.7484
99.7484
99.7484
99.7484
99.7484
99.7484
99.7484
99.7484
99.7484
99.7484
99.7484
99.7484
99.7484
99.7484
99.7484
99.7484
99.7484
99.7484
99.7484
99.7484
99.7484
99.7484
99.7484
99.7484
99.7484
99.7484
99.7484
99.7484
99.7484
99.7484
99.7484
99.7484
99.7484
99.7484
99.7484
99.7484
99.7484
99.7484
99.7484
99.7484
99.7484
99.7484
99.7484
99.7484
99.7484
99.7484
99.7484
99.7484
99.7484
99.7484
99.7484
99.7484
99.7484
99.7484
99.7484
99.7484
99.7479
99.7479
99.7484
99.7484
99.7484
99.7484
99.7484
99.7484
99.7484
99.7484
99.7479
99.7484
99.7484
99.7484
99.7484
99.7484
99.7484
99.7484
99.7484
99.7484
99.7484
99.7484
99.7484
99.7484
99.7484
99.7484
99.7484
99.7484
99.7484
99.7484
99.7484
99.7484
99.7484
99.7484
99.7484
99.7484
99.7484
99.7484
99.7484
99.7484
99.7484
99.7484
99.7484
99.7484
99.7484
99.7484
99.7484
99.7256
99.7028
99.475
98.8827
98.6093
98.6093
98.6093
98.6093
98.6093
98.6093
98.6093
98.6093
98.6093
98.6093
98.6093
98.6093
98.6093
98.6093
98.6093
98.6093
98.6093
98.6093
98.6093
98.6093
98.6093
98.6093
98.6093
98.6093
98.6093
98.6093
98.6093
98.6093
98.6093
98.6093
98.6093
98.6093
98.6093
98.6093
98.6093
98.6093
98.6093
98.6093
98.6093
98.6093
98.6093
98.6093
98.6093
98.6093
98.6093
98.6093
98.6093
98.6093
98.6093
98.6093
98.6093
98.6093
98.6093
98.6093
98.6093
98.6093
98.6093
98.6093
98.6093
98.6093
98.6093
98.6093
98.6093
98.6093
98.6093
98.6093
98.6093
98.6093
98.6093
98.6093
98.6093
98.6093
98.6079
98.6036
98.5783
98.5388
98.5388
98.5388
98.5388
98.5388
98.5388
98.5388
98.5388
98.5388
98.5388
98.5388
98.5388
98.5388
98.5388
98.5388
98.5388
98.5388
98.5388
98.5388
98.5388
98.5388
98.5325
98.5388
98.5388
98.5388
98.5388
98.5388
98.5388
98.5388
98.5388
98.5388
98.5388
98.5388
98.5388
98.5388
98.5388
98.4847
98.4306
97.8786
96.2125
95.8339
95.8339
95.8339
95.8339
95.8339
95.8339
95.8339
95.8339
95.8339
95.8339
95.8339
95.8339
95.8339
95.8339
95.8339
95.8339
95.8339
95.8339
95.8339
95.8339
95.8339
95.8339
95.8339
95.8339
95.8339
95.8339
95.8339
95.8339
95.8339
95.8339
95.8339
95.8339
95.8339
95.8339
95.8339
95.8339
95.8339
95.8339
95.8302
95.8154
95.7933
95.8938
95.6494
95.6494
95.6494
95.6494
95.6494
95.6494
95.6494
95.6494
95.6494
95.6494
95.6494
95.6494
95.6494
95.6494
95.6494
95.6494
95.6391
95.6283
95.6083
95.4746
95.1353
95.1353
95.1353
95.1353
95.1353
95.1353
95.1353
95.1353
95.1353
95.1353
95.1353
95.1353
95.1353
95.1353
95.1353
95.1353
95.1353
95.1353
95.1353
95.1353
95.1353
95.1353
95.1149
95.0696
94.8496
94.2002
94.1149
94.1149
94.1149
94.1149
94.1149
94.1149
94.1149
94.1149
94.1149
94.1149
94.1149
94.1149
94.1149
94.1149
94.1149
94.1149
94.1149
94.1149
94.1149
94.1149
94.1149
94.1149
94.1149
94.1149
94.1149
94.1149
94.1149
94.1149
94.1149
94.1149
94.1149
94.1149
94.1149
94.1149
94.1149
94.1149
94.1149
94.1144
94.1144
94.1149
94.1149
94.1149
94.1149
94.1149
94.1149
94.1149
94.1149
94.1149
94.1149
94.1149
94.1149
94.1149
94.1149
94.1149
94.1149
94.1149
94.1149
94.1149
94.1149
94.1149
94.1149
94.1149
94.1149
94.1149
94.1149
94.1149
94.1149
94.076
93.9981
93.7257
92.6749
92.169
92.169
92.169
92.169
92.169
92.169
92.169
92.169
92.169
92.169
92.1589
92.1589
92.1183
92.0677
91.8548
91.6622
91.6622
91.6622
91.6622
91.6622
91.6622
91.6622
91.6622
91.6622
91.6622
91.6622
91.6622
91.6622
91.6622
91.6622
91.6622
91.6622
91.6622
91.6622
91.6622
91.6622
91.6622
91.6622
91.6622
91.6622
91.6622
91.6622
91.6622
91.6622
91.6622
91.6622
91.6622
91.6622
91.6622
91.6622
91.6622
91.6622
91.6622
91.6622
91.6622
91.6622
91.6622
91.6622
91.6622
91.6622
91.6622
91.6622
91.6622
91.6622
91.6622
91.6622
91.6622
91.6622
91.6622
91.6622
91.6622
91.6622
91.6622
91.6622
91.6622
91.6622
91.6622
91.6622
91.6622
91.6622
91.6622
91.6622
91.6622
91.6622
91.6622
91.6622
91.6622
91.6622
91.6622
91.6622
91.6622
91.6622
91.6622
91.6622
91.6622
91.6622
91.6622
91.6622
91.6622
91.6622
91.6622
91.6622
91.6622
91.6622
91.6622
91.6622
91.6622
91.6622
91.6622
91.6622
91.6622
91.6622
91.6622
91.6622
91.6622
91.6622
91.6622
91.6622
91.6622
91.6622
91.6622
91.6622
91.6622
91.6622
91.6622
91.6622
91.6622
91.6622
91.6622
91.6622
91.6622
91.6598
91.6453
91.5873
91.5413
91.5413
91.5413
91.5413
91.5413
91.5413
91.5413
91.5413
91.5413
91.5413
91.5413
91.5413
91.5413
91.5413
91.5413
91.5413
91.5413
91.5413
91.5413
91.5413
91.5413
91.5413
91.5413
91.5413
91.5413
91.5413
91.5413
91.5413
91.5413
91.5413
91.5413
91.5413
91.5413
91.5413
91.5413
91.5413
91.5413
91.5413
91.5413
91.5413
91.5413
91.5413
91.5413
91.5413
91.5413
91.5413
91.5413
91.5413
91.5413
91.5413
91.5413
91.5413
91.5413
91.5413
91.5413
91.5413
91.5413
91.5413
91.5413
91.5413
91.5413
91.5413
91.5413
91.5413
91.5413
91.5413
91.5413
91.5413
91.5413
91.5413
91.5413
91.5413
91.5413
91.5413
91.5413
91.5413
91.5413
91.5413
91.5413
91.5413
91.5413
91.5413
91.5413
91.5413
91.5413
91.5413
91.5413
91.5413
91.5413
91.5413
91.5413
91.5413
91.5413
91.5413
91.5413
91.5413
91.5413
91.5413
91.5413
91.5413
91.5413
91.5413
91.5413
91.5413
91.5413
91.5413
91.5413
91.5413
91.5413
91.5413
91.5413
91.5413
91.5413
91.5413
91.5413
91.5413
91.5413
91.5413
91.5413
91.4684
91.3227
90.7199
88.7675
87.8981
87.8981
87.8981
87.8981
87.8474
87.6445
86.8511
85.3623
85.3623
85.3623
85.3623
85.3623
85.3623
85.3623
85.3623
85.3623
85.3623
85.3623
85.3623
85.3623
85.3623
85.3623
85.3623
85.3623
85.3623
85.3623
85.3623
85.3623
85.3623
85.3623
85.3623
85.3623
85.3623
85.3623
85.3623
85.3623
85.3623
85.3623
85.3623
85.3623
85.3623
85.3618
85.3623
85.3623
85.3623
85.3623
85.3623
85.3623
85.3623
85.3623
85.3623
85.3623
85.3623
85.3623
85.3623
85.3623
85.3623
85.3623
85.3623
85.3623
85.3623
85.3623
85.3623
85.3623
85.3623
85.3623
85.3623
85.3623
85.3623
85.3623
85.3623
85.3623
85.3623
85.3623
85.3623
85.3623
85.3623
85.3623
85.3623
85.3623
85.3623
85.3623
85.3623
85.3623
85.3623
85.3623
85.3623
85.3623
85.3623
85.3623
85.3623
85.3623
85.3623
85.3623
85.3623
85.3623
85.3623
85.3623
85.3623
85.3623
85.3623
85.3623
85.3623
85.3623
85.3623
85.3623
85.3623
85.3623
85.3623
85.3623
85.3623
85.3623
85.3623
85.3623
85.3623
85.3623
85.3623
85.3623
85.3623
85.3623
85.3623
85.3623
85.3623
85.3623
85.3623
85.3623
85.3623
85.3623
85.3623
85.3623
85.3623
85.3623
85.3623
85.3623
85.3623
85.3623
85.3623
85.3623
85.3603
85.3582
85.3542
85.3864
85.3124
85.2604
85.2604
85.2604
85.2604
85.2604
85.2604
85.2604
85.2604
85.2604
85.2604
85.2604
85.2604
85.2604
85.2604
85.2604
85.2604
85.2604
85.2604
85.2604
85.2604
85.2604
85.2604
85.2604
85.2604
85.2604
85.2604
85.2604
85.2604
85.2604
85.2604
85.2604
85.2604
85.2604
85.2604
85.2604
85.2604
85.2604
85.2604
85.2604
85.2604
85.2604
85.2512
85.202
84.9961
84.7338
84.6421
84.6421
84.6421
84.6421
84.6421
84.6421
84.6421
84.6421
84.6421
84.6421
84.6421
84.6421
84.6421
84.6421
84.6421
84.6421
84.6421
84.6421
84.6421
84.6421
84.6421
84.6357
84.6101
84.5856
84.3222
84.3222
84.3222
84.3222
84.3178
84.309
84.2604
84.1015
84.1015
84.1015
84.1015
84.1015
84.1015
84.1015
84.1015
84.1015
84.1015
84.1015
84.1015
84.1015
84.1015
84.1015
84.1015
84.1015
84.1015
84.1015
84.1015
84.1015
84.1015
84.1015
84.1015
84.1015
84.1015
84.1015
84.1015
84.1015
84.1015
84.1015
84.1015
84.1015
84.1015
84.1015
84.1015
84.1015
84.1015
84.1015
84.1015
84.1015
84.1015
84.1015
84.1015
84.1015
84.1015
84.1015
84.1015
84.1015
84.098
84.1015
84.1015
84.1015
84.1015
84.1015
84.1015
84.1015
84.1015
84.1015
84.1015
84.1015
84.1015
84.1015
84.1015
85.0849
95.2941
84.8764
84.1015
84.1015
84.1015
84.1015
84.1015
84.1015
84.1015
84.1015
84.1015
84.1015
84.1015
84.1015
84.1015
84.1015
84.1015
84.1015
84.1015
84.1015
84.1015
84.1015
84.1015
84.1015
84.1015
84.1015
84.1015
84.1015
84.1015
84.1015
84.1015
84.1015
84.1015
84.1015
84.1015
84.1015
84.1015
84.1015
84.1015
84.1015
84.1015
84.1015
84.1015
84.1015
84.1015
84.1015
84.1015
84.1015
84.1015
84.1015
84.1015
84.1015
84.1015
84.1015
84.1015
84.1015
84.1015
84.1015
84.1015
84.1015
84.1015
84.1015
84.1015
84.1015
84.1015
84.1015
84.1015
84.1015
84.1015
84.1015
84.1015
84.1015
84.1015
84.1015
84.1015
84.1015
84.1015
84.1015
84.1015
84.1015
84.1015
84.1015
84.1015
84.1015
84.1015
84.1015
84.1015
84.1015
84.1015
84.1015
84.1015
84.1015
84.1015
84.1015
84.1015
84.1015
84.1015
84.1015
84.1015
84.1015
84.1015
84.1015
84.1015
84.1015
84.1015
84.1015
84.1015
84.1015
84.1015
84.1015
84.1015
84.1015
84.1015
84.1015
84.1015
84.1015
84.1015
84.1015
84.1015
84.1015
84.1015
84.1015
84.1015
84.1015
84.1015
84.1015
84.1015
84.1015
84.1015
84.1015
84.1015
84.101
84.101
84.101
84.0994
85.4346
84.101
84.101
84.101
84.1015
84.1015
84.1015
84.1015
84.1015
84.1015
84.1015
84.1015
84.1015
84.1015
84.1015
84.1015
84.1015
84.1015
84.1015
84.1015
84.1015
84.1015
84.1015
84.1015
84.1015
84.1015
84.1015
84.1015
84.1015
84.1015
84.1015
84.1015
84.1015
84.1015
84.1015
84.1015
84.1015
84.1015
84.1015
84.1015
84.1015
84.1015
84.1015
84.1015
84.1015
84.1015
84.1015
84.0981
84.0913
84.0606
83.931
83.931
83.931
83.931
83.931
83.931
83.9304
83.931
83.931
83.931
83.931
83.931
83.931
83.931
83.931
83.931
83.9097
83.8884
83.6115
82.9087
82.8661
82.8661
82.8661
82.8661
82.8661
82.8661
82.8661
82.8661
82.8661
82.8661
82.8661
82.8661
82.8661
82.8661
82.8661
82.8661
82.8661
82.8661
82.8661
82.8661
82.8661
82.8661
82.8661
82.8661
82.8661
82.8661
82.8661
82.8661
82.8661
82.8661
82.8661
82.8661
82.8661
82.8661
82.8661
82.8661
82.8661
82.8661
82.8661
82.8661
82.8661
82.8661
82.8661
82.8661
82.8661
82.8661
82.8661
82.8661
82.8661
82.8661
82.8661
82.8661
82.8661
82.8661
82.8661
82.8661
82.8661
82.8661
82.8661
82.8661
82.8661
82.8661
82.8661
82.8661
82.8661
82.8661
82.8661
82.8661
82.8661
82.8661
82.8661
82.8661
82.8661
82.8661
82.8661
82.8661
82.8661
82.8661
82.8661
82.8661
82.8661
82.8661
82.8661
82.8661
82.8661
82.8661
82.8661
82.8661
82.8661
82.8661
82.8661
82.8661
82.8661
82.8661
82.8661
82.8661
82.8661
82.8661
82.8661
82.8661
82.8661
82.8661
82.8661
82.8661
82.8661
82.8661
82.8661
82.8661
82.8661
82.8661
82.8661
82.8661
82.8661
82.8661
82.8661
82.8661
82.8661
82.8661
82.8661
82.8661
82.8661
82.8661
82.8624
82.8549
82.8288
82.7613
82.6795
82.6795
82.6795
82.6795
82.6795
82.6795
82.6795
82.6795
82.6795
82.6795
82.6795
82.6795
82.6795
82.6795
82.6795
82.6795
82.6795
82.6795
82.679
82.6795
82.6795
82.6795
82.6795
82.6795
82.6795
82.6795
82.6795
82.679
82.6785
82.679
82.679
82.6795
82.6795
82.6795
82.6795
82.6795
82.6795
82.6795
82.6795
82.6795
82.6795
82.6795
82.6795
82.6795
82.6795
82.6795
82.6795
82.6795
82.6795
82.6795
82.6795
82.6795
82.6795
82.6795
82.6795
82.6795
82.6795
82.6795
82.6795
82.6795
82.6795
82.6795
82.6795
82.6795
82.6795
82.6795
82.6795
82.6795
82.6795
82.6795
82.6795
82.6795
82.6795
82.6795
82.6795
82.6795
82.6795
82.6795
82.6795
82.6795
82.6795
82.6795
82.6795
82.6795
82.6795
82.6795
82.6795
82.6795
82.6795
82.6795
82.6795
82.6795
82.6795
82.6795
82.6795
82.6795
82.6795
82.6795
82.6795
82.6795
82.6795
82.6795
82.6795
82.6795
82.6795
82.6795
82.6795
82.6795
82.6795
82.6795
82.6795
82.6795
82.6795
82.6795
82.6795
82.6795
82.6795
82.6795
82.6795
82.6795
82.6795
82.6795
82.6795
82.6795
82.6795
82.6795
82.6795
82.6795
82.6795
82.6795
82.6795
82.6795
82.6795
82.6795
82.6795
82.6795
82.6795
82.6795
82.6795
82.6795
82.6795
82.6795
82.6795
82.6795
82.6795
82.6795
82.6795
82.6795
82.6795
82.6795
82.6795
82.6795
82.6795
82.6795
82.6795
82.6795
82.6795
82.6795
82.6795
82.6795
82.6795
82.6795
82.6795
82.6795
82.6795
82.6795
82.6795
82.6795
82.6795
82.6795
82.6795
82.6795
82.6795
82.6795
82.6795
82.6795
82.6795
82.6795
82.6795
82.6795
82.6795
82.6795
82.6795
82.6795
82.6795
82.6795
82.6795
82.6795
82.6795
82.6795
82.6795
82.6795
82.6795
82.6795
82.6795
82.6795
82.6795
82.679
82.6795
82.6795
82.6795
82.6795
82.6795
82.6795
82.6795
82.6795
82.6795
82.6795
82.6795
82.6795
82.6795
82.6795
82.6795
82.6795
82.6795
82.6795
82.6795
82.6795
82.6795
82.6795
82.6795
82.6795
82.6795
82.6795
82.6795
82.6795
82.6795
82.6795
82.6795
82.6795
82.6795
82.6795
82.6795
82.6795
82.6795
82.6795
82.6795
82.6795
82.6795
82.6795
82.6795
82.6795
82.6795
82.6795
82.6795
82.6795
82.6795
82.6795
82.6795
82.6795
82.6795
82.6795
82.6795
82.6795
82.6795
82.6795
82.6795
82.6795
82.6795
82.6795
82.6795
82.6795
82.6795
82.6795
82.6795
82.6795
82.6795
82.6795
82.6795
82.6795
82.6795
82.6795
82.6795
82.6795
82.6795
82.6795
82.6795
82.6795
82.6795
82.6795
82.6795
82.6795
82.6795
82.6795
82.6795
82.6795
82.6795
82.6795
82.6795
82.6795
82.6795
82.6795
82.6795
82.6795
82.6795
82.6795
82.6795
82.6795
82.6795
82.6795
82.6795
82.6795
82.6795
82.6795
82.6795
82.6795
82.6795
82.6795
82.6795
82.6795
82.6795
82.6795
82.6795
82.6795
82.6795
82.6795
82.6795
82.6673
82.6308
82.4967
82.07
82.07
82.07
82.07
82.07
82.07
82.07
82.07
82.07
82.07
82.07
82.07
82.07
82.07
82.07
82.07
82.07
82.07
82.07
82.07
82.07
82.07
82.07
82.07
82.07
82.07
82.07
82.07
82.07
82.07
82.07
82.07
82.07
82.07
82.07
82.07
82.07
82.07
82.07
82.07
82.07
82.07
82.07
82.07
82.07
82.07
82.07
82.07
82.07
82.069
82.0674
82.0669
85.5389
86.0347
88.5877
82.044
82.044
82.044
82.044
82.044
82.044
82.044
82.044
82.044
82.044
82.044
82.044
82.044
82.044
82.044
82.044
82.044
82.044
82.044
82.044
82.044
82.044
82.044
82.044
82.044
82.044
82.044
82.044
82.044
82.044
82.044
82.044
82.044
82.044
82.044
82.044
82.044
82.044
82.044
82.044
82.044
82.044
82.044
82.044
82.044
82.044
82.044
82.044
82.044
82.044
82.044
82.044
82.044
82.044
82.044
82.044
82.044
82.044
82.044
82.044
82.044
82.044
82.044
82.044
82.044
82.044
82.044
82.044
82.044
82.044
82.044
82.044
82.044
82.044
82.044
82.044
82.044
82.044
82.044
82.044
82.044
82.044
82.044
82.044
82.044
82.044
82.044
82.044
82.044
82.044
82.044
82.044
82.044
82.044
82.044
82.044
82.044
82.044
82.044
82.044
82.044
82.044
82.044
82.044
82.044
82.044
82.044
82.044
82.044
82.044
82.044
82.044
82.044
82.044
82.044
82.044
82.044
82.044
82.044
82.044
82.044
82.044
82.044
82.044
82.044
82.044
82.044
82.044
82.044
82.044
82.044
82.044
82.044
82.044
82.044
82.044
82.044
82.044
82.044
82.044
82.044
82.044
82.044
82.044
82.044
82.044
82.044
82.044
82.044
82.044
82.044
82.044
82.044
82.044
82.044
82.044
82.044
82.044
82.044
82.044
82.044
82.044
82.044
82.044
82.044
82.044
82.044
82.044
82.044
82.044
82.044
82.044
82.044
82.044
82.044
82.044
82.0404
82.0368
82.0333
82.0226
81.9549
81.8659
81.8659
81.8659
81.8659
81.8659
81.8659
81.8659
81.8659
81.8659
81.8659
81.8659
81.8659
81.8659
81.8659
81.8659
81.8659
81.8659
81.8659
81.8659
81.8659
81.8659
81.8659
81.8659
81.8659
81.8659
81.8659
81.8659
81.8659
81.8659
81.8659
81.8659
81.8659
81.8659
81.8659
81.8659
81.8659
81.8659
81.8659
81.8659
81.8659
81.8659
81.8659
81.8659
81.8659
81.8659
81.8659
81.8659
81.8659
81.8659
81.8659
81.8659
81.8659
81.8659
81.8659
81.8659
81.8659
81.8659
81.8659
81.8659
81.8659
81.8659
81.8659
81.8659
81.8659
81.8659
81.8659
81.8659
81.8659
81.8659
81.8659
81.8659
81.8659
81.8659
81.8659
81.8659
81.8659
81.8659
81.8659
81.8659
81.8659
81.8659
81.8659
81.8659
81.8659
81.8659
81.8659
81.8659
81.8659
81.8659
81.8659
81.8659
81.8659
81.8659
81.8659
81.8659
81.8659
81.8659
81.8659
81.8659
81.8659
81.8659
81.8659
81.8659
81.8659
81.8659
81.8659
81.8659
81.8659
81.8659
81.8659
81.8659
81.8659
81.8659
81.8659
81.8659
81.8659
81.8659
81.8659
81.8659
81.8659
81.8659
81.8659
81.8659
81.8659
81.8659
81.8659
81.8659
81.8659
81.8659
81.8659
81.8659
81.8659
81.8659
81.8659
81.8659
81.8659
81.8659
81.8659
81.8659
81.8659
81.8659
81.8659
81.8659
81.8659
81.8659
81.8659
81.8659
81.8659
81.8659
81.8659
81.8659
81.8659
81.8659
81.8659
81.8659
81.8659
81.8659
81.8659
81.8659
81.8659
81.8659
81.8659
81.8659
81.8659
81.8659
81.8659
81.8659
81.8659
81.8659
81.8659
81.8659
81.8659
81.8659
81.8659
81.8659
81.8659
81.8659
81.8659
81.8659
81.8659
81.8659
81.8659
81.8659
81.8659
81.8659
81.8659
81.8659
81.8659
81.8659
81.8659
81.8659
81.8659
81.8659
81.8659
81.8659
81.8659
81.8659
81.8659
81.8659
81.8659
81.8659
81.8659
81.8659
81.8659
81.8659
81.8659
81.8659
81.8659
81.8659
81.8659
81.8659
81.8659
81.8659
81.8659
81.8659
81.8659
81.8659
81.8659
81.8593
81.8462
81.7743
81.5464
81.511
81.5018
81.4465
81.2436
81.0775
81.0775
81.0775
81.0775
81.0775
81.0775
81.0775
81.0775
81.0775
81.0775
81.559
81.0775
81.0775
81.0775
81.0775
81.0775
81.0775
81.0775
81.0775
81.0775
81.0775
81.0775
81.0775
81.0775
81.0775
81.0775
81.0775
81.0775
81.0775
81.0775
81.0775
81.0775
81.0775
81.0775
81.0775
81.0775
81.0775
81.0775
81.0775
81.0775
81.0775
81.0775
81.0775
81.0775
81.0775
81.0775
81.0775
81.0775
81.0775
81.0775
81.0775
81.0775
81.0775
81.0775
81.0775
81.0775
81.0775
81.0775
81.0775
81.0775
81.0775
81.0775
81.0775
81.0775
81.0775
82.1768
81.0775
81.0775
81.0775
81.0775
81.0775
81.0775
81.0775
81.0775
81.0775
81.0775
81.0775
81.0775
81.0775
81.0775
81.0775
81.0775
81.0775
81.0775
81.0775
81.0775
81.0775
81.0775
81.0775
81.0775
81.0775
81.0775
81.0775
81.0775
81.0775
81.0775
81.0775
81.0775
81.0775
81.0775
81.0775
81.0775
81.0775
81.0775
81.0775
81.0775
81.0775
81.0775
81.0775
81.0775
81.0775
81.0775
81.0775
81.0775
81.0775
81.0775
81.0775
81.0775
81.0775
81.0775
81.0775
81.0775
81.0775
81.0775
81.0775
81.0775
81.0775
81.0775
81.0775
81.0775
81.0775
81.0775
81.0775
81.0775
83.2344
81.0775
85.9447
82.0127
81.7965
87.8343
81.0775
81.0775
81.0775
81.0775
81.0775
82.5292
84.9917
86.6992
87.0931
81.0775
81.0775
81.0775
81.0775
81.0775
81.0775
81.0775
81.0775
81.0775
81.0775
81.0775
81.0775
81.0775
81.0775
81.0775
81.0775
81.0775
81.0775
81.0775
81.0775
81.0775
81.0775
81.0775
81.0775
81.0775
81.0775
81.0775
81.0775
81.0775
81.0775
81.0775
81.0775
81.0775
81.0775
81.0775
81.0775
81.0775
81.0775
81.0775
81.0775
81.0775
81.0775
81.0775
81.0775
81.0775
81.0775
81.0775
81.0775
81.0775
81.0775
81.0775
81.0775
81.0775
81.0775
81.0775
81.0775
81.0775
81.0775
81.0775
81.0775
81.0775
81.0775
81.0775
81.0775
81.0775
81.0775
81.0775
81.0775
81.0775
81.0775
81.0775
81.0775
81.0775
81.0775
81.0775
81.0775
81.0775
81.0775
81.0775
81.0775
81.0775
81.0775
81.0775
81.0775
81.0775
81.0775
81.0775
81.0775
81.0775
81.0775
81.0775
81.0775
81.0775
81.0775
81.0775
81.0775
81.0775
81.0775
81.0775
81.0775
81.0775
81.0775
81.0775
81.0775
81.0775
81.0775
81.0775
81.0775
81.0775
81.0775
81.0775
81.0775
81.0775
81.0775
81.0775
81.0775
81.0775
81.0775
81.0775
81.0775
81.0775
81.0775
81.0775
81.0775
81.0775
81.0775
81.0775
81.0775
81.0775
81.0775
81.0775
81.0775
81.0775
81.0775
81.0775
81.074
81.0705
81.0356
80.976
80.9026
80.9026
80.9026
80.9026
80.9026
80.9026
80.9026
80.9026
80.9026
80.9026
80.9026
80.9026
80.9026
80.9026
80.9026
80.9026
80.9026
80.9026
80.9026
80.9026
80.9026
80.9026
80.9026
80.9026
80.9026
80.9026
80.9026
80.9026
80.9026
80.9026
80.9026
80.9026
80.9026
80.9026
80.9026
80.9026
80.9026
80.9026
80.9026
80.9026
80.9026
80.9026
80.9026
80.9026
80.9026
80.9026
80.9026
80.9026
80.9026
80.9026
80.9026
80.9026
80.9026
80.9026
80.9026
80.9026
80.9026
80.9026
80.9026
80.9026
80.9026
80.9026
80.9026
80.9026
80.9026
80.9026
80.9026
80.9026
80.9026
80.9026
80.9026
80.9026
80.9026
80.9026
80.9026
80.9026
80.9026
80.9026
80.9026
80.9026
80.9026
80.9026
80.9026
80.9026
80.9026
80.9026
80.9026
80.9026
80.9026
80.9026
80.9026
80.9026
80.9026
80.9026
80.9026
80.9026
80.9026
80.9026
80.9026
80.9026
80.9026
80.9026
80.9026
80.9026
80.9026
80.9026
80.9026
80.9026
80.9026
80.9026
80.9026
80.9026
80.9026
80.9026
80.9026
80.9026
80.9026
80.9026
80.9026
80.9026
80.9026
80.9026
80.9026
80.9026
80.9026
80.9026
80.9026
80.9026
80.9026
80.9026
80.9026
80.9026
80.9026
80.9026
80.9026
80.9026
80.9026
80.9026
80.9026
80.9026
80.9026
80.9026
80.9026
80.9026
80.9026
80.9026
80.9026
80.9026
80.9026
80.9026
80.9026
80.9026
80.9026
80.9026
80.9026
80.9026
80.9026
80.9026
80.9026
80.9026
80.9026
80.9026
80.9026
80.9026
80.9026
80.9026
80.9026
80.9026
80.9026
80.9026
80.9026
80.9026
80.9026
80.9019
80.8982
80.8879
80.8658
80.8658
80.8658
80.8658
80.8658
80.8658
80.8658
80.8658
80.8658
80.8658
80.8658
80.8658
80.8658
80.8658
80.8658
80.8658
80.8658
80.8658
80.8658
80.8658
80.8658
80.8658
80.8658
80.8658
80.8658
80.8658
80.8658
80.8658
80.8658
80.8658
80.8658
80.8658
80.8658
80.8658
80.8658
80.8658
80.8658
80.8658
80.8658
80.8658
80.8658
80.8658
80.8658
80.8658
80.8658
80.8658
80.8658
80.8658
80.8658
80.8658
80.8658
80.8658
80.8658
80.8658
80.8658
80.8658
80.8658
80.8658
80.8658
80.8658
80.8658
80.8658
80.8658
80.8658
80.8658
80.8658
80.8658
80.8658
80.8658
80.8658
80.8658
80.8658
80.8658
80.8658
80.8658
80.8658
80.8658
80.8658
80.8658
80.8658
80.8658
80.8658
80.8658
80.8658
80.8658
80.8658
80.8658
80.8658
80.8658
80.8658
80.8658
80.8658
80.8658
80.8658
80.8658
80.8658
80.8658
80.8658
80.8658
80.8658
80.8658
80.8658
80.8658
80.8658
80.8658
80.8658
80.8658
80.8658
80.8658
80.8658
80.8658
80.8658
80.8658
80.8658
80.8658
80.8658
80.8658
80.8658
80.8658
80.8658
80.8658
80.8658
80.8658
80.8658
80.8658
80.8658
80.8658
80.8658
80.8658
80.8658
80.8658
80.8658
80.8658
80.8658
80.8658
80.8658
80.8658
80.8658
80.8658
80.8658
80.8658
80.8658
80.8658
80.8658
80.8658
80.8658
80.8658
80.8658
80.8658
80.8658
80.8658
80.8658
80.8658
80.8658
80.8658
80.8658
80.8658
80.8658
80.8658
80.8658
80.8658
80.8658
80.8658
80.8658
80.8658
80.8658
80.8658
80.8658
80.8658
80.8658
80.8658
80.8658
80.8658
80.8658
80.8658
80.8658
80.8658
80.8658
80.8658
80.8658
80.8658
80.8658
80.8658
80.8658
80.8658
80.8544
80.7974
80.7023
80.2963
80.2963
80.2963
80.2963
80.2963
80.2963
80.2963
80.2963
80.2963
80.2963
80.2963
80.2963
80.2963
80.2963
80.2963
80.2963
80.2963
80.2963
80.2963
80.2963
80.2963
80.29
80.2712
80.2084
79.9825
79.9825
79.9825
79.9825
79.9825
79.9825
79.9825
79.9825
79.9825
79.9825
79.9825
79.9825
79.9825
79.9825
79.9825
79.9825
79.9825
79.9825
79.9825
79.9825
79.9825
79.9825
79.9825
79.9825
79.9825
79.9825
79.9825
79.9825
79.9825
79.9825
79.9825
79.9825
79.9825
79.9825
79.9825
79.9825
79.9825
79.9825
79.9825
79.9825
79.9825
79.9825
79.9825
79.9825
79.9825
79.9825
79.9825
79.9825
79.9825
79.9825
79.9825
79.9825
79.9825
79.9825
79.9825
79.9825
79.9825
79.9825
79.9825
79.9825
79.9825
79.9825
79.9825
79.9825
79.9825
79.9825
79.9825
79.9825
79.9825
79.9825
79.9825
79.9825
79.9825
79.9825
79.9825
79.9825
79.9825
79.9825
79.9825
79.9825
79.9825
79.9825
79.9825
79.9825
79.9825
79.9825
79.9825
79.9825
79.9825
79.9825
79.9825
79.9825
79.9825
79.9825
79.9825
79.9825
79.9825
79.9825
79.9825
79.9825
79.9825
79.9825
79.9825
79.9825
79.9825
79.9825
79.9825
79.9825
79.9825
79.9825
79.9825
79.9825
79.9825
79.9825
79.9825
79.9825
79.9825
79.9825
79.9825
79.9825
79.9825
79.9825
79.9825
79.9825
79.9825
79.9825
79.9825
79.9825
79.9825
79.9825
79.9825
79.9825
79.9825
79.9825
79.9825
79.9825
79.9825
79.9825
79.9825
79.9825
79.9825
79.9825
79.9825
79.9825
79.9825
79.9825
79.9825
79.9825
79.9825
79.9825
79.9825
79.9825
79.9825
79.9825
79.9825
79.9825
79.9825
79.9825
79.9825
79.9825
79.9825
79.9825
79.9825
79.9825
79.9825
79.9825
79.9825
79.9825
79.9825
79.9825
79.9825
79.9825
79.9825
79.9825
79.9825
79.9825
79.9825
79.9825
79.9825
79.9825
79.9825
79.9825
79.9825
79.9825
79.9825
79.9825
79.9825
79.9825
79.9825
79.9825
79.9825
79.9825
79.9825
79.9825
79.9825
79.9825
79.9825
79.9825
79.9825
79.9825
79.9825
79.9825
79.9825
79.9825
79.9825
79.9825
79.9825
79.9825
79.9825
79.9825
79.9825
79.9825
79.9825
79.9825
79.9825
79.9825
79.9825
79.9825
79.9825
79.9825
79.9825
79.9825
79.9825
79.9825
79.9825
79.9825
79.9825
79.9825
79.9825
79.9825
79.9825
79.9825
79.9825
79.9825
79.9825
79.9825
79.9825
79.9825
79.9825
79.9825
79.9825
79.9825
79.9825
79.9825
79.9825
79.9825
79.9825
79.9825
79.9825
79.9825
79.9825
79.9825
79.9825
79.9825
79.9825
79.9825
79.9825
79.9825
79.9825
79.9825
79.9825
79.9825
79.9825
79.9825
79.9825
79.9825
79.9825
79.9825
79.9825
79.9825
79.9825
79.9825
79.9825
79.9825
79.9825
79.9825
79.9825
79.9825
79.9825
79.9825
79.9825
79.9825
79.9825
79.9825
79.9825
79.9825
79.9825
79.9825
79.9825
79.9825
79.9825
79.9825
79.9825
79.9825
79.9825
79.9825
79.9825
79.9825
79.9825
79.9825
79.9825
79.9825
79.9825
79.9825
79.9825
79.9825
79.9825
79.9825
79.9825
79.9825
79.9825
79.9825
79.9825
79.9825
79.9825
79.9825
79.9825
79.9825
79.9825
79.9825
79.9825
79.9825
79.9825
79.9825
79.9825
79.9825
79.9825
79.9825
79.9825
79.9825
79.9825
79.9825
79.9825
79.9825
79.9825
79.9825
79.9825
79.9825
79.9825
79.9825
79.9825
79.9825
79.9825
79.9825
79.9825
79.9825
79.9825
79.9825
79.9825
79.9825
79.9825
79.9825
79.9825
79.9825
79.9825
79.9825
79.9825
79.9825
79.9825
79.9825
79.9825
79.9825
79.9825
79.9825
79.9825
79.9825
79.9825
79.9825
79.9825
79.9825
79.9825
79.9825
79.9825
79.9825
79.9825
79.9825
79.9825
79.9825
79.9825
79.9825
79.9825
79.9825
79.9825
79.9825
79.9825
79.9825
79.9825
79.9825
79.9825
79.9825
79.9825
79.9825
79.9825
79.9825
79.9825
79.9825
79.9825
79.9825
79.9825
79.9825
79.9825
79.9825
79.9825
79.9825
79.9825
79.9825
79.9825
79.9825
79.9825
79.9825
79.9825
79.9825
79.9825
79.9825
79.9825
79.9825
79.9825
79.9825
79.9825
79.9825
79.9825
79.9825
79.9825
79.9825
79.9825
79.9825
79.9825
79.9825
79.9825
79.9825
79.9825
79.9825
79.9825
79.9825
79.9825
79.9825
79.9825
79.9825
79.9825
79.9825
79.9825
79.9825
79.9825
79.9825
79.9825
79.9825
79.9825
79.9825
79.9825
79.9825
79.9825
79.9825
79.9825
79.9825
79.9825
79.9825
79.9825
79.9825
79.9825
79.9825
79.9825
79.9825
79.9825
79.9825
79.9825
79.9825
79.9825
79.9825
79.9825
79.9825
79.9825
79.9825
79.9825
79.9825
79.9825
79.9825
79.9825
79.9825
79.9825
79.9825
79.9825
79.9825
79.9825
79.9825
79.9825
79.9825
79.9825
79.9825
79.9825
79.9825
79.9825
79.9825
79.9825
79.9825
79.9825
79.9825
79.9825
79.9825
79.9825
79.9825
79.9825
79.9825
79.9825
79.9825
79.9825
79.9825
79.9825
79.9825
79.9825
79.9825
79.9825
79.9825
79.9825
79.9825
79.9825
79.9825
79.9825
79.9825
79.9825
79.9825
79.9825
79.9825
79.9825
79.9825
79.9825
79.9825
79.9825
79.9825
79.9825
79.9825
79.9825
79.9825
79.9825
79.9825
79.9825
79.9825
79.9825
79.9825
79.9825
79.9825
79.9825
79.9825
79.9825
79.9825
79.9825
79.9825
79.9825
79.9825
79.9825
79.9825
79.9825
79.9825
79.9825
79.9825
79.9825
79.9825
79.9825
79.9825
79.9825
79.9825
79.9825
79.9825
79.9825
79.9825
79.9825
79.9825
79.9825
79.9825
79.9825
79.9825
79.9825
79.9825
79.9825
79.9825
79.9825
79.9825
79.9825
79.9825
79.9825
79.9825
79.9825
79.9825
79.9825
79.9825
79.9825
79.9825
79.9825
79.9825
79.9825
79.9825
79.9825
79.9825
79.9825
79.9825
79.9825
79.9825
79.9825
79.9825
79.9825
79.9825
79.9825
79.9825
79.9825
79.9825
79.9825
79.9825
79.9825
79.9825
79.9825
79.9825
79.9825
79.9825
79.9825
79.9825
79.9825
79.9825
79.9825
79.9825
79.9825
79.9825
79.9825
79.9825
79.9825
79.9825
79.9825
79.9825
79.9825
79.9825
79.9825
79.9825
79.9825
79.9825
79.9825
79.9825
79.9825
79.9825
79.9825
79.9825
79.9825
79.9825
79.9825
79.9825
79.9825
79.9825
79.9825
79.9825
79.9825
79.9825
79.9825
79.9825
79.9825
79.9825
79.9825
79.9825
79.9825
79.9825
79.9825
79.9825
79.9825
79.9825
79.9825
79.9825
79.9825
79.9825
79.9825
79.9825
79.9825
79.9825
79.9825
79.9825
79.9825
79.9825
79.9825
79.9825
79.9825
79.9825
79.9825
79.9825
79.9825
79.9825
79.9825
79.9825
79.9825
79.9825
79.9825
79.9825
79.9825
79.9825
79.9825
79.9825
79.9825
79.9825
79.9799
79.972
79.9485
79.8518
79.8518
79.8518
79.8518
79.8518
79.8518
79.8518
79.8518
79.8518
79.8518
79.8518
79.8518
79.8518
79.8518
79.8518
79.8518
79.8518
79.8518
79.8518
79.8518
79.8518
79.8518
79.8518
79.8518
79.8518
79.8518
79.8518
79.8518
79.8518
79.8518
79.8518
79.8518
79.8518
79.8518
79.8518
79.8518
79.8518
79.8518
79.8518
79.8518
79.8518
79.8518
79.8518
79.8518
79.8518
79.8518
79.8518
79.8518
79.8518
79.8518
79.8518
79.8518
79.8518
79.8518
79.8518
79.8518
79.8518
79.8518
79.8518
79.8518
79.8518
79.8518
79.8518
79.8518
79.8518
79.8518
79.8518
79.8518
79.8518
79.8518
79.8518
79.8518
79.8518
79.8518
79.8518
79.8518
79.8518
79.8518
79.8518
79.8518
79.8518
79.8518
79.8518
79.8518
79.8518
79.8518
79.8518
79.8518
79.8518
79.8518
79.8518
79.8518
79.8518
79.8518
79.8518
79.8518
79.8518
79.8518
79.8518
79.8518
79.8518
79.8518
79.8518
79.8518
79.8518
79.8518
79.8518
79.8518
79.8518
79.8518
79.8518
79.8518
79.8518
79.8518
79.8518
79.8518
79.8518
79.8518
79.8518
79.8518
79.8518
79.8518
79.8518
79.8518
79.8518
79.8518
79.8518
79.8518
79.8518
79.8518
79.8518
79.8518
79.8518
79.8518
79.8518
79.8518
79.8518
79.8518
79.8518
79.8518
79.8518
79.8518
79.8518
79.8518
79.8518
79.8518
79.8518
79.8518
79.8518
79.8518
79.8518
79.8518
79.8518
79.8518
79.8518
79.8518
79.8518
79.8518
79.8518
79.8518
79.8518
79.8518
79.8518
79.8518
79.8518
79.8518
79.8518
79.8518
79.8518
79.8518
79.8518
79.8518
79.8518
79.8518
79.8518
79.8518
79.8518
79.8518
79.8518
79.8518
79.8518
79.8518
79.8518
79.8518
79.8518
79.8518
79.8518
79.8518
79.8518
79.8518
79.8518
79.8518
79.8518
79.8518
79.8518
79.8518
79.8518
79.8518
79.8518
79.8518
79.8518
79.8518
79.8518
79.8518
79.8518
79.8518
79.8518
79.8518
79.8518
79.8518
79.8518
79.8518
79.8518
79.8518
79.8518
79.8518
79.8518
79.8518
79.8518
79.8518
79.8518
79.8518
79.8518
79.8518
79.8518
79.8518
79.8518
79.8518
79.8518
79.8518
79.8518
79.8518
79.8518
79.8518
79.8518
79.8518
79.8518
79.8518
79.8518
79.8518
79.8518
79.8518
79.8518
79.8518
79.8518
79.8518
79.8518
79.8518
79.8518
79.8518
79.8518
79.8518
79.8518
79.8518
79.8518
79.8518
79.8518
79.8518
79.8518
79.8518
79.8518
79.8518
79.8518
79.8518
79.8518
79.8518
79.8518
79.8518
79.8518
79.8518
79.8518
79.8518
79.8518
79.8518
79.8518
79.8518
79.8518
79.8518
79.8518
79.8518
79.8518
79.8518
79.8518
79.8518
79.8518
79.8518
79.8518
79.8518
79.8518
79.8518
79.8518
79.8518
79.8518
79.8518
79.8518
79.8518
79.8518
79.8518
79.8518
79.8518
79.8518
79.8518
79.8518
79.8518
79.8518
79.8518
79.8518
79.8518
79.8518
79.8518
79.8518
79.8518
79.8518
79.8518
79.8518
79.8518
79.8518
79.8518
79.8518
79.8518
79.8518
79.8518
79.8518
79.8518
79.8518
79.8518
79.8518
79.8518
79.8518
79.8518
79.8518
79.8518
79.8518
79.8518
79.8518
79.8518
79.8518
79.8518
79.8518
79.8518
79.8518
79.8518
79.8518
79.8518
79.8518
79.8518
79.8518
79.8518
79.8518
79.8518
79.8518
79.8518
79.8518
79.8518
79.8518
79.8518
79.8518
79.8518
79.8518
79.8518
79.8518
79.8518
79.8518
79.8518
79.8518
79.8518
79.8518
79.8518
79.8518
79.8518
79.8518
79.8518
79.8518
79.8518
79.8518
79.8518
79.8518
79.8518
79.8518
79.8518
79.8518
79.8518
79.8518
79.8518
79.8518
79.8518
79.8518
79.8518
79.8518
79.8518
79.8518
79.8518
79.8518
79.8518
79.8518
79.8518
79.8518
79.8518
79.8518
79.8518
79.8518
79.8518
79.8518
79.8518
79.8518
79.8518
79.8518
79.8518
79.8518
79.8518
79.8518
79.8518
79.8518
79.8518
79.8518
79.8518
79.8518
79.8518
79.8518
79.8518
79.8518
79.8518
79.8518
79.8518
79.8518
79.8518
79.8518
79.8518
79.8518
79.8518
79.8518
79.8518
79.8518
79.8518
79.8518
79.8518
79.8518
79.8518
79.8518
79.8518
79.8518
79.8518
79.8518
79.8518
79.8518
79.8518
79.8518
79.8518
79.8518
79.8518
79.8518
79.8518
79.8518
79.8518
79.8518
79.8518
79.8518
79.8518
79.8518
79.8518
79.8518
79.8518
79.8518
79.8518
79.8518
79.8518
79.8518
79.8518
79.8518
79.8518
79.8518
79.8518
79.8518
79.8518
79.8518
79.8518
79.8518
79.8518
79.8518
79.8518
79.8518
79.8518
79.8518
79.8518
79.8518
79.8518
79.8518
79.8518
79.8518
79.8518
79.8518
79.8518
79.8518
79.8518
79.8518
79.8518
79.8518
79.8518
79.8518
79.8518
79.8518
79.8518
79.8518
79.8518
79.8518
79.8518
79.8518
79.8518
79.8518
79.8518
79.8518
79.8518
79.8518
79.8518
79.8518
79.8518
79.8518
79.8518
79.8518
79.8518
79.8518
79.8518
79.8518
79.8518
79.8518
79.8518
79.8518
79.8518
79.8518
79.8518
79.8518
79.8518
79.8518
79.8518
79.8518
79.8518
79.8518
79.8518
79.8518
79.8518
79.8518
79.8518
79.8518
79.8518
79.8518
79.8518
79.8518
79.8518
79.8518
79.8518
79.8518
79.8518
79.8518
79.8518
79.8518
79.8518
79.8518
79.8518
79.8518
79.8518
79.8518
79.8518
79.8518
79.8518
79.8518
79.8518
79.8518
79.8518
79.8518
79.8518
79.8518
79.8518
79.8518
79.8518
79.8518
79.8518
79.8518
79.8518
79.8518
79.8518
79.8518
79.8518
79.8518
79.8518
79.8518
79.8518
79.8518
79.8518
79.8518
79.8518
79.8518
79.8518
79.8518
79.8518
79.8518
79.8518
79.8518
79.8518
79.8518
79.8518
79.8518
79.8518
79.8518
79.8518
79.8518
79.8518
79.8518
79.8518
79.8518
79.8518
79.8518
79.8518
79.8518
79.8518
79.8518
79.8518
79.8518
79.8518
79.8518
79.8518
79.8518
79.8518
79.8518
79.8518
79.8518
79.8518
79.8518
79.8518
79.8518
79.8518
79.8518
79.8518
79.8518
79.8518
79.8518
79.8518
79.8518
79.8518
79.8518
79.8518
79.8518
79.8518
79.8518
79.8518
79.8518
79.8518
79.8518
79.8518
79.8518
79.8518
79.8518
79.8518
79.8518
79.8518
79.8518
79.8518
79.8518
79.8518
79.8518
79.8518
79.8518
79.8518
79.8518
79.8518
79.8518
79.8518
79.8518
79.8518
79.8518
79.8518
79.8518
79.8518
79.8518
79.8518
79.8518
79.8518
79.8518
79.8518
79.8518
79.8518
79.8518
79.8518
79.8518
79.8518
79.8518
79.8518
79.8518
79.8518
79.8518
79.8518
79.8518
79.8518
79.8518
79.8518
79.8518
79.8518
79.8518
79.8518
79.8518
79.8518
79.8518
79.8518
79.8518
79.8518
79.8518
79.8518
79.8518
79.8518
79.8518
79.8518
79.8518
79.8518
79.8518
79.8518
79.8518
79.8518
79.8518
79.8518
79.8518
79.8518
79.8518
79.8518
79.8518
79.8518
79.8518
79.8518
79.8518
79.8518
79.8518
79.8518
79.8518
79.8518
79.8518
79.8518
79.8518
79.8518
79.8518
79.8518
79.8518
79.8518
79.8518
79.8518
79.8518
79.8518
79.8518
79.8518
79.8518
79.8518
79.8518
79.8518
79.8518
79.8518
79.8518
79.8518
79.8518
79.8518
79.8518
79.8518
79.8518
79.8518
79.8518
79.8518
79.8518
79.8518
79.8518
79.8518
79.8518
79.8518
79.8518
79.8518
79.8518
79.8518
79.8518
79.8518
79.8518
79.8518
79.8518
79.8518
79.8518
79.8518
79.8518
79.8518
79.8518
79.8518
79.8518
79.8518
79.8518
79.8518
79.8518
79.8518
79.8518
79.8518
79.8518
79.8518
79.8518
79.8518
79.8518
79.8518
79.8518
79.8518
79.8518
79.8518
79.8518
79.8518
79.8518
79.8518
79.8518
79.8518
79.8518
79.8518
79.8518
79.8518
79.8518
79.8518
79.8518
79.8518
79.8518
79.8518
79.8518
79.8518
79.8518
79.8518
79.8518
79.8518
79.8518
79.8518
79.8518
79.8518
79.8518
79.8518
79.8518
79.8518
79.8518
79.8518
79.8518
79.8518
79.8518
79.8518
79.8668
79.8518
79.8518
79.8518
79.8518
79.8518
79.8518
79.8518
79.8518
79.8518
79.8518
79.8518
79.8518
79.8518
79.8518
79.8518
79.8518
79.8518
79.8518
79.8518
79.8518
79.8518
79.8518
79.8518
79.8518
79.8518
79.8518
79.8518
79.8518
79.8518
79.8518
79.8518
79.8518
79.8518
79.8518
79.8518
79.8518
79.8518
79.8518
79.8518
79.8518
79.8518
79.8518
79.8518
79.8518
79.8518
79.8518
79.8518
79.8518
79.8518
79.8518
79.8518
79.8518
79.8518
79.8518
79.8518
79.8518
79.8518
79.8518
79.8518
79.8518
79.8518
79.8518
79.8518
79.8518
79.8518
79.8518
79.8518
79.8518
79.8518
79.8518
79.8518
79.8518
79.8518
79.8518
79.8518
79.8518
79.8518
79.8518
79.8518
79.8518
79.8518
79.8518
79.8518
79.8518
79.8518
79.8518
79.8518
79.8518
79.8518
79.8518
79.8518
79.8518
79.8518
79.8518
79.8518
79.8518
79.8518
79.8518
79.8518
79.8518
79.8518
79.8518
79.8518
79.8518
79.8518
79.8518
79.8518
79.8518
79.8518
79.8518
79.8518
79.8518
79.8518
79.8518
79.8518
79.8518
79.8518
79.8518
79.8518
79.8518
79.8518
79.8518
79.8518
79.8518
79.8518
79.8518
79.8518
79.8518
79.8518
79.8518
79.8518
79.8518
79.8518
79.8518
79.8518
79.8518
79.8518
79.8518
79.8518
79.8518
79.8518
79.8518
79.8518
79.8518
79.8518
79.8518
79.8518
79.8518
79.8518
79.8518
79.8518
79.8518
79.8518
79.8518
79.8518
79.8518
79.8518
79.8518
79.8518
79.8518
79.8518
79.8518
79.8518
79.8518
79.8518
79.8518
79.8518
79.8518
79.8518
79.8518
79.8518
79.8518
79.8518
79.8518
79.8518
79.8518
79.8518
79.8518
79.8518
79.8518
79.8518
79.8518
79.8518
79.8518
79.8518
79.8518
79.8518
79.8518
79.8518
79.8518
79.8518
79.8518
79.8518
79.8518
79.8518
79.8518
79.8518
79.8518
79.8518
79.8518
79.8518
79.8518
79.8518
79.8518
79.8518
79.8518
79.8518
79.8518
79.8518
79.8518
79.8518
79.8518
79.8518
79.8518
79.8518
79.8518
79.8518
79.8518
79.8518
79.8518
79.8518
79.8518
79.8518
79.8518
79.8518
79.8518
79.8518
79.8518
79.8518
79.8518
79.8518
79.8518
79.8518
79.8518
79.8518
79.8518
79.8518
79.8518
79.8518
79.8518
79.8518
79.8518
79.8518
79.8518
79.8518
79.8518
79.8518
79.8518
79.8518
79.8518
79.8518
79.8518
79.8518
79.8518
79.8518
79.8518
79.8518
79.8518
79.8518
79.8518
79.8518
79.8518
79.8518
79.8518
79.8518
79.8518
79.8518
79.8518
79.8518
79.8518
79.8518
79.8518
79.8518
79.8518
79.8518
79.8518
79.8518
79.8518
79.8518
79.8518
79.8518
79.8518
79.8518
79.8518
79.8518
79.8518
79.8518
79.8518
79.8518
79.8518
79.8518
79.8518
79.8518
79.8518
79.8518
79.8518
79.8518
79.8518
79.8518
79.8518
79.8518
79.8518
79.8518
79.8518
79.8518
79.8518
79.8518
79.8518
79.8518
79.8518
79.8518
79.8518
79.8518
79.8518
79.8518
79.8518
79.8518
79.8518
79.8518
79.8518
79.8518
79.8518
79.8518
79.8518
79.8518
79.8518
79.8518
79.8518
79.8518
79.8518
79.8518
79.8518
79.8518
79.8518
79.8518
79.8518
79.8518
79.8518
79.8518
79.8518
79.8518
79.8518
79.8518
79.8518
79.8518
79.8518
79.8518
79.8518
79.8518
79.8518
79.8518
79.8518
79.8518
79.8518
79.8518
79.8518
79.8518
79.8518
79.8518
79.8518
79.8518
79.8518
79.8518
79.8518
79.8518
79.8518
79.8518
79.8518
79.8518
79.8518
79.8518
79.8518
79.8518
79.8518
79.8518
79.8518
79.8518
79.8518
79.8518
79.8518
79.8518
79.8518
79.8518
79.8518
79.8518
79.8518
79.8518
79.8518
79.8518
79.8518
79.8518
79.8518
79.8518
79.8518
79.8518
79.8518
79.8518
79.8518
79.8518
79.8518
79.8518
79.8518
79.8518
79.8518
79.8518
79.8518
79.8518
79.8518
79.8518
79.8518
79.8518
79.8518
79.8518
79.8518
79.8518
79.8518
79.8518
79.8518
79.8518
79.8518
79.8518
79.8518
79.8518
79.8518
79.8518
79.8518
79.8518
79.8518
79.8518
79.8518
79.8518
79.8518
79.8518
79.8518
79.8518
79.8518
79.8518
79.8518
79.8518
79.8518
79.8518
79.8518
79.8518
79.8518
79.8518
79.8518
79.8518
79.8518
79.8518
79.8518
79.8518
79.8518
79.8518
79.8518
79.8518
79.8518
79.8518
79.8518
79.8518
79.8518
79.8518
79.8518
79.8518
79.8518
79.8518
79.8518
79.8518
79.8518
79.8518
79.8518
79.8518
79.8518
79.8518
79.8518
79.8518
79.8518
79.8518
79.8518
79.8518
79.8518
79.8518
79.8518
79.8518
79.8518
79.8518
79.8518
79.8518
79.8518
79.8518
79.8518
79.8518
79.8518
79.8518
79.8518
79.8518
79.8518
79.8518
79.8518
79.8518
79.8518
79.8518
79.8518
79.8518
79.8518
79.8518
79.8518
79.8518
79.8518
79.8518
79.8518
79.8518
79.8518
79.8518
79.8518
79.8518
79.8518
79.8518
79.8518
79.8518
79.8518
79.8518
79.8518
79.8518
79.8518
79.8518
79.8518
79.8518
79.8518
79.83
79.83
79.8082
79.7429
79.4814
78.7624
78.7624
78.7624
78.7624
78.7624
78.7624
78.7624
78.7624
78.7624
78.7624
78.7624
78.7624
78.7624
78.7624
78.7624
78.7624
78.7624
78.7624
78.7624
78.7624
78.7624
78.7624
78.7624
78.7624
78.7624
78.7624
78.7624
78.7624
78.7624
78.7624
78.7624
78.7624
78.7624
78.7624
78.7624
78.7624
78.7624
78.7624
78.7624
78.7624
78.7624
78.7624
78.7624
78.7624
78.7624
78.7624
78.7624
78.7624
78.7624
78.7624
78.7624
78.7624
78.7624
78.7624
78.7624
78.7624
78.7624
78.7624
78.7624
78.7624
78.7624
78.7624
78.7624
78.7624
78.7624
78.7624
78.7624
78.7624
78.7624
78.7624
78.7624
78.7624
78.7624
78.7624
78.7624
78.7624
78.7624
78.7624
78.7624
78.7624
78.7624
78.7624
78.7624
78.7624
78.7624
78.7624
78.7624
78.7624
78.7624
78.7624
78.7624
78.7624
78.7624
78.7624
78.7624
78.7624
78.7624
78.7624
78.7624
78.7624
78.7624
78.7624
78.7624
78.7624
78.7624
78.7624
78.7624
78.7624
78.7624
78.7624
78.7624
78.7624
78.7624
78.7624
78.7624
78.7624
78.7624
78.7624
78.7624
78.7624
78.7624
78.7624
78.7624
78.7624
78.7624
78.7624
78.7624
78.7624
78.7624
78.7624
78.7624
78.7624
78.7624
78.7624
78.7624
78.7624
78.7624
78.7624
78.7624
78.7624
78.7624
78.7624
78.7624
78.7624
78.7624
78.7624
78.7624
78.7624
78.7624
78.7624
78.7624
78.7624
78.7624
78.7624
78.7624
78.7624
78.7624
78.7624
78.7624
78.7624
78.7624
78.7624
78.7624
78.7624
78.7624
78.7624
78.7624
78.7624
78.7624
78.7624
78.7624
78.7624
78.7624
78.7624
78.7624
78.7624
78.7624
78.7624
78.7624
78.7624
78.7624
78.7624
78.7624
78.7624
78.7624
78.7624
78.7624
78.7624
78.7624
78.7624
78.7624
78.7624
78.7624
78.7624
78.7624
78.7624
78.7624
78.7624
78.7624
78.7624
78.7624
78.7624
78.7624
78.7624
78.7624
78.7624
78.7624
78.7624
78.7624
78.7624
78.7624
78.7624
78.7624
78.7624
78.7624
78.7624
78.7624
78.7624
78.7624
78.7624
78.7624
78.7624
78.7624
78.7624
78.7624
78.7624
78.7624
78.7624
78.7624
78.7624
78.7624
78.7624
78.7624
78.7624
78.7624
78.7624
78.7624
78.7624
78.7624
78.7624
78.7624
78.7624
78.7624
78.7624
78.7624
78.7624
78.7624
78.7624
78.7624
78.7624
78.7624
78.7624
78.7624
78.7624
78.7624
78.7624
78.7624
78.7624
78.7624
78.7624
78.7624
78.7624
78.7624
78.7624
78.7624
78.7624
78.7624
78.7624
78.7624
78.7624
78.7624
78.7624
78.7624
78.7624
78.7624
78.7624
78.7624
78.7624
78.7624
78.7624
78.7624
78.7624
78.7624
78.7624
78.7624
78.7624
78.7624
78.7624
78.7624
78.7624
78.7624
78.7624
78.7624
78.7624
78.7624
78.7624
78.7624
78.7624
78.7624
78.7624
78.7624
78.7624
78.7624
78.7624
78.7624
78.7624
78.7624
78.7624
78.7624
78.7624
78.7624
78.7624
78.7624
78.7624
78.7624
78.7624
78.7624
78.7624
78.7624
78.7624
78.7624
78.7624
78.7624
78.7624
78.7624
78.7624
78.7624
78.7624
78.7624
78.7624
78.7624
78.7624
78.7624
78.7624
78.7624
78.7624
78.7624
78.7624
78.7624
78.7624
78.7624
78.7624
78.7624
78.7624
78.7624
78.7624
78.7624
78.7624
78.7624
78.7624
78.7624
78.7624
78.7624
78.7624
78.7624
78.7624
78.7624
78.7624
78.7624
78.7624
78.7624
78.7624
78.7624
78.7624
78.7624
78.7624
78.7624
78.7624
78.7624
78.7624
78.7624
78.7624
78.7624
78.7624
78.7624
78.7624
78.7624
78.7624
78.7624
78.7624
78.7624
78.7624
78.7624
78.7624
78.7624
78.7624
78.7624
78.7624
78.7624
78.7624
78.7624
78.7624
78.7624
78.7624
78.7624
78.7624
78.7624
78.7624
78.7624
78.7624
78.7624
78.7624
78.7624
78.7624
78.7624
78.7624
78.7624
78.7624
78.7624
78.7624
78.7624
78.7624
78.7624
78.7624
78.7624
78.7624
78.7624
78.7624
78.7624
78.7624
78.7624
78.7624
78.7624
78.7624
78.7624
78.7624
78.7624
78.7624
78.7624
78.7624
78.7624
78.7624
78.7624
78.7624
78.7624
78.7624
78.7624
78.7624
78.7624
78.7624
78.7624
78.7624
78.7624
78.7624
78.7624
78.7624
78.7624
78.7624
78.7624
78.7624
78.7624
78.7624
78.7624
78.7624
78.7624
78.7624
78.7624
78.7624
78.7624
78.7624
78.7624
78.7624
78.7624
78.7624
78.7624
78.7624
78.7624
78.7624
78.7624
78.7624
78.7624
78.7624
78.7624
78.7624
78.7624
78.7624
78.7624
78.7624
78.7624
78.7624
78.7624
78.7624
78.7624
78.7624
78.7624
78.7624
78.7624
78.7624
78.7624
78.7624
78.7624
78.7624
78.7624
78.7624
78.7624
78.7624
78.7624
78.7624
78.7624
78.7624
78.7624
78.7624
78.7624
78.7624
78.7624
78.7624
78.7624
78.7624
78.7624
78.7624
78.7624
78.7624
78.7624
78.7624
78.7624
78.7624
78.7624
78.7624
78.7624
78.7624
78.7624
78.7624
78.7624
78.7624
78.7624
78.7624
78.7624
78.7624
78.7624
78.7624
78.7624
78.7624
78.7624
78.7624
78.7624
78.7624
78.7624
78.7624
78.7624
78.7624
78.7624
78.7624
78.7624
78.7624
78.7624
78.7624
78.7624
78.7624
78.7624
78.7624
78.7624
78.7624
78.7624
78.7624
78.7624
78.7624
78.7624
78.7624
78.7624
78.7624
78.7624
78.7624
78.7624
78.7624
78.7624
78.7624
78.7624
78.7624
78.7624
78.7624
78.7624
78.7624
78.7624
78.7624
78.7624
78.7624
78.7624
78.7624
78.7624
78.7624
78.7624
78.7624
78.7624
78.7624
78.7624
78.7624
78.7624
78.7624
78.7624
78.7624
78.7624
78.7624
78.7624
78.7624
78.7624
78.7624
78.7624
78.7624
78.7624
78.7624
78.7624
78.7624
78.7624
78.7624
78.7624
78.7624
78.7624
78.7624
78.7624
78.7624
78.7624
78.7624
78.7624
78.7624
78.7624
78.7624
78.7624
78.7624
78.7624
78.7624
78.7624
78.7624
78.7624
78.7624
78.7624
78.7624
78.7624
78.7624
78.7624
78.7624
78.7624
78.7624
78.7624
78.7624
78.7624
78.7624
78.7624
78.7624
78.7624
78.7726
78.7624
78.7624
78.7624
78.7624
78.7624
78.7624
78.7624
78.7624
78.7624
78.7624
78.7624
78.7624
78.7624
78.7624
78.7624
78.7624
78.7624
78.7624
78.7624
78.7624
78.7624
78.7624
78.7624
78.7624
78.7624
78.7624
78.7624
78.7624
78.7624
78.7624
78.7624
78.7624
78.7624
78.7624
78.7624
78.7624
78.7624
78.7624
78.7624
78.7624
78.7624
78.7624
78.7624
78.7624
78.7624
78.7624
78.7624
78.7624
78.7624
78.7624
78.7624
78.7624
78.7624
78.7624
78.7624
78.7624
78.7624
78.7624
78.7624
78.7624
78.7624
78.7624
78.7624
78.7624
78.7624
78.7624
78.7624
78.7624
78.7624
78.7624
78.7624
78.7624
78.7624
78.7624
78.7624
78.7624
78.7624
78.7624
78.7624
78.7624
78.7624
78.7624
78.7624
78.7624
78.7624
78.7624
78.7624
78.7624
78.7624
78.7624
78.7624
78.7624
78.7624
78.7624
78.7624
78.7624
78.7624
78.7624
78.7624
78.7624
78.7624
78.7624
78.7624
78.7624
78.7624
78.7624
78.7624
78.7624
78.7624
78.7624
78.7624
78.7624
78.7624
78.7624
78.7624
78.7624
78.7624
78.7624
78.7624
78.7624
78.7624
78.7624
78.7624
78.7624
78.7624
78.7624
78.7624
78.7624
78.7624
78.7624
78.7624
78.7624
78.7624
78.7624
78.7624
78.7624
78.7624
78.7624
78.7624
78.7624
78.7624
78.7624
78.7624
78.7624
78.7624
78.7624
78.7624
78.7624
78.7624
78.7624
78.7624
78.7624
78.7624
78.7624
78.7624
78.7624
78.7624
78.7624
78.7624
78.7624
78.7624
78.7624
78.7624
78.7624
78.7624
78.7624
78.7624
78.7624
78.7624
78.7624
78.7624
78.7624
78.7624
78.7624
78.7624
78.7624
78.7624
78.7624
78.7624
78.7624
78.7624
78.7624
78.7624
78.7624
78.7624
78.7624
78.7624
78.7624
78.7624
78.7624
78.7624
78.7624
78.7624
78.7624
78.7624
78.7624
78.7624
78.7624
78.7624
78.7624
78.7624
78.7624
78.7624
78.7624
78.7624
78.7624
78.7624
78.7624
78.7624
78.7624
78.7624
78.7624
78.7624
78.7624
78.7624
78.7624
78.7624
78.7624
78.7624
78.7624
78.7624
78.7624
78.7624
78.7624
78.7624
78.7624
78.7624
78.7624
78.7624
78.7624
78.7624
78.7624
78.7624
78.7624
78.7624
78.7624
78.7624
78.7624
78.7624
78.7624
78.7624
78.7624
78.7624
78.7624
78.7624
78.7624
78.7624
78.7624
78.7624
78.7624
78.7624
78.7624
78.7624
78.7624
78.7624
78.7624
78.7624
78.7624
78.7624
78.7624
78.7624
78.7624
78.7624
78.7624
78.7624
78.7624
78.7624
78.7624
78.7624
78.7624
78.7624
78.7624
78.7624
78.7624
78.7624
78.7624
78.7624
78.7624
78.7624
78.7624
78.7624
78.7624
78.7624
78.7624
78.7624
78.7624
78.7624
78.7624
78.7624
78.7624
78.7624
78.7624
78.7624
78.7624
78.7624
78.7624
78.7624
78.7624
78.7624
78.7624
78.7624
78.7624
78.7624
78.7624
78.7624
78.7624
78.7624
78.7624
78.7624
78.7624
78.7624
78.7624
78.7624
78.7624
78.7624
78.7624
78.7624
78.7624
78.7624
78.7624
78.7624
78.7624
78.7624
78.7624
78.7624
78.7624
78.7624
78.7624
78.7624
78.7624
78.7624
78.7624
78.7624
78.7624
78.7624
78.7624
78.7624
78.7624
78.7624
78.7624
78.7624
78.7624
78.7624
78.7624
78.7624
78.7624
78.7624
78.7624
78.7624
78.7624
78.7624
78.7624
78.7624
78.7624
78.7624
78.7624
78.7624
78.7624
78.7624
78.7624
78.7624
78.7624
78.7624
78.7624
78.7624
78.7624
78.7624
78.7624
78.7624
78.7624
78.7624
78.7624
78.7624
78.7624
78.7624
78.7624
78.7624
78.7624
78.7624
78.7624
78.7624
78.7624
78.7624
78.7624
78.7624
78.7624
78.7624
78.7624
78.7624
78.7624
78.7624
78.7624
78.7624
78.7624
78.7624
78.7624
78.7624
78.7624
78.7624
78.7624
78.7624
78.7624
78.7624
78.7624
78.7624
78.7624
78.7624
78.7624
78.7624
78.7624
78.7624
78.7624
78.7624
78.7624
78.7624
78.7624
78.7624
78.7624
78.7624
78.7624
78.7624
78.7624
78.7624
78.7624
78.7624
78.7624
78.7624
78.7624
78.7624
78.7624
78.7624
78.7624
78.7624
78.7624
78.7624
78.7624
78.7624
78.7624
78.7624
78.7624
78.7624
78.7624
78.7624
78.7624
78.7624
78.7624
78.7624
78.7624
78.7624
78.7624
78.7624
78.7624
78.7624
78.7624
78.7624
78.7624
78.7624
78.7624
78.7624
78.7624
78.7624
78.7624
78.7624
78.7624
78.7624
78.7624
78.7624
78.7624
78.7624
78.7624
78.7624
79.2491
78.7624
78.7624
78.7624
78.7624
78.7624
78.7624
78.7624
78.7624
78.7624
78.7624
78.7624
78.7624
78.7624
78.7624
78.7624
78.7624
78.7624
78.7624
78.7624
78.7624
78.7624
78.7624
78.7624
78.7624
78.7624
78.7624
78.7624
78.7624
78.7624
78.7624
78.7624
78.7624
78.7624
78.7624
78.7624
78.7624
78.7624
78.7624
78.7624
78.7624
78.7624
78.7624
78.7624
78.7624
78.7624
78.7624
78.7624
78.7624
78.7624
78.7624
78.7624
78.7624
78.7624
78.7624
78.7624
78.7624
78.7624
78.7624
78.7624
78.7624
78.7624
78.7624
78.7624
78.7624
78.7624
78.7624
78.7624
78.7624
78.7624
78.7624
78.7624
78.7624
78.7624
78.7624
78.7624
78.7624
78.7624
78.7624
78.7624
78.7624
78.7624
78.7624
78.7624
78.7624
78.7624
78.7624
78.7624
78.7624
78.7624
78.7624
78.7624
78.7624
78.7624
78.7624
78.7624
78.7624
78.7624
78.7624
78.7624
78.7624
78.7624
78.7624
78.7624
78.7624
78.7624
78.7624
78.7624
78.7624
78.7624
78.7624
78.7624
78.7624
78.7624
78.7624
78.7624
78.7624
78.7624
78.7624
78.7624
78.7624
78.7624
78.7624
78.7624
78.7624
78.7624
78.7624
78.7624
78.7624
78.7624
78.7624
78.7624
78.7624
78.7624
78.7624
78.7624
78.7624
78.7624
78.7624
78.7624
78.7624
78.7624
78.7624
78.7624
78.7624
78.7624
78.7624
78.7624
78.7624
78.7624
78.7624
78.7624
78.7624
78.7624
78.7624
78.7624
78.7624
78.7624
78.7624
78.7624
78.7624
78.7624
78.7624
78.7624
78.7624
78.7624
78.7624
78.7624
78.7624
78.7624
78.7624
78.7624
78.7624
78.7624
78.7624
78.7624
78.7624
78.7624
78.7624
78.7624
78.7624
78.7624
78.7624
78.7624
78.7624
78.7624
78.7624
78.7624
78.7624
78.7624
78.7624
78.7624
78.7624
78.7624
78.7624
78.7624
78.7624
78.7624
78.7624
78.7624
78.7624
78.7624
78.7624
78.7624
78.7624
78.7624
78.7624
78.7624
78.7624
78.7624
78.7624
78.7624
78.7624
78.7624
78.7624
78.7624
78.7624
78.7624
78.7624
78.7624
78.7624
78.7624
78.7624
78.7624
78.7624
78.7624
78.7624
78.7624
78.7624
78.7624
78.7624
78.7624
78.7624
78.7624
78.7624
78.7624
78.7624
78.7624
78.7624
78.7624
78.7624
78.7624
78.7624
78.7624
78.7624
78.7624
78.7624
78.7624
78.7624
78.7624
78.7624
78.7624
78.7624
78.7624
78.7624
78.7624
78.7624
78.7624
78.7624
78.7624
78.7624
78.7624
78.7624
78.7624
78.7624
78.7624
78.7624
78.7624
78.7624
78.7624
78.7624
78.7624
78.7624
78.7624
78.7624
78.7624
78.7624
78.7624
78.7624
78.7624
78.7624
78.7624
78.7624
78.7624
78.7624
78.7624
78.7624
78.7624
78.7624
78.7624
78.7624
78.7624
78.7624
78.7624
78.7624
78.7624
78.7624
78.7624
78.7624
78.7624
78.7624
78.7624
78.7624
78.7624
78.7624
78.7624
78.7624
78.7624
78.7624
78.7624
78.7624
78.7624
78.7624
78.7624
78.7624
78.7624
78.7624
78.7624
78.7624
78.7624
78.7624
78.7624
78.7624
78.7624
78.7624
78.7624
78.7624
78.7624
78.7624
78.7624
78.7624
78.7624
78.7624
78.7624
78.7624
78.7624
78.7624
78.7624
78.7624
78.7624
78.7624
78.7624
78.7624
78.7624
78.7624
78.7624
78.7624
78.7624
78.7624
78.7624
78.7624
78.7624
78.7624
78.7624
78.7624
78.7624
78.7624
78.7624
78.7624
78.7624
78.7624
78.7624
78.7624
78.7624
78.7624
78.7624
78.7624
78.7624
78.7624
78.7624
78.7624
78.7624
78.7624
78.7624
78.7624
78.7624
78.7624
78.7624
78.7624
78.7624
78.7624
78.7624
78.7624
78.7624
78.7624
78.7624
78.7624
78.7624
78.7624
78.7624
78.7624
78.823
78.7624
78.7624
78.7624
78.7624
78.7624
78.7624
78.7624
78.7624
78.7624
78.7624
78.7624
78.7624
78.7624
78.7624
78.7624
78.7624
78.7624
78.7624
78.7624
78.7624
78.7624
78.7624
78.7624
78.7624
78.7624
78.7624
78.7624
78.7624
78.7624
78.7624
78.7624
78.7624
78.7624
78.7624
78.7624
78.7624
78.7624
78.7624
78.7624
78.7624
78.7624
78.7624
78.7624
78.7624
78.7624
78.7624
78.7624
78.7624
78.7624
78.7624
78.7624
78.7624
78.7624
78.7624
78.7624
78.7624
78.7624
78.7624
78.7624
78.7624
78.7624
78.7624
78.7624
78.7624
78.7624
78.7624
78.7624
78.7624
78.7624
78.7624
78.7837
78.7624
78.7624
78.7624
78.7624
78.7624
78.7624
78.7624
78.7624
78.7624
78.7624
78.7624
78.7624
78.7624
78.7624
78.7624
78.7624
78.7624
78.7624
78.7624
78.7624
78.7624
78.7624
78.7624
78.7624
78.7624
78.7624
78.7624
78.7624
78.7624
78.7624
78.7624
78.7624
78.7624
78.7624
78.7624
78.7624
78.7624
78.7624
78.7624
78.7624
78.7624
78.7624
78.7624
78.7624
78.7624
78.7624
78.7624
78.7624
78.7624
78.7624
78.7624
78.7624
78.7624
78.7624
78.7624
78.7624
78.7624
78.7624
78.7624
78.7624
78.7624
78.7624
78.7624
78.7624
78.7624
78.7624
78.7624
78.7624
78.7624
78.7624
78.7624
78.7624
78.7624
78.7624
78.7624
78.7624
78.7624
78.7624
78.7624
78.7624
78.7624
78.7624
78.7624
78.7624
78.7624
78.7624
78.7624
78.7624
78.7624
78.7624
78.7624
78.7624
78.7624
78.7624
78.7624
78.7624
78.7624
78.7624
78.7624
78.7624
78.7624
78.7624
78.7624
78.7624
78.7624
78.7624
78.7624
78.7624
78.7624
78.7624
78.7624
78.7624
78.7624
78.7624
78.7624
78.7624
78.7624
78.7624
78.7624
78.7624
78.7624
78.7624
78.7624
78.7624
78.7624
78.7624
78.7624
78.7624
78.7624
78.7624
78.7624
78.7624
78.7624
78.7624
78.7624
78.7624
78.7624
78.7624
78.7624
78.7624
78.7624
78.7624
78.7624
78.7624
78.7624
78.7624
78.7624
78.7624
78.7624
78.7624
78.7624
78.7624
78.7624
78.7624
78.7624
78.7624
78.7624
78.7624
78.7624
78.7624
78.7624
78.7624
78.7624
78.7624
78.7624
78.7624
78.7624
78.7624
78.7624
78.7624
78.7624
78.7624
78.7624
78.7624
78.7624
78.7624
78.7624
78.7639
78.7624
78.7624
78.7624
78.7624
78.7624
78.7624
78.7624
78.7624
78.7624
78.7624
78.7624
78.7624
78.7624
78.7624
78.7624
78.7624
78.7624
78.7624
78.7624
78.7624
78.7624
78.7624
78.7624
78.7624
78.7624
78.7624
78.7624
78.7624
78.7624
78.7624
78.7624
78.7624
78.7624
78.7624
78.7624
78.7624
78.7624
78.7624
78.7624
78.7624
78.7624
78.7624
78.7624
78.7624
78.7624
78.7624
78.7624
78.7624
78.7624
78.7624
78.7624
78.7624
78.7624
78.7624
78.7624
78.7624
78.7624
78.7624
78.7624
78.7624
78.7624
78.7624
78.7624
78.7624
78.7624
78.7624
78.7624
78.7624
78.7624
78.7624
78.7624
78.7624
78.7624
78.7624
78.7624
78.7624
78.7624
78.7624
78.7624
78.7624
78.7624
78.7624
78.7624
78.7624
78.7624
78.7624
78.7624
78.7624
78.7624
78.7624
78.7624
78.7624
78.7624
78.7624
78.7624
78.7624
78.7624
78.7624
78.7624
78.7624
78.7624
78.7624
78.7624
78.7624
78.7624
78.7624
78.7624
78.7624
78.7624
78.7624
78.7624
78.7624
78.7624
78.7624
78.7624
78.7624
78.7624
78.7624
78.7624
78.7624
78.7624
78.7624
78.7624
78.7624
78.7624
78.7624
78.7624
78.7624
78.7624
78.7624
78.7624
78.7624
78.7624
78.7624
78.7624
78.7624
78.7624
78.7624
78.7624
78.7624
78.7624
78.7624
78.7624
78.7624
78.7624
78.7624
78.7624
78.7624
78.7624
78.7624
78.7624
78.7624
78.7624
78.7624
78.7624
78.7624
78.7624
78.7624
78.7624
78.7624
78.7624
78.7624
78.7624
78.7624
78.7624
78.7624
78.7624
78.7624
78.7624
78.7624
78.7624
78.7624
78.7624
78.7624
78.7624
78.7624
78.7624
78.7624
78.7624
78.7624
78.7624
78.7624
78.7624
78.7624
78.7624
78.7624
78.7624
78.7624
78.7624
78.7624
78.7624
78.7624
78.7624
78.7624
78.7624
78.7624
78.7624
78.7624
78.7624
78.7624
78.7624
78.7624
78.7624
78.7624
78.7624
78.7624
78.7624
78.7624
78.7624
78.7624
78.7624
78.7624
78.7624
78.7624
78.7624
78.7624
78.7624
78.7624
78.7624
78.7624
78.7624
78.7624
78.7624
78.7624
78.7624
78.7624
78.7624
78.7624
78.7624
78.7624
78.7624
78.7624
78.7624
78.7624
78.7624
78.7624
78.7624
78.7624
78.7624
78.7624
78.7624
78.7624
78.7624
78.7624
78.7624
78.7624
78.7624
78.7624
78.7624
78.7624
78.7624
78.7624
78.7624
78.7624
78.7624
78.7624
78.7624
78.7624
78.7624
78.7624
78.7624
78.7624
78.7624
78.7624
78.7624
78.7624
78.7624
78.7624
78.7624
78.7624
78.8262
78.7624
78.7624
78.7624
78.7624
78.7624
78.7624
78.7624
78.7624
78.7624
78.7624
78.7624
78.7624
78.7624
78.7624
78.7624
78.7624
78.7624
78.7624
78.7624
78.7624
78.7624
78.7624
78.7624
79.1711
78.7624
78.7624
78.7624
78.7624
78.7624
78.7624
78.7624
78.7624
78.7624
78.7624
78.7624
78.7624
78.7624
78.7624
78.7624
78.7624
78.7624
78.7624
78.7624
78.7624
78.7624
78.7624
78.7624
78.7624
78.7624
78.7624
78.7624
78.7624
78.7624
78.7624
78.7624
78.7624
78.7624
78.7624
78.7624
78.7624
78.7624
78.7624
78.7624
78.7624
78.7624
78.7624
78.7624
78.7624
78.7624
78.7624
78.7624
78.7624
78.7624
78.7624
78.7624
78.7624
78.7624
78.7624
78.7624
78.7624
78.7624
78.7624
78.7624
78.7624
78.7624
78.7624
78.7624
78.7624
78.7624
78.7624
78.7624
78.7624
78.7624
78.7624
78.7624
78.7624
78.7624
78.7624
78.7624
78.7624
78.7624
78.7624
78.7624
78.7624
78.7624
78.7624
78.7624
78.7624
78.7624
78.7624
78.7624
78.7624
78.7624
78.7624
78.7624
78.7624
78.7624
78.7624
78.7624
78.7624
78.7624
78.7624
78.7624
78.7624
78.7624
78.7624
78.7624
78.7624
78.7624
78.7624
78.7624
78.7624
78.7624
78.7624
78.7624
78.7624
78.7624
78.7624
78.7624
78.7624
78.7624
78.7624
78.7624
78.7624
78.7624
78.7624
78.7624
78.7624
78.7624
78.7624
78.7624
78.7624
78.7624
78.7624
78.7624
78.7624
78.7624
78.7624
78.7624
78.7624
78.7624
78.7624
78.7624
78.7624
78.7624
78.7624
78.7624
78.7624
78.7624
78.7624
78.7624
78.7624
78.7624
78.7624
78.7624
78.7624
78.7624
78.7624
78.7624
78.7624
78.7624
78.7624
78.7624
78.7624
78.7624
78.7624
78.7624
78.7624
78.7624
78.7624
78.7624
78.7624
78.7624
78.7624
78.7624
78.7624
78.7624
78.7624
78.7624
78.7624
78.7624
78.7624
78.7624
78.7624
78.7624
78.7624
78.7624
78.7624
78.7624
78.7624
78.7624
78.7624
78.7624
78.7624
78.7624
78.7624
78.7624
78.7624
78.7624
78.7624
78.7624
78.7624
78.7624
78.7624
78.7624
78.7624
78.7624
78.7624
78.7624
78.7624
78.7624
78.7624
78.7624
78.7624
78.7624
78.7624
78.7624
78.7624
78.7624
78.7624
78.7624
78.7624
78.7624
78.7624
78.7624
78.7624
78.7624
78.7624
78.7624
78.7624
78.7624
78.7624
78.7624
78.7624
78.7624
78.7624
78.7624
78.7624
78.7624
78.7624
78.7624
78.7624
78.7624
78.7624
78.7624
78.7624
78.7624
78.7624
78.7624
78.7624
78.7624
78.7624
78.7624
78.7624
78.7624
78.7624
78.7624
78.7624
78.7624
78.7624
78.7624
78.7624
78.7624
78.7624
78.7624
78.7624
78.7624
78.7624
78.7624
78.7624
78.7624
78.7624
78.7624
78.7624
78.7624
78.7624
78.7624
78.7624
78.7624
78.7624
78.7624
78.7624
78.7624
78.7624
78.7624
78.7624
78.7624
78.7624
78.7624
78.7624
78.7624
78.7624
78.7624
78.7624
78.7624
78.7624
78.7624
78.7624
78.7624
78.7624
78.7624
78.7624
78.7624
78.7624
78.7624
78.7624
78.7624
78.7624
78.7624
78.7624
78.7624
78.7624
78.7624
78.7624
78.7624
78.7624
78.7624
78.7624
78.7624
78.7624
78.7624
78.7624
78.7624
78.7624
78.7624
78.7624
78.7624
78.7624
78.7624
78.7624
78.7624
78.7624
78.7624
78.7624
78.7624
78.7624
78.7624
78.7624
78.7624
78.7624
78.7624
78.7624
78.7624
78.7624
78.7624
78.7624
78.7624
78.7624
78.7624
78.7624
78.7624
78.7624
78.7624
78.7624
78.7624
78.7624
78.7624
78.7624
78.7624
78.7624
78.7624
78.7624
78.7624
78.7624
78.7624
78.7624
78.7624
78.7624
78.7624
78.7624
78.7624
78.7624
78.7624
78.7624
78.7624
78.7624
78.7624
78.7624
78.7624
78.7624
78.7624
78.7624
78.7624
78.7624
78.7624
78.7624
78.7624
78.7624
78.7624
78.7624
78.7624
78.7624
78.7624
78.7624
78.7624
78.7624
78.7624
78.7624
78.7624
78.7624
78.7624
78.7624
78.7624
78.7624
78.7624
78.7624
78.7624
78.7624
78.7624
78.7624
78.7624
78.7624
78.7624
78.7624
78.7624
78.7624
78.7624
78.7624
78.7624
78.7624
78.7624
78.7624
78.7624
78.7624
78.7624
78.7624
78.7624
78.7624
78.7624
78.7624
78.7624
78.7624
78.7624
78.7624
78.7624
78.7624
78.7624
78.7624
78.7624
78.7624
78.7624
78.7624
78.7624
78.7624
78.7624
78.7624
78.7624
78.7624
78.7624
78.7624
78.7624
78.7624
78.7624
78.7624
78.7624
78.7624
78.7624
78.7624
78.7624
78.7624
78.7624
78.7624
78.7624
78.7624
78.7624
78.7624
78.7624
78.7624
78.7624
78.7624
78.7624
78.7624
78.7624
78.7624
78.7624
78.7624
78.7624
78.7624
78.7624
78.7624
78.7624
78.7624
78.7624
78.7624
78.7624
78.7624
78.7624
78.7624
78.7624
78.7624
78.7624
78.7624
78.7624
78.7624
78.7624
78.7624
78.7624
78.7624
78.7624
78.7624
78.7624
78.7624
78.7624
78.7624
78.7624
78.7624
78.7624
78.7624
78.7624
78.7624
78.7624
78.7624
78.7624
78.7624
78.7624
78.7624
78.7624
78.7624
78.7624
78.7624
78.7624
78.7624
78.7624
78.7624
78.7624
78.7624
78.7624
78.7624
78.7624
78.7624
78.7624
78.7624
78.7624
78.7624
78.7624
78.7624
78.7624
78.7624
78.7624
78.7624
78.7624
78.7624
78.7624
78.7624
78.7624
78.7624
78.7624
78.7624
78.7624
78.7624
78.7624
78.7624
78.7624
78.7624
78.7624
78.7624
78.7624
78.7624
78.7624
78.7624
78.7624
78.7624
78.7624
78.7624
78.7624
78.7624
78.7624
78.7624
78.7624
78.7624
78.7624
78.7624
78.7624
78.7624
78.7624
78.7624
78.7624
78.7624
78.7624
78.7624
78.7624
78.7624
78.7624
78.7624
78.7624
78.7624
78.7624
78.7624
78.7624
78.7624
78.7624
78.7624
78.7624
78.7624
78.7624
78.7624
78.7624
78.7624
78.7624
78.7624
78.7624
78.7624
78.7624
78.7624
78.7624
78.7624
78.7624
78.7624
78.7624
78.7624
78.7624
78.7624
78.7624
78.7624
78.7624
78.7624
78.7624
78.7624
78.7624
78.7624
78.7624
78.7624
78.7624
78.7624
78.7624
78.7624
78.7624
78.7624
78.7624
78.7624
78.7624
78.7624
78.7624
78.7624
78.7624
78.7624
78.7624
78.7624
78.7624
78.7624
78.7624
78.7624
78.7624
78.7624
78.7624
78.7624
78.7624
78.7624
78.7624
78.7624
78.7624
78.7624
78.7624
78.7624
78.7624
78.7624
78.7624
78.7624
78.7624
78.7624
78.7624
78.7624
78.7624
78.7624
78.7624
78.7624
78.7624
78.7624
78.7624
78.7624
78.7624
78.7624
78.7624
78.7624
78.7624
78.7624
78.7624
78.7624
78.7624
78.7624
78.7624
78.7624
78.7624
78.7624
78.7624
78.7624
78.7624
78.7624
78.7624
78.7624
78.7624
78.7624
78.7624
78.7624
78.7624
78.7624
78.7624
78.7624
78.7624
78.7624
78.7624
78.7624
78.7624
78.7624
78.7624
78.7624
78.7624
78.7624
78.7617
78.7569
78.7417
78.7278
78.7278
78.7278
78.7278
78.7278
78.7278
78.7278
78.7278
78.7278
78.7278
78.7278
78.7278
78.7278
78.7278
78.7278
78.7278
78.7278
78.7278
78.7278
78.7278
78.7278
78.7278
78.7278
78.7278
78.7278
78.7278
78.7278
78.7278
78.7278
78.7278
78.7278
78.7278
78.7278
78.7278
78.7278
78.7278
78.7278
78.7278
78.7278
78.7278
78.7278
78.7278
78.7278
78.7278
78.7278
78.7278
78.7278
78.7278
78.7278
78.7278
78.7278
78.7278
78.7278
78.7278
78.7278
78.7278
78.7278
78.7278
78.7278
78.7278
78.7278
78.7278
78.7278
78.7278
78.7278
78.7278
78.7278
78.7278
78.7278
78.7278
78.7278
78.7278
78.7278
78.7278
78.7278
78.7278
78.7278
78.7278
78.7278
78.7278
78.7278
78.7278
78.7278
78.7278
78.7278
78.7278
78.7278
78.7278
78.7278
78.7278
78.7278
78.7278
78.7278
78.7278
78.7278
78.7278
78.7278
78.7278
78.7278
78.7278
78.7278
78.7278
78.7278
78.7278
78.7278
78.7278
78.7278
78.7278
78.7278
78.7278
78.7278
78.7278
78.7278
78.7278
78.7278
78.7278
78.7278
78.7278
78.7278
78.7278
78.7278
78.7278
78.7278
78.7278
78.7278
78.7278
78.7278
78.7278
78.7278
78.7278
78.7278
78.7278
78.7278
78.7278
78.7278
78.7278
78.7278
78.7278
78.7278
78.7278
78.7278
78.7278
78.7278
78.7278
78.7278
78.7278
78.7278
78.7278
78.7278
78.7278
78.7278
78.7278
78.7278
78.7278
78.7278
78.7278
78.7278
78.7278
78.7278
78.7278
78.7278
78.7278
78.7278
78.7278
78.7278
78.7278
78.7278
78.7278
78.7278
78.7278
78.7278
78.7278
78.7278
78.7278
78.7278
78.7278
78.7278
78.7278
78.7278
78.7278
78.7278
78.7278
78.7278
78.7278
78.7278
78.7278
78.7278
78.7278
78.7278
78.7278
78.7278
78.7278
78.7278
78.7278
78.7278
78.7278
78.7278
78.7278
78.7278
78.7278
78.7278
78.7278
78.7278
78.7278
78.7278
78.7278
78.7278
78.7278
78.7278
78.7278
78.7278
78.7278
78.7278
78.7278
78.7278
78.7278
78.7278
78.7278
78.7278
78.7278
78.7278
78.7278
78.7278
78.7278
78.7278
78.7278
78.7278
78.7278
78.7278
78.7278
78.7278
78.7278
78.7278
78.7278
78.7278
78.7278
78.7278
78.7278
78.7278
78.7278
78.7278
78.7278
78.7278
78.7278
78.7278
78.7278
78.7278
78.7278
78.7278
78.7278
78.7278
78.7278
78.7278
78.7278
78.7278
78.7278
78.7278
78.7278
78.7278
78.7278
78.7278
78.7278
78.7278
78.7278
78.7278
78.7278
78.7278
78.7278
78.7278
78.7278
78.7278
78.7278
78.7278
78.7278
78.7278
78.7278
78.7278
78.7278
78.7278
78.7278
78.7278
78.7278
78.7278
78.7278
78.7278
78.7278
78.7278
78.7278
78.7278
78.7278
78.7278
78.7278
78.7278
78.7278
78.7278
78.7278
78.7278
78.7278
78.7278
78.7278
78.7278
78.7278
78.7278
78.7278
78.7278
78.7278
78.7278
78.7278
78.7278
78.7278
78.7278
78.7278
78.7278
78.7278
78.7278
78.7278
78.7278
78.7278
78.7278
78.7278
78.7278
78.7278
78.7278
78.7278
78.7278
78.7278
78.7278
78.7278
78.7278
78.7278
78.7278
78.7278
78.7278
78.7278
78.7278
78.7278
78.7278
78.7278
78.7278
78.7278
78.7278
78.7278
78.7278
78.7278
78.7278
78.7278
78.7278
78.7278
78.7278
78.7278
78.7278
78.7278
78.7278
78.7278
78.7278
78.7278
78.7278
78.7278
78.7278
78.7278
78.7278
78.7278
78.7278
78.7278
78.7278
78.7278
78.7278
78.7278
78.7278
78.7278
78.7278
78.7278
78.7278
78.7278
78.7278
78.7278
78.7278
78.7278
78.7278
78.7278
78.7278
78.7278
78.7278
78.7278
78.7278
78.7278
78.7278
78.7278
78.7278
78.7278
78.7278
78.7278
78.7278
78.7278
78.7278
78.7278
78.7278
78.7278
78.7278
78.7278
78.7278
78.7278
78.7278
78.7278
78.7278
78.7278
78.7278
78.7278
78.7278
78.7278
78.7278
78.7278
78.7278
78.7278
78.7278
78.7278
78.7278
78.7278
78.7278
78.7278
78.7278
78.7278
78.7278
78.7278
78.7278
78.7278
78.7278
78.7278
78.7278
78.7278
78.7278
78.7278
78.7278
78.7278
78.7278
78.7278
78.7278
78.7278
78.7278
78.7278
78.7278
78.7278
78.7278
78.7278
78.7278
78.7278
78.7278
78.7278
78.7278
78.7278
78.7278
78.7278
78.7278
78.7278
78.7278
78.7278
78.7278
78.7278
78.7278
78.7278
78.7278
78.7278
78.7278
78.7278
78.7278
78.7278
78.7278
78.7278
78.7278
78.7278
78.7278
78.7278
78.7278
78.7278
78.7278
78.7278
78.7278
78.7278
78.7278
78.7278
78.7278
78.7278
78.7278
78.7278
78.7278
78.7278
78.7278
78.7278
78.7278
78.7278
78.7278
78.7278
78.7278
78.7278
78.7278
78.7278
78.7278
78.7278
78.7278
78.7278
78.7278
78.7278
78.7278
78.7278
78.7278
78.7278
78.7278
78.7278
78.7278
78.7278
78.7278
78.7278
78.7278
78.7278
78.7278
78.7278
78.7278
78.7278
78.7278
78.7278
78.7278
78.7278
78.7278
78.7278
78.7278
78.7278
78.7278
78.7278
78.7278
78.7278
78.7278
78.7278
78.7278
78.7278
78.7278
78.7278
78.7278
78.7278
78.7278
78.7278
78.7278
78.7278
78.7278
78.7278
78.7278
78.7278
78.7278
78.7278
78.7278
78.7278
78.7278
78.7278
78.7278
78.7278
78.7278
78.7278
78.7278
78.7278
78.7278
78.7278
78.7278
78.7278
78.7278
78.7278
78.7278
78.7278
78.7278
78.7278
78.7278
78.7278
78.7278
78.7278
78.7278
78.7278
78.7278
78.7278
78.7278
78.7278
78.7278
78.7278
78.7278
78.7278
78.7278
78.7278
78.7278
78.7278
78.7278
78.7278
78.7278
78.7278
78.7278
78.7278
78.7278
78.7278
78.7278
78.7278
78.7278
78.7278
78.7278
78.7278
78.7278
78.7278
78.7278
78.7278
78.7278
78.7278
78.7278
78.7278
78.7278
78.7278
78.7278
78.7278
78.7278
78.7278
78.7278
78.7278
78.7278
78.7278
78.7278
78.7278
78.7278
78.7278
78.7278
78.7278
78.7278
78.7278
78.7278
78.7278
78.7278
78.7278
78.7278
78.7278
78.7278
78.7278
78.7278
78.7278
78.7278
78.7278
78.7278
78.7278
78.7278
78.7278
78.7278
78.7278
78.7278
78.7278
78.7278
78.7278
78.7278
78.7278
78.7278
78.7278
78.7278
78.7278
78.7278
78.7278
78.7278
78.7278
78.7278
78.7278
78.7278
78.7278
78.7278
78.7278
78.7278
78.7278
78.7278
78.7278
78.7278
78.7278
78.7278
78.7278
78.7278
78.7278
78.7278
78.7278
78.7278
78.7278
78.7278
78.7278
78.7278
78.7278
78.7278
78.7278
78.7278
78.7278
78.7278
78.7278
78.7278
78.7278
78.7278
78.7278
78.7278
78.7278
78.7278
78.7278
78.7278
78.7278
78.7278
78.7278
78.7278
78.7278
78.7278
78.7278
78.7278
78.7278
78.7278
78.7278
78.7278
78.7278
78.7278
78.7278
78.7278
78.7278
78.7278
78.7278
78.7278
78.7278
78.7278
78.7278
78.7278
78.7278
78.7278
78.7278
78.7278
78.7278
78.7278
78.7278
78.7278
78.7278
78.7278
78.7278
78.7278
78.7278
78.7278
78.7278
78.7278
78.7278
78.7278
78.7278
78.7278
78.7278
78.7278
78.7278
78.7278
78.7278
78.7278
78.7278
78.7278
78.7278
78.7278
78.7278
78.7278
78.7278
78.7278
78.7278
78.7278
78.7278
78.7278
78.7278
78.7278
78.7278
78.7278
78.7278
78.7278
78.7278
78.7278
78.7278
78.7278
78.7278
78.7278
78.7278
78.7278
78.7278
78.7278
78.7278
78.7278
78.7278
78.7278
