# best half averages
2582.43
2421.97
2243.75
2045.2
2005.49
1930.29
1827
1744.77
1690.34
1653.88
1607.62
1566.34
1532.34
1492.15
1469.48
1441.11
1423.58
1399.04
1384.44
1373.72
1353.74
1327.29
1310.39
1284.89
1260.54
1246.38
1223.91
1203.55
1191.72
1185.08
1164.64
1166.04
1160.66
1139.83
1120.31
1096.97
1078.6
1048.99
1029.98
1020.05
1003.54
991.197
976.529
951.027
919.068
894.675
881.761
872.918
859.303
834.169
824.494
811.829
802.978
794.144
795.853
788.661
791.064
770.169
756.489
755.268
753.064
750.814
744.588
749.889
738.87
729.872
720.232
714.177
704.679
692.52
689.423
687.166
678.526
678.226
676.565
673.816
657.189
646.489
646.054
649.578
641.658
635.155
633.476
634.601
627.878
621.262
615.364
620.047
604.545
602.489
594.652
589.643
589.327
587.471
580.352
579.627
573.128
566.376
561.046
561.9
551.511
551.423
551.031
547.536
544.977
538.624
528.643
516.39
510.773
502.814
490.071
484.436
473.136
467.038
454.437
450.645
447.519
447.148
445.843
441.273
432.594
432.201
430.006
428.204
423.323
421.915
425.642
418.37
416.914
407.544
386.66
380.653
384.565
378.362
376.239
374.141
371.443
370.718
368.986
368.907
368.908
368.847
368.894
368.829
368.553
373.021
366.347
364.193
362.066
352.278
351.188
346.813
338.126
338.126
337.762
340.509
333.082
330.649
326.329
318.865
309.527
302.775
302.4
302.269
301.414
299.29
293.676
291.251
290.513
290.318
291.524
287.2
290.174
284.493
284.177
282.444
280.929
279.352
277.722
275.375
274.292
273.003
270.942
268.197
280.383
274.686
267.236
267.201
274.094
261.576
259.533
263.488
255.15
253.819
251.551
250.571
250.068
248.356
247.939
247.665
245.624
244.112
241.176
241.403
236.842
232.758
228.502
227.236
225.388
224.52
226.471
222.86
221.034
219.7
225.067
219.809
219.403
222.262
218.971
218.851
218.403
218.816
214.125
212.992
212.992
212.978
213.207
212.992
212.992
212.991
212.722
211.278
208.98
206.931
202.564
202.539
202.539
202.539
202.539
202.5
202.27
201.367
200.602
200.489
200.134
199.919
198.746
198.08
197.829
196.746
221.372
190.956
190.848
190.474
189.718
188.511
187.74
186.924
186.924
186.924
186.915
186.885
186.731
186.434
186.349
186.026
184.556
183.918
183.922
183.905
183.801
183.304
182.822
182.458
185.159
181.792
181.738
181.509
180.622
180.03
180.03
180.03
180.03
180.03
180.023
180.004
179.925
179.62
179.535
179.059
181.601
175.083
174.489
174.572
174.079
173.948
173.253
172.477
172.477
172.469
172.437
172.22
172.079
172.079
172.07
172.079
172.079
172.079
172.079
172.079
172.076
172.072
172.043
171.946
171.886
171.49
170.228
169.479
168.4
168.4
168.4
168.4
168.4
168.4
168.4
168.4
168.4
168.4
168.4
168.4
168.4
168.4
168.4
168.4
168.4
168.4
168.4
168.4
168.4
168.4
168.394
168.38
168.303
168.063
168.063
168.063
168.063
168.063
168.063
168.063
168.063
168.063
168.063
168.063
168.063
168.046
167.977
167.563
167.201
167.201
167.201
167.201
167.201
167.201
167.201
167.201
167.201
167.201
167.201
167.201
167.201
167.164
169.608
167.164
167.17
168.826
166.997
167.946
166.285
166.174
165.771
164.745
160.708
160.702
160.692
160.692
160.692
160.692
160.692
160.692
160.692
160.692
160.692
160.692
160.692
160.692
160.692
160.692
160.661
160.599
160.445
159.148
158.66
157.476
155.746
154.533
154.245
153.331
153.189
153.189
157.988
155.619
159.844
153.189
153.163
153.111
152.851
151.888
151.84
151.649
151.316
149.504
149.504
149.504
149.504
149.498
149.47
149.335
149.223
149.22
149.22
149.208
149.144
149.1
149.1
149.1
149.096
149.089
149.06
148.908
148.896
148.786
148.31
148.029
147.175
146.954
146.954
146.954
146.954
146.954
146.954
146.925
146.806
146.348
145.472
145.472
145.472
145.472
145.472
145.437
145.259
144.318
143.7
143.7
143.7
143.634
143.666
143.617
143.379
142.874
141.977
141.971
142.447
141.919
141.919
141.919
141.919
141.919
141.919
141.919
141.919
141.919
141.911
141.88
141.692
141.401
140.777
139.41
139.152
138.819
137.854
137.523
137.523
137.509
137.482
137.367
136.836
136.685
136.054
134.404
134.404
134.404
134.404
134.404
134.404
134.404
134.404
134.404
134.404
134.404
134.404
134.404
134.373
134.341
134.35
134.01
133.024
132.815
132.815
132.734
132.651
132.024
131.971
131.733
130.815
130.129
129.733
129.421
128.862
126.792
124.584
122.937
122.792
122.708
122.575
122.575
122.575
122.575
122.575
122.575
122.572
122.541
122.382
122.054
121.624
121.624
121.624
121.624
121.624
121.624
121.624
121.624
121.624
121.624
121.624
121.624
121.624
121.624
121.624
121.624
121.624
121.624
121.624
121.624
121.624
121.624
121.624
121.624
121.624
121.624
121.624
121.624
121.624
121.624
121.624
121.624
121.624
121.603
121.582
121.378
120.67
120.571
120.571
120.571
120.571
120.531
120.455
120.92
120.538
119.112
118.246
117.828
117.828
117.828
117.828
117.828
117.828
117.828
117.828
117.828
117.828
117.828
117.828
117.828
117.828
117.828
117.828
117.828
117.818
117.813
117.776
117.625
117.35
117.308
117.308
117.308
117.308
117.308
117.308
117.308
117.308
117.289
117.21
116.869
116.263
116.162
116.009
116.009
116.009
116.009
116.006
115.987
115.891
115.831
115.727
115.27
114.681
114.631
114.631
114.631
114.631
114.631
114.631
114.594
114.372
113.708
112.785
112.776
112.766
112.718
112.553
112.302
112.302
112.302
112.302
112.287
112.252
112.124
111.609
111.331
110.499
110.081
110.081
110.081
110.076
110.052
109.953
109.789
109.789
109.789
109.789
109.789
109.9
109.789
109.789
109.789
109.789
109.76
109.73
109.658
109.912
111.022
108.32
108.26
108.131
107.614
106.678
106.678
106.678
106.677
106.674
106.666
106.63
106.621
106.621
106.621
106.62
106.613
106.58
106.572
106.572
106.572
106.572
106.572
106.572
106.572
106.572
106.572
106.572
106.572
106.563
106.536
106.463
106.12
106.12
106.12
106.12
106.12
106.12
106.12
106.12
106.12
106.12
106.12
106.12
106.12
106.12
106.12
106.12
106.12
106.12
106.12
106.115
106.101
106.062
105.896
105.881
105.881
105.881
105.881
105.877
105.87
105.829
105.822
105.604
104.932
104.314
104.21
104.125
103.958
103.922
103.857
103.857
103.857
103.852
103.842
103.832
103.772
103.608
103.593
103.545
103.3
103.163
103.09
102.902
102.902
102.901
102.896
102.872
102.82
102.82
102.82
102.82
102.82
102.787
102.698
102.33
101.685
101.685
101.685
101.685
101.685
101.685
101.685
101.685
101.685
101.685
101.685
101.685
101.685
101.685
101.667
101.63
101.518
101.021
100.768
100.768
100.768
100.746
100.639
100.338
99.6929
99.6929
99.6833
99.669
99.5004
99.1412
98.8911
98.3357
98.0816
98.0105
97.9395
97.5132
99.8802
94.5293
94.5293
94.5293
94.5144
94.5293
94.5293
94.5293
94.5253
94.5213
94.4816
94.4537
94.3284
94.172
93.7231
93.1144
92.7916
92.7444
92.7444
92.7444
92.7444
92.7444
92.7444
92.7444
92.7444
92.7444
92.7444
92.7444
92.7444
92.73
92.6659
92.472
92.0236
92.0236
92.0236
92.0236
92.0236
92.0236
92.0236
92.0236
92.0236
92.0236
92.0236
92.0236
92.0183
92.0183
92.0236
92.0236
92.0236
92.0236
92.0236
92.0236
92.0236
92.0236
92.0236
92.0236
92.0236
92.0236
92.0236
92.0236
92.0236
92.0196
92.0196
92.0115
92.0035
91.9229
91.8222
91.8222
91.8222
91.8222
91.8222
91.8222
91.8222
91.8222
91.8222
91.8222
91.8112
91.8112
91.8222
91.8159
91.8003
91.7283
91.4715
91.3367
91.1909
91.0403
91.0403
91.0403
91.0403
91.0403
91.0403
91.0403
91.0403
91.0403
91.0403
91.0403
91.0403
91.0403
91.0403
91.0403
91.0403
91.0403
91.0403
91.0403
91.0403
91.0403
91.0403
91.0403
91.0403
91.0403
91.0403
91.0403
91.0403
91.0403
91.0403
91.0403
91.0066
91.0066
91.0066
90.8041
90.4328
89.3529
89.3529
89.3529
89.3529
89.3529
89.3529
89.3529
89.3529
89.3529
89.3529
89.3529
89.3529
89.3529
89.3529
89.3529
89.3529
89.3529
89.3529
89.3529
89.3529
89.3529
89.3529
89.3529
89.3529
89.3529
89.3529
89.3529
89.3478
89.3397
89.2451
89.0236
88.9334
88.9129
88.8208
88.6927
88.6927
88.6927
88.6927
88.6927
88.6927
88.6927
88.6927
88.6927
88.6927
88.6927
88.6927
88.6927
88.6927
88.6927
88.6927
88.6927
88.6927
88.6927
88.6927
88.6927
88.6927
88.6927
88.6927
88.6927
88.6927
88.6927
88.6927
88.6927
88.6927
88.6927
88.6927
88.6927
88.6927
88.6927
88.6927
88.6927
88.6927
88.6927
88.6927
88.6927
88.6927
88.6927
88.6927
88.6927
88.6927
88.6927
88.6927
88.6927
88.6927
88.6927
88.6927
88.6927
88.6927
88.6927
88.6927
88.6927
88.6927
88.6927
88.6927
88.6927
88.6927
88.6927
88.6927
88.6927
88.6927
88.6927
88.6927
88.6927
88.6927
88.6927
88.6927
88.6927
88.6927
88.6927
88.6927
88.6927
88.6927
88.6927
88.6927
88.6927
88.6927
88.6927
88.6927
88.6809
88.6334
88.479
88.0992
88.0992
88.0992
88.0992
88.0992
88.0992
88.0992
88.0992
88.0992
88.0992
88.0992
88.0992
88.0992
88.0992
88.0992
88.0992
88.0992
88.0992
88.0992
88.0992
88.0949
88.0897
88.0433
87.8873
87.8101
87.7806
87.6584
87.6247
87.6247
87.6166
87.5953
87.5743
87.383
87.2693
87.1652
86.984
86.9521
86.9521
86.9521
86.9521
86.9521
86.9521
86.9521
86.9521
86.9521
86.9521
86.9521
86.9521
86.9521
86.9521
86.9521
86.9521
86.9521
86.9521
86.9521
86.9521
86.9521
86.9521
86.9521
86.9521
86.9521
86.9521
86.9521
86.9521
86.9521
86.9521
86.9521
86.9521
86.9521
86.9521
86.9521
86.9521
86.9521
86.9521
86.9521
86.9521
86.9521
86.9521
86.9521
86.9521
86.9368
86.8909
86.784
86.341
86.1882
86.1882
86.1882
86.1882
86.1882
86.1882
86.1882
86.1882
86.182
86.157
86.1009
85.8724
85.8562
85.8238
85.7064
85.674
85.6681
85.6562
85.6324
103.69
85.4839
85.377
85.377
85.377
85.377
85.377
85.377
85.377
85.377
85.377
85.377
85.377
85.377
85.377
85.377
85.377
85.377
85.377
85.377
85.377
85.377
85.377
85.377
85.377
85.377
85.377
85.377
85.377
85.377
85.377
85.377
85.377
85.377
85.377
85.377
85.377
85.377
85.377
85.377
85.377
85.377
85.377
85.377
85.377
85.377
85.377
85.377
85.3722
85.3567
85.3105
85.2061
85.1396
85.1396
85.1396
85.1051
84.9672
84.4844
83.4154
83.4154
83.4154
83.4154
83.4154
83.4154
83.4154
83.4154
83.4154
83.4154
83.4154
83.4154
83.4154
83.4154
83.4154
83.4154
83.4154
83.4154
83.4154
83.3956
83.356
83.2174
82.5245
82.4255
82.4255
82.4255
82.4255
82.4255
82.4255
82.4255
82.4255
82.4255
82.4255
82.4255
82.4255
82.4255
82.4255
82.4255
82.4255
82.4188
82.4188
82.4188
82.4121
82.3719
82.2377
82.09
82.09
82.09
82.0867
82.0768
82.0668
82.0069
81.9238
81.9238
81.9238
81.9238
81.9238
81.9238
81.9238
81.9238
81.9238
81.9238
81.9238
81.9238
81.9238
81.9238
81.9238
81.9238
81.9238
81.9238
81.9238
81.9238
81.9238
81.9238
81.9238
81.9238
81.9238
81.9238
81.9238
81.9238
81.9238
81.9238
81.9238
81.9199
81.9082
81.8457
81.7284
81.7284
81.7284
81.7284
81.7284
81.7284
81.7284
81.7284
81.7284
81.7284
81.7284
81.7284
81.7284
81.7284
81.7284
81.7284
81.7284
81.7284
81.7284
81.7284
81.7284
81.7284
81.7284
81.7284
81.7284
81.7284
81.7284
81.7284
81.7284
81.7284
81.7284
81.7284
81.7284
81.7284
81.7284
81.7284
81.7284
81.7284
81.7284
81.7284
81.7284
81.7284
81.7284
81.7284
81.7284
81.7284
81.7284
81.7284
81.7284
81.7284
81.7284
81.7284
81.7284
81.7284
81.7284
81.7284
81.7284
81.7284
81.7284
81.7284
81.7284
81.7284
81.7284
81.7284
81.7284
81.7284
81.7284
81.7284
81.7284
81.7284
81.7284
81.7284
81.7284
81.7284
81.7137
81.6547
81.3894
80.9913
80.9913
80.9913
80.9913
80.9913
80.9913
80.9913
80.9913
80.9913
80.9913
80.9913
80.9913
80.9913
80.9913
80.9913
80.9913
80.9913
80.9913
80.9913
80.9913
80.9913
80.9913
80.9913
80.9913
80.9913
80.9913
80.9913
80.9913
80.9913
80.9913
80.9913
80.9913
80.9913
80.9913
80.9852
80.9671
80.9068
80.6895
80.6895
80.6895
80.6895
80.6895
80.6895
80.6895
80.6895
80.6895
80.6895
80.6895
80.6895
80.6895
80.6895
80.6788
80.6572
80.5926
80.3341
80.151
80.151
80.151
80.151
80.151
80.151
80.151
80.151
80.151
80.151
80.151
80.151
80.151
80.151
80.1414
80.1318
80.1126
80.2002
80.0358
79.8628
79.6707
79.6707
79.6707
79.6707
79.6707
79.6707
79.6707
79.6707
79.6707
79.6707
79.6707
79.6707
79.6707
79.6707
79.6707
79.6707
79.6707
79.6707
79.6707
79.6707
79.6707
79.6707
79.6707
79.6707
79.6707
79.6707
79.6707
79.6643
79.6324
79.5557
79.3768
79.3512
79.3512
79.3512
79.3512
79.3512
79.3512
79.3512
79.3512
79.3512
79.3512
79.3512
79.3512
79.3512
79.3512
79.3512
79.3512
79.3512
79.3512
79.3512
79.3512
79.3512
79.3512
79.3512
79.3512
79.3512
79.3512
79.3512
79.3512
79.3512
79.3512
79.3512
79.3512
79.3512
79.3512
79.3512
79.3512
79.3512
79.3512
79.3512
79.3512
79.3512
79.3512
79.3512
79.3512
79.3512
79.3512
79.3512
79.3512
79.3512
79.3512
79.3512
79.3512
79.3512
79.3512
79.3512
79.3512
79.3512
79.3512
79.3512
79.3512
79.3512
79.3512
79.3512
79.3512
79.3512
79.3512
79.3512
79.3512
79.3512
79.3512
79.3512
79.3512
79.3512
79.3512
79.3512
79.3512
79.3512
79.3512
79.3512
79.3512
79.3512
79.3512
79.3512
79.3512
79.3512
79.3512
79.3512
79.3512
79.3509
79.3506
79.3509
79.3512
79.3512
79.3512
79.3512
79.3512
79.3512
79.3512
79.3512
79.3512
79.3358
79.3203
79.2895
79.1659
78.6872
78.5791
78.5791
78.5791
78.5791
78.5791
78.5791
78.5791
78.5791
78.5791
78.5791
78.5791
78.5791
78.5791
78.5791
78.5791
78.5791
78.5791
78.5791
78.5791
78.5791
78.5791
78.5791
78.5791
78.5791
78.5791
78.5791
78.5791
78.5791
78.5791
78.5791
78.5779
78.572
78.5588
78.5195
78.5195
78.5195
78.5195
78.5195
78.5195
78.5195
78.5195
78.5195
78.5195
78.5195
78.5195
78.5195
78.5195
78.5195
78.5195
78.5195
78.5195
78.5195
78.5195
78.5195
78.5158
78.501
78.4789
78.4332
78.335
78.335
78.335
78.335
78.335
78.335
78.335
78.335
78.335
78.335
78.335
78.335
78.335
78.335
78.335
78.335
78.335
78.3311
78.3156
78.2923
78.1603
78.1409
78.1409
78.1409
78.1409
78.1409
78.1409
78.1409
78.1409
78.1409
78.1409
78.1409
78.1409
78.1409
78.1409
78.1409
78.1409
78.1409
78.1409
78.1409
78.1409
78.1409
78.1409
87.1212
78.7168
78.1409
78.1409
78.1409
78.1409
78.1409
78.1409
78.1409
78.1409
78.1409
78.1409
78.1409
78.1319
78.0777
77.9229
77.7222
77.7222
77.7222
77.7222
77.7222
77.7222
77.7222
77.7222
77.7222
77.7222
77.7222
77.7222
77.7222
77.7222
77.7222
77.7222
77.7222
77.7201
77.7201
77.7052
77.6647
77.6158
77.6158
77.6158
77.6158
77.6158
77.6158
77.6158
77.6158
77.6158
77.6158
77.6158
77.6158
77.6158
77.6158
77.6158
77.6158
77.6158
77.6076
77.6158
77.6158
77.6047
77.5497
77.4175
77.0649
77.0649
77.0649
77.0649
77.0649
77.0649
77.0649
77.0649
77.0649
77.0649
77.0649
77.0649
77.0649
77.0649
77.0649
77.0649
77.0649
77.0649
77.0649
77.0649
77.0649
77.0649
77.0649
77.0649
77.0649
77.0649
77.0649
77.0649
77.0649
77.0649
77.0649
77.0649
77.0649
77.0649
77.0649
77.0649
77.0649
77.0649
77.0649
77.0649
77.0649
77.0649
77.0649
77.0649
77.0649
77.0649
77.0649
77.0649
77.0649
77.0649
77.0649
77.0649
77.0649
77.0649
77.0649
77.0649
77.0649
77.0649
77.0649
77.0649
77.0649
77.0649
77.0649
77.0649
77.0649
77.0649
77.0649
77.0643
77.0636
77.0622
77.056
77.0305
77.0305
77.0305
77.0305
77.0305
77.0305
77.0305
77.0305
77.0305
77.0294
77.0305
77.0305
77.0305
77.0305
77.0305
77.0305
77.0305
77.0305
77.0305
77.0305
77.0305
77.0305
77.0305
77.0305
77.0305
77.0305
77.0305
77.0305
77.0305
77.0305
77.0305
77.0305
77.0305
77.0305
77.0305
77.0305
77.0305
77.0305
77.0305
77.0305
77.0305
77.0305
77.0305
77.0305
77.0305
77.0305
77.0305
77.0305
77.0305
77.0305
77.0305
77.0305
77.0305
77.0305
77.0305
77.0305
77.0305
77.0305
77.0305
77.0305
77.0305
77.0305
77.0305
77.0305
77.0305
77.0305
77.0305
77.0305
77.0305
77.0305
77.0305
77.0305
77.0305
77.0305
77.0305
77.0305
77.0302
77.0302
77.0299
77.0289
77.0263
77.0171
77.0142
77.0142
77.0142
77.0142
86.703
77.0768
79.5076
83.6512
77.0142
77.0142
77.0142
77.0142
77.0142
77.0142
77.0142
77.0142
77.0142
77.0142
77.0142
77.0142
77.0131
77.0089
76.9983
76.9612
76.9612
76.9612
76.9612
76.9612
76.9612
76.9591
76.957
76.9467
76.9074
76.8579
76.8579
76.8579
76.8579
76.8579
76.8579
76.8579
76.8579
76.8579
76.8579
76.8579
76.8579
76.8579
76.8579
76.8579
76.8579
76.8579
76.8579
76.8579
76.8579
76.8579
76.8579
76.8579
76.8579
76.8579
76.8579
76.8579
76.8579
76.8579
76.8579
76.8579
76.8579
76.8579
76.8579
76.8579
76.8579
76.8579
76.8579
76.8579
76.8579
76.8579
76.8579
76.8579
76.8579
76.8579
76.8579
76.8579
76.8579
76.8579
76.8579
76.8579
76.8579
76.8579
76.8579
76.8579
76.8579
76.8579
76.8579
76.8579
76.8579
76.8579
76.8579
76.8579
76.8579
76.8579
76.8579
76.8579
76.8579
76.8579
76.8579
76.8579
76.8579
76.8579
76.8579
76.8579
76.8579
76.8579
76.8579
76.8579
76.8579
76.8579
76.8579
76.8579
76.8579
76.8579
76.8579
76.8579
76.8579
76.8579
76.8579
76.8579
76.8579
76.8579
76.8579
76.8579
76.8579
76.8579
76.8579
76.8579
76.8579
76.8579
76.8579
76.8579
76.8579
76.8579
76.8579
76.8579
76.8579
76.8579
76.8579
76.8579
76.8579
76.8579
76.8579
76.8579
76.8579
76.8579
76.8579
76.8579
76.8579
76.8579
76.8579
76.8579
76.8579
76.8579
76.8579
76.8579
76.8579
76.8579
76.8579
76.8579
76.8579
76.8579
76.8579
76.8579
76.8579
76.8579
76.8579
76.8579
76.8579
76.8579
76.8579
76.8579
76.8579
76.8579
76.8579
76.8579
76.8579
76.8579
76.8579
76.8579
76.8579
76.8579
76.8579
76.8579
76.8579
76.8579
76.8579
76.8579
76.8579
76.8579
76.8579
76.8579
76.8579
76.8579
76.8579
76.8579
76.8579
76.8579
76.8579
76.8579
76.8579
76.8579
76.8579
76.8579
76.8579
76.8579
76.8579
76.8579
76.8579
76.8579
76.8579
76.8579
76.8579
76.8579
76.8579
76.8579
76.8579
76.8579
76.8579
76.8579
76.8579
76.8579
76.8579
76.8579
76.8579
76.8579
76.8579
76.8579
76.8579
76.8579
76.8579
76.8579
76.8579
76.8579
76.8579
76.8579
76.8579
76.8579
76.8579
76.8579
76.8579
76.8579
76.8579
76.8579
76.8579
76.8579
76.8579
76.8579
76.8579
76.8579
76.8579
76.8579
76.8579
76.8579
76.8579
76.8579
76.8579
76.8579
76.8579
76.8579
76.8579
76.8579
76.8579
76.8579
76.8579
76.8579
76.8579
76.8579
76.8579
76.8579
76.8579
76.8579
76.8579
76.8579
76.8579
76.8579
76.8579
76.8579
76.8579
76.8579
76.8579
76.8579
76.8579
76.8579
76.8579
76.8579
76.8579
76.8579
76.8579
76.8579
76.8579
76.8579
76.8579
76.8579
76.8579
76.8579
76.8579
76.8579
76.8579
76.8579
76.8579
76.8579
76.8579
76.8579
76.8579
76.8579
76.8579
76.8579
76.8579
76.8579
76.8579
76.8579
76.8579
76.8579
76.8579
76.8579
76.8579
76.8579
76.8579
76.8579
76.8579
76.8579
76.8579
76.8579
76.8579
76.8579
76.8579
76.8579
76.8579
76.8579
76.8579
76.8579
76.8579
76.8543
76.8579
76.8579
76.8579
76.8579
76.8579
76.8579
76.8579
76.8579
76.8579
76.8579
76.8579
76.8579
76.8579
76.8579
76.8579
76.8579
76.8579
76.8579
76.8579
76.8579
76.8579
76.8579
76.8579
76.8579
76.8579
76.8579
76.8579
76.8579
76.8579
76.8579
76.8579
76.8579
76.8579
76.8579
76.8579
76.8579
76.8579
76.8579
76.8579
76.8579
76.8579
76.8579
76.8579
76.8579
76.8579
76.8579
76.8579
76.8579
76.8579
76.8579
76.8579
76.8579
76.8579
76.8579
76.8579
76.8579
76.8579
76.8579
76.8579
76.8579
76.8579
76.8579
76.8579
76.8579
76.8579
76.8579
76.8579
76.8579
76.8579
76.8579
76.8579
76.8579
76.8579
76.8579
76.8579
76.8579
76.8579
76.8579
76.8579
76.8579
76.8579
76.8579
76.8579
76.8487
76.8303
76.7475
76.49
76.398
76.398
76.398
76.398
76.398
76.398
76.398
76.398
76.398
76.398
76.398
76.398
76.398
76.398
76.398
76.398
76.398
76.398
76.398
76.398
76.398
76.398
76.398
76.398
76.398
76.398
76.398
76.398
76.398
76.398
76.398
76.398
76.398
76.398
76.398
76.398
76.398
76.398
76.398
76.398
76.398
76.398
76.398
76.398
76.398
76.398
76.398
76.398
76.398
76.398
76.398
76.398
76.398
76.398
76.398
76.398
76.398
76.398
76.398
76.398
76.398
76.398
76.398
76.398
76.398
76.398
76.398
76.398
76.377
76.377
76.377
76.3559
76.2296
75.8596
75.3454
75.3454
75.3454
75.3454
75.3454
75.3454
75.3454
75.3454
75.3454
75.3454
75.3454
75.3454
75.3454
75.3454
75.3454
75.3454
75.3454
75.3454
75.3454
75.3454
75.3454
75.3454
75.3454
75.3454
75.3454
75.3454
75.3454
75.3454
75.3454
75.3454
75.3454
75.3454
75.3454
75.3454
75.3454
75.3454
75.3454
75.3454
75.3454
75.3454
75.3454
75.3454
75.3454
75.3454
75.3454
75.3454
75.3454
75.3454
75.3454
75.3454
75.3454
75.3454
75.3454
75.3454
75.3454
75.3454
75.3454
75.3454
75.3454
75.3454
75.3454
75.3454
75.3454
75.3454
75.3454
75.3454
75.3454
75.3305
75.2859
75.1668
74.8097
74.6013
74.6013
74.6013
74.6013
74.6013
74.6013
74.6013
74.6013
74.6013
74.6013
74.6013
74.6013
74.6013
74.6013
74.6013
74.6013
74.6013
74.6013
74.6013
74.6013
74.6013
74.6013
74.6013
74.6013
74.6013
74.6013
74.6013
74.5738
74.5463
74.3535
73.5274
73.2245
73.2245
73.2245
73.2245
73.2245
73.2245
73.2245
73.2245
73.2245
73.2245
73.2245
73.2245
73.2245
73.2245
73.2245
73.2245
73.2245
73.2245
73.2245
73.2245
73.2245
73.2245
73.2245
73.2245
73.2245
73.2245
73.2245
73.2245
73.2245
73.2245
73.2245
73.2245
73.2245
73.2245
73.2245
73.2245
73.2245
73.2245
73.2245
73.2245
73.2245
73.2245
73.2245
73.2245
73.2245
73.2245
73.2245
73.2245
73.2245
73.2245
73.2245
73.2245
73.2245
73.2245
73.2245
73.2245
73.2245
73.2245
73.2245
73.2245
73.2245
73.2245
73.2245
73.2245
73.2245
73.2245
73.2245
73.2245
73.2245
73.2245
73.2245
73.2245
73.2245
73.2245
73.2245
73.2245
73.2245
73.2245
73.2245
73.2245
73.2245
73.2245
73.2245
73.2245
73.2245
73.2245
73.2245
73.2245
73.2245
73.2245
73.2245
73.2245
73.2245
73.2245
73.2245
73.2245
73.2245
73.2245
73.2245
73.2245
73.2245
73.2245
73.2245
73.2245
73.2245
73.2245
73.2245
73.2245
73.2245
73.2245
73.2245
73.2245
73.2245
73.2245
73.2245
73.2245
73.2245
73.2245
73.2245
73.2245
73.2245
73.2245
73.2245
73.2245
73.2245
73.2245
73.2245
73.2245
73.2245
73.2245
73.2245
73.2245
73.2245
73.2245
73.2245
73.2245
73.2245
73.2245
73.2245
73.2245
73.2245
73.2245
73.2245
73.2245
73.2245
73.2245
73.2245
73.2245
73.2245
73.2245
73.2245
73.2245
73.2245
73.2245
73.2245
73.2245
73.2245
73.2245
73.2245
73.2245
73.2245
73.2245
73.2245
73.2147
73.2049
73.1074
72.7854
72.7366
72.7366
72.7366
72.7366
72.7366
72.7366
72.7366
72.7366
72.7366
72.7366
72.7366
72.7366
72.7366
72.7366
72.7366
72.7366
72.7366
72.7366
72.7366
72.7366
72.7366
72.7366
72.7366
72.7366
72.7366
72.7366
72.7366
72.7366
72.7366
72.7366
72.7366
72.7366
72.7366
72.7366
72.7366
72.7366
72.7366
72.7366
72.7366
72.7366
72.7366
72.7366
72.7366
72.7366
72.7366
72.7366
72.7366
72.7366
72.7366
72.7366
72.7366
72.7366
72.7366
72.7366
72.7366
72.7366
72.7366
72.7366
72.7366
72.7366
72.7366
72.7366
72.7366
72.7366
72.7366
72.7366
72.7366
72.7366
72.7366
72.7366
72.7366
72.7366
72.7366
72.7366
72.7366
72.7366
72.7366
72.7366
72.7366
72.7366
72.7366
72.7366
72.7366
72.7366
72.7366
72.7366
72.7366
72.7366
72.7366
72.7366
72.7366
72.7366
72.7366
72.7366
72.7693
72.7366
72.7366
72.7366
72.7366
72.7366
72.7366
72.7366
72.7366
72.7366
72.7366
72.7366
72.7366
72.7366
72.7366
72.7366
72.7366
72.7366
72.7366
72.7366
72.7366
72.7366
72.7366
72.7366
72.7366
72.7366
72.7366
72.7366
72.7366
72.7366
72.7366
72.7319
72.6943
72.605
72.5016
72.5016
72.5016
72.5016
72.5016
72.5016
72.5016
72.5016
72.5016
72.5016
72.5016
72.5016
72.5016
72.5016
72.5016
72.5016
72.5016
72.5016
72.5016
72.5016
72.5016
72.5016
72.5016
72.5016
72.5016
72.5016
72.5016
72.5016
72.5016
72.5016
72.5016
72.5016
72.5016
72.5016
72.5016
72.5016
72.5016
72.5016
72.5016
72.5016
72.5016
72.5016
72.5016
72.5016
72.5016
72.5016
72.5016
72.5016
72.5016
72.5016
72.5016
72.5016
72.5016
72.5016
72.5016
72.5016
72.5016
72.5016
72.5016
72.5016
72.5016
72.5016
72.5016
72.5016
72.5016
72.5016
72.5016
72.5016
72.5016
72.5016
72.5016
72.5016
72.5016
72.5016
72.5016
72.5016
72.5016
72.5016
72.5016
72.5016
72.5016
72.5016
72.5016
72.5016
72.5016
72.5016
72.5016
72.5016
72.5016
72.5016
72.5016
72.5016
72.5016
72.5016
72.5016
72.5016
72.5014
72.5011
72.5011
72.5011
72.5011
72.5011
72.5011
72.5011
72.5011
72.5011
72.5011
72.5011
72.5011
72.5011
72.5011
72.5011
72.5011
72.5011
72.5011
72.5011
72.5011
72.5011
72.5011
72.5011
72.5011
72.5011
72.5011
72.5011
72.5011
72.5011
72.5011
72.5011
72.5011
72.5011
72.5011
72.5011
72.5011
72.5011
72.5011
72.5011
72.5011
72.5011
72.5011
72.5011
72.5011
72.5011
72.5011
72.5011
72.5011
72.5011
72.5011
72.5011
72.5011
72.5011
72.5011
72.5011
72.5011
72.5011
72.5011
72.5011
72.5011
72.5011
72.5011
72.5011
72.5011
72.5011
72.5011
72.5011
72.5011
72.5011
72.5011
72.5011
72.5011
72.5011
72.5011
72.5011
72.5011
72.5011
72.5011
72.5011
72.5011
72.5011
72.5011
72.5011
72.5011
72.5011
72.5011
72.5011
72.5011
72.5011
72.5011
72.5011
72.5011
72.5011
72.5011
72.5011
72.5011
72.5011
72.5011
72.5011
72.5011
72.5011
72.5011
72.5011
72.5011
72.5011
72.5011
72.5011
72.5011
72.5011
72.5011
72.5011
72.5011
72.5011
72.5011
72.5011
72.5011
72.5011
72.5011
72.5011
72.5011
72.5011
72.5011
72.5011
72.5011
72.5011
72.5011
72.5011
72.5011
72.5011
72.5011
72.5011
72.5011
72.5011
72.5011
72.5011
72.5011
72.5011
72.5011
72.5011
72.5011
72.5011
72.5011
72.5011
72.5011
72.5011
72.5011
72.5011
72.5011
72.5011
72.5011
72.5011
72.5011
72.5011
72.5011
72.5011
72.5011
72.5011
72.5011
72.5011
72.5011
72.5011
72.5011
72.5011
72.5011
72.5011
72.5011
72.5011
72.5011
72.5011
72.5011
72.5011
72.5011
72.5011
72.5011
72.5011
72.5011
72.5011
72.5011
72.5011
72.5011
72.5011
72.5011
72.5011
72.5011
72.5011
72.5011
72.5011
72.5011
72.5011
72.5011
72.5011
72.5011
72.5011
72.5011
72.5011
72.5011
72.5011
72.5011
72.5011
72.5011
72.5011
72.5011
72.5011
72.5011
72.5011
72.5011
72.5011
72.5011
72.5011
72.5011
72.5011
72.5011
72.5011
72.5011
72.5011
72.5011
72.5011
72.5011
72.5011
72.5011
72.5011
72.5011
72.5011
72.5011
72.5011
72.5011
72.5011
72.5011
72.5011
72.5011
72.5011
72.5011
72.5011
72.5011
72.5011
72.5011
72.5011
72.5011
72.4975
72.4975
72.494
72.4728
72.4233
72.3243
72.3243
72.3243
72.3243
72.3243
72.3243
72.3243
72.3243
72.3243
72.3243
72.3243
72.3243
72.3243
72.3243
72.3243
72.3243
72.3243
72.3243
72.3243
72.3243
72.3243
72.3243
72.3243
72.3243
72.3243
72.3243
72.3243
72.3243
72.3243
72.3243
72.3243
72.3243
72.3243
72.3243
72.3243
72.3243
72.3243
72.3243
72.3243
72.3243
72.3243
72.3243
72.3243
72.3243
72.3243
72.3243
72.3243
72.3243
72.3243
72.3243
72.3243
72.3243
72.3243
72.3243
72.3243
72.3243
72.3243
72.3243
72.3243
72.3243
72.3243
72.3243
72.3243
72.3243
72.3243
72.3243
72.3216
72.3162
72.3
72.2485
72.1404
72.0182
71.782
71.782
71.782
71.782
71.782
71.782
71.782
71.782
71.782
71.782
71.782
71.782
71.782
71.782
71.782
71.782
71.782
71.782
71.782
71.782
71.782
71.782
71.782
71.782
71.782
71.782
71.782
71.782
71.782
71.782
71.782
71.782
71.782
71.782
71.782
71.782
71.782
71.782
71.782
71.782
71.782
71.782
71.782
71.782
71.782
71.782
71.782
71.782
71.782
71.782
71.782
71.782
71.782
71.782
71.782
71.782
71.782
71.782
71.782
71.782
71.782
71.782
71.782
71.782
71.782
71.782
71.782
71.782
71.782
71.782
71.782
71.782
71.782
71.782
71.782
71.782
71.782
71.782
71.782
71.782
71.782
71.782
71.782
71.782
71.782
71.782
71.782
71.782
71.782
71.782
71.782
71.782
71.782
71.782
71.782
71.782
71.782
71.782
71.782
71.782
71.782
71.782
71.782
71.782
71.782
71.782
71.782
71.782
71.782
71.782
71.782
71.782
71.782
71.782
71.782
71.782
71.782
71.782
71.782
71.782
71.782
71.782
71.782
71.782
71.782
71.782
71.782
71.782
71.782
71.782
71.782
71.782
71.782
71.782
71.782
71.782
71.782
71.782
71.782
71.782
71.782
71.782
71.782
71.782
71.782
71.782
71.782
71.782
71.782
71.782
71.782
71.782
71.782
71.782
71.782
71.782
71.782
71.782
71.782
71.782
71.782
71.782
71.782
71.782
71.782
71.782
71.782
71.782
71.782
71.782
71.782
71.782
71.782
71.782
71.782
71.782
71.782
71.782
71.782
71.782
71.782
71.782
71.782
71.782
71.782
71.782
71.782
71.782
71.782
71.782
71.782
71.782
71.782
71.782
71.782
71.782
71.782
71.782
71.782
71.782
71.782
71.782
71.782
71.782
71.782
71.782
71.782
71.782
71.782
71.782
71.782
71.782
71.782
71.782
71.782
71.782
71.782
71.782
71.782
71.782
71.782
71.782
71.782
71.782
71.782
71.782
71.782
71.782
71.782
71.782
71.782
71.782
71.782
71.782
71.782
71.782
71.782
71.782
71.782
71.782
71.782
71.782
71.782
71.782
71.782
71.782
71.782
71.782
71.782
71.782
71.782
71.782
71.782
71.782
71.782
71.782
71.782
71.782
71.782
71.782
71.782
71.782
71.782
71.782
71.782
71.782
71.782
71.782
71.782
71.782
71.782
71.782
71.782
71.782
71.782
71.782
71.782
71.782
71.782
71.782
71.782
71.782
71.782
71.782
71.782
71.782
71.782
71.782
71.782
71.782
71.782
71.782
71.782
71.782
71.782
71.782
71.782
71.782
71.782
71.782
71.782
71.782
71.782
71.782
71.782
71.782
71.782
71.782
71.782
71.782
71.782
71.782
71.782
71.782
71.782
71.782
71.782
71.782
71.782
71.782
71.782
71.782
71.782
71.782
71.782
71.782
71.782
71.782
71.782
71.782
71.782
71.782
71.782
71.782
71.782
71.782
71.782
71.782
71.782
71.782
71.782
71.782
71.782
71.782
71.782
71.782
71.782
71.782
71.782
71.782
71.782
71.782
71.782
71.782
71.782
71.782
71.782
71.782
71.782
71.782
71.782
71.782
71.782
71.782
71.782
71.782
71.782
71.782
71.782
71.782
71.782
71.782
71.782
71.782
71.782
71.782
71.782
71.782
71.782
71.782
71.782
71.782
71.782
71.782
71.782
71.782
71.782
71.782
71.782
71.782
71.782
71.782
71.782
71.782
71.782
71.782
71.782
71.782
71.782
71.782
71.782
71.782
71.782
71.782
71.782
71.782
71.782
71.782
71.782
71.782
71.782
71.782
71.782
71.782
71.782
71.782
71.782
71.782
71.782
71.782
71.782
71.782
71.782
71.782
71.782
71.782
71.782
71.782
71.782
71.782
71.782
71.782
71.782
71.782
71.782
71.782
71.782
71.782
71.782
71.782
71.782
71.782
71.782
71.782
71.782
71.782
71.782
71.782
71.782
71.782
71.782
71.782
71.782
71.782
71.782
71.782
71.782
71.782
71.782
71.782
71.782
71.782
71.782
71.782
71.782
71.782
71.782
71.782
71.782
71.782
71.782
71.782
71.782
71.782
71.782
71.782
71.782
71.782
71.782
71.782
71.782
71.782
71.782
71.782
71.782
71.782
71.782
71.782
71.782
71.782
71.782
71.782
71.782
71.782
71.782
71.782
71.782
71.782
71.782
71.782
71.782
71.782
71.782
71.782
71.782
71.782
71.782
71.782
71.782
71.782
71.782
71.782
71.782
71.782
71.782
71.782
71.782
71.782
71.782
71.782
71.782
71.782
71.782
71.782
71.782
71.782
71.782
71.782
71.782
71.782
71.782
71.782
71.782
71.782
71.782
71.782
71.782
71.782
71.782
71.782
71.782
71.782
71.782
71.782
71.782
71.782
71.782
71.782
71.782
71.782
71.782
71.782
71.782
71.782
71.782
71.782
71.782
71.782
71.782
71.782
71.782
71.782
71.782
71.782
71.782
71.782
71.782
71.782
71.782
71.782
71.782
71.782
71.782
71.782
71.782
71.782
71.782
71.782
71.782
71.782
71.782
71.782
71.782
71.782
71.782
71.782
71.782
71.782
71.782
71.782
71.782
71.782
71.782
71.782
71.782
71.782
71.782
71.782
71.782
71.782
71.782
71.782
71.782
71.782
71.782
71.782
71.782
71.782
71.782
71.782
71.782
71.782
71.782
71.782
71.782
71.782
71.782
71.782
71.782
71.782
71.782
71.782
71.782
71.782
71.782
71.782
71.782
71.782
71.782
71.782
71.782
71.782
71.782
71.782
71.782
71.782
71.782
71.782
71.782
71.782
71.782
71.782
71.782
71.782
71.782
71.782
71.782
71.782
71.782
71.782
71.782
71.782
71.782
71.782
71.782
71.782
71.782
71.782
71.782
71.782
71.782
71.782
71.782
71.782
71.782
71.782
71.782
71.782
71.782
71.782
71.782
71.782
71.782
71.782
71.782
71.782
71.782
71.782
71.782
71.782
71.782
71.782
71.782
71.782
71.782
71.782
71.782
71.782
71.782
71.782
71.782
71.782
71.782
71.782
71.782
71.782
71.782
71.782
71.782
71.782
71.782
71.782
71.782
71.782
71.782
71.782
71.782
71.782
71.782
71.782
71.782
71.782
71.782
71.782
71.782
71.782
71.782
71.782
71.782
71.782
71.782
71.782
71.782
71.782
71.782
71.782
71.782
71.782
71.782
71.782
71.782
71.782
71.782
71.782
71.782
71.782
71.782
71.782
71.782
71.782
71.782
71.782
71.782
71.782
71.782
71.782
71.782
71.782
71.782
71.782
71.782
71.782
71.782
71.782
71.782
71.782
71.782
71.782
71.782
71.782
71.782
71.782
71.782
71.782
71.782
71.782
71.782
71.782
71.782
71.782
71.782
71.782
71.782
71.782
71.782
71.782
71.782
71.782
71.782
71.782
71.782
71.782
71.782
71.782
71.782
71.782
71.782
71.782
71.782
71.782
71.782
71.782
71.782
71.782
71.782
71.782
71.782
71.782
71.782
71.782
71.782
71.782
71.782
71.782
71.782
71.782
71.782
71.782
71.782
71.782
71.782
71.782
71.782
71.782
71.782
71.782
71.782
71.782
71.782
71.782
71.782
71.782
71.782
71.782
71.782
71.782
71.782
71.782
71.782
71.782
71.782
71.782
71.782
71.782
71.782
71.782
71.782
71.782
71.782
71.782
71.782
71.782
71.782
71.782
71.782
71.782
71.782
71.782
71.782
71.782
71.782
71.782
71.782
71.782
71.782
71.782
71.782
71.782
71.782
71.782
71.782
71.782
71.782
71.782
71.782
71.782
71.782
71.782
71.782
71.782
71.782
71.782
71.782
71.782
71.782
71.782
71.782
71.782
71.782
71.782
71.782
71.782
71.782
71.782
71.782
71.782
71.782
71.782
71.782
71.782
71.782
71.782
71.782
71.782
71.782
71.782
71.782
71.782
71.782
71.782
71.782
71.782
71.782
71.782
71.782
71.782
71.782
71.782
71.782
71.782
71.7801
71.7746
71.7617
71.7083
71.6899
71.6899
71.6899
71.6899
71.6899
71.6899
71.6899
71.6899
71.6899
71.6899
71.6899
71.6899
71.6899
71.6899
71.6899
71.6899
71.6899
71.6899
71.6899
71.6899
71.6899
71.6899
71.6899
71.6899
71.6899
71.6899
71.6899
71.6899
71.6899
71.6899
71.6899
71.6899
71.6899
71.6899
71.6899
71.6899
71.6899
71.6899
71.6899
71.6899
71.6899
71.6899
71.6899
71.6899
71.6899
71.6899
71.6899
71.6899
71.6899
71.6899
71.6899
71.6863
71.6863
71.6899
71.6899
71.6899
71.6899
71.6899
71.6899
71.6899
71.6899
71.6899
71.6899
71.6899
71.6899
71.6899
71.6899
71.6899
71.6899
71.6899
71.6899
71.6899
71.6899
71.6899
71.6899
71.6899
71.6899
71.6899
71.6899
71.6899
71.6899
71.6899
71.6899
71.6899
71.6899
71.6899
71.6899
71.6899
71.6899
71.6899
71.6899
71.6899
71.6899
71.6899
71.6899
71.6899
71.6899
71.6899
71.6899
71.6899
71.6899
71.6899
71.6722
71.6545
71.6545
71.5835
71.3531
70.8034
70.8034
70.8034
70.8034
70.8034
70.8034
70.8034
70.8034
70.8034
70.8034
70.8034
70.8034
70.8034
70.8034
70.8034
70.8034
70.8034
70.8034
70.8034
70.8034
70.8034
70.8034
70.8034
70.8034
70.8034
70.8034
70.8034
70.8034
70.8034
70.8034
70.8034
70.8034
70.8034
70.8034
70.8034
70.8034
70.8034
70.8034
70.8034
70.8034
70.8034
70.8034
70.8034
70.8034
70.8034
70.8034
70.8034
70.8034
70.8034
70.8034
70.8034
70.8034
70.8034
70.8034
70.8034
70.8034
70.8034
70.8034
70.8034
70.8034
70.8034
70.8034
70.8034
70.8034
70.8034
70.8034
70.8034
70.8034
70.8034
70.8034
70.8034
70.8034
70.8034
70.8034
70.8034
70.8034
70.8034
70.8034
70.8034
70.8034
70.8034
70.8034
70.8034
70.8034
70.8034
70.8034
70.8034
70.8034
70.8034
70.8034
70.8034
70.8034
70.8034
70.8034
70.8034
70.8034
70.8034
70.8034
70.8034
70.8034
70.8034
70.8034
70.8034
70.8034
70.8034
70.8034
70.8034
70.8034
70.8034
70.8034
70.8034
70.8034
70.8034
70.8034
70.8034
70.8034
70.8034
70.8034
70.8034
70.8034
70.8034
70.8034
70.8034
70.8034
70.8034
70.8034
70.8034
70.8034
70.8034
70.8034
70.8034
70.8034
70.8034
70.8034
70.8034
70.8034
70.8034
70.8034
70.8034
70.8034
70.8034
70.8034
70.8034
70.8034
70.8034
70.8034
70.8034
70.8034
70.8034
70.8034
70.8034
70.8034
70.8034
70.8034
70.8034
70.8034
70.8034
70.8034
70.8034
70.8034
70.8034
70.8034
70.8034
70.8034
70.8034
70.8034
70.8034
70.8034
70.8034
70.8034
70.8034
70.8034
70.8034
70.8034
70.8034
70.8034
70.8034
70.8034
70.8034
70.8034
70.8034
70.8034
70.8034
70.8034
70.8034
70.8034
70.8034
70.8034
70.8034
70.8034
70.8034
70.8034
70.8034
70.8034
70.8034
70.8034
70.8034
70.8034
70.8034
70.8034
70.8034
70.8034
70.8034
70.8034
70.8034
70.8034
70.8034
70.8034
70.8034
70.8034
70.8034
70.8034
70.8034
70.8034
70.8034
70.8034
70.8034
70.8034
70.8034
70.8034
70.8034
70.8034
70.8034
70.8034
70.8034
70.8034
70.8034
70.8034
70.8034
70.8034
70.8034
70.8034
70.8034
70.8034
70.8034
70.8034
70.8034
70.8034
70.8034
70.8034
70.8034
70.8034
70.8034
70.8034
70.8034
70.8034
70.8034
70.8034
70.8034
70.8034
70.8034
70.8034
70.8034
70.8034
70.8034
70.8034
70.8034
70.8034
70.8034
70.8034
70.8034
70.8034
70.8034
70.8034
70.8034
70.8034
70.8034
70.8034
70.8034
70.8034
70.8034
70.8034
70.8034
70.8034
70.8034
70.8034
70.8034
70.8034
70.8034
70.8034
70.8034
70.8034
70.8034
70.8034
70.8034
70.8034
70.8034
70.8034
70.8034
70.8034
70.8034
70.8034
70.8034
70.8034
70.8034
70.8034
70.8034
70.8034
70.8034
70.8034
70.8034
70.8034
70.8034
70.8034
70.8034
70.8034
70.8034
70.8034
70.8034
70.8034
70.8034
70.8034
70.8034
70.8034
70.8034
70.8034
70.8034
70.8034
70.8034
70.8034
70.8034
70.8034
70.8034
70.8034
70.8034
70.8034
70.8034
70.8034
70.8034
70.8034
70.8034
70.8034
70.8034
70.8034
70.8034
70.8034
70.8034
70.8034
70.8034
70.8034
70.8034
70.8034
70.8034
70.8034
70.8034
70.8034
70.8034
70.8034
70.8034
70.8034
70.8034
70.8034
70.8034
70.8034
70.8034
70.8034
70.8034
70.8034
70.8034
70.8034
70.8034
70.8034
70.8034
70.8034
70.8034
70.8034
70.8034
70.8034
70.8034
70.8034
70.8034
70.8034
70.8034
70.8034
70.8034
70.8034
70.8034
70.8034
70.8034
70.8034
70.8034
70.8034
70.8034
70.8034
70.8034
70.8034
70.8034
70.8034
70.8034
70.8034
70.8034
70.8034
70.8034
70.8034
70.8034
70.8034
70.8034
70.8034
70.8034
70.8034
70.8034
70.8034
70.8034
70.8034
70.8034
70.8034
70.8034
70.8034
70.8034
70.8034
70.8034
70.8034
70.8034
70.8034
70.8034
70.8034
70.8034
70.8034
70.8034
70.8034
70.8034
70.8034
70.8034
70.8034
70.8034
70.8034
70.8034
70.8034
70.8034
70.8034
70.8034
70.8034
70.8034
70.8034
70.8034
70.8034
70.8034
70.8034
70.8034
70.8034
70.8034
70.8034
70.8034
70.8034
70.8034
70.8034
70.8034
70.8034
70.8034
70.8034
70.8034
70.8034
70.8034
70.8034
70.8034
70.8034
70.8034
70.8034
70.8034
70.8034
70.8034
70.8034
70.8034
70.8034
70.8034
70.8034
70.8034
70.8034
70.8034
70.8034
70.8034
70.8034
70.8034
70.8034
70.8034
70.8034
70.8034
70.8034
70.8034
70.8034
70.8034
70.8034
70.8034
70.8034
70.8034
70.8034
70.8034
70.8034
70.8034
70.8034
70.8034
70.8034
70.8034
70.8034
70.8034
70.8034
70.8034
70.8034
70.8034
70.8034
70.8034
70.8034
70.8034
70.8034
70.8034
70.8034
70.8034
70.8034
70.8034
70.8034
70.8034
70.8034
70.8034
70.8034
70.8034
70.8034
70.8034
70.8034
70.8034
70.8034
70.8034
70.8034
70.8034
70.8034
70.8034
70.8034
70.8034
70.8034
70.8034
70.8034
70.8034
70.8034
70.8034
70.8034
70.8034
70.8034
70.8034
70.8034
70.8034
70.8034
70.8034
70.8034
70.8034
70.8034
70.8034
70.8034
70.8034
70.8034
70.8034
70.8034
70.8034
70.8034
70.8034
70.8034
70.8034
70.8034
70.8034
70.8034
70.8034
70.8034
70.8034
70.8034
70.8034
70.8034
70.8034
70.8034
70.8034
70.8034
70.8034
70.8034
70.8034
70.8034
70.8034
70.8034
70.8034
70.8034
70.8034
70.8034
70.8034
70.8034
70.8034
70.8034
70.8034
70.8034
70.8034
70.8034
70.8034
70.8034
70.8034
70.8034
70.8034
70.8034
70.8034
70.8034
70.8034
70.8034
70.8034
70.8034
70.8034
70.8034
70.8034
70.8034
70.8034
70.8034
70.8034
70.8034
70.8034
70.8034
70.8034
70.8034
70.8034
70.8034
70.8034
70.8034
70.8034
70.8034
70.8034
70.8034
70.8034
70.8034
70.8034
70.8034
70.8034
70.8034
70.8034
70.8034
70.8034
70.8034
70.8034
70.8034
70.8034
70.8034
70.8034
70.8034
70.8034
70.8034
70.8034
70.8034
70.8034
70.8034
70.8034
70.8034
70.8034
70.8034
70.8034
70.8034
70.8034
70.8034
70.8034
70.8034
70.8034
70.8034
70.8034
70.8034
70.8034
70.8034
70.8034
70.8034
70.8034
70.8034
70.8034
70.8034
70.8034
70.8034
70.8034
70.8034
70.8034
70.8034
70.8034
70.8034
70.8034
70.8034
70.8034
70.8034
70.8034
70.8034
70.8034
70.8034
70.8034
70.8034
70.8034
70.8034
70.8034
70.8034
70.8034
70.8034
70.8034
70.8034
70.8034
70.8034
70.8034
70.8034
70.8034
70.8034
70.8034
70.8034
70.8034
70.8034
70.8034
70.8034
70.8034
70.8034
70.8034
70.8034
70.8034
70.8034
70.8034
70.8034
70.8034
70.8034
70.8034
70.8034
70.8034
70.8034
70.8034
70.8034
70.8034
70.8034
70.8034
70.8034
70.8034
70.8034
70.8034
70.8034
70.8034
70.8034
70.8034
70.8034
70.8034
70.8034
70.8034
70.8034
70.8034
70.8034
70.8034
70.8034
70.8034
70.8034
70.8034
70.8034
70.8034
70.8034
70.8034
70.8034
70.8034
70.8034
70.8034
70.8034
70.8034
70.8034
70.8034
70.8034
70.8034
70.8034
70.8034
70.8034
70.8034
70.8034
70.8034
70.8034
70.8034
70.8034
70.8034
70.8034
70.8034
70.8034
70.8034
70.8034
70.8034
70.8034
70.8034
70.8034
70.8034
70.8034
70.8034
70.8034
70.8034
70.8034
70.8034
70.8034
70.8034
70.8034
70.8034
70.8034
70.8034
70.8034
70.8034
70.8034
70.8034
70.8034
70.8034
70.8034
70.8034
70.8034
70.8034
70.8034
70.8034
70.8034
70.8034
70.8034
70.8034
70.8034
70.8034
70.8034
70.8034
70.8034
70.8034
70.8034
70.8034
70.8034
70.8034
70.8034
70.8034
70.8034
70.8034
70.8034
70.8034
70.8034
70.8034
70.8034
70.8034
70.8034
70.8034
70.8034
70.8034
70.8034
70.8034
70.8034
70.8034
70.8034
70.8034
70.8034
70.8034
70.8034
70.8034
70.8034
70.8034
70.8034
70.8034
70.8034
70.8034
70.8034
70.8034
70.8034
70.8034
70.8034
70.7902
70.7902
70.7109
70.4597
70.1425
70.1425
70.1425
70.1425
70.1425
70.1425
70.1425
70.1425
70.1425
70.1425
70.1425
70.1425
70.1425
70.1425
70.1425
70.1425
70.1425
70.1425
70.1425
70.1425
70.1425
70.1425
70.1425
70.1425
70.1425
70.1425
70.1425
70.1425
70.1425
70.1425
70.1425
70.1425
70.1425
70.1425
70.1425
70.1425
70.1425
70.1425
70.1425
70.1425
70.1425
70.1425
70.1425
70.1425
70.1425
70.1425
70.1425
70.1425
70.1425
70.1425
70.1425
70.1425
70.1425
70.1425
70.1425
70.1425
70.1425
70.1425
70.1425
70.1425
70.1425
70.1425
70.1425
70.1425
70.1425
70.1425
70.1425
70.1425
70.1425
70.1425
70.1425
70.1425
70.1425
70.1425
70.1425
70.1425
70.1425
70.1425
70.1425
70.1425
70.1425
70.1425
70.1425
70.1425
70.1425
70.1425
70.1425
70.1425
70.1425
70.1425
70.1425
70.1425
70.1425
70.1425
70.1425
70.1425
70.1425
70.1425
70.1425
70.1425
70.1425
70.1425
70.1425
70.1425
70.1425
70.1425
70.1425
70.1425
70.1425
70.1425
70.1425
70.1425
70.1425
70.1425
70.1425
70.1425
70.1425
70.1425
70.1425
70.1425
70.1425
70.1425
70.1425
70.1425
70.1425
70.1425
70.1425
70.1425
70.1425
70.1425
70.1425
70.1425
70.1425
70.1425
70.1425
70.1425
70.1425
70.1425
70.1425
70.1425
70.1425
70.1425
70.1425
70.1425
70.1425
70.1425
70.1425
70.1425
70.1425
70.1425
70.1425
70.1425
70.1425
70.1425
70.1425
70.1425
70.1425
70.1425
70.1425
70.1425
70.1425
70.1425
70.1425
70.1425
70.1425
70.1425
70.1425
70.1425
70.1425
70.1425
70.1425
70.1425
70.1425
70.1425
70.1425
70.1425
70.1425
70.1425
70.1425
70.1425
70.1425
70.1425
70.1425
70.1425
70.1425
70.1425
70.1425
70.1425
70.1425
70.1425
70.1425
70.1425
70.1425
70.1425
70.1425
70.1425
70.1425
70.1425
70.1425
70.1425
70.1425
70.1425
70.1425
70.1425
70.1425
70.1425
70.1425
70.1425
70.1425
70.1425
70.1425
70.1425
70.1425
70.1425
70.1425
70.1425
70.1425
70.1425
70.1425
70.1425
70.1425
70.1425
70.1425
70.1425
70.1425
70.1425
70.1425
70.1425
70.1425
70.1425
70.1425
70.1425
70.1425
70.1425
70.1425
70.1425
70.1425
70.1425
70.1425
70.1425
70.1425
70.1425
70.1425
70.1425
70.1425
70.1425
70.1425
70.1425
70.1425
70.1425
70.1425
70.1425
70.1425
70.1425
70.1425
70.1425
70.1425
70.1425
70.1425
70.1425
70.1425
70.1425
70.1425
70.1425
70.1425
70.1425
70.1425
70.1425
70.1425
70.1425
70.1425
70.1425
70.1425
70.1425
70.1425
70.1425
70.1425
70.1425
70.1425
70.1425
70.1425
70.1425
70.1425
70.1425
70.1425
70.1425
70.1425
70.1425
70.1425
70.1425
70.1425
70.1425
70.1425
70.1425
70.1425
70.1425
70.1425
70.1425
70.1425
70.1388
70.1425
70.1425
70.1425
70.1425
70.1425
70.1425
70.1425
70.1425
70.1425
70.1425
70.1425
70.1425
70.1425
70.1425
70.1425
70.1425
70.1425
70.1425
70.1425
70.1425
70.1425
70.1425
70.1425
70.1425
70.1425
70.1425
70.1425
70.1425
70.1425
70.1425
70.1425
70.1425
70.1425
70.1425
70.1425
70.1425
70.1425
70.1425
70.1425
70.1425
70.1425
70.1425
70.1425
70.1425
70.1425
70.1425
70.1425
70.1425
70.1425
70.1425
70.1425
70.1425
70.1425
70.1425
70.1425
70.1425
70.1425
70.1425
70.1425
70.1425
70.1425
70.1425
70.1425
70.1425
70.1425
70.1425
70.1425
70.1425
70.1425
70.1425
70.1425
70.1425
70.1425
70.1425
70.1425
70.1425
70.1425
70.1425
70.1425
70.1425
70.1425
70.1425
70.1425
70.1425
70.1425
70.1425
70.1425
70.1425
70.1425
70.1425
70.1425
70.1425
70.1425
70.1425
70.1425
70.1425
70.1425
70.1425
70.1425
70.1425
70.1425
70.1425
70.1425
70.1425
70.1425
70.1425
70.1425
70.1425
70.1425
70.1425
70.1425
70.1425
70.1425
70.1425
70.1425
70.1425
70.1425
70.1425
70.1425
70.1425
70.1425
70.1425
70.1425
70.1425
70.1425
70.1425
70.1425
70.1425
70.1425
70.1425
70.1425
70.1425
70.1425
70.1425
70.1425
70.1425
70.1425
70.1425
70.1425
70.1425
70.1425
70.1425
70.1425
70.1425
70.1425
70.1425
70.1425
70.1425
70.1425
70.1425
70.1425
70.1425
70.1425
70.1425
70.1425
70.1425
70.1425
70.1425
70.1425
70.1425
70.1425
70.1425
70.1388
70.1204
70.0837
70.0102
69.9588
69.9588
69.9588
69.9588
69.9588
69.9588
69.9588
69.9588
69.9588
69.9588
69.9588
69.9588
69.9588
69.9588
69.9588
69.9588
69.9588
69.9588
69.9588
69.9588
69.9588
69.9588
69.9588
69.9588
69.9588
69.9588
69.9588
69.9588
69.9588
69.9588
69.9588
69.9588
69.9588
69.9588
69.9588
69.9588
69.9588
69.9588
69.9588
69.9588
69.9588
69.9588
69.9588
69.9588
69.9588
69.9588
69.9588
69.9588
69.9588
69.9588
69.9588
69.9588
69.9588
69.9588
69.9588
69.9588
69.9588
69.9588
69.9588
69.9588
69.9588
69.9588
69.9588
69.9588
69.9588
69.9588
69.9588
69.9588
69.9588
69.9588
69.9588
69.9588
69.9588
69.9588
69.9588
69.9588
69.9588
69.9588
69.9588
69.9588
69.9588
69.9588
69.9588
69.9588
69.9588
69.9588
69.9588
69.9588
69.9588
69.9588
69.9588
69.9588
69.9588
69.9588
69.9588
69.9588
69.9588
69.9588
69.9588
69.9588
69.9588
69.9588
69.9588
69.9588
69.9588
69.9588
69.9588
69.9588
69.9588
69.9588
69.9588
69.9588
69.9588
69.9588
69.9588
69.9588
69.9588
69.9588
69.9588
69.9588
69.9588
69.9588
69.9588
69.9588
69.9588
69.9588
69.9588
69.9588
69.9588
69.9588
69.9588
69.9588
69.9588
69.9588
69.9588
69.9588
69.9588
69.9588
69.9588
69.9588
69.9588
69.9588
69.9588
69.9588
69.9588
69.9588
69.9588
69.9588
69.9588
69.9588
69.9588
69.9588
69.9588
69.9588
69.9588
69.9588
69.9588
69.9588
69.9588
69.9588
69.9588
69.9588
69.9588
69.9588
69.9588
69.9588
69.9588
69.9588
69.9588
69.9588
69.9588
69.9588
69.9588
69.9588
69.9588
69.9588
69.9588
69.9588
69.9588
69.9588
69.9588
69.9588
69.9588
69.9588
69.9588
69.9588
69.9588
69.9588
69.9588
69.9588
69.9588
69.9588
69.9588
69.9588
69.9588
69.9588
69.9588
69.9588
69.9588
69.9588
69.9588
69.9588
69.9588
69.9588
69.9588
69.9588
69.9588
69.9588
69.9588
69.9588
69.9588
69.9588
69.9588
69.9588
69.9588
69.9588
69.9588
69.9588
69.9588
69.9588
69.9588
69.9588
69.9588
69.9588
69.9588
69.9588
69.9588
69.9588
69.9588
69.9588
69.9588
69.9588
69.9588
69.9588
69.9588
69.9588
69.9588
69.9588
69.9588
69.9588
69.9588
69.9588
69.9588
69.9588
69.9588
69.9588
69.9588
69.9588
69.9588
69.9588
69.9588
69.9588
69.9588
69.9588
69.9588
69.9588
69.9588
69.9588
69.9588
69.9588
69.9588
69.9588
69.9588
69.9588
69.9588
69.9588
69.9588
69.9588
69.9588
69.9588
69.9588
69.9588
69.9588
69.9588
69.9588
69.9588
69.9588
69.9588
69.9588
69.9588
69.9588
69.9588
69.9588
69.9588
69.9588
69.9588
69.9588
69.9588
69.9588
69.9588
69.9588
69.9588
69.9588
69.9588
69.9588
69.9588
69.9588
69.9588
69.9588
69.9588
69.9588
69.9588
69.9588
69.9588
69.9588
69.9588
69.9588
69.9588
69.9588
69.9588
69.9588
69.9588
69.9588
69.9588
69.9588
69.9588
69.9588
69.9588
69.9588
69.9588
69.9588
69.9588
69.9588
69.9588
69.9588
69.9588
69.9588
69.9588
69.9588
69.9588
69.9588
69.9588
69.9588
69.9588
69.9588
69.9588
69.9588
69.9588
69.9588
69.9588
69.9588
69.9588
69.9588
69.9588
69.9588
69.9588
69.9588
69.9588
69.9588
69.9588
69.9588
69.9588
69.9588
69.9588
69.9588
69.9588
69.9588
69.9588
69.9588
69.9588
69.9588
69.9588
69.9588
69.9588
69.9588
69.9588
69.9588
69.9588
69.9588
69.9588
69.9588
69.9588
69.9588
69.9588
69.9588
69.9588
69.9588
69.9588
69.9588
69.9588
69.9588
69.9588
69.9588
69.9588
69.9588
69.9588
69.9588
69.9588
69.9588
69.9588
69.9588
69.9588
69.9588
69.9588
69.9588
69.9588
69.9588
69.9588
69.9588
69.9588
69.9588
69.9588
69.9588
69.9588
69.9588
69.9588
69.9588
69.9588
69.9588
69.9588
69.9588
69.9588
69.9588
69.9588
69.9588
69.9588
69.9588
69.9588
69.9588
69.9588
69.9588
69.9588
69.9588
69.9588
69.9588
69.9588
69.9588
69.9588
69.9588
69.9588
69.9588
69.9588
69.9588
69.9588
69.9588
69.9588
69.9588
69.9588
69.9588
69.9588
69.9588
69.9588
69.9588
69.9588
69.9588
69.9588
69.9588
69.9588
69.9588
69.9588
69.9588
69.9588
69.9588
69.9588
69.9588
69.9588
69.9588
69.9588
69.9588
69.9588
69.9588
69.9588
69.9588
69.9588
69.9588
69.9588
69.9588
69.9588
69.9588
69.9588
69.9588
69.9588
69.9588
69.9588
69.9588
69.9588
69.9588
69.9588
69.9588
69.9588
69.9588
69.9588
69.9588
69.9588
69.9588
69.9588
69.9588
69.9588
69.9588
69.9588
69.9588
69.9588
69.9588
69.9588
69.9588
69.9588
69.9588
69.9588
69.9588
69.9588
69.9588
69.9588
69.9588
69.9588
69.9588
69.9588
69.9588
69.9588
69.9588
69.9588
69.9588
69.9588
69.9588
69.9588
69.9588
69.9588
69.9588
69.9588
69.9588
69.9588
69.9588
69.9588
69.9588
69.9588
69.9588
69.9588
69.9588
69.9588
69.9588
69.9588
69.9588
69.9588
69.9588
69.9588
69.9588
69.9588
69.9588
69.9588
69.9588
69.9588
69.9588
69.9588
69.9588
69.9588
69.9588
69.9588
69.9588
69.9588
69.9588
69.9588
69.9588
69.9588
69.9588
69.9588
69.9588
69.9588
69.9588
69.9588
69.9588
69.9588
69.9588
69.9588
69.9588
69.9588
69.9588
69.9588
69.9588
69.9588
69.9588
69.9588
69.9588
69.9588
69.9588
69.9588
69.9588
69.9588
69.9588
69.9588
69.9588
69.9588
69.9588
69.9588
69.9588
69.9588
69.9588
69.9588
69.9588
69.9588
69.9588
69.9588
69.9588
69.9588
69.9588
69.9588
69.9588
69.9588
69.9588
69.9588
69.9588
69.9588
69.9588
69.9588
69.9588
69.9588
69.9588
69.9588
69.9588
69.9588
69.9588
69.9588
69.9588
69.9588
69.9588
69.9588
69.9588
69.9588
69.9588
69.9588
69.9588
69.9588
69.9588
69.9588
69.9588
69.9588
69.9588
69.9588
69.9588
69.9588
69.9588
69.9588
69.9588
69.9588
69.9588
69.9588
69.9588
69.9588
69.9588
69.9588
69.9588
69.9588
69.9588
69.9588
69.9588
69.9588
69.9588
69.9588
69.9588
69.9588
69.9588
69.9588
69.9588
69.9588
69.9588
69.9588
69.9588
69.9588
69.9588
69.9588
69.9588
69.9588
69.9588
69.9588
69.9588
69.9588
69.9588
69.9588
69.9588
69.9588
69.9588
69.9588
69.9588
69.9588
69.9588
69.9588
69.9588
69.9588
69.9588
69.9588
69.9588
69.9588
69.9588
69.9588
69.9588
69.9588
69.9588
69.9588
69.9588
69.9588
69.9588
69.9588
69.9588
69.9588
69.9588
69.9588
69.9588
69.9588
69.9588
69.9588
69.9588
69.9588
69.9588
69.9588
69.9588
69.9588
69.9588
69.9588
69.9588
69.9588
69.9588
69.9588
69.9588
69.9588
69.9588
69.9588
69.9588
69.9588
69.9588
69.9588
69.9588
69.9588
69.9588
69.9588
69.9588
69.9588
69.9588
69.9588
69.9588
69.9588
69.9588
69.9588
69.9588
69.9588
69.9588
69.9588
69.9588
69.9588
69.9588
69.9588
69.9588
69.9588
69.9588
69.9588
69.9588
69.9588
69.9588
69.9588
69.9588
69.9588
69.9588
69.9588
69.9588
69.9588
69.9588
69.9588
69.9588
69.9588
69.9588
69.9588
69.9588
69.9588
69.9588
69.9588
69.9588
69.9588
69.9588
69.9588
69.9588
69.9588
69.9588
69.9588
69.9588
69.9588
69.9588
69.9588
69.9588
69.9588
69.9588
69.9588
69.9588
69.9588
69.9588
69.9588
69.9588
69.9588
69.9588
69.9588
69.9588
69.9588
69.9588
69.9588
69.9588
69.9588
69.9588
69.9588
69.9588
69.9588
69.9588
69.9588
69.9588
69.9588
69.9588
69.9588
69.9588
69.9588
69.9588
69.9588
69.9588
69.9588
69.9588
69.9588
69.9588
69.9588
69.9588
69.9588
69.9588
69.9588
69.9588
69.9588
69.9588
69.9588
69.9588
69.9588
69.9588
69.9588
69.9588
69.9588
69.9588
69.9588
69.9588
69.9588
69.9588
69.9588
69.9588
69.9588
69.9588
69.9588
69.9588
69.9588
69.9588
69.9588
69.9588
69.9588
69.9588
69.9588
69.9588
69.9588
69.9588
69.9588
69.9588
69.9588
69.9588
69.9588
69.9588
69.9588
69.9588
69.9588
69.9588
69.9588
69.9588
69.9588
69.9588
69.9588
69.9588
69.9588
69.9588
69.9588
69.9588
69.9588
69.9588
69.9588
69.9588
69.9588
69.9588
69.9588
69.9588
69.9588
69.9588
69.9588
69.9588
69.9588
69.9588
69.9588
69.9588
69.9588
69.9588
69.9588
69.9588
69.9588
69.9588
69.9588
69.9588
69.9588
69.9588
69.9588
69.9588
69.9588
69.9588
69.9588
69.9588
69.9588
69.9588
69.9588
69.9588
69.9588
69.9588
69.9588
69.9588
69.9588
69.9588
69.9588
69.9588
69.9588
69.9588
69.9588
69.9588
69.9588
69.9588
69.9588
69.9588
69.9588
69.9588
69.9588
69.9588
69.9588
69.9588
69.9588
69.9588
69.9588
69.9588
69.9588
69.9588
69.9588
69.9588
69.9588
69.9588
69.9588
69.9588
69.9588
69.9588
69.9588
69.9588
69.9588
69.9588
69.9588
69.9588
69.9588
69.9588
69.9588
69.9588
69.9588
69.9588
69.9588
69.9588
69.9588
69.9588
69.9588
69.9588
69.9588
69.9588
69.9588
69.9588
69.9588
69.9588
69.9588
69.9588
69.9588
69.9588
69.9588
69.9588
69.9588
69.9588
69.9588
69.9588
69.9588
69.9588
69.9588
69.9588
69.9588
69.9588
69.9588
69.9588
69.9588
69.9588
69.9588
69.9588
69.9588
69.9588
69.9588
69.9588
69.9588
69.9588
69.9588
69.9588
69.9588
69.9588
69.9588
69.9588
69.9588
69.9588
69.9588
69.9588
69.9588
69.9588
69.9588
69.9588
69.9588
69.9588
69.9588
69.9588
69.9588
69.9588
69.9588
69.9588
69.9588
69.9588
69.9588
69.9588
69.9588
69.9588
69.9588
69.9588
69.9588
69.9588
69.9588
69.9588
69.9588
69.9588
69.9588
69.9588
69.9588
69.9588
69.9588
69.9588
69.9588
69.9588
69.9588
69.9588
69.9588
69.9588
69.9588
69.9588
69.9588
69.9588
69.9588
69.9588
69.9588
69.9588
69.9588
69.9588
69.9588
69.9588
69.9588
69.9588
69.9588
69.9588
69.9588
69.9588
69.9588
69.9588
69.9588
69.9588
69.9588
69.9588
69.9588
69.9588
69.9588
69.9588
69.9588
69.9588
69.9588
69.9588
69.9588
69.9588
69.9588
69.9588
69.9588
69.9588
69.9588
69.9588
69.9588
69.9588
69.9588
69.9588
69.9588
69.9588
69.9588
69.9588
69.9588
69.9588
69.9588
69.9588
69.9588
69.9588
69.9588
69.9588
69.9588
69.9588
69.9588
69.9588
69.9588
69.9588
69.9588
69.9588
69.9588
69.9588
69.9588
69.9588
69.9588
69.9588
69.9588
69.9588
69.9588
69.9588
69.9588
69.9588
69.9588
69.9588
69.9588
69.9588
69.9588
69.9588
69.9588
69.9588
69.9588
69.9588
69.9588
69.9588
69.9588
69.9588
69.9588
69.9588
69.9588
69.9588
69.9588
69.9588
69.9588
69.9588
69.9588
69.9588
69.9588
69.9588
69.9588
69.9588
69.9588
69.9588
69.9588
69.9588
69.9588
69.9588
69.9588
69.9588
69.9588
69.9588
69.9588
69.9588
69.9588
69.9588
69.9588
69.9588
69.9588
69.9588
69.9588
69.9588
69.9588
69.9588
69.9588
69.9588
69.9588
69.9588
69.9588
69.9588
69.9588
69.9588
69.9588
69.9588
69.9588
69.9588
69.9588
69.9588
69.9588
69.9588
69.9588
69.9588
69.9588
69.9588
69.9588
69.9588
69.9588
69.9588
69.9588
69.9588
69.9588
69.9588
69.9588
69.9588
69.9588
69.9588
69.9588
69.9588
69.9588
69.9588
69.9588
69.9588
69.9588
69.9588
69.9588
69.9588
69.9588
69.9588
69.9588
69.9588
69.9588
69.9588
69.9588
69.9588
69.9588
69.9588
69.9588
69.9588
69.9588
69.9588
69.9588
69.9588
69.9588
69.9588
69.9588
69.9588
69.9588
69.9588
69.9588
69.9588
69.9588
69.9588
69.9588
69.9588
69.9588
69.9588
69.9588
69.9588
69.9588
69.9588
69.9588
69.9588
69.9588
69.9588
69.9588
69.9588
69.9588
69.9588
69.9588
69.9588
69.9588
69.9588
69.9588
69.9588
69.9588
69.9588
69.9588
69.9588
69.9588
69.9588
69.9588
69.9588
69.9588
69.9588
69.9588
69.9588
69.9588
69.9588
69.9588
69.9588
69.9588
69.9588
69.9588
69.9588
69.9588
69.9588
69.9588
69.9588
69.9588
69.9588
69.9588
69.9588
69.9588
69.9588
69.9588
69.9588
69.9588
69.9588
69.9588
69.9588
69.9588
69.9588
69.9588
69.9588
69.9588
69.9588
69.9588
69.9588
69.9588
69.9588
69.9588
69.9588
69.9588
69.9588
69.9588
69.9588
69.9588
69.9588
69.9588
69.9588
69.9588
69.9588
69.9588
69.9588
69.9588
69.9588
69.9588
69.9588
69.9588
69.9588
69.9588
69.9588
69.9588
69.9588
69.9588
69.9588
69.9588
69.9588
69.9588
69.9588
69.9588
69.9588
69.9588
69.9588
69.9588
69.9588
69.9588
69.9588
69.9588
69.9588
69.9588
69.9588
69.9588
69.9588
69.9588
69.9588
69.9588
69.9588
69.9588
69.9588
69.9588
69.9588
69.9588
69.9588
69.9588
69.9588
69.9588
69.9588
69.9588
69.9588
69.9588
69.9588
69.9588
69.9588
69.9588
69.9588
69.9588
69.9588
69.9588
69.9588
69.9588
69.9588
69.9588
69.9588
69.9588
69.9588
69.9588
69.9588
69.9588
69.9588
69.9588
69.9588
69.9588
69.9588
69.9588
69.9588
69.9588
69.9588
69.9588
69.9588
69.9588
69.9588
69.9588
69.9588
69.9588
69.9588
69.9588
69.9588
69.9588
69.9588
69.9588
69.9588
69.9588
69.9588
69.9588
69.9588
69.9588
69.9588
69.9588
69.9588
69.9588
69.9588
69.9588
69.9588
69.9588
69.9588
69.9588
69.9588
69.9588
69.9588
69.9588
69.9588
69.9588
69.9588
69.9588
69.9588
69.9588
69.9588
69.9588
69.9588
69.9588
69.9588
69.9588
69.9588
69.9588
69.9588
69.9588
69.9588
69.9588
69.9588
69.9588
69.9588
69.9588
69.9588
69.9588
69.9588
69.9588
69.9588
69.9588
69.9588
69.9588
69.9588
69.9588
69.9588
69.9588
69.9588
69.9588
69.9588
69.9588
69.9588
69.9588
69.9588
69.9588
69.9588
69.9588
69.9588
69.9588
69.9588
69.9588
69.9588
69.9588
69.9588
69.9588
69.9588
69.9588
69.9588
69.9588
69.9588
69.9588
69.9588
69.9588
69.9588
69.9588
69.9588
69.9588
69.9588
69.9588
69.9588
69.9588
69.9588
69.9588
69.9588
69.9588
69.9588
69.9588
69.9588
69.9588
69.9588
69.9588
69.9588
69.9588
69.9588
69.9588
69.9588
69.9588
69.9588
69.9588
69.9588
69.9588
69.9588
69.9588
69.9588
69.9588
69.9588
69.9588
69.9588
69.9588
69.9588
69.9588
69.9588
69.9588
69.9588
69.9588
69.9588
69.9588
69.9588
69.9588
69.9588
69.9588
69.9588
69.9588
69.9588
69.9588
69.9588
69.9588
69.9588
69.9588
69.9588
69.9588
69.9588
69.9588
69.9588
69.9588
69.9588
69.9588
69.9588
69.9588
69.9588
69.9588
69.9588
69.9588
69.9588
69.9588
69.9588
69.9588
69.9588
69.9588
69.9588
69.9588
69.9588
69.9588
69.9588
69.9588
69.9588
69.9588
69.9588
69.9588
69.9588
69.9588
69.9588
69.9588
69.9588
69.9588
69.9588
69.9588
69.9588
69.9588
69.9588
69.9588
69.9588
69.9588
69.9588
69.9588
69.9588
69.9588
69.9588
69.9588
69.9588
69.9588
69.9588
69.9588
69.9588
69.9588
69.9588
69.9588
69.9588
69.9588
69.9588
69.9588
69.9588
69.9588
69.9588
69.9588
69.9588
69.9588
69.9588
69.9588
69.9588
69.9588
69.9588
69.9588
69.9588
69.9588
69.9588
69.9588
69.9588
69.9588
69.9588
69.9588
69.9588
69.9588
69.9588
69.9588
69.9588
69.9588
69.9588
69.9588
69.9588
69.9588
69.9588
69.9588
69.9588
69.9588
69.9588
69.9588
69.9588
69.9588
69.9588
69.9588
69.9588
69.9588
69.9588
69.9588
69.9588
69.9588
69.9588
69.9588
69.9588
69.9588
69.9588
69.9588
69.9588
69.9588
69.9588
69.9588
69.9588
69.9588
69.9588
69.9588
69.9588
69.9588
69.9588
69.9588
69.9588
69.9588
69.9588
69.9588
69.9588
69.9588
69.9588
69.9588
69.9588
69.9588
69.9588
69.9588
69.9588
69.9588
69.9588
69.9588
69.9588
69.9588
69.9588
69.9588
69.9588
69.9588
69.9588
69.9588
69.9588
69.9588
69.9588
69.9588
69.9588
69.9588
69.9588
69.9588
69.9588
69.9588
69.9588
69.9588
69.9588
69.9588
69.9588
69.9588
69.9588
69.9588
69.9588
69.9588
69.9588
69.9588
69.9588
69.9588
69.9588
69.9588
69.9588
69.9588
69.9588
69.9588
69.9588
69.9588
69.9588
69.9588
69.9588
69.9588
69.9588
69.9588
69.9588
69.9588
69.9588
69.9588
69.9588
69.9588
69.9588
69.9588
69.9588
69.9588
69.9588
69.9588
69.9588
69.9588
69.9588
69.9588
69.9588
69.9588
69.9588
69.9588
69.9588
69.9588
69.9588
69.9588
69.9588
69.9588
69.9588
69.9588
69.9588
69.9588
69.9588
69.9588
69.9588
69.9588
69.9588
69.9588
69.9588
69.9588
69.9588
69.9588
69.9588
69.9588
69.9588
69.9588
69.9588
69.9588
69.9588
69.9588
69.9588
69.9588
69.9588
69.9588
69.9588
69.9588
69.9588
69.9588
69.9588
69.9588
69.9588
69.9588
69.9588
69.9588
69.9588
69.9588
69.9588
69.9588
69.9588
69.9588
69.9588
69.9588
69.9588
69.9588
69.9588
69.9588
69.9588
69.9588
69.9588
69.9588
69.9588
69.9588
69.9588
69.9588
69.9588
69.9588
69.9588
69.9588
69.9588
69.9588
69.9588
69.9588
69.9588
69.9588
69.9588
69.9588
69.9588
69.9588
69.9588
69.9588
69.9588
69.9588
69.9588
69.9588
69.9588
69.9588
69.9588
69.9588
69.9588
69.9588
69.9588
69.9588
69.9588
69.9588
69.9588
69.9588
69.9588
69.9588
69.9588
69.9588
69.9588
69.9588
69.9588
69.9588
69.9588
69.9588
69.9588
69.9588
69.9588
69.9588
69.9588
69.9588
69.9588
69.9588
69.9588
69.9588
69.9588
69.9588
69.9588
69.9588
69.9588
69.9588
69.9588
69.9588
69.9588
69.9588
69.9588
69.9588
69.9588
69.9588
69.9588
69.9588
69.9588
69.9588
69.9588
69.9588
69.9588
69.9588
69.9588
69.9588
69.9588
69.9588
69.9588
69.9588
69.9588
69.9588
69.9588
69.9588
69.9588
69.9588
69.9588
69.9588
69.9588
69.9588
69.9588
69.9588
69.9588
69.9588
69.9588
69.9588
69.9588
69.9588
69.9588
69.9588
69.9588
69.9588
69.9588
69.9588
69.9588
69.9588
69.9588
69.9588
69.9588
69.9588
69.9588
69.9588
69.9588
69.9588
69.9588
69.9588
69.9588
69.9588
69.9588
69.9588
69.9588
69.9588
69.9588
69.9588
69.9588
69.9588
69.9588
69.9588
69.9588
69.9588
69.9588
69.9588
69.9588
69.9588
69.9588
69.9588
69.9588
69.9588
69.9588
69.9588
69.9588
69.9588
69.9588
69.9588
69.9588
69.9588
69.9588
69.9588
69.9588
69.9588
69.9588
69.9588
69.9588
69.9588
69.9588
69.9588
69.9588
69.9588
69.9588
69.9588
69.9588
69.9588
69.9588
69.9588
69.9588
69.9588
69.9588
69.9588
69.9588
69.9588
69.9588
69.9588
69.9588
69.9588
69.9588
69.9588
69.9588
69.9588
69.9588
69.9588
69.9588
69.9588
69.9588
69.9588
69.9588
69.9588
69.9588
69.9588
69.9588
69.9588
69.9588
69.9588
69.9588
69.9588
69.9588
69.9588
69.9588
69.9588
69.9588
69.9588
69.9588
69.9588
69.9588
69.9588
69.9588
69.9588
69.9588
69.9588
69.9588
69.9588
69.9588
69.9588
69.9588
69.9588
69.9588
69.9588
69.9588
69.9588
69.9588
69.9588
69.9588
69.9588
69.9588
69.9588
69.9588
69.9588
69.9588
69.9588
69.9588
69.9588
69.9588
69.9588
69.9588
69.9588
69.9588
69.9588
69.9588
69.9588
69.9588
69.9588
69.9588
69.9588
69.9588
69.9588
69.9588
69.9588
69.9588
69.9588
69.9588
69.9588
69.9588
69.9588
69.9588
69.9588
69.9588
69.9588
69.9588
69.9588
69.9588
69.9588
69.9588
69.9588
69.9588
69.9588
69.9588
69.9588
69.9588
69.9588
69.9588
69.9588
69.9588
69.9588
69.9588
69.9588
69.9588
69.9588
69.9588
69.9588
69.9588
69.9588
69.9588
69.9588
69.9588
69.9588
69.9588
69.9588
69.9588
69.9588
69.9588
69.9588
69.9588
69.9588
69.9588
69.9588
69.9588
69.9588
69.9588
69.9588
69.9588
69.9588
69.9588
69.9588
69.9588
69.9588
69.9588
69.9588
69.9588
69.9588
69.9588
69.9588
69.9588
69.9588
69.9588
69.9588
69.9588
69.9588
69.9588
69.9588
69.9588
69.9588
69.9588
69.9588
69.9588
69.9588
69.9588
69.9588
69.9588
69.9588
69.9588
69.9588
69.9588
69.9588
69.9588
69.9588
69.9588
69.9588
69.9588
69.9588
69.9588
69.9588
69.9588
69.9588
69.9588
69.9588
69.9588
69.9588
69.9588
69.9588
69.9588
69.9588
69.9588
69.9588
69.9588
69.9588
69.9588
69.9588
69.9588
69.9588
69.9588
69.9588
69.9588
69.9588
69.9588
69.9588
69.9588
69.9588
69.9588
69.9588
69.9588
69.9588
69.9588
69.9588
69.9588
69.9588
69.9588
69.9588
69.9588
69.9588
69.9588
69.9588
69.9588
69.9588
69.9588
69.9588
69.9588
69.9588
69.9588
69.9588
69.9588
69.9588
69.9588
69.9588
69.9588
69.9588
69.9588
69.9588
69.9588
69.9588
69.9588
69.9588
69.9588
69.9588
69.9588
69.9588
69.9588
69.9588
69.9588
69.9588
69.9588
69.9588
69.9588
69.9588
69.9588
69.9588
69.9588
69.9588
69.9588
69.9588
69.9588
69.9588
69.9588
69.9588
69.9588
69.9588
69.9588
69.9588
69.9588
69.9588
69.9588
69.9588
69.9588
69.9588
69.9588
69.9588
69.9588
69.9588
69.9588
69.9588
69.9588
69.9588
69.9588
69.9588
69.9588
69.9588
69.9588
69.9588
69.9588
69.9588
69.9588
69.9588
69.9588
69.9588
69.9588
69.9588
69.9588
69.9588
69.9588
69.9588
69.9588
69.9588
69.9588
69.9588
69.9588
69.9588
69.9588
69.9588
69.9588
69.9588
69.9588
69.9588
69.9588
69.9588
69.9588
69.9588
69.9588
69.9588
69.9588
69.9588
69.9588
69.9588
69.9588
69.9588
69.9588
69.9588
69.9588
69.9588
69.9588
69.9588
69.9588
69.9588
69.9588
69.9588
69.9588
69.9588
69.9588
69.9588
69.9588
69.9588
69.9588
69.9588
69.9588
69.9588
69.9588
69.9588
69.9588
69.9588
69.9588
69.9588
69.9588
69.9588
69.9588
69.9588
69.9588
69.9588
69.9588
69.9588
69.9588
69.9588
69.9588
69.9588
69.9588
69.9588
69.9588
69.9588
69.9588
69.9588
69.9588
69.9588
69.9588
69.9588
69.9588
69.9588
69.9588
69.9588
69.9588
69.9588
69.9588
69.9588
69.9588
69.9588
69.9588
69.9588
69.9588
69.9588
69.9588
69.9588
69.9588
69.9588
69.9588
69.9588
69.9588
69.9588
69.9588
69.9588
69.9588
69.9588
69.9588
69.9588
69.9588
69.9588
69.9588
69.9588
69.9588
69.9588
69.9588
69.9588
69.9588
69.9588
69.9588
69.9588
69.9588
69.9588
69.9588
69.9588
69.9588
69.9588
69.9588
69.9588
69.9588
69.9588
69.9588
69.9588
69.9588
69.9588
69.9588
69.9588
69.9588
69.9588
69.9588
69.9588
69.9588
69.9588
69.9588
69.9588
69.9588
69.9588
69.9588
69.9588
69.9588
69.9588
69.9588
69.9588
69.9588
69.9588
69.9588
69.9588
69.9588
69.9588
69.9588
69.9588
69.9588
69.9588
69.9588
69.9588
69.9588
69.9588
69.9588
69.9588
69.9588
69.9588
69.9588
69.9588
69.9588
69.9588
69.9588
69.9588
69.9588
69.9588
69.9588
69.9588
69.9588
69.9588
69.9588
69.9588
69.9588
69.9588
69.9588
69.9588
69.9588
69.9588
69.9588
69.9588
69.9588
69.9588
69.9588
69.9588
69.9588
69.9588
69.9588
69.9588
69.9588
69.9588
69.9588
69.9588
69.9588
69.9588
69.9588
69.9588
69.9588
69.9588
69.9588
69.9588
69.9588
69.9588
69.9588
69.9588
69.9588
69.9588
69.9588
69.9588
69.9588
69.9588
69.9588
69.9588
69.9588
69.9588
69.9588
69.9588
69.9588
69.9588
69.9588
69.9588
69.9588
69.9588
69.9588
69.9588
69.9588
69.9588
69.9588
69.9588
69.9588
69.9588
69.9588
69.9588
69.9588
69.9588
69.9588
69.9588
69.9588
69.9588
69.9588
69.9588
69.9588
69.9588
69.9588
69.9588
69.9588
69.9588
69.9588
69.9588
69.9588
69.9588
69.9588
69.9588
69.9588
69.9588
69.9588
69.9588
69.9588
69.9588
69.9588
69.9588
69.9588
69.9588
69.9588
69.9588
69.9588
69.9588
69.9588
69.9588
69.9588
69.9588
69.9588
69.9588
69.9588
69.9588
69.9588
69.9588
69.9588
69.9588
69.9588
69.9588
69.9588
69.9588
69.9588
69.9588
69.9588
69.9588
69.9588
69.9588
69.9588
69.9588
69.9588
69.9588
69.9588
69.9588
69.9588
69.9588
69.9588
69.9588
69.9588
69.9588
69.9588
69.9588
69.9588
69.9588
69.9588
69.9588
69.9588
69.9588
69.9588
69.9588
69.9588
69.9588
69.9588
69.9588
69.9588
69.9588
69.9588
69.9588
69.9588
69.9588
69.9588
69.9588
69.9588
69.9588
69.9588
69.9588
69.9588
69.9588
69.9588
69.9588
69.9588
69.9588
69.9588
69.9588
69.9588
69.9588
69.9588
69.9588
69.9588
69.9588
69.9588
69.9588
69.9588
69.9588
69.9588
69.9588
69.9588
69.9588
69.9588
69.9588
69.9588
69.9588
69.9588
69.9588
69.9588
69.9588
69.9588
69.9588
69.9588
69.9588
69.9588
69.9588
69.9588
69.9588
69.9588
69.9588
69.9588
69.9588
69.9588
69.9588
69.9588
69.9588
69.9588
69.9588
69.9588
69.9588
69.9588
69.9588
69.9588
69.9588
69.9588
69.9588
69.9588
69.9588
69.9588
69.9588
69.9588
69.9588
69.9588
69.9588
69.9588
69.9588
69.9588
69.9588
69.9588
69.9588
69.9588
69.9588
69.9588
69.9588
69.9588
69.9588
69.9588
69.9588
69.9588
69.9588
69.9588
69.9588
69.9588
69.9588
69.9588
69.9588
69.9588
69.9588
69.9588
69.9588
69.9588
69.9588
69.9588
69.9588
69.9588
69.9588
69.9588
69.9588
69.9588
69.9588
69.9588
69.9588
69.9588
69.9588
69.9588
69.9588
69.9588
69.9588
69.9588
69.9588
69.9588
69.9588
69.9588
69.9588
69.9588
69.9588
69.9588
69.9588
69.9588
69.9588
69.9588
69.9588
69.9588
69.9588
69.9588
69.9588
69.9588
69.9588
69.9588
69.9588
69.9588
69.9588
69.9588
69.9588
69.9588
69.9588
69.9588
69.9588
69.9588
69.9588
69.9588
69.9588
69.9588
69.9588
69.9588
69.9588
69.9588
69.9588
69.9588
69.9588
69.9588
69.9588
69.9588
69.9588
69.9588
69.9588
69.9588
69.9588
69.9588
69.9588
69.9588
69.9588
69.9588
69.9588
69.9588
69.9588
69.9588
69.9588
69.9588
69.9588
69.9588
69.9588
69.9588
69.9588
69.9588
69.9588
69.9588
69.9588
69.9588
69.9588
69.9588
69.9588
69.9588
69.9588
69.9588
69.9588
69.9588
69.9588
69.9588
69.9588
69.9588
69.9588
69.9588
69.9588
69.9588
69.9588
69.9588
69.9588
69.9588
69.9588
69.9588
69.9588
69.9588
69.9588
69.9588
69.9588
69.9588
69.9588
69.9588
69.9588
69.9588
69.9588
69.9588
69.9588
69.9588
69.9588
69.9588
69.9588
69.9588
69.9588
69.9588
69.9588
69.9588
69.9588
69.9588
69.9588
69.9588
69.9588
69.9588
69.9588
69.9588
69.9588
69.9588
69.9588
69.9588
69.9588
69.9588
69.9588
69.9588
69.9588
69.9588
69.9588
69.9588
69.9588
69.9588
69.9588
69.9588
69.9588
69.9588
69.9588
69.9588
69.9588
69.9588
69.9588
69.9588
69.9588
69.9588
69.9588
69.9588
69.9588
69.9588
69.9588
69.9588
69.9588
69.9588
69.9588
69.9588
69.9588
69.9588
69.9588
69.9588
69.9588
69.9588
69.9588
69.9588
69.9588
69.9588
69.9588
69.9588
69.9588
69.9588
69.9588
69.9588
69.9588
69.9588
69.9588
69.9588
69.9588
69.9588
69.9588
69.9588
69.9588
69.9588
69.9588
69.9588
69.9588
69.9588
69.9588
69.9588
69.9588
69.9588
69.9588
69.9588
69.9588
69.9588
69.9588
69.9588
69.9588
69.9588
69.9588
69.9588
69.9588
69.9588
69.9588
69.9588
69.9588
69.9588
69.9588
69.9588
69.9588
69.9588
69.9588
69.9588
69.9588
69.9588
69.9588
69.9588
69.9588
69.9588
69.9588
69.9588
69.9588
69.9588
69.9588
69.9588
69.9588
69.9588
69.9588
69.9588
69.9588
69.9588
69.9588
69.9588
69.9588
69.9588
69.9588
69.9588
69.9588
69.9588
69.9588
69.9588
69.9588
69.9588
69.9588
69.9588
69.9588
69.9588
69.9588
69.9588
69.9588
69.9588
69.9588
69.9588
69.9588
69.9588
69.9588
69.9588
69.9588
69.9588
69.9588
69.9588
69.9588
69.9588
69.9588
69.9588
69.9588
69.9588
69.9588
69.9588
69.9588
69.9588
69.9588
69.9588
69.9588
69.9588
69.9588
69.9588
69.9588
69.9588
69.9588
69.9588
69.9588
69.9588
69.9588
69.9588
69.9588
69.9588
69.9588
69.9588
69.9588
69.9588
69.9588
69.9588
69.9588
69.9588
69.9588
69.9588
69.9588
69.9588
69.9588
69.9588
69.9588
69.9588
69.9588
69.9588
69.9588
69.9588
69.9588
69.9588
69.9588
69.9588
69.9588
69.9588
69.9588
69.9588
69.9588
69.9588
69.9588
69.9588
69.9588
69.9588
69.9588
69.9588
69.9588
69.9588
69.9588
69.9588
69.9588
69.9588
69.9588
69.9588
69.9588
69.9588
69.9588
69.9588
69.9588
69.9588
69.9588
69.9588
69.9588
69.9588
69.9588
69.9588
69.9588
69.9588
69.9588
69.9588
69.9588
69.9588
69.9588
69.9588
69.9588
69.9588
69.9588
69.9588
69.9588
69.9588
69.9588
69.9588
69.9588
69.9588
69.9588
69.9588
69.9588
69.9588
69.9588
69.9588
69.9588
69.9588
69.9588
69.9588
69.9588
69.9588
69.9588
69.9588
69.9588
69.9588
69.9588
69.9588
69.9588
69.9588
69.9588
69.9588
69.9588
69.9588
69.9588
69.9588
69.9588
69.9588
69.9588
69.9588
69.9588
69.9588
69.9588
69.9588
69.9588
69.9588
69.9588
69.9588
69.9588
69.9588
69.9588
69.9588
69.9588
69.9588
69.9588
69.9588
69.9588
69.9588
69.9588
69.9588
69.9588
69.9588
69.9588
69.9588
69.9588
69.9588
69.9588
69.9588
69.9588
69.9588
69.9588
69.9588
69.9588
69.9588
69.9588
69.9588
69.9588
69.9588
69.9588
69.9588
69.9588
69.9588
69.9588
69.9588
69.9588
69.9588
69.9588
69.9588
69.9588
69.9588
69.9588
69.9588
69.9588
69.9588
69.9588
69.9588
69.9588
69.9588
69.9588
69.9588
69.9588
69.9588
69.9588
69.9588
69.9588
69.9588
69.9588
69.9588
69.9588
69.9588
69.9588
69.9588
69.9588
69.9588
69.9588
69.9588
69.9588
69.9588
69.9588
69.9588
69.9588
69.9588
69.9588
69.9588
69.9588
69.9588
69.9588
69.9588
69.9588
69.9588
69.9588
69.9588
69.9588
69.9588
69.9588
69.9588
69.9588
69.9588
69.9588
69.9588
69.9588
69.9588
69.9588
69.9588
69.9588
69.9588
69.9588
69.9588
69.9588
69.9588
69.9588
69.9588
69.9588
69.9588
69.9588
69.9588
69.9588
69.9588
69.9588
69.9588
69.9588
69.9588
69.9588
69.9588
69.9588
69.9588
69.9588
69.9588
69.9588
69.9588
69.9588
69.9588
69.9588
69.9588
69.9588
69.9588
69.9588
69.9588
69.9588
69.9588
69.9588
69.9588
69.9588
69.9588
69.9588
69.9588
69.9588
69.9588
69.9588
69.9588
69.9588
69.9588
69.9588
69.9588
69.9588
69.9588
69.9588
69.9588
69.9588
69.9588
69.9588
69.9588
69.9588
69.9588
69.9588
69.9588
69.9588
69.9588
69.9588
69.9588
69.9588
69.9588
69.9588
69.9588
69.9588
69.9588
69.9588
69.9588
69.9588
69.9588
69.9588
69.9588
69.9588
69.9588
69.9588
69.9588
69.9588
69.9588
69.9588
69.9588
69.9588
69.9588
69.9588
69.9588
69.9588
69.9588
69.9588
69.9588
69.9588
69.9588
69.9588
69.9588
69.9588
69.9588
69.9588
69.9588
69.9588
69.9588
69.9588
69.9588
69.9588
69.9588
69.9588
69.9588
69.9588
69.9588
69.9588
69.9588
69.9588
69.9588
69.9588
69.9588
69.9588
69.9588
69.9588
69.9588
69.9588
69.9588
69.9588
69.9588
69.9588
69.9588
69.9588
69.9588
69.9588
69.9588
69.9588
69.9588
69.9588
69.9588
69.9588
69.9588
69.9588
69.9588
69.9588
69.9588
69.9588
69.9588
69.9588
69.9588
69.9588
69.9588
69.9588
69.9588
69.9588
69.9588
69.9588
69.9588
69.9588
69.9588
69.9588
69.9588
69.9588
69.9588
69.9588
69.9588
69.9588
69.9588
69.9588
69.9588
69.9588
69.9588
69.9588
69.9588
69.9588
69.9588
69.9588
69.9588
69.9588
69.9588
69.9588
69.9588
69.9588
69.9588
69.9588
69.9588
69.9588
69.9588
69.9588
69.9588
69.9588
69.9588
69.9588
69.9588
69.9588
69.9588
69.9588
69.9588
69.9588
69.9588
69.9588
69.9588
69.9588
69.9588
69.9588
69.9588
69.9588
69.9588
69.9588
69.9588
69.9588
69.9588
69.9588
69.9588
69.9588
69.9588
69.9588
69.9588
69.9588
69.9588
69.9588
69.9588
69.9588
69.9588
69.9588
69.9588
69.9588
69.9588
69.9588
69.9588
69.9588
69.9588
69.9588
69.9588
69.9588
69.9588
69.9588
69.9588
69.9588
69.9588
69.9588
69.9588
69.9588
69.9588
69.9588
69.9588
69.9588
69.9588
69.9588
69.9588
69.9588
69.9588
69.9588
69.9588
69.9588
69.9588
69.9588
69.9588
69.9588
69.9588
69.9588
69.9588
69.9588
69.9588
69.9588
69.9588
69.9588
69.9588
69.9588
69.9588
69.9588
69.9588
69.9588
69.9588
69.9588
69.9588
69.9588
69.9588
69.9588
69.9588
69.9588
69.9588
69.9588
69.9588
69.9588
69.9588
69.9588
69.9588
69.9588
69.9588
69.9588
69.9588
69.9588
69.9588
69.9588
69.9588
69.9588
69.9588
69.9588
69.9588
69.9588
69.9588
69.9588
69.9588
69.9588
69.9588
69.9588
69.9588
69.9588
69.9588
69.9588
69.9588
69.9588
69.9588
69.9588
69.9588
69.9588
69.9588
69.9588
69.9588
69.9588
69.9588
69.9588
69.9588
69.9588
69.9588
69.9588
69.9588
69.9588
69.9588
69.9588
69.9588
69.9588
69.9588
69.9588
69.9588
69.9588
69.9588
69.9588
69.9588
69.9588
69.9588
69.9588
69.9588
69.9588
69.9588
69.9588
69.9588
69.9588
69.9588
69.9588
69.9588
69.9588
69.9588
69.9588
69.9588
69.9588
69.9588
69.9588
69.9588
69.9588
69.9588
69.9588
69.9588
69.9588
69.9588
69.9588
69.9588
69.9588
69.9588
69.9588
69.9588
69.9588
69.9588
69.9588
69.9588
69.9588
69.9588
69.9588
69.9588
69.9588
69.9588
69.9588
69.9588
69.9588
69.9588
69.9588
69.9588
69.9588
69.9588
69.9588
69.9588
69.9588
69.9588
69.9588
69.9588
69.9588
69.9588
69.9588
69.9588
69.9588
69.9588
69.9588
69.9588
69.9588
69.9588
69.9588
69.9588
69.9588
69.9588
69.9588
69.9588
69.9588
69.9588
69.9588
69.9588
69.9588
69.9588
69.9588
69.9588
69.9588
69.9588
69.9588
69.9588
69.9588
69.9588
69.9588
69.9588
69.9588
69.9588
69.9588
69.9588
69.9588
69.9588
69.9588
69.9588
69.9588
69.9588
69.9588
69.9588
69.9588
69.9588
69.9588
69.9588
69.9588
69.9588
69.9588
69.9588
69.9588
69.9588
69.9588
69.9588
69.9588
69.9588
69.9588
69.9588
69.9588
69.9588
69.9588
69.9588
69.9588
69.9588
69.9588
69.9588
69.9588
69.9588
69.9588
69.9588
69.9588
69.9588
69.9588
69.9588
69.9588
69.9588
69.9588
69.9588
69.9588
69.9588
69.9588
69.9588
69.9588
69.9588
69.9588
69.9588
69.9588
69.9588
69.9588
69.9588
69.9588
69.9588
69.9588
69.9588
69.9588
69.9588
69.9588
69.9588
69.9588
69.9588
69.9588
69.9588
69.9588
69.9588
69.9588
69.9588
69.9588
69.9588
69.9588
69.9588
69.9588
69.9588
69.9588
69.9588
69.9588
69.9588
69.9588
69.9588
69.9588
69.9588
69.9588
69.9588
69.9588
69.9588
69.9588
69.9588
69.9588
69.9588
69.9588
69.9588
69.9588
69.9588
69.9588
69.9588
69.9588
69.9588
69.9588
69.9588
69.9588
69.9588
69.9588
69.9588
69.9588
69.9588
69.9588
69.9588
69.9588
69.9588
69.9588
69.9588
69.9588
69.9588
69.9588
69.9588
69.9588
69.9588
69.9588
69.9588
69.9588
69.9588
69.9588
69.9588
69.9588
69.9588
69.9588
69.9588
69.9588
69.9588
69.9588
69.9588
69.9588
69.9588
69.9588
69.9588
69.9588
69.9588
69.9588
69.9588
69.9588
69.9588
69.9588
69.9588
69.9588
69.9588
69.9588
69.9588
69.9588
69.9588
69.9588
69.9588
69.9588
69.9588
69.9588
69.9588
69.9588
69.9588
69.9588
69.9588
69.9588
69.9588
69.9588
69.9588
69.9588
69.9588
69.9588
69.9588
69.9588
69.9588
69.9588
69.9588
69.9588
69.9588
69.9588
69.9588
69.9588
69.9588
69.9588
69.9588
69.9588
69.9588
69.9588
69.9588
69.9588
69.9588
69.9588
69.9588
69.9588
69.9588
69.9588
69.9588
69.9588
69.9588
69.9588
69.9588
69.9588
69.9588
69.9588
69.9588
69.9588
69.9588
69.9588
69.9588
69.9588
69.9588
69.9588
69.9588
69.9588
69.9588
69.9588
69.9588
69.9588
69.9588
69.9588
69.9588
69.9588
69.9588
69.9588
69.9588
69.9588
69.9588
69.9588
69.9588
69.9588
69.9588
69.9588
69.9588
69.9588
69.9588
69.9588
69.9588
69.9588
69.9588
69.9588
69.9588
69.9588
69.9588
69.9588
69.9588
69.9588
69.9588
69.9588
69.9588
69.9588
69.9588
69.9588
69.9588
69.9588
69.9588
69.9588
69.9588
69.9588
69.9588
69.9588
69.9588
69.9588
69.9588
69.9588
69.9588
69.9588
69.9588
69.9588
69.9588
69.9588
69.9588
69.9588
69.9588
69.9588
69.9588
69.9588
69.9588
69.9588
69.9588
69.9588
69.9588
69.9588
69.9588
69.9588
69.9588
69.9588
69.9588
69.9588
69.9588
69.9588
69.9588
69.9588
69.9588
69.9588
69.9588
69.9588
69.9588
69.9588
69.9588
69.9588
69.9588
69.9588
69.9588
69.9588
69.9588
69.9588
69.9588
69.9588
69.9588
69.9588
69.9588
69.9588
69.9588
69.9588
69.9588
69.9588
69.9588
69.9588
69.9588
69.9588
69.9588
69.9588
69.9588
69.9588
69.9588
69.9588
69.9588
69.9588
69.9588
69.9588
69.9588
69.9588
69.9588
69.9588
69.9588
69.9588
69.9588
69.9588
69.9588
69.9588
69.9588
69.9588
69.9588
69.9588
69.9588
69.9588
69.9588
69.9588
69.9588
69.9588
69.9588
69.9588
69.9588
69.9588
69.9588
69.9588
69.9588
69.9588
69.9588
69.9588
69.9588
69.9588
69.9588
69.9588
69.9588
69.9588
69.9588
69.9588
69.9588
69.9588
69.9588
69.9588
69.9588
69.9588
69.9588
69.9588
69.9588
69.9588
69.9588
69.9588
69.9588
69.9588
69.9588
69.9588
69.9588
69.9588
69.9588
69.9588
69.9588
69.9588
69.9588
69.9588
69.9588
69.9588
69.9588
69.9588
69.9588
69.9588
69.9588
69.9588
69.9588
69.9588
69.9588
69.9588
69.9588
69.9588
69.9588
69.9588
69.9588
69.9588
69.9588
69.9588
69.9588
69.9588
69.9588
69.9588
69.9588
69.9588
69.9588
69.9588
69.9588
69.9588
69.9588
69.9588
69.9588
69.9588
69.9588
69.9588
69.9588
69.9588
69.9588
69.9588
69.9588
69.9588
69.9588
69.9588
69.9588
69.9588
69.9588
69.9588
69.9588
69.9588
69.9588
69.9588
69.9588
69.9588
69.9588
69.9588
69.9588
69.9588
69.9588
69.9588
69.9588
69.9588
69.9588
69.9588
69.9588
69.9588
69.9588
69.9588
69.9588
69.9588
69.9588
69.9588
69.9588
69.9588
69.9588
69.9588
69.9588
69.9588
69.9588
69.9588
69.9588
69.9588
69.9588
69.9588
69.9588
69.9588
69.9588
69.9588
69.9588
69.9588
69.9588
69.9588
69.9588
69.9588
69.9588
69.9588
69.9588
69.9588
69.9588
69.9588
69.9588
69.9588
69.9588
69.9588
69.9588
69.9588
69.9588
69.9588
69.9588
69.9588
69.9588
69.9588
69.9588
69.9588
69.9588
69.9588
69.9588
69.9588
69.9588
69.9588
69.9588
69.9588
69.9588
69.9588
69.9588
69.9588
69.9588
69.9588
69.9588
69.9588
69.9588
69.9588
69.9588
69.9588
69.9588
69.9588
69.9588
69.9588
69.9588
69.9588
69.9588
69.9588
69.9588
69.9588
69.9588
69.9588
69.9588
69.9588
69.9588
69.9588
69.9588
69.9588
69.9588
69.9588
69.9588
69.9588
69.9588
69.9588
69.9588
69.9588
69.9588
69.9588
69.9588
69.9588
69.9588
69.9588
69.9588
69.9588
69.9588
69.9588
69.9588
69.9588
69.9588
69.9588
69.9588
69.9588
69.9588
69.9588
69.9588
69.9588
69.9588
69.9588
69.9588
69.9588
69.9588
69.9588
69.9588
69.9588
69.9588
69.9588
69.9588
69.9588
69.9588
69.9588
69.9588
69.9588
69.9588
69.9588
69.9588
69.9588
69.9588
69.9588
69.9588
69.9588
69.9588
69.9588
69.9588
69.9588
69.9588
69.9588
69.9588
69.9588
69.9588
69.9588
69.9588
69.9588
69.9588
69.9588
69.9588
69.9588
69.9588
69.9588
69.9588
69.9588
69.9588
69.9588
69.9588
69.9588
69.9588
69.9588
69.9588
69.9588
69.9588
69.9588
69.9588
69.9588
69.9588
69.9588
69.9588
69.9588
69.9588
69.9588
69.9588
69.9588
69.9588
69.9588
69.9588
69.9588
69.9588
69.9588
69.9588
69.9588
69.9588
69.9588
69.9588
69.9588
69.9588
69.9588
69.9588
69.9588
69.9588
69.9588
69.9588
69.9588
69.9588
69.9588
69.9588
69.9588
69.9588
69.9588
69.9588
69.9588
69.9588
69.9588
69.9588
69.9588
69.9588
69.9588
69.9588
69.9588
69.9588
69.9588
69.9588
69.9588
69.9588
69.9588
69.9588
69.9588
69.9588
69.9588
69.9588
69.9588
69.9588
69.9588
69.9588
69.9588
69.9588
69.9588
69.9588
69.9588
69.9588
69.9588
69.9588
69.9588
69.9588
69.9588
69.9588
69.9588
69.9588
69.9588
69.9588
69.9588
69.9588
69.9588
69.9588
69.9588
69.9588
69.9588
69.9588
69.9588
69.9588
69.9588
69.9588
69.9588
69.9588
69.9588
69.9588
69.9588
69.9588
69.9588
69.9588
69.9588
69.9588
69.9588
69.9588
69.9588
69.9588
69.9588
69.9588
69.9588
69.9588
69.9588
69.9588
69.9588
69.9588
69.9588
69.9588
69.9588
69.9588
69.9588
69.9588
69.9588
69.9588
69.9588
69.9588
69.9588
69.9588
69.9588
69.9588
69.9588
69.9588
69.9588
69.9588
69.9588
69.9588
69.9588
69.9588
69.9588
69.9588
69.9588
69.9588
69.9588
69.9588
69.9588
69.9588
69.9588
69.9588
69.9588
69.9588
69.9588
69.9588
69.9588
69.9588
69.9588
69.9588
69.9588
69.9588
69.9588
69.9588
69.9588
69.9588
69.9588
69.9588
69.9588
69.9588
69.9588
69.9588
69.9588
69.9588
69.9588
69.9588
69.9588
69.9588
69.9588
69.9588
69.9588
69.9588
69.9588
69.9588
69.9588
69.9588
69.9588
69.9588
69.9588
69.9588
69.9588
69.9588
69.9588
69.9588
69.9588
69.9588
69.9588
69.9588
69.9588
69.9588
69.9588
69.9588
69.9588
69.9588
69.9588
69.9588
