# best half averages
2656.46
2515.41
2446.9
2372.06
2214.13
1897.17
1745.82
1684.68
1649.16
1592.77
1551.01
1514.58
1476.58
1444.44
1413.17
1394.06
1373.98
1355.94
1317.44
1258.23
1253.68
1181.36
1137.89
1090.23
1067.93
1044.49
1025
1006.29
986.318
972.881
957.165
947.444
935.044
912.634
898.558
890.856
884.828
862.576
851.987
843.218
831.211
828.606
811.024
787.592
785.526
783.668
770.045
760.122
744.543
734.168
730.573
723.406
717.322
706.21
696.178
689.063
681.505
663.904
662.93
651.092
639.492
633.002
618.497
615.214
613.987
628.215
607.663
602.022
598.812
590.519
577.784
577.242
573.644
565.388
564.681
562.071
556.356
547.249
542.248
525.502
523.994
520.498
496.405
493.555
484.525
464.377
447.435
447.082
444.619
438.369
434.656
432.48
419.169
409.843
381.176
375.667
374.901
372.776
372.776
372.776
372.534
370.779
365.888
364.073
359.899
358.588
356.494
355.481
353.316
350.038
346.305
339.977
335.471
323.859
319.069
312.43
307.785
305.682
304.519
303.703
302.037
300.558
303.709
293.559
288.08
287.18
285.517
283.21
278.778
269.298
266.35
265.183
260.613
260.555
260.363
258.75
258.032
257.325
256.852
256.764
256.377
255.442
255.469
255.408
255.401
255.152
253.674
248.54
247.254
249.465
249.857
241.127
239.599
235.919
233.313
228.075
228.075
228.075
228.075
228.075
227.908
227.01
222.952
222.844
222.711
222.239
221.94
221.15
220.268
216.977
213.918
213.483
211.657
211.553
211.305
210.528
209.333
208.849
208.81
208.808
208.805
208.788
208.819
208.628
208.757
207.645
205.922
204.251
200.399
196.754
196.578
196.522
196.262
195.88
195.88
195.778
195.73
194.636
192.168
192.015
191.372
190.934
190.966
186.854
174.38
173.9
173.344
171.013
170.114
169.986
169.471
168.862
168.814
168.579
167.848
167.681
166.25
162.974
160.749
160.433
166.509
160.868
162.493
153.877
153.758
153.392
152.263
150.133
150.133
150.133
150.103
150.103
150.133
150.131
150.125
150.104
149.771
149.368
149.482
152.924
143.391
143.108
142.723
141.794
140.849
140.802
141.671
140.083
140.071
140.059
139.939
139.549
139.319
138.637
138.373
138.289
137.89
139.982
136.528
134.935
134.918
134.804
134.264
134.117
134.117
134.117
134.117
134.102
134.04
133.761
133.343
133.343
133.343
133.343
133.343
133.331
133.284
133.173
132.946
136.98
132.209
131.699
131.013
131.013
131.013
131.013
131.013
131.013
130.716
129.854
127.772
126.97
125.455
125.43
125.276
124.827
124.827
124.827
124.827
139.882
125.214
124.402
123.234
121.946
119.479
118.874
118.748
118.627
118.082
116.688
111.745
111.48
111.474
111.47
111.454
111.401
111.272
111.061
111.061
111.061
110.913
110.703
109.937
108.322
108.199
108.051
107.564
107.204
107.234
107.149
106.92
106.596
106.596
106.596
106.588
106.572
106.494
106.269
106.206
106.206
106.186
106.166
106.087
106.197
105.211
105.211
105.211
105.211
105.149
105.118
104.895
103.951
103.621
103.601
103.494
103.313
103.24
103.203
103.167
103.13
109.334
103.257
103.2
102.878
102.179
102.356
102.342
102.355
102.236
102.057
107.809
112.087
103.811
102.067
104.771
102.081
102.113
111.243
99.5152
99.4082
99.4082
99.4078
99.4056
99.3973
99.3797
99.3764
99.3664
99.3623
99.1955
98.9448
99.2698
99.1223
98.3227
98.3718
98.3227
98.421
98.3227
98.1261
99.222
103.548
95.9633
95.9633
95.9633
95.9633
95.8139
95.1416
94.0957
94.0957
94.0657
94.0927
94.0957
94.0957
94.0957
94.0957
94.0957
94.0957
94.0957
94.0957
94.0957
94.0957
94.0502
94.073
94.0502
95.2155
94.0274
94.4508
94.3528
94.0046
94.0046
93.9818
94.443
94.073
94.0153
94.0153
93.9751
93.6532
92.353
92.0586
91.9434
91.444
91.4267
91.444
91.444
91.444
91.444
91.444
91.442
91.438
91.3585
91.1252
90.69
90.5977
90.2315
90.119
90.119
90.119
90.119
90.119
90.119
90.119
90.119
90.0953
90.0477
89.9015
89.2879
88.9298
88.9298
88.9298
88.9298
88.9298
88.9298
88.9298
88.9155
88.9298
88.9298
88.9298
88.9298
88.9298
88.9298
88.9298
88.8734
88.7788
88.5667
88.0691
87.0927
86.9698
86.8853
86.4752
86.3876
86.342
86.2882
86.2882
86.269
86.1823
85.9515
85.5584
85.4135
85.1609
84.8337
84.8197
84.7517
84.5974
84.5864
84.5321
84.4636
84.4503
84.2981
83.9923
83.6421
83.5912
83.3537
82.5189
81.0214
78.7162
78.6116
78.253
77.603
77.603
77.603
77.603
77.603
77.5887
77.603
77.603
77.603
77.603
77.603
77.603
77.603
77.603
77.603
77.603
77.603
77.603
77.5745
77.603
77.5086
77.5558
77.603
77.603
77.5558
77.603
77.603
77.603
77.603
77.603
77.603
77.603
77.4864
77.5447
77.3697
76.8231
74.8847
74.6821
74.6544
74.5494
75.861
74.4051
74.341
74.3263
74.1214
73.833
72.6399
72.1854
72.0283
72.0283
72.0283
72.0283
72.0283
72.0283
72.0283
72.0283
72.0283
72.0283
72.0283
72.0283
72.0283
72.0283
72.0283
72.0283
72.0198
72.0198
72.0112
72.0027
71.9517
71.8325
71.6027
71.6027
71.6027
71.6027
71.6027
71.6027
71.6027
71.6027
71.6027
71.6027
71.6027
71.6027
71.6027
71.6027
71.6027
71.6027
71.6027
71.6027
71.5867
71.6027
71.6027
71.6027
71.6027
71.6027
71.6027
71.6027
71.6027
71.6027
71.6027
71.6027
71.6027
71.6027
71.6027
71.6027
71.6027
71.6027
71.6027
71.6027
71.5841
71.5934
71.5747
71.5259
71.309
71.1365
71.1365
71.1365
71.1293
71.1365
71.1365
71.1365
71.1405
71.1365
71.1365
71.1365
71.1365
71.1365
71.1365
71.1365
71.1293
71.1365
71.1365
71.1365
71.1365
71.1365
71.1365
71.1365
71.1365
71.1365
71.1365
71.1365
71.1293
71.1365
71.1365
71.1365
71.1222
71.1365
71.1365
71.1365
71.1365
71.1365
71.1365
71.1365
71.1222
71.1365
71.1365
71.1365
71.1365
71.1365
71.1365
71.1365
71.1365
71.1365
71.1365
71.1365
71.1246
71.1365
71.1365
71.1365
71.1246
71.1127
71.1127
71.1365
71.1365
71.1365
71.1365
71.1222
71.0771
75.4488
81.0393
70.9108
70.5544
70.5426
70.5426
70.5426
70.5346
70.5346
70.5188
70.4792
70.297
70.1465
70.1465
70.1465
70.1465
70.1465
70.1465
70.1465
70.0425
70.0566
69.787
69.1131
67.842
67.864
67.8464
67.783
67.5448
67.4413
67.2928
66.9843
66.8676
66.7995
66.7995
66.7995
66.7995
66.7908
66.7908
66.7821
66.7212
66.5822
66.3649
66.3649
66.3649
66.3649
66.3649
66.3649
66.3649
66.3649
66.3649
66.3649
66.3649
66.3649
66.3649
66.3649
66.3397
66.335
71.3085
66.2729
66.1768
65.9825
65.8521
65.8521
65.8521
65.8521
65.8521
65.8521
65.8521
65.8521
65.8521
65.8521
65.8521
65.8521
65.8521
65.8521
65.8521
65.8521
65.8521
65.8521
65.8521
65.8521
65.8521
65.8521
65.8521
65.8521
65.8521
65.8521
65.8521
65.8521
65.8521
65.8521
65.7691
65.5265
64.9965
64.8136
64.8136
64.8136
64.8136
64.8136
64.8136
64.8136
64.8136
64.8136
64.8055
64.8014
64.7768
64.7237
64.6093
64.6093
64.6093
64.6093
64.6093
64.6093
64.6093
64.6093
64.5439
64.4131
64.1025
63.7919
63.7919
63.7919
63.7919
63.7913
63.7877
63.7793
63.7638
63.762
63.762
63.762
63.762
63.762
63.762
63.762
63.762
63.762
63.762
63.762
63.762
63.762
63.7344
63.6969
63.565
63.2924
63.2721
63.2715
63.2715
63.2715
63.2715
63.2715
63.2715
63.2715
63.2715
63.2715
63.2715
63.2715
63.2715
63.2715
63.2715
63.2715
63.2715
63.2715
63.2715
63.2715
63.2647
63.2373
63.1586
63.1004
63.1004
63.1004
63.1004
63.1004
63.1004
63.1004
63.1004
63.1004
63.1004
63.1004
63.1004
63.1004
63.1004
63.1004
63.1004
63.1004
63.1004
63.1004
63.1004
63.1004
63.1004
63.1004
63.1004
63.1004
63.1004
63.1004
63.1004
63.1004
63.1004
63.1004
63.1004
63.1004
63.1004
63.1004
63.1004
63.1004
63.1004
63.1004
63.1004
63.1004
63.1004
63.1004
63.1004
63.1004
63.1004
63.1004
63.1004
63.1004
63.1004
63.1004
63.1004
63.1004
63.03
62.9026
62.5483
62.3041
62.3041
62.3041
62.3041
62.3041
62.3041
62.3041
62.3041
62.3041
62.3041
62.3041
62.3041
62.3041
62.3041
62.3041
62.3041
62.3041
62.3041
62.3041
62.3041
62.3041
62.3041
62.3041
62.3041
62.3041
62.3041
62.3041
62.3041
62.3041
62.2993
62.2977
62.2881
62.2786
62.2371
62.2243
62.2243
62.2243
62.2243
62.2243
62.2243
62.2113
62.2243
62.2243
62.2243
62.2243
62.1863
62.1178
61.8895
61.8438
61.8177
61.7916
61.648
61.1911
61.1911
61.1911
61.1911
61.1911
61.1863
61.1736
61.1512
61.1114
61.1114
61.1114
61.1114
61.1114
61.1114
61.1114
61.1114
61.1114
61.1114
61.146
61.7427
61.1114
61.1114
61.1114
61.1114
61.1114
61.1114
61.1114
61.1114
61.1114
61.1114
61.1114
61.1114
61.1114
61.1114
61.1114
61.1114
61.1114
61.1114
61.1114
61.1114
61.1114
61.1114
61.1114
61.1114
61.1114
61.1114
61.1114
61.1114
61.1114
61.1114
61.1114
61.1114
61.1114
61.1114
61.1114
61.1114
61.1114
61.1114
61.1114
61.1114
61.1114
61.1114
61.1114
61.1114
61.1114
61.1114
61.1114
61.1727
61.1114
61.1114
61.1114
61.1114
61.1114
61.1114
61.1114
61.1114
61.1114
61.1114
61.1114
61.1114
61.1114
61.1114
61.1114
61.1114
61.1114
61.1114
61.1114
61.1114
61.1114
61.0268
60.9423
60.6042
60.2661
60.255
60.1771
60.0437
59.8324
59.71
59.71
59.71
59.71
59.71
59.71
59.71
59.71
59.71
59.71
59.71
59.71
59.71
59.71
59.71
59.71
59.71
59.71
59.71
59.71
59.71
59.71
59.71
59.71
59.71
59.71
59.71
59.71
59.71
59.71
59.71
59.71
59.71
59.71
59.71
59.71
59.71
59.71
59.71
59.71
59.71
59.71
59.71
59.71
59.71
59.71
59.71
59.71
59.71
59.71
59.71
59.71
59.71
59.71
59.71
59.71
59.71
59.7089
59.7078
59.7067
59.7067
59.7012
59.6867
59.6546
59.6546
59.6546
59.6546
59.6546
59.6546
59.6546
59.6546
59.6546
59.6546
59.6546
59.6546
59.6546
59.6546
59.6546
59.6546
59.6546
59.6546
59.6546
59.6546
59.6546
59.6491
59.6383
59.6206
59.5867
59.5867
59.5867
59.5867
59.5867
59.5867
59.5867
59.5867
59.5867
59.5867
59.5867
59.5867
59.5867
59.5867
59.5867
59.5867
59.5867
59.5867
59.5867
59.5867
59.5867
59.5867
59.5867
59.5867
59.5867
59.5867
59.5867
59.5867
59.5867
59.5867
59.5867
59.5867
59.5867
59.5812
59.5757
59.5373
59.4275
59.3122
59.3122
59.3122
59.3122
59.3122
59.3122
59.3122
59.3122
59.3122
59.3122
59.3122
59.3122
59.3122
59.3122
59.3122
59.3122
59.3122
59.3122
59.3122
59.3122
59.3122
59.3122
59.3122
59.3122
59.3122
59.3122
59.3122
59.3122
59.3122
59.3122
59.3122
59.3122
59.3122
59.3122
59.3122
59.3122
59.3122
59.3122
59.3122
59.3122
59.3122
59.3122
59.3122
59.3122
59.3122
59.3122
59.3122
59.3122
59.3122
59.3122
59.3122
59.3122
59.3122
59.3122
59.3122
59.3122
59.3122
59.3122
59.3122
59.3122
59.3122
59.3122
59.3122
59.3122
59.3122
59.3122
59.3122
59.3122
59.3062
59.2941
59.2611
59.1681
59.1621
59.1621
59.1621
59.1621
59.1543
59.1427
59.0945
59.0655
59.0655
59.0655
59.0655
59.0655
59.0655
59.0655
59.0655
59.0655
59.0655
59.0655
59.0655
59.0655
59.0655
59.0655
59.0655
59.0655
59.0655
59.0655
59.0655
59.0655
59.0655
59.0655
59.0655
59.0655
59.0655
59.0655
59.0655
59.0655
59.0655
59.0655
59.0655
59.0655
59.0655
59.0655
59.0655
59.0655
59.0655
59.0655
59.0655
59.0655
59.0655
59.0655
59.0655
59.0655
59.0655
59.0655
59.0655
59.0655
59.0655
59.0655
59.0655
59.0655
59.0655
59.0655
59.0655
59.0655
59.0655
59.0655
59.0655
59.0655
59.0655
59.0655
59.0655
59.0655
59.0655
59.0655
59.0655
59.0655
59.0655
59.0655
59.0655
59.0655
59.0655
59.0655
59.0655
59.0655
59.0655
59.0655
59.0655
59.0655
59.0655
59.0655
59.0655
59.0655
59.0655
59.0655
59.0655
59.0655
59.0655
59.0655
59.0655
59.0655
59.0655
59.0655
59.0655
59.0655
59.0655
59.0655
59.0655
59.0655
59.0622
59.0566
59.0378
59.01
59.01
59.01
59.01
59.01
59.01
59.01
59.01
59.01
59.01
59.01
59.01
59.01
59.01
59.01
59.01
59.01
59.01
59.01
59.01
59.01
59.01
59.01
59.01
59.01
59.01
59.01
59.01
59.01
59.01
59.01
59.01
59.01
59.01
59.01
59.01
59.01
59.01
59.01
59.01
59.01
59.01
59.01
59.01
59.01
59.01
59.01
59.01
59.01
59.01
59.01
59.01
59.01
59.01
59.01
59.01
59.01
59.01
59.01
59.01
59.01
59.01
59.01
59.01
59.01
59.01
59.01
59.01
63.3909
59.01
59.01
59.01
59.01
59.01
59.01
59.01
59.01
59.01
59.01
59.0608
66.3821
59.1951
59.01
59.01
59.01
59.01
59.01
59.01
59.01
59.01
59.01
59.01
59.01
59.01
59.01
59.01
59.01
59.01
59.01
59.01
59.01
59.01
59.01
59.01
59.01
59.01
59.01
59.01
59.01
59.01
59.01
59.01
59.01
59.01
59.01
59.01
59.01
59.01
59.01
59.01
59.01
59.01
59.01
59.01
59.01
59.01
59.01
59.01
59.01
59.01
59.01
59.01
59.01
59.01
59.01
59.01
59.01
59.01
59.01
59.01
59.01
59.01
59.01
59.01
59.01
59.01
59.01
59.01
59.01
59.01
59.01
59.01
59.01
59.01
59.01
59.01
59.01
59.01
59.01
59.01
59.01
59.01
59.01
59.01
59.01
59.01
59.01
59.01
59.01
59.01
59.01
59.01
59.01
59.01
59.01
59.01
59.01
59.01
59.01
59.01
59.01
59.01
59.01
59.01
59.01
59.01
59.01
59.01
59.01
60.3406
59.01
59.01
59.01
59.01
59.01
59.01
59.01
59.01
59.01
59.01
59.01
59.01
59.01
59.01
59.01
59.01
59.01
59.01
59.01
59.01
59.01
59.01
59.01
59.01
59.01
59.01
59.01
59.01
59.01
59.01
59.01
59.01
59.01
59.01
59.01
59.01
59.01
59.01
59.01
59.01
59.01
59.01
59.01
59.01
59.01
59.01
59.01
59.01
59.01
59.01
59.01
59.01
59.01
59.01
59.01
59.01
59.01
59.01
59.01
59.01
59.01
59.01
59.01
59.01
59.01
59.01
59.01
59.01
59.01
59.01
59.01
59.01
59.01
59.01
59.01
59.01
59.01
59.01
59.01
59.01
59.01
59.01
59.01
59.01
59.01
59.01
59.01
59.01
59.01
59.01
59.01
59.01
59.01
59.01
59.01
59.01
59.01
59.01
59.01
59.01
59.01
59.01
59.01
59.01
59.01
59.01
59.01
59.01
59.01
59.01
59.01
59.01
59.01
59.01
59.01
59.01
59.01
59.01
59.01
59.01
59.01
59.01
59.01
60.8965
61.7056
59.3806
59.01
59.01
59.01
59.01
59.01
59.01
59.01
59.01
59.01
59.01
59.01
59.01
59.01
59.01
68.067
59.01
59.01
59.01
59.01
59.01
59.8044
59.01
60.45
59.01
59.01
59.01
59.01
59.01
59.01
59.01
59.01
59.01
59.01
59.01
59.01
59.01
59.01
59.01
59.01
59.01
59.01
59.01
59.01
59.01
59.01
59.01
59.01
59.01
59.01
59.01
59.01
59.01
59.01
59.01
59.01
59.01
59.01
59.01
59.01
59.01
59.01
59.01
59.01
59.01
59.01
59.01
59.01
59.01
59.01
59.01
59.01
59.01
59.01
59.01
60.5741
59.7615
59.01
59.01
59.01
59.01
59.01
59.3598
59.01
59.01
62.8131
59.01
65.2742
59.01
59.01
59.01
62.2054
63.1044
62.8487
59.01
59.01
59.01
59.01
59.01
59.01
59.01
59.01
59.01
59.01
59.01
59.01
59.01
59.01
59.01
59.01
59.01
59.01
59.01
59.01
59.01
59.01
59.01
59.01
59.01
59.01
59.01
59.01
59.01
59.01
59.01
59.01
59.01
59.01
59.01
59.01
58.9529
58.8672
58.6102
58.0391
57.5822
57.5822
57.5822
57.5822
57.5822
57.5822
57.5822
57.5822
57.5822
57.5822
57.5822
57.5822
57.5822
57.5822
57.5822
57.5822
57.5822
57.5822
57.5822
57.5822
57.5822
57.5822
57.5822
57.5822
57.5822
57.5822
57.5822
57.5822
57.5822
57.5822
57.5822
57.5822
57.5822
57.5822
57.5822
57.5822
57.5822
57.5822
57.5822
57.5822
57.5822
57.5822
57.5822
57.5822
57.5822
57.5822
57.5822
57.5822
57.5822
57.5822
57.5822
57.5822
57.5822
57.5822
57.5822
57.5822
57.5822
57.5822
57.5822
57.5822
57.5822
57.5822
57.5822
57.5822
57.5822
57.5822
57.5822
57.5822
57.5822
57.5822
57.5822
57.5822
57.5822
57.5822
57.5822
57.5822
57.5822
57.5822
57.5796
57.5769
57.5691
57.5403
57.4802
57.4514
57.4514
57.4514
57.4514
57.4514
57.4514
57.4514
57.4514
57.4514
57.4514
57.4514
57.4514
57.4514
57.4514
57.4514
57.4514
57.4514
57.4439
57.4325
57.4024
57.3081
57.2628
57.2628
57.2628
57.2628
57.2628
57.2628
57.2628
57.2628
57.2628
57.2628
57.2628
57.2628
57.2628
57.2628
57.2628
57.2628
57.2628
57.2628
57.2628
57.2628
57.2628
57.2628
57.2628
57.2628
57.2628
57.2628
57.2628
57.2628
57.2628
57.2628
57.2628
57.2628
57.2628
57.2628
57.2628
57.2628
57.2628
57.2628
57.2628
57.2628
57.2628
57.2628
57.2628
57.2628
57.2628
57.2628
57.2628
57.2628
57.2628
57.2628
57.2628
57.2628
57.2628
57.2628
57.2628
57.2628
57.2628
57.2628
57.2628
57.2628
57.2628
57.2628
57.2628
57.2628
57.2422
57.2353
57.1186
56.9194
56.9194
56.9194
56.9194
56.9194
56.9194
56.9194
56.9194
56.9194
56.9194
56.9194
56.9194
56.9194
56.9194
56.9194
56.9194
56.9194
56.9194
56.9194
56.9194
56.9194
56.9194
56.9194
56.9194
56.9194
56.9194
56.9194
56.9194
56.9194
56.9194
56.9194
56.9194
56.9194
56.9194
56.9194
56.9194
56.9194
56.9194
56.9194
56.9194
56.9194
56.9194
56.9194
56.9194
56.9194
56.9194
56.9194
56.9194
56.9194
56.9194
56.9194
56.9194
56.9194
56.9194
56.9194
56.9194
56.9194
56.9194
56.9194
56.9194
56.9194
56.9194
56.9194
56.9194
56.9194
56.9095
56.897
56.8597
56.795
56.795
56.795
56.795
56.795
56.795
56.795
56.795
56.795
56.795
56.795
56.795
56.795
56.795
56.795
56.795
56.795
56.795
56.795
56.795
56.795
56.795
56.795
56.795
56.795
56.795
56.795
56.795
56.795
56.795
56.795
56.795
56.795
56.795
56.795
56.795
56.795
56.795
56.795
56.795
56.795
56.795
56.795
56.795
56.795
56.7903
56.7761
56.7666
56.6954
56.5578
56.5578
56.5578
56.5578
56.5578
56.5578
56.5578
56.5578
56.5578
56.5578
56.5578
56.5578
56.5578
56.5578
56.5578
56.5578
56.5578
56.5578
56.5578
56.5578
56.5578
56.5578
56.5578
56.5578
56.5578
56.5578
56.5578
56.5578
56.5578
56.5578
56.5578
56.5578
56.5578
56.5578
56.5578
56.5578
56.5578
56.5578
56.5578
56.5578
56.5578
56.5578
56.5578
56.5578
56.5578
56.5578
56.5578
56.5578
56.5578
56.5578
56.5578
56.5578
56.5578
56.5578
56.5578
56.5578
56.5578
56.5578
56.5578
56.5578
56.5578
56.5578
56.5578
56.5578
56.5578
56.5578
56.5578
56.5578
56.5578
56.5578
56.5578
56.5578
56.5578
56.5578
56.5578
56.5578
56.5578
56.5578
56.5578
56.5578
56.5578
56.5578
56.5578
56.5578
56.5578
56.5578
56.5578
56.5578
56.5578
56.5578
56.5578
56.5578
56.5578
56.5578
56.5578
56.5578
56.5578
56.5578
56.5578
56.5578
56.5578
56.5578
56.5578
56.5578
56.5578
56.5578
56.5578
56.5578
56.5578
56.5578
56.5578
56.5578
56.5578
56.5578
56.5578
56.5578
56.5578
56.5578
56.5578
56.5578
56.5578
56.5578
56.5578
56.5578
56.5578
56.5578
56.5578
56.5578
56.5578
56.5578
56.5578
56.5578
56.5578
56.5578
56.5578
56.5578
56.5578
56.5578
56.5578
56.5578
56.5578
56.5578
56.5578
56.5578
56.5578
56.5578
56.5578
56.5578
56.5578
56.5578
56.5578
56.5578
56.5578
56.5578
56.5578
56.5578
56.5578
56.5578
56.5578
56.5578
56.5578
56.5578
56.5578
56.5578
56.5578
56.5578
56.5578
56.5578
56.542
56.5181
56.4466
56.2161
56.1605
56.1605
56.1605
56.1605
56.1605
56.1605
56.1605
56.1605
56.1605
56.1605
56.1605
56.1605
56.1605
56.1605
56.1605
56.1605
56.1605
56.1605
56.1605
56.1605
56.1605
56.1605
56.1605
56.1605
56.1605
56.1605
56.1605
56.1605
56.1605
56.1605
56.1605
56.1605
56.1605
56.1605
56.1605
56.1605
56.1605
56.1605
56.1605
56.1605
56.1605
56.1605
56.1605
56.1605
56.1605
56.1605
56.1605
56.1605
56.1605
56.1605
56.1605
56.1605
56.1605
56.1605
56.1605
56.1605
56.1605
56.1605
56.1605
56.1605
56.1605
56.1605
56.1605
56.1605
56.1605
56.1605
56.1605
56.1605
56.1605
56.1605
56.1605
56.1605
56.1605
56.1605
56.1605
56.1605
56.1605
56.1605
56.1605
56.1605
56.1605
56.1605
56.1605
56.1605
56.1605
56.1605
56.1605
56.1605
56.1605
56.1605
56.1605
56.1605
56.1605
56.1605
56.1605
56.1605
56.1605
56.1605
56.1605
56.1605
56.1605
56.1605
56.1605
56.1605
56.1605
56.1605
56.1605
56.1605
56.1605
56.1605
56.1605
56.1605
56.1605
56.1605
56.1605
56.1605
56.1605
56.1605
56.1605
56.1605
56.1605
56.1605
56.1605
56.1605
56.1605
56.1605
56.1605
56.1605
56.1605
56.1605
56.1605
56.1605
56.1605
56.1605
56.1605
56.1605
56.1605
56.1605
56.1605
56.1605
56.1605
56.1605
56.1605
56.1605
56.1605
56.1605
56.1605
56.1605
56.1605
56.1605
56.1605
56.1605
56.1605
56.1605
56.1605
56.1605
56.1605
56.1605
56.1605
56.1605
56.1605
56.1605
56.1605
56.1605
56.1605
56.1605
56.1605
56.1605
56.1605
56.1605
56.1605
56.1605
56.1605
56.1605
56.1605
56.1605
56.1605
56.1605
56.1605
56.1605
56.1605
56.1605
56.1605
56.1605
56.1605
56.1605
56.1605
56.1605
56.1605
56.1605
56.1605
56.1605
56.1605
56.1605
56.1605
56.1605
56.1605
56.1605
56.1605
56.1605
56.1605
56.1605
56.1605
56.1605
56.1605
56.1605
56.1605
56.1605
56.1605
56.1605
56.1605
56.1605
56.1605
56.1605
56.1605
56.1605
56.1605
56.1605
56.1605
56.1605
56.1605
56.1605
56.1605
56.1605
56.1605
56.1605
56.1605
56.1605
56.1605
56.1605
56.1605
56.1605
56.1605
56.1605
56.1605
56.1605
56.1605
56.1605
56.1605
56.1605
56.1605
56.1605
56.1605
56.1605
56.1605
56.1605
56.1605
56.1605
56.1605
56.1605
56.1605
56.1605
56.1605
56.1605
56.1605
56.1605
56.1605
56.1605
56.1605
56.1605
56.1605
56.1605
56.1605
56.1605
56.1605
56.1605
56.1605
56.1605
56.1605
56.1605
56.1605
56.1605
56.1605
56.1605
56.1605
56.1605
56.1605
56.1605
56.1605
56.1605
56.1605
56.1605
56.1605
56.1605
56.1605
56.1605
56.1605
56.1605
56.1605
56.1605
56.1605
56.1605
56.1605
56.1605
56.1605
56.1605
56.1605
56.1605
56.1605
56.1605
56.1605
56.1605
56.1605
56.1605
56.1605
56.1605
56.1605
56.1605
56.1605
56.1605
56.1605
56.1605
56.1605
56.1605
56.1605
56.1605
56.1605
56.1605
56.1605
56.1605
56.1605
56.1605
56.1605
56.1605
56.1605
56.1605
56.1605
56.1605
56.1605
56.1605
56.1605
56.1605
56.1605
56.1605
56.1605
56.1605
56.1605
56.1605
56.1605
56.1605
56.1605
56.1605
56.1605
56.1605
56.1605
56.1605
56.1605
56.1605
56.1605
56.1605
56.1605
56.1605
56.1605
56.1605
56.1605
56.1605
56.1605
56.1605
56.1605
56.1605
56.1605
56.1605
56.1605
56.1605
56.1605
56.1605
56.1605
56.1605
56.1605
56.1605
56.1605
56.1605
56.1605
56.1605
56.1605
56.1605
56.1605
56.1605
56.1605
56.1605
56.1605
56.1605
56.1605
56.1605
56.1605
56.1605
56.1605
56.1605
56.1605
56.1605
56.1605
56.1605
56.1605
56.1605
56.1605
56.1605
56.1605
56.1605
56.1605
56.1605
56.1605
56.1605
56.1605
56.1605
56.1605
56.1605
56.1605
56.1605
56.1605
56.1605
56.1605
56.1605
56.1605
56.1605
56.1605
56.1605
56.1605
56.1605
56.1605
56.1605
56.1605
56.1605
56.1605
56.1605
56.1605
56.1605
56.1605
56.1605
56.1605
56.1605
56.1605
56.1605
56.1605
56.1605
56.1605
56.1605
56.1605
56.1605
56.1605
56.1605
56.1605
56.1605
56.1605
56.1605
56.1605
56.1605
56.1605
56.1605
56.1605
56.1605
56.1605
56.1605
56.1605
56.1605
56.1605
56.1605
56.1605
56.1605
56.1605
56.1605
56.1605
56.1605
56.1605
56.1605
56.1605
56.1605
56.1605
56.1605
56.1605
56.1605
56.1605
56.1605
56.1605
56.1605
56.1605
56.1605
56.1605
56.1605
56.1605
56.1605
56.1605
56.1605
56.1605
56.1605
56.1605
56.1605
56.1605
56.1605
56.1605
56.1605
56.1605
56.1605
56.1605
56.1605
56.1605
56.1605
56.1605
56.1605
56.1605
56.1605
56.1605
56.1605
56.1605
56.1605
56.1605
56.1605
56.1605
56.1605
56.1605
56.1605
56.1605
56.1605
56.1605
56.1605
56.1605
56.1605
56.1605
56.1605
56.1605
56.1605
56.1605
56.1605
56.1605
56.1605
56.1605
56.1605
56.1605
56.1605
56.1605
56.1605
56.1605
56.1605
56.1605
56.1605
56.1605
56.1605
56.1605
56.1605
56.1605
56.1605
56.1605
56.1605
56.1605
56.1605
56.1605
56.1605
56.1605
56.1605
56.1605
56.1605
56.1605
56.1605
56.1605
56.1605
56.1605
56.1605
56.1605
56.1605
56.1605
56.1605
56.1605
56.1605
56.1605
56.1605
56.1605
56.1605
56.1605
56.1605
56.1605
56.1605
56.1605
56.1605
56.1605
56.1605
56.1605
56.1605
56.1605
56.1605
56.1605
56.1605
56.1605
56.1605
56.1605
56.1605
56.1605
56.1605
56.1605
56.1605
56.1605
56.1605
56.1605
56.1605
56.1605
56.1605
56.1605
56.1605
56.1605
56.1605
56.1605
56.1605
56.1605
56.1605
56.1605
56.1605
56.1605
56.1605
56.1605
56.1605
56.1605
56.1605
56.1605
56.1605
56.1605
56.1605
56.1605
56.1605
56.1605
56.1605
56.1605
56.1605
56.1605
56.1605
56.1605
56.1605
56.1605
56.1605
56.1605
56.1605
56.1605
56.1605
56.1605
56.1605
56.1605
56.1605
56.1605
56.1605
56.1605
56.1605
56.1605
56.1605
56.1605
56.1605
56.1605
56.1605
56.1605
56.1605
56.1605
56.1605
56.1605
56.1605
56.1605
56.1605
56.1605
56.1605
56.1605
56.1605
56.1605
56.1605
56.1605
56.1605
56.1605
56.1605
56.1605
56.1605
56.1605
56.1605
56.1605
56.1605
56.1605
56.1605
56.1605
56.1605
56.1605
56.1605
56.1605
56.1605
56.1605
56.1605
56.1605
56.1605
56.1605
56.1605
56.1605
56.1605
56.1605
56.1605
56.1605
56.1605
56.1605
56.1605
56.1605
56.1605
56.1605
56.1605
56.1605
56.1605
56.1605
56.1605
56.1605
56.1605
56.1605
56.1605
56.1605
56.1605
56.1605
56.1605
56.1605
56.1605
56.1605
56.1605
56.1605
56.1605
56.1605
56.1605
56.1605
56.1605
56.1605
56.1605
56.1605
56.1605
56.1605
56.1605
56.1605
56.1605
56.1605
56.1605
56.1605
56.1605
56.1605
56.1605
56.1605
56.1605
56.1605
56.1605
56.1605
56.1605
56.1605
56.1605
56.1605
56.1605
56.1605
56.1605
56.1605
56.1605
56.1605
56.1605
56.1605
56.1605
56.1605
56.1605
56.1605
56.1605
56.1605
56.1605
56.1605
56.1605
56.1605
56.1605
56.1605
56.1605
56.1605
56.1605
56.1605
56.1605
56.1605
56.1605
56.1605
56.1605
56.1605
56.1605
56.1605
56.1605
56.1605
56.1605
56.1605
56.1605
56.1605
56.1605
56.1605
56.1605
56.1605
56.1605
56.1605
56.1605
56.1605
56.1605
56.1605
56.1605
56.1605
56.1605
56.1605
56.1605
56.1605
56.1605
56.1605
56.1605
56.1605
56.1605
56.1605
56.1605
56.1605
56.1605
56.1605
56.1605
56.1605
56.1605
56.1605
56.1605
56.1605
56.1605
56.1605
56.1605
56.1605
56.1605
56.1605
56.1605
56.1605
56.1605
56.1605
56.1605
56.1605
56.1605
56.1605
56.1605
56.1605
56.1605
56.1605
56.1605
56.1605
56.1605
56.1605
56.1605
56.1605
56.1605
56.1605
56.1605
56.1605
56.1605
56.1605
56.1605
56.1605
56.1605
56.1605
56.1605
56.1605
56.1605
56.1605
56.1605
56.1605
56.1605
56.1605
56.1605
56.1605
56.1605
56.1605
56.1605
56.1605
56.1605
56.1605
56.1605
56.1605
56.1605
56.1605
56.1605
56.1605
56.1605
56.1605
56.1605
56.1605
56.1605
56.1605
56.1605
56.1605
56.1605
56.1605
56.1605
56.1605
56.1605
56.1605
56.1605
56.1605
56.1605
56.1605
56.1605
56.1605
56.1605
56.1605
56.1605
56.1605
56.1605
56.1605
56.1605
56.1605
56.1605
56.1605
56.1605
56.1605
56.1605
56.1605
56.1605
56.1605
56.1605
56.1605
56.1605
56.1605
56.1605
56.1605
56.1605
56.1605
56.1605
56.1605
56.1605
56.1605
56.1605
56.1605
56.1605
56.1605
56.1605
56.1605
56.1605
56.1605
56.1605
56.1605
56.1605
56.1605
56.1605
56.1605
56.1605
56.1605
56.1605
56.1605
56.1605
56.1605
56.1605
56.1605
56.1605
56.1605
56.1605
56.1605
56.1605
56.1605
56.1605
56.1605
56.1605
56.1605
56.1605
56.1605
56.1605
56.1605
56.1605
56.1605
56.1605
56.1605
56.1605
56.1605
56.1605
56.1605
56.1605
56.1605
56.1605
56.1605
56.1605
56.1605
56.1605
56.1605
56.1605
56.1605
56.1605
56.1605
56.1605
56.1605
56.1605
56.1605
56.1605
56.1605
56.1605
56.1605
56.1605
56.1605
56.1605
56.1605
56.1605
56.1605
56.1605
56.1605
56.1605
56.1605
56.1605
56.1605
56.1605
56.1605
56.1605
56.1605
56.1605
56.1605
56.1605
56.1605
56.1605
56.1605
56.1605
56.1605
56.1605
56.1605
56.1605
56.1605
56.1605
56.1605
56.1605
56.1605
56.1605
56.1605
56.1605
56.1605
56.1605
56.1605
56.1605
56.1605
56.1605
56.1605
56.1605
56.1605
56.1605
56.1605
56.1605
56.1605
56.1605
56.1605
56.1605
56.1605
56.1605
56.1605
56.1605
56.1605
56.1605
56.1605
56.1605
56.1605
56.1605
56.1605
56.1605
56.1605
56.1605
56.1605
56.1605
56.1605
56.1605
56.1605
56.1605
56.1605
56.1605
56.1605
56.1605
56.1605
56.1605
56.1605
56.1605
56.1605
56.1605
56.1605
56.1605
56.1605
56.1605
56.1605
56.1605
56.1605
56.1605
56.1605
56.1605
56.1605
56.1605
56.1605
56.1605
56.1605
56.1605
56.1605
56.1605
56.1605
56.1605
56.1605
56.1605
56.1605
56.1605
56.1605
56.1605
56.1605
56.1605
56.1605
56.1605
56.1605
56.1605
56.1605
56.1605
56.1605
56.1605
56.1605
56.1605
56.1605
56.1605
56.1605
56.1605
56.1605
56.1605
56.1605
56.1605
56.1605
56.1605
56.1605
56.1605
56.1605
56.1605
56.1605
56.1605
56.1605
56.1605
56.1605
56.1605
56.1605
56.1605
56.1605
56.1605
56.1605
56.1605
56.1605
56.1605
56.1605
56.1605
56.1605
56.1605
56.1605
56.1605
56.1605
56.1605
56.1605
56.1605
56.1605
56.1605
56.1605
56.1605
56.1605
56.1605
56.1605
56.1605
56.1605
56.1605
56.1605
56.1605
56.1605
56.1605
56.1605
56.1605
56.1605
56.1605
56.1605
56.1605
56.1605
56.1605
56.1605
56.1605
56.1605
56.1605
56.1605
56.1605
56.1605
56.1605
56.1605
56.1605
56.1605
56.1605
56.1605
56.1605
56.1605
56.1605
56.1605
56.1605
56.1605
56.1605
56.1605
56.1605
56.1605
56.1605
56.1605
56.1605
56.1605
56.1605
56.1605
56.1605
56.1605
56.1605
56.1605
56.1605
56.1605
56.1605
56.1605
56.1605
56.1605
56.1605
56.1605
56.1605
56.1605
56.1605
56.1605
56.1605
56.1605
56.1605
56.1605
56.1605
56.1605
56.1605
56.1605
56.1605
56.1605
56.1605
56.1605
56.1605
56.1605
56.1605
56.1605
56.1605
56.1605
56.1605
56.1605
56.1605
56.1605
56.1605
56.1605
56.1605
56.1605
56.1605
56.1605
56.1605
56.1605
56.1605
56.1605
56.1605
56.1605
56.1605
56.1605
56.1605
56.1605
56.1605
56.1605
56.1605
56.1605
56.1605
56.1605
56.1605
56.1605
56.1605
56.1605
56.1605
56.1605
56.1605
56.1605
56.1605
56.1605
56.1605
56.1605
56.1605
56.1605
56.1605
56.1605
56.1605
56.1605
56.1605
56.1605
56.1605
56.1605
56.1605
56.1605
56.1605
56.1605
56.1605
56.1605
56.1605
56.1605
56.1605
56.1605
56.1605
56.1605
56.1605
56.1605
56.1605
56.1605
56.1605
56.1605
56.1605
56.1605
56.1605
56.1605
56.1605
56.1605
56.1605
56.1605
56.1605
56.1605
56.1605
56.1605
56.1605
56.1605
56.1605
56.1605
56.1605
56.1605
56.1605
56.1605
56.1605
56.1605
56.1605
56.1605
56.1605
56.1605
56.1605
56.1605
56.1605
56.1605
56.1605
56.1605
56.1605
56.1605
56.1605
56.1605
56.1605
56.1605
56.1605
56.1605
56.1605
56.1605
56.1605
56.1605
56.1605
56.1605
56.1605
56.1605
56.1605
56.1605
56.1605
56.1605
56.1605
56.1605
56.1605
56.1605
56.1605
56.1605
56.1605
56.1605
56.1605
56.1605
56.1605
56.1605
56.1605
56.1605
56.1605
56.1605
56.1605
56.1605
56.1605
56.1605
56.1605
56.1605
56.1605
56.1605
56.1605
56.1605
56.1605
56.1605
56.1605
56.1605
56.1605
56.1605
56.1605
56.1605
56.1605
56.1605
56.1605
56.1605
56.1605
56.1605
56.1605
56.1605
56.1605
56.1605
56.1605
56.1605
56.1605
56.1605
56.1605
56.1605
56.1605
56.1605
56.1605
56.1605
56.1605
56.1605
56.1605
56.1605
56.1605
56.1605
56.1605
56.1605
56.1605
56.1605
56.1605
56.1605
56.1605
56.1605
56.1605
56.1605
56.1605
56.1605
56.1605
56.1605
56.1605
56.1605
56.1605
56.1605
56.1605
56.1605
56.1605
56.1605
56.1605
56.1605
56.1605
56.1605
56.1605
56.1605
56.1605
56.1605
56.1605
56.1605
56.1605
56.1605
56.1605
56.1605
56.1605
56.1605
56.1605
56.1605
56.1605
56.1605
56.1605
56.1605
56.1605
56.1605
56.1605
56.1605
56.1605
56.1605
56.1605
56.1605
56.1605
56.1605
56.1605
56.1605
56.1605
56.1605
56.4405
56.1605
56.1605
56.1605
56.1605
56.1605
56.1605
56.1605
56.1605
56.1605
56.1605
56.1605
56.1605
56.1605
56.1605
56.1605
56.1605
56.1605
56.1605
56.1605
56.1605
56.1605
56.1605
56.1605
56.1605
56.1605
56.1605
56.1605
56.1605
56.1605
56.1605
56.1605
56.1605
56.1605
56.1605
56.1605
56.1605
56.1605
56.1605
56.1605
56.1605
56.1605
56.1605
56.1605
56.1605
56.1605
56.1605
56.1605
56.1605
56.1605
56.1605
56.1605
56.1605
56.1605
56.1605
56.1605
56.1605
56.1605
56.1605
56.1605
56.1605
56.1605
56.1605
56.1605
56.1605
56.1605
56.1605
56.1605
56.1605
56.1605
56.1605
56.1605
56.1605
56.1605
56.1605
56.1605
56.1605
56.1605
56.1605
56.1605
56.1605
56.1605
56.1605
56.1605
56.1605
56.1605
56.1605
56.1605
56.1605
56.1605
56.1605
56.1605
56.1605
56.1605
56.1605
56.1605
56.1605
56.1605
56.1605
56.1605
56.1605
56.1605
56.1605
56.1605
56.1605
56.1605
56.1605
56.1605
56.1605
56.1605
56.1605
56.1605
56.1605
56.1605
56.1605
56.1605
56.1605
56.1605
56.1605
56.1605
56.1605
56.1605
56.1605
56.1605
56.1605
56.1605
56.1605
56.1605
56.1605
56.1605
56.1605
56.1605
56.1605
56.1605
56.1605
56.1605
56.1605
56.1605
56.1605
56.1605
56.1605
56.1605
56.1605
56.1605
56.1605
56.1605
56.1605
56.1605
56.1605
56.1605
56.1605
56.1605
56.1605
56.1605
56.1605
56.1605
56.1605
56.1605
56.1605
56.1605
56.1605
56.1605
56.1605
56.1605
56.1605
56.1605
56.1605
56.1605
56.1605
56.1605
56.1605
56.1605
56.1605
56.1605
56.1605
56.1605
56.1605
56.1605
56.1605
56.1605
56.1605
56.1605
56.1605
56.1605
56.1605
56.1605
56.1605
56.1605
56.1605
56.1605
56.1605
56.1605
56.1605
56.1605
56.1605
56.1605
56.1605
56.1605
56.1605
56.1605
56.1605
56.1605
56.1605
56.1605
56.1605
56.1605
56.1605
56.1605
56.1605
56.1605
56.1605
56.1605
56.1605
56.1605
56.1605
56.1605
56.1605
56.1605
56.1605
56.1605
56.1605
56.1605
56.1605
56.1605
56.1605
56.1605
56.1605
56.1605
56.1605
56.1605
56.1605
56.1605
56.1605
56.1605
56.1605
56.1605
56.1605
56.1605
56.1605
56.1605
56.1605
56.1605
56.1605
56.1605
56.1605
56.1605
56.1605
56.1605
56.1605
56.1605
56.1605
56.1605
56.1605
56.1605
56.1605
56.1605
56.1605
56.1605
56.1605
56.1605
56.1605
56.1605
56.1605
56.1605
56.1605
56.1605
56.1605
56.1605
56.1605
56.1605
56.1605
56.1605
56.1605
56.1605
56.1605
56.1605
56.1605
56.1605
56.1605
56.1605
56.1605
56.1605
56.1605
56.1605
56.1605
56.1605
56.1605
56.1605
56.1605
56.1605
56.1605
56.1605
56.1605
56.1605
56.1605
56.1605
56.1605
56.1605
56.1605
56.1605
56.1605
56.1605
56.1605
56.1605
56.1605
56.1605
56.1605
56.1605
56.1605
56.1605
56.1605
56.1605
56.1605
56.1605
56.1605
56.1605
56.1605
56.1605
56.1605
56.1605
56.1605
56.1605
56.1605
56.1605
56.1605
56.1605
56.1605
56.1605
56.1605
56.1605
56.1605
56.1605
56.1605
56.1605
56.1605
56.1605
56.1605
56.1605
56.1605
56.1605
56.1605
56.1605
56.1605
56.1605
56.1605
56.1605
56.1605
56.1605
56.1605
56.1605
56.1605
56.1605
56.1605
56.1605
56.1605
56.1605
56.1605
56.1605
56.1605
56.1605
56.1605
56.1605
56.1605
56.1605
56.1605
56.1605
56.1605
56.1605
56.1605
56.1605
56.1605
56.1605
56.1605
56.1605
56.1605
56.1605
56.1605
56.1605
56.1605
56.1605
56.1605
56.1605
56.1605
56.1605
56.1605
56.1605
56.1605
56.1605
56.1605
56.1605
56.1605
56.1605
56.1605
56.1605
56.1605
56.1605
56.1605
56.1605
56.1605
56.1605
56.1605
56.1605
56.1605
56.1605
56.1605
56.1605
56.1605
56.1605
56.1605
56.1605
56.1605
56.1605
56.1605
56.1605
56.1605
56.1605
56.1605
56.1605
56.1605
56.1605
56.1605
56.1605
56.1605
56.1605
56.1605
56.1605
56.1605
56.1605
56.1605
56.1605
56.1605
56.1605
56.1605
56.1605
56.1605
56.1605
56.1605
56.1605
56.1605
56.1605
56.1605
56.1605
56.1605
56.1605
56.1605
56.1605
56.1605
56.1605
56.1605
56.1605
56.1605
56.1605
56.1605
56.1605
56.1605
56.1605
56.1605
56.1605
56.1605
56.1605
56.1605
56.1605
56.1605
56.1605
56.1605
56.1605
56.1605
56.1605
56.1605
56.1605
56.1605
56.1605
56.1605
56.1605
56.1605
56.1605
56.1605
56.1605
56.1605
56.1605
56.1605
56.1605
56.1605
56.1605
56.1605
56.1605
56.1605
56.1605
56.1605
56.1605
56.1605
56.1605
56.1605
56.1605
56.1605
56.1605
56.1605
56.1605
56.1605
56.1605
56.1605
56.1605
56.1605
56.1605
56.1605
56.1605
56.1605
56.1605
56.1605
56.1605
56.1605
56.1605
56.1605
56.1605
56.1605
56.1605
56.1605
56.1605
56.1605
56.1605
56.1605
56.1605
56.1605
56.1605
56.1605
56.1605
56.1605
56.1605
56.1605
56.1605
56.1605
56.1605
56.1605
56.1605
56.1605
56.1605
56.1605
56.1605
56.1605
56.1605
56.1605
56.1605
56.1605
56.1605
56.1605
56.1605
56.1605
56.1605
56.1605
56.1605
56.1605
56.1605
56.1605
56.1605
56.1605
56.1605
56.1605
56.1605
56.1605
56.1605
56.1605
56.1605
56.1605
56.1605
56.1605
56.1605
56.1605
56.1605
56.1605
56.1605
56.1605
56.1605
56.1605
56.1605
56.1605
56.1605
56.1605
56.1605
56.1605
56.1605
56.1605
56.1605
56.1605
56.1605
56.1605
56.1605
56.1605
56.1605
56.1605
56.1605
56.1605
56.1605
56.1605
56.1605
56.1605
56.1605
56.1605
56.1605
56.1605
56.1605
56.1605
56.1605
56.1605
56.1605
56.1605
56.1605
56.1605
56.1605
56.1605
56.1605
56.1605
56.1605
56.1605
56.1605
56.1605
56.1605
56.1605
56.1605
56.1605
56.1605
56.1605
56.1605
56.1605
56.1605
56.1605
56.1605
56.1605
56.1605
56.1605
56.1605
56.1605
56.1605
56.1605
56.1605
56.1605
56.1605
56.1605
56.1605
56.1605
56.1605
56.1605
56.1605
56.1605
56.1605
56.1605
56.1605
56.1605
56.1605
56.1605
56.1605
56.1605
56.1605
56.1605
56.1605
56.1605
56.1605
56.1605
56.1605
56.1605
56.1605
56.1605
56.1605
56.1605
56.1605
56.1605
56.1605
56.1605
56.1605
56.1605
56.1605
56.1605
56.1605
56.1605
56.1605
56.1605
56.1605
56.1605
56.1605
56.1605
56.1605
56.1605
56.1605
56.1605
56.1605
56.1605
56.1605
56.1605
56.1605
56.1605
56.1605
56.1605
56.1605
56.1605
56.1605
56.1605
56.1605
56.1605
56.1605
56.1605
56.1605
56.1605
56.1605
56.1605
56.1605
56.1605
56.1605
56.1605
56.1605
56.1605
56.1605
56.1605
56.1605
56.1605
56.1605
56.1605
56.1605
56.1605
56.1605
56.1605
56.1605
56.1605
56.1605
56.1605
56.1605
56.1605
56.1605
56.1605
56.1605
56.1605
56.1605
56.1605
56.1605
56.1605
56.1605
56.1605
56.1605
56.1605
56.1605
56.1605
56.1605
56.1605
56.1605
56.1605
56.1605
56.1605
56.1605
56.1605
56.1605
56.1605
56.1605
56.1605
56.1605
56.1605
56.1605
56.1605
56.1605
56.1605
56.1605
56.1605
56.1605
56.1605
56.1605
56.1605
56.1605
56.1605
56.1605
56.1605
56.1605
56.1605
56.1605
56.1605
56.1605
56.1605
56.1605
56.1605
56.1605
56.1605
56.1605
56.1605
56.1605
56.1605
56.1605
56.1605
56.1605
56.1605
56.1605
56.1605
56.1605
56.1605
56.1605
56.1605
56.1605
56.1605
56.1605
56.1605
56.1605
56.1605
56.1605
56.1605
56.1605
56.1605
56.1605
56.1605
56.1605
56.1605
56.1605
56.1605
56.1605
56.1605
56.1605
56.1605
56.1605
56.1605
56.1605
56.1605
56.1605
56.1605
56.1605
56.1605
56.1605
56.1605
56.1605
56.1605
56.1605
56.1605
56.1605
56.1605
56.1605
56.1605
56.1605
56.1605
56.1605
56.1605
56.1605
56.1605
56.1605
56.1605
56.1605
56.1605
56.1605
56.1605
56.1605
56.1605
56.1605
56.1605
56.1605
56.1605
56.1605
56.1605
56.1605
56.1605
56.1605
56.1605
56.1605
56.1605
56.1605
56.1605
56.1605
56.1605
56.1605
56.1605
56.1605
56.1605
56.1605
56.1605
56.1605
56.1605
56.1605
56.1605
56.1605
56.1605
56.1605
56.1605
56.1605
56.1605
56.1605
56.1605
56.1605
56.1605
56.1605
56.1605
56.1605
56.1605
56.1605
56.1605
56.1605
56.1605
56.1605
56.1605
56.1605
56.1605
56.1605
56.1605
56.1605
56.1605
56.1605
56.1605
56.1605
56.1605
56.1605
56.1605
56.1605
56.1605
56.1605
56.1605
56.1605
56.1605
56.1605
56.1605
56.1605
56.1605
56.1605
56.1605
56.1605
56.1605
56.1605
56.1605
56.1605
56.1605
56.1605
56.1605
56.1605
56.1605
56.1605
56.1605
56.1605
56.1605
56.1605
56.1605
56.1605
56.1605
56.1605
56.1605
56.1605
56.1605
56.1605
56.1605
56.1605
56.1605
56.1605
56.1605
56.1605
56.1605
56.1605
56.1605
56.1605
56.1605
56.1605
56.1605
56.1605
56.1605
56.1605
56.1605
56.1605
56.1605
56.1605
56.1605
56.1605
56.1605
56.1605
56.1605
56.1605
56.1605
56.1605
56.1605
56.1605
56.1605
56.1605
56.1605
56.1605
56.1605
56.1605
56.1605
56.1605
56.1605
56.1605
56.1605
56.1605
56.1605
56.1605
56.1605
56.1605
56.1605
56.1605
56.1605
56.1605
56.1605
56.1605
56.1605
56.1605
56.1605
56.1605
56.1605
56.1605
56.1605
56.1605
56.1605
56.1605
56.1605
56.1605
56.1605
56.1605
56.1605
56.1605
56.1605
56.1605
56.1605
56.1605
56.1605
56.1605
56.1605
56.1605
56.1605
56.1605
56.1605
56.1605
56.1605
56.1605
56.1605
56.1605
56.1605
56.1605
56.1605
56.1605
56.1605
56.1605
56.1605
56.1605
56.1605
56.1605
56.1605
56.1605
56.1605
56.1605
56.1605
56.1605
56.1605
56.1605
56.1605
56.1605
56.1605
56.1605
56.1605
56.1605
56.1605
56.1605
56.1605
56.1605
56.1605
56.1605
56.1605
56.1605
56.1605
56.1605
56.1605
56.1605
56.1605
56.1605
56.1605
56.1605
56.1605
56.1605
56.1605
56.1605
56.1605
56.1605
56.1605
56.1605
56.1605
56.1605
56.1605
56.1605
56.1605
56.1605
56.1605
56.1605
56.1605
56.1605
56.1605
56.1605
56.1605
56.1605
56.1605
56.1605
56.1605
56.1605
56.1605
56.1605
56.1605
56.1605
56.1605
56.1605
56.1605
56.1605
56.1605
56.1605
56.1605
56.1605
56.1605
56.1605
56.1605
56.1605
56.1605
56.1605
56.1605
56.1605
56.1605
56.1605
56.1605
56.1605
56.1605
56.1605
56.1605
56.1605
56.1605
56.1605
56.1605
56.1605
56.1605
56.1605
56.1605
56.1605
56.1605
56.1605
56.1605
56.1605
56.1605
56.1605
56.1605
56.1605
56.1605
56.1605
56.1605
56.1605
56.1605
56.1605
56.1605
56.1605
56.1605
56.1605
56.1605
56.1605
56.1605
56.1605
56.1605
56.1605
56.1605
56.1605
56.1605
56.1605
56.1605
56.1605
56.1605
56.1605
56.1605
56.1605
56.1605
56.1605
56.1605
56.1605
56.1605
56.1605
56.1605
56.1605
56.1605
56.1605
56.1605
56.1605
56.1605
56.1605
56.1605
56.1605
56.1605
56.1605
56.1605
56.1605
56.1605
56.1605
56.1605
56.1605
56.1605
56.1605
56.1605
56.1605
56.1605
56.1605
56.1605
56.1605
56.1605
56.1605
56.1605
56.1605
56.1605
56.1605
56.1605
56.1605
56.1605
56.1605
56.1605
56.1605
56.1605
56.1605
56.1605
56.1605
56.1605
56.1605
56.1605
56.1605
56.1605
56.1605
56.1605
56.1605
56.1605
56.1605
56.1605
56.1605
56.1605
56.1605
56.1605
56.1605
56.1605
56.1605
56.1605
56.1605
56.1605
56.1605
56.1605
56.1605
56.1605
56.1605
56.1605
56.1605
56.1605
56.1605
56.1605
56.1605
56.1605
56.1605
56.1605
56.1605
56.1605
56.1605
56.1605
56.1605
56.1605
56.1605
56.1605
56.1605
56.1605
56.1605
56.1605
56.1605
56.1605
56.1605
56.1605
56.1605
56.1605
56.1605
56.1605
56.1605
56.1605
56.1605
56.1605
56.1605
56.1605
56.1605
56.1605
56.1605
56.1605
56.1605
56.1605
56.1605
56.1605
56.1605
56.1605
56.1605
56.1605
56.1605
56.1605
56.1605
56.1605
56.1605
56.1605
56.1605
56.1605
56.1605
56.1605
56.1605
56.1605
56.1605
56.1605
56.1605
56.1605
56.1605
56.1605
56.1605
56.1605
56.1605
56.1605
56.1605
56.1605
56.1605
56.1605
56.1605
56.1605
56.1605
56.1605
56.1605
56.1605
56.1605
56.1605
56.1605
56.1605
56.1605
56.1605
56.1605
56.1605
56.1605
56.1605
56.1605
56.1605
56.1605
56.1605
56.1605
56.1605
56.1605
56.1605
56.1605
56.1605
56.1605
56.1605
56.1605
56.1605
56.1605
56.1605
56.1605
56.1605
56.1605
56.1605
56.1605
56.1605
56.1605
56.1605
56.1605
56.1605
56.1605
56.1605
56.1605
56.1605
56.1605
56.1605
56.1605
56.1605
56.1605
56.1605
56.1605
56.1605
56.1605
56.1605
56.1605
56.1605
56.1605
56.1605
56.1605
56.1605
56.1605
56.1605
56.1605
56.1605
56.1605
56.1605
56.1605
56.1605
56.1605
56.1605
56.1605
56.1605
56.1605
56.1605
56.1605
56.1605
56.1605
56.1605
56.1605
56.1605
56.1605
56.1605
56.1605
56.1605
56.1605
56.1605
56.1605
56.1605
56.1605
56.1605
56.1605
56.1605
56.1605
56.1605
56.1605
56.1605
56.1605
56.1605
56.1605
56.1605
56.1605
56.1605
56.1605
56.1605
56.1605
56.1605
56.1605
56.1605
56.1605
56.1605
56.1605
56.1605
56.1605
56.1605
56.1605
56.1605
56.1605
56.1605
56.1605
56.1605
56.1605
56.1605
56.1605
56.1605
56.1605
56.1605
56.1605
56.1605
56.1605
56.1605
56.1605
56.1605
56.1605
56.1605
56.1605
56.1605
56.1605
56.1605
56.1605
56.1605
56.1605
56.1605
56.1605
56.1605
56.1605
56.1605
56.1605
56.1605
56.1605
56.1605
56.1605
56.1605
56.1605
56.1605
56.1605
56.1605
56.1605
56.1605
56.1605
56.1605
56.1605
56.1605
56.1605
56.1605
56.1605
56.1605
56.1605
56.1605
56.1605
56.1605
56.1605
56.1605
56.1605
56.1605
56.1605
56.1605
56.1605
56.1605
56.1605
56.1605
56.1605
56.1605
56.1605
56.1605
56.1605
56.1605
56.1605
56.1605
56.1605
56.1605
56.1605
56.1605
56.1605
56.1605
56.1605
56.1605
56.1605
56.1605
56.1605
56.1605
56.1605
56.1605
56.1605
56.1605
56.1605
56.1605
56.1605
56.1605
56.1605
56.1605
56.1605
56.1605
56.1605
56.1605
56.1605
56.1605
56.1605
56.1605
56.1605
56.1605
56.1605
56.1605
56.1605
56.1605
56.1605
56.1605
56.1605
56.1605
56.1605
56.1605
56.1605
56.1605
56.1605
56.1605
56.1605
56.1605
56.1605
56.1605
56.1605
56.1605
56.1605
56.1605
56.1605
56.1605
56.1605
56.1605
56.1605
56.1605
56.1605
56.1605
56.1605
56.1605
56.1605
56.1605
56.1605
56.1605
56.1605
56.1605
56.1605
56.1605
56.1605
56.1605
56.1605
56.1605
56.1605
56.1605
56.1605
56.1605
56.1605
56.1605
56.1605
56.1605
56.1605
56.1605
56.1605
56.1605
56.1605
56.1605
56.1605
56.1605
56.1605
56.1605
56.1605
56.1605
56.1605
56.1605
56.1605
56.1605
56.1605
56.1605
56.1605
56.1605
56.1605
56.1605
56.1605
56.1605
56.1605
56.1605
56.1605
56.1605
56.1605
56.1605
56.1605
56.1605
56.1605
56.1605
56.1605
56.1605
56.1605
56.1605
56.1605
56.1605
56.1605
56.1605
56.1605
56.1605
56.1605
56.1605
56.1605
56.1605
56.1605
56.1605
56.1605
56.1605
56.1605
56.1605
56.1605
56.1605
56.1605
56.1605
56.1605
56.1605
56.1605
56.1605
56.1605
56.1605
56.1605
56.1605
56.1605
56.1605
56.1605
56.1605
56.1605
56.1605
56.1605
56.1605
56.1605
56.1605
56.1605
56.1605
56.1605
56.1605
56.1605
56.1605
56.1605
56.1605
56.1605
56.1605
56.1605
56.1605
56.1605
56.1605
56.1605
56.1605
56.1605
56.1605
56.1605
56.1605
56.1605
56.1605
56.1605
56.1605
56.1605
56.1605
56.1605
56.1605
56.1605
56.1605
56.1605
56.1605
56.1605
56.1605
56.1605
56.1605
56.1605
56.1605
56.1605
56.1605
56.1605
56.1605
56.1605
56.1605
56.1605
56.1605
56.1605
56.1605
56.1605
56.1605
56.1605
56.1605
56.1605
56.1605
56.1605
56.1605
56.1605
56.1605
56.1605
56.1605
56.1605
56.1605
56.1605
56.1605
56.1605
56.1605
56.1605
56.1605
56.1605
56.1605
56.1605
56.1605
56.1605
56.1605
56.1605
56.1605
56.1605
56.1605
56.1605
56.1605
56.1605
56.1605
56.1605
56.1605
56.1605
56.1605
56.1605
56.1605
56.1605
56.1605
56.1605
56.1605
56.1605
56.1605
56.1605
56.1605
56.1605
56.1605
56.1605
56.1605
56.1605
56.1605
56.1605
56.1605
56.1605
56.1605
56.1605
56.1605
56.1605
56.1605
56.1605
56.1605
56.1605
56.1605
56.1605
56.1605
56.1605
56.1605
56.1605
56.1605
56.1605
56.1605
56.1605
56.1605
56.1605
56.1605
56.1605
56.1605
56.1605
56.1605
56.1605
56.1605
56.1605
56.1605
56.1605
56.1605
56.1605
56.1605
56.1605
56.1605
56.1605
56.1605
56.1605
56.1605
56.1605
56.1605
56.1605
56.1605
56.1605
56.1605
56.1605
56.1605
56.1605
56.1605
56.1605
56.1605
56.1605
56.1605
56.1605
56.1605
56.1605
56.1605
56.1605
56.1605
56.1605
56.1605
56.1605
56.1605
56.1605
56.1605
56.1605
56.1605
56.1605
56.1605
56.1605
56.1605
56.1605
56.1605
56.1605
56.1605
56.1605
56.1605
56.1605
56.1605
56.1605
56.1605
56.1605
56.1605
56.1605
56.1605
56.1605
56.1605
56.1605
56.1605
56.1605
56.1605
56.1605
56.1605
56.1605
56.1605
56.1605
56.1605
56.1605
56.1605
56.1605
56.1605
56.1605
56.1605
56.1605
56.1605
56.1605
56.1605
56.1605
56.1605
56.1605
56.1605
56.1605
56.1605
56.1605
56.1605
56.1605
56.1605
56.1605
56.1605
56.1605
56.1605
56.1605
56.1605
56.1605
56.1605
56.1605
56.1605
56.1605
56.1605
56.1605
56.1605
56.1605
56.1605
56.1605
56.1605
56.1605
56.1605
56.1605
56.1605
56.1605
56.1605
56.1605
56.1605
56.1605
56.1605
56.1605
56.1605
56.1605
56.1605
56.1605
56.1605
56.1605
56.1605
56.1605
56.1605
56.1605
56.1605
56.1605
56.1605
56.1605
56.1605
56.1605
56.1605
56.1605
56.1605
56.1605
56.1605
56.1605
56.1605
56.1605
56.1605
56.1605
56.1605
56.1605
56.1605
56.1605
56.1605
56.1605
56.1605
56.1605
56.1605
56.1605
56.1605
56.1605
56.1605
56.1605
56.1605
56.1605
56.1605
56.1605
56.1605
56.1605
56.1605
56.1605
56.1605
56.1605
56.1605
56.1605
56.1605
56.1605
56.1605
56.1605
56.1605
56.1605
56.1605
56.1605
56.1605
56.1605
56.1605
56.1605
56.1605
56.1605
56.1605
56.1605
56.1605
56.1605
56.1605
56.1605
56.1605
56.1605
56.1605
56.1605
56.1605
56.1605
56.1605
56.1605
56.1605
56.1605
56.1605
56.1605
56.1605
56.1605
56.1605
56.1605
56.1605
56.1605
56.1605
56.1605
56.1605
56.1605
56.1605
56.1605
56.1605
56.1605
56.1605
56.1605
56.1605
56.1605
56.1605
56.1605
56.1605
56.1605
56.1605
56.1605
56.1605
56.1605
56.1605
56.1605
56.1605
56.1605
56.1605
56.1605
56.1605
56.1605
56.1605
56.1605
56.1605
56.1605
56.1605
56.1605
56.1605
56.1605
56.1605
56.1605
56.1605
56.1605
56.1605
56.1605
56.1605
56.1605
56.1605
56.1605
56.1605
56.1605
56.1605
56.1605
56.1605
56.1605
56.1605
56.1605
56.1605
56.1605
56.1605
56.1605
56.1605
56.1605
56.1605
56.1605
56.1605
56.1605
56.1605
56.1605
56.1605
56.1605
56.1605
56.1605
56.1605
56.1605
56.1605
56.1605
56.1605
56.1605
56.1605
56.1605
56.1605
56.1605
56.1605
56.1605
56.1605
56.1605
56.1605
56.1605
56.1605
56.1605
56.1605
56.1605
56.1605
56.1605
56.1605
56.1605
56.1605
56.1605
56.1605
56.1605
56.1605
56.1605
56.1605
56.1605
56.1605
56.1605
56.1605
56.1605
56.1605
56.1605
56.1605
56.1605
56.1605
56.1605
56.1605
56.1605
56.1605
56.1605
56.1605
56.1605
56.1605
56.1605
56.1605
56.1605
56.1605
56.1605
56.1605
56.1605
56.1605
56.1605
56.1605
56.1605
56.1605
56.1605
56.1605
56.1605
56.1605
56.1605
56.1605
56.1605
56.1605
56.1605
56.1605
56.1605
56.1605
56.1605
56.1605
56.1605
56.1605
56.1605
56.1605
56.1605
56.1605
56.1605
56.1605
56.1605
56.1605
56.1605
56.1605
56.1605
56.1605
56.1605
56.1605
56.1605
56.1605
56.1605
56.1605
56.1605
56.1605
56.1605
56.1605
56.1605
56.1605
56.1605
56.1605
56.1605
56.1605
56.1605
56.1605
56.1605
56.1605
56.1596
56.1605
56.1605
56.1605
56.1596
56.1577
56.1524
56.1449
56.1449
56.1449
56.1449
56.1449
56.1449
56.1449
56.1449
56.1449
56.1449
56.1449
56.1449
56.1449
56.1449
56.1449
56.1449
56.1449
56.1449
56.1449
56.1449
56.1449
56.1449
56.1449
56.1449
56.1449
56.1449
56.1449
56.1449
56.1449
56.1449
56.1449
56.1449
56.1449
56.1449
56.1449
56.1449
56.1449
56.1449
56.1449
56.1449
56.1449
56.1449
56.1449
56.1449
56.1449
56.1449
56.1449
56.1449
56.1449
56.1449
56.1449
56.1449
56.1449
56.1449
56.1449
56.1449
56.1449
56.1449
56.1449
56.1449
56.1449
56.1449
56.1449
56.1449
56.1449
56.1449
56.1449
56.1449
56.1449
56.1449
56.1449
56.1449
56.1449
56.1449
56.1449
56.1449
56.1449
56.1449
56.1449
56.1449
56.1449
56.1449
56.1449
56.1449
56.1449
56.1449
56.1449
56.1449
56.1449
56.1449
56.1449
56.1449
56.1449
56.1449
56.1449
56.1449
56.1449
56.1449
56.1449
56.1449
56.1449
56.1449
56.1449
56.1449
56.1449
56.1449
56.1449
56.1449
56.1449
56.1449
56.1449
56.1449
56.1449
56.1449
56.1449
56.1449
56.1449
56.1449
56.1449
56.1449
56.1449
56.1449
56.1449
56.1449
56.1449
56.1449
56.1449
56.1449
56.1449
56.1449
56.1449
56.1449
56.1449
56.1449
56.1449
56.1449
56.1449
56.1449
56.1449
56.1449
56.1449
56.1449
56.1449
56.1449
56.1449
56.1449
56.1449
56.1449
56.1449
56.1449
56.1449
56.1449
56.1449
56.1449
56.1449
56.1449
56.1449
56.1449
56.1449
56.1449
56.1449
56.1449
56.1449
56.1449
56.1449
56.1449
56.1449
56.1449
56.1449
56.1449
56.1449
56.1449
56.1449
56.1449
56.1449
56.1449
56.1449
56.1449
56.1449
56.1449
56.1449
56.1449
56.1449
56.1449
56.1449
56.1449
56.1449
56.1449
56.1449
56.1449
56.1449
56.1449
56.1449
56.1449
56.1449
56.1449
56.1449
56.1449
56.1449
56.1449
56.1449
56.1449
56.1449
56.1383
56.1186
56.0592
55.8811
55.8151
55.8151
55.8151
55.8151
55.8151
55.8151
55.8151
55.8151
55.8151
55.8151
55.8151
55.8151
55.8151
55.8151
55.8151
55.8151
55.8151
55.8151
55.8151
55.8151
55.8151
55.8151
55.8151
55.8151
55.8151
55.8151
55.8151
55.8151
55.8151
55.8151
55.8151
55.8151
55.8151
55.8151
55.8151
55.8151
55.8151
55.8151
55.8151
55.8151
55.8151
55.8151
55.8151
55.8151
55.8151
55.8151
55.8151
55.8151
55.8151
55.8151
55.8151
55.8151
55.8151
55.8151
55.8151
55.8151
55.8151
55.8151
55.8151
55.8151
55.8151
55.8151
55.8151
55.8151
55.8151
55.8151
55.8151
55.8151
55.8151
55.8151
55.8151
55.8151
55.8151
56.0027
55.8151
55.8151
55.8151
55.8151
55.8151
55.8151
55.8151
55.8151
55.8151
55.8151
55.8151
55.8151
55.8151
55.8151
55.8151
55.8151
55.8151
55.8151
55.8151
55.8151
55.8151
55.8151
55.8151
55.8151
55.8151
55.8151
55.8151
55.8151
55.8151
55.8151
55.8151
55.8151
55.8151
55.8151
55.8151
55.8151
55.8151
55.8151
55.8151
55.8151
55.8151
55.8151
55.8151
55.8151
55.8151
55.8151
55.8151
55.8151
55.8053
55.771
55.6927
55.6927
55.6927
55.6927
55.6927
55.6927
55.6927
55.6927
55.6927
55.6927
55.6927
55.6927
55.6927
55.6927
55.6927
55.6927
55.6927
55.6927
55.6927
55.6927
55.6927
55.6927
55.6927
55.6927
55.6927
55.6927
55.6927
55.6927
55.6927
55.6927
55.6927
55.6927
55.6927
55.6927
55.6927
55.6927
55.6927
55.6927
55.6927
55.6927
55.6927
55.6927
55.6927
55.6927
55.6927
55.6927
55.6927
55.6927
55.6927
55.6927
55.6927
55.6927
55.6927
55.6927
55.6927
55.6927
55.6927
55.6927
55.6927
55.6927
55.6927
55.6927
55.6927
55.6927
55.6927
55.6927
55.6927
55.6927
55.6927
55.6927
55.6927
55.6927
55.6927
55.6927
55.6927
55.6927
55.6927
55.6927
55.6927
55.6927
55.6927
55.6927
55.6927
55.6927
55.6927
55.6927
55.6927
55.6927
55.6927
55.6927
55.6927
55.6927
55.6927
55.6927
55.6927
55.6927
55.6927
55.6927
55.6927
55.6927
55.6927
55.6927
55.6927
55.6927
55.6927
55.6927
55.6927
55.6927
55.6927
55.6927
55.6927
55.6927
55.6927
55.6927
55.6927
55.6927
55.6927
55.6927
55.6927
55.6927
55.6927
55.6927
55.6927
55.6927
55.6927
55.6927
55.6927
55.6927
55.6927
55.6927
55.6927
55.6927
55.6927
55.6927
55.6927
55.6927
55.6927
55.6927
55.6927
55.6927
55.6927
55.6927
55.6927
55.6927
55.6927
55.6927
55.6927
55.6927
55.6927
55.6927
55.6927
55.6927
55.6927
55.6927
55.6927
55.6927
55.6927
55.6927
55.6927
55.6927
55.6927
55.6927
55.6927
55.6927
55.6927
55.6927
55.6927
55.6927
55.6927
55.6927
55.6927
55.6927
55.6927
55.6927
55.6927
55.6927
55.6927
55.6927
55.6927
55.6927
55.6927
55.6927
55.6927
55.6927
55.6927
55.6927
55.6927
55.6927
55.6927
55.6927
55.6927
55.6927
55.6927
55.6927
55.6927
55.6927
55.6927
55.6927
55.6927
55.6927
55.6927
55.6927
55.6927
55.6927
55.6927
55.6927
55.6927
55.6927
55.6927
55.6927
55.6927
55.6927
55.6927
55.6927
55.6927
55.6927
55.6927
55.6927
55.6927
55.6927
55.6927
55.6927
55.6927
55.6927
55.6927
55.6927
55.6927
55.6927
55.6927
55.6927
55.6927
55.6927
55.6927
55.6927
55.6927
55.6927
55.6927
55.6927
55.6927
55.6927
55.6927
55.6927
55.6927
55.6927
55.6927
55.6927
55.6927
55.6927
55.6927
55.6927
55.6927
55.6927
55.6927
55.6927
55.6927
55.6927
55.6927
55.6927
55.6927
55.6927
55.6927
55.6927
55.6927
55.6927
55.6927
55.6927
55.6927
55.6927
55.6927
55.6927
55.6927
55.6927
55.6927
55.6927
55.6927
55.6927
55.6927
55.6927
55.6927
55.6927
55.6927
55.6927
55.6927
55.6927
55.6927
55.6927
55.6927
55.6927
55.6927
55.6927
55.6927
55.6927
55.6927
55.6927
55.6927
55.6927
55.6927
55.6927
55.6927
55.6927
55.6927
55.6927
55.6927
55.6927
55.6927
55.6927
55.6927
55.6927
55.6927
55.6927
55.6927
55.6927
55.6927
55.6927
55.6927
55.6927
55.6927
55.6927
55.6927
55.6927
55.6927
55.6927
55.6927
55.6927
55.6927
55.6927
55.6927
55.6927
55.6927
55.6927
55.6927
55.6927
55.6927
55.6927
55.6927
55.6927
55.6927
55.6927
55.6927
55.6927
55.6927
55.6927
55.6927
55.6927
55.6927
55.6927
55.6927
55.6927
55.6927
55.6927
55.6927
55.6927
55.6927
55.6927
55.6927
55.6927
55.6927
55.6927
55.6927
55.6927
55.6927
55.6927
55.6927
55.6927
55.6927
55.6927
55.6927
55.6927
55.6927
55.6927
55.6927
55.6927
55.6927
55.6927
55.6927
55.6927
55.6927
55.6927
55.6927
55.6927
55.6927
55.6927
55.6927
55.6927
55.6927
55.6927
55.6927
55.6927
55.6927
55.6927
55.6927
55.6927
55.6927
55.6927
55.6927
55.6927
55.6927
55.6927
55.6927
55.6927
55.6927
55.6927
55.6927
55.6927
55.6927
55.6927
55.6927
55.6927
55.6927
55.6927
55.6927
55.6927
55.6927
55.6927
55.6927
55.6927
55.6927
55.6927
55.6927
55.6927
55.6927
55.6927
55.6927
55.6927
55.6927
55.6927
55.6927
55.6927
55.6927
55.6927
55.6927
55.6927
55.6927
55.6927
55.6927
55.6927
55.6927
55.6927
55.6927
55.6927
55.6927
55.6927
55.6927
55.6927
55.6927
55.6927
55.6927
55.6927
55.6927
55.6927
55.6927
55.6927
55.6927
55.6927
55.6927
55.6927
55.6927
55.6927
55.6927
55.6927
55.6927
55.6927
55.6927
55.6927
55.6927
55.6927
55.6927
55.6927
55.6927
55.6927
55.6927
55.6927
55.6927
55.6927
55.6927
55.6927
55.6927
55.6927
55.6927
55.6927
55.6927
55.6927
55.6927
55.6927
55.6927
55.6927
55.6927
55.6927
55.6927
55.6927
55.6927
55.6927
55.6927
55.6927
55.6927
55.6927
55.6927
55.6927
55.6927
55.6927
55.6927
55.7448
55.6927
55.6927
55.6927
55.6927
55.6927
55.6927
55.6927
55.6927
55.6927
55.6927
55.6927
55.6927
55.6927
55.6927
55.6927
55.6927
55.6927
55.6927
55.6927
55.6927
55.6927
55.6927
55.6927
55.6927
55.6927
55.6927
55.6927
55.6927
55.6927
55.6927
55.6927
55.6927
55.6927
55.6927
55.6927
55.6927
55.6927
55.6927
55.6927
55.6927
55.6927
55.6927
55.6927
55.6927
55.6927
55.6927
55.6927
55.6927
55.6927
55.6927
55.6927
55.6927
55.6927
55.6927
55.6927
55.6927
55.6927
55.6927
55.6927
55.6927
55.6927
55.6927
55.6927
55.6927
55.6927
55.6927
55.6927
55.6927
55.6927
55.6927
55.6927
55.6927
55.6927
55.6927
55.6927
55.6927
55.6927
55.6927
55.6927
55.6927
55.6927
55.6927
55.6927
55.6927
55.6927
55.6927
55.6927
55.6927
55.6927
55.6927
55.6927
55.6927
55.6927
55.6927
55.6927
55.6927
55.6927
55.6927
55.6927
55.6927
55.6927
55.6927
55.6927
55.6927
55.6927
55.6927
55.6927
55.6927
55.6927
55.6927
55.6927
55.6927
55.6927
55.6927
55.6927
55.6927
55.6927
55.6927
55.6927
55.6927
55.6927
55.6927
55.6927
55.6927
55.6927
55.6927
55.6927
55.6927
55.6927
55.6927
55.6927
55.6927
55.6927
55.6927
55.6927
55.6927
55.6927
55.6927
55.6927
55.6927
55.6927
55.6927
55.6927
55.6927
55.6927
55.6927
55.6927
55.6927
55.6927
55.6927
55.6927
55.6927
55.6927
55.6927
55.6927
55.6927
55.6927
55.6927
55.6927
55.6927
55.6927
55.6927
55.6927
55.6927
55.6927
55.6927
55.6927
55.6927
55.6927
55.6927
55.6927
55.6927
55.6927
55.6927
55.6927
55.6927
55.6927
55.6927
55.6927
55.6927
55.6927
55.6927
55.6927
55.6927
55.6927
55.6927
55.6927
55.6927
55.6927
55.6927
55.6927
55.6927
55.6927
55.6927
55.6927
55.6927
55.6927
55.6927
55.6927
55.6927
55.6927
55.6927
55.6927
55.6927
55.6927
55.6927
55.6927
55.6927
55.6927
55.6927
55.6927
55.6927
55.6927
55.6927
55.6927
55.6927
55.6927
55.6927
55.6927
55.6927
55.6927
55.6927
55.6927
55.6927
55.6927
55.6927
55.6927
55.6927
55.6927
55.6927
55.6927
55.6927
55.6927
55.6927
55.6927
55.6927
55.6927
55.6927
55.6927
55.6927
55.6927
55.6927
55.6927
55.6927
55.6927
55.6927
55.6927
55.6927
55.6927
55.6927
55.6927
55.6927
55.6927
55.6927
55.6927
55.6927
55.6927
55.6927
55.6927
55.6927
55.6927
55.6927
55.6927
55.6927
55.6927
55.6927
55.6927
55.6927
55.6927
55.6927
55.6927
55.6927
55.6927
55.6927
55.6927
55.6927
55.6927
55.6927
55.6927
55.6927
55.6927
55.6927
55.6927
55.6927
55.6927
55.6927
55.6927
55.6927
55.6927
55.6927
55.6927
55.6927
55.6927
55.6927
55.6927
55.6927
55.6927
55.6927
55.6927
55.6927
55.6927
55.6927
55.6927
55.6927
55.6927
55.6927
55.6927
55.6927
55.6927
55.6927
55.6927
55.6927
55.6927
55.6927
55.6927
55.6927
55.6927
55.6927
55.6927
55.6927
55.6927
55.6927
55.6927
55.6927
55.6927
55.6927
55.6927
55.6927
55.6927
55.6927
55.6927
55.6927
55.6927
55.6927
55.6927
55.6927
55.6927
55.6927
55.6927
55.6927
55.6927
55.6927
55.6927
55.6927
55.6927
55.6927
55.6927
55.6927
55.6927
55.6927
55.6927
55.6927
55.6927
55.6927
55.6927
55.6927
55.6927
55.6927
55.6927
55.6927
55.6927
55.6927
55.6927
55.6927
55.6927
55.6927
55.6927
55.6927
55.6927
55.6927
55.6927
55.6927
55.6927
55.6927
55.6927
55.6927
55.6927
55.6927
55.6927
55.6927
55.6927
55.6927
55.6927
55.6927
55.6927
55.6927
55.6927
55.6927
55.6927
55.6927
55.6927
55.6927
55.6927
55.6927
55.6927
55.6927
55.6927
55.6927
55.6927
55.6927
55.6927
55.6927
55.6927
55.6927
55.6927
55.6927
55.6927
55.6927
55.6927
55.6927
55.6927
55.6927
55.6927
55.6927
55.6927
55.6927
55.6927
55.6927
55.6927
55.6927
55.6927
55.6927
55.6927
55.6927
55.6927
55.6927
55.6927
55.6927
55.6927
55.6927
55.6927
55.6927
55.6927
55.6927
55.6927
55.6927
55.6927
55.6927
55.6927
55.6927
55.6927
55.6927
55.6927
55.6927
55.6927
55.6927
55.6927
55.6927
55.6927
55.6927
55.6927
55.6927
55.6927
55.6927
55.6927
55.6927
55.6927
55.6927
55.6927
55.6927
55.6927
55.6927
55.6927
55.6927
55.6927
55.6927
55.6927
55.6927
55.6927
55.6927
55.6927
55.6927
55.6927
55.6927
55.6927
55.6927
55.6927
55.6927
55.6927
55.6927
55.6927
55.6927
55.6927
55.6927
55.6927
55.6927
55.6927
55.6927
55.6927
55.6927
55.6927
55.6927
55.6927
55.6927
55.6927
55.6927
55.6927
55.6927
55.6927
55.6927
55.6927
55.6927
55.6927
55.6927
55.6927
55.6927
55.6927
55.6927
55.6927
55.6927
55.6927
55.6927
55.6927
55.6927
55.6927
55.6927
55.6927
55.6927
55.6927
55.6927
55.6927
55.6927
55.6927
55.6927
55.6927
55.6927
55.6927
55.6927
55.6927
55.6927
55.6927
55.6927
55.6927
55.6927
55.6927
55.6927
55.6927
55.6927
55.6927
55.6927
55.6927
55.6927
55.6927
55.6927
55.6927
55.6927
55.6927
55.6927
55.6927
55.6927
55.6927
55.6927
55.6927
55.6927
55.6927
55.6927
55.6927
55.6927
55.6927
55.6927
55.6927
55.6927
55.6927
55.6927
55.6927
55.6927
55.6927
55.6927
55.6927
55.6927
55.6927
55.6927
55.6927
55.6927
55.6927
55.6927
55.6927
55.6927
55.6927
55.6927
55.6927
55.6927
55.6927
55.6927
55.6927
55.6927
55.6927
55.6927
55.6927
55.6927
55.6927
55.6927
55.6927
55.6927
55.6927
55.6927
55.6927
55.6927
55.6927
55.6927
55.6927
55.6927
55.6927
55.6927
55.6927
55.6927
55.6927
55.6927
55.6927
55.6927
55.6927
55.6927
55.6927
55.6927
55.6927
55.6927
55.6927
55.6927
55.6927
55.6927
55.6927
55.6927
55.6927
55.6927
55.6927
55.6927
55.6927
55.6927
55.6927
55.9914
55.6927
55.6927
55.6927
55.6927
55.6927
55.6927
55.6927
55.6927
55.6927
55.6927
55.6927
55.6927
55.6927
55.6927
55.6927
55.6927
55.6927
55.6927
55.6927
55.6927
55.6927
55.6927
55.6927
55.6927
55.6927
55.6927
55.6927
55.6927
55.6927
55.6927
55.6927
55.6927
55.6927
55.6927
55.6927
55.6927
55.6927
55.6927
55.6927
55.6927
55.6927
55.6927
55.6927
55.6927
55.6927
55.6927
55.6927
55.6927
55.6927
55.6927
55.6927
55.6927
55.6927
55.6927
55.6927
55.6927
55.6927
55.6927
55.6927
55.6927
55.6927
55.6927
55.6927
55.6927
55.6927
55.6927
55.6927
55.6927
55.6927
55.6927
55.6927
55.6927
55.6927
55.6927
55.6927
55.6927
55.6927
55.6927
55.6927
55.6927
55.6927
55.6927
55.6927
55.6927
55.6927
55.6927
55.6927
55.6927
55.6927
55.6927
55.6927
55.6927
55.6927
55.6927
55.6927
55.6927
55.6927
55.6927
55.6927
55.6927
55.6927
55.6927
55.6927
55.6927
55.6927
55.6927
55.6927
55.6927
55.6927
55.6927
55.6927
55.6927
55.6927
55.6927
55.6927
55.6927
55.6927
55.6927
55.6927
55.6927
55.6927
55.6927
55.6927
55.6927
55.6927
55.6927
55.6927
55.6927
55.6927
55.6927
55.6927
55.6927
55.6927
55.6927
55.6927
55.6927
55.6927
55.6927
55.6927
55.6927
55.6927
55.6927
55.6927
55.6927
55.6927
55.6927
55.6927
55.6927
55.6927
55.6927
55.6927
55.6927
55.6927
55.6927
55.6927
55.6927
55.6927
55.6927
55.6927
55.6927
55.6927
55.6927
55.6927
55.6927
55.6927
55.6927
55.6927
55.6927
55.6927
55.6927
55.6927
55.6927
55.6927
55.6927
55.6927
55.6927
55.6927
55.6927
55.6927
55.6927
55.6927
55.6927
55.6927
55.6927
55.6927
55.6927
55.6927
55.6927
55.6927
55.6927
55.6927
55.6927
55.6927
55.6927
55.6927
55.6927
55.6927
55.6927
55.6927
55.6927
55.6927
55.6927
55.6927
55.6927
55.6927
55.6927
55.6927
55.6927
55.6927
55.6927
55.6927
55.6927
55.6927
55.6927
55.6927
55.6927
55.6927
55.6927
55.6927
55.6927
55.6927
55.6927
55.6927
55.6927
55.6927
55.6927
55.6927
55.6927
55.6927
55.6927
55.6927
55.6927
55.6927
55.6927
55.6927
55.6927
55.6927
55.6927
55.6927
55.6927
55.6927
55.6927
55.6927
55.6927
55.6927
55.6927
55.6927
55.6927
55.6927
55.6927
55.6927
55.6927
55.6927
55.6927
55.6927
55.6927
55.6927
55.6927
55.6927
55.6927
55.6927
55.6927
55.6927
55.6927
55.6927
55.6927
55.6927
55.6927
55.6927
55.6927
55.6927
55.6927
55.6927
55.6927
55.6927
55.6927
55.6927
55.6927
55.6927
55.6927
55.6927
55.6927
55.6927
55.6927
55.6927
55.6927
55.6927
55.6927
55.6927
55.6927
55.6927
55.6927
55.6927
55.6927
55.6927
55.6927
55.6927
55.6927
55.6927
55.6927
55.6927
55.6927
55.6927
55.6927
55.6927
55.6927
55.6927
55.6927
55.6927
55.6927
55.6927
55.6927
55.6927
55.6927
55.6927
55.6927
55.6927
55.6927
55.6927
55.6927
55.6927
55.6927
55.6927
55.6927
55.6927
55.6927
55.6927
55.6927
55.6927
55.6927
55.6927
55.6927
55.6927
55.6927
55.6927
55.6927
55.6927
55.6927
55.6927
55.6927
55.6927
55.6927
55.6927
55.6927
55.6927
55.6927
55.6927
55.6927
55.6927
55.6927
55.6927
55.6927
55.6927
55.6927
55.6927
55.6927
55.6927
55.6927
55.6927
55.6927
55.6927
55.6927
55.6927
55.6927
55.6927
55.6927
55.6927
55.6927
55.6927
55.6927
55.6927
55.6927
55.6927
55.6927
55.6927
55.6927
55.6927
55.6927
55.6927
55.6927
55.6927
55.6927
55.6927
55.6927
55.6927
55.6927
55.6927
55.6927
55.6927
55.6927
55.6927
55.6927
55.6927
55.6927
55.6927
55.6927
55.6927
55.6927
55.6927
55.6927
55.6927
55.6927
55.6927
55.6927
55.6927
55.6927
55.6927
55.6927
55.6927
55.6927
55.6927
55.6927
55.6927
55.6927
55.6927
55.6927
55.6927
55.6927
55.6927
55.6927
55.6927
55.6927
55.6927
55.6927
55.6927
55.6927
55.6927
55.6927
55.6927
55.6927
55.6927
55.6927
55.6927
55.6927
55.6927
55.6927
55.6927
55.6927
55.6927
55.6927
55.6927
55.6927
55.6927
55.6927
55.6927
55.6927
55.6927
55.6927
55.6927
55.6927
55.6927
55.6927
55.6927
55.6927
55.6927
55.6927
55.6927
55.6927
55.6927
55.6927
55.6927
55.6927
55.6927
55.6927
55.6927
55.6927
55.6927
55.6927
55.6927
55.6927
55.6927
55.6927
55.6927
55.6927
55.6927
55.6927
55.6927
55.6927
55.6927
55.6927
55.6927
55.6927
55.6927
55.6927
55.6927
55.6927
55.6927
55.6927
55.6927
55.6927
55.6927
55.6927
55.6927
55.6927
55.6927
55.6927
55.6927
55.6927
55.6927
55.6927
55.6927
55.6927
55.6927
55.6927
55.6927
55.6927
55.6927
55.6927
55.6927
55.6927
55.6927
55.6927
55.6927
55.6927
55.6927
55.6927
55.6927
55.6927
55.6927
55.6927
55.6927
55.6927
55.6927
55.6927
55.6927
55.6927
55.6927
55.6927
55.6927
55.6927
55.6927
55.6927
55.6927
55.6927
55.6927
55.6927
55.6927
55.6927
55.6927
55.6927
55.6927
55.6927
55.6927
55.6927
55.6927
55.6927
55.6927
55.6927
55.6927
55.6927
55.6927
55.6927
55.6927
55.6927
55.6927
55.6927
55.6927
55.6927
55.6927
55.6927
55.6927
55.6927
55.6927
55.6927
55.6927
55.6927
55.6927
55.6927
55.6927
55.6927
55.6927
55.6927
55.6927
55.6927
55.6927
55.6927
55.6927
55.6927
55.6927
55.6927
55.6927
55.6927
55.6927
55.6927
55.6927
55.6927
55.6927
55.6927
55.6927
55.6927
55.6927
55.6927
55.6927
55.6927
55.6927
55.6927
55.6927
55.6927
55.6927
55.6927
55.6927
55.6927
55.6927
55.6927
55.6927
55.6927
55.6927
55.6927
55.6927
55.6927
55.6927
55.6927
55.6927
55.6927
55.6927
55.6927
55.6927
55.6927
55.6927
55.6927
55.6927
55.6927
55.6927
55.6927
55.6927
55.6927
55.6927
55.6927
55.6927
55.6927
55.6927
55.6927
55.6927
55.6927
55.6927
55.6927
55.6927
55.6927
55.6927
55.6927
55.6927
55.6927
55.6927
55.6927
55.6927
55.6927
55.6927
55.6927
55.6927
55.6927
55.6927
55.6927
55.6927
55.6927
55.6927
55.6927
55.6927
55.6927
55.6927
55.6927
55.6927
55.6927
55.6927
55.6927
55.6927
55.6927
55.6927
55.6927
55.6927
55.6927
55.6927
55.6927
55.6927
55.6927
55.6927
55.6927
55.6927
55.6927
55.6927
55.6927
55.6927
55.6927
55.6927
55.6927
55.6927
55.6927
55.6927
55.6927
55.6927
55.6927
55.6927
55.6927
55.6927
55.6927
55.6927
55.6927
55.6927
55.6927
55.6927
55.6927
55.6927
55.6927
55.6927
55.6927
55.6927
55.6927
55.6927
55.6927
55.6927
55.6927
55.6927
55.6927
55.6927
55.6927
55.6927
55.6927
55.6927
55.6927
55.6927
55.6927
55.6927
55.6927
55.6927
55.6927
55.6927
55.6927
55.6927
55.6927
55.6927
55.6927
55.6927
55.6927
55.6927
55.6927
55.6927
55.6927
55.6927
55.6927
55.6927
55.6927
55.6927
55.6927
55.6927
55.6927
55.6927
55.6927
55.6927
55.6927
55.6927
55.6927
55.6927
55.6927
55.6927
55.6927
55.6927
55.6927
55.6927
55.6927
55.6927
55.6927
55.6927
55.6927
55.6927
55.6927
55.6927
55.6927
55.6927
55.6927
55.6927
55.6927
55.6927
55.6927
55.6927
55.6927
55.6927
55.6927
55.6927
55.6927
55.6927
55.6927
55.6927
55.6927
55.6927
55.6927
55.6927
55.6927
55.6927
55.6927
55.6927
55.6927
55.6927
55.6927
55.6927
55.6927
55.6927
55.6927
55.6927
55.6927
55.6927
55.6927
55.6927
55.6927
55.6927
55.6927
55.6927
55.6927
55.6927
55.6927
55.6927
55.6927
55.6927
55.6927
55.6927
55.6927
55.6927
55.6927
55.6927
55.6927
55.6927
55.6927
55.6927
55.6927
55.6927
55.6927
55.6927
55.6927
55.6927
55.6927
55.6927
55.6927
55.6927
55.6927
55.6927
55.6927
55.6927
55.6927
55.6927
55.6927
55.6927
55.6927
55.6927
55.6927
55.6927
55.6927
55.6927
55.6927
55.6927
55.6927
55.6927
55.6927
55.6927
55.6927
55.6927
55.6927
55.6927
55.6927
55.6927
55.6927
55.6927
55.6927
55.6927
55.6927
55.6927
55.6927
55.6927
55.6927
55.6927
55.6927
55.6927
55.6927
55.6927
55.6927
55.6927
55.6927
55.6927
55.6927
55.6927
55.6927
55.6927
55.6927
55.6927
55.6927
55.6927
55.6927
55.6927
55.6927
55.6927
55.6927
55.6927
55.6927
55.6927
55.6927
55.6927
55.6927
55.6927
55.6927
55.6927
55.6927
55.6927
55.6927
55.6927
55.6927
55.6927
55.6927
55.6927
55.6927
55.6927
55.6927
55.6927
55.6927
55.6927
55.6927
55.6927
55.6927
55.6927
55.6927
55.6927
55.6927
55.6927
55.6927
55.6927
55.6927
55.6927
55.6927
55.6927
55.6927
55.6927
55.6927
55.6927
55.6927
55.6927
55.6927
55.6927
55.6927
55.6927
55.6927
55.6927
55.6927
55.6927
55.6927
55.6927
55.6927
55.6927
55.6927
55.6927
55.6927
55.6927
55.6927
55.6927
55.6927
55.6927
55.6927
55.6927
55.6927
55.6927
55.6927
55.6927
55.6927
55.6927
55.6927
55.6927
55.6927
55.6927
55.6927
55.6927
55.6927
55.6927
55.6927
55.6927
55.6927
55.6927
55.6927
55.6927
55.6927
55.6927
55.6927
55.6927
55.6927
55.6927
55.6927
55.6927
55.6927
55.6927
55.6927
55.6927
55.6927
55.6927
55.6927
55.6927
55.6927
55.6927
55.6927
55.6927
55.6927
55.6927
55.6927
55.6927
55.6927
55.6927
55.6927
55.6927
55.6927
55.6927
55.6927
55.6927
55.6927
55.6927
55.6927
55.6927
55.6927
55.6927
55.6927
55.6927
55.6927
55.6927
55.6927
55.6927
55.6927
55.6927
55.6927
55.6927
55.6927
55.6927
55.6927
55.6927
55.6927
55.6927
55.6927
55.6927
55.6927
55.6927
55.6927
55.6927
55.6927
55.6927
55.6927
55.6927
55.6927
55.6927
55.6927
55.6927
55.6927
55.6927
55.6927
55.6927
55.6927
55.6927
55.6927
55.6927
55.6927
55.6927
55.6927
55.6927
55.6927
55.6927
55.6927
55.6927
55.6927
55.6927
55.6927
55.6927
55.6927
55.6927
55.6927
55.6927
55.6927
55.6927
55.6927
55.6927
55.6927
55.6927
55.6927
55.6927
55.6927
55.6927
55.6927
55.6927
55.6927
55.6927
55.6927
55.6927
55.6927
55.6927
55.6927
55.6927
55.6927
55.6927
55.6927
55.6927
55.6927
55.6927
55.6927
55.6927
55.6927
55.6927
55.6927
55.6927
55.6927
55.6927
55.6927
55.6927
55.6927
55.6927
55.6927
55.6927
55.6927
55.6927
55.6927
55.6927
55.6927
55.6927
55.6927
55.6927
55.6927
55.6927
55.6927
55.6927
55.6927
55.6927
55.6927
55.6927
55.6927
55.6927
55.6927
55.6927
55.6927
55.6927
55.6927
55.6927
55.6927
55.6927
55.6927
55.6927
55.6927
55.6927
55.6927
55.6927
55.6927
55.6927
55.6927
55.6927
55.6927
55.6927
55.6927
55.6927
55.6927
55.6927
55.6927
55.6927
55.6927
55.6927
55.6927
55.6927
55.6927
55.6927
55.6927
55.6927
55.6927
55.6927
55.6927
55.6927
55.6927
55.6927
55.6927
55.6927
55.6927
55.6927
55.6927
55.6927
55.6927
55.6927
55.6927
55.6927
55.6927
55.6927
55.6927
55.6927
55.6927
55.6927
55.6927
55.6927
55.6927
55.6927
55.6927
55.6927
55.6927
55.6927
55.6927
55.6927
55.6927
55.6927
55.6927
55.6927
55.6927
55.6927
55.6927
55.6927
55.6927
55.6927
55.6927
55.6927
55.6927
55.6927
55.6927
55.6927
55.6927
55.6927
55.6927
55.6927
55.6927
55.6927
55.6927
55.6927
55.6927
55.6927
55.6927
55.6927
55.6927
55.6927
55.6927
55.6927
55.6927
55.6927
55.6927
55.6927
55.6927
55.6927
55.6927
55.6927
55.6927
55.6927
55.6927
55.6927
55.6927
55.6927
55.6927
55.6927
55.6927
55.6927
55.6927
55.6927
55.6927
55.6927
55.6927
55.6927
55.6927
55.6927
55.6927
55.6927
55.6927
55.6927
55.6927
55.6927
55.6927
55.6927
55.6927
55.6927
55.6927
55.6927
55.6927
55.6927
55.6927
55.6927
55.6927
55.6927
55.6927
55.6927
55.6927
55.6927
55.6927
55.6927
55.6927
55.6927
55.6927
55.6927
55.6927
55.6927
55.6927
55.6927
55.6927
55.6927
55.6927
55.6927
55.6927
55.6927
55.6927
55.6927
55.6927
55.6927
55.6927
55.6927
55.6927
55.6927
55.6927
55.6927
55.6927
55.6927
55.6927
55.6927
55.6927
55.6927
55.6927
55.6927
55.6927
55.6927
55.6927
55.6927
55.6927
55.6927
55.6927
55.6927
55.6927
55.6927
55.6927
55.6927
55.6927
55.6927
55.6927
55.6927
55.6927
55.6927
55.6927
55.6927
55.6927
55.6927
55.6927
55.6927
55.6927
55.6927
55.6927
55.6927
55.6927
55.6927
55.6927
55.6927
55.6927
55.6927
55.6927
55.6927
55.6927
55.6927
55.6927
55.6927
55.6927
55.6927
55.6927
55.6927
55.6927
55.6927
55.6927
55.6927
55.6927
55.6927
55.6927
55.6927
55.6927
55.6927
55.6927
55.6927
55.6927
55.6927
55.6927
55.6927
55.6927
55.6927
55.6927
55.6927
55.6927
55.6927
55.6927
55.6927
55.6927
55.6927
55.6927
55.6927
55.6927
55.6927
55.6927
55.6927
55.6927
55.6927
55.6927
55.6927
55.6927
55.6927
55.6927
55.6927
55.6927
55.6927
55.6927
55.6927
55.6927
55.6927
55.6927
55.6927
55.6927
55.6927
55.6927
55.6927
55.6927
55.6927
55.6927
55.6927
55.6927
55.6927
55.6927
55.6927
55.6927
55.6927
55.6927
55.6927
55.6927
55.6927
55.6927
55.6927
55.6927
55.6927
55.6927
55.6927
55.6927
55.6927
55.6927
55.6927
55.6927
55.6927
55.6927
55.6927
55.6927
55.6927
55.6927
55.6927
55.6927
55.6927
55.6927
55.6927
55.6927
55.6927
55.6927
55.6927
55.6927
55.6927
55.6927
55.6927
55.6927
55.6927
55.6927
55.6927
55.6927
55.6927
55.6927
55.6927
55.6927
55.6927
55.6927
55.6927
55.6927
55.6927
55.6927
55.6927
55.6927
55.6927
55.6927
55.6927
55.6927
55.6927
55.6927
55.6927
55.6927
55.6927
55.6927
55.6927
55.6927
55.6927
55.6927
55.6927
55.6927
55.6927
55.6927
55.6927
55.6927
55.6927
55.6927
55.6927
55.6927
55.6927
55.6927
55.6927
55.6927
55.6927
55.6927
55.6927
55.6927
55.6927
55.6927
55.6927
55.6927
55.6927
55.6927
55.6927
55.6927
55.6927
55.6927
55.6927
55.6927
55.6927
55.6927
55.6927
55.6927
55.6927
55.6927
55.6927
55.6927
55.6927
55.6927
55.6927
55.6927
55.6927
55.6927
55.6927
55.6927
55.6927
55.6927
55.6927
55.6927
55.6927
55.6927
55.6927
55.6927
55.6927
55.6927
55.6927
55.6927
55.6927
55.6927
55.6927
55.6927
55.6927
55.6927
55.6927
55.6927
55.6927
55.6927
55.6927
55.6927
55.6927
55.6927
55.6927
55.6927
55.6927
55.6927
55.6927
55.6927
55.6927
55.6927
55.6927
55.6927
55.6927
55.6927
55.6927
55.6927
55.6927
55.6927
55.6927
55.6927
55.6927
55.6927
55.6927
55.6927
55.6927
55.6927
55.6927
55.6927
55.6927
55.6927
55.6927
55.6927
55.6927
55.6927
55.6927
55.6927
55.6927
55.6927
55.6927
55.6927
55.6927
55.6927
55.6927
55.6927
55.6927
55.6927
55.6927
55.6927
55.6927
55.6927
55.6927
55.6927
55.6927
55.6927
55.6927
55.6927
55.6927
55.6927
55.6927
55.6927
55.6927
55.6927
55.6927
55.6927
55.6927
55.6927
55.6927
55.6927
55.6927
55.6927
55.6927
55.6927
55.6927
55.6927
55.6927
55.6927
55.6927
55.6927
55.6927
55.6927
55.6927
55.6927
55.6927
55.6927
55.6927
55.6927
55.6927
55.6927
55.6927
55.6927
55.6927
55.6927
55.6927
55.6927
55.6927
55.6927
55.6927
55.6927
55.6927
55.6927
55.6927
55.6927
55.6927
55.6927
55.6927
55.6927
55.6927
55.6927
55.6927
55.6927
55.6927
55.6927
55.6927
55.6927
55.6927
55.6927
55.6927
55.6927
55.6927
55.6927
55.6927
55.6927
55.6927
55.6927
55.6927
55.6927
55.6927
55.6927
55.6927
55.6927
55.6927
55.6927
55.6927
55.6927
55.6927
55.6927
55.6927
55.6927
55.6927
55.6927
55.6927
55.6927
55.6927
55.6927
55.6927
55.6927
55.6927
55.6927
55.6927
55.6927
55.6927
55.6927
55.6927
55.6927
55.6927
55.6927
55.6927
55.6927
55.6927
55.6927
55.6927
55.6927
55.6927
55.6927
55.6927
55.6927
55.6927
55.6927
55.6927
55.6927
55.6927
55.6927
55.6927
55.6927
55.6927
55.6927
55.6927
55.6927
55.6927
55.6927
55.6927
55.6927
55.6927
55.6927
55.6927
55.6927
55.6927
55.6927
55.6927
55.6927
55.6927
55.6927
55.6927
55.6927
55.6927
55.6927
55.6927
55.6927
55.6927
55.6927
55.6927
55.6927
55.6927
55.6927
55.6927
55.6927
55.6927
55.6927
55.6927
55.6927
55.6927
55.6927
55.6927
55.6927
55.6927
55.6927
55.6927
55.6927
55.6927
55.6927
55.6927
55.6927
55.6927
55.6927
55.6927
55.6927
55.6927
55.6927
55.6927
55.6927
55.6927
55.6927
55.6927
55.6927
55.6927
55.6927
55.6927
55.6927
55.6927
55.6927
55.6927
55.6927
55.6927
55.6927
55.6927
55.6927
55.6927
55.6927
55.6927
55.6927
55.6927
55.6927
55.6927
55.6927
55.6927
55.6927
55.6927
55.6927
55.6927
55.6927
55.6927
55.6927
55.6927
55.6927
55.6927
55.6927
55.6927
55.6927
55.6927
55.6927
55.6927
55.6927
55.6927
55.6927
55.6927
55.6927
55.6927
55.6927
55.6927
55.6927
55.6927
55.6927
55.6927
55.6927
55.6927
55.6927
55.6927
55.6927
55.6927
55.6927
55.6927
55.6927
55.6927
55.6927
55.6927
55.6927
55.6927
55.6927
55.6927
55.6927
55.6927
55.6927
55.6927
55.6927
55.6927
55.6927
55.6927
55.6927
55.6927
55.6927
55.6927
55.6927
55.6927
55.6927
55.6927
55.6927
55.6927
55.6927
55.6927
55.6927
55.6927
55.6927
55.6927
55.6927
55.6927
55.6927
55.6927
55.6927
55.6927
55.6927
55.6927
55.6927
55.6927
55.6927
55.6927
55.6927
55.6927
55.6927
55.6927
55.6927
55.6927
55.6927
55.6927
55.6927
55.6927
55.6927
55.6927
55.6927
55.6927
55.6927
55.6927
55.6927
55.6927
55.6927
55.6927
55.6927
55.6927
55.6927
55.6927
55.6927
55.6927
55.6927
55.6927
55.6927
55.6927
55.6927
55.6927
55.6927
55.6927
55.6927
55.6927
55.6927
55.6927
55.6927
55.6927
55.6927
55.6927
55.6927
55.6927
55.6927
55.6927
55.6927
55.6927
55.6927
55.6927
55.6927
55.6927
55.6927
55.6927
55.6927
55.6927
55.6927
55.6927
55.6927
55.6927
55.6927
55.6927
55.6927
55.6927
55.6927
55.6927
55.6927
55.6927
55.6927
55.6927
55.6927
55.6927
55.6927
55.6927
55.6927
55.6927
55.6927
55.6927
55.6927
55.6927
55.6927
55.6927
55.6927
55.6927
55.6927
55.6927
55.6927
55.6927
55.6927
55.6927
55.6927
55.6927
55.6927
55.6927
55.6927
55.6927
55.6927
55.6927
55.6927
55.6927
55.6927
55.6927
55.6927
55.6927
55.6927
55.6927
55.6927
55.6927
55.6927
55.6927
55.6927
55.6927
55.6927
55.6927
55.6927
55.6927
55.6927
55.6927
55.6927
55.6927
55.6927
55.6927
55.6927
55.6927
55.6927
55.6927
55.6927
55.6927
55.6927
55.6927
55.6927
55.6927
55.6927
55.6927
55.6927
55.6927
55.6927
55.6927
55.6927
55.6927
55.6927
55.6927
55.6927
55.6927
55.6927
55.6927
55.6927
55.6927
55.6927
55.6927
55.6927
55.6927
55.6927
55.6927
55.6927
55.6927
55.6927
55.6927
55.6927
55.6927
55.6927
55.6927
55.6927
55.6927
55.6927
55.6927
55.6927
55.6927
55.6927
55.6927
55.6927
55.6927
55.6927
55.6927
55.6927
55.6927
55.6927
55.6927
55.6927
55.6927
55.6927
55.6927
55.6927
55.6927
55.6927
55.6927
55.6927
55.6927
55.6927
55.6927
55.6927
55.6927
55.6927
55.6927
55.6927
55.6927
55.6927
55.6927
55.6927
55.6927
55.6927
55.6927
55.6927
55.6927
55.6927
55.6927
55.6927
55.6927
55.6927
55.6927
55.6927
55.6927
55.6927
55.6927
55.6927
55.6927
55.6927
55.6927
55.6927
55.6927
55.6927
55.6927
55.6927
55.6927
55.6927
55.6927
55.6927
55.6927
55.6927
55.6927
55.6927
55.6927
55.6927
55.6927
55.6927
55.6927
55.6927
55.6927
55.6927
55.6927
55.6927
55.6927
55.6927
55.6927
55.6927
55.6927
55.6927
55.6927
55.6927
55.6927
55.6927
55.6927
55.6927
55.6927
55.6927
55.6927
55.6927
55.6927
55.6927
55.6927
55.6927
55.6927
55.6927
55.6927
55.6927
55.6927
55.6927
55.6927
55.6927
55.6927
55.6927
55.6927
55.6927
55.6927
55.6927
55.6927
55.6927
55.6927
55.6927
55.6927
55.6927
55.6927
55.6927
55.6927
55.6927
55.6927
55.6927
55.6927
55.6927
55.6927
55.6927
55.6927
55.6927
55.6927
55.6927
55.6927
55.6927
55.6927
55.6927
55.6927
55.6927
55.6927
55.6927
55.6927
55.6927
55.6927
55.6927
55.6927
55.6927
55.6927
55.6927
55.6927
55.6927
55.6927
55.6927
55.6927
55.6927
55.6927
55.6927
55.6927
55.6927
55.6927
55.6927
55.6927
55.6927
55.6927
55.6927
55.6927
55.6927
55.6927
55.6927
55.6927
55.6927
55.6927
55.6927
55.6927
55.6927
55.6927
55.6927
55.6927
55.6927
55.6927
55.6927
55.6927
55.6927
55.6927
55.6927
55.6927
55.6927
55.6927
55.6927
55.6927
55.6927
55.6927
55.6927
55.6927
55.6927
55.6927
55.6927
55.6927
55.6927
55.6927
55.6927
55.6927
55.6927
55.6927
55.6927
55.6927
55.6927
55.6927
55.6927
55.6927
55.6927
55.6927
55.6927
55.6927
55.6927
55.6927
55.6927
55.6927
55.6927
55.6927
55.6927
55.6927
55.6927
55.6927
55.6927
55.6927
55.6927
55.6927
55.6927
55.6927
55.6927
55.6927
55.6927
55.6927
55.6927
55.6927
55.6927
55.6927
55.6927
55.6927
55.6927
55.6927
55.6927
55.6927
55.6927
55.6927
55.6927
55.6927
55.6927
55.6927
55.6927
55.6927
55.6927
55.6927
55.6927
55.6927
55.6927
55.6927
55.6927
55.6927
55.6927
55.6927
55.6927
55.6927
55.6927
55.6927
55.6927
55.6927
55.6927
55.6927
55.6927
55.6927
55.6927
55.6927
55.6927
55.6927
55.6927
55.6927
55.6927
55.6927
55.6927
55.6927
55.6927
55.6927
55.6927
55.6927
55.6927
55.6927
55.6927
55.6927
55.6927
55.6927
55.6927
55.6927
55.6927
55.6927
55.6927
55.6927
55.6927
55.6927
55.6927
55.6927
55.6927
55.6927
55.6927
55.6927
55.6927
55.6927
55.6927
55.6927
55.6927
55.6927
55.6927
55.6927
55.6927
55.6927
55.6927
55.6927
55.6927
55.6927
55.6927
55.6927
55.6927
55.6927
55.6927
55.6927
55.6927
55.6927
55.6927
55.6927
55.6927
55.6927
55.6927
55.6927
55.6927
55.6927
55.6927
55.6927
55.6927
55.6927
55.6927
55.6927
55.6927
55.6927
55.6927
55.6927
55.6927
55.6927
55.6927
55.6927
55.6927
55.6927
55.6927
55.6927
55.6927
55.6927
55.6927
55.6927
55.6927
55.6927
55.6927
55.6927
55.6927
55.6927
55.6927
55.6927
55.6927
55.6927
55.6927
55.6927
55.6927
55.6927
55.6927
55.6927
55.6927
55.6927
55.6927
55.6927
55.6927
55.6927
55.6927
55.6927
55.6927
55.6927
55.6927
55.6927
55.6927
55.6927
55.6927
55.6927
55.6927
55.6927
55.6927
55.6927
55.6927
55.6927
55.6927
55.6927
55.6927
55.6927
55.6927
55.6927
55.6927
55.6927
55.6927
55.6927
55.6927
55.6927
55.6927
55.6927
55.6927
55.6927
55.6927
55.6927
55.6927
55.6927
55.6927
55.6927
55.6927
55.6927
55.6927
55.6927
55.6927
55.6927
55.6927
55.6927
55.6927
55.6927
55.6927
55.6927
55.6927
55.6927
55.6927
55.6927
55.6927
55.6927
55.6927
55.6927
55.6927
55.6927
55.6927
55.6927
55.6927
55.6927
55.6927
55.6927
55.6927
55.6927
55.6927
55.6927
55.6927
55.6927
55.6927
55.6927
55.6927
55.6927
55.6927
55.6927
55.6927
55.6927
55.6927
55.6927
55.6927
55.6927
55.6927
55.6927
55.6927
55.6927
55.6927
55.6927
55.6927
55.6927
55.6927
55.6927
55.6927
55.6927
55.6927
55.6927
55.6927
55.6927
55.6927
55.6927
55.6927
55.6927
55.6927
55.6927
55.6927
55.6927
55.6927
55.6927
55.6927
55.6927
55.6927
55.6927
55.6927
55.6927
55.6927
55.6927
55.6927
55.6927
55.6927
55.6927
55.6927
55.6927
55.6927
55.6927
55.6927
55.6927
55.6927
55.6927
55.6927
55.6927
55.6927
55.6927
55.6927
55.6927
55.6927
55.6927
55.6927
55.6927
55.6927
55.6927
55.6927
55.6927
55.6927
55.6927
55.6927
55.6927
55.6927
55.6927
55.6927
55.6927
55.6927
55.6927
55.6927
55.6927
55.6927
55.6927
55.6927
55.6927
55.6927
55.6927
55.6927
55.6927
55.6927
55.6927
55.6927
55.6927
55.6927
55.6927
55.6927
55.6927
55.6927
55.6927
55.6927
55.6927
55.6927
55.6927
55.6927
55.6927
55.6927
55.6927
55.6927
55.6927
55.6927
55.6927
55.6927
55.6927
55.6927
55.6927
55.6927
55.6927
55.6927
55.6927
55.6927
55.6927
55.6927
55.6927
55.6927
55.6927
55.6927
