# best half averages
51.5356
46.6585
41.1132
36.3389
32.4516
27.7928
25.0707
23.739
22.3713
19.9956
18.6114
18.1428
17.6
16.8229
16.3063
15.7272
15.5069
14.6263
14.0455
13.9684
13.7139
13.4412
12.9332
12.7813
12.4868
11.9619
11.6624
11.456
11.1192
9.6619
9.42175
9.25024
8.94124
8.67452
8.24806
8.20138
8.18674
8.13965
8.07676
7.87837
7.76586
7.65121
7.52208
7.18634
7.05208
6.6817
6.49751
6.37207
6.28055
6.28055
6.27413
6.27779
6.2489
6.16924
6.03875
5.60214
5.38683
5.34987
5.28675
5.25554
5.14646
4.97658
4.96077
4.94575
4.94575
4.94213
4.93491
4.89874
4.80628
4.78942
4.77461
4.71179
4.4894
4.41218
4.39645
4.34995
4.26518
4.15392
3.90794
3.77856
3.775
3.76469
3.75586
3.75461
3.75211
3.72415
3.65897
3.49786
3.32279
3.32279
3.32271
3.32279
3.31922
3.30419
3.27271
3.19751
3.14444
3.14422
3.14342
3.14342
3.14342
3.14034
3.13726
3.11512
3.09015
3.08656
3.07589
3.06033
3.05778
3.04501
3.0155
2.9671
2.96241
2.95563
2.93656
2.92347
2.88288
2.8223
2.73971
2.73357
2.72506
2.71987
2.71986
2.71984
2.71979
2.71979
2.71979
2.71979
2.71979
2.71972
2.71964
2.71936
2.71835
2.71642
2.7162
2.7162
2.7162
2.7162
2.71291
2.7162
2.7105
2.7048
2.6991
2.68297
2.65765
2.57537
2.4294
2.42677
2.40217
2.38998
2.34899
2.24629
2.22612
2.22611
2.22608
2.22603
2.226
2.226
2.226
2.22585
2.22563
2.22531
2.22516
2.22419
2.22031
2.21646
2.21262
2.20108
2.17285
2.12608
2.12608
2.12608
2.12608
2.12608
2.12608
2.12608
2.12608
2.12927
2.12608
2.12737
2.24017
2.12608
2.12608
2.12608
2.12608
2.12591
2.12575
2.12573
2.12567
2.12504
2.12426
2.12277
2.12013
2.11779
2.11779
2.11779
2.11779
2.11779
2.11779
2.11779
2.11779
2.11779
2.11779
2.11779
2.11779
2.11779
2.11779
2.11779
2.11779
2.11779
2.11779
2.11779
2.11779
2.11779
2.11779
2.11779
2.11779
2.11779
2.11779
2.11779
2.11779
2.11779
2.11779
2.11779
2.11779
2.11779
2.11761
2.11726
2.11726
2.11709
2.11709
2.11673
2.11498
2.11322
2.10952
2.109
2.109
2.109
2.109
2.109
2.109
2.109
2.109
2.109
2.109
2.109
2.109
2.109
2.109
2.109
2.109
2.109
2.109
2.109
2.109
2.109
2.109
2.109
2.109
2.109
2.109
2.109
2.109
2.109
2.10894
2.10884
2.10878
2.10873
2.10862
2.10862
2.10788
2.1066
2.10633
2.10633
2.10633
2.10633
2.10633
2.10633
2.10633
2.10633
2.10633
2.10633
2.10633
2.10633
2.10633
2.10633
2.10633
2.10633
2.10633
2.10633
2.10633
2.10633
2.10633
2.10633
2.10633
2.10633
2.10633
2.10633
2.10633
2.10633
2.10633
2.10633
2.10633
2.10633
2.10633
2.10633
2.10633
2.10622
2.10633
2.10633
2.10633
2.10622
2.10622
2.10568
2.10504
2.10407
2.10203
2.10096
2.10096
2.10096
2.10096
2.10096
2.10096
2.10096
2.10096
2.10096
2.10096
2.10096
2.10096
2.10096
2.10096
2.10096
2.10096
2.10096
2.10096
2.10096
2.10096
2.10096
2.10096
2.10096
2.10096
2.10096
2.10096
2.10096
2.10096
2.10096
2.10096
2.10096
2.10096
2.10096
2.10096
2.10096
2.10096
2.10096
2.10096
2.10096
2.10096
2.10096
2.10096
2.10096
2.10096
2.10096
2.10096
2.10096
2.10096
2.10096
2.10096
2.10096
2.10096
2.10096
2.10096
2.10096
2.10096
2.10096
2.10096
2.10096
2.10096
2.10096
2.10096
2.10096
2.10096
2.10096
2.10096
2.10096
2.10096
2.10096
2.10096
2.10096
2.10096
2.10096
2.10096
2.10096
2.10096
2.10096
2.10096
2.10096
2.10096
2.10096
2.10096
2.10096
2.10096
2.10096
2.10096
2.10096
2.10096
2.10096
2.10096
2.10096
2.10096
2.10096
2.10096
2.10096
2.10096
2.10096
2.10096
2.10096
2.10096
2.10096
2.10096
2.10096
2.10096
2.10096
2.10096
2.10096
2.10096
2.10096
2.10096
2.10096
2.10096
2.10096
2.10096
2.10096
2.10096
2.10096
2.10096
2.10096
2.10096
2.10096
2.10096
2.10096
2.10096
2.10096
2.10096
2.10096
2.10096
2.10096
2.10096
2.10096
2.10096
2.10096
2.10096
2.10096
2.10096
2.10096
2.10096
2.10096
2.10096
2.10096
2.10096
2.10096
2.10096
2.10096
2.10096
2.10096
2.10096
2.10096
2.10096
2.10096
2.10096
2.10096
2.10096
2.10096
2.10096
2.10096
2.10096
2.10096
2.10096
2.10096
2.10096
2.10096
2.10096
2.10096
2.10096
2.10096
2.10096
2.10096
2.10096
2.10096
2.10096
2.10096
2.10096
2.10096
2.10096
2.10096
2.10096
2.10096
2.10096
2.10096
2.10096
2.10096
2.10096
2.10096
2.10096
2.10096
2.10096
2.10096
2.10096
2.10096
2.10096
2.10096
2.10096
2.10096
2.10096
2.10096
2.10096
2.10096
2.10096
2.10096
2.10096
2.10096
2.10096
2.10096
2.10096
2.10096
2.10096
2.10096
2.10096
2.10096
2.10096
2.10096
2.10096
2.10096
2.10096
2.10096
2.10096
2.10096
2.10096
2.10096
2.10096
2.10096
2.10096
2.10096
2.10096
2.10096
2.10096
2.10096
2.10096
2.10096
2.10096
2.10096
2.10096
2.10096
2.10096
2.10096
2.10096
2.10096
2.10096
2.10096
2.10096
2.10096
2.10096
2.10096
2.10096
2.10096
2.10096
2.10096
2.10096
2.10096
2.10096
2.10096
2.10096
2.10096
2.10096
2.10096
2.10096
2.10096
2.10096
2.10096
2.10096
2.10096
2.10096
2.10096
2.10096
2.10096
2.10096
2.10096
2.10096
2.10096
2.10096
2.10096
2.10096
2.10096
2.10096
2.10096
2.10096
2.10096
2.10096
2.10096
2.10096
2.10096
2.10096
2.10096
2.10096
2.10096
2.10096
2.10096
2.10096
2.10096
2.10096
2.10096
2.10096
2.10096
2.10096
2.10096
2.10096
2.10096
2.10096
2.10096
2.10096
2.10096
2.10096
2.10096
2.10096
2.10096
2.10096
2.10096
2.10096
2.10096
2.10096
2.10096
2.10096
2.10096
2.10096
2.10096
2.10096
2.10096
2.10096
2.10096
2.10096
2.10096
2.10096
2.10096
2.10096
2.10096
2.10096
2.10096
2.10096
2.10096
2.10096
2.10096
2.10096
2.10096
2.10096
2.10096
2.10096
2.10096
2.10096
2.10096
2.10096
2.10096
2.10096
2.10096
2.10096
2.10096
2.10096
2.10096
2.10096
2.10096
2.10096
2.10096
2.10096
2.10096
2.10096
2.10096
2.10096
2.10096
2.10096
2.10096
2.10096
2.10096
2.10096
2.10096
2.10096
2.10096
2.10096
2.10096
2.10096
2.10096
2.10096
2.10096
2.10096
2.10096
2.10096
2.10096
2.10096
2.10096
2.10096
2.10096
2.10096
2.10096
2.10096
2.10096
2.10096
2.10096
2.10096
2.10096
2.10096
2.10096
2.10096
2.10096
2.10096
2.10096
2.10096
2.10096
2.10096
2.10096
2.10096
2.10096
2.10096
2.10096
2.10096
2.10096
2.10096
2.10096
2.10096
2.10096
2.10096
2.10096
2.10096
2.10096
2.10096
2.10096
2.10096
2.10096
2.10096
2.10096
2.10096
2.10096
2.10096
2.10096
2.10096
2.10096
2.10096
2.10096
2.10096
2.10096
2.10096
2.10096
2.10096
2.10096
2.10096
2.10096
2.10096
2.10096
2.10096
2.10096
2.10096
2.10096
2.10096
2.10096
2.10096
2.10096
2.10096
2.10096
2.10096
2.10096
2.10096
2.10096
2.10096
2.10096
2.10096
2.10096
2.10096
2.10096
2.10096
2.10096
2.10096
2.10096
2.10096
2.10096
2.10096
2.10096
2.10096
2.10096
2.10096
2.10096
2.10096
2.10096
2.10096
2.10096
2.10096
2.10096
2.10096
2.10096
2.10096
2.10096
2.10096
2.10096
2.10096
2.10096
2.10096
2.10096
2.10096
2.10096
2.10096
2.10096
2.10096
2.10096
2.10096
2.10096
2.10096
2.10096
2.10096
2.10096
2.10096
2.10096
2.10096
2.10096
2.10096
2.10096
2.10096
2.10096
2.10096
2.10096
2.10096
2.10096
2.10096
2.10096
2.10096
2.10096
2.10096
2.10096
2.10096
2.10096
2.10096
2.10096
2.10096
2.10096
2.10096
2.10096
2.10096
2.10096
2.10096
2.10096
2.10096
2.10096
2.10096
2.10096
2.10096
2.10096
2.10096
2.10096
2.10096
2.10096
2.10096
2.10096
2.10096
2.10096
2.10096
2.10096
2.10096
2.10096
2.10096
2.10096
2.10096
2.10096
2.10096
2.10096
2.10096
2.10096
2.10096
2.10096
2.10096
2.10096
2.10096
2.10096
2.10096
2.10096
2.10096
2.10096
2.10096
2.10096
2.10096
2.10096
2.10096
2.10096
2.10096
2.10096
2.10096
2.10096
2.10096
2.10096
2.10096
2.10096
2.10096
2.10096
2.10096
2.10096
2.10096
2.10096
2.10096
2.10096
2.10096
2.10096
2.10096
2.10096
2.10096
2.10096
2.10096
2.10096
2.10096
2.10096
2.10096
2.10096
2.10096
2.10096
2.10096
2.10096
2.10096
2.10096
2.10096
2.10096
2.10096
2.10096
2.10096
2.10096
2.10096
2.10096
2.10096
2.10096
2.10096
2.10096
2.10096
2.10096
2.10096
2.10096
2.10096
2.10096
2.10096
2.10096
2.10096
2.10096
2.10096
2.10096
2.10096
2.10096
2.10096
2.10096
2.10096
2.10096
2.10096
2.10096
2.10096
2.10096
2.10096
2.10096
2.10096
2.10096
2.10096
2.10096
2.10096
2.10096
2.10096
2.10096
2.10096
2.10096
2.10096
2.10096
2.10096
2.10096
2.10096
2.10096
2.10096
2.10096
2.10096
2.10096
2.10096
2.10096
2.10096
2.10096
2.10096
2.10096
2.10096
2.10096
2.10096
2.10096
2.10096
2.10096
2.10096
2.10096
2.10096
2.10096
2.10096
2.10096
2.10096
2.10096
2.10096
2.10096
2.10096
2.10096
