# best half averages
51.8252
47.6606
45.5785
42.8936
39.135
36.251
33.6033
30.7284
30.2765
28.6894
27.4794
25.5643
22.8502
21.833
21.6247
20.363
19.8407
19.0804
18.0425
17.8512
17.2855
16.6252
15.9602
15.3938
14.959
14.5924
14.511
14.1661
14.0218
13.8282
12.7654
11.724
11.7146
11.6215
11.4526
11.3493
11.1464
11.0702
10.8122
10.5242
10.2258
9.88283
9.69107
9.4649
9.28076
9.17408
8.71655
8.70807
8.70643
8.69734
8.66416
8.58911
8.53826
8.44133
8.36693
8.3464
8.15427
7.86404
7.86007
7.84578
7.78128
7.6593
7.56176
7.47118
7.44751
7.44241
7.4197
7.40436
7.40436
7.40436
7.40436
7.40228
7.39812
7.38147
7.32569
7.29601
7.2827
7.2687
7.26828
7.26436
7.25959
7.25959
7.25959
7.25959
7.25578
7.24054
7.19141
7.05205
6.9919
6.98402
6.98402
6.97981
6.95819
7.03229
6.80695
6.77332
6.77126
6.76251
6.73691
6.72064
6.70551
6.70551
6.70551
6.70551
6.70375
6.6985
6.66816
6.59749
6.53288
6.53288
6.53288
6.53274
6.5326
6.53189
6.52864
6.51855
6.51578
6.46283
6.24842
6.16292
6.16258
6.16258
6.16093
6.15429
6.14501
6.1419
6.13465
6.09526
6.09423
6.09423
6.09423
6.09423
6.09423
6.09423
6.09423
6.09308
6.09308
6.0893
6.07592
6.02933
6.01808
6.01013
5.99892
5.95885
5.94555
5.94555
5.94555
5.94555
5.94555
5.94555
5.94555
5.94555
5.94555
5.94555
5.94555
5.94555
5.94555
5.94555
5.94548
5.94529
5.9447
5.94229
5.94229
5.94219
5.94167
5.95285
5.93735
5.93735
5.93735
5.93735
5.93735
5.93582
5.9339
5.91861
5.86623
5.86089
5.86089
5.86089
5.86089
5.86089
5.86089
5.86089
5.86089
5.86084
5.86089
5.86089
5.86089
5.86089
5.86089
5.86089
5.86089
5.86089
5.86089
5.86089
5.86089
5.86089
5.86089
5.86089
5.86075
5.86061
5.86048
5.85965
5.85648
5.85397
5.85387
5.85352
5.85228
5.85228
5.85228
5.85228
5.85228
5.85228
5.85228
5.85228
5.85228
5.85228
5.85228
5.85228
5.85228
5.85228
5.85228
5.85228
5.85228
5.85228
5.85228
5.85228
5.85228
5.85228
5.85228
5.85228
5.85228
5.85228
5.85228
5.85228
5.85228
5.85228
5.85228
5.85228
5.85226
5.85218
5.85182
5.85099
5.85099
5.85099
5.85099
5.85046
5.84887
5.8441
5.83312
5.82451
5.82451
5.82451
5.82451
5.82451
5.82334
5.82217
5.81984
5.79537
5.76618
5.76618
5.76618
5.76618
5.76618
5.76618
5.76618
5.76618
5.76618
5.76618
5.76618
5.76618
5.76618
5.76443
5.76093
5.7399
5.67857
5.67857
5.67857
5.67857
5.67857
5.67857
5.67857
5.67857
5.67857
5.67764
5.67578
5.66927
5.63578
5.63206
5.63206
5.63206
5.63206
5.63206
5.63206
5.63206
5.63206
5.63206
5.63206
5.63206
5.63206
5.63206
5.63206
5.63206
5.63206
5.63206
5.63206
5.63206
5.63206
5.63206
5.63206
5.63206
5.63206
5.63206
5.63206
5.63206
5.63206
5.63206
5.63206
5.63206
5.63206
5.63206
5.63206
5.63206
5.63206
5.63206
5.63206
5.63206
5.63206
5.63206
5.63206
5.63206
5.63206
5.63206
5.63206
5.63206
5.63206
5.63206
5.63206
5.63206
5.63206
5.63206
5.63206
5.63206
5.63206
5.63206
5.63206
5.63206
5.63206
5.63206
5.63206
5.63206
5.63206
5.63206
5.63206
5.63206
5.63206
5.63206
5.63206
5.63206
5.63206
5.63206
5.63206
5.63206
5.63206
5.63206
5.63206
5.63206
5.63206
5.63206
5.63196
5.63166
5.63018
5.62712
5.62712
5.62712
5.62712
5.62712
5.62712
5.62712
5.62712
5.62712
5.62712
5.62712
5.62712
5.62712
5.62712
5.62712
5.62712
5.62712
5.62712
5.62712
5.62712
5.62712
5.62712
5.62712
5.62712
5.62712
5.62712
5.62712
5.62712
5.62712
5.62712
5.62712
5.62712
5.62712
5.62712
5.62712
5.62712
5.62712
5.62712
5.62712
5.62712
5.62712
5.62712
5.62712
5.62712
5.62712
5.62712
5.62711
5.62711
5.62711
5.62706
5.62692
5.62654
5.62645
5.62629
5.62578
5.62277
5.62235
5.62235
5.62235
5.62235
5.62235
5.62235
5.62235
5.62235
5.62235
5.62235
5.62235
5.62235
5.62235
5.62235
5.62235
5.62235
5.62235
5.62235
5.62235
5.62235
5.62235
5.62235
5.62235
5.62235
5.62235
5.62235
5.62235
5.62235
5.62235
5.62235
5.62235
5.62235
5.62235
5.62235
5.62235
5.62235
5.62235
5.62235
5.62235
5.62235
5.62235
5.62235
5.62235
5.62235
5.62235
5.62235
5.62235
5.62235
5.62235
5.62235
5.62235
5.62235
5.62235
5.62235
5.62235
5.62235
5.62235
5.62235
5.62235
5.62235
5.62235
5.62235
5.62235
5.62235
5.62235
5.62235
5.62235
5.62235
5.62235
5.62235
5.62235
5.62235
5.62486
5.62235
5.62235
5.62235
5.62235
5.62235
5.62235
5.62235
5.62235
5.62235
5.62235
5.62235
5.62235
5.62235
5.62235
5.62224
5.6218
5.62072
5.61691
5.61691
5.61691
5.61691
5.61691
5.61691
5.61691
5.61691
5.61691
5.61691
5.61691
5.61691
5.61691
5.61691
5.61691
5.61691
5.61691
5.61691
5.61691
5.61691
5.61691
5.61691
5.61691
5.61691
5.61691
5.61691
5.61691
5.6168
5.61668
5.61588
5.61251
5.61121
5.61121
5.61121
5.61121
5.61121
5.61121
5.61121
5.61121
5.61121
5.61121
5.61121
5.61121
5.61121
5.61121
5.61121
5.61121
5.61121
5.61121
5.61121
5.61121
5.61121
5.61121
5.61121
5.61121
5.61121
5.61121
5.61121
5.61121
5.61121
5.61121
5.61121
5.61121
5.61121
5.61121
5.61121
5.61121
5.61121
5.61121
5.61121
5.61121
5.61121
5.61121
5.61121
5.61121
5.61121
5.61121
5.61121
5.61121
5.61121
5.61121
5.61121
5.61121
5.61121
5.61121
5.61121
5.61121
5.61121
5.61121
5.61121
5.61121
5.61121
5.61121
5.61121
5.61121
5.61121
5.61121
5.61121
5.61121
5.61121
5.61121
5.61121
5.61121
5.61121
5.61121
5.61121
5.61121
5.61121
5.61121
5.61121
5.61121
5.61121
5.61121
5.61121
5.61121
5.61121
5.61121
5.61121
5.61121
5.61121
5.61121
5.61121
5.61121
5.61121
5.61121
5.61121
5.61121
5.61121
5.61121
5.61121
5.61121
5.61121
5.61121
5.61121
5.61121
5.61121
5.61121
5.61121
5.61121
5.61121
5.61121
5.61121
5.61121
5.61121
5.61121
5.61121
5.61121
5.61121
5.61121
5.61121
5.61121
5.61121
5.61121
5.61121
5.61121
5.61121
5.61121
5.61121
5.61121
5.61121
5.61121
5.61121
5.61121
5.61121
5.61121
5.61121
5.61121
5.61121
5.61121
5.61121
5.61121
5.61121
5.61121
5.61121
5.61121
5.61121
5.61121
5.61121
5.61121
5.61121
5.61121
5.61121
5.61121
5.61121
5.61121
5.61121
5.61121
5.61121
5.61121
5.61121
5.61121
5.61121
5.61121
5.61121
5.61121
5.61121
5.61121
5.61121
5.61121
5.61121
5.61121
5.61121
5.61121
5.61121
5.61121
5.61121
5.61121
5.61121
5.61121
5.61121
5.61121
5.61121
5.61121
5.61121
5.61121
5.61121
5.61121
5.61121
5.61121
5.61121
5.61121
5.61121
5.61121
5.61121
5.61121
5.61121
5.61121
5.61121
5.61121
5.61121
5.61121
5.61121
5.61121
5.61121
5.61121
5.61121
5.61121
5.61121
5.61121
5.61121
5.61121
5.61121
5.61121
5.61121
5.61121
5.61121
5.61121
5.61121
5.61121
5.61121
5.61121
5.61121
5.61121
5.61121
5.61121
5.61121
5.61121
5.61121
5.61121
5.61121
5.61121
5.61121
5.61121
5.61121
5.61121
5.61121
5.61121
5.61121
5.61121
5.61121
5.61121
5.61121
5.61121
5.61121
5.61121
5.61121
5.61121
5.61121
5.61121
5.61121
5.61121
5.61121
5.61121
5.61121
5.61121
5.61121
5.61121
5.61121
5.61121
5.61121
5.61121
5.61121
5.61121
5.61121
5.61121
5.61121
5.61121
5.61121
5.61121
5.61121
5.61121
5.61121
5.61121
5.61121
5.61121
5.61121
5.61121
5.61121
5.61121
5.61121
5.61121
5.61121
5.61121
5.61121
5.61121
5.61121
5.61121
5.61121
5.61121
5.61121
5.61121
5.61121
5.61121
5.61121
5.61121
5.61121
5.61121
5.61121
5.61121
5.61121
5.61121
5.61121
5.61121
5.61121
5.61121
5.61121
5.61121
5.61121
5.61121
5.61121
5.61121
5.61121
5.61121
5.61121
5.61121
5.61121
5.61121
5.61121
5.61121
5.61121
5.61121
5.61121
5.61121
5.61121
5.61121
5.61121
5.61121
5.61121
5.61121
5.61121
5.61121
5.61121
5.61121
5.61121
5.61121
5.61121
5.61121
5.61121
5.61121
5.61121
5.61121
5.61121
5.61121
5.61121
5.61121
5.61121
5.61121
5.61121
5.61121
5.61121
5.61121
5.61121
5.61121
5.61121
5.61121
5.61121
5.61121
5.61121
5.61121
5.61121
5.61121
5.61121
5.61121
5.61121
5.61121
5.61121
5.61121
5.61121
5.61121
5.61121
5.61121
5.61121
5.61121
5.61121
5.61121
5.61121
5.61121
5.61121
5.61121
5.61121
5.61121
5.61121
5.61121
5.61121
5.61121
5.61121
5.61121
5.61121
5.61121
5.61121
5.61121
5.61121
5.61121
5.61121
5.61121
5.61121
5.61121
5.61121
5.61121
5.61121
5.61121
5.61121
5.61121
5.61121
5.61121
5.61121
5.61121
5.61121
5.61121
5.61121
5.61121
5.61121
5.61121
5.61121
5.61121
5.61121
5.61121
5.61121
5.61121
5.61121
5.61121
5.61121
5.61121
5.61121
5.61121
5.61121
5.61121
5.61121
5.61121
5.61121
5.61121
5.61121
5.61121
5.61121
5.61121
5.61121
5.61121
5.61121
5.61121
5.61121
5.61121
5.61121
5.61121
5.61121
5.61121
5.61121
5.61121
5.61121
5.61121
5.61121
5.61121
5.61121
5.61121
