# best half averages
51.8133
48.8185
45.3629
41.1855
36.8503
33.5027
30.955
29.4246
26.401
24.5387
23.9872
23.7212
23.6727
23.5644
22.562
21.5213
20.418
19.5345
19.0794
17.586
16.9711
16.5554
16.0277
15.7763
15.6062
15.2473
15.1821
15.1725
14.9405
14.8449
14.785
14.7956
14.5154
14.086
13.7524
13.1605
13.1544
13.1332
13.0896
12.9592
12.9324
12.8365
12.518
12.1087
12.018
11.6901
11.5028
11.4991
11.4559
11.2914
11.1325
10.7077
10.2734
9.80228
9.63119
9.56387
9.34508
9.1643
8.98551
8.90803
8.87674
8.76152
8.54726
8.28835
8.17043
7.87055
7.72016
7.71739
7.73461
7.64691
7.53319
7.41658
7.40503
7.36969
7.22951
7.22915
7.22735
7.22495
7.21155
7.21155
7.21154
7.2115
7.2114
7.21108
7.21108
7.21108
7.21035
7.20835
7.19652
7.16989
7.1536
7.11553
7.11218
7.09551
7.07443
7.07443
7.07394
7.072
7.06622
7.04795
7.04222
7.02817
7.02817
7.02798
7.02666
7.02119
7.01874
7.01874
7.01874
7.01766
7.0138
6.99952
6.95722
6.94261
6.8941
6.79002
6.78957
6.78825
6.78294
6.76791
6.76791
6.76791
6.76477
6.75475
6.73191
6.60526
6.58327
6.58004
6.5791
6.57692
6.56988
6.56964
6.56964
6.56964
6.56964
6.56964
6.56642
6.55546
6.53052
6.40833
6.40807
6.40695
6.40583
6.40814
6.40575
6.4057
6.40561
6.4051
6.40343
6.40343
6.40343
6.40343
6.40343
6.40343
6.40343
6.40343
6.42511
6.40343
6.40343
6.40343
6.40343
6.40343
6.40343
6.40343
6.40343
6.40343
6.40343
6.4034
6.4034
6.40336
6.40314
6.40258
6.40224
6.40224
6.40224
6.40224
6.40196
6.40025
6.39029
6.38801
6.38801
6.38801
6.38801
6.38801
6.38801
6.38801
6.38801
6.38801
6.38801
6.38801
6.38801
6.38801
6.38801
6.38801
6.38801
6.38801
6.38801
6.38801
6.38801
6.38697
6.38279
6.36935
6.33582
6.33582
6.33582
6.33582
6.33546
6.33364
6.32709
6.31763
6.31763
6.31763
6.31763
6.31763
6.31763
6.31763
6.31763
6.31763
6.31763
6.31763
6.31763
6.31763
6.31763
6.31763
6.31763
6.31763
6.31763
6.31763
6.31763
6.31763
6.31763
6.31763
6.31763
6.31763
6.31763
6.31763
6.31763
6.31763
6.31763
6.31763
6.31763
6.31763
6.31763
6.31763
6.31763
6.31763
6.31763
6.31763
6.31763
6.31763
6.31763
6.31763
6.31763
6.31763
6.31763
6.31763
6.31763
6.31763
6.31763
6.3175
6.31725
6.31573
6.3113
6.3113
6.3113
6.3113
6.3113
6.31129
6.31129
6.31124
6.31114
6.31113
6.31113
6.31113
6.31113
6.31113
6.31113
6.31113
6.31113
6.31113
6.31113
6.31113
6.31113
6.31113
6.31104
6.31075
6.30988
6.30632
6.30632
6.30632
6.30632
6.30632
6.30632
6.30632
6.30632
6.30632
6.30632
6.30632
6.30632
6.30632
6.30632
6.30632
6.30632
6.30632
6.30632
6.30632
6.30632
6.30632
6.30632
6.30632
6.30632
6.30632
6.30632
6.30632
6.30632
6.30632
6.30632
6.30632
6.30632
6.30632
6.30632
6.30632
6.30632
6.30632
6.30632
6.30632
6.30632
6.30632
6.30632
6.30632
6.30632
6.30632
6.30632
6.30632
6.30632
6.30632
6.30632
6.30632
6.30632
6.30632
6.30632
6.30632
6.30632
6.30632
6.30632
6.30632
6.30632
6.30632
6.30632
6.30632
6.30632
6.30632
6.30632
6.30632
6.30632
6.30632
6.30632
6.30632
6.30632
6.30632
6.30632
6.30632
6.30632
6.30632
6.30632
6.30632
6.30632
6.30632
6.30632
6.30632
6.30632
6.30632
6.30632
6.30631
6.30628
6.30619
6.30619
6.30619
6.30619
6.30619
6.30619
6.30619
6.30619
6.30619
6.30619
6.30619
6.30619
6.30619
6.30619
6.30619
6.30619
6.30619
6.30619
6.30619
6.30619
6.30619
6.30619
6.30619
6.30619
6.30619
6.30619
6.30619
6.30619
6.30619
6.30619
6.30619
6.30619
6.30619
6.30619
6.30619
6.30619
6.30619
6.30619
6.30619
6.30619
6.30619
6.30619
6.30619
6.30619
6.30619
6.30619
6.30619
6.30619
6.30619
6.30619
6.30619
6.30619
6.30619
6.30619
6.30619
6.30619
6.30619
6.30619
6.30619
6.30619
6.30619
6.30619
6.30619
6.30619
6.30619
6.30619
6.30619
6.30619
6.30619
6.30619
6.30619
6.30619
6.30619
6.30619
6.30619
6.30619
6.30619
6.30619
6.30619
6.30619
6.30619
6.30619
6.30619
6.30619
6.30619
6.30619
6.30619
6.30619
6.30619
6.30619
6.30619
6.30619
6.30619
6.30619
6.30619
6.30619
6.30619
6.30619
6.30619
6.30619
6.30619
6.30619
6.30619
6.30619
6.30619
6.30619
6.30619
6.30619
6.30619
6.30619
6.30619
6.30619
6.30619
6.30619
6.30619
6.30619
6.30619
6.30619
6.30619
6.30619
6.30619
6.30619
6.30619
6.30619
6.30619
6.30619
6.30619
6.30619
6.30619
6.30619
6.30619
6.30619
6.30619
6.30619
6.30619
6.30619
6.30619
6.30619
6.30619
6.30619
6.30619
6.30619
6.30619
6.30619
6.30619
6.30619
6.30619
6.30619
6.30619
6.30619
6.30619
6.30619
6.30619
6.30619
6.30619
6.30619
6.30619
6.30619
6.30619
6.30619
6.30619
6.30619
6.30619
6.30619
6.30619
6.30619
6.30619
6.30619
6.30619
6.30619
6.30619
6.30619
6.30619
6.30619
6.30619
6.30619
6.30619
6.30619
6.30619
6.30619
6.30619
6.30619
6.30619
6.30619
6.30619
6.30619
6.30619
6.30619
6.30619
6.30619
6.30619
6.30619
6.30619
6.30619
6.30619
6.30619
6.30619
6.30619
6.30619
6.30619
6.30619
6.30619
6.30619
6.30619
6.30619
6.30619
6.30619
6.30619
6.30619
6.30619
6.30619
6.30619
6.30619
6.30619
6.30619
6.30619
6.30619
6.30619
6.30619
6.30619
6.30619
6.30619
6.30619
6.30619
6.30619
6.30619
6.30619
6.30619
6.30619
6.30619
6.30619
6.30619
6.30619
6.30619
6.30619
6.30619
6.30619
6.30619
6.30619
6.30619
6.30619
6.30619
6.30619
6.30619
6.30619
6.30619
6.30619
6.30619
6.30619
6.30619
6.30619
6.30619
6.30619
6.30619
6.30619
6.30619
6.30619
6.30619
6.30619
6.30619
6.30619
6.30619
6.30619
6.30619
6.30619
6.30619
6.30619
6.30619
6.30619
6.30619
6.30619
6.30619
6.30619
6.30619
6.30619
6.30619
6.30619
6.30619
6.30619
6.30619
6.30619
6.30619
6.30619
6.30619
6.30619
6.30619
6.30619
6.30619
6.30619
6.30619
6.30619
6.30619
6.30619
6.30619
6.30619
6.30619
6.30619
6.30619
6.30619
6.30619
6.30619
6.30619
6.30619
6.30619
6.30619
6.30619
6.30619
6.30619
6.30619
6.30619
6.30619
6.30619
6.30619
6.30619
6.30619
6.30619
6.30619
6.30619
6.30619
6.30619
6.30619
6.30619
6.30619
6.30619
6.30619
6.30619
6.30619
6.30619
6.30619
6.30619
6.30619
6.30619
6.30619
6.30619
6.30619
6.30619
6.30619
6.30619
6.30619
6.30619
6.30619
6.30619
6.30619
6.30619
6.30619
6.30619
6.30619
6.30619
6.30619
6.30619
6.30619
6.30619
6.30619
6.30619
6.30619
6.30619
6.30619
6.30619
6.30619
6.30619
6.30619
6.30619
6.30619
6.30619
6.30619
6.30619
6.30619
6.30619
6.30619
6.30619
6.30619
6.30619
6.30619
6.30619
6.30619
6.30619
6.30619
6.30619
6.30619
6.30619
6.30619
6.30619
6.30619
6.30619
6.30619
6.30619
6.30619
6.30619
6.30619
6.30619
6.30619
6.30619
6.30619
6.30619
6.30619
6.30619
6.30619
6.30619
6.30619
6.30619
6.30619
6.30619
6.30619
6.30619
6.30619
6.30619
6.30619
6.30619
6.30619
6.30619
6.30619
6.30619
6.30619
6.30619
6.30619
6.30619
6.30619
6.30619
6.30619
6.30619
6.30619
6.30619
6.30619
6.30619
6.30619
6.30619
6.30619
6.30619
6.30619
6.30619
6.30619
6.30619
6.30619
6.30619
6.30619
6.30619
6.30619
6.30619
6.30619
6.30619
6.30619
6.30619
6.30619
6.30619
6.30619
6.30619
6.30619
6.30619
6.30619
6.30619
6.30619
6.30619
6.30619
6.30619
6.30619
6.30619
6.30619
6.30619
6.30619
6.30619
6.30619
6.30619
6.30619
6.30619
6.30619
6.30619
6.30619
6.30619
6.30619
6.30619
6.30619
6.30619
6.30619
6.30619
6.30619
6.30619
6.30619
6.30619
6.30619
6.30619
6.30619
6.30619
6.30619
6.30619
6.30619
6.30619
6.30619
6.30619
6.30619
6.30619
6.30619
6.30619
6.30619
6.30619
6.30619
6.30619
6.30619
6.30619
6.30619
6.30619
6.30619
6.30619
6.30619
6.30619
6.30619
6.30619
6.30619
6.30619
6.30619
6.30619
6.30619
6.30619
6.30619
6.30619
6.30619
6.30619
6.30619
6.30619
6.30619
6.30619
6.30619
6.30619
6.30619
6.30619
6.30619
6.30619
6.30619
6.30619
6.30619
6.30619
6.30619
6.30619
6.30619
6.30619
6.30619
6.30619
6.30619
6.30619
6.30619
6.30619
6.30619
6.30619
6.30619
6.30619
6.30619
6.30619
6.30619
6.30619
6.30619
6.30619
6.30619
6.30619
6.30619
6.30619
6.30619
6.30619
6.30619
6.30619
6.30619
6.30619
6.30619
6.30619
6.30619
6.30619
6.30619
6.30619
6.30619
6.30619
6.30619
6.30619
6.30619
6.30619
6.30619
6.30619
6.30619
6.30619
6.30619
6.30619
6.30619
6.30619
6.30619
6.30619
6.30619
6.30619
6.30619
6.30619
6.30619
6.30619
6.30619
6.30619
6.30619
6.30619
6.30619
6.30619
6.30619
6.30619
6.30619
6.30619
6.30619
6.30619
6.30619
6.30619
6.30619
6.30619
6.30619
6.30619
6.30619
6.30619
6.30619
6.30619
6.30619
6.30619
6.30619
6.30619
6.30619
6.30619
6.30619
6.30619
6.30619
6.30619
6.30619
6.30619
6.30619
6.30619
6.30619
