# best half averages
52.5339
47.9833
42.1909
37.9743
35.2286
32.3422
28.1007
26.3839
25.2961
24.8389
24.5138
23.3065
21.3754
20.8225
19.9301
19.7674
19.752
19.6459
19.3984
19.3708
19.2824
19.054
18.812
18.5306
18.0386
16.9724
16.8011
16.5649
15.621
15.2932
14.828
14.3378
13.6527
13.4588
12.9721
12.4391
12.2591
12.0667
11.7029
11.4575
11.2017
11.1095
11.076
11.074
11.064
11.0134
10.9579
10.8688
10.4435
10.0504
9.87713
9.69186
9.3077
9.05291
9.04058
9.00165
8.86117
8.85582
8.84776
8.84548
8.84335
8.83488
8.79844
8.70701
8.66756
8.66756
8.66756
8.66756
8.66756
8.66256
8.63757
8.52201
8.41766
8.41604
8.40906
8.35756
8.28418
8.16008
7.9803
7.98024
7.98013
7.97954
7.97305
7.96173
7.89531
7.80117
7.52998
7.46462
7.42212
7.28638
7.28419
7.28187
7.28129
7.27779
7.26797
7.25078
7.16577
7.04163
6.63982
6.25727
6.25727
6.25727
6.27378
6.255
6.24964
6.22158
6.14385
6.14385
6.14385
6.14345
6.1415
6.13009
6.11573
6.07582
6.02416
6.02416
6.28034
6.02379
6.01748
5.99095
5.94204
5.87032
5.74
5.74
5.74
5.74
5.73988
5.73932
5.73796
5.73387
5.73372
5.73372
5.73372
5.73353
5.73201
5.72877
5.71735
5.67481
5.65045
5.62084
5.60068
5.60068
5.60068
5.60068
5.60068
5.60068
5.60056
5.60044
5.59985
5.59808
5.59478
5.59478
5.5939
5.5939
5.59125
5.57537
5.55068
5.55039
5.54981
5.54864
5.54491
5.53616
5.53616
5.53616
5.53614
5.53609
5.53603
5.53603
5.53603
5.53603
5.53603
5.53595
5.53571
5.53539
5.53356
5.53205
5.53205
5.53205
5.53205
5.53205
5.53205
5.53205
5.53205
5.53193
5.5318
5.5313
5.52966
5.52576
5.52576
5.52576
5.52576
5.52576
5.52576
5.52576
5.52576
5.52576
5.52576
5.52576
5.52576
5.52576
5.52576
5.52576
5.52576
5.52576
5.52576
5.52576
5.52576
5.52576
5.52576
5.52576
5.52576
5.52576
5.52576
5.52576
5.52576
5.52576
5.52576
5.52576
5.52576
5.52576
5.52576
5.52576
5.52576
5.52576
5.52576
5.52576
5.52576
5.52576
5.52576
5.52576
5.52576
5.52576
5.52576
5.52576
5.52576
5.52576
5.52576
5.52576
5.52576
5.52576
5.52576
5.52576
5.52576
5.52576
5.52576
5.52576
5.52576
5.52576
5.52576
5.52576
5.52576
5.52576
5.52576
5.52576
5.52576
5.52576
5.52576
5.52576
5.52576
5.52576
5.52576
5.52576
5.52576
5.52576
5.52576
5.52576
5.52576
5.52576
5.52576
5.52576
5.52576
5.52576
5.52576
5.52576
5.52576
5.52576
5.52576
5.52576
5.52576
5.52576
5.52576
5.52576
5.52576
5.52564
5.52539
5.52503
5.52309
5.51967
5.51967
5.51962
5.51958
5.51923
5.5185
5.51817
5.5169
5.51437
5.51437
5.51431
5.514
5.51315
5.51174
5.51174
5.51174
5.51174
5.51174
5.51174
5.51174
5.51174
5.51174
5.51174
5.51174
5.51174
5.51174
5.51174
5.51174
5.51174
5.51174
5.51174
5.51174
5.51174
5.51174
5.51174
5.51174
5.51174
5.51174
5.51174
5.51174
5.51174
5.51174
5.51174
5.51174
5.51174
5.51174
5.51174
5.51174
5.51174
5.51174
5.51174
5.51174
5.51174
5.51174
5.51174
5.51174
5.51174
5.51174
5.51174
5.51174
5.51174
5.51174
5.51174
5.51174
5.51174
5.51174
5.51174
5.51174
5.51174
5.51174
5.51174
5.51174
5.51174
5.51174
5.51174
5.51174
5.51174
5.51174
5.51174
5.51174
5.51174
5.51174
5.51174
5.51174
5.51174
5.51174
5.51174
5.51174
5.51174
5.51174
5.51174
5.51174
5.51174
5.51174
5.51174
5.51174
5.51174
5.51174
5.51174
5.51174
5.51174
5.51174
5.51174
5.51174
5.51174
5.51174
5.51174
5.51174
5.51174
5.51174
5.51174
5.51174
5.51174
5.51174
5.51174
5.51174
5.51174
5.51174
5.51174
5.51174
5.51174
5.51174
5.51174
5.51174
5.51174
5.51174
5.51174
5.51174
5.51174
5.51174
5.51174
5.51174
5.51174
5.51174
5.51174
5.51174
5.51174
5.51174
5.51174
5.51174
5.51174
5.51174
5.51174
5.51174
5.51174
5.51174
5.51174
5.51174
5.51174
5.51174
5.51174
5.51174
5.51174
5.51174
5.51174
5.51174
5.51174
5.51174
5.51174
5.51174
5.51174
5.51174
5.51174
5.51174
5.51174
5.51174
5.51174
5.51174
5.51174
5.51174
5.51174
5.51174
5.51174
5.51174
5.51174
5.51174
5.51174
5.51174
5.51174
5.51174
5.51174
5.51174
5.51174
5.51174
5.51174
5.51174
5.51174
5.51174
5.51174
5.51174
5.51174
5.51174
5.51174
5.51174
5.51174
5.51174
5.51174
5.51174
5.51174
5.51174
5.51174
5.51174
5.51174
5.51174
5.51174
5.51174
5.51174
5.51174
5.51174
5.51174
5.51174
5.51174
5.51174
5.51174
5.51174
5.51174
5.51174
5.51174
5.51174
5.51174
5.51174
5.51174
5.51174
5.51174
5.51174
5.51174
5.51174
5.51174
5.51174
5.51174
5.51174
5.51174
5.51174
5.51174
5.51174
5.51174
5.51174
5.51174
5.51174
5.51174
5.51174
5.51174
5.51174
5.51174
5.51174
5.51174
5.51174
5.51174
5.51174
5.51174
5.51174
5.51174
5.51174
5.51174
5.51174
5.51174
5.51174
5.51174
5.51174
5.51174
5.51174
5.51174
5.51174
5.51174
5.51174
5.51174
5.51174
5.51174
5.51174
5.51174
5.51174
5.51174
5.51174
5.51174
5.51174
5.51174
5.51174
5.51174
5.51174
5.51174
5.51174
5.51174
5.51174
5.51174
5.51174
5.51174
5.51174
5.51174
5.51174
5.51174
5.51174
5.51174
5.51174
5.51174
5.51174
5.51174
5.51174
5.51174
5.51174
5.51174
5.51174
5.51174
5.51174
5.51174
5.51174
5.51174
5.51558
5.51174
5.63876
5.51174
5.51174
5.51174
5.51174
5.51174
5.51174
5.51174
5.51174
5.51174
5.51174
5.51174
5.51174
5.51174
5.51174
5.51174
5.51174
5.51174
5.51174
5.51174
5.51174
5.51174
5.51174
5.51174
5.51174
5.51174
5.51174
5.51174
5.51174
5.51174
5.51174
5.51174
5.51174
5.51174
5.51174
5.51174
5.51174
5.51174
5.51174
5.51174
5.51174
5.51174
5.51174
5.51174
5.51174
5.51174
5.51174
5.51174
5.51174
5.51174
5.51174
5.51174
5.51174
5.51174
5.51174
5.51174
5.51174
5.51174
5.51174
5.51174
5.51174
5.51174
5.51174
5.51174
5.51174
5.51174
5.51174
5.51174
5.51174
5.51174
5.51174
5.51174
5.51174
5.51174
5.51174
5.51174
5.51174
5.51174
5.51174
5.51174
5.51174
5.51174
5.51174
5.51174
5.51174
5.51174
5.51174
5.51174
5.51174
5.51174
5.51174
5.51174
5.51174
5.51174
5.51174
5.51174
5.51174
5.51174
5.51174
5.51174
5.51174
5.51358
5.51174
5.51174
5.51174
5.51174
5.51174
5.51174
5.51174
5.51174
5.51174
5.51174
5.51174
5.51174
5.51174
5.51174
5.51174
5.51174
5.51174
5.51174
5.51174
5.51174
5.51174
5.51174
5.51174
5.51174
5.51174
5.51174
5.51174
5.51174
5.51174
5.51174
5.51174
5.51174
5.51174
5.51174
5.51174
5.51174
5.51174
5.51174
5.51174
5.51174
5.51174
5.51174
5.51174
5.51174
5.51174
5.51174
5.51174
5.51174
5.51174
5.51174
5.51174
5.51174
5.51174
5.51174
5.51174
5.51174
5.51174
5.51174
5.51174
5.51174
5.51174
5.51174
5.51174
5.51174
5.51174
5.51174
5.51174
5.51174
5.51174
5.51174
5.51174
5.51174
5.51174
5.51174
5.51174
5.51174
5.51174
5.51174
5.51174
5.51174
5.51174
5.51174
5.51174
5.51174
5.51174
5.51174
5.51174
5.51174
5.51174
5.51174
5.51174
5.51174
5.51174
5.51174
5.51174
5.51174
5.51174
5.51174
5.51174
5.51174
5.51174
5.51174
5.51174
5.51174
5.51174
5.51174
5.51174
5.51174
5.51174
5.51174
5.51174
5.51174
5.51174
5.51174
5.51174
5.51174
5.51174
5.51174
5.51174
5.51174
5.51174
5.51174
5.51174
5.51174
5.51174
5.51174
5.51174
5.51174
5.51174
5.51174
5.51174
5.51174
5.51174
5.51174
5.51174
5.51174
5.51174
5.51174
5.51174
5.51174
5.51174
5.51174
5.51174
5.51174
5.51174
5.51174
5.51174
5.51174
5.51174
5.51174
5.51174
5.51174
5.51174
5.51174
5.51174
5.51174
5.51174
5.51174
5.51174
5.51174
5.51174
5.51174
5.51174
5.51174
5.51174
5.51174
5.51174
5.51174
5.51174
5.51174
5.51174
5.51174
5.51174
5.51174
5.51174
5.51174
5.51174
5.51174
5.51174
5.51174
5.51174
5.51174
5.51174
5.51174
5.51174
5.51174
5.51174
5.51174
5.51174
5.51174
5.51174
5.51174
5.51174
5.51174
5.51174
5.51174
5.51174
5.51174
5.51174
5.51174
5.51174
5.51174
5.5142
5.51174
5.51174
5.51174
5.51174
5.51174
5.51174
5.51174
5.51174
5.51174
5.51174
5.51174
5.51174
5.51174
5.51174
5.51174
5.51174
5.51174
5.51174
5.51174
5.51174
5.51174
5.51174
5.51174
5.51174
5.51174
5.51174
5.51174
5.51174
5.51174
5.51174
5.51174
5.51174
5.51174
5.51174
5.51174
5.51174
5.51174
5.51174
5.51174
5.51174
5.51174
5.51174
5.51174
5.51174
5.51174
5.51174
5.51174
5.51174
5.51174
5.51174
5.51174
5.51174
5.51174
5.51174
5.51174
5.51174
5.51174
5.51174
5.51174
5.51174
5.51174
5.51174
5.51174
5.51174
5.51174
5.51174
5.51174
5.51174
5.51174
5.51174
5.51174
5.51174
5.51174
5.51174
5.51174
5.51174
5.51174
5.51174
5.51174
5.51174
5.51174
5.51174
5.51174
5.51174
5.51174
5.51174
5.51174
5.51174
5.51174
5.51174
5.51174
5.51174
5.51174
5.51174
5.51174
5.51174
5.51174
5.51174
5.51174
5.51174
