# best half averages
52.0852
46.9783
43.4704
40.5739
37.0233
34.0464
30.8539
29.3182
27.771
24.0937
22.6672
21.6915
21.4185
21.0821
20.1939
19.6764
19.548
19.0766
18.6473
17.9446
17.68
17.2893
16.8946
16.1343
15.4555
13.9414
13.9262
13.7423
12.8268
11.6626
11.1967
10.3565
10.1273
10.0587
9.98872
9.8128
9.20606
8.88016
8.91554
8.75774
8.7152
8.67633
8.66382
8.66382
8.66382
8.65355
8.59304
8.34025
8.11761
7.96584
7.59912
7.51689
7.44298
7.29273
6.89284
6.88013
6.83565
6.73716
6.73716
6.73716
6.73105
6.72253
6.68028
6.56679
6.4688
6.40051
6.28468
6.19414
6.16679
6.16132
6.14911
6.08632
6.08632
6.08632
6.08632
6.08623
6.08606
6.08534
6.08245
6.08
6.07814
6.07073
6.04271
5.97764
5.94093
5.91168
5.90778
5.90087
5.90077
5.89822
5.88875
5.86092
5.85942
5.85792
5.84593
5.80097
5.78603
5.78603
5.78603
5.78603
5.78537
5.78407
5.85124
5.76574
5.74635
5.73243
5.66997
5.6367
5.63456
5.63104
5.63092
5.63079
5.63031
5.65578
5.63016
5.62801
5.62471
5.62471
5.62471
5.62471
5.6247
5.62468
5.6246
5.62455
5.62455
5.62455
5.62455
5.62455
5.62455
5.62455
5.62455
5.62455
5.62455
5.62455
5.62455
5.62455
5.62455
5.62455
5.62455
5.62455
5.62455
5.62455
5.62455
5.62455
5.62455
5.62455
5.62455
5.62455
5.62455
5.62455
5.62455
5.62455
5.62455
5.62313
5.61743
5.61809
5.59737
5.55324
5.55308
5.55244
5.55045
5.54934
5.54934
5.54934
5.54934
5.54934
5.54934
5.54934
5.54934
5.54934
5.54934
5.54934
5.54934
5.54934
5.54934
5.54934
5.54934
5.54934
5.54923
5.54857
5.54713
5.54383
5.54383
5.54383
5.54383
5.54383
5.54383
5.54383
5.54383
5.5438
5.54374
5.54358
5.54288
5.54273
5.54268
5.54259
5.54208
5.54041
5.54041
5.53419
5.52176
5.48617
5.37931
5.22961
5.22961
5.22953
5.22944
5.2291
5.22868
5.22665
5.22539
5.22539
5.22539
5.22539
5.22539
5.22539
5.22539
5.22539
5.22539
5.22539
5.22539
5.22539
5.22438
5.22338
5.21864
5.20933
5.17521
5.17521
5.17521
5.17521
5.17521
5.17521
5.17521
5.17521
5.17521
5.17521
5.17521
5.17521
5.17521
5.17521
5.17521
5.17521
5.17521
5.17521
5.17521
5.17521
5.17521
5.17521
5.17521
5.17521
5.17521
5.17521
5.17521
5.17521
5.17521
5.1752
5.17519
5.17514
5.31928
5.17468
5.17468
5.17468
5.17468
5.17468
5.17468
5.17468
5.17468
5.17468
5.17468
5.17468
5.17468
5.17468
5.17468
5.17468
5.17468
5.17468
5.17448
5.17407
5.17266
5.16783
5.1646
5.1646
5.1646
5.1646
5.1646
5.1646
5.1646
5.1646
5.1646
5.1646
5.1646
5.1646
5.1646
5.1646
5.1646
5.1646
5.1646
5.1646
5.1646
5.1646
5.1646
5.1646
5.1646
5.1646
5.1646
5.1646
5.1646
5.1646
5.1646
5.1646
5.1646
5.1646
5.1646
5.1646
5.1646
5.1646
5.1646
5.1646
5.1646
5.1646
5.1646
5.1646
5.1646
5.1646
5.1646
5.1646
5.1646
5.1646
5.1646
5.1646
5.1646
5.1646
5.1646
5.1646
5.1646
5.1646
5.1646
5.1646
5.1646
5.1646
5.1646
5.1646
5.1646
5.1646
5.1646
5.1646
5.1646
5.1646
5.1646
5.1646
5.1646
5.1646
5.1646
5.1646
5.1646
5.1646
5.1646
5.1646
5.1646
5.1646
5.1646
5.1646
5.1646
5.1646
5.1646
5.1646
5.1646
5.1646
5.1646
5.1646
5.1646
5.1646
5.1646
5.1646
5.1646
5.1646
5.1646
5.1646
5.1646
5.1646
5.1646
5.1646
5.1646
5.1646
5.1646
5.1646
5.1646
5.1646
5.1646
5.1646
5.1646
5.1646
5.1646
5.1646
5.1646
5.1646
5.1646
5.1646
5.1646
5.1646
5.1646
5.1646
5.1646
5.1646
5.1646
5.1646
5.1646
5.1646
5.1646
5.1646
5.1646
5.1646
5.1646
5.1646
5.1646
5.1646
5.1646
5.1646
5.1646
5.1646
5.1646
5.1646
5.1646
5.1646
5.1646
5.1646
5.1646
5.1646
5.1646
5.1646
5.1646
5.1646
5.1646
5.1646
5.1646
5.1646
5.1646
5.1646
5.1646
5.1646
5.1646
5.1646
5.1646
5.1646
5.16382
5.16382
5.1607
5.14511
5.12563
5.12563
5.12563
5.12563
5.12563
5.12563
5.12563
5.12563
5.12563
5.12563
5.12563
5.12563
5.12563
5.12563
5.12563
5.12563
5.12563
5.12563
5.12563
5.12563
5.12563
5.12563
5.12563
5.12563
5.12563
5.12563
5.12563
5.12563
5.12563
5.12563
5.12563
5.12563
5.12563
5.12563
5.12563
5.12563
5.12563
5.12563
5.12563
5.12563
5.12563
5.12563
5.12563
5.12563
5.12563
5.12563
5.12563
5.12563
5.12563
5.12563
5.12563
5.12563
5.12563
5.12563
5.12563
5.12563
5.12563
5.12563
5.12563
5.12563
5.12563
5.12563
5.12563
5.12563
5.12563
5.12563
5.12563
5.12563
5.12563
5.12563
5.12563
5.12563
5.12563
5.12563
5.12563
5.12563
5.12563
5.12563
5.12563
5.12563
5.12563
5.12563
5.12563
5.12563
5.12563
5.12563
5.12563
5.12563
5.12563
5.12563
5.12563
5.12563
5.12563
5.12563
5.12563
5.12563
5.12563
5.12563
5.12563
5.12563
5.12563
5.12563
5.12563
5.12563
5.12563
5.12563
5.12563
5.12563
5.12563
5.12563
5.12563
5.12563
5.12563
5.12563
5.12563
5.12563
5.12563
5.12563
5.12563
5.12563
5.12563
5.12563
5.12563
5.12563
5.12563
5.12563
5.12563
5.12563
5.12563
5.12563
5.12563
5.12563
5.12563
5.12563
5.12563
5.12563
5.12563
5.12563
5.12563
5.12563
5.12563
5.12563
5.12563
5.12563
5.12563
5.12563
5.12563
5.12563
5.12563
5.12563
5.12563
5.12563
5.12563
5.12563
5.12563
5.12563
5.12563
5.12563
5.12563
5.12563
5.12563
5.12563
5.12563
5.12563
5.12563
5.12563
5.12563
5.12563
5.12563
5.12563
5.12563
5.12563
5.12563
5.12563
5.12563
5.12563
5.12563
5.12563
5.12563
5.12563
5.12563
5.12563
5.12563
5.12563
5.12563
5.12563
5.12563
5.12563
5.12563
5.12563
5.12563
5.12563
5.12563
5.12563
5.12563
5.12563
5.12563
5.12563
5.12563
5.12563
5.12563
5.12563
5.12563
5.12563
5.12563
5.12563
5.12563
5.12563
5.12563
5.12563
5.12563
5.12563
5.12563
5.12563
5.12563
5.12563
5.12563
5.12563
5.12563
5.12563
5.12563
5.12563
5.12563
5.12563
5.12563
5.12563
5.12563
5.12563
5.12563
5.12563
5.12563
5.12563
5.12563
5.12563
5.12563
5.12563
5.12563
5.12563
5.12563
5.12563
5.12563
5.12563
5.12563
5.12563
5.12563
5.12563
5.12563
5.12563
5.12563
5.12563
5.12563
5.12563
5.12563
5.12563
5.12563
5.12563
5.12563
5.12563
5.12563
5.12563
5.12563
5.12563
5.12563
5.12563
5.12563
5.12563
5.12563
5.12563
5.12563
5.12563
5.12563
5.12563
5.12563
5.12563
5.12563
5.12563
5.12563
5.12563
5.12563
5.12563
5.12563
5.12563
5.12563
5.12563
5.12563
5.12563
5.12563
5.12563
5.12563
5.12563
5.12563
5.12563
5.12563
5.12563
5.12563
5.12563
5.12563
5.12563
5.12563
5.12563
5.12563
5.12563
5.12563
5.12563
5.12563
5.12563
5.12563
5.12563
5.12563
5.12563
5.12563
5.12563
5.12563
5.12563
5.12563
5.12563
5.12563
5.12563
5.12563
5.12563
5.12563
5.12563
5.12563
5.12563
5.12563
5.12563
5.12563
5.12563
5.12563
5.12563
5.12563
5.12563
5.12563
5.12563
5.12563
5.12563
5.12563
5.12563
5.12563
5.12563
5.12563
5.12563
5.12563
5.12563
5.12563
5.12563
5.12563
5.12563
5.12563
5.12563
5.12563
5.12563
5.12563
5.12563
5.12563
5.12563
5.12563
5.12563
5.12563
5.12563
5.12563
5.12563
5.12563
5.12563
5.12563
5.12563
5.12563
5.12563
5.12563
5.12563
5.12563
5.12563
5.12563
5.12563
5.12563
5.12563
5.12563
5.12563
5.12563
5.12563
5.12563
5.12563
5.12563
5.12563
5.12563
5.12563
5.12563
5.12563
5.12563
5.12563
5.12563
5.12563
5.12563
5.12563
5.12563
5.12563
5.12563
5.12563
5.12563
5.12563
5.12563
5.12563
5.12563
5.12563
5.12563
5.12563
5.12563
5.12563
5.12563
5.12563
5.12563
5.12563
5.12563
5.12563
5.12563
5.12563
5.12563
5.12563
5.12563
5.12563
5.12563
5.12563
5.12563
5.12563
5.12563
5.12563
5.12563
5.12563
5.12563
5.12563
5.12563
5.12563
5.12563
5.12563
5.12563
5.12563
5.12563
5.12563
5.12563
5.12563
5.12563
5.12563
5.12563
5.12563
5.12563
5.12563
5.12563
5.12563
5.12563
5.12563
5.12563
5.12563
5.12563
5.12563
5.12563
5.12563
5.12563
5.12563
5.12563
5.12563
5.12563
5.12563
5.12563
5.12563
5.12563
5.12563
5.12563
5.12563
5.12563
5.12563
5.12563
5.12563
5.12563
5.12563
5.12563
5.12563
5.12563
5.12563
5.12563
5.12563
5.12563
5.12563
5.12563
5.12563
5.12563
5.12563
5.12563
5.12563
5.12563
5.12563
5.12563
5.12563
5.12563
5.12563
5.12563
5.12563
5.12563
5.12563
5.12563
5.12563
5.12563
5.12563
5.12563
5.12563
5.12563
5.12563
5.12563
5.12563
5.12563
5.12563
5.12563
5.12563
5.12563
5.12563
5.12563
5.12563
5.12563
5.12563
5.12563
5.12563
5.12563
5.12563
5.12563
5.12563
5.12563
5.12563
5.12563
5.12563
5.12563
5.12563
5.12563
5.12563
5.12563
5.12563
5.12563
5.12563
5.12563
5.12563
5.12563
5.12563
5.12563
5.12563
5.12563
5.12563
5.12563
5.12563
5.12563
5.12563
5.12563
5.12563
5.12563
5.12563
