# best half averages
51.3503
45.5938
40.2408
34.9177
31.1152
30.2307
28.4546
26.6236
24.8689
24.087
22.5984
21.311
20.2135
18.8354
18.0249
17.9156
17.5696
17.149
16.6148
15.8942
15.1254
13.5252
12.6815
11.9114
10.8725
9.55543
9.36486
9.13644
8.9309
8.78921
8.77022
8.68188
8.49677
8.40633
8.34378
8.2678
8.16707
8.16707
8.16698
8.16605
8.16077
8.15007
8.12918
8.11571
8.07935
8.05847
8.01846
7.92058
7.66603
7.64141
7.56417
7.51399
7.51184
7.50019
7.47971
7.42863
7.40256
7.37096
7.36704
7.35037
7.33303
7.33303
7.33302
7.33302
7.33297
7.33294
7.33294
7.33294
7.33131
7.3264
7.31027
7.24976
7.24554
7.22725
7.18068
7.18039
7.17666
7.4318
7.13149
7.03259
6.98519
6.97861
6.95229
6.84461
6.65241
6.62362
6.50063
6.47201
6.35838
6.18967
6.18537
6.18449
6.18205
6.17091
6.14558
6.07623
5.87237
5.74397
5.73808
5.71787
5.71075
5.7046
5.6837
5.6517
5.65142
5.65139
5.65139
5.65139
5.65139
5.65139
5.64997
5.64997
5.64712
5.63857
5.59754
5.58016
5.58016
5.58016
5.58016
5.57997
5.57988
5.58007
5.58007
5.57989
5.57908
5.57684
5.57568
5.57568
5.57568
5.57568
5.57568
5.57568
5.57568
5.57564
5.57556
5.5754
5.57424
5.57373
5.57373
5.57373
5.57373
5.57373
5.57373
5.57373
5.57373
5.57372
5.5737
5.57357
5.57357
5.57357
5.57357
5.57357
5.57357
5.57354
5.57347
5.57332
5.57272
5.57241
5.5722
5.57193
5.57193
5.57193
5.57193
5.57173
5.57141
5.57073
5.56827
5.56587
5.56587
5.56587
5.56587
5.56587
5.56587
5.56587
5.56587
5.56587
5.56587
5.56587
5.56587
5.56587
5.56587
5.56587
5.56587
5.56587
5.56587
5.56587
5.56587
5.56587
5.56587
5.56587
5.56587
5.56587
5.56587
5.56587
5.56587
5.56587
5.56587
5.56587
5.56587
5.56587
5.56587
5.56587
5.56587
5.56587
5.56587
5.56587
5.56587
5.56587
5.56587
5.56587
5.56587
5.56587
5.56587
5.56587
5.56587
5.56587
5.56587
5.56587
5.56587
5.56587
5.56587
5.56587
5.56587
5.56587
5.56587
5.56587
5.56587
5.56587
5.56587
5.56587
5.56587
5.56587
5.56587
5.56587
5.56587
5.56587
5.56587
5.56587
5.56587
5.56587
5.56587
5.56587
5.56587
5.56587
5.56587
5.56587
5.56587
5.56587
5.56587
5.56587
5.56587
5.56587
5.56587
5.56587
5.56587
5.56587
5.56587
5.56587
5.56587
5.56587
5.56587
5.56587
5.56587
5.56579
5.56547
5.56475
5.56189
5.56189
5.56189
5.56189
5.56189
5.56189
5.56189
5.56189
5.56189
5.56189
5.56189
5.56189
5.56189
5.56189
5.56189
5.56189
5.56189
5.56189
5.56189
5.56189
5.56189
5.56189
5.56189
5.56189
5.56189
5.56189
5.56189
5.56189
5.56189
5.56189
5.56189
5.56189
5.56189
5.56189
5.56189
5.56189
5.56189
5.56189
5.56189
5.56189
5.56189
5.56189
5.56189
5.56189
5.56189
5.56189
5.56189
5.56189
5.56189
5.56189
5.56189
5.56189
5.56189
5.56189
5.56189
5.56189
5.56189
5.56189
5.56189
5.56189
5.56189
5.56189
5.56189
5.56189
5.56189
5.56189
5.56189
5.56189
5.56189
5.56189
5.56189
5.56189
5.56189
5.56189
5.56189
5.56189
5.56189
5.56189
5.56187
5.56176
5.56145
5.56059
5.55958
5.55615
5.55071
5.55071
5.55071
5.55071
5.55071
5.55071
5.55071
5.55071
5.55071
5.55071
5.55071
5.55071
5.55071
5.55071
5.55071
5.55071
5.55071
5.55071
5.55071
5.55071
5.55071
5.55071
5.55071
5.55071
5.55071
5.55071
5.55071
5.55071
5.55071
5.55071
5.55071
5.55071
5.55071
5.55071
5.55071
5.55071
5.55071
5.55071
5.55071
5.55071
5.55071
5.55071
5.55071
5.55071
5.55071
5.55071
5.55071
5.55071
5.55071
5.55071
5.55071
5.55071
5.55071
5.55071
5.55071
5.55071
5.55071
5.55071
5.55071
5.55071
5.55071
5.55071
5.55071
5.55071
5.55071
5.55071
5.55071
5.55071
5.55071
5.55071
5.55071
5.55071
5.55071
5.55071
5.55071
5.55071
5.55071
5.55071
5.55071
5.55071
5.55071
5.55071
5.55071
5.55071
5.55071
5.55071
5.55071
5.55071
5.55071
5.55071
5.55071
5.55071
5.55071
5.55071
5.55071
5.55071
5.55071
5.55071
5.55071
5.55071
5.55071
5.55071
5.55071
5.55071
5.55071
5.55071
5.55071
5.55071
5.55071
5.55071
5.55071
5.55071
5.55071
5.55071
5.55071
5.55071
5.55071
5.55071
5.54993
5.54915
5.54837
5.54292
5.52733
5.51174
5.51174
5.51174
5.51174
5.51174
5.51174
5.51174
5.51174
5.51174
5.51174
5.51174
5.51174
5.51174
5.51174
5.51174
5.51174
5.51174
5.51174
5.51174
5.51174
5.51174
5.51174
5.51174
5.51174
5.51174
5.51174
5.51174
5.51174
5.51174
5.51174
5.51174
5.51174
5.51174
5.51174
5.51174
5.51174
5.51174
5.51174
5.51174
5.51174
5.51174
5.51174
5.51174
5.51174
5.51174
5.51174
5.51174
5.51174
5.51174
5.51174
5.51174
5.51174
5.51174
5.51174
5.51174
5.51174
5.51174
5.51174
5.51174
5.51174
5.51174
5.51174
5.51174
5.51174
5.51174
5.51174
5.51174
5.51174
5.51174
5.51174
5.51174
5.51174
5.51174
5.51174
5.51174
5.51174
5.51174
5.51174
5.51174
5.51174
5.51174
5.51174
5.51174
5.51174
5.51174
5.51174
5.51174
5.51174
5.51174
5.51174
5.51174
5.51174
5.51174
5.51174
5.51174
5.51174
5.51174
5.51174
5.51174
5.51174
5.51174
5.51174
5.51174
5.51174
5.51174
5.51174
5.51174
5.51174
5.51174
5.51174
5.51174
5.51174
5.51174
5.51174
5.51174
5.51174
5.51174
5.51174
5.51174
5.51174
5.51174
5.51174
5.51174
5.51174
5.51174
5.51174
5.51174
5.51174
5.51174
5.51174
5.51174
5.51174
5.51174
5.51174
5.51174
5.51174
5.51174
5.51174
5.51174
5.51174
5.51174
5.51174
5.51174
5.51174
5.51174
5.51174
5.51174
5.51174
5.51174
5.51174
5.51174
5.51174
5.51174
5.51174
5.51174
5.51174
5.51174
5.51174
5.51174
5.51174
5.51174
5.51174
5.51174
5.51174
5.51174
5.51174
5.51174
5.51174
5.51174
5.51174
5.51174
5.51174
5.51174
5.51174
5.51174
5.51174
5.51174
5.51174
5.51174
5.51174
5.51174
5.51174
5.51174
5.51174
5.51174
5.51174
5.51174
5.51174
5.51174
5.51174
5.51174
5.51174
5.51174
5.51174
5.51174
5.51174
5.51174
5.51174
5.51174
5.51174
5.51174
5.51174
5.51174
5.51174
5.51174
5.51174
5.51174
5.51174
5.51174
5.51174
5.51174
5.51174
5.51174
5.51174
5.51174
5.51174
5.51174
5.51174
5.51174
5.51174
5.51174
5.51174
5.51174
5.51174
5.51174
5.51174
5.51174
5.51174
5.51174
5.51174
5.51174
5.51174
5.51174
5.51174
5.51174
5.51174
5.51174
5.51174
5.51174
5.51174
5.51174
5.51174
5.51174
5.51174
5.51174
5.51174
5.51174
5.51174
5.51174
5.51174
5.51174
5.51174
5.51174
5.51174
5.51174
5.51174
5.51174
5.51174
5.51174
5.51174
5.51174
5.51174
5.51174
5.51174
5.51174
5.51174
5.51174
5.51174
5.51174
5.51174
5.51174
5.51174
5.51174
5.51174
5.51174
5.51174
5.51174
5.51174
5.51174
5.51174
5.51174
5.51174
5.51174
5.51174
5.51174
5.51174
5.51174
5.51174
5.51174
5.51174
5.51174
5.51174
5.51174
5.51174
5.51174
5.51174
5.51174
5.51174
5.51174
5.51174
5.51174
5.51174
5.51174
5.51174
5.51174
5.51174
5.51174
5.51174
5.51174
5.51174
5.51174
5.51174
5.51174
5.51174
5.51174
5.51174
5.51174
5.51174
5.51174
5.51174
5.51174
5.51174
5.51174
5.51174
5.51174
5.51174
5.51174
5.51174
5.51174
5.51174
5.51174
5.51174
5.51174
5.51174
5.51174
5.51174
5.51174
5.51174
5.51174
5.51174
5.51174
5.51174
5.51174
5.51174
5.51174
5.51174
5.51174
5.51174
5.51174
5.51174
5.51174
5.51174
5.51174
5.51174
5.51174
5.51174
5.51174
5.51174
5.51174
5.51174
5.51174
5.51174
5.51174
5.51174
5.51174
5.51174
5.51174
5.51174
5.51174
5.51174
5.51174
5.51174
5.51174
5.51174
5.51174
5.51174
5.51174
5.51174
5.51174
5.51174
5.51174
5.51174
5.51174
5.51174
5.51174
5.51174
5.51174
5.51174
5.51174
5.51174
5.51174
5.51174
5.51174
5.51174
5.51174
5.51174
5.51174
5.51174
5.51174
5.51174
5.51174
5.51174
5.51174
5.51174
5.51174
5.51174
5.51174
5.51174
5.51174
5.51174
5.51174
5.51174
5.51174
5.51174
5.51174
5.51174
5.51174
5.51174
5.51174
5.51174
5.51174
5.51174
5.51174
5.51174
5.51174
5.51174
5.51174
5.51174
5.51174
5.51174
5.51174
5.51174
5.51174
5.51174
5.51174
5.51174
5.51174
5.51174
5.51174
5.51174
5.51174
5.51174
5.51174
5.51174
5.51174
5.51174
5.51174
5.51174
5.51174
5.51174
5.51174
5.51174
5.51174
5.51174
5.51174
5.51174
5.51174
5.51174
5.51174
5.51174
5.51174
5.51174
5.51174
5.51174
5.51174
5.51174
5.51174
5.51174
5.51174
5.51174
5.51174
5.51174
5.51174
5.51174
5.51174
5.51174
5.51174
5.51174
5.51174
5.51174
5.51174
5.51174
5.51174
5.51174
5.51174
5.51174
5.51174
5.51174
5.51174
5.51174
5.51174
5.51174
5.51174
5.51174
5.51174
5.51174
5.51174
5.51174
5.51174
5.51174
5.51174
5.51174
5.51174
5.51174
5.51174
5.51174
5.51174
5.51174
5.51174
5.51174
5.51174
5.51174
5.51174
5.51174
5.51174
5.51174
5.51174
5.51174
5.51174
5.51174
5.51174
5.51174
5.51174
5.51174
5.51174
5.51174
5.51174
