# best half averages
2545.46
2330.9
2182.52
2099.31
2012.32
1904.39
1799.24
1744.46
1706.49
1649.69
1598.18
1539.58
1505.29
1468.57
1432.1
1378.09
1319.9
1282.99
1249.66
1220.89
1198.75
1171.17
1128.99
1114.22
1092.8
1074.87
1041.3
1014.46
989.153
970.71
962.45
959.933
956.2
948.654
940.838
925.091
915.131
908.125
899.024
877.776
863.78
853.863
839.512
832.006
780.54
773.017
755.888
747.878
731.08
726.673
712.293
703.378
695.016
680.002
666.099
653.143
649.383
641.068
636.67
630.169
620.397
616.483
609.793
600.443
593.997
598.465
586.365
583.719
575.908
572.81
571.638
566.686
561.548
548.9
535.542
527.227
523.883
516.574
514.127
513.254
505.218
498.757
496.16
501.839
502.787
492.463
486.522
482.177
478.496
476.369
481.598
471.938
457.027
447.788
432.892
430.457
428.571
425.781
424.231
424.9
421.719
419.738
415.375
412.479
408.499
406.908
402.783
401.57
400.099
398.501
390.706
388.508
388.156
387.997
386.165
387.233
386.322
385.055
379.869
363.754
349.049
344.614
341.554
333.526
333.342
332.642
330.346
319.008
294.33
294.082
294.337
291.823
294.967
288.46
288.315
288.233
287.756
286.553
284.808
282.715
283.531
278.92
278.414
275.656
275.396
274.502
271.707
270.259
269.518
265.333
260.95
260.135
258.405
257.882
256.612
253.022
252.556
251.929
251.929
251.929
251.929
251.929
251.929
251.929
251.929
251.929
251.929
251.884
251.165
250.68
250.068
249.551
249.338
258.923
244.473
242.778
235.611
209.599
205.868
201.822
201.333
200.022
199.106
197.122
196.29
195.771
195.682
194.99
192.689
192.334
191.831
189.279
188.218
187.969
187.969
187.803
187.969
187.969
187.969
187.969
187.969
187.969
187.966
187.935
187.786
187.322
186.338
184.932
184.267
184.05
184.694
183.407
183.313
183.313
183.313
185.18
188.488
183.313
183.313
183.222
182.923
194.043
180.282
180.251
180.217
179.973
179.184
178.717
178.083
177.884
176.669
175.721
175.721
175.721
175.093
173.971
170.448
164.361
164.083
163.729
162.902
161.239
159.503
158.215
157.497
157.472
157.399
157.031
156.277
156.211
156.205
156.1
155.813
155.202
153.083
153.083
153.07
153.056
153.049
153.015
152.899
152.714
152.714
152.714
152.701
153.137
167.03
153.352
152.289
151.476
151.452
151.376
151.376
151.376
151.376
151.376
151.285
151.376
151.376
151.376
151.331
151.105
149.976
149.101
149.117
149.117
148.975
149.117
149.117
149.101
149.067
149.016
149.067
149.117
148.908
148.803
149.57
151.569
143.844
143.76
143.307
142.471
142.471
142.471
142.429
142.429
142.262
141.679
140.298
140.101
139.727
139.709
139.622
139.168
138.872
138.864
138.848
138.794
138.481
138.481
138.481
138.481
138.466
138.422
138.216
137.744
137.744
137.744
137.72
137.444
135.632
134.145
137.262
124.929
124.929
124.929
124.929
124.929
124.929
124.929
124.917
124.919
124.7
124.61
124.481
124.276
124.294
124.265
123.915
123.662
122.444
120.75
122.7
119.731
119.789
118.888
117.245
117.19
117.19
117.19
116.997
116.013
114.891
114.891
114.891
114.891
114.859
114.891
114.891
114.891
114.891
114.891
114.777
114.588
113.868
112.77
112.065
112.065
112.061
112.015
111.806
111.2
110.923
110.922
110.919
110.907
110.906
110.906
110.906
110.906
110.906
110.906
110.906
110.906
110.906
110.906
110.906
110.906
110.903
110.895
110.824
110.611
110.223
109.979
109.658
109.658
109.658
109.658
109.658
109.658
109.654
109.647
109.616
109.492
109.037
109.388
109.218
108.814
108.073
105.717
104.736
104.357
103.355
99.9184
99.9184
99.9184
99.8471
99.7692
104.303
99.7217
98.7309
98.7304
98.7207
98.7309
98.7309
98.7309
98.7309
98.7309
98.7309
98.7309
98.7309
98.7309
98.7309
98.7309
98.5198
98.4175
108.354
108.989
96.1737
96.129
96.0453
96.0453
96.0453
96.0453
96.0453
96.0453
96.0453
96.0453
96.0389
96.0134
95.9242
95.7267
95.7267
95.7267
95.7262
95.7267
95.7267
95.7267
95.7004
95.6676
95.784
95.3982
95.3982
95.3982
95.3737
95.333
95.1621
94.9907
94.9907
94.9901
96.8528
94.99
94.99
94.9912
94.9912
94.9829
94.9123
94.8423
94.5775
94.5775
94.5775
94.5775
94.5713
94.5466
94.4353
94.2683
94.2683
94.2683
94.2521
94.2526
94.2683
94.2683
94.2683
94.2683
94.0762
94.0998
95.6989
94.569
97.5022
95.2485
91.7342
91.8665
91.8665
91.8665
91.8665
91.8665
91.668
91.4696
99.2861
90.8744
88.551
88.551
88.5338
88.5338
88.5338
88.5338
88.5594
88.5594
88.4031
88.0189
87.21
85.7095
85.7095
85.7095
85.7054
85.7013
85.6972
85.6725
85.5904
85.5038
85.5024
85.5024
86.0164
85.574
89.2591
86.1695
85.0239
84.6673
84.2314
84.1618
84.1005
83.9496
83.9491
83.9496
83.9496
83.9496
83.9496
83.9496
83.9496
83.9496
83.9496
83.9496
83.9496
83.937
83.9236
83.8953
83.849
83.7099
83.3189
83.3189
83.3189
83.3189
83.3189
83.3189
83.3189
83.3189
83.3189
83.3189
83.3189
83.3189
83.3189
83.3189
83.2957
83.2724
83.1289
85.5574
83.0631
82.6276
81.9602
81.9602
81.9602
81.9602
81.958
81.9492
81.9075
81.8503
81.8503
81.8503
81.8503
81.8503
81.8503
81.8411
81.8503
81.8503
81.8503
81.8497
81.8492
81.8487
81.8455
88.3179
83.0456
89.532
81.7891
81.8242
81.8242
81.8242
81.8242
81.8242
83.9086
81.8242
81.8242
81.8242
81.8242
81.8242
81.8134
81.7592
81.5915
81.2826
81.2826
81.2826
81.2016
81.2261
81.2294
81.123
80.7508
80.7508
80.7018
80.7508
80.7508
80.7508
80.7508
80.7406
80.7246
82.6501
80.7303
80.7406
80.7406
80.7508
80.7417
80.7417
80.7301
80.7046
80.5774
80.1727
80.1188
80.1592
80.1592
80.1592
80.1457
80.1457
80.1188
80.2336
83.3327
81.0322
79.5539
79.4989
79.4886
79.4886
79.4784
79.4579
79.4067
81.6072
83.0694
78.9868
78.9868
78.9868
78.9868
78.9742
78.9558
78.9396
78.9361
84.9685
78.9742
78.9868
78.9868
78.9868
78.9868
78.9868
78.9868
78.9868
78.9868
78.9868
78.9868
78.9868
78.9868
78.9868
78.9777
78.9868
78.9868
78.9868
78.9868
78.9868
78.9685
78.9777
78.9777
78.9777
78.9776
78.9866
78.9864
78.986
80.5224
82.1885
82.8651
78.9817
78.9817
78.9817
78.9817
78.9817
78.9817
78.9817
78.9301
78.9817
78.9817
78.9817
78.9817
78.9817
78.9817
78.9817
78.9817
78.9817
78.9817
78.9817
78.9817
78.9817
78.9817
78.9817
78.9817
78.9817
78.9559
78.9817
78.9817
78.9817
78.9817
78.9817
78.9817
78.9817
78.9817
78.9817
78.9817
78.9817
78.9559
78.9817
78.9817
78.9817
78.9817
78.9817
78.9817
78.9817
78.9817
78.9817
78.9817
78.9817
78.9817
78.9817
78.9817
78.9817
78.9817
78.9817
78.9259
78.9259
78.9817
78.9817
78.9817
78.9817
78.969
78.9817
78.9778
78.9622
78.9115
78.7867
78.7867
78.7867
78.7867
78.7777
78.7777
78.7597
78.672
78.9353
81.0102
78.3361
78.3361
78.3361
78.2705
78.3361
78.3361
78.3361
78.3361
78.3361
78.3361
78.3361
78.3361
78.3361
78.3361
78.3265
78.1781
78.0752
77.8048
79.5225
77.6646
77.7292
77.5999
77.5352
78.8637
76.6943
74.8253
74.625
74.625
74.625
74.625
74.625
74.625
74.625
74.625
74.625
74.625
74.625
74.625
74.625
74.6214
74.6214
74.6103
74.5955
74.5439
74.4406
74.4406
74.4406
74.4406
74.4406
74.4406
74.4406
74.4406
74.4406
74.4406
74.4406
74.4406
74.4406
74.4406
74.4406
74.4406
74.4406
74.4181
74.4406
74.4286
74.4045
74.3324
74.1883
73.8398
73.8398
73.8398
73.8398
73.8398
73.8398
73.8398
73.8398
73.8398
73.8398
73.8398
73.8398
73.8398
73.8398
73.8398
73.8398
73.8398
73.8398
73.8368
73.8398
73.8398
73.8398
73.8398
73.8398
73.8097
73.8097
73.7916
73.665
73.5143
72.8932
72.3324
72.3324
72.3324
72.3324
72.3324
72.3324
72.3324
72.3324
72.3324
72.3324
72.3324
72.3324
72.3281
72.3111
72.2727
72.1535
72.1194
72.1194
72.1194
72.1194
72.1194
72.1194
72.1194
72.1194
72.1194
72.1194
72.1194
72.1194
72.1194
72.1194
72.1194
72.1194
72.1194
72.1194
72.1194
72.1194
72.1194
72.1194
72.1194
72.1168
72.1117
72.1041
72.0631
71.9915
71.9915
71.9915
71.9915
71.9915
71.9915
71.9915
71.9915
71.9915
71.9915
71.9915
71.9915
71.9915
71.9797
71.968
71.9738
71.9797
71.9756
71.9597
71.9635
71.908
71.7691
71.4914
71.4914
71.4914
71.4914
71.4914
71.4914
71.4914
71.4914
71.4914
71.4914
71.4914
71.4914
71.4914
71.4914
71.4914
71.4463
71.4091
72.0723
71.4708
71.4914
71.4914
71.4282
71.4914
71.4914
71.4914
71.4914
71.4914
71.4799
71.4799
71.4914
71.4914
71.4914
71.4914
71.4914
71.4914
71.4914
71.4914
71.4914
71.4914
71.3431
71.2337
71.1767
71.0964
70.8837
70.6318
71.4936
69.8943
69.0197
69.0197
69.0053
68.9596
68.7496
68.3062
68.2974
68.3004
68.3004
68.3004
68.2884
68.7862
68.3004
68.3004
68.3004
68.3004
68.3004
68.3004
68.3004
68.3004
68.3004
68.3004
68.2336
68.3861
68.2781
68.3004
68.3004
68.3004
68.3004
68.3004
68.3004
68.3004
68.3004
68.3004
68.3004
68.3004
68.3004
68.3004
68.3004
68.3004
68.2642
68.3004
68.3004
68.3004
68.3004
68.3004
68.2244
69.9219
68.3004
68.3004
68.3004
68.3004
68.2902
68.8797
68.3004
68.3004
68.2902
68.3004
68.3004
68.3004
68.3004
68.3004
68.3004
68.3004
68.3004
68.3004
68.3004
68.3004
68.3004
68.3004
68.3004
68.3004
68.3004
68.3004
68.3004
68.3004
68.3004
68.3004
68.3004
68.3004
68.3004
68.3004
68.3004
68.2811
68.2619
68.1269
67.8571
67.3559
67.3366
67.3366
67.3366
67.3366
67.3366
67.3366
67.3027
67.3027
67.3366
67.3366
67.3366
67.3366
67.3027
67.2569
67.9866
67.2182
67.0525
66.7447
66.7344
66.719
66.7344
66.7447
66.7447
66.7447
66.7447
66.7447
66.7447
66.7447
66.7447
66.7447
66.7293
66.7395
66.7209
66.7241
66.7447
66.7447
66.7447
66.7447
66.7447
66.7447
66.7447
66.7447
66.7344
66.7293
66.7395
66.7447
66.7447
66.7447
66.7447
66.7447
66.7447
66.7447
66.7447
66.7447
66.7447
66.7447
66.7407
66.7447
66.7447
66.7447
66.7447
66.7442
66.7442
66.7433
66.7447
66.7447
66.7344
66.7344
66.7241
66.7241
67.4432
66.7447
66.7447
66.7447
66.7447
66.7447
66.7447
66.7447
66.7395
66.7395
66.7344
66.7344
66.7344
68.0917
66.7447
66.7447
66.7447
66.7447
66.7447
66.7447
66.7447
66.7447
66.7447
66.7447
66.7447
66.7447
66.7074
66.726
66.726
66.7447
66.7447
66.7447
66.726
66.7447
66.7447
66.7447
66.7447
66.7447
66.7074
66.7074
66.7074
66.7447
66.7447
66.7447
66.726
66.7074
66.7447
66.7447
66.7447
66.7447
66.6888
66.7074
66.7074
66.6888
66.8672
66.7447
66.7447
66.7447
66.7447
66.7447
66.7447
66.7447
66.7447
66.7344
66.7139
66.673
70.513
66.632
66.39
66.1919
66.3211
66.1533
66.0752
67.5664
65.7989
65.4512
65.4465
65.4465
65.4465
65.4418
65.4371
65.423
65.3386
65.2166
65.2166
65.2166
65.2166
65.2166
65.2166
65.2166
65.2166
65.2166
65.2166
65.2166
65.2166
65.2166
65.2166
65.2166
65.2166
65.2166
65.2166
65.2166
65.2166
65.2166
65.2166
65.2166
65.2166
65.2166
65.2166
65.2166
65.2166
65.2166
65.2166
65.2166
65.2166
65.2166
65.2166
65.2166
65.2166
65.2166
65.2166
65.2166
65.2166
65.2166
65.2166
65.2166
65.2166
65.2166
65.2166
65.2166
65.2166
65.2166
65.2166
65.2166
65.2166
65.2166
65.2166
65.2166
65.2166
65.2166
65.2412
65.2166
65.2166
65.2166
65.2166
65.2166
65.2166
65.2166
65.2166
65.2166
65.2127
65.2127
65.2087
65.2127
65.2127
65.2166
65.2166
65.2166
65.2166
65.2166
65.2166
65.2166
65.2166
65.2166
65.2127
65.2087
65.2048
65.2087
65.2127
65.2127
65.2166
65.2166
65.2166
65.2166
65.2166
65.2166
65.2166
65.2166
65.2166
65.2166
65.2095
65.1952
65.1452
65.0095
64.8596
64.8596
64.8596
64.8596
64.8596
64.8596
64.8596
64.8596
64.8596
64.8596
64.8596
64.8596
64.8596
64.8596
64.8596
64.8596
64.8596
64.8596
64.8596
64.8596
64.8596
64.8596
64.8596
64.8596
64.8596
64.8596
64.8596
64.8596
64.8596
64.8596
64.8596
64.8596
64.8596
64.8596
64.8596
64.8596
64.8596
64.8596
64.8596
64.8596
64.8596
64.8596
64.8596
64.8596
64.8596
64.8596
64.8504
64.8412
68.6519
64.8182
67.1291
65.9505
64.8366
64.8581
68.0234
64.8591
65.7101
64.786
64.6757
64.6298
64.6298
64.6298
64.6298
64.6298
64.6283
64.6254
64.6187
64.6003
64.5929
64.5929
64.5723
64.5655
64.4833
64.2503
64.2503
64.2503
64.2503
64.2503
64.2503
64.2503
64.2503
64.2503
64.2503
64.2503
64.2503
64.2503
64.2503
64.2503
64.2503
64.2503
64.2503
64.2503
64.2503
64.2503
64.2425
64.2385
64.2464
64.2464
64.2503
64.2503
64.2503
64.2503
64.2503
64.2503
64.2503
64.2503
64.2503
64.2503
64.2503
64.2503
64.2503
64.2503
64.2503
64.2503
64.2503
64.2503
64.2503
64.2503
64.2503
64.2503
64.2503
64.2503
64.2503
64.2503
64.2503
64.2503
64.2503
64.2503
64.2503
64.2503
64.2503
64.2503
64.2503
64.2503
64.2503
64.2503
64.2503
64.2503
64.2503
64.2503
64.2503
64.2503
64.2503
64.2503
64.2503
64.2503
64.2503
64.2503
64.2503
64.2503
64.2503
64.2503
64.2503
64.2503
64.2148
64.203
64.0609
63.8715
63.6584
63.6584
63.6584
63.6584
63.6584
63.6584
63.6584
63.6584
63.6584
63.6584
63.6584
63.6584
63.6584
63.6584
63.6584
63.6584
63.6584
63.6584
63.6584
63.6584
63.6584
63.6584
63.6584
63.6584
63.6584
63.6584
63.6584
63.6584
63.6584
63.6584
63.6584
63.6584
63.6584
63.6584
63.6584
63.6584
63.6584
63.6584
63.6584
63.6584
63.6584
63.6584
63.6584
63.6584
63.6584
63.6584
63.6584
63.6584
63.6584
63.6584
63.6584
63.6584
63.6584
63.6584
63.6584
63.6584
63.6584
63.6584
63.6584
63.6584
63.6584
63.6584
63.6584
63.6584
63.6584
63.6584
63.6584
63.6584
63.6584
63.6584
63.6584
63.6584
63.6584
63.6584
63.6584
63.6584
63.6584
63.6584
63.6584
63.6584
63.6584
63.6584
63.6584
63.6584
63.6584
63.6584
63.6548
63.6548
63.6478
63.6443
63.6478
63.6548
63.6584
63.6584
63.6584
63.6584
63.6584
63.658
63.6567
63.6538
63.643
63.642
63.642
63.642
63.642
63.642
63.642
63.642
63.642
63.642
63.642
63.642
63.642
63.642
63.642
63.642
63.642
63.642
63.642
63.642
63.642
63.642
63.642
63.642
63.642
63.642
63.642
63.642
63.642
63.642
63.642
63.642
63.642
63.642
63.642
63.642
63.642
63.642
63.642
63.642
63.642
63.642
63.642
63.642
63.642
63.642
63.642
63.642
63.642
63.642
63.642
63.642
63.642
63.642
63.642
63.642
63.642
63.642
63.642
63.642
63.642
63.642
63.642
63.642
63.642
63.642
63.642
63.642
63.642
63.642
63.642
63.642
63.642
63.642
63.642
63.642
63.642
63.642
63.642
63.642
63.642
63.642
63.642
63.6335
63.6166
63.6251
63.6251
63.5996
63.5318
63.4131
63.218
63.218
63.218
63.218
63.218
63.218
63.218
63.218
63.218
63.218
63.218
63.218
63.218
63.218
63.218
63.218
63.218
63.218
63.218
63.218
63.218
63.218
63.218
63.218
63.218
63.218
63.218
63.218
63.218
63.218
63.218
63.218
63.218
63.218
63.218
63.218
63.218
63.218
63.218
63.218
63.218
63.218
63.218
63.218
63.218
63.218
63.218
63.218
63.218
63.218
63.218
63.218
63.218
63.218
63.218
63.218
63.218
63.218
63.218
63.218
63.218
63.218
63.218
63.218
63.218
63.218
63.218
63.218
63.218
63.218
63.218
63.218
63.218
63.218
63.218
63.218
63.218
63.218
63.218
63.218
63.2141
63.2141
63.2141
63.2141
63.2141
63.2141
63.218
63.218
63.218
63.218
63.218
63.218
63.218
63.218
63.218
63.218
63.218
63.218
63.218
63.218
63.218
63.218
63.218
63.218
63.218
63.218
63.2162
63.218
63.218
63.218
63.218
63.218
63.218
63.218
63.218
63.218
63.218
63.218
63.218
63.218
63.218
63.218
63.218
63.218
63.218
63.218
63.218
63.218
63.218
63.218
63.218
63.218
63.218
63.218
63.218
63.218
63.218
63.218
63.218
63.218
63.218
63.218
63.218
63.218
63.2158
63.218
63.218
63.218
63.218
63.218
63.218
63.218
63.218
63.218
63.218
63.218
63.218
63.218
63.218
63.218
63.218
63.218
63.218
63.218
63.218
63.218
63.218
63.218
63.218
63.218
63.218
63.218
63.218
63.218
63.218
63.218
63.218
63.218
63.218
63.218
63.218
63.218
63.218
63.218
63.218
63.218
63.218
63.218
63.218
63.218
63.2158
63.2135
63.2135
63.218
63.218
63.218
63.218
63.218
63.218
63.218
63.218
63.218
63.218
63.218
63.218
63.218
63.218
63.218
63.2096
63.367
65.5619
63.2554
63.2165
63.218
63.2165
63.218
63.218
63.218
63.218
63.218
63.218
63.218
63.218
63.218
63.218
63.218
63.2119
63.2165
63.218
63.218
63.218
63.218
63.218
63.218
63.218
63.218
63.218
63.218
63.218
63.218
63.218
63.218
63.218
63.218
63.215
63.215
63.218
63.218
63.218
63.218
63.2126
63.218
63.218
63.218
63.218
63.218
63.218
63.218
63.218
63.218
63.218
63.218
63.218
63.218
63.2141
63.218
63.218
63.218
63.218
63.218
63.218
63.218
63.218
63.218
63.215
63.2165
63.218
63.2162
63.218
63.218
63.218
63.218
63.218
63.218
63.218
63.218
63.2165
63.2119
63.2165
63.218
63.218
63.218
63.218
63.218
63.218
63.218
63.218
63.218
63.8875
63.215
63.218
63.218
63.218
63.218
63.215
63.215
63.217
63.218
63.218
63.218
63.215
63.2088
63.5926
63.2165
63.218
63.218
63.218
63.218
63.218
63.218
63.218
63.218
63.2071
63.2126
63.2126
63.2126
63.218
63.218
63.218
63.218
63.218
63.218
63.218
63.218
63.2141
63.2141
63.1984
63.1709
65.8416
63.0215
63.0215
63.0215
63.0215
63.0215
63.0215
63.0215
64.7149
63.0215
63.0215
63.0215
63.0215
63.0215
63.1233
63.0215
63.0215
63.0215
63.0215
63.0215
63.0215
63.0215
63.0215
63.0215
63.0215
63.0215
63.0169
63.0184
63.0199
63.0215
63.0215
63.0215
63.0199
63.0199
63.0184
63.0215
63.0215
63.0215
63.0215
63.0215
63.0215
63.0215
63.0215
63.0215
63.0215
63.0215
63.0215
63.0215
63.0215
63.0215
63.0199
63.0215
63.0215
63.0215
63.0215
63.0215
63.0199
63.0199
63.0215
63.0215
63.0215
63.0215
63.0461
63.0371
63.0215
63.0215
63.0215
63.0215
63.0215
63.0215
63.0215
63.0215
63.0215
63.0215
63.0215
63.0215
63.0215
63.0215
63.0215
63.0215
63.0215
63.0215
63.0215
63.0215
63.0215
63.0215
63.0215
63.0215
63.0215
63.0215
63.0215
63.0215
63.0215
63.0215
63.0215
63.0215
63.0215
63.0215
63.0215
63.0215
63.0215
63.0215
63.0215
63.0215
63.0215
63.0215
63.0215
63.0215
63.0215
63.0215
63.0215
63.0215
63.0215
63.0215
63.0215
63.0215
63.0215
63.0215
63.0215
63.0215
63.0215
63.0192
63.3033
63.0199
63.0205
63.0215
63.0215
63.0215
63.0199
63.0215
63.0215
63.0215
63.0215
63.0215
63.0215
63.0215
63.0215
63.0215
63.0215
63.0215
63.0215
63.0215
63.0215
63.0215
63.0215
63.0215
76.3501
63.0215
70.1142
66.079
65.8453
67.1946
63.5433
63.0199
63.0215
63.0215
63.0215
63.0215
63.0215
63.0215
63.0215
63.0215
63.0215
63.0215
63.0215
63.0215
63.0215
63.0215
63.0215
63.0215
63.0215
63.0215
63.0215
63.0215
63.0215
63.0215
63.0215
63.0215
63.0215
63.0215
63.0215
63.0215
63.0184
63.0169
63.0153
63.0362
63.0153
63.0215
63.0153
63.0138
63.0414
63.0184
63.0138
63.0153
65.7838
63.0076
62.9969
66.8487
62.9446
62.9446
62.9446
62.9446
62.9446
62.9446
62.9446
62.9446
62.9446
62.9446
62.9446
62.9446
62.9446
62.9446
62.9446
62.9446
62.9446
62.9446
62.9446
62.9446
62.9446
62.9446
62.9446
62.9446
62.9446
62.9446
62.9446
62.9446
62.9446
62.9446
62.9446
62.9446
62.9446
62.9446
62.9446
62.9446
62.9446
62.9446
62.9446
62.9446
62.9446
62.9446
62.9446
62.9446
62.9446
62.9446
62.9446
62.9446
62.9446
62.9446
62.9446
62.9446
62.9446
62.9446
62.9446
62.9446
62.9446
62.9446
62.9446
62.9446
62.9446
62.9446
62.9446
62.9446
62.9446
62.9446
62.9446
62.9446
62.9446
62.9446
62.9446
62.9446
62.9446
62.9446
62.9446
62.9446
62.9446
62.9446
62.9446
62.9446
62.9446
62.9446
62.9446
62.9446
62.9446
62.9446
62.9446
62.9446
62.9446
62.9446
62.9446
62.9446
62.9446
62.9446
62.9446
62.9446
62.9446
62.9446
62.9446
62.9446
62.9446
62.9446
62.9446
62.9446
62.9446
62.9446
62.9446
62.9446
62.9446
62.9446
62.9446
62.9446
62.9446
62.9446
62.9446
62.9446
62.9446
62.9446
62.9446
62.9446
62.9446
62.9446
62.9446
62.9446
62.9446
62.9446
62.9446
62.9446
62.9446
62.9446
62.9446
62.9446
62.9446
62.9446
62.9446
62.9446
62.9446
62.9446
62.9446
62.9446
62.9446
62.9446
62.9446
62.9446
62.9446
62.9446
62.9446
62.9446
62.9446
62.9446
62.9446
62.9446
62.9446
62.9446
62.9446
62.9446
62.9446
62.9446
62.9446
62.9446
62.9446
62.9446
62.9446
62.9446
62.9446
62.9446
62.9446
62.9446
62.9446
62.9446
62.9446
62.9446
62.9446
62.9446
62.9446
62.9446
62.9446
62.9446
62.9446
62.9446
62.9446
62.9446
62.9446
62.9446
62.9446
62.9446
62.9446
62.9446
62.9446
62.9446
62.9446
62.9446
62.9446
62.9446
62.9446
62.9446
62.9446
62.9446
62.9446
62.9446
62.9446
62.9446
62.9446
62.9446
62.9446
62.9446
62.9446
62.9446
62.9446
62.9446
62.9446
62.9446
62.9446
62.9446
62.9446
62.9446
62.9446
62.9446
62.9446
62.9446
62.9446
62.9446
62.9446
62.9446
62.9446
62.9446
62.9446
62.9446
62.9446
62.9446
62.9446
62.9446
62.9446
62.9446
62.9446
62.9446
62.9446
62.9446
62.9446
62.9446
62.9446
62.9446
62.9446
62.9446
62.9446
62.9446
62.9446
62.9446
62.9446
62.9446
62.9446
62.9446
62.9446
62.9446
62.9446
62.9446
62.9446
62.9446
62.9446
62.9446
62.9446
62.9446
62.9446
62.9446
62.9446
62.9446
62.9446
62.9446
62.9446
62.9446
62.9446
62.9446
62.9446
62.9446
62.9446
62.9446
62.9446
62.9446
62.9446
62.9446
62.9446
62.9446
62.9446
62.9446
62.9446
62.9446
62.9446
62.9446
62.9446
62.9446
62.9446
62.9446
62.9446
62.9446
62.9446
62.9446
62.9446
62.9446
62.9446
62.9446
62.9446
62.9446
62.9446
62.9446
62.9446
62.9446
62.9446
62.9446
62.9446
62.9446
62.9446
62.9446
62.9446
62.9446
62.9446
62.9446
62.9446
62.9446
62.9446
62.9446
62.9446
62.9446
62.9446
62.9446
62.9446
62.9446
62.9446
62.9446
62.9446
62.9446
62.9446
62.9446
62.9446
62.9446
62.9446
62.9446
62.9446
66.2684
62.9446
62.9446
62.9446
62.9446
62.9446
62.9446
62.9446
62.9446
62.9446
62.9446
62.9446
62.9446
62.9446
62.9446
62.9446
62.9446
62.9446
62.9446
62.9446
62.9446
62.9446
62.9446
62.9446
62.9446
62.9446
62.9446
62.9446
62.9446
62.9446
62.9446
62.9446
62.9446
62.9446
62.9446
62.9446
62.9446
62.9446
62.9446
62.9446
62.9446
62.9446
62.9446
62.9446
62.9446
62.9446
62.9446
62.9446
62.9446
62.9446
62.9446
62.9446
62.9446
62.9446
62.9446
62.9446
62.9446
62.9446
62.9446
62.9446
62.9446
62.9446
62.9446
62.9446
62.9446
62.9446
62.9446
62.9446
62.9446
62.9446
62.9446
62.9446
62.9446
62.9446
62.9446
62.9446
62.9446
62.9446
62.9446
62.9446
62.9446
62.9446
62.9446
62.9446
62.9446
62.9446
62.9446
62.9446
62.9446
62.9446
65.3378
67.3234
62.9446
62.9446
62.9446
62.9446
62.9446
62.9446
62.9446
62.9446
62.9446
62.9446
62.9446
62.9446
62.9446
62.9446
62.9446
62.9446
62.9446
62.9446
62.9446
62.9446
62.9446
62.9446
62.9446
62.9446
62.9446
62.9446
62.9446
62.9446
62.9446
62.9446
62.9446
62.9446
62.9446
62.9446
62.9446
62.9446
62.9446
62.9446
62.9446
62.9446
62.9446
62.9446
62.9446
62.9446
62.9446
62.9446
62.9446
62.9439
62.9416
62.9422
62.9436
62.9444
62.9446
62.9446
62.9446
62.9446
62.9446
62.9446
62.9446
62.9446
62.9446
62.9446
62.9446
62.9446
62.9446
62.8797
62.7368
62.3473
62.2954
62.2954
62.2954
62.2954
62.2954
62.2954
62.2954
62.2954
62.2954
62.2954
62.2954
62.2954
62.2954
62.2954
62.2954
62.2954
62.2954
62.2954
62.2954
62.2954
62.2954
62.2954
62.2954
62.2954
62.2954
62.2954
62.2954
62.2954
62.2954
62.2954
62.2954
62.2954
62.2954
62.2954
62.2954
62.2954
62.2954
62.2954
62.2954
62.2954
62.2954
62.2954
62.2954
62.2954
62.2954
62.2954
62.2954
62.2954
62.2954
62.2954
62.2954
62.2954
62.2954
62.2954
62.2954
62.2954
62.2954
62.2954
62.2954
62.2954
62.2954
62.2954
62.2954
62.2954
62.2954
62.2954
62.2954
62.2954
62.2954
62.2954
62.2954
62.2954
62.2954
62.2954
62.2954
62.2954
62.2954
62.2954
62.2954
62.2954
62.2954
62.2954
62.2954
62.2954
62.2954
62.2954
62.2954
62.2954
62.2954
62.2954
62.2954
62.2954
62.2954
62.2954
62.2954
62.2954
62.2954
62.2954
62.2954
62.2954
62.2954
62.2954
62.2954
62.2954
62.2954
62.2954
62.2954
62.2954
62.2954
62.2954
62.2954
62.2954
62.2954
62.2954
62.2954
62.2954
62.2954
62.2954
62.2954
62.2954
62.2954
62.2954
62.2954
62.2954
62.2954
62.2954
62.2954
62.2954
62.2954
62.2954
62.2954
62.2954
62.2954
62.2954
62.2954
62.2954
62.2954
62.2954
62.2954
62.2954
62.2954
62.2954
62.2954
62.2954
62.2954
62.2954
62.2954
62.2954
62.2954
62.2954
62.2954
62.2954
62.2954
62.2954
62.2954
62.2954
62.2954
62.2954
62.2954
62.2954
62.2954
62.2954
62.2954
62.2954
62.2954
62.2954
62.2954
62.2954
62.2954
62.2954
62.2954
62.2954
62.2954
62.2954
62.2954
62.2954
62.2954
62.2954
62.2954
62.2954
62.2954
62.2954
62.2954
62.2954
62.2954
62.2954
62.2954
62.2954
62.2954
62.2954
62.2954
62.2954
62.2954
62.2954
62.2954
62.2954
62.2954
62.2954
62.2954
62.2954
62.2954
62.2954
62.2954
62.2954
62.2954
62.2954
62.2954
62.2954
62.2954
62.2954
62.2954
62.2954
62.2954
62.2954
62.2954
62.2954
62.2954
62.2954
62.2954
62.2954
62.2954
62.2954
62.2954
62.2954
62.2954
62.2954
62.2954
62.2954
62.2954
62.2954
62.2954
62.2954
62.2954
62.2954
62.2954
62.2954
62.2954
62.2954
62.2954
62.2954
62.2954
62.2954
62.2954
62.2954
62.2954
62.2954
62.2954
62.2954
62.2954
62.2954
62.2954
62.2954
62.2954
62.2954
62.2954
62.2954
62.2954
62.2954
62.2954
62.2954
62.2954
62.2954
62.2954
62.2954
62.2954
62.2954
62.2954
62.2954
62.2954
62.2954
62.2954
62.2954
62.2954
62.2954
62.2954
62.2954
62.2954
62.2954
62.2954
62.2954
62.2954
62.2954
62.2954
62.2954
62.2954
62.2954
62.2954
62.2954
62.2954
62.2954
62.2954
62.2954
62.2954
62.2954
62.2954
62.2954
62.2954
62.2954
62.2954
62.2954
62.2954
62.2954
62.2954
62.2954
62.2954
62.2954
62.2954
62.2954
62.2954
62.2954
62.2954
62.2954
62.2954
62.2954
62.2954
62.2954
62.2954
62.2954
62.2954
62.2954
62.2954
62.2954
62.2954
62.2954
62.2954
62.2954
62.2954
62.2954
62.2954
62.2954
62.2954
62.2954
62.2954
62.2954
62.2954
62.2954
62.2954
62.2954
62.2954
62.2954
62.2954
62.2954
62.2954
62.2954
62.2954
62.2954
62.2954
62.2954
62.2954
62.2954
62.2954
62.2954
62.2954
62.2954
62.2954
62.2954
62.2954
62.2954
62.2954
62.2954
62.2954
62.2954
62.2954
62.2954
62.2954
62.2954
62.2954
62.2954
62.2954
62.2954
62.2954
62.2954
62.2954
62.2954
62.2954
62.2954
62.2954
62.2954
62.2954
62.2954
62.2954
62.2954
62.2954
62.2954
62.2954
62.2954
62.2954
62.2954
62.2954
62.2954
62.2954
62.2954
62.2954
62.2954
62.2954
62.2954
62.2954
62.2954
62.2954
62.2954
62.2954
62.2954
62.2954
62.2954
62.2954
62.2954
62.2954
62.2954
62.2954
62.2954
62.2954
62.2954
62.2954
62.2954
62.2954
62.2954
62.2954
62.2954
62.2954
62.2954
62.2954
62.2954
62.2954
62.2954
62.2954
62.2954
62.2954
62.2954
62.2954
62.2954
62.2954
62.2954
62.2954
62.2954
62.2954
62.2954
62.2954
62.2954
62.2954
62.2954
62.2954
62.2954
62.2954
62.2954
62.2954
62.2954
62.2954
62.2954
62.2954
62.2954
62.2954
62.2954
62.2954
62.2954
62.2954
62.2954
62.2954
62.2954
62.2954
62.2954
62.2954
62.2954
62.2954
62.2954
62.2954
62.2954
62.2954
62.2954
62.2954
62.2954
62.2954
62.2954
62.2954
62.2954
62.2954
62.2954
62.2954
62.2954
62.2954
62.2954
62.2954
62.2954
62.2954
62.2954
62.2954
62.2954
62.2954
62.2954
62.2954
62.2954
62.2954
62.2954
62.2954
62.2954
62.2954
62.2954
62.2954
62.2954
62.2954
62.2954
62.2954
62.2954
62.2954
62.2954
62.2954
62.2954
62.2954
62.2954
62.2954
62.2954
62.2954
62.2954
62.2954
62.2954
62.2954
62.2954
62.2954
62.2954
62.2954
62.2954
62.2954
62.2954
62.2954
62.2954
62.2954
62.2954
62.2954
62.2954
62.2954
62.2954
62.2954
62.2954
62.2954
62.2954
62.2954
62.2954
62.2954
62.2954
62.2954
62.2954
62.2954
62.2954
62.2954
62.2954
62.2954
62.2954
62.2954
62.2954
62.2954
62.2954
62.2954
62.2954
62.2954
62.2954
62.2954
62.2954
62.2954
62.2954
62.2954
62.2954
62.2954
62.2954
62.2954
62.2954
62.2954
62.2954
62.2954
62.2954
62.2954
62.2954
62.2954
62.2954
62.2954
62.2954
62.2954
62.2954
62.2954
62.2954
62.2954
62.2954
62.2954
62.2954
62.2954
62.2954
62.2954
62.2954
62.2954
62.2954
62.2954
62.2954
62.2954
62.2954
62.2954
62.2954
62.2954
62.2954
62.2954
62.2954
62.2954
62.2954
62.2954
62.2954
62.2954
62.2954
62.2954
62.2954
62.2954
62.2954
62.2954
62.2954
62.2954
62.2954
62.2954
62.2954
62.2954
62.2954
62.2954
62.2954
62.2954
62.2954
62.2954
62.2954
62.2954
62.2954
62.2954
62.2954
62.2954
62.2954
62.2954
62.2954
62.2954
62.2954
62.2954
62.2954
62.2954
62.2954
62.2954
62.2954
62.2954
62.2954
62.2954
62.2954
62.2954
62.2954
62.2954
62.2954
62.2954
62.2954
62.2954
62.2954
62.2954
62.2954
62.2954
62.2954
62.2954
62.2954
62.2954
62.2954
62.2954
62.2954
62.2954
62.2954
62.2954
62.2954
62.2954
62.2954
62.2954
62.2954
62.2954
62.2954
62.2954
62.2954
62.2954
62.2954
62.2954
62.2954
62.2954
62.2954
62.2954
62.2954
62.2954
62.2954
62.2954
62.2954
62.2954
62.2954
62.2954
62.2954
62.2954
62.2954
62.2954
62.2954
62.2954
62.2954
62.2954
62.2954
62.2954
62.2954
62.2954
62.2954
62.2954
62.2954
62.2954
62.2954
62.2954
62.2954
62.2954
62.2954
62.2954
62.2954
62.2954
62.2954
62.2954
62.2954
62.2954
62.2954
62.2954
62.2954
62.2954
62.2954
62.2954
62.2954
62.2954
62.2954
62.2954
62.2954
62.2954
62.2954
62.2954
62.2954
62.2954
62.2954
62.2954
62.2954
62.2954
62.2954
62.2954
62.2954
62.2954
62.2954
62.2954
62.2939
62.2852
62.2689
62.2262
62.162
62.0718
62.0599
61.9884
61.7739
61.7739
61.7739
61.7739
61.7739
61.7739
61.7739
61.7739
61.7739
61.7739
61.7739
61.7739
61.7739
61.7739
61.7739
61.7739
61.7739
61.7739
61.7739
61.7739
61.7739
61.7739
61.7739
61.7739
61.7739
61.7739
61.7739
61.7739
61.7739
61.7739
61.7739
61.7739
61.7739
61.7739
61.7739
61.7739
61.7739
61.7739
61.7739
61.7739
61.7739
61.7739
61.7739
61.7739
61.7739
61.7739
61.741
61.741
61.6752
61.553
61.1688
60.9515
60.9515
60.9515
60.9515
60.9515
60.9515
60.9515
60.9515
60.9515
60.9515
60.9515
60.9515
60.9515
60.9515
60.9515
60.9515
60.9515
60.9515
60.9515
60.9515
60.9515
60.9515
60.9515
60.9515
60.9515
60.9515
60.9515
60.9515
60.9515
60.9515
60.9515
60.9515
60.9515
60.9515
60.9515
60.9515
60.9515
60.9515
60.9515
60.9515
60.9515
60.9515
60.9515
60.9515
60.9515
60.9515
60.9515
60.9515
60.9515
60.9515
60.9515
60.9515
60.9515
60.9515
60.9515
60.9515
60.9515
60.9515
60.9515
60.9515
60.9515
60.9515
60.9515
60.9515
60.9515
60.9515
60.9515
60.9515
60.9515
60.9515
60.9515
60.9515
60.9515
60.9515
60.9515
60.9515
60.9515
60.9515
60.9515
60.9515
60.9515
60.9515
60.9515
60.9515
60.9515
60.9515
60.9515
60.9515
60.9515
60.9515
60.9515
60.9515
60.9515
60.9515
60.9515
60.9515
60.9515
60.9515
60.9515
60.9515
60.9515
60.9515
60.9515
60.9515
60.9515
60.9515
60.9515
60.9515
60.9515
60.9515
60.9515
60.9515
60.9515
60.9515
60.9515
60.9515
60.9515
60.9515
60.9515
60.9515
60.9515
60.9515
60.9515
60.9515
60.9515
60.9515
60.9515
60.9515
60.9515
60.9515
60.9515
60.9515
60.9515
60.9515
60.9515
60.9515
60.9515
60.9515
60.9515
60.9515
60.9515
60.9515
60.9515
60.9515
60.9515
60.9515
60.9515
60.9515
60.9515
60.9515
60.9515
60.9515
60.9515
60.9515
60.9515
60.9515
60.9515
60.9515
60.9515
60.9515
60.9515
60.9515
60.9515
60.9515
60.9515
60.9515
60.9515
60.9515
60.9515
60.9515
60.9515
60.9515
60.9515
60.9515
60.9515
60.9515
60.9515
60.9515
60.9515
60.9515
60.9515
60.9515
60.9515
60.9515
60.9515
60.9515
60.9515
60.9515
60.9515
60.9515
60.9515
60.9515
60.9515
60.9515
60.9515
60.9515
60.9515
60.9515
60.9515
60.9515
60.9515
60.9515
60.9515
60.9515
60.9515
60.9515
60.9515
60.9515
60.9515
60.9515
60.9515
60.9515
60.9515
60.9515
60.9515
60.9515
60.9515
60.9515
60.9515
60.9515
60.9515
60.9515
60.9515
60.9515
60.9515
60.9515
60.9515
60.9515
60.9515
60.9515
60.9515
60.9515
60.9515
60.9515
60.9515
60.9515
60.9515
60.9515
60.9515
60.9515
60.9515
60.9515
60.9515
60.9515
60.9515
60.9515
60.9515
60.9515
60.9515
60.9515
60.9515
60.9515
60.9515
60.9515
60.9515
60.9515
60.9515
60.9515
60.9515
60.9515
60.9515
60.9515
60.9515
60.9515
60.9515
60.9515
60.9515
60.9515
60.9515
60.9515
60.9515
60.9515
60.9515
60.9515
60.9515
60.9515
60.9515
60.9515
60.9515
60.9515
60.9515
60.9515
60.9515
60.9515
60.9515
60.9515
60.9515
60.9515
60.9515
60.9515
60.9515
60.9515
60.9515
60.9515
60.9515
60.9515
60.9515
60.9515
60.9515
60.9515
60.9515
60.9515
60.9515
60.9515
60.9515
60.9515
60.9515
60.9515
60.9515
60.9515
60.9515
60.9515
60.9515
60.9515
60.9515
60.9515
60.9515
60.9515
60.9515
60.9515
60.9515
60.9515
60.9515
60.9515
60.9515
60.9515
60.9515
60.9515
60.9515
60.9515
60.9515
60.9515
60.9515
60.9515
60.9515
60.9515
60.9515
60.9515
60.9515
60.9515
60.9515
60.9515
60.9515
60.9515
60.9515
60.9515
60.9515
60.9515
60.9515
60.9515
60.9515
60.9515
60.9515
60.9515
60.9515
60.9515
60.9515
60.9515
60.9515
60.9515
60.9515
60.9515
60.9515
60.9515
60.9515
60.9515
60.9515
60.9515
60.9515
60.9515
60.9515
60.9515
60.9515
60.9515
60.9515
60.9515
60.9515
60.9515
60.9515
60.9515
60.9515
60.9515
60.9515
60.9515
60.9515
60.9515
60.9515
60.9515
60.9515
60.9515
60.9515
60.9515
60.9515
60.9515
60.9515
60.9515
60.9515
60.9515
60.9515
60.9515
60.9515
60.9515
60.9515
60.9515
60.9515
60.9515
60.9515
60.9515
60.9515
60.9515
60.9515
60.9515
60.9515
60.9515
60.9515
60.9515
60.9515
60.9515
60.9515
60.9515
60.9515
60.9481
60.9447
60.9277
60.8869
60.7848
60.7814
60.7814
60.7814
60.7814
60.7814
60.7814
60.7814
60.7814
60.7814
60.7814
60.7814
60.7814
60.7814
60.7814
60.7814
60.7814
60.7814
60.7814
60.7814
60.7814
60.7814
60.7814
60.7814
60.7814
60.7814
60.7814
60.7814
60.7814
60.7814
60.7814
60.7814
60.7814
60.7814
60.7814
60.7814
60.7814
60.7814
60.7814
60.7814
60.7814
60.7814
60.7814
60.7814
60.7814
60.7814
60.7814
60.7814
60.7814
60.7814
60.7814
60.7814
60.7814
60.7814
60.7814
60.7814
60.7814
60.7814
60.7814
60.7814
60.7814
60.7814
60.7814
60.7814
60.7814
60.7814
60.7814
60.7814
60.7814
60.7814
60.7814
60.7814
60.7814
60.7814
60.7814
60.7814
60.7814
60.7814
60.7814
60.7814
60.7814
60.7814
60.7814
60.7814
60.7814
60.7814
60.7814
60.7814
60.7814
60.7814
60.7814
60.7814
60.7814
60.7814
60.7814
60.7814
60.7814
60.7814
60.7814
60.7814
60.7814
60.7814
60.7814
60.7814
60.7814
60.7814
60.7814
60.7814
60.7814
60.7814
60.7814
60.7814
60.7814
60.7814
60.7814
60.7814
60.7814
60.7814
60.7814
60.7814
60.7814
60.7814
60.7814
60.7814
60.7814
60.7814
60.7814
60.7814
60.7814
60.7814
60.7814
60.7814
60.7814
60.7814
60.7814
60.7814
60.7814
60.7814
60.7814
60.7814
60.7814
60.7814
60.7814
60.7814
60.7814
60.7814
60.7814
60.7814
60.7814
60.7814
60.7814
60.7814
60.7814
60.7814
60.7814
60.7814
60.7814
60.7814
60.7814
60.7814
60.7814
60.7814
60.7814
60.7814
60.7814
60.7814
60.7814
60.7814
60.7814
60.7814
60.7814
60.7814
60.7814
60.7814
60.7814
60.7814
60.7814
60.7814
60.7814
60.7814
60.7814
60.7814
60.7814
60.7814
60.7814
60.7814
60.7814
60.7814
60.7814
60.7814
60.7814
60.7814
60.7814
60.7814
60.7814
60.7814
60.7814
60.7814
60.7814
60.7814
60.7814
60.7814
60.7814
60.7814
60.7814
60.7814
60.7814
60.7814
60.7814
60.7814
60.7814
60.7814
60.7814
60.7814
60.7814
60.7814
60.7814
60.7814
60.7814
60.7814
60.7814
60.7814
60.7814
60.7814
60.7814
60.7814
60.7814
60.7814
60.7814
60.7814
60.7814
60.7814
60.7814
60.7814
60.7814
60.7814
60.7814
60.7814
60.7814
60.7814
60.7814
60.7814
60.7814
60.7814
60.7814
60.7814
60.7814
60.7814
60.7814
60.7814
60.7814
60.7814
60.7814
60.7814
60.7814
60.7814
60.7814
60.7814
60.7814
60.7814
60.7814
60.7814
60.7814
60.7814
60.7814
60.7814
60.7814
60.7814
60.7814
60.7814
60.7814
60.7814
60.7814
60.7814
60.7814
60.7814
60.7814
60.7814
60.7814
60.7814
60.7814
60.7814
60.7814
60.7814
60.7814
60.7814
60.7814
60.7814
60.7814
60.7814
60.7814
60.7814
60.7814
60.7814
60.7814
60.7814
60.7814
60.7814
60.7814
60.7814
60.7814
60.7814
60.7814
60.7814
60.7814
60.7814
60.7814
60.7814
60.7814
60.7814
60.7814
60.7814
60.7814
60.7814
60.7814
60.7814
60.7814
60.7814
60.7814
60.7814
60.7814
60.7814
60.7814
60.7814
60.7814
60.7814
60.7814
60.7814
60.7814
60.7814
60.7814
60.7814
60.7814
60.7814
60.7814
60.7814
60.7814
60.7814
60.7814
60.7814
60.7814
60.7814
60.7814
60.7814
60.7814
60.7814
60.7814
60.7814
60.7814
60.7814
60.7814
60.7814
60.7814
60.7814
60.7814
60.7814
60.7814
60.7814
60.7814
60.7814
60.7814
60.7814
60.7814
60.7814
60.7814
60.7814
60.7814
60.7814
60.7814
60.7814
60.7814
60.7814
60.7814
60.7814
60.7814
60.7814
60.7814
60.7814
60.7814
60.7814
60.7814
60.7814
60.7814
60.7814
60.7814
60.7814
60.7814
60.7814
60.7814
60.7814
60.7814
60.7814
60.7814
60.7814
60.7814
60.7814
60.7814
60.7814
60.7814
60.7814
60.7814
60.7814
60.7814
60.7814
60.7814
60.7814
60.7814
60.7814
60.7814
60.7814
60.7814
60.7814
60.7814
60.7814
60.7814
60.7814
60.7814
60.7814
60.7814
60.7814
60.7814
60.7814
60.7814
60.7814
60.7814
60.7814
60.7814
60.7814
60.7814
60.7814
60.7814
60.7814
60.7814
60.7814
60.7814
60.7814
60.7814
60.7814
60.7814
60.7814
60.7814
60.7814
60.7814
60.7814
60.7814
60.7814
60.7814
60.7814
60.7814
60.7814
60.7814
60.7814
60.7814
60.7814
60.7814
60.7814
60.7814
60.7814
60.7814
60.7814
60.7814
60.7814
60.7814
60.7814
60.7814
60.7814
60.7814
60.7814
60.7814
60.7814
60.7814
60.7814
60.7814
60.7814
60.7814
60.7814
60.7814
60.7814
60.7814
60.7814
60.7814
60.7814
60.7814
60.7814
60.7814
60.7814
60.7814
60.7814
60.7814
60.7814
60.7814
60.7814
60.7814
60.7814
60.7814
60.7814
60.7814
60.7814
60.7814
60.7814
60.7814
60.7814
60.7814
60.7814
60.7814
60.7814
60.7814
60.7814
60.7814
60.7814
60.7814
60.7814
60.7814
60.7814
60.7814
60.7814
60.7814
60.7814
60.7814
60.7814
60.7814
60.7814
60.7814
60.7814
60.7814
60.7814
60.7814
60.7814
60.7814
60.7814
60.7814
60.7814
60.7814
60.7814
60.7814
60.7814
60.7814
60.7814
60.7814
60.7814
60.7814
60.7814
60.7814
60.7814
60.7814
60.7814
60.7814
60.7814
60.7814
60.7814
60.7814
60.7814
60.7814
60.7814
60.7814
60.7814
60.7814
60.7814
60.7814
60.7814
60.7814
60.7814
60.7814
60.7814
60.7814
60.7814
60.7814
60.7814
60.7814
60.7814
60.7814
60.7814
60.7814
60.7814
60.7814
60.7814
60.7814
60.7814
60.7814
60.7814
60.7814
60.7814
60.7814
60.7814
60.7814
60.7814
60.7814
60.7814
60.7814
60.7814
60.7814
60.7814
60.7814
60.7814
60.7814
60.7814
60.7814
60.7814
60.7814
60.7814
60.7814
60.778
60.778
60.778
60.7711
60.754
60.7196
60.6928
60.6098
60.6098
60.6098
60.6098
60.6098
60.6098
60.6098
60.6098
60.6098
60.6098
60.6098
60.6098
60.6098
60.6098
60.6098
60.6098
60.6098
60.6098
60.6098
60.6098
60.6098
60.6098
60.6098
60.6098
60.6098
60.6098
60.6098
60.6098
60.6098
60.6098
60.6098
60.6098
60.6098
60.6098
60.6098
60.6098
60.6098
60.6098
60.6098
60.6098
60.6098
60.6098
60.6098
60.6098
60.6098
60.6098
60.6098
60.6098
60.6098
60.6098
60.6098
60.6098
60.6098
60.6098
60.6098
60.6098
60.6098
60.6098
60.6098
60.6098
60.6098
60.6098
60.6098
60.6098
60.6098
60.6098
60.6098
60.6098
60.6098
60.6098
60.6098
60.6098
60.6098
60.6098
60.6098
60.6098
60.6098
60.6098
60.6098
60.6098
60.6098
60.6098
60.6098
60.6098
60.6098
60.6098
60.6098
60.6098
60.6098
60.6098
60.6098
60.6098
60.6098
60.6098
60.6098
60.6098
60.6098
60.6098
60.6098
60.6098
60.6098
60.6098
60.6098
60.6098
60.6098
60.6098
60.6098
60.6098
60.6098
60.6098
60.6098
60.6098
60.6098
60.6098
60.6098
60.6098
60.6098
60.6098
60.6098
60.6098
60.6098
60.6098
60.6098
60.6098
60.6098
60.6098
60.6098
60.6098
60.6098
60.6098
60.6098
60.6098
60.6098
60.6098
60.6098
60.6098
60.6098
60.6098
60.6098
60.6098
60.6098
60.6098
60.6098
60.6098
60.6098
60.6098
60.6098
60.6098
60.6098
60.6098
60.6098
60.6098
60.6098
60.6098
60.6098
60.6098
60.6098
60.6098
60.6098
60.6098
60.6098
60.6098
60.6098
60.6098
60.6098
60.6098
60.6098
60.6098
60.6098
60.6098
60.6098
60.6098
60.6098
60.6098
60.6098
60.6098
60.6098
60.6098
60.6098
60.6098
60.6098
60.6098
60.6098
60.6098
60.6098
60.6098
60.6098
60.6098
60.6098
60.6098
60.6098
60.6098
60.6098
60.6098
60.6098
60.6098
60.6098
60.6098
60.6098
60.6098
60.6098
60.6098
60.6098
60.6098
60.6098
60.6098
60.6098
60.6098
60.6098
60.6098
60.6098
60.6098
60.6098
60.6098
60.6098
60.6098
60.6098
60.6098
60.6098
60.6098
60.6098
60.6098
60.6098
60.6098
60.6098
60.6098
60.6098
60.6098
60.6098
60.6098
60.6098
60.6098
60.6098
60.6098
60.6098
60.6098
60.6098
60.6098
60.6098
60.6098
60.6098
60.6098
60.6098
60.6098
60.6098
60.6098
60.6098
60.6098
60.6098
60.6098
60.6098
60.6098
60.6098
60.6098
60.6098
60.6098
60.6098
60.6098
60.6098
60.6098
60.6098
60.6098
60.6098
60.6098
60.6098
60.6098
60.6098
60.6098
60.6098
60.6098
60.6098
60.6098
60.6098
60.6098
60.6098
60.6098
60.6098
60.6098
60.6098
60.6098
60.6098
60.6098
60.6098
60.6098
60.6098
60.6098
60.6098
60.6098
60.6098
60.6098
60.6098
60.6098
60.6098
60.6098
60.6098
60.6098
60.6098
60.6098
60.6098
60.6098
60.6098
60.6098
60.6098
60.6098
60.6098
60.6098
60.6098
60.6098
60.6098
60.6098
60.6098
60.6098
60.6098
60.6098
60.6098
60.6098
60.6098
60.6098
60.6098
60.6098
60.6098
60.6098
60.6098
60.6098
60.6098
60.6098
60.6098
60.6098
60.6098
60.6098
60.6098
60.6098
60.6098
60.6098
60.6098
60.6098
60.6098
60.6098
60.6098
60.6098
60.6098
60.6098
60.6098
60.6098
60.6098
60.6098
60.6098
60.6098
60.6098
60.6098
60.6098
60.6098
60.6098
60.6098
60.6098
60.6098
60.6098
60.6098
60.6098
60.6098
60.6098
60.6098
60.6098
60.6098
60.6098
60.6098
60.6098
60.6098
60.6098
60.6098
60.6098
60.6098
60.6098
60.6098
60.6098
60.6098
60.6098
60.6098
60.6098
60.6098
60.6098
60.6098
60.6098
60.6098
60.6098
60.6098
60.6098
60.6098
60.6098
60.6098
60.6098
60.6098
60.6098
60.6098
60.6098
60.6098
60.6098
60.6098
60.6098
60.6098
60.6098
60.6098
60.6098
60.6098
60.6098
60.6098
60.6098
60.6098
60.6098
60.6098
60.6098
60.6098
60.6098
60.6098
60.6098
60.6098
60.6098
60.6098
60.6098
60.6098
60.6098
60.6098
60.6098
60.6098
60.6098
60.6098
60.6098
60.6098
60.6098
60.6098
60.6098
60.6098
60.6098
60.6098
60.6098
60.6098
60.6098
60.6098
60.6098
60.6098
60.6098
60.6098
60.6098
60.6098
60.6098
60.6098
60.6098
60.6098
60.6098
60.6098
60.6098
60.6098
60.6098
60.6098
60.6098
60.6098
60.6098
60.6098
60.6098
60.6098
60.6098
60.6098
60.6098
60.6098
60.6098
60.6098
60.6098
60.6098
60.6098
60.6098
60.6098
60.6098
60.6098
60.6098
60.6098
60.6098
60.6098
60.6098
60.6098
60.6098
60.6098
60.6098
60.6098
60.6098
60.6098
60.6098
60.6098
60.6098
60.6098
60.6098
60.6098
60.6098
60.6098
60.6098
60.6098
60.6098
60.6098
60.6098
60.6098
60.6098
60.6098
60.6098
60.6098
60.6098
60.6098
60.6098
60.6098
60.6098
60.6098
60.6098
60.6098
60.6098
60.6098
60.6098
60.6098
60.6098
60.6098
60.6098
60.6098
60.6098
60.6098
60.6098
60.6098
60.6098
60.6098
60.6098
60.6098
60.6098
60.6098
60.6098
60.6098
60.6098
60.6098
60.6098
60.6098
60.6098
60.6098
60.6098
60.6098
60.6098
60.6098
60.6098
60.6098
60.6098
60.6098
60.6098
60.6098
60.6098
60.6098
60.6098
60.6098
60.6098
60.6098
60.6098
60.6098
60.6098
60.6098
60.6098
60.6098
60.6098
60.6098
60.6098
60.6098
60.6098
60.6098
60.6098
60.6098
60.6098
60.6098
60.6098
60.6098
60.6098
60.6098
60.6098
60.6098
60.6098
60.6098
60.6098
60.6098
60.6098
60.6098
60.6098
60.6098
60.6098
60.6098
60.6098
60.6098
60.6098
60.6098
60.6098
60.6098
60.6098
60.6098
60.6098
60.6098
60.6098
60.6098
60.6098
60.6098
60.6098
60.6098
60.6098
60.6098
60.6098
60.6098
60.6098
60.6098
60.6098
60.6098
60.6098
60.6098
60.6098
60.6098
60.6098
60.6098
60.6098
60.6098
60.6098
60.6098
60.6098
60.6098
60.6098
60.6098
60.6098
60.6098
60.6098
60.6098
60.6098
60.6098
60.6098
60.6098
60.6098
60.6098
60.6098
60.6098
60.6098
60.6098
60.6098
60.6098
60.6098
60.6098
60.6098
60.6098
60.6098
60.6098
60.6098
60.6098
60.6098
60.6098
60.6098
60.6098
60.6098
60.6098
60.6098
60.6098
60.6098
60.6098
60.6098
60.6098
60.6098
60.6098
60.6098
60.6098
60.6098
60.6098
60.6098
60.6098
60.6098
60.6098
60.6098
60.6098
60.6098
60.6098
60.6098
60.6098
60.6098
60.6098
60.6098
60.6098
60.6098
60.6098
60.6098
60.6098
60.6098
60.6098
60.6098
60.6098
60.6098
60.6098
60.6098
60.6098
60.6098
60.6098
60.6098
60.6098
60.6098
60.6098
60.6098
60.6098
60.6098
60.6098
60.6098
60.6098
60.6098
60.6098
60.6098
60.6098
60.6098
60.6098
60.6098
60.6098
60.6098
60.6098
60.6098
60.6098
60.6098
60.6098
60.6098
60.6098
60.6098
60.6098
60.6098
60.6098
60.6098
60.6098
60.6098
60.6098
60.6098
60.6098
60.6098
60.6098
60.6098
60.6098
60.6098
60.6098
60.6098
60.6098
60.6098
60.6098
60.6098
60.6098
60.6098
60.6098
60.6098
60.6098
60.6098
60.6098
60.6098
60.6098
60.6098
60.6098
60.6098
60.6098
60.6098
60.6098
60.6098
60.6098
60.6098
60.6098
60.6098
60.6098
60.6098
60.6098
60.6098
60.6098
60.6098
60.6098
60.6098
60.6098
60.6098
60.6098
60.6098
60.6098
60.6098
60.6098
60.6098
60.6098
60.6098
60.6098
60.6098
60.6098
60.6098
60.6098
60.6098
60.6098
60.6098
60.6098
60.6098
60.6098
60.6098
60.6098
60.6098
60.6098
60.6098
60.6098
60.6098
60.6098
60.6098
60.6098
60.6098
60.6098
60.6098
60.6098
60.6098
60.6098
60.6098
60.6098
60.6098
60.6098
60.6098
60.6098
60.6098
60.6098
60.6098
60.6098
60.6098
60.6098
60.6098
60.6098
60.6098
60.6098
60.6098
60.6098
60.6098
60.6098
60.6098
60.6098
60.6098
60.6098
60.6098
60.6098
60.6098
60.6098
60.6098
60.6098
60.6098
60.6098
60.6098
60.6098
60.6098
60.6098
60.6098
60.6098
60.6098
60.6098
60.6098
60.6098
60.6098
60.6098
60.6098
60.6098
60.6098
60.6098
60.6098
60.6098
60.6098
60.6098
60.6098
60.6098
60.6098
60.6098
60.6098
60.6098
60.6098
60.6098
60.6098
60.6098
60.6098
60.6098
60.6098
60.6098
60.6098
60.6098
60.6098
60.6098
60.6098
60.6098
60.6098
60.6098
60.6098
60.6098
60.6098
60.6098
60.6098
60.6098
60.6098
60.6098
60.6098
60.6098
60.6098
60.6098
60.6098
60.6098
60.6098
60.6098
60.6098
60.6098
60.6098
60.6098
60.6098
60.6098
60.6098
60.6098
60.6098
60.6098
60.6098
60.6098
60.6098
60.6098
60.6098
60.6098
60.6098
60.6098
60.6098
60.6098
60.6098
60.6098
60.6098
60.6098
60.6098
60.6098
60.6098
60.6098
60.6098
60.6098
60.6098
60.6098
60.6098
60.6098
60.6098
60.6098
60.6098
60.6098
60.6098
60.6098
60.6098
60.6098
60.6098
60.6098
60.6098
60.6098
60.6098
60.6098
60.6098
60.6098
60.6098
60.6098
60.6098
60.6098
60.6098
60.6098
60.6098
60.6098
60.6098
60.6098
60.6098
60.6098
60.6098
60.6098
60.6098
60.6098
60.6098
60.6098
60.6098
60.6098
60.6098
60.6098
60.6098
60.6098
60.6098
60.6098
60.6098
60.6098
60.6098
60.6098
60.6098
60.6098
60.6098
60.6098
60.6098
60.6098
60.6098
60.6098
60.6098
60.6098
60.6098
60.6098
60.6098
60.6098
60.6098
60.6098
60.6098
60.6098
60.6098
60.6098
60.6098
60.6098
60.6098
60.6098
60.6098
60.6098
60.6098
60.6098
60.6098
60.6098
60.6098
60.6098
60.6098
60.6098
60.6098
60.6098
60.6098
60.6098
60.6098
60.6098
60.6098
60.6098
60.6098
60.6098
60.6098
60.6098
60.6098
60.6098
60.6098
60.6098
60.6098
60.6098
60.6098
60.6098
60.6098
60.6098
60.6098
60.6098
60.6098
60.6098
60.6098
60.6098
60.6098
60.6098
60.6098
60.6098
60.6098
60.6098
60.6098
60.6098
60.6098
60.6098
60.6098
60.6098
60.6098
60.6098
60.6098
60.6098
60.6098
60.6098
60.6098
60.6098
60.6098
60.6098
60.6098
60.6098
60.6098
60.6098
60.6098
60.6098
60.6098
60.6098
60.6098
60.6098
60.6098
60.6098
60.6098
60.6098
60.6098
60.6098
60.6098
60.6098
60.6098
60.6098
60.6098
60.607
60.6056
60.6028
60.5874
60.5468
60.5398
60.5398
60.5398
60.5398
60.5398
60.5398
60.5398
60.5398
60.5398
60.5398
60.5398
60.5398
60.5398
60.5398
60.5398
60.5398
60.5398
60.5398
60.5398
60.5398
60.5398
60.5398
60.5398
60.5398
60.5398
60.5398
60.5398
60.5398
60.5398
60.5398
60.5398
60.5398
60.5398
60.5398
60.5398
60.5398
60.5398
60.5398
60.5398
60.5398
60.5398
60.5398
60.5398
60.5398
60.5398
60.5398
60.5398
60.5398
60.5398
60.5398
60.5398
60.5398
60.5398
60.5398
60.5398
60.5398
60.5398
60.5398
60.5398
60.5398
60.5398
60.5398
60.5398
60.5398
60.5398
60.5398
60.5398
60.5398
60.5398
60.5398
60.5398
60.5398
60.5398
60.5398
60.5398
60.5398
60.5398
60.5398
60.5398
60.5398
60.5398
60.5398
60.5398
60.5398
60.5398
60.5398
60.5398
60.5398
60.5398
60.5398
60.5398
60.5398
60.5398
60.5398
60.5398
60.5398
60.5398
60.5398
60.5398
60.5398
60.5398
60.5398
60.5398
60.5398
60.5398
60.5398
60.5398
60.5398
60.5398
60.5398
60.5398
60.5398
60.5398
60.5398
60.5398
60.5398
60.5398
60.5398
60.5398
60.5398
60.5398
60.5398
60.5398
60.5398
60.5398
60.5398
60.5398
60.5398
60.5398
60.5398
60.5398
60.5398
60.5398
60.5398
60.5398
60.5398
60.5398
60.5398
60.5398
60.5398
60.5398
60.5398
60.5398
60.5398
60.5398
60.5398
60.5398
60.5398
60.5398
60.5398
60.5398
60.5398
60.5398
60.5398
60.5398
60.5398
60.5398
60.5398
60.5398
60.5398
60.5398
60.5398
60.5398
60.5398
60.5398
60.5398
60.5398
60.5398
60.5398
60.5398
60.5398
60.5398
60.5398
60.5398
60.5398
60.5398
60.5398
60.5398
60.5398
60.5398
60.5398
60.5398
60.5398
60.5398
60.5398
60.5398
60.5398
60.5398
60.5398
60.5398
60.5398
60.5398
60.5398
60.5398
60.5398
60.5398
60.5398
60.5398
60.5398
60.5398
60.5398
60.5398
60.5398
60.5398
60.5398
60.5398
60.5398
60.5398
60.5398
60.5398
60.5398
60.5398
60.5398
60.5398
60.5398
60.5398
60.5398
60.5398
60.5398
60.5398
60.5398
60.5398
60.5398
60.5398
60.5398
60.5398
60.5398
60.5398
60.5398
60.5398
60.5398
60.5398
60.5398
60.5398
60.5398
60.5398
60.5398
60.5398
60.5398
60.5398
60.5398
60.5398
60.5398
60.5398
60.5398
60.5398
60.5398
60.5398
60.5398
60.5398
60.5398
60.5398
60.5398
60.5398
60.5398
60.5398
60.5398
60.5398
60.5398
60.5398
60.5398
60.5398
60.5398
60.5398
60.5398
60.5398
60.5398
60.5398
60.5398
60.5398
60.5398
60.5398
60.5398
60.5398
60.5391
60.5364
60.5281
60.5053
60.5053
60.5053
60.5053
60.5053
60.5053
60.4925
60.4326
60.2915
60.2915
60.2915
60.2915
60.2915
60.2915
60.2915
60.2915
60.2915
60.2915
60.2915
60.2915
60.2915
60.2915
60.2915
60.2915
60.2915
60.2915
60.2915
60.2915
60.2915
60.2915
60.2915
60.2915
60.2915
60.2915
60.2915
60.2915
60.2915
60.2915
60.2915
60.2915
60.2915
60.2915
60.2915
60.2915
60.2915
60.2915
60.2915
60.2915
60.2915
60.2915
60.2915
60.2915
60.2915
60.2915
60.2915
60.2915
60.2915
60.2915
60.2915
60.2915
60.2915
60.2915
60.2915
60.2915
60.2915
60.2915
60.2915
60.2915
60.2915
60.2915
60.2915
60.2915
60.2915
60.2915
60.2915
60.2915
60.2915
60.2915
60.2915
60.2915
60.2915
60.2915
60.2915
60.2915
60.2915
60.2915
60.2915
60.2915
60.2915
60.2915
60.2915
60.2915
60.2915
60.2915
60.2915
60.2915
60.2915
60.2915
60.2915
60.2915
60.2915
60.2915
60.2915
60.2915
60.2915
60.2915
60.2915
60.2915
60.2915
60.2915
60.2915
60.2915
60.2915
60.2915
60.2915
60.2915
60.2915
60.2915
60.2915
60.2915
60.2915
60.2915
60.2915
60.2915
60.2915
60.2915
60.2915
60.2915
60.2915
60.2915
60.2915
60.2915
60.2915
60.2915
60.2915
60.2915
60.2915
60.2915
60.2915
60.2915
60.2915
60.2915
60.2915
60.2915
60.2915
60.2915
60.2915
60.2915
60.2915
60.2915
60.2915
60.2915
60.2915
60.2915
60.2915
60.2915
60.2915
60.2915
60.2915
60.2915
60.2915
60.2915
60.2915
60.2915
60.2915
60.2915
60.2915
60.2915
60.2915
60.2915
60.2915
60.2915
60.2915
60.2915
60.2915
60.2915
60.2915
60.2915
60.2915
60.2915
60.2915
60.2915
60.2915
60.2915
60.2915
60.2915
60.2915
60.2915
60.2915
60.2915
60.2915
60.2915
60.2915
60.2915
60.2915
60.2915
60.2915
60.2915
60.2915
60.2915
60.2915
60.2915
60.2915
60.2915
60.2915
60.2915
60.2915
60.2915
60.2915
60.2915
60.2915
60.2915
60.2915
60.2915
60.2915
60.2915
60.2915
60.2915
60.2915
60.2915
60.2915
60.2915
60.2915
60.2915
60.2915
60.2915
60.2915
60.2915
60.2915
60.2915
60.2915
60.2915
60.2915
60.2915
60.2915
60.2915
60.2915
60.2915
60.2915
60.2915
60.2915
60.2915
60.2915
60.2915
60.2915
60.2915
60.2915
60.2915
60.2915
60.2915
60.2915
60.2915
60.2915
60.2915
60.2915
60.2915
60.2915
60.2915
60.2915
60.2915
60.2915
60.2915
60.2915
60.2915
60.2915
60.2915
60.2915
60.2915
60.2915
60.2915
60.2915
60.2915
60.2915
60.2915
60.2915
60.2915
60.2915
60.2915
60.2915
60.2915
60.2915
60.2915
60.2915
60.2915
60.2915
60.2915
60.2915
60.2915
60.2915
60.2915
60.2915
60.2915
60.2915
60.2915
60.2915
60.2915
60.2915
60.2915
60.2915
60.2915
60.2915
60.2915
60.2915
60.2915
60.2915
60.2915
60.2915
60.2915
60.2915
60.2915
60.2915
60.2915
60.2915
60.2915
60.2915
60.2915
60.2915
60.2915
60.2915
60.2915
60.2915
60.2915
60.2915
60.2915
60.2915
60.2915
60.2915
60.2915
60.2915
60.2915
60.2915
60.2915
60.2915
60.2915
60.2915
60.2915
60.2915
60.2915
60.2915
60.2915
60.2915
60.2915
60.2915
60.2915
60.2915
60.2915
60.2915
60.2915
60.2915
60.2915
60.2915
60.2915
60.2915
60.2915
60.2915
60.2915
60.2915
60.2915
60.2915
60.2915
60.2915
60.2915
60.2915
60.2915
60.2915
60.2915
60.2915
60.2915
60.2915
60.2915
60.2915
60.2915
60.2915
60.2915
60.2915
60.2915
60.2915
60.2915
60.2915
60.2915
60.2915
60.2915
60.2915
60.2915
60.2915
60.2915
60.2915
60.2915
60.2915
60.2915
60.2915
60.2915
60.2915
60.2915
60.2915
60.2915
60.2915
60.2915
60.2915
60.2915
60.2915
60.2915
60.2915
60.2915
60.2915
60.2915
60.2915
60.2915
60.2915
60.2915
60.2915
60.2915
60.2915
60.2915
60.2915
60.2915
60.2915
60.2915
60.2915
60.2915
60.2915
60.2915
60.2915
60.2915
60.2915
60.2915
60.2915
60.2915
60.2915
60.2915
60.2915
60.2915
60.2915
60.2915
60.2915
60.2915
60.2915
60.2915
60.2915
60.2915
60.2915
60.2915
60.2915
60.2915
60.2915
60.2915
60.2915
60.2915
60.2915
60.2915
60.2915
60.2915
60.2915
60.2915
60.2915
60.2915
60.2915
60.2915
60.2915
60.2915
60.2915
60.2915
60.2915
60.2915
60.2915
60.2915
60.2915
60.2915
60.2915
60.2915
60.2915
60.2915
60.2915
60.2915
60.2915
60.2915
60.2915
60.2915
60.2915
60.2915
60.2915
60.2915
60.2915
60.2915
60.2915
60.2915
60.2915
60.2915
60.2915
60.2915
60.2915
60.2915
60.2915
60.2915
60.2915
60.2915
60.2915
60.2915
60.2915
60.2915
60.2915
60.2915
60.2915
60.2915
60.2915
60.2915
60.2915
60.2915
60.2915
60.2915
60.2915
60.2915
60.2915
60.2915
60.2915
60.2915
60.2915
60.2915
60.2915
60.2915
60.2915
60.2915
60.2915
60.2915
60.2915
60.2915
60.2915
60.2915
60.2915
60.2915
60.2915
60.2915
60.2915
60.2915
60.2915
60.2915
60.2915
60.2915
60.2915
60.2915
60.2915
60.2915
60.2915
60.2915
60.2915
60.2915
60.2915
60.2915
60.2915
60.2915
60.2915
60.2915
60.2915
60.2915
60.2915
60.2915
60.2915
60.2915
60.2915
60.2915
60.2915
60.2915
60.2915
60.2915
60.2915
60.2915
60.2915
60.2915
60.2915
60.2915
60.2915
60.2915
60.2915
60.2915
60.2915
60.2915
60.2915
60.2915
60.2915
60.2915
60.2915
60.2915
60.2915
60.2915
60.2915
60.2915
60.2915
60.2915
60.2915
60.2915
60.2915
60.2915
60.2915
60.2915
60.2915
60.2915
60.2915
60.2915
60.2915
60.2915
60.2915
60.2915
60.2915
60.2915
60.2915
60.2915
60.2915
60.2915
60.2915
60.2915
60.2915
60.2915
60.2915
60.2915
60.2915
60.2915
60.2915
60.2915
60.2915
60.2915
60.2915
60.2915
60.2915
60.2915
60.2915
60.2915
60.2915
60.2915
60.2915
60.2915
60.2915
60.2915
60.2915
60.2915
60.2915
60.2915
60.2915
60.2915
60.2915
60.2915
60.2915
60.2915
60.2915
60.2915
60.2915
60.2915
60.2915
60.2915
60.2915
60.2915
60.2915
60.2915
60.2915
60.2915
60.2915
60.2915
60.2915
60.2915
60.2915
60.2915
60.2915
60.2915
60.2915
60.2915
60.2915
60.2915
60.2915
60.2915
60.2915
60.2915
60.2915
60.2915
60.2915
60.2915
60.2915
60.2915
60.2915
60.2915
60.2915
60.2915
60.2915
60.2915
60.2915
60.2915
60.2915
60.2915
60.2915
60.2915
60.2915
60.2915
60.2915
60.2915
60.2915
60.2915
60.2915
60.2915
60.2915
60.2915
60.2915
60.2915
60.2915
60.2915
60.2915
60.2915
60.2915
60.2915
60.2915
60.2915
60.2915
60.2915
60.2915
60.2915
60.2915
60.2915
60.2915
60.2915
60.2915
60.2915
60.2915
60.2915
60.2915
60.2915
60.2915
60.2915
60.2915
60.2915
60.2915
60.2915
60.2915
60.2915
60.2915
60.2915
60.2915
60.2915
60.2915
60.2915
60.2915
60.2915
60.2915
60.2915
60.2915
60.2915
60.2915
60.2915
60.2915
60.2915
60.2915
60.2915
60.2915
60.2915
60.2915
60.2915
60.2915
60.2915
60.2915
60.2915
60.2915
60.2915
60.2915
60.2915
60.2915
60.2915
60.2915
60.2915
60.2915
60.2915
60.2915
60.2915
60.2915
60.2915
60.2915
60.2915
60.2915
60.2915
60.2915
60.2915
60.2915
60.2915
60.2915
60.2915
60.2915
60.2915
60.2915
60.2915
60.2915
60.2915
60.2915
60.2915
60.2915
60.2915
60.2915
60.2915
60.2915
60.2915
60.2915
60.2915
60.2915
60.2915
60.2915
60.2915
60.2915
60.2915
60.2915
60.2915
60.2915
60.2915
60.2915
60.2915
60.2915
60.2915
60.2915
60.2915
60.2915
60.2915
60.2915
60.2915
60.2915
60.2915
60.2915
60.2915
60.2915
60.2915
60.2915
60.2915
60.2915
60.2915
60.2915
60.2915
60.2915
60.2915
60.2915
60.2915
60.2915
60.2915
60.2915
60.2915
60.2915
60.2915
60.2915
60.2915
60.2915
60.2915
60.2915
60.2915
60.2915
60.2915
60.2915
60.2915
60.2915
60.2915
60.2915
60.2915
60.2915
60.2915
60.2915
60.2915
60.2915
60.2915
60.2915
60.2915
60.2915
60.2915
60.2915
60.2915
60.2915
60.2915
60.2915
60.2915
60.2915
60.2915
60.2915
60.2915
60.2915
60.2915
60.2915
60.2915
60.2915
60.2915
60.2915
60.2915
60.2915
60.2915
60.2915
60.2915
60.2915
60.2915
60.2915
60.2915
60.2915
60.2915
60.2915
60.2915
60.2915
60.2915
60.2915
60.2915
60.2915
60.2915
60.2915
60.2915
60.2915
60.2915
60.2915
60.2915
60.2915
60.2915
60.2915
60.2915
60.2915
60.2915
60.2915
60.2915
60.2915
60.2915
60.2915
60.2915
60.2915
60.2915
60.2915
60.2915
60.2915
60.2915
60.2915
60.2915
60.2915
60.2915
60.2915
60.2915
60.2915
60.2915
60.2915
60.2915
60.2915
60.2915
60.2915
60.2915
60.2915
60.2915
60.2915
60.2915
60.2915
60.2915
60.2915
60.2915
60.2915
60.2915
60.2915
60.2915
60.2915
60.2915
60.2915
60.2915
60.2915
60.2915
60.2915
60.2915
60.2915
60.2915
60.2915
60.2915
60.2915
60.2915
60.2915
60.2915
60.2915
60.2915
60.2915
60.2915
60.2915
60.2915
60.2915
60.2915
60.2915
60.2915
60.2915
60.2915
60.2915
60.2915
60.2915
60.2915
60.2915
60.2915
60.2915
60.2915
60.2915
60.2915
60.2915
60.2915
60.2915
60.2915
60.2915
60.2915
60.2915
60.2915
60.2915
60.2915
60.2915
60.2915
60.2915
60.2915
60.2915
60.2915
60.2915
60.2915
60.2915
60.2915
60.2915
60.2915
60.2915
60.2915
60.2915
60.2915
60.2915
60.2915
60.2915
60.2915
60.2915
60.2915
60.2915
60.2915
60.2915
60.2915
60.2915
60.2915
60.2915
60.2915
60.2915
60.2915
60.2915
60.2915
60.2915
60.2915
60.2915
60.2915
60.2915
60.2915
60.2915
60.2915
60.2915
60.2915
60.2915
60.2915
60.2915
60.2915
60.2915
60.2915
60.2915
60.2915
60.2915
60.2915
60.2915
60.2915
60.2915
60.2915
60.2915
60.2915
60.2915
60.2915
60.2915
60.2915
60.2915
60.2915
60.2915
60.2915
60.2915
60.2915
60.2915
60.2915
60.2915
60.2915
60.2915
60.2915
60.2915
60.2915
60.2915
60.2915
60.2915
60.2915
60.2915
60.2915
60.2915
60.2915
60.2915
60.2915
60.2915
60.2915
60.2915
60.2915
60.2915
60.2915
60.2915
60.2915
60.2915
60.2915
60.2915
60.2915
60.2915
60.2915
60.2915
60.2915
60.2915
60.2915
60.2915
60.2915
60.2915
60.2915
60.2915
60.2915
60.2915
60.2915
60.2915
60.2915
60.2915
60.2915
60.2915
60.2915
60.2915
60.2915
60.2915
60.2915
60.2915
60.2915
60.2915
60.2915
60.2915
60.2915
60.2915
60.2915
60.2915
60.2915
60.2915
60.2915
60.2915
60.2915
60.2915
60.2915
60.2915
60.2915
60.2915
60.2915
60.2915
60.2915
60.2915
60.2915
60.2915
60.2915
60.2915
60.2915
60.2915
60.2915
60.2915
60.2915
60.2915
60.2915
60.2915
60.2915
60.2915
60.2915
60.2915
60.2915
60.2915
60.2915
60.2915
60.2915
60.2915
60.2915
60.2915
60.2915
60.2915
60.2915
60.2915
60.2915
60.2915
60.2915
60.2915
60.2915
60.2915
60.2915
60.2915
60.2915
60.2915
60.2915
60.2915
60.2915
60.2915
60.2915
60.2915
60.2915
60.2915
60.2915
60.2915
60.2915
60.2915
60.2915
60.2915
60.2915
60.2915
60.2915
60.2915
60.2915
60.2915
60.2915
60.2915
60.2915
60.2915
60.2915
60.2915
60.2915
60.2915
60.2915
60.2915
60.2915
60.2915
60.2915
60.2915
60.2915
60.2915
60.2915
60.2915
60.2915
60.2915
60.2915
60.2915
60.2915
60.2915
60.2915
60.2915
60.2915
60.2915
60.2915
60.2915
60.2915
60.2915
60.2915
60.2915
60.2915
60.2915
60.2915
60.2915
60.2915
60.2915
60.2915
60.2915
60.2915
60.2915
60.2915
60.2915
60.2915
60.2915
60.2915
60.2915
60.2915
60.2915
60.2915
60.2915
60.2915
60.2915
60.2915
60.2915
60.2915
60.2915
60.2915
60.2915
60.2915
60.2915
60.2915
60.2915
60.2915
60.2915
60.2915
60.2915
60.2915
60.2915
60.2915
60.2915
60.2915
60.2915
60.2915
60.2915
60.2915
60.2915
60.2915
60.2915
60.2915
60.2915
60.2915
60.2915
60.2915
60.2915
60.2915
60.2915
60.2915
60.2915
60.2915
60.2915
60.2915
60.2915
60.2915
60.2915
60.2915
60.2915
60.2915
60.2915
60.2915
60.2915
60.2915
60.2915
60.2915
60.2915
60.2915
60.2915
60.2915
60.2915
60.2915
60.2915
60.2915
60.2915
60.2915
60.2915
60.2915
60.2915
60.2915
60.2915
60.2915
60.2915
60.2915
60.2915
60.2915
60.2915
60.2915
60.2915
60.2915
60.2915
60.2915
60.2915
60.2915
60.2915
60.2915
60.2915
60.2915
60.2915
60.2915
60.2915
60.2915
60.2915
60.2915
60.2915
60.2915
60.2915
60.2915
60.2915
60.2915
60.2915
60.2915
60.2915
60.2915
60.2915
60.2915
60.2915
60.2915
60.2915
60.2915
60.2915
60.2915
60.2915
60.2915
60.2915
60.2915
60.2915
60.2915
60.2915
60.2915
60.2915
60.2915
60.2915
60.2915
60.2915
60.2915
60.2915
60.2915
60.2915
60.2915
60.2915
60.2915
60.2915
60.2915
60.2915
60.2915
60.2915
60.2915
60.2915
60.2915
60.2915
60.2915
60.2915
60.2915
60.2915
60.2915
60.2915
60.2915
60.2915
60.2915
60.2915
60.2915
60.2915
60.2915
60.2915
60.2915
60.2915
60.2915
60.2915
60.2915
60.2915
60.2915
60.2915
60.2915
60.2915
60.2915
60.2915
60.2915
60.2915
60.2915
60.2915
60.2915
60.2915
60.2915
60.2915
60.2915
60.2915
60.2915
60.2915
60.2915
60.2915
60.2915
60.2915
60.2915
60.2915
60.2915
60.2915
60.2915
60.2915
60.2915
60.2915
60.2915
60.2915
60.2915
60.2915
60.2915
60.2915
60.2915
60.2915
60.2915
60.2915
60.2915
60.2915
60.2915
60.2915
60.2915
60.2915
60.2915
60.2915
60.2915
60.2915
60.2915
60.2915
60.2915
60.2915
60.2915
60.2915
60.2915
60.2915
60.2915
60.2915
60.2915
60.2915
60.2915
60.2915
60.2915
60.2915
60.2915
60.2915
60.2915
60.2915
60.2915
60.2915
60.2915
60.2915
60.2915
60.2915
60.2915
60.2915
60.2915
60.2915
60.2915
60.2915
60.2915
60.2915
60.2915
60.2915
60.2915
60.2915
60.2915
60.2915
60.2915
60.2915
60.2915
60.2915
60.2915
60.2915
60.2915
60.2915
60.2915
60.2915
60.2915
60.2915
60.2915
60.2915
60.2915
60.2915
60.2915
60.2915
60.2915
60.2915
60.2915
60.2915
60.2915
60.2915
60.2915
60.2915
60.2915
60.2915
60.2915
60.2915
60.2915
60.2915
60.2915
60.2915
60.2915
60.2915
60.2915
60.2915
60.2915
60.2915
60.2915
60.2915
60.2915
60.2915
60.2915
60.2915
60.2915
60.2915
60.2915
60.2915
60.2915
60.2915
60.2915
60.2915
60.2915
60.2915
60.2915
60.2915
60.2915
60.2915
60.2915
60.2915
60.2915
60.2915
60.2915
60.2915
60.2915
60.2915
60.2915
60.2915
60.2915
60.2915
60.2915
60.2915
60.2915
60.2915
60.2915
60.2915
60.2915
60.2915
60.2915
60.2915
60.2915
60.2915
60.2915
60.2915
60.2915
60.2915
60.2915
60.2915
60.2915
60.2915
60.2915
60.2915
60.2915
60.2915
60.2915
60.2915
60.2915
60.2915
60.2915
60.2915
60.2915
60.2915
60.2915
60.2915
60.2915
60.2915
60.2915
60.2915
60.2915
60.2915
60.2915
60.2915
60.2915
60.2915
60.2915
60.2915
60.2915
60.2915
60.2915
60.2915
60.2915
60.2915
60.2915
60.2915
60.2915
60.2915
60.2915
60.2915
60.2915
60.2915
60.2915
60.2915
60.2915
60.2915
60.2915
60.2915
60.2915
60.2915
60.2915
60.2915
60.2915
60.2915
60.2915
60.2915
60.2915
60.2915
60.2915
60.2915
60.2915
60.2915
60.2915
60.2915
60.2915
60.2915
60.2915
60.2915
60.2915
60.2915
60.2915
60.2915
60.2915
60.2915
60.2915
60.2915
60.2915
60.2915
60.2915
60.2915
60.2915
60.2915
60.2915
60.2915
60.2915
60.2915
60.2915
60.2915
60.2915
60.2915
60.2915
60.2915
60.2915
60.2915
60.2915
60.2915
60.2915
60.2915
60.2915
60.2915
60.2915
60.2915
60.2915
60.2915
60.2915
60.2915
60.2915
60.2915
60.2915
60.2915
60.2915
60.2915
60.2915
60.2915
60.2915
60.2915
60.2915
60.2915
60.2915
60.2915
60.2915
60.2915
60.2915
60.2915
60.2915
60.2915
60.2915
60.2915
60.2915
60.2915
60.2915
60.2915
60.2915
60.2915
60.2915
60.2915
60.2915
60.2915
60.2915
60.2915
60.2915
60.2915
60.2915
60.2915
60.2915
60.2915
60.2915
60.2915
60.2915
60.2915
60.2915
60.2915
60.2915
60.2915
60.2915
60.2915
60.2915
60.2915
60.2915
60.2915
60.2915
60.2915
60.2915
60.2915
60.2915
60.2915
60.2915
60.2915
60.2915
60.2915
60.2915
60.2915
60.2915
60.2915
60.2915
60.2915
60.2915
60.2915
60.2915
60.2915
60.2915
60.2915
60.2915
60.2915
60.2915
60.2915
60.2915
60.2915
60.2915
60.2915
60.2915
60.2915
60.2915
60.2915
60.2915
60.2915
60.2915
60.2915
60.2915
60.2915
60.2915
60.2915
60.2915
60.2915
60.2915
60.2915
60.2915
60.2915
60.2915
60.2915
60.2915
60.2915
60.2915
60.2915
60.2915
60.2915
60.2915
60.2915
60.2915
60.2915
60.2915
60.2915
60.2915
60.2915
60.2915
60.2915
60.2915
60.2915
60.2915
60.2915
60.2915
60.2915
60.2915
60.2915
60.2915
60.2915
60.2915
60.2915
60.2915
60.2915
60.2915
60.2915
60.2915
60.2915
60.2915
60.2915
60.2915
60.2915
60.2915
60.2915
60.2915
60.2915
60.2915
60.2915
60.2915
60.2915
60.2915
60.2915
60.2915
60.2915
60.2915
60.2915
60.2915
60.2915
60.2915
60.2915
60.2915
60.2915
60.2915
60.2915
60.2915
60.2915
60.2915
60.2915
60.2915
60.2915
60.2915
60.2915
60.2915
60.2915
60.2915
60.2915
60.2915
60.2915
60.2915
60.2915
60.2915
60.2915
60.2915
60.2915
60.2915
60.2915
60.2915
60.2915
60.2915
60.2915
60.2915
60.2915
60.2915
60.2915
60.2915
60.2915
60.2915
60.2915
60.2915
60.2915
60.2915
60.2915
60.2915
60.2915
60.2915
60.2915
60.2915
60.2915
60.2915
60.2915
60.2915
60.2915
60.2915
60.2915
60.2915
60.2915
60.2915
60.2915
60.2915
60.2915
60.2915
60.2915
60.2915
60.2915
60.2915
60.2915
60.2915
60.2915
60.2915
60.2915
60.2915
60.2915
60.2915
60.2915
60.2915
60.2915
60.2915
60.2915
60.2915
60.2915
60.2915
60.2915
60.2915
60.2915
60.2915
60.2915
60.2915
60.2915
60.2915
60.2915
60.2915
60.2915
60.2915
60.2915
60.2915
60.2915
60.2915
60.2915
60.2915
60.2915
60.2915
60.2915
60.2915
60.2915
60.2915
60.2915
60.2915
60.2915
60.2915
60.2915
60.2915
60.2915
60.2915
60.2915
60.2915
60.2915
60.2915
60.2915
60.2915
60.2915
60.2915
60.2915
60.2915
60.2915
60.2915
60.2915
60.2915
60.2915
60.2915
60.2915
60.2915
60.2915
60.2915
60.2915
60.2915
60.2915
60.2915
60.2915
60.2915
60.2915
60.2915
60.2915
60.2915
60.2915
60.2915
60.2915
60.2915
60.2915
60.2915
60.2915
60.2915
60.2915
60.2915
60.2915
60.2915
60.2915
60.2915
60.2915
60.2915
60.2915
60.2915
60.2915
60.2915
60.2915
60.2915
60.2915
60.2915
60.2915
60.2915
60.2915
60.2915
60.2915
60.2915
60.2915
60.2915
60.2915
60.2915
60.2915
60.2915
60.2915
60.2915
60.2915
60.2915
60.2915
60.2915
60.2915
60.2915
60.2915
60.2915
60.2915
60.2915
60.2915
60.2915
60.2915
60.2915
60.2915
60.2915
60.2915
60.2915
60.2915
60.2915
60.2915
60.2915
60.2915
60.2915
60.2915
60.2915
60.2915
60.2915
60.2915
60.2915
60.2915
60.2915
60.2915
60.2915
60.2915
60.2915
60.2915
60.2915
60.2915
60.2915
60.2915
60.2915
60.2915
60.2915
60.2915
60.2915
60.2915
60.2915
60.2915
60.2915
60.2915
60.2915
60.2915
60.2915
60.2915
60.2915
60.2915
60.2915
60.2915
60.2915
60.2915
60.2915
60.2915
60.2915
60.2915
60.2915
60.2915
60.2915
60.2915
60.2915
60.2915
60.2915
60.2915
60.2915
60.2915
60.2915
60.2915
60.2915
60.2915
60.2915
60.2915
60.2915
60.2915
60.2915
60.2915
60.2915
60.2915
60.2915
60.2915
60.2915
60.2915
60.2915
60.2915
60.2915
60.2915
60.2915
60.2915
60.2915
60.2915
60.2915
60.2915
60.2915
60.2915
60.2915
60.2915
60.2915
60.2915
60.2915
60.2915
60.2915
60.2915
60.2915
60.2915
60.2915
60.2915
60.2915
60.2915
60.2915
60.2915
60.2915
60.2915
60.2915
60.2915
60.2915
60.2915
60.2915
60.2915
60.2915
60.2915
60.2915
60.2915
60.2915
60.2915
60.2915
60.2915
60.2915
60.2915
60.2915
60.2915
60.2915
60.2915
60.2915
60.2915
60.2915
60.2915
60.2915
60.2915
60.2915
60.2915
60.2915
60.2915
60.2915
60.2915
60.2915
60.2915
60.2915
60.2915
60.2915
60.2915
60.2915
60.2915
60.2915
60.2915
60.2915
60.2915
60.2915
60.2915
60.2915
60.2915
60.2915
60.2915
60.2915
60.2915
60.2915
60.2915
60.2915
60.2915
60.2915
60.2915
60.2915
60.2915
60.2915
60.2915
60.2915
60.2915
60.2915
60.2915
60.2915
60.2915
60.2915
60.2915
60.2915
60.2915
60.2915
60.2915
60.2915
60.2915
60.2915
60.2915
60.2915
60.2915
60.2915
60.2915
60.2915
60.2915
60.2915
60.2915
60.2915
60.2915
60.2915
60.2915
60.2915
60.2915
60.2915
60.2915
60.2915
60.2915
60.2915
60.2915
60.2915
60.2915
60.2915
60.2915
60.2915
60.2915
60.2915
60.2915
60.2915
60.2915
60.2915
60.2915
60.2915
60.2915
60.2915
60.2915
60.2915
60.2915
60.2915
60.2915
60.2915
60.2915
60.2915
60.2915
60.2915
60.2915
60.2915
60.2915
60.2915
60.2915
60.2915
60.2915
60.2915
60.2915
60.2915
60.2915
60.2915
60.2915
60.2915
60.2915
60.2915
60.2915
60.2915
60.2915
60.2915
60.2915
60.2915
60.2915
60.2915
60.2915
60.2915
60.2915
60.2915
60.2915
60.2915
60.2915
60.2915
60.2915
60.2915
60.2915
60.2915
60.2915
60.2915
60.2915
60.2915
60.2915
60.2915
60.2915
60.2915
60.2915
60.2915
60.2915
60.2915
60.2915
60.2915
60.2915
60.2915
60.2915
60.2915
60.2915
60.2915
60.2915
60.2915
60.2915
60.2915
60.2915
60.2915
60.2915
60.2915
60.2915
60.2915
60.2915
60.2915
60.2915
60.2915
60.2915
60.2915
60.2915
60.2915
60.2915
60.2915
60.2915
60.2915
60.2915
60.2915
60.2915
60.2915
60.2915
60.2915
60.2915
60.2915
60.2915
60.2915
60.2915
60.2915
60.2915
60.2915
60.2915
60.2915
60.2915
60.2915
60.2915
60.2915
60.2915
60.2915
60.2915
60.2915
60.2915
60.2915
60.2915
60.2915
60.2915
60.2915
60.2915
60.2915
60.2915
60.2915
60.2915
60.2915
60.2915
60.2915
60.2915
60.2915
60.2915
60.2915
60.2915
60.2915
60.2915
60.2915
60.2915
60.2915
60.2915
60.2915
60.2915
60.2915
60.2915
60.2915
60.2915
60.2915
60.2915
60.2915
60.2915
60.2915
60.2915
60.2915
60.2915
60.2915
60.2915
60.2915
60.2915
60.2915
60.2915
60.2915
60.2915
60.2915
60.2915
60.2915
60.2915
60.2915
60.2915
60.2915
60.2915
60.2915
60.2915
60.2915
60.2915
60.2915
60.2915
60.2915
60.2915
60.2915
60.2915
60.2915
60.2915
60.2915
60.2915
60.2915
60.2915
60.2915
60.2915
60.2915
60.2915
60.2915
60.2915
60.2915
60.2915
60.2915
60.2915
60.2915
60.2915
60.2915
60.2915
60.2915
60.2915
60.2915
60.2915
60.2915
60.2915
60.2915
60.2915
60.2915
60.2915
60.2915
60.2915
60.2915
60.2915
60.2915
60.2915
60.2915
60.2915
60.2915
60.2915
60.2915
60.2915
60.2915
60.2915
60.2915
60.2915
60.2915
60.2915
60.2915
60.2915
60.2915
60.2915
60.2915
60.2915
60.2915
60.2915
60.2915
60.2915
60.2915
60.2915
60.2915
60.2915
60.2915
60.2915
60.2915
60.2915
60.2915
60.2915
60.2915
60.2915
60.2915
60.2915
60.2915
60.2915
60.2915
60.2915
60.2915
60.2915
60.2915
60.2915
60.2915
60.2915
60.2915
60.2915
60.2915
60.2915
60.2915
60.2915
60.2915
60.2915
60.2915
60.2915
60.2915
60.2915
60.2915
60.2915
60.2915
60.2915
60.2915
60.2915
60.2915
60.2915
60.2915
60.2915
60.2915
60.2915
60.2915
60.2915
60.2915
60.2915
60.2915
60.2915
60.2915
60.2915
60.2915
60.2915
60.2915
60.2915
60.2915
60.2915
60.2915
60.2915
60.2915
60.2915
60.2915
60.2915
60.2915
60.2915
60.2915
60.2915
60.2915
60.2915
60.2915
60.2915
60.2915
60.2915
60.2915
60.2915
60.2915
60.2915
60.2915
60.2915
60.2915
60.2915
60.2915
60.2915
60.2915
60.2915
60.2915
60.2915
60.2915
60.2915
60.2915
60.2915
60.2915
60.2915
60.2915
60.2915
60.2915
60.2915
60.2915
60.2915
60.2915
60.2915
60.2915
60.2915
60.2915
60.2915
60.2915
60.2915
60.2915
60.2915
60.2915
60.2915
60.2915
60.2915
60.2915
60.2915
60.2915
60.2915
60.2915
60.2915
60.2915
60.2915
60.2915
60.2915
60.2915
60.2915
60.2915
60.2915
60.2915
60.2915
60.2915
60.2915
60.2915
60.2915
60.2915
60.2915
60.2915
60.2915
60.2915
60.2915
60.2915
60.2915
60.2915
60.2915
60.2915
60.2915
60.2915
60.2915
60.2915
60.2915
60.2915
60.2915
60.2915
60.2915
60.2915
60.2915
60.2915
60.2915
60.2915
60.2915
60.2915
60.2915
60.2915
60.2915
60.2915
60.2915
60.2915
60.2915
60.2915
60.2915
60.2915
60.2915
60.2915
60.2915
60.2915
60.2915
60.2915
60.2915
60.2915
60.2915
60.2915
60.2915
60.2915
60.2915
60.2915
60.2915
60.2915
60.2915
60.2915
60.2915
60.2915
60.2915
60.2915
60.2915
60.2915
60.2915
60.2915
60.2915
60.2915
60.2915
60.2915
60.2915
60.2915
60.2915
60.2915
60.2915
60.2915
60.2915
60.2915
60.2915
60.2915
60.2915
60.2915
60.2915
60.2915
60.2915
60.2915
60.2915
60.2915
60.2915
60.2915
60.2915
60.2915
60.2915
60.2915
60.2915
60.2915
60.2915
60.2915
60.2915
60.2915
60.2915
60.2915
60.2915
60.2915
60.2915
60.2915
60.2915
60.2915
60.2915
60.2915
60.2915
60.2915
60.2915
60.2915
60.2915
60.2915
60.2915
60.2915
60.2915
60.2915
60.2915
60.2915
60.2915
60.2915
60.2915
60.2915
60.2915
60.2915
60.2915
60.2915
60.2915
60.2915
60.2915
60.2915
60.2915
60.2915
60.2915
60.2915
60.2915
60.2915
60.2915
60.2915
60.2915
60.2915
60.2915
60.2915
60.2915
60.2915
60.2915
60.2915
60.2915
60.2915
60.2915
60.2915
60.2915
60.2915
60.2915
60.2915
60.2915
60.2915
60.2915
60.2915
60.2915
60.2915
60.2915
60.2915
60.2915
60.2915
60.2915
60.2915
60.2915
60.2915
60.2915
60.2915
60.2915
60.2915
60.2915
60.2915
60.2915
60.2915
60.2915
60.2915
60.2915
60.2915
60.2915
60.2915
60.2915
60.2915
60.2915
60.2915
60.2915
60.2915
60.2915
60.2915
60.2915
60.2915
60.2915
60.2915
60.2915
60.2915
60.2915
60.2915
60.2915
60.2915
60.2915
60.2915
60.2915
60.2915
60.2915
60.2915
60.2915
60.2915
60.2915
60.2915
60.2915
60.2915
60.2915
60.2915
60.2915
60.2915
60.2915
60.2915
60.2915
60.2915
60.2915
60.2915
60.2915
60.2915
60.2915
60.2915
60.2915
60.2915
60.2915
60.2915
60.2915
60.2915
60.2915
60.2915
60.2915
60.2915
60.2915
60.2915
60.2915
60.2915
60.2915
60.2915
60.2915
60.2915
60.2915
60.2915
60.2915
60.2915
60.2915
60.2915
60.2915
60.2915
60.2915
60.2915
60.2915
60.2915
60.2915
60.2915
60.2915
60.2915
60.2915
60.2915
60.2915
60.2915
60.2915
60.2915
60.2915
60.2915
60.2915
60.2915
60.2915
60.2915
60.2915
60.2915
60.2915
60.2915
60.2915
60.2915
60.2915
60.2915
60.2915
60.2915
60.2915
60.2915
60.2915
60.2915
60.2915
60.2915
60.2915
60.2915
60.2915
60.2915
60.2915
60.2915
60.2915
60.2915
60.2915
60.2915
60.2915
60.2915
60.2915
60.2915
60.2915
60.2915
60.2915
60.2915
60.2915
60.2915
60.2915
60.2915
60.2915
60.2915
60.2915
60.2915
60.2915
60.2915
60.2915
60.2915
60.2915
60.2915
60.2915
60.2915
60.2915
60.2915
60.2915
60.2915
60.2915
60.2915
60.2915
60.2915
60.2915
60.2915
60.2915
60.2915
60.2915
60.2915
60.2915
60.2915
60.2915
60.2915
60.2915
60.2915
60.2915
60.2915
60.2915
60.2915
60.2915
60.2915
60.2915
60.2915
60.2915
60.2915
60.2915
60.2915
60.2915
60.2915
60.2915
60.2915
60.2915
60.2915
60.2915
60.2915
60.2915
60.2915
60.2915
60.2915
60.2915
60.2915
60.2915
60.2915
60.2915
60.2915
60.2915
60.2915
60.2915
60.2915
60.2915
60.2915
60.2915
60.2915
60.2915
60.2915
60.2915
60.2915
60.2915
60.2915
60.2915
60.2915
60.2915
60.2915
60.2915
60.2915
60.2915
60.2915
60.2915
60.2915
60.2915
60.2915
60.2915
60.2915
60.2915
60.2915
60.2915
60.2915
60.2915
60.2915
60.2915
60.2915
60.2915
60.2915
60.2915
60.2915
60.2915
60.2915
60.2915
60.2915
60.2915
60.2915
60.2915
60.2915
60.2915
60.2915
60.2915
60.2915
60.2915
60.2915
60.2915
60.2915
60.2915
60.2915
60.2915
60.2915
60.2915
60.2915
60.2915
60.2915
60.2915
60.2915
60.2915
60.2915
60.2915
60.2915
60.2915
60.2915
60.2915
60.2915
60.2915
60.2915
60.2915
60.2915
60.2915
60.2915
60.2915
60.2915
60.2915
60.2915
60.2915
60.2915
60.2915
60.2915
60.2915
60.2915
60.2915
60.2915
60.2915
60.2915
60.2915
60.2915
60.2915
60.2915
60.2915
60.2915
60.2915
60.2915
60.2915
60.2915
60.2915
60.2915
60.2915
60.2915
60.2915
60.2915
60.2915
60.2915
60.2915
60.2915
60.2915
60.2915
60.2915
60.2915
60.2915
60.2915
60.2915
60.2915
60.2915
60.2915
60.2915
60.2915
60.2915
60.2915
60.2915
60.2915
60.2915
60.2915
60.2915
60.2915
60.2915
60.2915
60.2915
60.2915
60.2915
60.2915
60.2915
60.2915
60.2915
60.2915
60.2915
60.2915
60.2915
60.2915
60.2915
60.2915
60.2915
60.2915
60.2915
60.2915
60.2915
60.2915
60.2915
60.2915
60.2915
60.2915
60.2915
60.2915
60.2915
60.2915
60.2915
60.2915
60.2915
60.2915
60.2915
60.2915
60.2915
60.2915
60.2915
60.2915
60.2915
60.2915
60.2915
60.2915
60.2915
60.2915
60.2915
60.2915
60.2915
60.2915
60.2915
60.2915
60.2915
60.2915
60.2915
60.2915
60.2915
60.2915
60.2915
60.2915
60.2915
60.2915
60.2915
60.2915
60.2915
60.2915
60.2915
60.2915
60.2915
60.2915
60.2915
60.2915
60.2915
60.2915
60.2915
60.2915
60.2915
60.2915
60.2915
60.2915
60.2915
60.2915
60.2915
60.2915
60.2915
60.2915
60.2915
60.2915
60.2915
60.2915
60.2915
60.2915
60.2915
60.2915
60.2915
60.2915
60.2915
60.2915
60.2915
60.2915
60.2915
60.2915
60.2915
60.2915
60.2915
60.2915
60.2915
60.2915
60.2915
60.2915
60.2915
60.2915
60.2915
60.2915
60.2915
60.2915
60.2915
60.2915
60.2915
60.2915
60.2915
60.2915
60.2915
60.2915
60.2915
60.2915
60.2915
60.2915
60.2915
60.2915
60.2915
60.2915
60.2915
60.2915
60.2915
60.2915
60.2915
60.2915
60.2915
60.2915
60.2915
60.2915
60.2915
60.2915
60.2915
60.2915
60.2915
60.2915
60.2915
60.2915
60.2915
60.2915
60.2915
60.2915
60.2915
60.2915
60.2915
60.2915
60.2915
60.2915
60.2915
60.2915
60.2915
60.2915
60.2915
60.2915
60.2915
60.2915
60.2915
60.2915
60.2915
60.2915
60.2915
60.2915
60.2915
60.2915
60.2915
60.2915
60.2915
60.2915
60.2915
60.2915
60.2915
60.2915
60.2915
60.2915
60.2915
60.2915
60.2915
60.2915
60.2915
60.2915
60.2915
60.2915
60.2915
60.2915
60.2915
60.2915
60.2915
60.2915
60.2915
60.2915
60.2915
60.2915
60.2915
60.2915
60.2915
60.2915
60.2915
60.2915
60.2915
60.2915
60.2915
60.2915
60.2915
60.2915
60.2915
60.2915
60.2915
60.2915
60.2915
60.2915
60.2915
60.2915
60.2915
60.2915
60.2915
60.2915
60.2915
60.2915
60.2915
60.2915
60.2915
60.2915
60.2915
60.2915
60.2915
60.2915
60.2915
60.2915
60.2915
60.2915
60.2915
60.2915
60.2915
60.2915
60.2915
60.2915
60.2915
60.2915
60.2915
60.2915
60.2915
60.2915
60.2915
60.2915
60.2915
60.2915
60.2915
60.2915
60.2915
60.2915
60.2915
60.2915
60.2915
60.2915
60.2915
60.2915
60.2915
60.2915
60.2915
60.2915
60.2915
60.2915
60.2915
60.2915
60.2915
60.2915
60.2915
60.2915
60.2915
60.2915
60.2915
60.2915
60.2915
60.2915
60.2915
60.2915
60.2915
60.2915
60.2915
60.2915
60.2915
60.2915
60.2915
60.2915
60.2915
60.2915
60.2915
60.2915
60.2915
60.2915
60.2915
60.2915
60.2915
60.2915
60.2915
60.2915
60.2915
60.2915
60.2915
60.2915
60.2915
60.2915
60.2915
60.2915
60.2915
60.2915
60.2915
60.2915
60.2915
60.2915
60.2915
60.2915
60.2915
60.2915
60.2915
60.2915
60.2915
60.2915
60.2915
60.2915
60.2915
60.2915
60.2915
60.2915
60.2915
60.2915
60.2915
60.2915
60.2915
60.2915
60.2915
60.2915
60.2915
60.2915
60.2915
60.2915
60.2915
60.2915
60.2915
60.2915
60.2915
60.2915
60.2915
60.2915
60.2915
60.2915
60.2915
60.2915
60.2915
60.2915
60.2915
60.2915
60.2915
60.2915
60.2915
60.2915
60.2915
60.2915
60.2915
60.2915
60.2915
60.2915
60.2915
60.2915
60.2915
60.2915
60.2915
60.2915
60.2915
60.2915
60.2915
60.2915
60.2915
60.2915
60.2915
60.2915
60.2915
60.2915
60.2915
60.2915
60.2915
60.2915
60.2915
60.2915
60.2915
60.2915
60.2915
60.2915
60.2915
60.2915
60.2915
60.2915
60.2915
60.2915
60.2915
60.2915
60.2915
60.2915
60.2915
60.2915
60.2915
60.2915
60.2915
60.2915
60.2915
60.2915
60.2915
60.2915
60.2915
60.2915
60.2915
60.2915
60.2915
60.2915
60.2915
60.2915
60.2915
60.2915
60.2915
60.2915
60.2915
60.2915
60.2915
60.2915
60.2915
60.2915
60.2915
60.2915
60.2915
60.2915
60.2915
60.2915
60.2915
60.2915
60.2915
60.2915
60.2915
60.2915
60.2915
60.2915
60.2915
60.2915
60.2915
60.2915
60.2915
60.2915
60.2915
60.2915
60.2915
60.2915
60.2915
60.2915
60.2915
60.2915
60.2915
60.2915
60.2915
60.2915
60.2915
60.2915
60.2915
60.2915
60.2915
60.2915
60.2915
60.2915
60.2915
60.2915
60.2915
60.2915
60.2915
60.2915
60.2915
60.2915
60.2915
60.2915
60.2915
60.2915
60.2915
60.2915
60.2915
60.2915
60.2915
60.2915
60.2915
60.2915
60.2915
60.2915
60.2915
60.2915
60.2915
60.2915
60.2915
60.2915
60.2915
60.2915
60.2915
60.2915
60.2915
60.2915
60.2915
60.2915
60.2915
60.2915
60.2915
60.2915
60.2915
60.2915
60.2915
60.2915
60.2915
60.2915
60.2915
60.2915
60.2915
60.2915
60.2915
60.2915
60.2915
60.2915
60.2915
60.2915
60.2915
60.2915
60.2915
60.2915
60.2915
60.2915
60.2915
60.2915
60.2915
60.2915
60.2915
60.2915
60.2915
60.2915
60.2915
60.2915
60.2915
60.2915
60.2915
60.2915
60.2915
60.2915
60.2915
60.2915
60.2915
60.2915
60.2915
60.2915
60.2915
60.2915
60.2915
60.2915
60.2915
60.2915
60.2915
60.2915
60.2915
60.2915
60.2915
60.2915
60.2915
60.2915
60.2915
60.2915
60.2915
60.2915
60.2915
60.2915
60.2915
60.2915
60.2915
60.2915
60.2915
60.2915
60.2915
60.2915
60.2915
60.2915
60.2915
60.2915
60.2915
60.2915
60.2915
60.2915
60.2915
60.2915
60.2915
60.2915
60.2915
60.2915
60.2915
60.2915
60.2915
60.2915
60.2915
60.2915
60.2915
60.2915
60.2915
60.2915
60.2915
60.2915
60.2915
60.2915
60.2915
60.2915
60.2915
60.2915
60.2915
60.2915
60.2915
60.2915
60.2915
60.2915
60.2915
60.2915
60.2915
60.2915
60.2915
60.2915
60.2915
60.2915
60.2915
60.2915
60.2915
60.2915
60.2915
60.2915
60.2915
60.2915
60.2915
60.2915
60.2915
60.2915
60.2915
60.2915
60.2915
60.2915
60.2915
60.2915
60.2915
60.2915
60.2915
60.2915
60.2915
60.2915
60.2915
60.2915
60.2915
60.2915
60.2915
60.2915
60.2915
60.2915
60.2915
60.2915
60.2915
60.2915
60.2915
60.2915
60.2915
60.2915
60.2915
60.2915
60.2915
60.2915
60.2915
60.2915
60.2915
60.2915
60.2915
60.2915
60.2915
60.2915
60.2915
60.2915
60.2915
60.2915
60.2915
60.2915
60.2915
60.2915
60.2915
60.2915
60.2915
60.2915
60.2915
60.2915
60.2915
60.2915
60.2915
60.2915
60.2915
60.2915
60.2915
60.2915
60.2915
60.2915
60.2915
60.2915
60.2915
60.2915
60.2915
60.2915
60.2915
60.2915
60.2915
60.2915
60.2915
60.2915
60.2915
60.2915
60.2915
60.2915
60.2915
60.2915
60.2915
60.2915
60.2915
60.2915
60.2915
60.2915
60.2915
60.2915
60.2915
60.2915
60.2915
60.2915
60.2915
60.2915
60.2915
60.2915
60.2915
60.2915
60.2915
60.2915
60.2915
60.2915
60.2915
60.2915
60.2915
60.2915
60.2915
60.2915
60.2915
60.2915
60.2915
60.2915
60.2915
60.2915
60.2915
60.2915
60.2915
60.2915
60.2915
60.2915
60.2915
60.2915
60.2915
60.2915
60.2915
60.2915
60.2915
60.2915
60.2915
60.2915
60.2915
60.2915
60.2915
60.2915
60.2915
60.2915
60.2915
60.2915
60.2915
60.2915
60.2915
60.2915
60.2915
60.2915
60.2915
60.2915
60.2915
60.2915
60.2915
60.2915
60.2915
60.2915
60.2915
60.2915
60.2915
60.2915
60.2915
60.2915
60.2915
60.2915
60.2915
60.2915
60.2915
60.2915
60.2915
60.2915
60.2915
60.2915
60.2915
60.2915
60.2915
60.2915
60.2915
60.2915
60.2915
60.2915
60.2915
60.2915
60.2915
60.2915
60.2915
60.2915
60.2915
60.2915
60.2915
60.2915
60.2915
60.2915
60.2915
60.2915
60.2915
60.2915
60.2915
60.2915
60.2915
60.2915
60.2915
60.2915
60.2915
60.2915
60.2915
60.2915
60.2915
60.2915
60.2915
60.2915
60.2915
60.2915
60.2915
60.2915
60.2915
60.2915
60.2915
60.2915
60.2915
60.2915
60.2915
60.2915
60.2915
60.2915
60.2915
60.2915
60.2915
60.2915
60.2915
60.2915
60.2915
60.2915
60.2915
60.2915
60.2915
60.2915
60.2915
60.2915
60.2915
60.2915
60.2915
60.2915
60.2915
60.2915
60.2915
60.2915
60.2915
60.2915
60.2915
60.2915
60.2915
60.2915
60.2915
60.2915
60.2915
60.2915
60.2915
60.2915
60.2915
60.2915
60.2915
60.2915
60.2915
60.2915
60.2915
60.2915
60.2915
60.2915
60.2915
60.2915
60.2915
60.2915
60.2915
60.2915
60.2915
60.2915
60.2915
60.2915
60.2915
60.2915
60.2915
60.2915
60.2915
60.2915
