# best half averages
2601.62
2384.22
2250.61
2151.94
1989.2
1842.12
1768.32
1718.92
1624.32
1537.22
1482.3
1413.98
1334.7
1291.71
1246.92
1197.42
1166.09
1138.53
1086.25
1042.97
982.405
964.761
955.777
948.262
918.185
895.596
875.488
867.716
863.25
841.696
824.994
799.413
800.263
750.463
722.59
700.378
692.625
683.016
672.965
663.601
654.071
634.181
611.396
605.659
601.51
594.676
575.268
550.942
548.985
528.191
514.198
491.426
490.316
489.688
486.825
483.465
477.871
475.184
469.849
464.232
458.19
447.228
442.755
436.477
429.142
420.481
408.24
398.15
392.216
391.1
389.491
386.817
375.478
371.904
365.553
364.538
363.926
368.242
360.029
351.434
352.292
343.573
328.65
313.788
306.11
303.249
302.367
297.643
291.895
290.653
287.412
285.315
283.625
281.901
277.533
274.326
272.6
273.834
266.259
265.025
270.875
256.688
258.969
254.507
246.052
236.667
232.182
231.705
230.194
227.895
225.928
222.243
220.596
218.881
216.584
210.791
208.255
206.904
204.582
203.059
200.269
197.373
195.335
192.451
192.42
192.451
192.451
192.451
192.444
192.345
191.849
189.729
188.636
188.259
186.601
183.408
182.587
181.831
180.093
178.866
176.695
175.383
174.285
173.751
173.72
173.596
172.709
172.053
171.056
170.071
168.891
164.975
163.721
162.302
161.745
161.327
159.29
156.951
155.408
155.133
153.743
152.976
151.876
150.961
149.645
149.144
147.689
146.72
144.794
143.993
142.623
139.313
135.681
134.647
133.286
132.25
130.561
129.529
129.36
129.217
128.55
128.193
127.49
126.392
123.914
122.28
122.239
121.917
120.807
119.478
119.078
118.53
117.155
115.814
114.749
114.347
114.234
113.845
112.897
112.615
111.484
110.795
110.795
110.789
110.743
110.465
110.112
109.678
108.705
107.822
106.983
106.338
105.991
105.991
105.991
105.991
105.991
105.981
105.913
105.72
105.477
105.434
105.363
105.272
105.019
104.458
104.458
104.458
104.458
104.458
104.458
104.417
105.581
104.27
120.332
104.713
102.431
102.168
101.289
100.274
99.4943
99.0704
98.1493
97.6879
97.6879
97.6879
97.6879
97.6879
97.6739
97.6318
97.5897
97.3935
96.987
96.987
96.987
96.987
96.9559
96.9404
97.2378
97.7177
96.2118
96.1857
96.0812
95.7154
95.4645
95.2333
93.9892
93.9822
93.966
93.9375
93.9362
93.9033
93.7634
93.2542
92.5494
91.2079
89.9882
89.8941
89.5827
89.4096
89.3627
89.3307
89.2345
88.7285
87.7601
87.7076
87.4756
86.9647
86.3596
86.2589
86.0029
85.7339
85.5994
85.5994
85.5994
85.5994
85.5994
85.5911
85.562
85.5068
85.6133
85.3607
85.185
85.185
85.185
85.185
85.185
85.1477
85.0729
84.32
82.9602
82.4912
82.4479
82.4479
82.4479
82.4479
82.4479
82.4479
82.4129
82.2469
81.9928
81.8115
81.2312
81.1043
81.045
80.9116
80.3631
80.3231
80.1618
79.714
79.1175
78.3601
78.3304
78.2116
78.0751
78.0353
77.8861
77.5776
77.5776
77.5776
77.5776
77.5776
77.5776
77.5776
77.5776
77.5776
77.5776
77.5776
77.5776
77.5776
77.5332
77.3823
77.1138
77.0677
76.8765
76.804
76.8025
76.7977
76.7959
76.7848
76.7737
76.6789
76.3336
76.2399
76.2399
76.2399
76.1586
75.8338
75.563
75.5329
75.4558
75.2059
75.0619
75.0619
75.0619
75.0619
74.7929
74.0674
73.0874
73.0213
72.5983
72.4405
72.3726
72.2418
71.4275
71.2676
71.2676
71.2676
71.2676
71.2676
71.2342
71.1772
70.9986
70.9222
69.8428
69.8428
69.8428
69.8428
69.8135
69.8653
69.6598
69.6594
69.6576
69.6526
69.6392
69.6374
69.6374
69.6374
69.6374
69.6374
69.6374
69.6374
69.61
69.521
69.4662
69.4662
69.4583
69.4425
69.387
69.1676
69.0567
69.0546
68.974
68.6915
68.5
68.5
68.5
68.5
68.4734
68.4467
68.3934
68.1268
67.3002
67.1669
67.1669
67.1669
67.1669
67.1669
67.1669
67.1669
67.1669
67.1669
67.1669
67.1589
67.1404
67.0506
67.0318
67.0171
66.9788
66.8875
66.8875
66.8875
66.8875
66.8875
66.8875
66.8875
66.8875
66.8752
66.8014
66.5431
66.2725
66.2725
66.2725
66.2725
66.2711
66.2389
66.1567
66.042
65.658
65.0949
65.0949
65.0949
65.0949
65.0873
65.0796
65.0336
64.9229
64.812
64.413
64.413
64.413
64.413
64.413
64.413
64.413
64.413
64.413
64.413
64.413
64.413
64.413
64.413
64.413
64.413
64.413
64.413
64.413
64.413
64.413
64.408
64.3979
64.3176
64.1618
64.1618
64.1618
64.1618
64.1371
63.9642
63.495
62.927
62.927
62.927
62.927
62.9173
62.8763
62.8064
62.7979
62.7723
62.6934
62.6789
62.6356
62.6342
62.6342
62.6342
62.6342
62.6342
62.6337
62.6331
62.6272
62.6125
62.6048
62.6048
62.6048
62.6048
62.6048
62.6048
62.6044
62.6007
62.5935
62.5821
62.5821
62.5821
62.5821
62.5821
62.5821
62.5821
62.5821
62.5821
62.5821
62.5821
62.5821
62.5821
62.5821
62.5821
62.5821
62.5821
62.5821
62.5821
62.5821
62.5821
62.5821
62.5821
62.5821
62.5821
62.5821
62.5821
62.5821
62.5821
62.5821
62.5821
62.5821
62.5821
62.5726
62.5537
62.4401
62.1372
62.1088
62.1088
62.1088
62.1088
62.1088
62.1088
62.1088
62.1088
62.1088
62.0609
61.9556
61.6781
61.6302
61.6302
61.6302
61.6302
61.6302
61.6302
61.6302
61.6302
61.6302
61.6302
61.6302
61.6302
61.6302
61.6302
61.6302
61.6302
61.6302
61.6302
61.6302
61.6302
61.6302
61.6302
61.6302
61.6302
61.6302
61.6302
61.6302
61.6302
61.6302
61.6302
61.6302
61.6302
61.6302
61.6302
61.6302
61.6302
61.6302
61.6302
61.6302
61.6302
61.6302
61.6302
61.6302
61.6302
61.6302
61.6302
61.6302
61.6302
61.6302
61.6302
61.6302
61.6302
61.616
61.6019
61.5593
61.3608
61.2757
61.2757
61.2757
61.2757
61.2757
61.2757
61.2757
61.2757
61.2757
61.2757
61.2757
61.2757
61.2757
61.2757
61.2757
61.2757
61.2757
61.2757
61.2757
61.2757
61.2757
61.2757
61.2757
61.2757
61.2757
61.2757
61.2757
61.2757
61.2757
61.2757
61.2757
61.2757
61.2757
61.2757
61.2757
61.2757
61.2757
61.2672
61.2377
61.1448
61.0645
61.0645
61.0645
61.0645
61.0645
61.0645
61.0645
61.0598
61.0454
60.9859
60.9219
60.7366
60.2312
60.2293
60.2205
60.2186
60.2186
60.2186
60.2186
60.2028
60.1397
59.919
59.4302
59.4302
59.4302
59.4302
59.4302
59.4302
59.4302
59.4302
59.4302
59.4302
59.4291
59.4174
59.3928
59.3717
59.3717
59.3717
59.3717
59.3717
59.3717
59.3717
59.3717
59.3717
59.3717
59.3717
59.3717
59.3717
59.3717
59.3717
59.3717
59.3717
59.3717
59.3717
59.3717
59.3717
59.3717
59.3717
59.3717
59.3717
59.3717
59.3717
59.3717
59.3717
59.3717
59.3717
59.3717
59.3717
59.3717
59.3717
59.3717
59.3717
59.3585
59.3364
59.2217
59.1511
59.1511
59.1511
59.1511
59.1511
59.1511
59.1511
59.1511
59.1511
59.1511
59.1511
59.1511
59.1511
59.1511
59.1511
59.1511
59.1511
59.1511
59.1511
59.1511
59.1511
59.1511
59.1511
59.1511
59.1511
59.1511
59.1511
59.1511
59.1511
59.1511
59.1511
59.1511
59.1511
59.1511
59.1511
59.1511
59.1511
59.1511
59.1511
59.1511
59.1511
59.1511
59.1511
59.1511
59.1511
59.1511
59.1511
59.1511
59.1511
59.1511
59.1511
59.1511
59.1511
59.1327
59.0591
58.8014
58.6909
58.6909
58.6909
58.6909
58.6909
58.6909
58.6909
58.6909
58.6909
58.6909
58.6909
58.6909
58.6909
58.6909
58.6909
58.6909
58.6909
58.6909
58.6909
58.6909
58.6909
58.6909
58.6909
58.6909
58.6909
58.6909
58.6909
58.6909
58.6909
58.6909
58.6909
58.6909
58.6909
58.6909
58.6909
58.6909
58.6909
58.6909
58.6909
58.6909
58.6909
58.6909
58.6909
58.6909
58.6909
58.6909
58.6909
58.6909
58.6909
58.6909
58.6909
58.6909
58.6909
58.6909
58.6909
58.6909
58.6909
58.6909
58.6909
58.6909
58.6909
58.6909
58.6909
58.6909
58.6909
58.6909
58.6909
58.6909
58.6909
58.6909
58.6909
58.6909
58.6909
58.6909
58.6909
58.6909
58.6909
58.6909
58.6909
58.6909
58.6909
58.6909
58.6909
58.6909
58.6909
58.6909
58.6909
58.6909
58.6909
58.6909
58.6909
58.6909
58.6909
58.6909
58.6909
58.6909
58.6909
58.6909
58.6909
58.6909
58.6909
58.6909
58.6909
58.6909
58.6861
58.6825
58.6633
58.6307
58.6307
58.6307
58.6307
58.6307
58.6307
58.6307
58.6307
58.6307
58.6307
58.6307
58.6307
58.6307
58.6307
58.6307
58.6307
58.6307
58.6307
58.6307
58.6307
58.6307
58.6307
58.6307
58.6307
58.6307
58.6307
58.6307
58.6307
58.6307
58.6307
58.6307
58.6307
58.6307
58.6307
58.6307
58.6307
58.6307
58.6307
58.6307
58.6307
58.6307
58.6307
58.6307
58.6307
58.6307
58.6307
58.6307
58.6307
58.6307
58.6307
58.6307
58.6307
58.6307
58.6307
58.6307
58.6307
58.6307
58.6307
58.6307
58.6307
58.6307
58.6307
58.6307
58.6307
58.6307
58.6307
58.6307
58.6307
58.6307
58.6307
58.6307
58.6307
58.6307
58.6307
58.6307
58.6307
58.6259
58.6259
58.6185
58.6161
58.5771
58.5052
58.5017
58.4805
58.4523
58.3324
58.3324
58.3324
58.3324
58.3324
58.3324
58.3324
58.3324
58.3324
58.3324
58.3324
58.3324
58.3324
58.3324
58.3324
58.3324
58.3324
58.3324
58.3324
58.3324
58.3324
58.3324
58.3324
58.3324
58.3324
58.3324
58.3324
58.3324
58.3324
58.3324
58.3324
58.3324
58.3324
58.3324
58.3324
58.3324
58.3324
58.3324
58.3324
58.3324
58.3324
58.2873
58.2422
58.0281
57.7689
57.7689
57.7689
57.7689
57.7689
57.7689
57.7689
57.7689
57.7689
57.7689
57.7689
57.7689
57.7689
57.7689
57.7689
57.7689
57.7689
57.7689
57.7689
57.7689
57.7689
57.7689
57.7689
57.7689
57.7689
57.7689
57.7689
57.7689
57.7689
57.7689
57.7689
57.7689
57.7689
57.7689
57.7689
57.7689
57.7689
57.7689
57.7689
57.7689
57.7689
57.7689
57.7689
57.7689
57.7689
57.7689
57.7689
57.7689
57.7689
57.7689
57.7689
57.7689
57.7689
57.7689
57.7689
57.7689
57.7689
57.7689
57.7689
57.7689
57.7689
57.7689
57.7689
57.7689
57.7689
57.7689
57.7689
57.7689
57.7689
57.7689
57.7689
57.7689
57.7689
57.7689
57.7689
57.7689
57.7689
57.7689
57.7689
57.7689
57.7689
57.7689
57.7689
57.7689
57.7689
57.7689
57.7689
57.7689
57.7689
57.7689
57.7689
57.7689
57.7689
57.7689
57.7689
57.7689
57.7689
57.7689
57.7689
57.7689
57.7689
57.7689
57.7689
57.7689
57.7689
57.7689
57.7689
57.7689
57.7689
57.7689
57.7689
57.7689
57.7689
57.7689
57.7689
57.7689
57.7689
57.7689
57.7689
57.7689
57.7689
57.7689
57.7689
57.7689
57.7689
57.7689
57.7689
57.7689
57.7689
57.7689
57.7689
57.7689
57.7689
57.7689
57.7689
57.7689
57.7689
57.7689
57.7689
57.7689
57.7689
57.7689
57.7689
57.7689
57.7689
57.7689
57.7689
57.7689
57.7689
57.7689
57.7689
57.7689
57.7689
57.7689
57.7689
57.7689
57.7689
57.7689
57.7689
57.7689
57.7689
57.7689
57.7689
57.7689
57.7689
57.7689
57.7689
57.7689
57.7689
57.7689
57.7689
57.7689
57.7689
57.7689
57.7689
57.7689
57.7689
57.7689
57.7689
57.7689
57.7689
57.7689
57.7514
57.699
57.5358
57.4775
57.4775
57.4775
57.4775
57.4775
57.4775
57.4775
57.4775
57.4775
57.4775
57.4775
57.4775
57.4775
57.4775
57.4775
57.4775
57.4775
57.4775
57.4775
57.4775
57.4775
57.4775
57.4775
57.4775
57.4775
57.4775
57.4775
57.4775
57.4775
57.4775
57.4775
57.4775
57.4775
57.4775
57.4775
57.4775
57.4775
57.4775
57.4775
57.4775
57.4775
57.4775
57.4775
57.4775
57.4758
57.4716
57.4565
57.4565
57.4565
57.4565
57.4565
57.4565
57.4565
57.4565
57.4565
57.4565
57.5416
57.4565
57.4565
57.4565
57.4565
57.4565
57.4565
57.4565
57.4565
57.4565
57.4565
57.4565
57.4565
57.4565
57.4565
57.4565
57.4565
57.4565
57.4565
57.4565
57.4565
57.4565
57.4565
57.4565
57.4565
57.4565
57.4565
57.4565
57.4224
57.337
57.1236
57.0297
57.0297
57.0297
57.0297
57.0297
57.0297
57.0297
57.0297
57.0297
57.0297
57.0297
57.0297
57.0297
57.0297
57.0297
57.0297
57.0297
57.0297
57.0297
57.0297
57.0297
57.0297
57.0297
57.0297
57.0297
57.0297
57.0297
57.0297
57.0297
57.0297
57.0297
57.0297
57.0297
57.0297
57.0297
57.0297
57.0297
57.0297
57.0297
57.0297
57.0297
57.0297
57.0297
57.0297
57.0297
57.0297
57.0297
57.0297
57.0297
57.0297
57.0297
57.0297
57.0297
57.0297
57.0297
57.0297
57.0297
57.0297
57.0297
57.0297
57.0297
57.0297
57.0297
57.0297
57.0297
57.0297
57.0297
57.0297
57.0297
57.0297
57.0297
57.0297
57.0297
57.0297
57.0297
57.0297
57.0297
57.0297
57.0297
57.0297
57.0297
57.0297
57.0297
57.0297
57.0297
57.0297
57.0297
57.0297
57.0297
57.0297
57.0297
57.0297
57.0297
57.0297
57.0297
57.0297
57.0297
57.0297
57.0297
57.0297
57.0297
57.0297
57.0297
57.0297
57.0297
57.0297
57.0297
57.0297
57.0297
57.0297
57.0297
57.0297
57.0297
57.0297
57.0297
57.0297
57.0297
57.0297
57.0297
57.0297
57.0297
57.0297
57.0297
57.0297
57.0297
57.0297
57.0297
57.0297
57.0297
57.0297
57.0297
57.0297
57.0297
57.0297
57.0297
57.0297
57.0297
57.0297
57.0297
57.0297
57.0297
57.0297
57.0297
57.0297
57.0297
57.0297
57.0297
57.0297
57.0297
57.0297
57.0297
57.0297
57.0297
57.0297
57.0297
57.0297
57.0297
57.0297
57.0297
57.0297
57.0297
57.0297
57.0297
57.0297
57.0297
57.0297
57.0297
57.0297
57.0297
57.0297
57.0297
57.0297
57.0297
57.0297
57.0297
57.0297
57.0297
57.0297
57.0297
57.0297
57.0297
57.0297
57.0297
57.0297
57.0297
57.0297
57.0297
57.0297
57.0297
57.0297
57.0297
57.0297
57.0297
57.0297
57.0297
57.0297
57.0297
57.0297
57.0297
57.0297
57.0297
57.0297
57.0297
57.0297
57.0297
57.0297
57.0297
57.0297
57.0297
57.0297
57.0297
57.0297
57.0297
57.0297
57.0297
57.0297
57.0297
57.0297
57.0297
57.0297
57.0297
57.0297
57.0297
57.0297
57.0297
57.0297
57.0297
57.0297
57.0297
57.0297
57.0297
57.0297
57.0297
57.0297
57.0297
57.0297
57.0297
57.0297
57.0297
57.0297
57.0297
57.0297
57.0297
57.0297
57.0297
57.0297
57.0297
57.0297
57.0297
57.0297
57.0297
57.0297
57.0297
57.0297
57.0297
57.0297
57.0297
57.0297
57.0297
57.0297
57.0297
57.0297
57.0297
57.0297
57.0297
57.0297
57.0297
57.0297
57.0297
57.0297
57.0297
57.0297
57.0297
57.0297
57.0297
57.0297
57.0297
57.0297
57.0297
57.0297
57.0297
57.0297
57.0297
57.0297
57.0297
57.0297
57.0297
57.0297
57.0297
57.0297
57.0297
57.0297
57.0297
57.0297
57.0297
57.0297
57.0297
57.0297
57.0297
57.0297
57.0297
57.0297
57.0297
57.0297
57.0297
57.0297
57.0297
57.0297
57.0297
57.0297
57.0297
57.0297
57.0297
57.0297
57.0297
57.0297
57.0297
57.0297
57.0297
57.0297
57.0297
57.0297
57.0297
57.0297
57.0297
57.0297
57.0297
57.0297
57.0297
57.0297
57.0297
57.0297
57.0297
57.0297
57.0297
57.0297
57.0297
57.0297
57.0297
57.0297
57.0297
57.0297
57.0297
57.0297
57.0297
57.0297
57.0297
57.0297
57.0297
57.0297
57.0297
57.0297
57.0297
57.0297
57.0297
57.0297
57.0297
57.0297
57.0297
57.0297
57.0297
57.0297
57.0297
57.0297
57.0297
57.0297
57.0297
57.0297
57.0297
57.0297
57.0297
57.0297
57.0297
57.0297
57.0297
57.0297
57.0297
57.0297
57.0297
57.0297
57.0297
57.0297
57.0297
57.0297
57.0297
57.0297
57.0297
57.0297
57.0297
57.0297
57.0297
57.0297
57.0297
57.0297
57.0297
57.0297
57.0297
57.0297
57.0297
57.0297
57.0297
57.0297
57.0297
57.0297
57.0297
57.0297
57.0297
57.0297
57.0297
57.0297
57.0297
57.0297
57.0297
57.0297
57.0297
57.0297
57.0297
57.0297
57.0297
57.0297
57.0297
57.0297
57.0297
57.0297
57.0297
57.0297
57.0297
57.0297
57.0297
57.0297
57.0297
57.0297
57.0297
57.0297
57.0297
57.0297
57.0297
57.0297
57.0297
57.0297
57.0297
57.0297
57.0297
57.0297
57.0297
57.0297
57.0297
57.0297
57.0297
57.0297
57.0297
57.0297
57.0297
57.0297
57.0297
57.0297
57.0297
57.0297
57.0297
57.0297
57.0297
57.0297
57.0297
57.0297
57.0297
57.0297
57.0297
57.0297
57.0297
57.0297
57.0297
57.0297
57.0297
57.0297
57.0297
57.0297
57.0297
57.0297
57.0297
57.0297
57.0297
57.0297
57.0297
57.0297
57.0297
57.0297
57.0297
57.0297
57.0297
57.0297
57.0297
57.0297
57.0297
57.0297
57.0297
57.0297
57.0297
57.0297
57.0297
57.0297
57.0297
57.0297
57.0297
57.0297
57.0297
57.0297
57.0297
57.0297
57.0297
57.0297
57.0297
57.0297
57.0297
57.0297
57.0297
57.0297
57.0297
57.0297
57.0297
57.0297
57.0297
57.0297
57.0297
57.0297
57.0297
57.0297
57.0297
57.0297
57.0297
57.0297
57.0297
57.0297
57.0297
57.0297
57.0297
57.0297
57.0297
57.0297
57.0297
57.0297
57.0297
57.0297
57.0297
57.0297
57.0297
57.0297
57.0297
57.0297
57.0297
57.0297
57.0297
57.0297
57.0297
57.0297
57.0297
57.0297
57.0297
57.0297
57.0297
57.0297
57.0297
57.0297
57.0297
57.0297
57.0297
57.0297
57.0297
57.0297
57.0297
57.0297
57.0297
57.0297
57.0297
57.0297
57.0297
57.0297
57.0297
57.0297
57.0297
57.0297
57.0297
57.0297
57.0297
57.0297
57.0297
57.0297
57.0297
57.0297
57.0297
57.0297
57.0297
57.0297
57.0297
57.0297
57.0297
57.0297
57.0297
57.0297
57.0297
57.0297
57.0297
57.0297
57.0297
57.0297
57.0297
57.0297
57.0297
57.0297
57.0297
57.0297
57.0297
57.0297
57.0297
57.0297
57.0297
57.0297
57.0297
57.0297
57.0297
57.0297
57.0297
57.0297
57.0297
57.0297
57.0297
57.0297
57.0297
57.0297
57.0297
57.0297
57.0297
57.0297
57.0297
57.0297
57.0297
57.0297
57.0297
57.0297
57.0297
57.0297
57.0297
57.0297
57.0297
57.0297
57.0297
57.0297
57.0297
57.0297
57.0297
57.0297
57.0297
57.0297
57.0297
57.0297
57.0297
57.0297
57.0297
57.0297
57.0297
57.0297
57.0297
57.0297
57.0297
57.0297
57.0297
57.0297
57.0297
57.0297
57.0297
57.0297
57.0297
57.0297
57.0297
57.0297
57.0297
57.0297
57.0297
57.0297
57.0297
57.0297
57.0297
57.0297
57.0297
57.0297
57.0297
57.0297
57.0297
57.0297
57.0297
57.0297
57.0297
57.0297
57.0297
57.0297
57.0297
57.0297
57.0297
57.0297
57.0297
57.0297
57.0297
57.0297
57.0297
57.0297
57.0297
57.0297
57.0297
57.0297
57.0297
57.0297
57.0297
57.0297
57.0297
57.0297
57.0297
57.0297
57.0297
57.0297
57.0297
57.0297
57.0297
57.0297
57.0297
57.0297
57.0297
57.0297
57.0297
57.0297
57.0297
57.0297
57.0297
57.0297
57.0297
57.0297
57.0297
57.0297
57.0297
57.0297
57.0297
57.0297
57.0297
57.0297
57.0297
57.0297
57.0297
57.0297
57.0297
57.0297
57.0297
57.0297
57.0297
57.0297
57.0297
57.0297
57.0297
57.0297
57.0297
57.0297
57.0297
57.0297
57.0297
57.0297
57.0297
57.0297
57.0297
57.0297
57.0297
57.0297
57.0297
57.0297
57.0297
57.0297
57.0297
57.0297
57.0297
57.0297
57.0297
57.0297
57.0297
57.0297
57.0297
57.0297
57.0297
57.0297
57.0297
57.0297
57.0297
57.0297
57.0297
57.0297
57.0297
57.0297
57.0297
57.0297
57.0297
57.0297
57.0297
57.0297
57.0297
57.0297
57.0297
57.0297
57.0297
57.0297
57.0297
57.0297
57.0297
57.0297
57.0297
57.0297
57.0297
57.0297
57.0297
57.0297
57.0297
57.0297
57.0297
57.0297
57.0297
57.0297
57.0297
57.0297
57.0297
57.0297
57.0297
57.0297
57.0297
57.0297
57.0297
57.0297
57.0297
57.0297
57.0297
57.0297
57.0297
57.0297
57.0297
57.0297
57.0297
57.0297
57.0297
57.0297
57.0297
57.0297
57.0297
57.0297
57.0297
57.0297
57.0297
57.0297
57.0297
57.0297
57.0297
57.0297
57.0297
57.0297
57.0297
57.0297
57.0297
57.0297
57.0297
57.0297
57.0297
57.0297
57.0297
57.0297
57.0297
57.0297
57.0297
57.0297
57.0297
57.0297
57.0297
57.0297
57.0297
57.0297
57.0297
57.0297
57.0297
57.0297
57.0297
57.0297
57.0297
57.0297
57.0297
57.0297
57.0297
57.0297
57.0297
57.0297
57.0297
57.0297
57.0297
57.0297
57.0297
57.0297
57.0297
57.0297
57.0297
57.0297
57.0297
57.0297
57.0297
57.0297
57.0297
57.0297
57.0297
57.0297
57.0297
57.0297
57.0297
57.0297
57.0297
57.0297
57.0297
57.0297
57.0297
57.0297
57.0297
57.0297
57.0297
57.0297
57.0297
57.0297
57.0297
57.0297
57.0297
57.0297
57.0297
57.0297
57.0297
57.0297
57.0297
57.0297
57.0297
57.0297
57.0297
57.0297
57.0297
57.0297
57.0297
57.0297
57.0297
57.0297
57.0297
57.0297
57.0297
57.0297
57.0297
57.0297
57.0297
57.0297
57.0297
57.0297
57.0297
57.0297
57.0297
57.0297
57.0297
57.0297
57.0297
57.0297
57.0297
57.0297
57.0297
57.0297
57.0297
57.0297
57.0297
57.0297
57.0297
57.0297
57.0297
57.0297
57.0297
57.0297
57.0297
57.0297
57.0297
57.0297
57.0297
57.0297
57.0297
57.0297
57.0297
57.0297
57.0297
57.0297
57.0297
57.0297
57.0297
57.0297
57.0297
57.0297
57.0297
57.0297
57.0297
57.0297
57.0297
57.0297
57.0297
57.0297
57.0297
57.0297
57.0297
57.0297
57.0297
57.0297
57.0297
57.0297
57.0297
57.0297
57.0297
57.0297
57.0297
57.0297
57.0297
57.0297
57.0297
57.0297
57.0297
57.0297
57.0297
57.0297
57.0297
57.0297
57.0297
57.0297
57.0297
57.0297
57.0297
57.0297
57.0297
57.0297
57.0297
57.0297
57.0297
57.0297
57.0297
57.0297
57.0297
57.0297
57.0297
57.0297
57.0297
57.0297
57.0297
57.0297
57.0297
57.0297
57.0297
57.0297
57.0297
57.0297
57.0297
57.0297
57.0297
57.0297
57.0297
57.0297
57.0297
57.0297
57.0297
57.0297
57.0297
57.0297
57.0297
57.0297
57.0297
57.0297
57.0297
57.0297
57.0297
57.0297
57.0297
57.0297
57.0297
57.0297
57.0297
57.0297
57.0297
57.0297
57.0297
57.0297
57.0297
57.0297
57.0297
57.0297
57.0297
57.0297
57.0297
57.0297
57.0297
57.0297
57.0297
57.0297
57.0297
57.0297
57.0297
57.0297
57.0297
57.0297
57.0297
57.0297
57.0297
57.0297
57.0297
57.0297
57.0297
57.0297
57.0297
57.0297
57.0297
57.0297
57.0297
57.0297
57.0297
57.0297
57.0297
57.0297
57.0297
57.0297
57.0297
57.0297
57.0297
57.0297
57.0297
57.0297
57.0297
57.0297
57.0297
57.0297
57.0297
57.0297
57.0297
57.0297
57.0297
57.0297
57.0297
57.0297
57.0297
57.0297
57.0297
57.0297
57.0297
57.0297
57.0297
57.0297
57.0297
57.0297
57.0297
57.0297
57.0297
57.0297
57.0297
57.0297
57.0297
57.0297
57.0297
57.0297
57.0297
57.0297
57.0297
57.0297
57.0297
57.0297
57.0297
57.0297
57.0297
57.0297
57.0297
57.0297
57.0297
57.0297
57.0297
57.0297
57.0297
57.0297
57.0297
57.0297
57.0297
57.0297
57.0297
57.0297
57.0297
57.0297
57.0297
57.0297
57.0297
57.0297
57.0297
57.0297
57.0297
57.0297
57.0297
57.0297
57.0297
57.0297
57.0297
57.0297
57.0297
57.0297
57.0297
57.0297
57.0297
57.0297
57.0297
57.0297
57.0297
57.0297
57.0297
57.0297
57.0297
57.0297
57.0297
57.0297
57.0297
57.0297
57.0297
57.0297
57.0297
57.0297
57.0297
57.0297
57.0297
57.0297
57.0297
57.0297
57.0297
57.0297
57.0297
57.0297
57.0297
57.0297
57.0297
57.0297
57.0297
57.0297
57.0297
57.0297
57.0297
57.0297
57.0297
57.0297
57.0297
57.0297
57.0297
57.0297
57.0297
57.0297
57.0297
57.0297
57.0297
57.0297
57.0297
57.0297
57.0297
57.0297
57.0297
57.0297
57.0297
57.0297
57.0297
57.0297
57.0297
57.0297
57.0297
57.0297
57.0297
57.0297
57.0297
57.0297
57.0297
57.0297
57.0297
57.0297
57.0297
57.0297
57.0297
57.0297
57.0297
57.0297
57.0297
57.0297
57.0297
57.0297
57.0297
57.0297
57.0297
57.0297
57.0297
57.0297
57.0297
57.0297
57.0297
57.0297
57.0297
57.0297
57.0297
57.0297
57.0297
57.0297
57.0297
57.0297
57.0297
57.0297
57.0297
57.0297
57.0297
57.0297
57.0297
57.0297
57.0297
57.0297
57.0297
57.0297
57.0297
57.0297
57.0297
57.0297
57.0297
57.0297
57.0297
57.0297
57.0297
57.0297
57.0297
57.0297
57.0297
57.0297
57.0297
57.0297
57.0297
57.0297
57.0297
57.0297
57.0297
57.0297
57.0297
57.0297
57.0297
57.0297
57.0297
57.0297
57.0297
57.0297
57.0297
57.0297
57.0297
57.0297
57.0297
57.0297
57.0297
57.0297
57.0297
57.0297
57.0297
57.0297
57.0297
57.0297
57.0297
57.0297
57.0297
57.0297
57.0297
57.0297
57.0297
57.0297
57.0297
57.0297
57.0297
57.0297
57.0297
57.0297
57.0297
57.0297
57.0297
57.0297
57.0297
57.0297
57.0297
57.0297
57.0297
57.0297
57.0297
57.0297
57.0297
57.0297
57.0297
57.0297
57.0297
57.0297
57.0297
57.0297
57.0297
57.0297
57.0297
57.0297
57.0297
57.0297
57.0297
57.0297
57.0297
57.0297
57.0297
57.0297
57.0297
57.0297
57.0297
57.0297
57.0297
57.0297
57.0297
57.0297
57.0297
57.0297
57.0297
57.0297
57.0297
57.0297
57.0297
57.0297
57.0297
57.0297
57.0297
57.0297
57.0297
57.0297
57.0297
57.0297
57.0297
57.0297
57.0297
57.0297
57.0297
57.0297
57.0297
57.0297
57.0297
57.0297
57.0297
57.0297
57.0297
57.0297
57.0297
57.0297
57.0297
57.0297
57.0297
57.0297
57.0297
57.0297
57.0297
57.0297
57.0297
57.0297
57.0297
57.0297
57.0297
57.0297
57.0297
57.0297
57.0297
57.0297
57.0297
57.0297
57.0297
57.0297
57.0297
57.0297
57.0297
57.0297
57.0297
57.0297
57.0297
57.0297
57.0297
57.0297
57.0297
57.0297
57.0297
57.0297
57.0297
57.0297
57.0297
57.0297
57.0297
57.0297
57.0297
57.0297
57.0297
57.0297
57.0297
57.0297
57.0297
57.0297
57.0297
57.0297
57.0297
57.0297
57.0297
57.0297
57.0297
57.0297
57.0297
57.0297
57.0297
57.0297
57.0297
57.0297
57.0297
57.0297
57.0297
57.0297
57.0297
57.0297
57.0297
57.0297
57.0297
57.0297
57.0297
57.0297
57.0297
57.0297
57.0297
57.0297
57.0297
57.0297
57.0297
57.0297
57.0297
57.0297
57.0297
57.0297
57.0297
57.0297
57.0297
57.0297
57.0297
57.0297
57.0297
57.0297
57.0297
57.0297
57.0297
57.0297
57.0297
57.0297
57.0297
57.0297
57.0297
57.0297
57.0297
57.0297
57.0297
57.0297
57.0297
57.0297
57.0297
57.0297
57.0297
57.0297
57.0297
57.0297
57.0297
57.0297
57.0297
57.0297
57.0297
57.0297
57.0297
57.0297
57.0297
57.0297
57.0297
57.0297
57.0297
57.0297
57.0297
57.0297
57.0297
57.0297
57.0297
57.0297
57.0297
57.0297
57.0297
57.0297
57.0297
57.0297
57.0297
57.0297
57.0297
57.0297
57.0297
57.0297
57.0297
57.0297
57.0297
57.0297
57.0297
57.0297
57.0297
57.0297
57.0297
57.0297
57.0297
57.0297
57.0297
57.0297
57.0297
57.0297
57.0297
57.0297
57.0297
57.0297
57.0297
57.0297
57.0297
57.0297
57.0297
57.0297
57.0297
57.0297
57.0297
57.0297
57.0297
57.0297
57.0297
57.0297
57.0297
57.0297
57.0297
57.0297
57.0297
57.0297
57.0297
57.0297
57.0297
57.0297
57.0297
57.0297
57.0297
57.0297
57.0297
57.0297
57.0297
57.0297
57.0297
57.0297
57.0297
57.0297
57.0297
57.0297
57.0297
57.0297
57.0297
57.0297
57.0297
57.0297
57.0297
57.0297
57.0297
57.0297
57.0297
57.0297
57.0297
57.0297
57.0297
57.0297
57.0297
57.0297
57.0297
57.0297
57.0297
57.0297
57.0297
57.0297
57.0297
57.0297
57.0297
57.0297
57.0297
57.0297
57.0297
57.0297
57.0297
57.0297
57.0297
57.0297
57.0297
57.0297
57.0297
57.0297
57.0297
57.0297
57.0297
57.0297
57.0297
57.0297
57.0297
57.0297
57.0297
57.0297
57.0297
57.0297
57.0297
57.0297
57.0297
57.0297
57.0297
57.0297
57.0297
57.0297
57.0297
57.0297
57.0297
57.0297
57.0297
57.0297
57.0297
57.0297
57.0297
57.0297
57.0297
57.0297
57.0297
57.0297
57.0297
57.0297
57.0297
57.0297
57.0297
57.0297
57.0297
57.0297
57.0297
57.0297
57.0297
57.0297
57.0297
57.0297
57.0297
57.0297
57.0297
57.0297
57.0297
57.0297
57.0297
57.0297
57.0297
57.0297
57.0297
57.0297
57.0297
57.0297
57.0297
57.0297
57.0297
57.0297
57.0297
57.0297
57.0297
57.0297
57.0297
57.0297
57.0297
57.0297
57.0297
57.0297
57.0297
57.0297
57.0297
57.0297
57.0297
57.0297
57.0297
57.0297
57.0297
57.0297
57.0297
57.0297
57.0297
57.0297
57.0297
57.0297
57.0297
57.0297
57.0297
57.0297
57.0297
57.0297
57.0297
57.0297
57.0297
57.0297
57.0297
57.0297
57.0297
57.0297
57.0297
57.0297
57.0297
57.0297
57.0297
57.0297
57.0297
57.0297
57.0297
57.0297
57.0297
57.0297
57.0297
57.0297
57.0297
57.0297
57.0297
57.0297
57.0297
57.0297
57.0297
57.0297
57.0297
57.0297
57.0297
57.0297
57.0297
57.0297
57.0297
57.0297
57.0297
57.0297
57.0297
57.0297
57.0297
57.0297
57.0297
57.0297
57.0297
57.0297
57.0297
57.0297
57.0297
57.0297
57.0297
57.0297
57.0297
57.0297
57.0297
57.0297
57.0297
57.0297
57.0297
57.0297
57.0297
57.0297
57.0297
57.0297
57.0297
57.0297
57.0297
57.0297
57.0297
57.0297
57.0297
57.0297
57.0297
57.0297
57.0297
57.0297
57.0297
57.0297
57.0297
57.0297
57.0297
57.0297
57.0297
57.0297
57.0297
57.0297
57.0297
57.0297
57.0297
57.0297
57.0297
57.0297
57.0297
57.0297
57.0297
57.0297
57.0297
57.0297
57.0297
57.0297
57.0297
57.0297
57.0297
57.0297
57.0297
57.0297
57.0297
57.0297
57.0297
57.0297
57.0297
57.0297
57.0297
57.0297
57.0297
57.0297
57.0297
57.0297
57.0297
57.0297
57.0297
57.0297
57.0297
57.0297
57.0297
57.0297
57.0297
57.0297
57.0297
57.0297
57.0297
57.0297
57.0297
57.0297
57.0297
57.0297
57.0297
57.0297
57.0297
57.0297
57.0297
57.0297
57.0297
57.0297
57.0297
57.0297
57.0297
57.0297
57.0297
57.0297
57.0297
57.0297
57.0297
57.0297
57.0297
57.0297
57.0297
57.0297
57.0297
57.0297
57.0297
57.0297
57.0297
57.0297
57.0297
57.0297
57.0297
57.0297
57.0297
57.0297
57.0297
57.0297
57.0297
57.0297
57.0297
57.0297
57.0297
57.0297
57.0297
57.0297
57.0297
57.0297
57.0297
57.0297
57.0297
57.0297
57.0297
57.0297
57.0297
57.0297
57.0297
57.0297
57.0297
57.0297
57.0297
57.0297
57.0297
57.0297
57.0297
57.0297
57.0297
57.0297
57.0297
57.0297
57.0297
57.0297
57.0297
57.0297
57.0297
57.0297
57.0297
57.0297
57.0297
57.0297
57.0297
57.0297
57.0297
57.0297
57.0297
57.0297
57.0297
57.0297
57.0297
57.0297
57.0297
57.0297
57.0297
57.0297
57.0297
57.0297
57.0297
57.0297
57.0297
57.0297
57.0297
57.0297
57.0297
57.0297
57.0297
57.0297
57.0297
57.0297
57.0297
57.0297
57.0297
57.0297
57.0297
57.0297
57.0297
57.0297
57.0297
57.0297
57.0297
57.0297
57.0297
57.0297
57.0297
57.0297
57.0297
57.0297
57.0297
57.0297
57.0297
57.0297
57.0297
57.0297
57.0297
57.0297
57.0297
57.0297
57.0297
57.0297
57.0297
57.0297
57.0297
57.0297
57.0297
57.0297
57.0297
57.0297
57.0297
57.0297
57.0297
57.0297
57.0297
57.0297
57.0297
57.0297
57.0297
57.0297
57.0297
57.0297
57.0297
57.0297
57.0297
57.0297
57.0297
57.0297
57.0297
57.0297
57.0297
57.0297
57.0297
57.0297
57.0297
57.0297
57.0297
57.0297
57.0297
57.0297
57.0297
57.0297
57.0297
57.0297
57.0297
57.0297
57.0297
57.0297
57.0297
57.0297
57.0297
57.0297
57.0297
57.0297
57.0297
57.0297
57.0297
57.0297
57.0297
57.0297
57.0297
57.0297
57.0297
57.0297
57.0297
57.0297
57.0297
57.0297
57.0297
57.0297
57.0297
57.0297
57.0297
57.0297
57.0297
57.0297
57.0297
57.0297
57.0297
57.0297
57.0297
57.0297
57.0297
57.0297
57.0297
57.0297
57.0297
57.0297
57.0297
57.0297
57.0297
57.0297
57.0297
57.0297
57.0297
57.0297
57.0297
57.0297
57.0297
57.0297
57.0297
57.0297
57.0297
57.0297
57.0297
57.0297
57.0297
57.0297
57.0297
57.0297
57.0297
57.0297
57.0297
57.0297
57.0297
57.0297
57.0297
57.0297
57.0297
57.0297
57.0297
57.0297
57.0297
57.0297
57.0297
57.0297
57.0297
57.0297
57.0297
57.0297
57.0297
57.0297
57.0297
57.0297
57.0297
57.0297
57.0297
57.0297
57.0297
57.0297
57.0297
57.0297
57.0297
57.0297
57.0297
57.0297
57.0297
57.0297
57.0297
57.0297
57.0297
57.0297
57.0297
57.0297
57.0297
57.0297
57.0297
57.0297
57.0297
57.0297
57.0297
57.0297
57.0297
57.0297
57.0297
57.0297
57.0297
57.0297
57.0297
57.0297
57.0297
57.0297
57.0297
57.0297
57.0297
57.0297
57.0297
57.0297
57.0297
57.0297
57.0297
57.0297
57.0297
57.0297
57.0297
57.0297
57.0297
57.0297
57.0297
57.0297
57.0297
57.0297
57.0297
57.0297
57.0297
57.0297
57.0297
57.0297
57.0297
57.0297
57.0297
57.0297
57.0297
57.0297
57.0297
57.0297
57.0297
57.0297
57.0297
57.0297
57.0297
57.0297
57.0297
57.0297
57.0297
57.0297
57.0297
57.0297
57.0297
57.0297
57.0297
57.0297
57.0297
57.0297
57.0297
57.0297
57.0297
57.0297
57.0297
57.0297
57.0297
57.0297
57.0297
57.0297
57.0297
57.0297
57.0297
57.0297
57.0297
57.0297
57.0297
57.0297
57.0297
57.0297
57.0297
57.0297
57.0297
57.0297
57.0297
57.0297
57.0297
57.0297
57.0297
57.0297
57.0297
57.0297
57.0297
57.0297
57.0297
57.0297
57.0297
57.0297
57.0297
57.0297
57.0297
57.0297
57.0297
57.0297
57.0297
57.0297
57.0297
57.0297
57.0297
57.0297
57.0297
57.0297
57.0297
57.0297
57.0297
57.0297
57.0297
57.0297
57.0297
57.0297
57.0297
57.0297
57.0297
57.0297
57.0297
57.0297
57.0297
57.0297
57.0297
57.0297
57.0297
57.0297
57.0297
57.0297
57.0297
57.0297
57.0297
57.0297
57.0297
57.0297
57.0297
57.0297
57.0297
57.0297
57.0297
57.0297
57.0297
57.0297
57.0297
57.0297
57.0297
57.0297
57.0297
57.0297
57.0297
57.0297
57.0297
57.0297
57.0297
57.0297
57.0297
57.0297
57.0297
57.0297
57.0297
57.0297
57.0297
57.0297
57.0297
57.0297
57.0297
57.0297
57.0297
57.0297
57.0297
57.0297
57.0297
57.0297
57.0297
57.0297
57.0297
57.0297
57.0297
57.0297
57.0297
57.0297
57.0297
57.0297
57.0297
57.0297
57.0297
57.0297
57.0297
57.0297
57.0297
57.0297
57.0297
57.0297
57.0297
57.0297
57.0297
57.0297
57.0297
57.0297
57.0297
57.0297
57.0297
57.0297
57.0297
57.0297
57.0297
57.0297
57.0297
57.0297
57.0297
57.0297
57.0297
57.0297
57.0297
57.0297
57.0297
57.0297
57.0297
57.0297
57.0297
57.0297
57.0297
57.0297
57.0297
57.0297
57.0297
57.0297
57.0297
57.0297
57.0297
57.0297
57.0297
57.0297
57.0297
57.0297
57.0297
57.0297
57.0297
57.0297
57.0297
57.0297
57.0297
57.0297
57.0297
57.0297
57.0297
57.0297
57.0297
57.0297
57.0297
57.0297
57.0297
57.0297
57.0297
57.0297
57.0297
57.0297
57.0297
57.0297
57.0297
57.0297
57.0297
57.0297
57.0297
57.0297
57.0297
57.0297
57.0297
57.0297
57.0297
57.0297
57.0297
57.0297
57.0297
57.0297
57.0297
57.0297
57.0297
57.0297
57.0297
57.0297
57.0297
57.0297
57.0297
57.0297
57.0297
57.0297
57.0297
57.0297
57.0297
57.0297
57.0297
57.0297
57.0297
57.0297
57.0297
57.0297
57.0297
57.0297
57.0297
57.0297
57.0297
57.0297
57.0297
57.0297
57.0297
57.0297
57.0297
57.0297
57.0297
57.0297
57.0297
57.0297
57.0297
57.0297
57.0297
57.0297
57.0297
57.0297
57.0297
57.0297
57.0297
57.0297
57.0297
57.0297
57.0297
57.0297
57.0297
57.0297
57.0297
57.0297
57.0297
57.0297
57.0021
56.926
56.7393
56.684
56.684
56.684
56.684
56.684
56.684
56.684
56.684
56.684
56.684
56.684
56.684
56.684
56.684
56.684
56.684
56.684
56.684
56.684
56.684
56.684
56.684
56.684
56.684
56.684
56.684
56.684
56.684
56.684
56.684
56.684
56.684
56.684
56.684
56.684
56.684
56.684
56.684
56.684
56.684
56.684
56.684
56.684
56.684
56.684
56.684
56.684
56.684
56.684
56.684
56.684
56.684
56.684
56.684
56.684
56.684
56.684
56.684
56.684
56.684
56.684
56.684
56.684
56.684
56.684
56.684
56.684
56.684
56.684
56.684
56.684
56.684
56.684
56.684
56.684
56.684
56.684
56.684
56.684
56.684
56.684
56.684
56.684
56.684
56.684
56.684
56.684
56.684
56.684
56.684
56.684
56.684
56.684
56.684
56.684
56.684
56.684
56.684
56.684
56.684
56.684
56.684
56.684
56.684
56.684
56.684
56.684
56.684
56.684
56.684
56.684
56.684
56.684
56.684
56.684
56.684
56.684
56.684
56.684
56.684
56.684
56.684
56.684
56.684
56.684
56.684
56.684
56.684
56.684
56.684
56.684
56.684
56.684
56.684
56.684
56.684
56.684
56.684
56.684
56.684
56.684
56.684
56.684
56.684
56.684
56.684
56.684
56.684
56.684
56.684
56.684
56.684
56.684
56.684
56.684
56.684
56.684
56.684
56.684
56.684
56.684
56.684
56.684
56.684
56.684
56.684
56.684
56.684
56.684
56.684
56.684
56.684
56.684
56.684
56.684
56.684
56.684
56.684
56.684
56.684
56.684
56.684
56.684
56.684
56.684
56.684
56.684
56.684
56.684
56.684
56.684
56.684
56.684
56.684
56.684
56.684
56.684
56.684
56.684
56.684
56.684
56.684
56.684
56.684
56.684
56.684
56.684
56.684
56.684
56.684
56.684
56.684
56.684
56.684
56.684
56.684
56.684
56.684
56.684
56.684
56.684
56.684
56.684
56.684
56.684
56.684
56.684
56.684
56.684
56.684
56.684
56.684
56.684
56.684
56.684
56.684
56.684
56.684
56.684
56.684
56.684
56.684
56.684
56.684
56.684
56.684
56.684
56.684
56.684
56.684
56.684
56.684
56.684
56.684
56.684
56.684
56.684
56.684
56.684
56.684
56.684
56.684
56.684
56.684
56.684
56.684
56.684
56.684
56.684
56.684
56.684
56.684
56.684
56.684
56.684
56.684
56.684
56.684
56.684
56.684
56.684
56.684
56.684
56.684
56.684
56.684
56.684
56.684
56.684
56.684
56.684
56.684
56.684
56.684
56.684
56.684
56.684
56.684
56.684
56.684
56.684
56.684
56.684
56.684
56.684
56.684
56.684
56.684
56.684
56.684
56.684
56.684
56.684
56.684
56.684
56.684
56.684
56.684
56.684
56.684
56.684
56.684
56.684
56.684
56.684
56.684
56.684
56.684
56.684
56.684
56.684
56.684
56.684
56.684
56.684
56.684
56.684
56.684
56.684
56.684
56.684
56.684
56.684
56.684
56.684
56.684
56.684
56.684
56.684
56.684
56.684
56.684
56.684
56.684
56.684
56.684
56.684
56.684
56.684
56.684
56.684
56.684
56.684
56.684
56.684
56.684
56.684
56.684
56.684
56.684
56.684
56.684
56.684
56.684
56.684
56.684
56.684
56.684
56.684
56.684
56.684
56.684
56.684
56.684
56.684
56.684
56.684
56.684
56.684
56.684
56.684
56.684
56.684
56.684
56.684
56.684
56.684
56.684
56.684
56.684
56.684
56.684
56.684
56.684
56.684
56.684
56.684
56.684
56.684
56.684
56.684
56.684
56.684
56.684
56.684
56.684
56.684
56.684
56.684
56.684
56.684
56.684
56.684
56.684
56.684
56.684
56.684
56.684
56.684
56.684
56.684
56.684
56.684
56.684
56.684
56.684
56.684
56.684
56.684
56.684
56.684
56.684
56.684
56.7304
56.684
56.684
56.684
56.684
56.684
56.684
56.684
56.684
56.684
56.684
56.684
56.684
56.684
56.684
56.684
56.684
56.684
56.684
56.684
56.684
56.684
56.684
56.684
56.684
56.684
56.684
56.684
56.684
56.684
56.684
56.684
56.684
56.684
56.684
56.684
56.684
56.684
56.684
56.684
56.684
56.684
56.684
56.684
56.684
56.684
56.684
56.684
56.684
56.684
56.684
56.684
56.684
56.684
56.684
56.684
56.684
56.684
56.684
56.684
56.684
56.684
56.684
56.684
56.684
56.684
56.684
56.684
56.684
56.684
56.684
56.684
56.684
56.684
56.684
56.684
56.684
56.684
56.684
56.684
56.684
56.684
56.684
56.684
56.684
56.684
56.684
56.684
56.684
56.684
56.684
56.684
56.684
56.684
56.684
56.684
56.684
56.684
56.684
56.684
56.684
56.684
56.684
56.684
56.684
56.684
56.684
56.684
56.684
56.684
56.684
56.684
56.684
56.684
56.684
56.684
56.684
56.684
56.684
56.684
56.684
56.684
56.684
56.684
56.684
56.684
56.684
56.684
56.684
56.684
56.684
56.684
56.684
56.684
56.684
56.684
56.684
56.684
56.684
56.684
56.684
56.684
56.684
56.684
56.684
56.684
56.684
56.684
56.684
56.684
56.684
56.684
56.684
56.684
56.684
56.684
56.684
56.684
56.684
56.684
56.684
56.684
56.684
56.684
56.684
56.684
56.684
56.684
56.684
56.684
56.684
56.684
56.684
56.684
56.684
56.684
56.684
56.684
56.684
56.684
56.684
56.684
56.684
56.684
56.684
56.684
56.684
56.684
56.684
56.684
56.684
56.684
56.684
56.684
56.684
56.684
56.684
56.684
56.684
56.684
56.684
56.684
56.684
56.684
56.684
56.684
56.684
56.684
56.684
56.684
56.684
56.684
56.684
56.684
56.684
56.684
56.684
56.684
56.684
56.684
56.684
56.684
56.684
56.684
56.684
56.684
56.684
56.684
56.684
56.684
56.684
56.684
56.684
56.684
56.684
56.684
56.684
56.684
56.684
56.684
56.684
56.684
56.684
56.684
56.684
56.684
56.684
56.684
56.684
56.684
56.684
56.684
56.684
56.684
56.684
56.684
56.684
56.684
56.684
56.684
56.684
56.684
56.684
56.684
56.684
56.684
56.684
56.684
56.684
56.684
56.684
56.684
56.684
56.684
56.684
56.684
56.684
56.684
56.684
56.684
56.684
56.684
56.684
56.684
56.684
56.684
56.684
56.684
56.684
56.684
56.684
56.684
56.684
56.684
56.684
56.684
56.684
56.684
56.684
56.684
56.684
56.684
56.684
56.684
56.684
56.684
56.684
56.684
56.684
56.684
56.684
56.684
56.684
56.684
56.684
56.684
56.684
56.684
56.684
56.684
56.684
56.684
56.684
56.684
56.684
56.684
56.684
56.684
56.684
56.684
56.684
56.684
56.684
56.684
56.684
56.684
56.684
56.684
56.684
56.684
56.684
56.684
56.684
56.684
56.684
56.684
56.684
56.684
56.684
56.684
56.684
56.684
56.684
56.684
56.684
56.684
56.684
56.684
56.684
56.684
56.684
56.684
56.684
56.684
56.684
56.684
56.684
56.684
56.684
56.684
56.684
56.684
56.684
56.684
56.684
56.684
56.684
56.684
56.684
56.684
56.684
56.684
56.684
56.684
56.684
56.684
56.684
56.684
56.684
56.684
56.684
56.684
56.684
56.684
56.684
56.684
56.684
56.684
56.684
56.684
56.684
56.684
56.684
56.684
56.684
56.684
56.684
56.684
56.684
56.684
56.684
56.684
56.684
56.684
56.684
56.684
56.684
56.684
56.684
56.684
56.684
56.684
56.684
56.684
56.684
56.684
56.684
56.684
56.684
56.684
56.684
56.684
56.684
56.684
56.684
56.684
56.684
56.684
56.684
56.684
56.684
56.684
56.684
56.684
56.684
56.684
56.684
56.684
56.684
56.684
56.684
56.684
56.684
56.684
56.684
56.684
56.684
56.684
56.684
56.684
56.684
56.684
56.684
56.684
56.684
56.684
56.684
56.684
56.684
56.684
56.684
56.684
56.684
56.684
56.684
56.684
56.684
56.684
56.684
56.684
56.684
56.684
56.684
56.684
56.684
56.684
56.684
56.684
56.684
56.684
56.684
56.684
56.684
56.684
56.684
56.684
56.684
56.684
56.684
56.684
56.684
56.684
56.684
56.684
56.684
56.684
56.684
56.684
56.684
56.684
56.684
56.684
56.684
56.684
56.684
56.684
56.684
56.684
56.684
56.684
56.684
56.684
56.684
56.684
56.684
56.684
56.684
56.684
56.684
56.684
56.684
56.684
56.684
56.684
56.684
56.684
56.684
56.684
56.684
56.684
56.684
56.684
56.684
56.684
56.684
56.684
56.684
56.684
56.684
56.684
56.684
56.684
56.684
56.684
56.684
56.684
56.684
56.684
56.684
56.684
56.684
56.684
56.684
56.684
56.684
56.684
56.684
56.684
56.684
56.684
56.684
56.684
56.684
56.684
56.684
56.684
56.684
56.684
56.684
56.684
56.684
56.684
56.684
56.684
56.684
56.684
56.684
56.684
56.684
56.684
56.684
56.684
56.684
56.684
56.684
56.684
56.684
56.684
56.684
56.684
56.684
56.684
56.684
56.684
56.684
56.684
56.684
56.684
56.684
56.684
56.684
56.684
56.684
56.684
56.684
56.684
56.684
56.684
56.684
56.684
56.684
56.684
56.684
56.684
56.684
56.684
56.684
56.684
56.684
56.684
56.684
56.684
56.684
56.684
56.684
56.684
56.684
56.684
56.684
56.684
56.684
56.684
56.684
56.684
56.684
56.684
56.684
56.684
56.684
56.684
56.684
56.684
56.684
56.684
56.684
56.684
56.684
56.684
56.684
56.684
56.684
56.684
56.684
56.684
56.684
56.684
56.684
56.684
56.684
56.684
56.684
56.684
56.684
56.684
56.684
56.684
56.684
56.684
56.684
56.684
56.684
56.684
56.684
56.684
56.684
56.684
56.684
56.684
56.684
56.684
56.684
56.684
56.684
56.684
56.684
56.684
56.684
56.684
56.684
56.684
56.684
56.684
56.684
56.684
56.684
56.684
56.684
56.684
56.684
56.684
56.684
56.684
56.684
56.684
56.684
56.684
56.684
56.684
56.684
56.684
56.684
56.684
56.684
56.684
56.684
56.684
56.684
56.684
56.684
56.684
56.684
56.684
56.684
56.684
56.684
56.684
56.684
56.684
56.684
56.684
56.684
56.684
56.684
56.684
56.684
56.684
56.684
56.684
56.684
56.684
56.684
56.684
56.684
56.684
56.684
56.684
56.684
56.684
56.684
56.684
56.684
56.684
56.684
56.684
56.684
56.684
56.684
56.684
56.684
56.684
56.684
56.684
56.684
56.684
56.684
56.684
56.684
56.684
56.684
56.684
56.684
56.684
56.684
56.684
56.684
56.684
56.684
56.684
56.684
56.684
56.684
56.684
56.684
56.684
56.684
56.684
56.684
56.684
56.684
56.684
56.684
56.684
56.684
56.684
56.684
56.684
56.684
56.684
56.684
56.684
56.684
56.684
56.684
56.684
56.684
56.684
56.684
56.684
56.684
56.684
56.684
56.684
56.684
56.684
56.684
56.684
56.684
56.684
56.684
56.684
56.684
56.684
56.684
56.684
56.684
56.684
56.684
56.684
56.684
56.684
56.684
56.684
56.684
56.684
56.684
56.684
56.684
56.684
56.684
56.684
56.684
56.684
56.684
56.684
56.684
56.684
56.684
56.684
56.684
56.684
56.684
56.684
56.684
56.684
56.684
56.684
56.684
56.684
56.684
56.684
56.684
56.684
56.684
56.684
56.684
56.684
56.684
56.684
56.684
56.684
56.684
56.684
56.684
56.684
56.684
56.684
56.684
56.684
56.684
56.684
56.684
56.684
56.684
56.684
56.684
56.684
56.684
56.684
56.684
56.684
56.684
56.684
56.684
56.684
56.684
56.684
56.684
56.684
56.684
56.684
56.684
56.684
56.684
56.684
56.684
56.684
56.684
56.684
56.684
56.684
56.684
56.684
56.684
56.684
56.684
56.684
56.684
56.684
56.684
56.684
56.684
56.684
56.684
56.684
56.684
56.684
56.684
56.684
56.684
56.684
56.684
56.684
56.684
56.684
56.684
56.684
56.684
56.684
56.684
56.684
56.684
56.684
56.684
56.684
56.684
56.684
56.684
56.684
56.684
56.684
56.684
56.684
56.684
56.684
56.684
56.684
56.684
56.684
56.684
56.684
56.684
56.684
56.684
56.684
56.684
56.684
56.684
56.684
56.684
56.684
56.684
56.684
56.684
56.684
56.684
56.684
56.684
56.684
56.684
56.684
56.684
56.684
56.684
56.684
56.684
56.684
56.684
56.684
56.684
56.684
56.684
56.684
56.684
56.684
56.684
56.684
56.684
56.684
56.684
56.684
56.684
56.684
56.684
56.684
56.684
56.684
56.684
56.684
56.684
56.684
56.684
56.684
56.684
56.684
56.684
56.684
56.684
56.684
56.684
56.684
56.684
56.684
56.684
56.684
56.684
56.684
56.684
56.684
56.684
56.684
56.684
56.684
56.684
56.684
56.684
56.684
56.684
56.684
56.684
56.684
56.684
56.684
56.684
56.684
56.684
56.684
56.684
56.684
56.684
56.684
56.684
56.684
56.684
56.684
56.684
56.684
56.684
56.684
56.684
56.684
56.684
56.684
56.684
56.684
56.684
56.684
56.684
56.684
56.684
56.684
56.684
56.684
56.684
56.684
56.684
56.6787
56.637
56.5064
56.4235
56.4235
56.4235
56.4235
56.4235
56.4235
56.4235
56.4235
56.4235
56.4235
56.4235
56.4235
56.4235
56.4235
56.4235
56.4235
56.4235
56.4235
56.4235
56.4235
56.4235
56.4235
56.4235
56.4235
56.4235
56.4235
56.4235
56.4235
56.4235
56.4235
56.4235
56.4235
56.4235
56.4235
56.4235
56.4235
56.4235
56.4235
56.4235
56.4235
56.4235
56.4235
56.4235
56.4235
56.4235
56.4235
56.4235
56.4235
56.4235
56.4235
56.4235
56.4235
56.4235
56.4235
56.4235
56.4235
56.4235
56.4235
56.4235
56.4235
56.4235
56.4235
56.4235
56.4235
56.4235
56.4235
56.4235
56.4235
56.4235
56.4235
56.4235
56.4235
56.4235
56.4235
56.4235
56.4235
56.4235
56.4235
56.4235
56.4235
56.4235
56.4235
56.4235
56.4235
56.4235
56.4235
56.4235
56.4235
56.4235
56.4235
56.4235
56.4235
56.4235
56.4235
56.4235
56.4235
56.4235
56.4235
56.4235
56.4235
56.4235
56.4235
56.4235
56.4235
56.4235
56.4235
56.4235
56.4235
56.4235
56.4235
56.4235
56.4235
56.4235
56.4235
56.4235
56.4235
56.4235
56.4235
56.4235
56.4235
56.4235
56.4235
56.4235
56.4235
56.4235
56.4235
56.4235
56.4235
56.4235
56.4235
56.4235
56.4235
56.4235
56.4235
56.4235
56.4235
56.4235
56.4235
56.4235
56.4235
56.4235
56.4235
56.4235
56.4235
56.4235
56.4235
56.4235
56.4235
56.4235
56.4235
56.4235
56.4235
56.4235
56.4235
56.4235
56.4235
56.4235
56.4235
56.4235
56.4235
56.4235
56.4235
56.4235
56.4235
56.4235
56.4235
56.4235
56.4235
56.4235
56.4235
56.4235
56.4235
56.4235
56.4235
56.4235
56.4235
56.4235
56.4235
56.4235
56.4235
56.4235
56.4235
56.4235
56.4235
56.4235
56.4235
56.4235
56.4235
56.4235
56.4235
56.4235
56.4235
56.4235
56.4235
56.4235
56.4235
56.4235
56.4235
56.4235
56.4235
56.4235
56.4235
56.4235
56.4235
56.4235
56.4235
56.4235
56.4235
56.4235
56.4235
56.4235
56.4235
56.4235
56.4235
56.4235
56.4235
56.4235
56.4235
56.4235
56.4235
56.4235
56.4235
56.4235
56.4235
56.4235
56.4235
56.4235
56.4235
56.4235
56.4235
56.4235
56.4235
56.4235
56.4235
56.4235
56.4235
56.4235
56.4235
56.4235
56.4235
56.4235
56.4235
56.4235
56.4235
56.4235
56.4235
56.4235
56.4235
56.4235
56.4235
56.4235
56.4235
56.4235
56.4235
56.4235
56.4235
56.4235
56.4235
56.4235
56.4235
56.4235
56.4235
56.4235
56.4235
56.4235
56.4235
56.4235
56.4235
56.4235
56.4235
56.4235
56.4235
56.4235
56.4235
56.4235
56.4235
56.4235
56.4235
56.4235
56.4235
56.4235
56.4235
56.4235
56.4235
56.4235
56.4235
56.4235
56.4235
56.4235
56.4235
56.4235
56.4235
56.4235
56.4235
56.4235
56.4235
56.4235
56.4235
56.4235
56.4235
56.4235
56.4235
56.4235
56.4235
56.4235
56.4235
56.4235
56.4235
56.4235
56.4235
56.4235
56.4235
56.4235
56.4235
56.4235
56.4235
56.4235
56.4235
56.4235
56.4235
56.4235
56.4235
56.4235
56.4235
56.4235
56.4235
56.4235
56.4235
56.4235
56.4235
56.4235
56.4235
56.4235
56.4235
56.4235
56.4235
56.4235
56.4235
56.4235
56.4235
56.4235
56.4235
56.4235
56.4235
56.4235
56.4235
56.4235
56.4235
56.4235
56.4235
56.4235
56.4235
56.4235
56.4235
56.4235
56.4235
56.4235
56.4235
56.4235
56.4235
56.4235
56.4235
56.4235
56.4235
56.4235
56.4235
56.4235
56.4235
56.4235
56.4235
56.4235
56.4235
56.4235
56.4235
56.4235
56.4235
56.4235
56.4235
56.4235
56.4235
56.4235
56.4235
56.4235
56.4235
56.4235
56.4235
56.4235
56.4235
56.4235
56.4235
56.4235
56.4235
56.4235
56.4235
56.4235
56.4235
56.4235
56.4235
56.4235
56.4235
56.4235
56.4235
56.4235
56.4235
56.4235
56.4235
56.4235
56.4235
56.4235
56.4235
56.4235
56.4235
56.4235
56.4235
56.4235
56.4235
56.4235
56.4235
56.4235
56.4235
56.4235
56.4235
56.4235
56.4235
56.4235
56.4235
56.4235
56.4235
56.4235
56.4235
56.4235
56.4235
56.4235
56.4235
56.4235
56.4235
56.4235
56.4235
56.4235
56.4235
56.4235
56.4235
56.4235
56.4235
56.4235
56.4235
56.4235
56.4235
56.4235
56.4235
56.4235
56.4235
56.4235
56.4235
56.4235
56.4235
56.4235
56.4235
56.4235
56.4235
56.4235
56.4235
56.4235
56.4235
56.4235
56.4235
56.4235
56.4235
56.4235
56.4235
56.4235
56.4235
56.4235
56.4235
56.4235
56.4235
56.4235
56.4235
56.4235
56.4235
56.4235
56.4235
56.4235
56.4235
56.4235
56.4235
56.4235
56.4235
56.4235
56.4235
56.4235
56.4235
56.4235
56.4235
56.4235
56.4235
56.4235
56.4235
56.4235
56.4235
56.4235
56.4235
56.4235
56.4235
56.4235
56.4235
56.4235
56.4235
56.4235
56.4235
56.4235
56.4235
56.4235
56.4235
56.4235
56.4235
56.4235
56.4235
56.4235
56.4235
56.4235
56.4235
56.4235
56.4235
56.4235
56.4235
56.4235
56.4235
56.4235
56.4235
56.4235
56.4235
56.4235
56.4235
56.4235
56.4235
56.4235
56.4235
56.4235
56.4235
56.4235
56.4235
56.4235
56.4235
56.4235
56.4235
56.4235
56.4235
56.4235
56.4235
56.4235
56.4235
56.4235
56.416
56.4011
56.3369
56.287
56.2631
56.2153
56.1317
55.8571
55.7013
55.7013
55.7013
55.7013
55.7013
55.7013
55.7013
55.7013
55.7013
55.7013
55.7013
55.7013
55.7013
55.7013
55.7013
55.7013
55.7013
55.7013
55.7013
55.7013
55.7013
55.7013
55.7013
55.7013
55.7013
55.7013
55.7013
55.7013
55.7013
55.7013
55.7013
55.7013
55.7013
55.7013
55.7013
55.7013
55.7013
55.7013
55.7013
55.7013
55.7013
55.7013
55.7013
55.7013
55.7013
55.7013
55.7013
55.7013
55.7013
55.7013
55.7013
55.7013
55.7013
55.7013
55.7013
55.7013
55.6983
55.6683
55.5782
55.5512
55.5512
55.5512
55.5512
55.5512
55.5512
55.5512
55.5512
55.5512
55.5512
55.5512
55.5512
55.5512
55.5512
55.5512
55.5512
55.5512
55.5512
55.5512
55.5512
55.5512
55.5512
55.5512
55.5512
55.5512
55.5512
55.5512
55.5512
55.5512
55.5512
55.5512
55.5512
55.5512
55.5512
55.5512
55.5512
55.5512
55.5512
55.5512
55.5512
55.5512
55.5512
55.5512
55.5512
55.5512
55.5512
55.5512
55.5512
55.5512
55.5512
55.5512
55.5512
55.5512
55.5512
55.5512
55.5512
55.5512
55.5512
55.5512
55.5512
55.5512
55.5512
55.5512
55.5512
55.5512
55.5512
55.5512
55.5512
55.5512
55.5512
55.5512
55.5512
55.5512
55.5512
55.5512
55.5512
55.5512
55.5512
55.5512
55.5512
55.5512
55.5512
55.5512
55.5512
55.5512
55.5512
55.5512
55.5512
55.5512
55.5512
55.5512
55.5512
55.5512
55.5512
55.5512
55.5512
55.5512
55.5512
55.5512
55.5512
55.5512
55.5512
55.5512
55.5512
55.5512
55.5512
55.5512
55.5512
55.5512
55.5512
55.5512
55.5512
55.5512
55.5512
55.5512
55.5512
55.5512
55.5512
55.5512
55.5512
55.5512
55.5512
55.5512
55.5512
55.5512
55.5512
55.5512
55.5512
55.5512
55.5512
55.5512
55.5512
55.5512
55.5512
55.5512
55.5512
55.5512
55.5512
55.5512
55.5512
55.5512
55.5512
55.5512
55.5512
55.5512
55.5512
55.5512
55.5512
55.5512
55.5512
55.5512
55.5512
55.5512
55.5512
55.5512
55.5512
55.5512
55.5512
55.5512
55.5512
55.5512
55.5512
55.5512
55.5512
55.5512
55.5512
55.5512
55.5512
55.5512
55.5512
55.5512
55.5512
55.5512
55.5512
55.5512
55.5512
55.5512
55.5512
55.5512
55.5512
55.5512
55.5512
55.5512
55.5512
55.5512
55.5512
55.5512
55.5512
55.5512
55.5512
55.5512
55.5512
55.5512
55.5512
55.5512
55.5512
55.5512
55.5512
55.5512
55.5512
55.5512
55.5512
55.5512
55.5512
55.5512
55.5512
55.5512
55.5512
55.5512
55.5512
55.5512
55.5512
55.5512
55.5512
55.5512
55.5512
55.5512
55.5512
55.5512
55.5512
55.5512
55.5512
55.5512
55.5512
55.5512
55.5512
55.5512
55.5512
55.5512
55.5512
55.5512
55.5512
55.5512
55.5512
55.5512
55.5512
55.5512
55.5512
55.5512
55.5512
55.5512
55.5512
55.5512
55.5512
55.5512
55.5512
55.5512
55.5512
55.5512
55.5512
55.5512
55.5512
55.5512
55.5512
55.5512
55.5512
55.5512
55.5512
55.5512
55.5512
55.5512
55.5512
55.5512
55.5512
55.5512
55.5512
55.5512
55.5512
55.5512
55.5512
55.5512
55.5512
55.5512
55.5512
55.5512
55.5512
55.5512
55.5512
55.5512
55.5512
55.5512
55.5512
55.5512
55.5512
55.5512
55.5512
55.5512
55.5512
55.5512
55.5512
55.5512
55.5512
55.5512
55.5512
55.5512
55.5512
55.5512
55.5512
55.5512
55.5512
55.5512
55.5512
55.5512
55.5512
55.5512
55.5512
55.5512
55.5512
55.5512
55.5512
55.5512
55.5512
55.5512
55.5512
55.5512
55.5512
55.5512
55.5512
55.5512
55.5512
55.5512
55.5512
55.5512
55.5512
55.5512
55.5512
55.5512
55.5512
55.5512
55.5512
55.5512
55.5512
55.5512
55.5512
55.5512
55.5512
55.5512
55.5512
55.5512
55.5512
55.5512
55.5512
55.5512
55.5512
55.5512
55.5512
55.5512
55.5512
55.5512
55.5512
55.5512
55.5512
55.5512
55.5512
55.5512
55.5512
55.5512
55.5512
55.5512
55.5512
55.5512
55.5512
55.5512
55.5512
55.5512
55.5512
55.5512
55.5512
55.5512
55.5512
55.5512
55.5512
55.5512
55.5512
55.5512
55.5512
55.5512
55.5512
55.5512
55.5512
55.5512
55.5512
55.5512
55.5512
55.5512
55.5512
55.5512
55.5512
55.5512
55.5512
55.5512
55.5512
55.5512
55.5512
55.5512
55.5512
55.5512
55.5512
55.5512
55.5512
55.5512
55.5512
55.5512
55.5512
55.5512
55.5512
55.5512
55.5512
55.5512
55.5512
55.5512
55.5512
55.5512
55.5512
55.5512
55.5512
55.5512
55.5512
55.5512
55.5512
55.5512
55.5512
55.5512
55.5512
55.5512
55.5512
55.5512
55.5512
55.5512
55.5512
55.5512
55.5512
55.5512
55.5512
55.5512
55.5512
55.5512
55.5512
55.5512
55.5512
55.5512
55.5512
55.5512
55.5512
55.5512
55.5512
55.5512
55.5512
55.5512
55.5512
55.5512
55.5512
55.5512
55.5512
55.5512
55.5512
55.5512
55.5512
55.5512
55.5512
55.5512
55.5512
55.5512
55.5512
55.5512
55.5512
55.5512
55.5512
55.5512
55.5512
55.5512
55.5512
55.5512
55.5512
55.5512
55.5512
55.5512
55.5512
55.5512
55.5512
55.5512
55.5512
55.5512
55.5512
55.5512
55.5512
55.5512
55.5512
55.5512
55.5512
55.5512
55.5512
55.5512
55.5512
55.5512
55.5512
55.5512
55.5512
55.5512
55.5512
55.5512
55.5512
55.5512
55.5512
55.5512
55.5512
55.5512
55.5512
55.5512
55.5512
55.5512
55.5512
55.5512
55.5512
55.5512
55.5512
55.5512
55.5512
55.5512
55.5512
55.5512
55.5512
55.5512
55.5512
55.5512
55.5512
55.5512
55.5512
55.5512
55.5512
55.5512
55.5512
55.5512
55.5512
55.5512
55.5512
55.5512
55.5512
55.5512
55.5512
55.5512
55.5512
55.5512
55.5512
55.5512
55.5512
55.5512
55.5512
55.5512
55.5512
55.5512
55.5512
55.5512
55.5512
55.5512
55.5512
55.5512
55.5512
55.5512
55.5512
55.5512
55.5512
55.5512
55.5512
55.5512
55.5512
55.5512
55.5512
55.5512
55.5512
55.5512
55.5512
55.5512
55.5512
55.5512
55.5512
55.5512
55.5512
55.5512
55.5512
55.5512
55.5512
55.5512
55.5512
55.5512
55.5512
55.5512
55.5512
55.5512
55.5512
55.5512
55.5512
55.5512
55.5512
55.5512
55.5512
55.5512
55.5512
55.5512
55.5512
55.5512
55.5512
55.5512
55.5512
55.5512
55.5512
55.5512
55.5512
55.5512
55.5512
55.5512
55.5512
55.5512
55.5512
55.5512
55.5512
55.5512
55.5512
55.5512
55.5512
55.5512
55.5512
55.5512
55.5512
55.5512
55.5512
55.5512
55.5512
55.5512
55.5512
55.5512
55.5512
55.5512
55.5512
55.5512
55.5512
55.5512
55.5512
55.5512
55.5512
55.5512
55.5512
55.5512
55.5512
55.5512
55.5512
55.5512
55.5512
55.5512
55.5512
55.5512
55.5512
55.5512
55.5512
55.5512
55.5512
55.5512
55.5512
55.5512
55.5512
55.5512
55.5512
55.5512
55.5512
55.5512
55.5512
55.5512
55.5512
55.5512
55.5512
55.5512
55.5512
55.5512
55.5512
55.5512
55.5512
55.5512
55.5512
55.5512
55.5512
55.5512
55.5512
55.5512
55.5512
55.5512
55.5512
55.5512
55.5512
55.5512
55.5512
55.5512
55.5512
55.5512
55.5512
55.5512
55.5512
55.5512
55.5512
55.5512
55.5512
55.5512
55.5512
55.5512
55.5512
55.5512
55.5512
55.5512
55.5512
55.5512
55.5512
55.5512
55.5512
55.5512
55.5512
55.5512
55.5512
55.5512
55.5512
55.5512
55.5512
55.5512
55.5512
55.5512
55.5512
55.5512
55.5512
55.5512
55.5512
55.5512
55.5512
55.5512
55.5512
55.5512
55.5512
55.5512
55.5512
55.5512
55.5512
55.5512
55.5512
55.5512
55.5512
55.5512
55.5512
55.5512
55.5512
55.5512
55.5512
55.5512
55.5512
55.5512
55.5512
55.5512
55.5512
55.5512
55.5512
55.5512
55.5512
55.5512
55.5512
55.5512
55.5512
55.5512
55.5512
55.5512
55.5512
55.5512
55.5512
55.5512
55.5512
55.5512
55.5512
55.5512
55.5512
55.5512
55.5512
55.5512
55.5512
55.5512
55.5512
55.5512
55.5512
55.5512
55.5512
55.5512
55.5512
55.5512
55.5512
55.5512
55.5512
55.5512
55.5512
55.5512
55.5512
55.5512
55.5512
55.5512
55.5512
55.5512
55.5512
55.5512
55.5512
55.5512
55.5512
55.5512
55.5512
55.5512
55.5512
55.5512
55.5512
55.5512
55.5512
55.5512
55.5512
55.5512
55.5512
55.5512
55.5512
55.5512
55.5512
55.5512
55.5512
55.5512
55.5512
55.5512
55.5512
55.5512
55.5512
55.5512
55.5512
55.5512
55.5512
55.5512
55.5512
55.5512
55.5512
55.5512
55.5512
55.5512
55.5512
55.5512
55.5512
55.5512
55.5512
55.5512
55.5512
55.5512
55.5512
55.5512
55.5512
55.5512
55.5512
55.5512
55.5512
55.5512
55.5512
55.5512
55.5512
55.5512
55.5512
55.5512
55.5512
55.5512
55.5512
55.5512
55.5512
55.5512
55.5512
55.5512
55.5512
55.5512
55.5512
55.5512
55.5512
55.5512
55.5512
55.5512
55.5512
55.5512
55.5512
55.5512
55.5512
55.5512
55.5512
55.5512
55.5512
55.5512
55.5512
55.5512
55.5512
55.5512
55.5512
55.5512
55.5512
55.5512
55.5512
55.5512
55.5512
55.5512
55.5512
55.5512
55.5512
55.5512
55.5512
55.5512
55.5512
55.5512
55.5512
55.5512
55.5512
55.5512
55.5512
55.5512
55.5512
55.5512
55.5512
55.5512
55.5512
55.5512
55.5512
55.5512
55.5512
55.5512
55.5512
55.5512
55.5512
55.5512
55.5512
55.5512
55.5512
55.5512
55.5512
55.5512
55.5512
55.5512
55.5512
55.5512
55.5512
55.5512
55.5512
55.5512
55.5512
55.5512
55.5512
55.5512
55.5512
55.5512
55.5512
55.5512
55.5512
55.5512
55.5512
55.5512
55.5512
55.5512
55.5512
55.5512
55.5512
55.5512
55.5512
55.5512
55.5512
55.5512
55.5512
55.5512
55.5512
55.5512
55.5512
55.5512
55.5512
55.5512
55.5512
55.5512
55.5512
55.5512
55.5512
55.5512
55.5512
55.5512
55.5512
55.5512
55.5512
55.5512
55.5512
55.5512
55.5512
55.5512
55.5512
55.5512
55.5512
55.5512
55.5512
55.5512
55.5512
55.5512
55.5512
55.5512
55.5512
55.5512
55.5512
55.5512
55.5512
55.5512
55.5512
55.5512
55.5512
55.5512
55.5512
55.5512
55.5512
55.5512
55.5512
55.5512
55.5512
55.5512
55.5512
55.5512
55.5512
55.5512
55.5512
55.5512
55.5512
55.5512
55.5512
55.5512
55.5512
55.5512
55.5512
55.5512
55.5512
55.5512
55.5512
55.5512
55.5512
55.5512
55.5512
55.5512
55.5512
55.5512
55.5512
55.5512
55.5512
55.5512
55.5512
55.5512
55.5512
55.5512
55.5512
55.5512
55.5512
55.5512
55.5512
55.5512
55.5512
55.5512
55.5512
55.5512
55.5512
55.5512
55.5512
55.5512
55.5512
55.5512
55.5512
55.5512
55.5512
55.5512
55.5512
55.5512
55.5512
55.5512
55.5512
55.5512
55.5512
55.5512
55.5512
55.5512
55.5512
55.5512
55.5512
55.5512
55.5512
55.5512
55.5512
55.5512
55.5512
55.5512
55.5512
55.5512
55.5512
55.5512
55.5512
55.5512
55.5512
55.5512
55.5512
55.5512
55.5512
55.5512
55.5512
55.5512
55.5512
55.5512
55.5512
55.5512
55.5512
55.5512
55.5512
55.5512
55.5512
55.5512
55.5512
55.5512
55.5512
55.5512
55.5512
55.5512
55.5512
55.5512
55.5512
55.5512
55.5512
55.5512
55.5512
55.5512
55.5512
55.5512
55.5512
55.5512
55.5512
55.5512
55.5512
55.5512
55.5512
55.5512
55.5512
55.5512
55.5512
55.5512
55.5512
55.5512
55.5512
55.5512
55.5512
55.5512
55.5512
55.5512
55.5512
55.5512
55.5512
55.5512
55.5512
55.5512
55.5512
55.5512
55.5512
55.5512
55.5512
55.5512
55.5512
55.5512
55.5512
55.5512
55.5512
55.5512
55.5512
55.5512
55.5512
55.5512
55.5512
55.5512
55.5512
55.5512
55.5512
55.5512
55.5512
55.5512
55.5512
55.5512
55.5512
55.5512
55.5512
55.5512
55.5512
55.5512
55.5512
55.5512
55.5512
55.5512
55.5512
55.5512
55.5512
55.5512
55.5512
55.5512
55.5512
55.5512
55.5512
55.5512
55.5512
55.5512
55.5512
55.5512
55.5512
55.5512
55.5512
55.5512
55.5512
55.5512
55.5512
55.5512
55.5512
55.5512
55.5512
55.5512
55.5512
55.5512
55.5512
55.5512
55.5512
55.5512
55.5512
55.5512
55.5512
55.5512
55.5512
55.5512
55.5512
55.5512
55.5512
55.5512
55.5512
55.5512
55.5512
55.5512
55.5512
55.5512
55.5512
55.5512
55.5512
55.5512
55.5512
55.5512
55.5512
55.5512
55.5512
55.5512
55.5512
55.5512
55.5512
55.5512
55.5512
55.5512
55.5512
55.5512
55.5512
55.5512
55.5512
55.5512
55.5512
55.5512
55.5512
55.5512
55.5512
55.5512
55.5512
55.5512
55.5512
55.5512
55.5512
55.5512
55.5512
55.5512
55.5512
55.5512
55.5512
55.5512
55.5512
55.5512
55.5512
55.5512
55.5512
55.5512
55.5512
55.5512
55.5512
55.5512
55.5512
55.5512
55.5512
55.5512
55.5512
55.5512
55.5512
55.5512
55.5512
55.5512
55.5512
55.5512
55.5512
55.5512
55.5512
55.5512
55.5512
55.5512
55.5512
55.5512
55.5512
55.5512
55.5512
55.5512
55.5512
55.5512
55.5512
55.5512
55.5512
55.5512
55.5512
55.5512
55.5512
55.5512
55.5512
55.5512
55.5512
55.5512
55.5512
55.5512
55.5512
55.5512
55.5512
55.5512
55.5512
55.5512
55.5512
55.5512
55.5512
55.5512
55.5512
55.5512
55.5512
55.5512
55.5512
55.5512
55.5512
55.5512
55.5512
55.5512
55.5512
55.5512
55.5512
55.5512
55.5512
55.5512
55.5512
55.5512
55.5512
55.5512
55.5512
55.5512
55.5512
55.5512
55.5512
55.5512
55.5512
55.5512
55.5512
55.5512
55.5512
55.5512
55.5512
55.5512
55.5512
55.5512
55.5512
55.5512
55.5512
55.5512
55.5512
55.5512
55.5512
55.5512
55.5512
55.5512
55.5512
55.5512
55.5512
55.5512
55.5512
55.5512
55.5512
55.5512
55.5512
55.5512
55.5512
55.5512
55.5512
55.5512
55.5512
55.5512
55.5512
55.5512
55.5512
55.5512
55.5512
55.5512
55.5512
55.5512
55.5512
55.5512
55.5512
55.5512
55.5512
55.5512
55.5512
55.5512
55.5512
55.5512
55.5512
55.5512
55.5512
55.5512
55.5512
55.5512
55.5512
55.5512
55.5512
55.5512
55.5512
55.5512
55.5512
55.5512
55.5512
55.5512
55.5512
55.5512
55.5512
55.5512
55.5512
55.5512
55.5512
55.5512
55.5512
55.5512
55.5512
55.5512
55.5512
55.5512
55.5512
55.5512
55.5512
55.5512
55.5512
55.5512
55.5511
55.551
55.5508
55.5504
55.5504
55.5504
55.5504
55.5504
55.5504
55.5504
55.5504
55.5504
55.5504
55.5504
55.5504
55.5504
55.5504
55.5504
55.5504
55.5504
55.5504
55.5504
55.5504
55.5504
55.5504
55.5504
55.5504
55.5504
55.5504
55.5504
55.5504
55.5504
55.5504
55.5504
55.5504
55.5504
55.5504
55.5504
55.5504
55.5504
55.5504
55.5504
55.5504
55.5504
55.5504
55.5504
55.5504
55.5504
55.5504
55.5504
55.5504
55.5504
55.5504
55.5504
55.5504
55.5504
55.5504
55.5504
55.5504
55.5504
55.5504
55.5504
55.5504
55.5504
55.5504
55.5504
55.5504
55.5504
55.5504
55.5504
55.5504
55.5504
55.5504
55.5504
55.5504
55.5504
55.5504
55.5504
55.5504
55.5504
55.5504
55.5504
55.5504
55.5504
55.5504
55.5504
55.5504
55.5504
55.5504
55.5504
55.5504
55.5504
55.5504
55.5504
55.5504
55.5504
55.5504
55.5504
55.5504
55.5504
55.5504
55.5504
55.5504
55.5504
55.5504
55.5504
55.5504
55.5504
55.5504
55.5504
55.5504
55.5504
55.5504
55.5504
55.5504
55.5504
55.5504
55.5504
55.5504
55.5504
55.5504
55.5504
55.5504
55.5504
55.5504
55.5504
55.5504
55.5504
55.5504
55.5504
55.5504
55.5504
55.5504
55.5504
55.5504
55.5504
55.5504
55.5504
55.5504
55.5504
55.5504
55.5504
55.5504
55.5504
55.5504
55.5504
55.5504
55.5504
55.5504
55.5504
55.5504
55.5504
55.5504
55.5504
55.5504
55.5504
55.5504
55.5504
55.5504
55.5504
55.5504
55.5504
55.5504
55.5504
55.5504
55.5504
55.5504
55.5504
55.5504
55.5504
55.5504
55.5504
55.5504
55.5504
55.5504
55.5504
55.5504
55.5504
55.5504
55.5504
55.5504
55.5504
55.5504
55.5504
55.5504
55.5504
55.5504
55.5504
55.5504
55.5504
55.5504
55.5504
55.5504
55.5504
55.5504
55.5504
55.5504
55.5504
55.5504
55.5504
55.5504
55.5504
55.5504
55.5504
55.5504
55.5504
55.5504
55.5504
55.5504
55.5504
55.5504
55.5504
55.5504
55.5504
56.5645
55.5504
55.5504
55.5504
55.5504
55.5504
55.5504
55.5504
55.5504
55.5504
55.5504
55.5504
55.5504
55.5504
55.5504
55.5504
55.5504
55.5504
55.5504
55.5504
55.5504
55.5504
55.5504
55.5504
55.5504
55.5504
55.5504
55.5504
55.5504
55.5504
55.5504
55.5504
55.5504
55.5504
55.5504
55.5504
55.5504
55.5504
55.5504
55.5504
55.5504
55.5504
55.5504
55.5504
55.5504
55.5504
55.5504
55.5504
55.5504
55.5504
55.5504
55.5504
55.5504
55.5504
55.5504
55.5504
55.5504
55.5504
55.5504
55.5504
55.5504
55.5504
55.5504
55.5504
55.5504
55.5504
55.5504
55.5504
55.5504
55.5504
55.5504
55.5504
55.5504
55.5504
55.5504
55.5504
55.5504
55.5504
55.5504
55.5504
55.5504
55.5504
55.5504
55.5504
55.5504
55.5504
55.5504
55.5504
55.5504
55.5504
55.5504
55.5504
55.5504
55.5504
55.5504
55.5504
55.5504
55.5504
55.5504
55.5504
55.5504
55.5504
55.5504
55.5504
55.5504
55.5504
55.5504
55.5504
55.5504
55.5504
55.5504
55.5504
55.5504
55.5504
55.5504
55.5504
55.5504
55.5504
55.5504
55.5504
55.5504
55.5504
55.5504
55.5504
55.5504
55.5504
55.5504
55.5504
55.5504
55.5504
55.5504
55.5504
55.5504
55.5504
55.5504
55.5504
55.5504
55.5504
55.5504
55.5504
55.5504
55.5504
55.5504
55.5504
55.5504
55.5504
55.5504
55.5504
55.5504
55.5504
55.5504
55.5504
55.5504
55.5504
55.5504
55.5504
55.5504
55.5504
55.5504
55.5504
55.5504
55.5504
55.5504
55.5504
55.5504
55.5504
55.5504
55.5504
55.5504
55.5504
55.5504
55.5504
55.5504
55.5504
55.5504
55.5504
55.5504
55.5504
55.5504
55.5504
55.5504
55.5504
55.5504
55.5504
55.5504
55.5504
55.5504
55.5504
55.5504
55.5504
55.5504
55.5504
55.5504
55.5504
55.5504
55.5504
55.5504
55.5504
55.5504
55.5504
55.5504
55.5504
55.5504
55.5504
55.5504
55.5504
55.5504
55.5504
55.5504
55.5504
55.5504
55.5504
55.5504
55.5504
55.5504
55.5504
55.5504
55.5504
55.5504
55.5504
55.5504
55.5504
55.5504
55.5504
55.5504
55.5504
55.5504
55.5504
55.5504
55.5504
55.5504
55.5504
55.5504
55.5504
55.5504
55.5504
55.5504
55.5504
55.5504
55.5504
55.5504
55.5504
55.5504
55.5504
55.5504
55.5504
55.5504
55.5504
55.5504
55.5504
55.5504
55.5504
55.5504
55.5504
55.5504
55.5504
55.5504
55.5504
55.5504
55.5504
55.5504
55.5504
55.5504
55.5504
55.5504
55.5504
55.5504
55.5504
55.5504
55.5504
55.5504
55.5504
55.5504
55.5504
55.5504
55.5504
55.5504
55.5504
55.5504
55.5504
55.5504
55.5504
55.5504
55.5504
55.5504
55.5504
55.5504
55.5504
55.5504
55.5504
55.5504
55.5504
55.5504
55.5504
55.5504
55.5504
55.5504
55.5504
55.5504
55.5504
55.5504
55.5504
55.5504
55.5504
55.5504
55.5504
55.5504
55.5504
55.5504
55.5504
55.5504
55.5504
55.5504
55.5504
55.5504
55.5504
55.5504
55.5504
55.5504
55.5504
55.5504
55.5504
55.5504
55.5504
55.5504
55.5504
55.5504
55.5504
55.5504
55.5504
55.5504
55.5504
55.5504
55.5504
55.5504
55.5504
55.5504
55.5504
55.5504
55.5504
55.5504
55.5504
55.5504
55.5504
55.5504
55.5504
55.5504
55.5504
55.5504
55.5504
55.5504
55.5504
55.5504
55.5504
55.5504
55.5504
55.5504
55.5504
55.5504
55.5504
55.5504
55.5504
55.5504
55.5504
55.5504
55.5504
55.5504
55.5504
55.5504
55.5504
55.5504
55.5504
55.5504
55.5504
55.5504
55.5504
55.5504
55.5504
55.5504
55.5504
55.5504
55.5504
55.5504
55.5504
55.5504
55.5504
55.5504
55.5504
55.5504
55.5504
55.5504
55.5504
55.5504
55.5504
55.5504
55.5504
55.5504
55.5504
55.5504
55.5504
55.5504
55.5504
55.5504
55.5504
55.5504
55.5504
55.5504
55.5504
55.5504
55.5504
55.5504
55.5504
55.5504
55.5504
55.5504
55.5504
55.5504
55.5504
55.5504
55.5504
55.5504
55.5504
55.5504
55.5504
55.5504
55.5504
55.5504
55.5504
55.5504
55.5504
55.5504
55.5504
55.5504
55.5504
55.5504
55.5504
55.5504
55.5504
55.5504
55.5504
55.5504
55.5504
55.5504
55.5504
55.5504
55.5504
55.5504
55.5504
55.5504
55.5504
55.5504
55.5504
55.5504
55.5504
55.5504
55.5504
55.5504
55.5504
55.5504
55.5504
55.5504
55.5504
55.5504
55.5504
55.5504
55.5504
55.5504
55.5504
55.5504
55.5504
55.5504
55.5504
55.5504
55.5504
55.5504
55.5504
55.5504
55.5504
55.5504
55.5504
55.5504
55.5504
55.5504
55.5504
55.5504
55.5504
55.5504
55.5504
55.5504
55.5504
55.5504
55.5504
55.5504
55.5504
55.5504
55.5504
55.5504
55.5504
55.5504
55.5504
55.5504
55.5504
55.5504
55.5504
55.5504
55.5504
55.5504
55.5504
55.5504
55.5504
55.5504
55.5504
55.5504
55.5504
55.5504
55.5504
55.5504
55.5504
55.5504
55.5504
55.5504
55.5504
55.5504
55.5504
55.5504
55.5504
55.5504
55.5504
55.5504
55.5504
55.5504
55.5504
55.5504
55.5504
55.5504
55.5504
55.5504
55.5504
55.5504
55.5504
55.5504
55.5504
55.5504
55.5504
55.5504
55.5504
55.5504
55.5504
55.5504
55.5504
55.5504
55.5504
55.5504
55.5504
55.5504
55.5504
55.5504
55.5504
55.5504
55.5504
55.5504
55.5504
55.5504
55.5504
55.5504
55.5504
55.5504
55.5504
55.5504
55.5504
55.5504
55.5504
55.5504
55.5504
55.5504
55.5504
55.5504
55.5504
55.5504
55.5504
55.5504
55.5504
55.5504
55.5504
55.5504
55.5504
55.5504
55.5504
55.5504
55.5504
55.5504
55.5504
55.5504
55.5504
55.5504
55.5504
55.5504
55.5504
55.5504
55.5504
55.5504
55.5504
55.5504
55.5504
55.5504
55.5504
55.5504
55.5504
55.5504
55.5504
55.5504
55.5504
55.5504
55.5504
55.5504
55.5504
55.5504
55.5504
55.5504
55.5504
55.5504
55.5504
55.5504
55.5504
55.5504
55.5504
55.5504
55.5504
55.5504
55.5504
55.5504
55.5504
55.5504
55.5504
55.5504
55.5504
55.5504
55.5504
55.5504
55.5504
55.5504
55.5504
55.5504
55.5504
55.5504
55.5504
55.5504
55.5504
55.5504
55.5504
55.5504
55.5504
55.5504
55.5504
55.5504
55.5504
55.5504
55.5504
55.5504
55.5504
55.5504
55.5504
55.5504
55.5504
55.5504
55.5504
55.5504
55.5504
55.5504
55.5504
55.5504
55.5504
55.5504
55.5504
55.5504
55.5504
55.5504
55.5504
55.5504
55.5504
55.5504
55.5504
55.5504
55.5504
55.5504
55.5504
55.5504
55.5504
55.5504
55.5504
55.5504
55.5504
55.5504
55.5504
55.5504
55.5504
55.5504
55.5504
55.5504
55.5504
55.5504
55.5504
55.5504
55.5504
55.5504
55.5504
55.5504
55.5504
55.5504
55.5504
55.5504
55.5504
55.5504
55.5504
55.5504
55.5504
55.5504
55.5504
55.5504
55.5504
55.5504
55.5504
55.5504
55.5504
55.5504
55.5504
55.5504
55.5504
55.5504
55.5504
55.5504
55.5504
55.5504
55.5504
55.5504
55.5504
55.5504
55.5504
55.5504
55.5504
55.5504
55.5504
55.5504
55.5504
55.5504
55.5504
55.5504
55.5504
55.5504
55.5504
55.5504
55.5504
55.5504
55.5504
55.5504
55.5504
55.5504
55.5504
55.5504
55.5504
55.5504
55.5504
55.5504
55.5504
55.5504
55.5504
55.5504
55.5504
55.5504
55.5504
55.5504
55.5504
55.5504
55.5504
55.5504
55.5504
55.5504
55.5504
55.5504
55.5504
55.5504
55.5504
55.5504
55.5504
55.5504
55.5504
55.5504
55.5504
55.5504
55.5504
55.5504
55.5504
55.5504
55.5504
55.5504
55.5504
55.5504
55.5504
55.5504
55.5504
55.5504
55.5504
55.5504
55.5504
55.5504
55.5504
55.5504
55.5504
55.5504
55.5504
55.5504
55.5504
55.5504
55.5504
55.5504
55.5504
55.5504
55.5504
55.5504
55.5504
55.5504
55.5504
55.5504
55.5504
55.5504
55.5504
55.5504
55.5504
55.5504
55.5504
55.5504
55.5504
55.5504
55.5504
55.5504
55.5504
55.5504
55.5504
55.5504
55.5504
55.5504
55.5504
55.5504
55.5504
55.5504
55.5504
55.5504
55.5504
55.5504
55.5504
55.5504
55.5504
55.5504
55.5504
55.5504
55.5504
55.5504
55.5504
55.5504
55.5504
55.5504
55.5504
55.5504
55.5504
55.5504
55.5504
55.5504
55.5504
55.5504
55.5504
55.5504
55.5504
55.5504
55.5504
55.5504
55.5504
55.5504
55.5504
55.5504
55.5504
55.5504
55.5504
55.5504
55.5504
55.5504
55.5504
55.5504
55.5504
55.5504
55.5504
55.5504
55.5504
55.5504
55.5504
55.5504
55.5504
55.5504
55.5504
55.5504
55.5504
55.5504
55.5504
55.5504
55.5504
55.5504
55.5504
55.5504
55.5504
55.5504
55.5504
55.5504
55.5504
55.5504
55.5504
55.5504
55.5504
55.5504
55.5504
55.5504
55.5504
55.5504
55.5504
55.5504
55.5504
55.5504
55.5504
55.5504
55.5504
55.5504
55.5504
55.5504
55.5504
55.5504
55.5504
55.5504
55.5504
55.5504
55.5504
55.5504
55.5504
55.5504
55.5504
55.5504
55.5504
55.5504
55.5504
55.5504
55.5504
55.5504
55.5504
55.5504
55.5504
55.5504
55.5504
55.5504
55.5504
55.5504
55.5504
55.5504
55.5504
55.5504
55.5504
55.5504
55.5504
55.5504
55.5504
55.5504
55.5504
55.5504
55.5504
55.5504
55.5504
55.5504
55.5504
55.5504
55.5504
55.5504
55.5504
55.5504
55.5504
55.5504
55.5504
55.5504
55.5504
55.5504
55.5504
55.5504
55.5504
55.5504
55.5504
55.5504
55.5504
55.5504
55.5504
55.5504
55.5504
55.5504
55.5504
55.5504
55.5504
55.5504
55.5504
55.5504
55.5504
55.5504
55.5504
55.5504
55.5504
55.5504
55.5504
55.5504
55.5504
55.5504
55.5504
55.5504
55.5504
55.5504
55.5504
55.5504
55.5504
55.5504
55.5504
55.5504
55.5504
55.5504
55.5504
55.5504
55.5504
55.5504
55.5504
55.5504
55.5504
55.5504
55.5504
55.5504
55.5504
55.5504
55.5504
55.5504
55.5504
55.5504
55.5504
55.5504
55.5504
55.5504
55.5504
55.5504
55.5504
55.5504
55.5504
55.5504
55.5504
55.5504
55.5504
55.5504
55.5504
55.5504
55.5504
55.5504
55.5504
55.5504
55.5504
55.5504
55.5504
55.5504
55.5504
55.5504
55.5504
55.5504
55.5504
55.5504
55.5504
55.5504
55.5504
55.5504
55.5504
55.5504
55.5504
55.5504
55.5504
55.5504
55.5504
55.5504
55.5504
55.5504
55.5504
55.5504
55.5504
55.5504
55.5504
55.5504
55.5504
55.5504
55.5504
55.5504
55.5504
55.5504
55.5504
55.5504
55.5504
55.5504
55.5504
55.5504
55.5504
55.5504
55.5504
55.5504
55.5504
55.5504
55.5504
55.5504
55.5504
55.5504
55.5504
55.5504
55.5504
55.5504
55.5504
55.5504
55.5504
55.5504
55.5504
55.5504
55.5504
55.5504
55.5504
55.5504
55.5504
55.5504
55.5504
55.5504
55.5504
55.5504
55.5504
55.5504
55.5504
55.5504
55.5504
55.5504
55.5504
55.5504
55.5504
55.5504
55.5504
55.5504
55.5504
55.5504
55.5504
55.5504
55.5504
55.5504
55.5504
55.5504
55.5504
55.5504
55.5504
55.5504
55.5504
55.5504
55.5504
55.5504
55.5504
55.5504
55.5504
55.5504
55.5504
55.5504
55.5504
55.5504
55.5504
55.5504
55.5504
55.5504
55.5504
55.5504
55.5504
55.5504
55.5504
55.5504
55.5504
55.5504
55.5504
55.5504
55.5504
55.5504
55.5504
55.5504
55.5504
55.5504
55.5504
55.5504
55.5504
55.5504
55.5504
55.5504
55.5504
55.5504
55.5504
55.5504
55.5504
55.5504
55.5504
55.5504
55.5504
55.5504
55.5504
55.5504
55.5504
55.5504
55.5504
55.5504
55.5504
55.5504
55.5504
55.5504
55.5504
55.5504
55.5504
55.5504
55.5504
55.5504
55.5504
55.5504
55.5504
55.5504
55.5504
55.5504
55.5504
55.5504
55.5504
55.5504
55.5504
55.5504
55.5504
55.5504
55.5504
55.5504
55.5504
55.5504
55.5504
55.5504
55.5504
55.5504
55.5504
55.5504
55.5504
55.5504
55.5504
55.5504
55.5504
55.5504
55.5504
55.5504
55.5504
55.5504
55.5504
55.5504
55.5504
55.5504
55.5504
55.5504
55.5504
55.5504
55.5504
55.5504
55.5504
55.5504
55.5504
55.5504
55.5504
55.5504
55.5504
55.5504
55.5504
55.5504
55.5504
55.5504
55.5504
55.5504
55.5504
55.5504
55.5504
55.5504
55.5504
55.5504
55.5504
55.5504
55.5504
55.5504
55.5504
55.5504
55.5504
55.5504
55.5504
55.5504
55.5504
55.5504
55.5504
55.5504
55.5504
55.5504
55.5504
55.5504
55.5504
55.5504
55.5504
55.5504
55.5504
55.5504
55.5504
55.5504
55.5504
55.5504
55.5504
55.5504
55.5504
55.5504
55.5504
55.5504
55.5504
55.5504
55.5504
55.5504
55.5504
55.5504
55.5504
55.5504
55.5504
55.5504
55.5504
55.5504
55.5504
55.5504
55.5504
55.5504
55.5504
55.5504
55.5504
55.5504
55.5504
55.5504
55.5504
55.5504
55.5504
55.5504
55.5504
55.5504
55.5504
55.5504
55.5504
55.5504
55.5504
55.5504
55.5504
55.5504
55.5504
55.5504
55.5504
55.5504
55.5504
55.5504
55.5504
55.5504
55.5504
55.5504
55.5504
55.5504
55.5504
55.5504
55.5504
55.5504
55.5504
55.5504
55.5504
55.5504
55.5504
55.5504
55.5504
55.5504
55.5504
55.5504
55.5504
55.5504
55.5504
55.5504
55.5504
55.5504
55.5504
55.5504
55.5504
55.5504
55.5504
55.5504
55.5504
55.5504
55.5504
55.5504
55.5504
55.5504
55.5504
55.5504
55.5504
55.5504
55.5504
55.5504
55.5504
55.5504
55.5504
55.5504
55.5504
55.5504
55.5504
55.5504
55.5504
55.5504
55.5504
55.5504
55.5504
55.5504
55.5504
55.5504
55.5504
55.5504
55.5504
55.5504
55.5504
55.5504
55.5504
55.5504
55.5504
55.5504
55.5504
55.5504
55.5504
55.5504
55.5504
55.5504
55.5504
55.5504
55.5504
55.5504
55.5504
55.5504
55.5504
55.5504
55.5504
55.5504
55.5504
55.5504
55.5504
55.5504
55.5504
55.5504
55.5504
55.5504
55.5504
55.5504
55.5504
55.5504
55.5504
55.5504
55.5504
55.5504
55.5504
55.5504
55.5504
55.5504
55.5504
55.5504
55.5504
55.5504
55.5504
55.5504
55.5504
55.5504
55.5504
55.5504
55.5504
55.5504
55.5504
55.5504
55.5504
55.5504
55.5504
55.5504
55.5504
55.5504
55.5504
55.5504
55.5504
55.5504
55.5504
55.5504
55.5504
55.5504
55.5504
55.5504
55.5504
55.5504
55.5504
55.5504
55.5504
55.5504
55.5504
55.5504
55.5504
55.5504
55.5504
55.5504
55.5504
55.5504
55.5504
55.5504
55.5504
55.5504
55.5504
55.5504
55.5504
55.5504
55.5504
55.5504
55.5504
55.5504
55.5504
55.5504
55.5504
55.5504
55.5504
55.5504
55.5504
55.5504
55.5504
55.5504
55.5504
55.5504
55.5504
55.5504
55.5504
55.5504
55.5504
55.5504
55.5504
55.5504
55.5504
55.5504
55.5504
55.5504
55.5504
55.5504
55.5504
55.5504
55.5504
55.5504
55.5504
55.5504
55.5504
55.5504
55.5504
55.5504
55.5504
55.5504
55.5504
55.5504
55.5504
55.5504
55.5504
55.5504
55.5504
55.5504
55.5504
55.5504
55.5504
55.5504
55.5504
55.5504
55.5504
55.5504
55.5504
55.5504
55.5504
55.5504
55.5504
55.5504
55.5504
55.5504
55.5504
55.5504
55.5504
55.5504
55.5504
55.5504
55.5504
55.5504
55.5504
55.5504
55.5504
55.5504
55.5504
55.5504
55.5504
55.5504
55.5504
55.5504
55.5504
55.5504
55.5504
55.5504
55.5504
55.5504
55.5504
55.5504
55.5504
55.5504
55.5504
55.5504
55.5504
55.5504
55.5504
55.5504
55.5504
55.5504
55.5504
55.5504
55.5504
55.5504
55.5504
55.5504
55.5504
55.5504
55.5504
55.5504
55.5504
55.5504
55.5504
55.5504
55.5504
55.5504
55.5504
55.5504
55.5504
55.5504
55.5504
55.5504
55.5504
55.5504
55.5504
55.5504
55.5504
55.5504
55.5504
55.5504
55.5504
55.5504
55.5504
55.5504
55.5504
55.5504
55.5504
55.5504
55.5504
55.5504
55.5504
55.5504
55.5504
55.5504
55.5504
55.5504
55.5504
55.5504
55.5504
55.5504
55.5504
55.5504
55.5504
55.5504
55.5504
55.5504
55.5504
55.5504
55.5504
55.5504
55.5504
55.5504
55.5504
55.5504
55.5504
55.5504
55.5504
55.5504
55.5504
55.5504
55.5504
55.5504
55.5504
55.5504
55.5504
55.5504
55.5504
55.5504
55.5504
55.5504
55.5504
55.5504
55.5504
55.5504
55.5504
55.5504
55.5504
55.5504
55.5504
55.5504
55.5504
55.5504
55.5504
55.5504
55.5504
55.5504
55.5504
55.5504
55.5504
55.5504
55.5504
55.5504
55.5504
55.5504
55.5504
55.5504
55.5504
55.5504
55.5504
55.5504
55.5504
55.5504
55.5504
55.5504
55.5504
55.5504
55.5504
55.5504
55.5504
55.5504
55.5504
55.5504
55.5504
55.5504
55.5504
55.5504
55.5504
55.5504
55.5504
55.5504
55.5504
55.5504
55.5504
55.5504
55.5504
55.5504
55.5504
55.5504
55.5504
55.5504
55.5504
55.5504
55.5504
55.5504
55.5504
55.5504
55.5504
55.5504
55.5504
55.5504
55.5504
55.5504
55.5504
55.5504
55.5504
55.5504
55.5504
55.5504
55.5504
55.5504
55.5504
55.5504
55.5504
55.5504
55.5504
55.5504
55.5504
55.5504
55.5504
55.5504
55.5504
55.5504
55.5504
55.5504
55.5504
55.5504
55.5504
55.5504
55.5504
55.5504
55.5504
55.5504
55.5504
55.5504
55.5504
55.5504
55.5504
55.5504
55.5504
55.5504
55.5504
55.5504
55.5504
55.5504
55.5504
55.5504
55.5504
55.5504
55.5504
55.5504
55.5504
55.5504
55.5504
55.5504
55.5504
55.5504
55.5504
55.5504
55.5504
55.5504
55.5504
55.5504
55.5504
55.5504
55.5504
55.5504
55.5504
55.5504
55.5504
55.5504
55.5504
55.5504
55.5504
55.5504
55.5504
55.5504
55.5504
55.5504
55.5504
55.5504
55.5504
55.5504
55.5504
55.5504
55.5504
55.5504
55.5504
55.5504
55.5504
55.5504
55.5504
55.5504
55.5504
55.5504
55.5504
55.5504
55.5504
55.5504
55.5504
55.5504
55.5504
55.5504
55.5504
55.5504
55.5504
55.5504
55.5504
55.5504
55.5504
55.5504
55.5504
55.5504
55.5504
55.5504
55.5504
55.5504
55.5504
55.5504
55.5504
55.5504
55.5504
55.5504
55.5504
55.5504
55.5504
55.5504
55.5504
55.5504
55.5504
55.5504
55.5504
55.5504
55.5504
55.5504
55.5504
55.5504
55.5504
55.5504
55.5504
55.5504
55.5504
55.5504
55.5504
55.5504
55.5504
55.5504
55.5504
55.5504
55.5504
55.5504
55.5504
55.5504
55.5504
55.5504
55.5504
55.5504
55.5504
55.5504
55.5504
55.5504
55.5504
55.5504
55.5504
55.5504
55.5504
55.5504
55.5504
55.5504
55.5504
55.5504
55.5504
55.5504
55.5504
55.5504
55.5504
55.5504
55.5504
55.5504
55.5504
55.5504
55.5504
55.5504
55.5504
55.5504
55.5504
55.5504
55.5504
55.5504
55.5504
55.5504
55.5504
55.5504
55.5504
55.5504
55.5504
55.5504
55.5504
55.5504
55.5504
55.5504
55.5504
55.5504
55.5504
55.5504
55.5504
55.5504
55.5504
55.5504
55.5504
55.5504
55.5504
55.5504
55.5504
55.5504
55.5504
55.5504
55.5504
55.5504
55.5504
55.5504
55.5504
55.5504
55.5504
55.5504
55.5504
55.5504
55.5504
55.5504
55.5504
55.5504
55.5504
55.5504
55.5504
55.5504
55.5504
55.5504
55.5504
55.5504
55.5504
55.5504
55.5504
55.5504
55.5504
55.5504
55.5504
55.5504
55.5504
55.5504
55.5504
55.5504
55.5504
55.5504
55.5504
55.5504
55.5504
55.5504
55.5504
55.5504
55.5504
55.5504
55.5504
55.5504
55.5504
55.5504
55.5504
55.5504
55.5504
55.5504
55.5504
55.5504
55.5504
55.5504
55.5504
55.5504
55.5504
55.5504
55.5504
55.5504
55.5504
55.5504
55.5504
55.5504
55.5504
55.5504
55.5504
55.5504
55.5504
55.5504
55.5504
55.5504
55.5504
55.5504
55.5504
55.5504
55.5504
55.5504
55.5504
55.5504
55.5504
55.5504
55.5504
55.5504
55.5504
55.5504
55.5504
55.5504
55.5504
55.5504
55.5504
55.5504
55.5504
55.5504
55.5504
55.5504
55.5504
55.5504
55.5504
55.5504
55.5504
55.5504
55.5504
55.5504
55.5504
55.5504
55.5504
55.5504
55.5504
55.5504
55.5504
55.5504
55.5504
55.5504
55.5504
55.5504
55.5504
55.5504
55.5504
55.5504
55.5504
55.5504
55.5504
55.5504
55.5504
55.5504
55.5504
55.5504
55.5504
55.5504
55.5504
55.5504
55.5504
55.5504
55.5504
55.5504
55.5504
55.5504
55.5504
55.5504
55.5504
55.5504
55.5504
55.5504
55.5504
55.5504
55.5504
55.5504
55.5504
55.5504
55.5504
55.5504
55.5504
55.5504
55.5504
55.5504
55.5504
55.5504
55.5504
55.5504
55.5504
55.5504
55.5504
55.5504
55.5504
55.5504
55.5504
55.5504
55.5504
55.5504
55.5504
55.5504
55.5504
55.5504
55.5504
55.5504
55.5504
55.5504
55.5504
55.5504
55.5504
55.5504
55.5504
55.5504
55.5504
55.5504
55.5504
55.5504
55.5504
55.5504
55.5504
55.5504
55.5504
55.5504
55.5504
55.5504
55.5504
55.5504
55.5504
55.5504
55.5504
55.5504
55.5504
55.5504
55.5504
55.5504
55.5504
55.5504
55.5504
55.5504
55.5504
55.5504
55.5504
55.5504
55.5504
55.5504
55.5504
55.5504
55.5504
55.5504
55.5504
55.5504
55.5504
55.5504
55.5504
55.5504
55.5504
55.5504
55.5504
55.5504
55.5504
55.5504
55.5504
55.5504
55.5504
55.5504
55.5504
55.5504
55.5504
55.5504
55.5504
55.5504
55.5504
55.5504
55.5504
55.5504
55.5504
55.5504
55.5504
55.5504
55.5504
55.5504
55.5504
55.5504
55.5504
55.5504
55.5504
55.5504
55.5504
55.5504
55.5504
55.5504
55.5504
55.5504
55.5504
55.5504
55.5504
55.5504
55.5504
55.5504
55.5504
55.5504
55.5504
55.5504
55.5504
55.5504
55.5504
55.5504
55.5504
55.5504
55.5504
55.5504
55.5504
55.5504
55.5504
55.5504
55.5504
55.5504
55.5504
55.5504
55.5504
55.5504
55.5504
55.5504
55.5504
55.5504
55.5504
55.5504
55.5504
55.5504
55.5504
