# best half averages
2656.46
2413.01
2144.38
1991.83
1812.63
1727.4
1635.02
1552.46
1513.95
1468.07
1399.62
1347.56
1279.1
1234.11
1192.53
1159.04
1128.93
1098.46
1072.77
1058
1058.21
1021.29
997.894
980.087
959.641
901.787
885.87
854.297
827.201
806.303
765.391
740.233
736.821
726.462
711.842
705.308
691.424
676.587
658.2
641.054
628.886
616.5
609.56
606.46
602.339
599.515
600.286
614.078
593.029
565.259
553.827
537.491
498.81
490.092
486.034
483.351
479.777
478.162
473.141
469.219
458.055
448.697
434.601
426.52
420.305
414.99
408.809
404.93
399.438
385.196
374.145
373.513
370.58
364.387
362.364
359.805
364.586
342.309
340.57
339.113
333.82
333.644
333.644
333.37
330.085
315.166
302.751
296.549
294.385
292.465
291.34
290.213
287.738
283.193
277.097
275.836
274.675
270.195
259.75
253.88
247.705
247.112
245.469
243.744
243.73
243.45
242.188
240.845
238.346
236.611
238.222
228.289
225.099
223.944
221.018
216.43
214.328
211.352
207.765
207.08
205.429
204.509
203.779
199.886
193.238
192.451
192.401
192.077
190.935
189.588
188.58
188.034
187.381
186.407
186.056
186.032
185.676
184.204
182.706
182.666
182.545
181.539
178.95
176.718
175.251
173.009
171.626
169.211
169.185
169.104
168.622
168.428
167.593
165.045
163.652
161.476
160.853
158.955
157.478
155.422
155.275
154.11
152.358
150.614
148.972
147.797
147.623
146.742
143.395
139.38
137.453
135.416
134.592
134.533
134.386
134.104
132.577
132.063
131.199
129.277
128.964
125.557
124.474
122.831
122.227
122.07
121.645
121.26
120.605
120.605
120.563
120.139
119.423
118.393
118.029
116.331
115.413
114.333
114.082
113.309
112.372
111.305
110.691
110.119
109.427
109.222
108.819
108.819
108.819
108.799
108.651
108.132
107.747
107.256
106.268
105.99
105.988
105.988
105.988
105.988
105.887
105.654
105.392
105.05
104.862
104.893
104.893
104.893
104.893
104.893
106.811
104.893
104.893
104.845
106.833
106.999
105.166
104.362
104.344
104.117
106.909
103.313
103.33
103.291
103.263
102.68
102.14
100.83
98.5566
97.3925
96.7188
96.3533
96.2118
96.2118
96.2118
96.2118
96.2118
96.2118
96.1988
96.1541
96.0663
95.7654
95.5587
95.5401
95.459
95.237
94.8712
94.8359
94.5211
93.8571
93.6414
93.2372
93.0706
92.3883
90.757
90.0734
90.0734
90.0595
89.8931
89.5219
88.6312
87.9357
87.9305
87.9305
87.7078
87.155
86.3936
86.3647
86.1918
85.9132
85.9132
85.9101
85.9101
85.9101
85.9038
85.8505
85.7126
85.5723
85.4756
85.4429
85.4429
85.4326
85.41
85.5006
85.1814
85.1044
84.6855
84.3793
84.376
84.371
84.2714
83.5918
82.7071
82.5065
82.4925
82.4391
82.4035
82.3077
81.9431
81.4976
81.3577
81.1043
81.1043
81.1043
81.0643
80.8709
80.3968
79.649
78.9797
78.6352
78.3719
78.3719
78.3719
78.3719
78.3304
78.1879
78.0751
78.0751
78.0751
78.0353
77.9458
77.6473
77.5776
77.5776
77.5776
77.5776
77.5776
77.5243
77.4089
77.127
77.127
77.0941
76.9952
76.804
76.804
76.804
76.804
76.804
76.804
76.8033
76.7875
76.7828
76.727
76.5251
76.0634
75.8077
75.563
75.563
75.563
75.563
75.5624
75.7437
75.5208
75.3522
75.2843
73.4862
73.1403
73.0967
73.0674
72.9655
72.6304
72.4119
72.4119
72.4119
72.3794
72.272
71.6896
71.264
71.3118
71.7861
71.264
71.253
71.2384
71.1024
70.9087
70.6019
69.8428
69.8428
69.8428
69.8428
69.8428
69.8428
69.8355
71.7714
71.3436
69.7743
69.6374
69.6374
69.6374
69.6306
69.6272
69.5883
69.4662
69.4662
69.4662
69.4662
69.4662
69.4662
69.4662
69.4108
69.2508
68.8991
68.5
68.5
68.5
68.5
68.5
68.3667
68.0468
67.1669
67.1669
67.1669
67.1669
67.1669
67.1669
67.1669
67.1669
67.1669
67.1669
67.1669
67.1563
67.1087
67.0348
67.0348
67.0348
67.0348
67.0348
67.0348
67.0348
67.0142
66.9523
66.8875
66.8875
66.8875
66.8875
66.8875
66.8875
66.8875
66.8875
66.8875
66.8137
66.6042
66.2722
66.2711
66.2666
66.2574
66.255
66.255
66.1854
65.9587
65.4019
65.0949
65.0949
65.0949
65.0949
65.0949
65.077
65.0106
64.9672
64.9672
64.9561
64.9007
64.8009
64.546
64.413
64.413
64.413
64.413
64.413
64.413
64.413
64.413
64.413
64.413
64.413
64.413
64.3829
64.3326
64.1618
64.1618
64.1618
64.1618
64.1618
64.1594
64.1549
64.1431
64.092
64.0263
63.9944
63.8945
63.7461
63.4293
62.8739
62.8064
62.8064
62.8064
62.8064
62.8064
62.8064
62.8064
62.8021
62.7849
62.7406
62.6763
62.6342
62.6342
62.6342
62.6342
62.6342
62.6325
62.6301
62.6219
62.6048
62.6048
62.6048
62.6048
62.6048
62.6048
62.6048
62.603
62.5998
62.5957
62.5821
62.5821
62.5821
62.5821
62.5821
62.5821
62.5821
62.5821
62.5821
62.5821
62.5821
62.5821
62.5821
62.5821
62.5821
62.5821
62.5821
62.5821
62.5821
62.5821
62.5821
62.5821
62.5821
62.5821
62.5821
62.5821
62.5821
62.5821
62.5821
62.5821
62.5821
62.5821
62.5821
62.5537
62.4306
62.2129
62.1088
62.1088
62.1088
62.1088
62.0992
62.0992
62.0801
62.0896
62.0801
62.0226
61.8216
61.6302
61.6302
61.6302
61.6302
61.6302
61.6302
61.6302
61.6302
61.6302
61.6302
61.6302
61.6302
61.6302
61.6302
61.6302
61.6302
61.6302
61.6302
61.6302
61.6302
61.6302
61.6302
61.6302
61.6302
61.6302
61.6302
61.6302
61.6302
61.6302
61.6302
61.6302
61.6302
61.6302
61.6302
61.6302
61.6302
61.6302
61.6302
61.6302
61.6302
61.6302
61.6302
61.6302
61.6302
61.6302
61.6302
61.6302
61.6302
61.6302
61.6302
61.6302
61.6302
61.6302
61.6288
61.6137
61.574
61.4839
61.2757
61.2757
61.2757
61.2757
61.2757
61.2757
61.2757
61.2757
61.2757
61.2757
61.2757
61.2757
61.2757
61.2757
61.2757
61.2757
61.2757
61.2757
61.2757
61.2757
61.2757
61.2757
61.2757
61.2757
61.2757
61.2757
61.2757
61.2757
61.2757
61.2757
61.2757
61.2757
61.2503
61.1786
61.0645
61.0645
61.0645
61.0645
61.0645
61.0645
61.0645
61.0645
61.0613
61.0566
61.039
60.9406
60.6838
60.2323
60.2323
60.2323
60.2323
60.2323
60.2314
60.2298
60.2227
60.2186
60.2186
60.2186
60.2186
60.2186
60.2028
60.1397
59.9348
59.4618
59.4302
59.4302
59.4302
59.4291
59.4244
59.4057
59.3717
59.3717
59.3717
59.3717
59.3717
59.3717
59.3717
59.3717
59.3717
59.3717
59.3717
59.3717
59.3717
59.3717
59.3717
59.3717
59.3717
59.3717
59.3717
59.3717
59.3717
59.3717
59.3717
59.3717
59.3717
59.3717
59.3717
59.3717
59.3717
59.3717
59.3717
59.3717
59.3717
59.3717
59.3717
59.3717
59.3717
59.3497
59.3276
59.257
59.1511
59.1511
59.1511
59.1511
59.1511
59.1511
59.1511
59.1511
59.1511
59.1511
59.1511
59.1511
59.1511
59.1511
59.1511
59.1511
59.1511
59.1511
59.1511
59.1511
59.1511
59.1511
59.1511
59.1511
59.1511
59.1511
59.1511
59.1511
59.1511
59.1511
59.1511
59.1511
59.1511
59.1511
59.1511
59.1511
59.1511
59.1511
59.1511
59.1511
59.1511
59.1511
59.1511
59.1511
59.1511
59.1511
59.1511
59.1511
59.1511
59.1511
59.1511
59.1511
59.1511
59.1051
58.9947
58.7186
58.6909
58.6909
58.6909
58.6909
58.6909
58.6909
58.6909
58.6909
58.6909
58.6909
58.6909
58.6909
58.6909
58.6909
58.6909
58.6909
58.6909
58.6909
58.6909
58.6909
58.6909
58.6909
58.6909
58.6909
58.6909
58.6909
58.6909
58.6909
58.6909
58.6909
58.6909
58.6909
58.6909
58.6909
58.6909
58.6909
58.6909
58.6909
58.6909
58.6909
58.6909
58.6909
58.6909
58.6909
58.6909
58.6909
58.6909
58.6909
58.6909
58.6909
58.6909
58.6909
58.6909
58.6909
58.6909
58.6909
58.6909
58.6909
58.6909
58.6909
58.6909
58.6909
58.6909
58.6909
58.6909
58.6909
58.6909
58.6909
58.6909
58.6909
58.6909
58.6909
58.6909
58.6909
58.6909
58.6909
58.6909
58.6909
58.6909
58.6909
58.6909
58.6909
58.6909
58.6909
58.6909
58.6909
58.6909
58.6909
58.6909
58.6909
58.6909
58.6909
58.6909
58.6909
58.6909
58.6909
58.6909
58.6909
58.6909
58.6909
58.6909
58.6909
58.6909
58.6909
58.6897
58.6813
58.65
58.6307
58.6307
58.6307
58.6307
58.6307
58.6307
58.6307
58.6307
58.6307
58.6307
58.6307
58.6307
58.6307
58.6307
58.6307
58.6307
58.6307
58.6307
58.6307
58.6307
58.6307
58.6307
58.6307
58.6307
58.6307
58.6307
58.6307
58.6307
58.6307
58.6307
58.6307
58.6307
58.6307
58.6307
58.6307
58.6307
58.6307
58.6307
58.6307
58.6307
58.6307
58.6307
58.6307
58.6307
58.6307
58.6307
58.6307
58.6307
58.6307
58.6307
58.6307
58.6307
58.6307
58.6307
58.6307
58.6307
58.6307
58.6307
58.6307
58.6307
58.6307
58.6307
58.6307
58.6307
58.6307
58.6307
58.6307
58.6307
58.6307
58.6307
58.6307
58.6307
58.6307
58.6307
58.6307
58.6307
58.6259
58.6185
58.6039
58.5746
58.5087
58.5087
58.5087
58.5087
58.5087
58.5087
58.5087
58.5017
58.4664
58.4064
58.3324
58.3324
58.3324
58.3324
58.3324
58.3324
58.3324
58.3324
58.3324
58.3324
58.3324
58.3324
58.3324
58.3324
58.3324
58.3324
58.3324
58.3324
58.3324
58.3324
58.3324
58.3324
58.3324
58.3324
58.3324
58.3324
58.3324
58.3324
58.3324
58.3324
58.3324
58.3324
58.3324
58.3324
58.3324
58.3324
58.3324
58.3324
58.3324
58.3324
58.3324
58.3324
58.2985
58.0732
57.7689
57.7689
57.7689
57.7689
57.7689
57.7689
57.7689
57.7689
57.7689
57.7689
57.7689
57.7689
57.7689
57.7689
57.7689
57.7689
57.7689
57.7689
57.7689
57.7689
57.7689
57.7689
57.7689
57.7689
57.7689
57.7689
57.7689
57.7689
57.7689
57.7689
57.7689
57.7689
57.7689
57.7689
57.7689
57.7689
57.7689
57.7689
57.7689
57.7689
57.7689
57.7689
57.7689
57.7689
57.7689
57.7689
57.7689
57.7689
57.7689
57.7689
57.7689
57.7689
57.7689
57.7689
57.7689
57.7689
57.7689
57.7689
57.7689
57.7689
57.7689
57.7689
57.7689
57.7689
57.7689
57.7689
57.7689
57.7689
57.7689
57.7689
57.7689
57.7689
57.7689
57.7689
57.7689
57.7689
57.7689
57.7689
57.7689
57.7689
57.7689
57.7689
57.7689
57.7689
57.7689
57.7689
57.7689
57.7689
57.7689
57.7689
57.7689
57.7689
57.7689
57.7689
57.7689
57.7689
57.7689
57.7689
57.7689
57.7689
57.7689
57.7689
57.7689
57.7689
57.7689
57.7689
57.7689
57.7689
57.7689
57.7689
57.7689
57.7689
57.7689
57.7689
57.7689
57.7689
57.7689
57.7689
57.7689
57.7689
57.7689
57.7689
57.7689
57.7689
57.7689
57.7689
57.7689
57.7689
57.7689
57.7689
57.7689
57.7689
57.7689
57.7689
57.7689
57.7689
57.7689
57.7689
57.7689
57.7689
57.7689
57.7689
57.7689
57.7689
57.7689
57.7689
57.7689
57.7689
57.7689
57.7689
57.7689
57.7689
57.7689
57.7689
57.7689
57.7689
57.7689
57.7689
57.7689
57.7689
57.7689
57.7689
57.7689
57.7689
57.7689
57.7689
57.7689
57.7689
57.7689
57.7689
57.7689
57.7689
57.7689
57.7689
57.7689
57.7281
57.6582
57.4775
57.4775
57.4775
57.4775
57.4775
57.4775
57.4775
57.4775
57.4775
57.4775
57.4775
57.4775
57.4775
57.4775
57.4775
57.4775
57.4775
57.4775
57.4775
57.4775
57.4775
57.4775
57.4775
57.4775
57.4775
57.4775
57.4775
57.4775
57.4775
57.4775
57.4775
57.4775
57.4775
57.4775
57.4775
57.4775
57.4775
57.4775
57.4775
57.4775
57.4775
57.4775
57.4775
57.4775
57.4775
57.4775
57.4775
57.4754
57.4657
57.4565
57.4565
57.4565
57.4565
57.4565
57.4565
57.4565
57.4565
57.4565
57.4565
57.4565
57.4565
57.4565
57.4565
57.4565
57.4565
57.4565
57.4565
57.4565
57.4565
57.4565
57.4565
57.4565
57.4565
57.4565
57.4565
57.4565
57.4565
57.4565
57.4565
57.4565
57.4565
57.4565
57.4565
57.4565
57.4565
57.4565
57.4565
57.4394
57.3626
57.1066
57.0297
57.0297
57.0297
57.0297
57.0297
57.0297
57.0297
57.0297
57.0297
57.0297
57.0297
57.0297
57.0297
57.0297
57.0297
57.0297
57.0297
57.0297
57.0297
57.0297
57.0297
57.0297
57.0297
57.0297
57.0297
57.0297
57.0297
57.0297
57.0297
57.0297
57.0297
57.0297
57.0297
57.0297
57.0297
57.0297
57.0297
57.0297
57.0297
57.0297
57.0297
57.0297
57.0297
57.0297
57.0297
57.0297
57.0297
57.0297
57.0297
57.0297
57.0297
57.0297
57.0297
57.0297
57.0297
57.0297
57.0297
57.0297
57.0297
57.0297
57.0297
57.0297
57.0297
57.0297
57.0297
57.0297
57.0297
57.0297
57.0297
57.0297
57.0297
57.0297
57.0297
57.0297
57.0297
57.0297
57.0297
57.0297
57.0297
57.0297
57.0297
57.0297
57.0297
57.0297
57.0297
57.0297
57.0297
57.0297
57.0297
57.0297
57.0297
57.0297
57.0297
57.0297
57.0297
57.0297
57.0297
57.0297
57.0297
57.0297
57.0297
57.0297
57.0297
57.0297
57.0297
57.0297
57.0297
57.0297
57.0297
57.0297
57.0297
57.0297
57.0297
57.0297
57.0297
57.0297
57.0297
57.0297
57.0297
57.0297
57.0297
57.0297
57.0297
57.0297
57.0297
57.0297
57.0297
57.0297
57.0297
57.0297
57.0297
57.0297
57.0297
57.0297
57.0297
57.0297
57.0297
57.0297
57.0297
57.0297
57.0297
57.0297
57.0297
57.0297
57.0297
57.0297
57.0297
57.0297
57.0297
57.0297
57.0297
57.0297
57.0297
57.0297
57.0297
57.0297
57.0297
57.0297
57.0297
57.0297
57.0297
57.0297
57.0297
57.0297
57.0297
57.0297
57.0297
57.0297
57.0297
57.0297
57.0297
57.0297
57.0297
57.0297
57.0297
57.0297
57.0297
57.0297
57.0297
57.0297
57.0297
57.0297
57.0297
57.0297
57.0297
57.0297
57.0297
57.0297
57.0297
57.0297
57.0297
57.0297
57.0297
57.0297
57.0297
57.0297
57.0297
57.0297
57.0297
57.0297
57.0297
57.0297
57.0297
57.0297
57.0297
57.0297
57.0297
57.0297
57.0297
57.0297
57.0297
57.0297
57.0297
57.0297
57.0297
57.0297
57.0297
57.0297
57.0297
57.0297
57.0297
57.0297
57.0297
57.0297
57.0297
57.0297
57.0297
57.0297
57.0297
57.0297
57.0297
57.0297
57.0297
57.0297
57.0297
57.0297
57.0297
57.0297
57.0297
57.0297
57.0297
57.0297
57.0297
57.0297
57.0297
57.0297
57.0297
57.0297
57.0297
57.0297
57.0297
57.0297
57.0297
57.0297
57.0297
57.0297
57.0297
57.0297
57.0297
57.0297
57.0297
57.0297
57.0297
57.0297
57.0297
57.0297
57.0297
57.0297
57.0297
57.0297
57.0297
57.0297
57.0297
57.0297
57.0297
57.0297
57.0297
57.0297
57.0297
57.0297
57.0297
57.0297
57.0297
57.0297
57.0297
57.0297
57.0297
57.0297
57.0297
57.0297
57.0297
57.0297
57.0297
57.0297
57.0297
57.0297
57.0297
57.0297
57.0297
57.0297
57.0297
57.0297
57.0297
57.0297
57.0297
57.0297
57.0297
57.0297
57.0297
57.0297
57.0297
57.0297
57.0297
57.0297
57.0297
57.0297
57.0297
57.0297
57.0297
57.0297
57.0297
57.0297
57.0297
57.0297
57.0297
57.0297
57.0297
57.0297
57.0297
57.0297
57.0297
57.0297
57.0297
57.0297
57.0297
57.0297
57.0297
57.0297
57.0297
57.0297
57.0297
57.0297
57.0297
57.0297
57.0297
57.0297
57.0297
57.0297
57.0297
57.0297
57.0297
57.0297
57.0297
57.0297
57.0297
57.0297
57.0297
57.0297
57.0297
57.0297
57.0297
57.0297
57.0297
57.0297
57.0297
57.0297
57.0297
57.0297
57.0297
57.0297
57.0297
57.0297
57.0297
57.0297
57.0297
57.0297
57.0297
57.0297
57.0297
57.0297
57.0297
57.0297
57.0297
57.0297
57.0297
57.0297
57.0297
57.0297
57.0297
57.0297
57.0297
57.0297
57.0297
57.0297
57.0297
57.0297
57.0297
57.0297
57.0297
57.0297
57.0297
57.0297
57.0297
57.0297
57.0297
57.0297
57.0297
57.0297
57.0297
57.0297
57.0297
57.0297
57.0297
57.0297
57.0297
57.0297
57.0297
57.0297
57.0297
57.0297
57.0297
57.0297
57.0297
57.0297
57.0297
57.0297
57.0297
57.0297
57.0297
57.0297
57.0297
57.0297
57.0297
57.0297
57.0297
57.0297
57.0297
57.0297
57.0297
57.0297
57.0297
57.0297
57.0297
57.0297
57.0297
57.0297
57.0297
57.0297
57.0297
57.0297
57.0297
57.0297
57.0297
57.0297
57.0297
57.0297
57.0297
57.0297
57.0297
57.0297
57.0297
57.0297
57.0297
57.0297
57.0297
57.0297
57.0297
57.0297
57.0297
57.0297
57.0297
57.0297
57.0297
57.0297
57.0297
57.0297
57.0297
57.0297
57.0297
57.0297
57.0297
57.0297
57.0297
57.0297
57.0297
57.0297
57.0297
57.0297
57.0297
57.0297
57.0297
57.0297
57.0297
57.0297
57.0297
57.0297
57.0297
57.0297
57.0297
57.0297
57.0297
57.0297
57.0297
57.0297
57.0297
57.0297
57.0297
57.0297
57.0297
57.0297
57.0297
57.0297
57.0297
57.0297
57.0297
57.0297
57.0297
57.0297
57.0297
57.0297
57.0297
57.0297
57.0297
57.0297
57.0297
57.0297
57.0297
57.0297
57.0297
57.0297
57.0297
57.0297
57.0297
57.0297
57.0297
57.0297
57.0297
57.0297
57.0297
57.0297
57.0297
57.0297
57.0297
57.0297
57.0297
57.0297
57.0297
57.0297
57.0297
57.0297
57.0297
57.0297
57.0297
57.0297
57.0297
57.0297
57.0297
57.0297
57.0297
57.0297
57.0297
57.0297
57.0297
57.0297
57.0297
57.0297
57.0297
57.0297
57.0297
57.0297
57.0297
57.0297
57.0297
57.0297
57.0297
57.0297
57.0297
57.0297
57.0297
57.0297
57.0297
57.0297
57.0297
57.0297
57.0297
57.0297
57.0297
57.0297
57.0297
57.0297
57.0297
57.0297
57.0297
57.0297
57.0297
57.0297
57.0297
57.0297
57.0297
57.0297
57.0297
57.0297
57.0297
57.0297
57.0297
57.0297
57.0297
57.0297
57.0297
57.0297
57.0297
57.0297
57.0297
57.0297
57.0297
57.0297
57.0297
57.0297
57.0297
57.0297
57.0297
57.0297
57.0297
57.0297
57.0297
57.0297
57.0297
57.0297
57.0297
57.0297
57.0297
57.0297
57.0297
57.0297
57.0297
57.0297
57.0297
57.0297
57.0297
57.0297
57.0297
57.0297
57.0297
57.0297
57.0297
57.0297
57.0297
57.0297
57.0297
57.0297
57.0297
57.0297
57.0297
57.0297
57.0297
57.0297
57.0297
57.0297
57.0297
57.0297
57.0297
57.0297
57.0297
57.0297
57.0297
57.0297
57.0297
57.0297
57.0297
57.0297
57.0297
57.0297
57.0297
57.0297
57.0297
57.0297
57.0297
57.0297
57.0297
57.0297
57.0297
57.0297
57.0297
57.0297
57.0297
57.0297
57.0297
57.0297
57.0297
57.0297
57.0297
57.0297
57.0297
57.0297
57.0297
57.0297
57.0297
57.0297
57.0297
57.0297
57.0297
57.0297
57.0297
57.0297
57.0297
57.0297
57.0297
57.0297
57.0297
57.0297
57.0297
57.0297
57.0297
57.0297
57.0297
57.0297
57.0297
57.0297
57.0297
57.0297
57.0297
57.0297
57.0297
57.0297
57.0297
57.0297
57.0297
57.0297
57.0297
57.0297
57.0297
57.0297
57.0297
57.0297
57.0297
57.0297
57.0297
57.0297
57.0297
57.0297
57.0297
57.0297
57.0297
57.0297
57.0297
57.0297
57.0297
57.0297
57.0297
57.0297
57.0297
57.0297
57.0297
57.0297
57.0297
57.0297
57.0297
57.0297
57.0297
57.0297
57.0297
57.0297
57.0297
57.0297
57.0297
57.0297
57.0297
57.0297
57.0297
57.0297
57.0297
57.0297
57.0297
57.0297
57.0297
57.0297
57.0297
57.0297
57.0297
57.0297
57.0297
57.0297
57.0297
57.0297
57.0297
57.0297
57.0297
57.0297
57.0297
57.0297
57.0297
57.0297
57.0297
57.0297
57.0297
57.0297
57.0297
57.0297
57.0297
57.0297
57.0297
57.0297
57.0297
57.0297
57.0297
57.0297
57.0297
57.0297
57.0297
57.0297
57.0297
57.0297
57.0297
57.0297
57.0297
57.0297
57.0297
57.0297
57.0297
57.0297
57.0297
57.0297
57.0297
57.0297
57.0297
57.0297
57.0297
57.0297
57.0297
57.0297
57.0297
57.0297
57.0297
57.0297
57.0297
57.0297
57.0297
57.0297
57.0297
57.0297
57.0297
57.0297
57.0297
57.0297
57.0297
57.0297
57.0297
57.0297
57.0297
57.0297
57.0297
57.0297
57.0297
57.0297
57.0297
57.0297
57.0297
57.0297
57.0297
57.0297
57.0297
57.0297
57.0297
57.0297
57.0297
57.0297
57.0297
57.0297
57.0297
57.0297
57.0297
57.0297
57.0297
57.0297
57.0297
57.0297
57.0297
57.0297
57.0297
57.0297
57.0297
57.0297
57.0297
57.0297
57.0297
57.0297
57.0297
57.0297
57.0297
57.0297
57.0297
57.0297
57.0297
57.0297
57.0297
57.0297
57.0297
57.0297
57.0297
57.0297
57.0297
57.0297
57.0297
57.0297
57.0297
57.0297
57.0297
57.0297
57.0297
57.0297
57.0297
57.0297
57.0297
57.0297
57.0297
57.0297
57.0297
57.0297
57.0297
57.0297
57.0297
57.0297
57.0297
57.0297
57.0297
57.0297
57.0297
57.0297
57.0297
57.0297
57.0297
57.0297
57.0297
57.0297
57.0297
57.0297
57.0297
57.0297
57.0297
57.0297
57.0297
57.0297
57.0297
57.0297
57.0297
57.0297
57.0297
57.0297
57.0297
57.0297
57.0297
57.0297
57.0297
57.0297
57.0297
57.0297
57.0297
57.0297
57.0297
57.0297
57.0297
57.0297
57.0297
57.0297
57.0297
57.0297
57.0297
57.0297
57.0297
57.0297
57.0297
57.0297
57.0297
57.0297
57.0297
57.0297
57.0297
57.0297
57.0297
57.0297
57.0297
57.0297
57.0297
57.0297
57.0297
57.0297
57.0297
57.0297
57.0297
57.0297
57.0297
57.0297
57.0297
57.0297
57.0297
57.0297
57.0297
57.0297
57.0297
57.0297
57.0297
57.0297
57.0297
57.0297
57.0297
57.0297
57.0297
57.0297
57.0297
57.0297
57.0297
57.0297
57.0297
57.0297
57.0297
57.0297
57.0297
57.0297
57.0297
57.0297
57.0297
57.0297
57.0297
57.0297
57.0297
57.0297
57.0297
57.0297
57.0297
57.0297
57.0297
57.0297
57.0297
57.0297
57.0297
57.0297
57.0297
57.0297
57.0297
57.0297
57.0297
57.0297
57.0297
57.0297
57.0297
57.0297
57.0297
57.0297
57.0297
57.0297
57.0297
57.0297
57.0297
57.0297
57.0297
57.0297
57.0297
57.0297
57.0297
57.0297
57.0297
57.0297
57.0297
57.0297
57.0297
57.0297
57.0297
57.0297
57.0297
57.0297
57.0297
57.0297
57.0297
57.0297
57.0297
57.0297
57.0297
57.0297
57.0297
57.0297
57.0297
57.0297
57.0297
57.0297
57.0297
57.0297
57.0297
57.0297
57.0297
57.0297
57.0297
57.0297
57.0297
57.0297
57.0297
57.0297
57.0297
57.0297
57.0297
57.0297
57.0297
57.0297
57.0297
57.0297
57.0297
57.0297
57.0297
57.0297
57.0297
57.0297
57.0297
57.0297
57.0297
57.0297
57.0297
57.0297
57.0297
57.0297
57.0297
57.0297
57.0297
57.0297
57.0297
57.0297
57.0297
57.0297
57.0297
57.0297
57.0297
57.0297
57.0297
57.0297
57.0297
57.0297
57.0297
57.0297
57.0297
57.0297
57.0297
57.0297
57.0297
57.0297
57.0297
57.0297
57.0297
57.0297
57.0297
57.0297
57.0297
57.0297
57.0297
57.0297
57.0297
57.0297
57.0297
57.0297
57.0297
57.0297
57.0297
57.0297
57.0297
57.0297
57.0297
57.0297
57.0297
57.0297
57.0297
57.0297
57.0297
57.0297
57.0297
57.0297
57.0297
57.0297
57.0297
57.0297
57.0297
57.0297
57.0297
57.0297
57.0297
57.0297
57.0297
57.0297
57.0297
57.0297
57.0297
57.0297
57.0297
57.0297
57.0297
57.0297
57.0297
57.0297
57.0297
57.0297
57.0297
57.0297
57.0297
57.0297
57.0297
57.0297
57.0297
57.0297
57.0297
57.0297
57.0297
57.0297
57.0297
57.0297
57.0297
57.0297
57.0297
57.0297
57.0297
57.0297
57.0297
57.0297
57.0297
57.0297
57.0297
57.0297
57.0297
57.0297
57.0297
57.0297
57.0297
57.0297
57.0297
57.0297
57.0297
57.0297
57.0297
57.0297
57.0297
57.0297
57.0297
57.0297
57.0297
57.0297
57.0297
57.0297
57.0297
57.0297
57.0297
57.0297
57.0297
57.0297
57.0297
57.0297
57.0297
57.0297
57.0297
57.0297
57.0297
57.0297
57.0297
57.0297
57.0297
57.0297
57.0297
57.0297
57.0297
57.0297
57.0297
57.0297
57.0297
57.0297
57.0297
57.0297
57.0297
57.0297
57.0297
57.0297
57.0297
57.0297
57.0297
57.0297
57.0297
57.0297
57.0297
57.0297
57.0297
57.0297
57.0297
57.0297
57.0297
57.0297
57.0297
57.0297
57.0297
57.0297
57.0297
57.0297
57.0297
57.0297
57.0297
57.0297
57.0297
57.0297
57.0297
57.0297
57.0297
57.0297
57.0297
57.0297
57.0297
57.0297
57.0297
57.0297
57.0297
57.0297
57.0297
57.0297
57.0297
57.0297
57.0297
57.0297
57.0297
57.0297
57.0297
57.0297
57.0297
57.0297
57.0297
57.0297
57.0297
57.0297
57.0297
57.0297
57.0297
57.0297
57.0297
57.0297
57.0297
57.0297
57.0297
57.0297
57.0297
57.0297
57.0297
57.0297
57.0297
57.0297
57.0297
57.0297
57.0297
57.0297
57.0297
57.0297
57.0297
57.0297
57.0297
57.0297
57.0297
57.0297
57.0297
57.0297
57.0297
57.0297
57.0297
57.0297
57.0297
57.0297
57.0297
57.0297
57.0297
57.0297
57.0297
57.0297
57.0297
57.0297
57.0297
57.0297
57.0297
57.0297
57.0297
57.0297
57.0297
57.0297
57.0297
57.0297
57.0297
57.0297
57.0297
57.0297
57.0297
57.0297
57.0297
57.0297
57.0297
57.0297
57.0297
57.0297
57.0297
57.0297
57.0297
57.0297
57.0297
57.0297
57.0297
57.0297
57.0297
57.0297
57.0297
57.0297
57.0297
57.0297
57.0297
57.0297
57.0297
57.0297
57.0297
57.0297
57.0297
57.0297
57.0297
57.0297
57.0297
57.0297
57.0297
57.0297
57.0297
57.0297
57.0297
57.0297
57.0297
57.0297
57.0297
57.0297
57.0297
57.0297
57.0297
57.0297
57.0297
57.0297
57.0297
57.0297
57.0297
57.0297
57.0297
57.0297
57.0297
57.0297
57.0297
57.0297
57.0297
57.0297
57.0297
57.0297
57.0297
57.0297
57.0297
57.0297
57.0297
57.0297
57.0297
57.0297
57.0297
57.0297
57.0297
57.0297
57.0297
57.0297
57.0297
57.0297
57.0297
57.0297
57.0297
57.0297
57.0297
57.0297
57.0297
57.0297
57.0297
57.0297
57.0297
57.0297
57.0297
57.0297
57.0297
57.0297
57.0297
57.0297
57.0297
57.0297
57.0297
57.0297
57.0297
57.0297
57.0297
57.0297
57.0297
57.0297
57.0297
57.0297
57.0297
57.0297
57.0297
57.0297
57.0297
57.0297
57.0297
57.0297
57.0297
57.0297
57.0297
57.0297
57.0297
57.0297
57.0297
57.0297
57.0297
57.0297
57.0297
57.0297
57.0297
57.0297
57.0297
57.0297
57.0297
57.0297
57.0297
57.0297
57.0297
57.0297
57.0297
57.0297
57.0297
57.0297
57.0297
57.0297
57.0297
57.0297
57.0297
57.0297
57.0297
57.0297
57.0297
57.0297
57.0297
57.0297
57.0297
57.0297
57.0297
57.0297
57.0297
57.0297
57.0297
57.0297
57.0297
57.0297
57.0297
57.0297
57.0297
57.0297
57.0297
57.0297
57.0297
57.0297
57.0297
57.0297
57.0297
57.0297
57.0297
57.0297
57.0297
57.0297
57.0297
57.0297
57.0297
57.0297
57.0297
57.0297
57.0297
57.0297
57.0297
57.0297
57.0297
57.0297
57.0297
57.0297
57.0297
57.0297
57.0297
57.0297
57.0297
57.0297
57.0297
57.0297
57.0297
57.0297
57.0297
57.0297
57.0297
57.0297
57.0297
57.0297
57.0297
57.0297
57.0297
57.0297
57.0297
57.0297
57.0297
57.0297
57.0297
57.0297
57.0297
57.0297
57.0297
57.0297
57.0297
57.0297
57.0297
57.0297
57.0297
57.0297
57.0297
57.0297
57.0297
57.0297
57.0297
57.0297
57.0297
57.0297
57.0297
57.0297
57.0297
57.0297
57.0297
57.0297
57.0297
57.0297
57.0297
57.0297
57.0297
57.0297
57.0297
57.0297
57.0297
57.0297
57.0297
57.0297
57.0297
57.0297
57.0297
57.0297
57.0297
57.0297
57.0297
57.0297
57.0297
57.0297
57.0297
57.0297
57.0297
57.0297
57.0297
57.0297
57.0297
57.0297
57.0297
57.0297
57.0297
57.0297
57.0297
57.0297
57.0297
57.0297
57.0297
57.0297
57.0297
57.0297
57.0297
57.0297
57.0297
57.0297
57.0297
57.0297
57.0297
57.0297
57.0297
57.0297
57.0297
57.0297
57.0297
57.0297
57.0297
57.0297
57.0297
57.0297
57.0297
57.0297
57.0297
57.0297
57.0297
57.0297
57.0297
57.0297
57.0297
57.0297
57.0297
57.0297
57.0297
57.0297
57.0297
57.0297
57.0297
57.0297
57.0297
57.0297
57.0297
57.0297
57.0297
57.0297
57.0297
57.0297
57.0297
57.0297
57.0297
57.0297
57.0297
57.0297
57.0297
57.0297
57.0297
57.0297
57.0297
57.0297
57.0297
57.0297
57.0297
57.0297
57.0297
57.0297
57.0297
57.0297
57.0297
57.0297
57.0297
57.0297
57.0297
57.0297
57.0297
57.0297
57.0297
57.0297
57.0297
57.0297
57.0297
57.0297
57.0297
57.0297
57.0297
57.0297
57.0297
57.0297
57.0297
57.0297
57.0297
57.0297
57.0297
57.0297
57.0297
57.0297
57.0297
57.0297
57.0297
57.0297
57.0297
57.0297
57.0297
57.0297
57.0297
57.0297
57.0297
57.0297
57.0297
57.0297
57.0297
57.0297
57.0297
57.0297
57.0297
57.0297
57.0297
57.0297
57.0297
57.0297
57.0297
57.0297
57.0297
57.0297
57.0297
57.0297
57.0297
57.0297
57.0297
57.0297
57.0297
57.0297
57.0297
57.0297
57.0297
57.0297
57.0297
57.0297
57.0297
57.0297
57.0297
57.0297
57.0297
57.0297
57.0297
57.0297
57.0297
57.0297
57.0297
57.0297
57.0297
57.0297
57.0297
57.0297
57.0297
57.0297
57.0297
57.0297
57.0297
57.0297
57.0297
57.0297
57.0297
57.0297
57.0297
57.0297
57.0297
57.0297
57.0297
57.0297
57.0297
57.0297
57.0297
57.0297
57.0297
57.0297
57.0297
57.0297
57.0297
57.0297
57.0297
57.0297
57.0297
57.0297
57.0297
57.0297
57.0297
57.0297
57.0297
57.0297
57.0297
57.0297
57.0297
57.0297
57.0297
57.0297
57.0297
57.0297
57.0297
57.0297
57.0297
57.0297
57.0297
57.0297
57.0297
57.0297
57.0297
57.0297
57.0297
57.0297
57.0297
57.0297
57.0297
57.0297
57.0297
57.0297
57.0297
57.0297
57.0297
57.0297
57.0297
57.0297
57.0297
57.0297
57.0297
57.0297
57.0297
57.0297
57.0297
57.0297
57.0297
57.0297
57.0297
57.0297
57.0297
57.0297
57.0297
57.0297
57.0297
57.0297
57.0297
57.0297
57.0297
57.0297
57.0297
57.0297
57.0297
57.0297
57.0297
57.0297
57.0297
57.0297
57.0297
57.0297
57.0297
57.0297
57.0297
57.0297
57.0297
57.0297
57.0297
57.0297
57.0297
57.0297
57.0297
57.0297
57.0297
57.0297
57.0297
57.0297
57.0297
57.0297
57.0297
57.0297
57.0297
57.0297
57.0297
57.0297
57.0297
57.0297
57.0297
57.0297
57.0297
57.0297
57.0297
57.0297
57.0297
57.0297
57.0297
57.0297
57.0297
57.0297
57.0297
57.0297
57.0297
57.0297
57.0297
57.0297
57.0297
57.0297
57.0297
57.0297
57.0297
57.0297
57.0297
57.0297
57.0297
57.0297
57.0297
57.0297
57.0297
57.0297
57.0297
57.0297
57.0297
57.0297
57.0297
57.0297
57.0297
57.0297
57.0297
57.0297
57.0297
57.0297
57.0297
57.0297
57.0297
57.0297
57.0297
57.0297
57.0297
57.0297
57.0297
57.0297
57.0297
57.0297
57.0297
57.0297
57.0297
57.0297
57.0297
57.0297
57.0297
57.0297
57.0297
57.0297
57.0297
57.0297
57.0297
57.0297
57.0297
57.0297
57.0297
57.0297
57.0297
57.0297
57.0297
57.0297
57.0297
57.0297
57.0297
57.0297
57.0297
57.0297
57.0297
57.0297
57.0297
57.0297
57.0297
57.0297
57.0297
57.0297
57.0297
57.0297
57.0297
57.0297
57.0297
57.0297
57.0297
57.0297
57.0297
57.0297
57.0297
57.0297
57.0297
57.0297
57.0297
57.0297
57.0297
57.0297
57.0297
57.0297
57.0297
57.0297
57.0297
57.0297
57.0297
57.0297
57.0297
57.0297
57.0297
57.0297
57.0297
57.0297
57.0297
57.0297
57.0297
57.0297
57.0297
57.0297
57.0297
57.0297
57.0297
57.0297
57.0297
57.0297
57.0297
57.0297
57.0297
57.0297
57.0297
57.0297
57.0297
57.0297
57.0297
57.0297
57.0297
57.0297
57.0297
57.0297
57.0297
57.0297
57.0297
57.0297
57.0297
57.0297
57.0297
57.0297
57.0297
57.0297
57.0297
57.0297
57.0297
57.0297
57.0297
57.0297
57.0297
57.0297
57.0297
57.0297
57.0297
57.0297
57.0297
57.0297
57.0297
57.0297
57.0297
57.0297
57.0297
57.0297
57.0297
57.0297
57.0297
57.0297
57.0297
57.0297
57.0297
57.0297
57.0297
57.0297
57.0297
57.0297
57.0297
57.0297
57.0297
57.0297
57.0297
57.0297
57.0297
57.0297
57.0297
57.0297
57.0297
57.0297
57.0297
57.0297
57.0297
57.0297
57.0297
57.0297
57.0297
57.0297
57.0297
57.0297
57.0297
57.0297
57.0297
57.0297
57.0297
57.0297
57.0297
57.0297
57.0297
57.0297
57.0297
57.0297
57.0297
57.0297
57.0297
57.0297
57.0297
57.0297
57.0297
57.0297
57.0297
57.0297
57.0297
57.0297
57.0297
57.0297
57.0297
57.0297
57.0297
57.0297
57.0297
57.0297
57.0297
57.0297
57.0297
57.0297
57.0297
57.0297
57.0297
57.0297
57.0297
57.0297
57.0297
57.0297
57.0297
57.0297
57.0297
57.0297
57.0297
57.0297
57.0297
57.0297
57.0297
57.0297
57.0297
57.0297
57.0297
57.0297
57.0297
57.0297
57.0297
57.0297
57.0297
57.0297
57.0297
57.0297
57.0297
57.0297
57.0297
57.0297
57.0297
57.0297
57.0297
57.0297
57.0297
57.0297
57.0297
57.0297
57.0297
57.0297
57.0297
57.0297
57.0297
57.0297
57.0297
57.0297
57.0297
57.0297
57.0297
57.0297
57.0297
57.0297
57.0297
57.0297
57.0297
57.0297
57.0297
57.0297
57.0297
57.0297
57.0297
57.0297
57.0297
57.0297
57.0297
57.0297
57.0297
57.0297
57.0297
57.0297
57.0297
57.0297
57.0297
57.0297
57.0297
57.0297
57.0297
57.0297
57.0297
57.0297
57.0297
57.0297
57.0297
57.0297
57.0297
57.0297
57.0297
57.0297
57.0297
57.0297
57.0297
57.0297
57.0297
57.0297
57.0297
57.0297
57.0297
57.0297
57.0297
57.0297
57.0297
57.0297
57.0297
57.0297
57.0297
57.0297
57.0297
57.0297
57.0297
57.0297
57.0297
57.0297
57.0297
57.0297
57.0297
57.0297
57.0297
57.0297
57.0297
57.0297
57.0297
57.0297
57.0297
57.0297
57.0297
57.0297
57.0297
57.0297
57.0297
57.0297
57.0297
57.0297
57.0297
57.0297
57.0297
57.0297
57.0297
57.0297
57.0297
57.0297
57.0297
57.0297
57.0297
57.0297
57.0297
57.0297
57.0297
57.0297
57.0297
57.0297
57.0297
57.0297
57.0297
57.0297
57.0297
57.0297
57.0297
57.0297
57.0297
57.0297
57.0297
57.0297
57.0297
57.0297
57.0297
57.0297
57.0297
57.0297
57.0297
57.0297
57.0297
57.0297
57.0297
57.0297
57.0297
57.0297
57.0297
57.0297
57.0297
57.0297
57.0297
57.0297
57.0297
57.0297
57.0297
57.0297
57.0297
57.0297
57.0297
57.0297
57.0297
57.0297
57.0297
57.0297
57.0297
57.0297
57.0297
57.0297
57.0297
57.0297
57.0297
57.0297
57.0297
57.0297
57.0297
57.0297
57.0297
57.0297
57.0297
57.0297
57.2004
57.0297
57.0297
57.0297
57.0297
57.0297
57.0297
57.0297
57.0297
57.0297
57.0297
57.0297
57.0297
57.0297
57.0297
57.0297
57.0297
57.0297
57.0297
57.0297
57.0297
57.0297
57.0297
57.0297
57.0297
57.0297
57.0297
57.0297
57.0297
57.0297
57.0297
57.0297
57.0297
57.0297
57.0297
57.0297
57.0297
57.0297
57.0297
57.0297
57.0297
57.0297
57.0297
57.0297
57.0297
57.0297
57.0297
57.0297
57.0297
57.0297
57.0297
57.0297
57.0297
57.0297
57.0297
57.0297
57.0297
57.0297
57.0297
57.0297
57.0297
57.0297
57.0297
57.0297
57.0297
57.0297
57.0297
57.0297
57.0297
57.0297
57.0297
57.0297
57.0297
57.0297
57.0297
57.0297
57.0297
57.0297
57.0297
57.0297
57.0297
57.0297
57.0297
57.0297
57.0297
57.0297
57.0297
57.0297
57.0297
57.0297
57.0297
57.0297
57.0297
57.0297
57.0297
57.0297
57.0297
57.0297
57.0297
57.0297
57.0297
57.0297
57.0297
57.0297
57.0297
57.0297
57.0297
57.0297
57.0297
57.0297
57.0297
57.0297
57.0297
57.0297
57.0297
57.0297
57.0297
57.0297
57.0297
57.0297
57.0297
57.0297
57.0297
57.0297
57.0297
57.0297
57.0297
57.0297
57.0297
57.0297
57.0297
57.0297
57.0297
57.0297
57.0297
57.0297
57.0297
57.0297
57.0297
57.0297
57.0297
57.0297
57.0297
57.0297
57.0297
57.0297
57.0297
57.0297
57.0297
57.0297
57.0297
57.0297
57.0228
56.9744
56.8223
56.684
56.684
56.684
56.684
56.684
56.684
56.684
56.684
56.684
56.684
56.684
56.684
56.684
56.684
56.684
56.684
56.684
56.684
56.684
56.684
56.684
56.684
56.684
56.684
56.684
56.684
56.684
56.684
56.684
56.684
56.684
56.684
56.684
56.684
56.684
56.684
56.684
56.684
56.684
56.684
56.684
56.684
56.684
56.684
56.684
56.684
56.684
56.684
56.684
56.684
56.684
56.684
56.684
56.684
56.684
56.684
56.684
56.684
56.684
56.684
56.684
56.684
56.684
56.684
56.684
56.684
56.684
56.684
56.684
56.684
56.684
56.684
56.684
56.684
56.684
56.684
56.684
56.684
56.684
56.684
56.684
56.684
56.684
56.684
56.684
56.684
56.684
56.684
56.684
56.684
56.684
56.684
56.684
56.684
56.684
56.684
56.684
56.684
56.684
56.684
56.684
56.684
56.684
56.684
56.684
56.684
56.684
56.684
56.684
56.684
56.684
56.684
56.684
56.684
56.684
56.684
56.684
56.684
56.684
56.684
56.684
56.684
56.684
56.684
56.684
56.684
56.684
56.684
56.684
56.684
56.684
56.684
56.684
56.684
56.684
56.684
56.684
56.684
56.684
56.684
56.684
56.684
56.684
56.684
56.684
56.684
56.684
56.684
56.684
56.684
56.684
56.684
56.684
56.684
56.684
56.684
56.684
56.684
56.684
56.684
56.684
56.684
56.684
56.684
56.684
56.684
56.684
56.684
56.684
56.684
56.684
56.684
56.684
56.684
56.684
56.684
56.684
56.684
56.684
56.684
56.684
56.684
56.684
56.684
56.684
56.684
56.684
56.684
56.684
56.684
56.684
56.684
56.684
56.684
56.684
56.684
56.684
56.684
56.684
56.684
56.684
56.684
56.684
56.684
56.684
56.684
56.684
56.684
56.684
56.684
56.684
56.684
56.684
56.684
56.684
56.684
56.684
56.684
56.684
56.684
56.684
56.684
56.684
56.684
56.684
56.684
56.684
56.684
56.684
56.684
56.684
56.684
56.684
56.684
56.7596
56.684
56.684
56.684
56.684
56.684
56.684
56.684
56.684
56.684
56.684
56.684
56.684
56.684
56.684
56.684
56.684
56.684
56.684
56.684
56.684
56.684
56.684
56.684
56.684
56.684
56.684
56.684
56.684
56.684
56.684
56.684
56.684
56.684
56.684
56.684
56.684
56.684
56.684
56.684
56.684
56.684
56.684
56.684
56.684
56.684
56.684
56.684
56.684
56.684
56.684
56.684
56.684
56.684
56.684
56.684
56.684
56.684
56.684
56.684
56.684
56.684
56.684
56.684
56.684
56.684
56.684
56.684
56.684
56.684
56.684
56.684
56.684
56.684
56.684
56.684
56.684
56.684
56.684
56.684
56.684
56.684
56.684
56.684
56.684
56.684
56.684
56.684
56.684
56.684
56.684
56.684
56.684
56.684
56.684
56.684
56.684
56.684
56.684
56.684
56.684
56.684
56.684
56.684
56.684
56.684
56.684
56.684
56.684
56.684
56.684
56.684
56.684
56.684
56.684
56.684
56.684
56.684
56.684
56.684
56.684
56.684
56.684
56.684
56.684
56.684
56.684
56.684
56.684
56.684
56.684
56.684
56.684
56.684
56.684
56.684
56.684
56.684
56.684
56.684
56.684
56.684
56.684
56.684
56.684
56.684
56.684
56.684
56.684
56.684
56.684
56.684
56.684
56.684
56.684
56.684
56.684
56.684
56.684
56.684
56.684
56.684
56.684
56.684
56.684
56.684
56.684
56.684
56.684
56.684
56.684
56.684
56.684
56.684
56.684
56.684
56.684
56.684
56.684
56.684
56.684
56.684
56.684
56.684
56.684
56.684
56.684
56.684
56.684
56.684
56.684
56.684
56.684
56.684
56.684
56.684
56.684
56.684
56.684
56.684
56.684
56.684
56.684
56.684
56.684
56.684
56.684
56.684
56.684
56.684
56.684
56.684
56.684
56.684
56.684
56.684
56.684
56.684
56.684
56.684
56.684
56.684
56.684
56.684
56.684
56.684
56.684
56.684
56.684
56.684
56.684
56.684
56.684
56.684
56.684
56.684
56.684
56.684
56.684
56.684
56.684
56.684
56.684
56.684
56.684
56.684
56.684
56.684
56.684
56.684
56.684
56.684
56.684
56.684
56.684
56.684
56.684
56.684
56.684
56.684
56.684
56.684
56.684
56.684
56.684
56.684
56.684
56.684
56.684
56.684
56.684
56.684
56.684
56.684
56.684
56.684
56.684
56.684
56.684
56.684
56.684
56.684
56.684
56.684
56.684
56.684
56.684
56.684
56.684
56.684
56.684
56.684
56.684
56.684
56.684
56.684
56.684
56.684
56.684
56.684
56.684
56.684
56.684
56.684
56.684
56.684
56.684
56.684
56.684
56.684
56.684
56.684
56.684
56.684
56.684
56.684
56.684
56.684
56.684
56.684
56.684
56.684
56.684
56.684
56.684
56.684
56.684
56.684
56.684
56.684
56.684
56.684
56.684
56.684
56.684
56.684
56.684
56.684
56.684
56.684
56.684
56.684
56.684
56.684
56.684
56.684
56.684
56.684
56.684
56.684
56.684
56.684
56.684
56.684
56.684
56.684
56.684
56.684
56.684
56.684
56.684
56.684
56.684
56.684
56.684
56.684
56.684
56.684
56.684
56.684
56.684
56.684
56.684
56.684
56.684
56.684
56.684
56.684
56.684
56.684
56.684
56.684
56.684
56.684
56.684
56.684
56.684
56.684
56.684
56.8508
56.684
56.684
56.684
56.684
56.684
56.684
56.684
56.684
56.684
56.684
56.684
56.684
56.684
56.684
56.684
56.684
56.684
56.684
56.684
56.684
56.684
56.684
56.684
56.684
56.684
56.684
56.684
56.684
56.684
56.684
56.684
56.684
56.684
56.684
57.0209
56.684
56.684
56.684
56.684
56.684
56.684
56.684
56.684
56.684
56.684
56.684
56.684
56.684
56.684
56.684
56.684
56.684
56.684
56.684
56.684
56.684
56.684
56.684
56.684
56.684
56.684
56.684
56.684
56.684
56.684
56.684
56.684
56.684
56.684
56.684
56.684
56.684
56.684
56.684
56.684
56.684
56.684
56.684
56.684
56.684
56.684
56.684
56.684
56.684
56.684
56.684
56.684
56.684
56.684
56.684
56.684
56.684
56.684
56.684
56.684
56.684
56.684
56.684
56.684
56.684
56.684
56.684
56.684
56.684
56.684
56.684
56.684
56.684
56.684
56.684
56.684
56.684
56.684
56.684
56.684
56.684
56.684
56.684
56.684
56.684
56.684
56.684
56.684
56.684
56.684
56.684
56.684
56.684
56.684
56.684
56.684
56.684
56.684
56.684
56.684
56.684
56.684
56.684
56.684
56.684
56.684
56.684
56.684
56.684
56.684
56.684
56.684
56.684
56.684
56.684
56.684
56.684
56.684
56.684
56.684
56.684
56.684
56.684
56.684
56.684
56.684
56.684
56.684
56.684
56.684
56.684
56.684
56.684
56.684
56.684
56.684
56.684
56.684
56.684
56.684
56.684
56.684
56.684
56.684
56.684
56.684
56.684
56.684
56.684
56.684
56.684
56.684
56.684
56.684
56.684
56.684
56.684
56.684
56.684
56.684
56.684
56.684
56.684
56.684
56.684
56.684
56.684
56.684
56.684
56.684
56.684
56.684
56.684
56.684
56.684
56.684
56.684
56.684
56.684
56.684
56.684
56.684
56.684
56.684
56.684
56.684
56.684
56.684
56.684
56.684
56.684
56.684
56.684
56.684
56.684
56.684
56.684
56.684
56.684
56.684
56.684
56.684
56.684
56.684
56.684
56.684
56.684
56.684
56.684
56.684
56.684
56.684
56.684
56.684
56.684
56.684
56.684
56.684
56.684
56.684
56.684
56.684
56.684
56.684
56.684
56.684
56.684
56.684
56.684
56.684
56.684
56.684
56.684
56.684
56.684
56.684
56.684
56.684
56.684
56.684
56.684
56.684
56.684
56.684
56.684
56.684
56.684
56.684
56.684
56.684
56.684
56.684
56.684
56.684
56.684
56.684
56.684
56.684
56.684
56.684
56.684
56.684
56.684
56.684
56.684
56.684
56.684
56.684
56.684
56.684
56.684
56.684
56.684
56.684
56.684
56.684
56.684
56.684
56.684
56.684
56.684
56.684
56.684
56.684
56.684
56.684
56.684
56.684
56.684
56.684
56.684
56.684
56.684
56.684
56.684
56.684
56.684
56.684
56.684
56.684
56.684
56.684
56.684
56.684
56.684
56.684
56.684
56.684
56.684
56.684
56.684
56.684
56.684
56.684
56.684
56.684
56.684
56.684
56.684
56.684
56.684
56.684
56.684
56.684
56.684
56.684
56.684
56.684
56.684
56.684
56.684
56.684
56.684
56.684
56.684
56.684
56.684
56.684
56.684
56.684
56.684
56.684
56.684
56.684
56.684
56.7602
56.684
56.684
56.684
56.684
56.684
56.684
56.684
56.684
56.684
56.684
56.684
56.684
56.684
56.684
56.684
56.684
56.684
56.684
56.684
56.684
56.684
56.684
56.684
56.684
56.684
56.684
56.684
56.684
56.684
56.684
56.684
56.684
56.684
56.684
56.684
56.684
56.684
56.684
56.684
56.684
56.684
56.684
56.684
56.684
56.684
56.684
56.684
56.684
56.684
56.684
56.684
56.684
56.684
56.684
56.684
56.684
56.684
56.684
56.684
56.684
56.684
56.684
56.684
56.684
56.684
56.684
56.684
56.684
56.684
56.684
56.684
56.684
56.684
56.684
56.684
56.684
56.684
56.684
56.684
56.684
56.684
56.684
56.684
56.684
56.684
56.684
56.684
56.684
56.684
56.684
56.684
56.684
56.684
56.684
56.684
56.684
56.684
56.684
56.684
56.684
56.684
56.684
56.684
56.684
56.684
56.684
56.684
56.684
56.684
56.684
56.684
56.684
56.684
56.684
56.684
56.684
56.684
56.684
56.684
56.684
56.684
56.684
56.684
56.684
56.684
56.684
56.684
56.684
56.684
56.684
56.684
56.684
56.684
56.684
56.684
56.684
56.684
56.684
56.684
56.684
56.684
56.684
56.684
56.684
56.684
56.684
56.684
56.684
56.684
56.684
56.684
56.684
56.684
56.684
56.684
56.684
56.684
56.684
56.684
56.684
56.684
56.684
56.684
56.684
56.684
56.684
56.684
56.684
56.684
56.684
56.684
56.684
56.684
56.684
56.684
56.684
56.684
56.684
56.684
56.684
56.684
56.684
56.684
56.684
56.684
56.684
56.684
56.684
56.684
56.684
56.684
56.684
56.684
56.684
56.684
56.684
56.684
56.684
56.684
56.684
56.684
56.684
56.684
56.684
56.684
56.684
56.684
56.684
56.684
56.684
56.684
56.684
56.684
56.684
56.684
56.684
56.684
56.684
56.684
56.684
56.684
56.684
56.684
56.684
56.684
56.684
56.684
56.684
56.684
56.684
56.684
56.684
56.684
56.684
56.684
56.684
56.684
56.684
56.684
56.684
56.684
56.684
56.684
56.684
56.684
56.684
56.684
56.684
56.684
56.684
56.684
56.684
56.684
56.684
56.684
56.684
56.684
56.684
56.684
56.684
56.684
56.684
56.684
56.684
56.684
56.684
56.684
56.684
56.684
56.684
56.684
56.684
56.684
56.684
56.684
56.684
56.684
56.684
56.684
56.684
56.684
56.684
56.684
56.684
56.684
56.684
56.684
56.684
56.684
56.684
56.684
56.684
56.684
56.684
56.684
56.684
56.684
56.684
56.684
56.684
56.684
56.684
56.684
56.684
56.684
56.684
56.684
56.684
56.684
56.684
56.684
56.684
56.684
56.684
56.684
56.684
56.684
56.684
56.684
56.684
56.684
56.684
56.684
56.684
56.684
56.684
56.684
56.684
56.684
56.684
56.684
56.684
56.684
56.684
56.684
56.684
56.684
56.684
56.684
56.684
56.684
56.684
56.684
56.684
56.684
56.684
56.684
56.684
56.684
56.684
56.684
56.684
56.684
56.684
56.684
56.684
56.684
56.684
56.684
56.684
56.684
56.684
56.684
56.684
56.684
56.684
56.684
56.684
56.684
56.684
56.684
56.684
56.684
56.684
56.684
56.684
56.684
56.684
56.684
56.684
56.684
56.684
56.684
56.684
56.684
56.684
56.684
56.684
56.684
56.684
56.684
56.684
56.684
56.684
56.684
56.684
56.684
56.684
56.684
56.684
56.684
56.684
56.684
56.684
56.684
56.684
56.684
56.684
56.684
56.684
56.684
56.684
56.684
56.684
56.684
56.684
56.684
56.684
56.684
56.684
56.684
56.684
56.684
56.684
56.684
56.684
56.684
56.684
56.684
56.684
56.684
56.684
56.684
56.684
56.684
56.684
56.684
56.684
56.684
56.684
56.684
56.684
56.684
56.684
56.684
56.684
56.684
56.684
56.684
56.684
56.684
56.684
56.684
56.684
56.684
56.684
56.684
56.684
56.684
56.684
56.684
56.684
56.684
56.684
56.684
56.684
56.684
56.684
56.684
56.684
56.684
56.684
56.684
56.684
56.684
56.684
56.684
56.684
56.684
56.684
56.684
56.684
56.684
56.684
56.684
56.684
56.684
56.684
56.684
56.684
56.684
56.684
56.684
56.684
56.684
56.684
56.684
56.684
56.684
56.684
56.684
56.684
56.684
56.684
56.684
56.684
56.684
56.684
56.684
56.684
56.684
56.684
56.684
56.684
56.684
56.684
56.684
56.684
56.684
56.684
56.684
56.684
56.684
56.684
56.684
56.684
56.684
56.684
56.684
56.6787
56.6683
56.6162
56.4703
56.4235
56.4235
56.4235
56.4235
56.4235
56.4235
56.4235
56.4235
56.4235
56.4235
56.4235
56.4235
56.4235
56.4235
56.4235
56.4235
56.4235
56.4235
56.4235
56.4235
56.4235
56.4235
56.4235
56.4235
56.4235
56.4235
56.4235
56.4235
56.4235
56.4235
56.4235
56.4235
56.4235
56.4235
56.4235
56.4235
56.4235
56.4235
56.4235
56.4235
56.4235
56.4235
56.4235
56.4235
56.4235
56.4235
56.4235
56.4235
56.4235
56.4235
56.4235
56.4235
56.4235
56.4235
56.4235
56.4235
56.4235
56.4235
56.4235
56.4235
56.4235
56.4235
56.4235
56.4235
56.4235
56.4235
56.4235
56.4235
56.4235
56.4235
56.4235
56.4235
56.4235
56.4235
56.4235
56.4235
56.4235
56.4235
56.4235
56.4235
56.4235
56.4235
56.4235
56.4235
56.4235
56.4235
56.4235
56.4235
56.4235
56.4235
56.4235
56.4235
56.4235
56.4235
56.4235
56.4235
56.4235
56.4235
56.4235
56.4235
56.4235
56.4235
56.4235
56.4235
56.4235
56.4235
56.4235
56.4235
56.4235
56.4235
56.4235
56.4235
56.4235
56.4235
56.4235
56.4235
56.4235
56.4235
56.4235
56.4235
56.4235
56.4235
56.4235
56.4235
56.4235
56.4235
56.4235
56.4235
56.4235
56.4235
56.4235
56.4235
56.4235
56.4235
56.4235
56.4235
56.4235
56.4235
56.4235
56.4235
56.4235
56.4235
56.4235
56.4235
56.4235
56.4235
56.4235
56.4235
56.4235
56.4235
56.4235
56.4235
56.4235
56.4235
56.4235
56.4235
56.4235
56.4235
56.4235
56.4235
56.4235
56.4235
56.4235
56.4235
56.4235
56.4235
56.4235
56.4235
56.4235
56.4235
56.4235
56.4235
56.4235
56.4235
56.4235
56.4235
56.4235
56.4235
56.4235
56.4235
56.4235
56.4235
56.4235
56.4235
56.4235
56.4235
56.4235
56.4235
56.4235
56.4235
56.4235
56.4235
56.4235
56.4235
56.4235
56.4235
56.4235
56.4235
56.4235
56.4235
56.4235
56.4235
56.4235
56.4235
56.4235
56.4235
56.4235
56.4235
56.4235
56.4235
56.4235
56.4235
56.4235
56.4235
56.4235
56.4235
56.4235
56.4235
56.4235
56.4235
56.4235
56.4235
56.4235
56.4235
56.4235
56.4235
56.4235
56.4235
56.4235
56.4235
56.4235
56.4235
56.4235
56.4235
56.4235
56.4235
56.4235
56.4235
56.4235
56.4235
56.4235
56.4235
56.4235
56.4235
56.4235
56.4235
56.4235
56.4235
56.4235
56.4235
56.4235
56.4235
56.4235
56.4235
56.4235
56.4235
56.4235
56.4235
56.4235
56.4235
56.4235
56.4235
56.4235
56.4235
56.4235
56.4235
56.4235
56.4235
56.4235
56.4235
56.4235
56.4235
56.4235
56.4235
56.4235
56.4235
56.4235
56.4235
56.4235
56.4235
56.4235
56.4235
56.4235
56.4235
56.4235
56.4235
56.4235
56.4235
56.4235
56.4235
56.4235
56.4235
56.4235
56.4235
56.4235
56.4235
56.4235
56.4235
56.4235
56.4235
56.4235
56.4235
56.4235
56.4235
56.4235
56.4235
56.4235
56.4235
56.4235
56.4235
56.4235
56.4235
56.4235
56.4235
56.4235
56.4235
56.4235
56.4235
56.4235
56.4235
56.4235
56.4235
56.4235
56.4235
56.4235
56.4235
56.4235
56.4235
56.4235
56.4235
56.4235
56.4235
56.4235
56.4235
56.4235
56.4235
56.4235
56.4235
56.4235
56.4235
56.4235
56.4235
56.9211
56.4235
56.4235
56.4235
56.4235
56.4235
56.4235
56.4235
56.4235
56.4235
56.4235
56.4235
56.4235
56.4235
56.4235
56.4235
56.4235
56.4235
56.4235
56.4235
56.4235
56.4235
56.4235
56.4235
56.4235
56.4235
56.4235
56.4235
56.4235
56.4235
56.4235
56.4235
56.4235
56.4235
56.4235
56.4235
56.4235
56.4235
56.4235
56.4235
56.4235
56.4235
56.4235
56.4235
56.4235
56.4235
56.4235
56.4235
56.4235
56.4235
56.4235
56.4235
56.4235
56.4235
56.4235
56.4235
56.4235
56.4235
56.4235
56.4235
56.4235
56.4235
56.4235
56.4235
56.4235
56.4235
56.4235
56.4235
56.4235
56.4235
56.4235
56.4235
56.4235
56.4235
56.4235
56.4235
56.4235
56.4235
56.4235
56.4235
56.4235
56.4235
56.4235
56.4235
56.4235
56.4235
56.4235
56.4235
56.4235
56.4235
56.4235
56.4235
56.4235
56.4235
56.4235
56.4235
56.4235
56.4235
56.4235
56.4235
56.4235
56.4235
56.4235
56.4235
56.4235
56.4235
56.4235
56.4235
56.4235
56.4235
56.4235
56.4235
56.4235
56.4235
56.4235
56.4235
56.4235
56.4235
56.4235
56.4235
56.4235
56.4235
56.4235
56.4235
56.4235
56.4235
56.4235
56.4235
56.4235
56.4235
56.4235
56.4235
56.4235
56.4235
56.4235
56.4235
56.4235
56.4235
56.4235
56.4235
56.4235
56.4235
56.4235
56.4235
56.4235
56.4235
56.4235
56.4235
56.4235
56.4235
56.4235
56.4235
56.4235
56.4235
56.4235
56.4235
56.4235
56.4235
56.4235
56.4235
56.4235
56.4235
56.4235
56.4235
56.4235
56.4235
56.4235
56.4235
56.4235
56.4235
56.4235
56.4235
56.4235
56.4235
56.4235
56.4235
56.4235
56.4235
56.4235
56.4235
56.4235
56.4235
56.4235
56.4235
56.4235
56.4235
56.4235
56.4235
56.4235
56.4235
56.4235
56.4235
56.4235
56.4235
56.4235
56.4235
56.4235
56.4235
56.4235
56.4235
56.4235
56.4235
56.4235
56.4235
56.4235
56.4235
56.4235
56.4235
56.4235
56.4235
56.416
56.3776
56.2241
55.8532
55.7095
55.7013
55.7013
55.7013
55.7013
55.7013
55.7013
55.7013
55.7013
55.7013
55.7013
55.7013
55.7013
55.7013
55.7013
55.7013
55.7013
55.7013
55.7013
55.7013
55.7013
55.7013
55.7013
55.7013
55.7013
55.7013
55.7013
55.7013
55.7013
55.7013
55.7013
55.7013
55.7013
55.7013
55.7013
55.7013
55.7013
55.7013
55.7013
55.7013
55.7013
55.7013
55.7013
55.7013
55.7013
55.7013
55.7013
55.7013
55.7013
55.7013
55.7013
55.7013
55.7013
55.7013
55.7013
55.7013
55.7013
55.7013
55.7013
55.7013
55.6953
55.6713
55.6112
55.5512
55.5512
55.5512
55.5512
55.5512
55.5512
55.5512
55.5512
55.5512
55.5512
55.5512
55.5512
55.5512
55.5512
55.5512
55.5512
55.5512
55.5512
55.5512
55.5512
55.5512
55.5512
55.5512
55.5512
55.5512
55.5512
55.5512
55.5512
55.5512
55.5512
55.5512
55.5512
55.5512
55.5512
55.5512
55.5512
55.5512
55.5512
55.5512
55.5512
55.5512
55.5512
55.5512
55.5512
55.5512
55.5512
55.5512
55.5512
55.5512
55.5512
55.5512
55.5512
55.5512
55.5512
55.5512
55.5512
55.5512
55.5512
55.5512
55.5512
55.5512
55.5512
55.5512
55.5512
55.5512
55.5512
55.5512
55.5512
55.5512
55.5512
55.5512
55.5512
55.5512
55.5512
55.5512
55.5512
55.5512
55.5512
55.5512
55.5512
55.5512
55.5512
55.5512
55.5512
55.5512
55.5512
55.5512
55.5512
55.5512
55.5512
55.5512
55.5512
55.5512
55.5512
55.5512
55.5512
55.5512
55.5512
55.5512
55.5512
55.5512
55.5512
55.5512
55.5512
55.5512
55.5512
55.5512
55.5512
55.5512
55.5512
55.5512
55.5512
55.5512
55.5512
55.5512
55.5512
55.5512
55.5512
55.5512
55.5512
55.5512
55.5512
55.5512
55.5512
55.5512
55.5512
55.5512
55.5512
55.5512
55.5512
55.5512
55.5512
55.5512
55.5512
55.5512
55.5512
55.5512
55.5512
55.5512
55.5512
55.5512
55.5512
55.5512
55.5512
55.5512
55.5512
55.5512
55.5512
55.5512
55.5512
55.5512
55.5512
55.5512
55.5512
55.5512
55.5512
55.5512
55.5512
55.5512
55.5512
55.5512
55.5512
55.5512
55.5512
55.5512
55.5512
55.5512
55.5512
55.5512
55.5512
55.5512
55.5512
55.5512
55.5512
55.5512
55.5512
55.5512
55.5512
55.5512
55.5512
55.5512
55.5512
55.5512
55.5512
55.5512
55.5512
55.5512
55.5512
55.5512
55.5512
55.5512
55.5512
55.5512
55.5512
55.5512
55.5512
55.5512
55.5512
55.5512
55.5512
55.5512
55.5512
55.5512
55.5512
55.5512
55.5512
55.5512
55.5512
55.5512
55.5512
55.5512
55.5512
55.5512
55.5512
55.5512
55.5512
55.5512
55.5512
55.5512
55.5512
55.5512
55.5512
55.5512
55.5512
55.5512
55.5512
55.5512
55.5512
55.5512
55.5512
55.5512
55.5512
55.5512
55.5512
55.5512
55.5512
55.5512
55.5512
55.5512
55.5512
55.5512
55.5512
55.5512
55.5512
55.5512
55.5512
55.5512
55.5512
55.5512
55.5512
55.5512
55.5512
55.5512
55.5512
55.5512
55.5512
55.5512
55.5512
55.5512
55.5512
55.5512
55.5512
55.5512
55.5512
55.5512
55.5512
55.5512
55.5512
55.5512
55.5512
55.5512
55.5512
55.5512
55.5512
55.5512
55.5512
55.5512
55.5512
55.5512
55.5512
55.5512
55.5512
55.5512
55.5512
55.5512
55.5512
55.5512
55.5512
55.5512
55.5512
55.5512
55.5512
55.5512
55.5512
55.5512
55.5512
55.5512
55.5512
55.5512
55.5512
55.5512
55.5512
55.5512
55.5512
55.5512
55.5512
55.5512
55.5512
55.5512
55.5512
55.5512
55.5512
55.5512
55.5512
55.5512
55.5512
55.5512
55.5512
55.5512
55.5512
55.5512
55.5512
55.5512
55.5512
55.5512
55.5512
55.5512
55.5512
55.5512
55.5512
55.5512
55.5512
55.5512
55.5512
55.5512
55.5512
55.5512
55.5512
55.5512
55.5512
55.5512
55.5512
55.5512
55.5512
55.5512
55.5512
55.5512
55.5512
55.5512
55.5512
55.5512
55.5512
55.5512
55.5512
55.5512
55.5512
55.5512
55.5512
55.5512
55.5512
55.5512
55.5512
55.5512
55.5512
55.5512
55.5512
55.5512
55.5512
55.5512
55.5512
55.5512
55.5512
55.5512
55.5512
55.5512
55.5512
55.5512
55.5512
55.5512
55.5512
55.5512
55.5512
55.5512
55.5512
55.5512
55.5512
55.5512
55.5512
55.5512
55.5512
55.5512
55.5512
55.5512
55.5512
55.5512
55.5512
55.5512
55.5512
55.5512
55.5512
55.5512
55.5512
55.5512
55.5512
55.5512
55.5512
55.5512
55.5512
55.5512
55.5512
55.5512
55.5512
55.5512
55.5512
55.5512
55.5512
55.5512
55.5512
55.5512
55.5512
55.5512
55.5512
55.5512
55.5512
55.5512
55.5512
55.5512
55.5512
55.5512
55.5512
55.5512
55.5512
55.5512
55.5512
55.5512
55.5512
55.5512
55.5512
55.5512
55.5512
55.5512
55.5512
55.5512
55.5512
55.5512
55.5512
55.5512
55.5512
55.5512
55.5512
55.5512
55.5512
55.5512
55.5512
55.5512
55.5512
55.5512
55.5512
55.5512
55.5512
55.5512
55.5512
55.5512
55.5512
55.5512
55.5512
55.5512
55.5512
55.5512
55.5512
55.5512
55.5512
55.5512
55.5512
55.5512
55.5512
55.5512
55.5512
55.5512
55.5512
55.5512
55.5512
55.5512
55.5512
55.5512
55.5512
55.5512
55.5512
55.5512
55.5512
55.5512
55.5512
55.5512
55.5512
55.5512
55.5512
55.5512
55.5512
55.5512
55.5512
55.5512
55.5512
55.5512
55.5512
55.5512
55.5512
55.5512
55.5512
55.5512
55.5512
55.5512
55.5512
55.5512
55.5512
55.5512
55.5512
55.5512
55.5512
55.5512
55.5512
55.5512
55.5512
55.5512
55.5512
55.5512
55.5512
55.5512
55.5512
55.5512
55.5512
55.5512
55.5512
55.5512
55.5512
55.5512
55.5512
55.5512
55.5512
55.5512
55.5512
55.5512
55.5512
55.5512
55.5512
55.5512
55.5512
55.5512
55.5512
55.5512
55.5512
55.5512
55.5512
55.5512
55.5512
55.5512
55.5512
55.5512
55.5512
55.5512
55.5512
55.5512
55.5512
55.5512
55.5512
55.5512
55.5512
55.5512
55.5512
55.5512
55.5512
55.5512
55.5512
55.5512
55.5512
55.5512
55.5512
55.5512
55.5512
55.5512
55.5512
55.5512
55.5512
55.5512
55.5512
55.5512
55.5512
55.5512
55.5512
55.5512
55.5512
55.5512
55.5512
55.5512
55.5512
55.5512
55.5512
55.5512
55.5512
55.5512
55.5512
55.5512
55.5512
55.5512
55.5512
55.5512
55.5512
55.5512
55.5512
55.5512
55.5512
55.5512
55.5512
55.5512
55.5512
55.5512
55.5512
55.5512
55.5512
55.5512
55.5512
55.5512
55.5512
55.5512
55.5512
55.5512
55.5512
55.5512
55.5512
55.5512
55.5512
55.5512
55.5512
55.5512
55.5512
55.5512
55.5512
55.5512
55.5512
55.5512
55.5512
55.5512
55.5512
55.5512
55.5512
55.5512
55.5512
55.5512
55.5512
55.5512
55.5512
55.5512
55.5512
55.5512
55.5512
55.5512
55.5512
55.5512
55.5512
55.5512
55.5512
55.5512
55.5512
55.5512
55.5512
55.5512
55.5512
55.5512
55.5512
55.5512
55.5512
55.5512
55.5512
55.5512
55.5512
55.5512
55.5512
55.5512
55.5512
55.5512
55.5512
55.5512
55.5512
55.5512
55.5512
55.5512
55.5512
55.5512
55.5512
55.5512
55.5512
55.5512
55.5512
55.5512
55.5512
55.5512
55.5512
55.5512
55.5512
55.5512
55.5712
55.5512
55.5512
55.5512
55.5512
55.5512
55.5512
55.5512
55.5512
55.5512
55.5512
55.5512
55.5512
55.5512
55.5512
55.5512
55.5512
55.5512
55.5512
55.5512
55.5512
55.5512
55.5512
55.5512
55.5512
55.5512
55.5512
55.5512
55.5512
55.5512
55.5512
55.5512
55.5512
55.5512
55.5512
55.5512
55.5512
55.5512
55.5512
55.5512
55.5512
55.5512
55.5512
55.5512
55.5512
55.5512
55.5512
55.5512
55.5512
55.5512
55.5512
55.5512
55.5512
55.5512
55.5512
55.5512
55.5512
55.5512
55.5512
55.5512
55.5512
55.5512
55.5512
55.5512
55.5512
55.5512
55.5512
55.5512
55.5512
55.5512
55.5512
55.5512
55.5512
55.5512
55.5512
55.5512
55.5512
55.5512
55.5512
55.5512
55.5512
55.5512
55.5512
55.5512
55.5512
55.5512
55.5512
55.5512
55.5512
55.5512
55.5512
55.5512
55.5512
55.5512
55.5512
55.5512
55.5512
55.5512
55.5512
55.5512
55.5512
55.5512
55.5512
55.5512
55.5512
55.5512
55.5512
55.5512
55.5512
55.5512
55.5512
55.5512
55.5512
55.5512
55.5512
55.5512
55.5512
55.5512
55.5512
55.5512
55.5512
55.5512
55.5512
55.5512
55.5512
55.5512
55.5512
55.5512
55.5512
55.5512
55.5512
55.5512
55.5512
55.5512
55.5512
55.5512
55.5512
55.5512
55.5512
55.5512
55.5512
55.5512
55.5512
55.5512
55.5512
55.5512
55.5512
55.5512
55.5512
55.5512
55.5512
55.5512
55.5512
55.5512
55.5512
55.5512
55.5512
55.5512
55.5512
55.5512
55.5512
55.5512
55.5512
55.5512
55.5512
55.5512
55.5512
55.5512
55.5512
55.5512
55.5512
55.5512
55.5512
55.5512
55.5512
55.5512
55.5512
55.5512
55.5512
55.5512
55.5512
55.5512
55.5512
55.5512
55.5512
55.5512
55.5512
55.5512
55.5512
55.5512
55.5512
55.5512
55.5512
55.5512
55.5512
55.5512
55.5512
55.5512
56.1522
55.5512
55.5512
55.5512
55.5512
55.5512
55.5512
55.5512
55.5512
55.5512
55.5512
55.5512
55.5512
55.5512
55.5512
55.5512
55.5512
55.5512
55.5512
55.5512
55.5512
55.5512
55.5512
55.5512
55.5512
55.5512
55.5512
55.5512
55.5512
55.5512
55.5512
55.5512
55.5512
55.5512
55.5512
55.5512
55.5512
55.5512
55.5512
55.5512
55.5512
55.5512
55.5512
55.5512
55.5512
55.5512
55.5512
55.5512
55.5512
55.5512
55.5512
55.5512
55.5512
55.5512
55.5512
55.5512
55.5512
55.5512
55.5512
55.5512
55.5512
55.5512
55.5512
55.5512
55.5512
55.5512
55.5512
55.5512
55.5512
55.5512
55.5512
55.5512
55.5512
55.5512
55.5512
55.5512
55.5512
55.5512
55.5512
55.5512
55.5512
55.5512
55.5512
55.5512
55.5512
55.5512
55.5512
55.5512
55.5512
55.5512
55.5512
55.5512
55.5512
55.5512
55.5512
55.5512
55.5512
55.5512
55.5512
55.5512
55.5512
55.5512
55.5512
55.5512
55.5512
55.5512
55.5512
55.5512
55.5512
55.5512
55.5512
55.5512
55.5512
55.5512
55.5512
55.5512
55.5512
55.5512
55.5512
55.5512
55.5512
55.5512
55.5512
55.5512
55.5512
55.5512
55.5512
55.5512
55.5512
55.5512
55.5512
55.5512
55.5512
55.5512
55.5512
55.5512
55.5512
55.5512
55.5512
55.5512
55.5512
55.5512
55.5512
55.5512
55.5512
55.5512
55.5512
55.5512
55.5512
55.5512
55.5512
55.5512
55.5512
55.5512
55.5512
55.5512
55.5512
55.5512
55.5512
55.5512
55.5512
55.5512
55.5512
55.5512
55.5512
55.5512
55.5512
55.5512
55.5512
55.5512
55.5512
55.5512
55.5512
55.5512
55.5512
55.5512
55.5512
55.5512
55.5512
55.5512
55.5512
55.5512
55.5512
55.5512
55.5512
55.5512
55.5512
55.5512
55.5512
55.5512
55.5512
55.5512
55.5512
55.5512
55.5512
55.5512
55.5512
55.5512
55.5512
55.5512
55.5512
55.5512
55.5512
55.5512
55.5512
55.5512
55.5512
55.5512
55.5512
55.5512
55.5512
55.5512
55.5512
55.5512
55.5512
55.5512
55.5512
55.5512
55.5512
55.5512
55.5512
55.5512
55.5512
55.5512
55.5512
55.5512
55.5512
55.5512
55.5512
55.5512
55.5512
55.5512
55.5512
55.5512
55.5512
55.5512
55.5512
55.5512
55.5512
55.5512
55.5512
55.5512
55.5512
55.5512
55.5512
55.5512
55.5512
55.5512
55.5512
55.5512
55.5512
55.5512
55.5512
55.5512
55.5512
55.5512
55.5512
55.5512
55.5512
55.5512
55.5512
55.5512
55.5512
55.5512
55.5512
55.5512
55.5512
55.5512
55.5512
55.5512
55.5512
55.5512
55.5512
55.5512
55.5512
55.5512
55.5512
55.5512
55.5512
55.5512
55.5512
55.5512
55.5512
55.5512
55.5512
55.5512
55.5512
55.5512
55.5512
55.5512
55.5512
55.5512
55.5512
55.5512
55.5512
55.5512
55.5512
55.5512
55.5512
55.5512
55.5512
55.5512
55.5512
55.5512
55.5512
55.5512
55.5512
55.5512
55.5512
55.5512
55.5512
55.5512
55.5512
55.5512
55.5512
55.5512
55.5512
55.5512
55.5512
55.5512
55.5512
55.5512
55.5512
55.5512
55.5512
55.5512
55.5512
55.5512
55.5512
55.5512
55.5512
55.5512
55.5512
55.5512
55.5512
55.5512
55.5512
55.5512
55.5512
55.5512
55.5512
55.5512
55.5512
55.5512
55.5512
55.5512
55.5512
55.5512
55.5512
55.5512
55.5512
55.5512
55.5512
55.5512
55.5512
55.5512
55.5512
55.5512
55.5512
55.5512
55.5512
55.5512
55.5512
55.5512
55.5512
55.5512
55.5512
55.5512
55.5512
55.5512
55.5512
55.5512
55.5512
55.5512
55.5512
55.5512
55.5512
55.5512
55.5512
55.5512
55.5512
55.5512
55.5512
55.5512
55.5512
55.5512
55.5512
55.5512
55.5512
55.5512
55.5512
55.5512
55.5512
55.5512
55.5512
55.5512
55.5512
55.5512
55.5512
55.5512
55.5512
55.5512
55.5512
55.5512
55.5512
55.5512
55.5512
55.5512
55.5512
55.5512
55.5512
55.5512
55.5512
55.5512
55.5512
55.5512
55.5512
55.5512
55.5512
55.5512
55.5512
55.5512
55.5512
55.5512
55.5512
55.5512
55.5512
55.5512
55.5512
55.5512
55.5512
55.5512
55.5512
55.5512
55.5512
55.5512
55.5512
55.5512
55.5512
55.5512
55.5512
55.5512
55.5512
55.5512
55.5512
55.5512
55.5512
55.5512
55.5512
55.5512
55.5512
55.5512
55.5512
55.5512
55.5512
55.5512
55.5512
55.5512
55.5512
55.5512
55.5512
55.5512
55.5512
55.5512
55.5512
55.5512
55.5512
55.5512
55.5512
55.5512
55.5512
55.5512
55.5512
55.5512
55.5512
55.5512
55.5512
55.5512
55.5512
55.5512
55.5512
55.5512
55.5512
55.5512
55.5512
55.5512
55.5512
55.5512
55.5512
55.5512
55.5512
55.5512
55.5512
55.5512
55.5512
55.5512
55.5512
55.5512
55.5512
55.5512
55.5512
55.5512
55.5512
55.5512
55.5512
55.5512
55.5512
55.5512
55.5512
55.5512
55.5512
55.5512
55.5512
55.5512
55.5512
55.5512
55.5512
55.5512
55.5512
55.5512
55.5512
55.5512
55.5512
55.5512
55.5512
55.5512
55.5512
55.5512
55.5512
55.5512
55.5512
55.5512
55.5512
55.5512
55.5512
55.5512
55.5512
55.5512
55.5512
55.5512
55.5512
55.5512
55.5512
55.5512
55.5512
55.5512
55.5512
55.5512
55.5512
55.5512
55.5511
55.5511
55.551
55.5507
55.5504
55.5504
55.5504
55.5504
55.5504
55.5504
55.5504
55.5504
55.5504
55.5504
55.5504
55.5504
55.5504
55.5504
55.5504
55.5504
55.5504
55.5504
55.5504
55.5504
55.5504
55.5504
55.5504
55.5504
55.5504
55.5504
55.5504
55.5504
55.5504
55.5504
55.5504
55.5504
55.5504
55.5504
55.5504
55.5504
55.5504
55.5504
55.5504
55.5504
55.5504
55.5504
55.5504
55.5504
55.5504
55.5504
55.5504
55.5504
55.5504
55.5504
55.5504
55.5504
55.5504
55.5504
55.5504
55.5504
55.5504
55.5504
55.5504
55.5504
55.5504
55.5504
55.5504
55.5504
55.5504
55.5504
55.5504
55.5504
55.5504
55.5504
55.5504
55.5504
55.5504
55.5504
55.5504
55.5504
55.5504
55.5504
55.5504
55.5504
55.5504
55.5504
55.5504
55.5504
55.5504
55.5504
55.5504
55.5504
55.5504
55.5504
55.5504
55.5504
55.5504
55.5504
55.5504
55.5504
55.5504
55.5504
55.5504
55.5504
55.5504
55.5504
55.5504
55.5504
55.5504
55.5504
55.5504
55.5504
55.5504
55.5504
55.5504
55.5504
55.5504
55.5504
55.5504
55.5504
55.5504
55.5504
55.5504
55.5504
55.5504
55.5504
55.5504
55.5504
55.5504
55.5504
55.5504
55.5504
55.5504
55.5504
55.5504
55.5504
55.5504
55.5504
55.5504
55.5504
55.5504
55.5504
55.5504
55.5504
55.5504
55.5504
55.5504
55.5504
55.5504
55.5504
55.5504
55.5504
55.5504
55.5504
55.5504
55.5504
55.5504
55.5504
55.5504
55.5504
55.5504
55.5504
55.5504
55.5504
55.5504
55.5504
55.5504
55.5504
55.5504
55.5504
55.5504
55.5504
55.5504
55.5504
55.5504
55.5504
55.5504
55.5504
55.5504
55.5504
55.5504
55.5504
55.5504
55.5504
55.5504
55.5504
55.5504
55.5504
55.5504
55.5504
55.5504
55.5504
55.5504
55.5504
55.5504
55.5504
55.5504
55.5504
55.5504
55.5504
55.5504
55.5504
55.5504
55.5504
55.5504
55.5504
55.5504
55.5504
55.5504
55.5504
55.5504
55.5504
55.5504
55.5504
55.5504
55.5504
55.5504
55.5504
55.5504
55.5504
55.5504
55.5504
55.5504
55.5504
55.5504
55.5504
55.5504
55.5504
55.5504
55.5504
55.5504
55.5504
55.5504
55.5504
55.5504
55.5504
55.5504
55.5504
55.5504
55.5504
55.5504
55.5504
55.5504
55.5504
55.5504
55.5504
55.5504
55.5504
55.5504
55.5504
55.5504
55.5504
55.5504
55.5504
55.5504
55.5504
55.5504
55.5504
55.5504
55.5504
55.5504
55.5504
55.5504
55.5504
55.5504
55.5504
55.5504
55.5504
55.5504
55.5504
55.5504
55.5504
55.5504
55.5504
55.5504
55.5504
55.5504
55.5504
55.5504
55.5504
55.5504
55.5504
55.5504
55.5504
55.5504
55.5504
55.5504
55.5504
55.5504
55.5504
55.5504
55.5504
55.5504
55.5504
55.5504
55.5504
55.5504
55.5504
55.5504
55.5504
55.5504
55.5504
55.5504
55.5504
55.5504
55.5504
55.5504
55.5504
55.5504
55.5504
55.5504
55.5504
55.5504
55.5504
55.5504
55.5504
55.5504
55.5504
55.5504
55.5504
55.5504
55.5504
55.5504
55.5504
55.5504
55.5504
55.5504
55.5504
55.5504
55.5504
55.5504
55.5504
55.5504
55.5504
55.5504
55.5504
55.5504
55.5504
55.5504
55.5504
55.5504
55.5504
55.5504
55.5504
55.5504
55.5504
55.5504
55.5504
55.5504
55.5504
55.5504
55.5504
55.5504
55.5504
55.5504
55.5504
55.5504
55.5504
55.5504
55.5504
55.5504
55.5504
55.5504
55.5504
55.5504
55.5504
55.5504
55.5504
55.5504
55.5504
55.5504
55.5504
55.5504
55.5504
55.5504
55.5504
55.5504
55.5504
55.5504
55.5504
55.5504
55.5504
55.5504
55.5504
55.5504
55.5504
55.5504
55.5504
55.5504
55.5504
55.5504
55.5504
55.5504
55.5504
55.5504
55.5504
55.5504
55.5504
55.5504
55.5504
55.5504
55.5504
55.5504
55.5504
55.5504
55.5504
55.5504
55.5504
55.5504
55.5504
55.5504
55.5504
55.5504
55.5504
55.5504
55.5504
55.5504
55.5504
55.5504
55.5504
55.5504
55.5504
55.5504
55.5504
55.5504
55.5504
55.5504
55.5504
55.5504
55.5504
55.5504
55.5504
55.5504
55.5504
55.5504
55.5504
55.5504
55.5504
55.5504
55.5504
55.5504
55.5504
55.5504
55.5504
55.5504
55.5504
55.5504
55.5504
55.5504
55.5504
55.5504
55.5504
55.5504
55.5504
55.5504
55.5504
55.5504
55.5504
55.5504
55.5504
55.5504
55.5504
55.5504
55.5504
55.5504
55.5504
55.5504
55.5504
55.5504
55.5504
55.5504
55.5504
55.5504
55.5504
55.5504
55.5504
55.5504
55.5504
55.5504
55.5504
55.5504
55.5504
55.5504
55.5504
55.5504
55.5504
55.5504
55.5504
55.5504
55.5504
55.5504
55.5504
55.5504
55.5504
55.5504
55.5504
55.5504
55.5504
55.5504
55.5504
55.5504
55.5504
55.5504
55.5504
55.5504
55.5504
55.5504
55.5504
55.5504
55.5504
55.5504
55.5504
55.5504
55.5504
55.5504
55.5504
55.5504
55.5504
55.5504
55.5504
55.5504
55.5504
55.5504
55.5504
55.5504
55.5504
55.5504
55.5504
55.5504
55.5504
55.5504
55.5504
55.5504
55.5504
55.5504
55.5504
55.5504
55.5504
55.5504
55.5504
55.5504
55.5504
55.5504
55.5504
55.5504
55.5504
55.5504
55.5504
55.5504
55.5504
55.5504
55.5504
55.5504
55.5504
55.5504
55.5504
55.5504
55.5504
55.5504
55.5504
55.5504
55.5504
55.5504
55.5504
55.5504
55.5504
55.5504
55.5504
55.5504
55.5504
55.5504
55.5504
55.5504
55.5504
55.5504
55.5504
55.5504
55.5504
55.5504
55.5504
55.5504
55.5504
55.5504
55.5504
55.5504
55.5504
55.5504
55.5504
55.5504
55.5504
55.5504
55.5504
55.5504
55.5504
55.5504
55.5504
55.5504
55.5504
55.5504
55.5504
55.5504
55.5504
55.5504
55.5504
55.5504
55.5504
55.5504
55.5504
55.5504
55.5504
55.5504
55.5504
55.5504
55.5504
55.5504
55.5504
55.5504
55.5504
55.5504
55.5504
55.5504
55.5504
55.5504
55.5504
55.5504
55.5504
55.5504
55.5504
55.5504
55.5504
55.5504
55.5504
55.5504
55.5504
55.5504
55.5504
55.5504
55.5504
55.5504
55.5504
55.5504
55.5504
55.5504
55.5504
55.5504
55.5504
55.5504
55.5504
55.5504
55.5504
55.5504
55.5504
55.5504
55.5504
55.5504
55.5504
55.5504
55.5504
55.5504
55.5504
55.5504
55.5504
55.5504
55.5504
55.5504
55.5504
55.5504
55.5504
55.5504
55.5504
55.5504
55.5504
55.5504
55.5504
55.5504
55.5504
55.5504
55.5504
55.5504
55.5504
55.5504
55.5504
55.5504
55.5504
55.5504
55.5504
55.5504
55.5504
55.5504
55.5504
55.5504
55.5504
55.5504
55.5504
55.5504
55.5504
55.5504
55.5504
55.5504
55.5504
55.5504
55.5504
55.5504
55.5504
55.5504
55.5504
55.5504
55.5504
55.5504
55.5504
55.5504
55.5504
55.5504
55.5504
55.5504
55.5504
55.5504
55.5504
55.5504
55.5504
55.5504
55.5504
55.5504
55.5504
55.5504
55.5504
55.5504
55.5504
55.5504
55.5504
55.5504
55.5504
55.5504
55.5504
55.5504
55.5504
55.5504
55.5504
55.5504
55.5504
55.5504
55.5504
55.5504
55.5504
55.5504
55.5504
55.5504
55.5504
55.5504
55.5504
55.5504
55.5504
55.5504
55.5504
55.5504
55.5504
55.5504
55.5504
55.5504
55.5504
55.5504
55.5504
55.5504
55.5504
55.5504
55.5504
55.5504
55.5504
55.5504
55.5504
55.5504
55.5504
55.5504
55.5504
55.5504
55.5504
55.5504
55.5504
55.5504
55.5504
55.5504
55.5504
55.5504
55.5504
55.5504
55.5504
55.5504
55.5504
55.5504
55.5504
55.5504
55.5504
55.5504
55.5504
55.5504
55.5504
55.5504
55.5504
55.5504
55.5504
55.5504
55.5504
55.5504
55.5504
55.5504
55.5504
55.5504
55.5504
55.5504
55.5504
55.5504
55.5504
55.5504
55.5504
55.5504
55.5504
55.5504
55.5504
55.5504
55.5504
55.5504
55.5504
55.5504
55.5504
55.5504
55.5504
55.5504
55.5504
55.5504
55.5504
55.5504
55.5504
55.5504
55.5504
55.5504
55.5504
55.5504
55.5504
55.5504
55.5504
55.5504
55.5504
55.5504
55.5504
55.5504
55.5504
55.5504
55.5504
55.5504
55.5504
55.5504
55.5504
55.5504
55.5504
55.5504
55.5504
55.5504
55.5504
55.5504
55.5504
55.5504
55.5504
55.5504
55.5504
55.5504
55.5504
55.5504
55.5504
55.5504
55.5504
55.5504
55.5504
55.5504
55.5504
55.5504
55.5504
55.5504
55.5504
55.5504
55.5504
55.5504
55.5504
55.5504
55.5504
55.5504
55.5504
55.5504
55.5504
55.5504
55.5504
55.5504
55.5504
55.5504
55.5504
55.5504
55.5504
55.5504
55.5504
55.5504
55.5504
55.5504
55.5504
55.5504
55.5504
55.5504
55.5504
55.5504
55.5504
55.5504
55.5504
55.5504
55.5504
55.5504
55.5504
55.5504
55.5504
55.5504
55.5504
55.5504
55.5504
55.5504
55.5504
55.5504
55.5504
55.5504
55.5504
55.5504
55.5504
55.5504
55.5504
55.5504
55.5504
55.5504
55.5504
55.5504
55.5504
55.5504
55.5504
55.5504
55.5504
55.5504
55.5504
55.5504
55.5504
55.5504
55.5504
55.5504
55.5504
55.5504
55.5504
55.5504
55.5504
55.5504
55.5504
55.5504
55.5504
55.5504
55.5504
55.5504
55.5504
55.5504
55.5504
55.5504
55.5504
55.5504
55.5504
55.5504
55.5504
55.5504
55.5504
55.5504
55.5504
55.5504
55.5504
55.5504
55.5504
55.5504
55.5504
55.5504
55.5504
55.5504
55.5504
55.5504
55.5504
55.5504
55.5504
55.5504
55.5504
55.5504
55.5504
55.5504
55.5504
55.5504
55.5504
55.5504
55.5504
55.5504
55.5504
55.5504
55.5504
55.5504
55.5504
55.5504
55.5504
55.5504
55.5504
55.5504
55.5504
55.5504
55.5504
55.5504
55.5504
55.5504
55.5504
55.5504
55.5504
55.5504
55.5504
55.5504
55.5504
55.5504
55.5504
55.5504
55.5504
55.5504
55.5504
55.5504
55.5504
55.5504
55.5504
55.5504
55.5504
55.5504
55.5504
55.5504
55.5504
55.5504
55.5504
55.5504
55.5504
55.5504
55.5504
55.5504
55.5504
55.5504
55.5504
55.5504
55.5504
55.5504
55.5504
55.5504
55.5504
55.5504
55.5504
55.5504
55.5504
55.5504
55.5504
55.5504
55.5504
55.5504
55.5504
55.5504
55.5504
55.5504
55.5504
55.5504
55.5504
55.5504
55.5504
55.5504
55.5504
55.5504
55.5504
55.5504
55.5504
55.5504
55.5504
55.5504
55.5504
55.5504
55.5504
55.5504
55.5504
55.5504
55.5504
55.5504
55.5504
55.5504
55.5504
55.5504
55.5504
55.5504
55.5504
55.5504
55.5504
55.5504
55.5504
55.5504
55.5504
55.5504
55.5504
55.5504
55.5504
55.5504
55.5504
55.5504
55.5504
55.5504
55.5504
55.5504
55.5504
55.5504
55.5504
55.5504
55.5504
55.5504
55.5504
55.5504
55.5504
55.5504
55.5504
55.5504
55.5504
55.5504
55.5504
55.5504
55.5504
55.5504
55.5504
55.5504
55.5504
55.5504
55.5504
55.5504
55.5504
55.5504
55.5504
55.5504
55.5504
55.5504
55.5504
55.5504
55.5504
55.5504
55.5504
55.5504
55.5504
55.5504
55.5504
55.5504
55.5504
55.5504
55.5504
55.5504
55.5504
55.5504
55.5504
55.5504
55.5504
55.5504
55.5504
55.5504
55.5504
55.5504
55.5504
55.5504
55.5504
55.5504
55.5504
55.5504
55.5504
55.5504
55.5504
55.5504
55.5504
55.5504
55.5504
55.5504
55.5504
55.5504
55.5504
55.5504
55.5504
55.5504
55.5504
55.5504
55.5504
55.5504
55.5504
55.5504
55.5504
55.5504
55.5504
55.5504
55.5504
55.5504
55.5504
55.5504
55.5504
55.5504
55.5504
55.5504
55.5504
55.5504
55.5504
55.5504
55.5504
55.5504
55.5504
55.5504
55.5504
55.5504
55.5504
55.5504
55.5504
55.5504
55.5504
55.5504
55.5504
55.5504
55.5504
55.5504
55.5504
55.5504
55.5504
55.5504
55.5504
55.5504
55.5504
55.5504
55.5504
55.5504
55.5504
55.5504
55.5504
55.5504
55.5504
55.5504
55.5504
55.5504
55.5504
55.5504
55.5504
55.5504
55.5504
55.5504
55.5504
55.5504
55.5504
55.5504
55.5504
55.5504
55.5504
55.5504
55.5504
55.5504
55.5504
55.5504
55.5504
55.5504
55.5504
55.5504
55.5504
55.5504
55.5504
55.5504
55.5504
55.5504
55.5504
55.5504
55.5504
55.5504
55.5504
55.5504
55.5504
55.5504
55.5504
55.5504
55.5504
55.5504
55.5504
55.5504
55.5504
55.5504
55.5504
55.5504
55.5504
55.5504
55.5504
55.5504
55.5504
55.5504
55.5504
55.5504
56.2993
55.5504
55.5504
55.5504
55.5504
55.5504
55.5504
55.5504
55.5504
55.5504
55.5504
55.5504
55.5504
55.5504
55.5504
55.5504
55.5504
55.5504
55.5504
55.5504
55.5504
55.5504
55.5504
55.5504
55.5504
55.5504
55.5504
55.5504
55.5504
55.5504
55.5504
55.5504
55.5504
55.5504
55.5504
55.5504
55.5504
55.5504
55.5504
55.5504
55.5504
55.5504
55.5504
55.5504
55.5504
55.5504
55.5504
55.5504
55.5504
55.5504
55.5504
55.5504
55.5504
55.5504
55.5504
55.5504
55.5504
55.5504
55.5504
55.5504
55.5504
55.5504
55.5504
55.5504
55.5504
55.5504
55.5504
55.5504
55.5504
55.5504
55.5504
55.5504
55.5504
55.5504
55.5504
55.5504
55.5504
55.5504
55.5504
55.5504
55.5504
55.5504
55.5504
55.5504
55.5504
55.5504
55.5504
55.5504
55.5504
55.5504
55.5504
55.5504
55.5504
55.5504
55.5504
55.5504
55.5504
55.5504
55.5504
55.5504
55.5504
55.5504
55.5504
55.5504
55.5504
55.5504
55.5504
55.5504
55.5504
55.5504
55.5504
55.5504
55.5504
55.5504
55.5504
55.5504
55.5504
55.5504
55.5504
55.5504
55.5504
55.5504
55.5504
55.5504
55.5504
55.5504
55.5504
55.5504
55.5504
55.5504
55.5504
55.5504
55.5504
55.5504
55.5504
55.5504
55.5504
55.5504
55.5504
55.5504
55.5504
55.5504
55.5504
55.5504
55.5504
55.5504
55.5504
55.5504
55.5504
55.5504
55.5504
55.5504
55.5504
55.5504
55.5504
55.5504
55.5504
55.5504
55.5504
55.5504
55.5504
55.5504
55.5504
55.5504
55.5504
55.5504
55.5504
55.5504
55.5504
55.5504
55.5504
55.5504
55.5504
55.5504
55.5504
55.5504
55.5504
55.5504
55.5504
55.5504
55.5504
55.5504
55.5504
55.5504
55.5504
55.5504
55.5504
55.5504
55.5504
55.5504
55.5504
55.5504
55.5504
55.5504
55.5504
55.5504
55.5504
55.5504
55.5504
55.5504
55.5504
55.5504
55.5504
55.5504
55.5504
55.5504
55.5504
55.5504
55.5504
55.5504
55.5504
55.5504
55.5504
55.5504
55.5504
55.5504
55.5504
55.5504
55.5504
55.5504
55.5504
55.5504
55.5504
55.5504
55.5504
55.5504
55.5504
55.5504
55.5504
55.5504
55.5504
55.5504
55.5504
55.5504
55.5504
55.5504
55.5504
55.5504
55.5504
55.5504
55.5504
55.5504
55.5504
55.5504
55.5504
55.5504
55.5504
55.5504
55.5504
55.5504
55.5504
55.5504
55.5504
55.5504
55.5504
55.5504
55.5504
55.5504
55.5504
55.5504
55.5504
55.5504
55.5504
55.5504
55.5504
55.5504
55.5504
55.5504
55.5504
55.5504
55.5504
55.5504
55.5504
55.5504
55.5504
55.5504
55.5504
55.5504
55.5504
55.5504
55.5504
55.5504
55.5504
55.5504
55.5504
55.5504
55.5504
55.5504
55.5504
55.5504
55.5504
55.5504
55.5504
55.5504
55.5504
55.5504
55.5504
55.5504
55.5504
55.5504
55.5504
55.5504
55.5504
55.5504
55.5504
55.5504
55.5504
55.5504
55.5504
55.5504
55.5504
55.5504
55.5504
55.5504
55.5504
55.5504
55.5504
55.5504
55.5504
55.5504
55.5504
55.5504
55.5504
55.5504
55.5504
55.5504
55.5504
55.5504
55.5504
55.5504
55.5504
55.5504
55.5504
55.5504
55.5504
55.5504
55.5504
55.5504
55.5504
55.5504
55.5504
55.5504
55.5504
55.5504
55.5504
55.5504
55.5504
55.5504
55.5504
55.5504
55.5504
55.5504
55.5504
55.5504
55.5504
55.5504
55.5504
55.5504
55.5504
55.5504
55.5504
55.5504
55.5504
55.5504
55.5504
55.5504
55.5504
55.5504
55.5504
55.5504
55.5504
55.5504
55.5504
55.5504
55.5504
55.5504
55.5504
55.5504
55.5504
55.5504
55.5504
55.5504
55.5504
55.5504
55.5504
55.5504
55.5504
55.5504
55.5504
55.5504
55.5504
55.5504
55.5504
55.5504
55.5504
55.5504
55.5504
55.5504
55.5504
55.5504
55.5504
55.5504
55.5504
55.5504
55.5504
55.5504
55.5504
55.5504
55.5504
55.5504
55.5504
55.5504
55.5504
55.5504
55.5504
55.5504
55.5504
55.5504
55.5504
55.5504
55.5504
55.5504
55.5504
55.5504
55.5504
55.5504
55.5504
55.5504
55.5504
55.5504
55.5504
55.5504
55.5504
55.5504
55.5504
55.5504
55.5504
55.5504
55.5504
55.5504
55.5504
55.5504
55.5504
55.5504
55.5504
55.5504
55.5504
55.5504
55.5504
55.5504
55.5504
55.5504
55.5504
55.5504
55.5504
55.5504
55.5504
55.5504
55.5504
55.5504
55.5504
55.5504
55.5504
55.5504
55.5504
55.5504
55.5504
55.5504
55.5504
55.5504
55.5504
55.5504
55.5504
55.5504
55.5504
55.5504
55.5504
55.5504
55.5504
55.5504
55.5504
55.5504
55.5504
55.5504
55.5504
55.5504
55.5504
55.5504
55.5504
55.5504
55.5504
55.5504
55.5504
55.5504
55.5504
55.5504
55.5504
55.5504
55.5504
55.5504
55.5504
55.5504
55.5504
55.5504
55.5504
55.5504
55.5504
55.5504
55.5504
55.5504
55.5504
55.5504
55.5504
55.5504
55.5504
55.5504
55.5504
55.5504
55.5504
55.5504
55.5504
55.5504
55.5504
55.5504
55.5504
55.5504
55.5504
55.5504
55.5504
55.5504
55.5504
55.5504
55.5504
55.5504
55.5504
55.5504
55.5504
55.5504
55.5504
55.5504
55.5504
55.5504
55.5504
55.5504
55.5504
55.5504
55.5504
55.5504
55.5504
55.5504
55.5504
55.5504
55.5504
55.5504
55.5504
55.5504
55.5504
55.5504
55.5504
55.5504
55.5504
55.5504
55.5504
55.5504
55.5504
55.5504
55.5504
55.5504
55.5504
55.5504
55.5504
55.5504
55.5504
55.5504
55.5504
55.5504
55.5504
55.5504
55.5504
55.5504
55.5504
55.5504
55.5504
55.5504
55.5504
55.5504
55.5504
55.5504
55.5504
55.5504
55.5504
55.5504
55.5504
55.5504
55.5504
55.5504
55.5504
55.5504
55.5504
55.5504
55.5504
55.5504
55.5504
55.5504
55.5504
55.5504
55.5504
55.5504
55.5504
55.5504
55.5504
55.5504
55.5504
55.5504
55.5504
55.5504
55.5504
55.5504
55.5504
55.5504
55.5504
55.5504
55.5504
55.5504
55.5504
55.5504
55.5504
55.5504
55.5504
55.5504
55.5504
55.5504
55.5504
55.5504
55.5504
55.5504
55.5504
55.5504
55.5504
55.5504
55.5504
55.5504
55.5504
55.5504
55.5504
55.5504
55.5504
55.5504
55.5504
55.5504
55.5504
55.5504
55.5504
55.5504
55.5504
55.5504
55.5504
55.5504
55.5504
55.5504
55.5504
55.5504
55.5504
55.5504
55.5504
55.5504
55.5504
55.5504
55.5504
55.5504
55.5504
55.5504
55.5504
55.5504
55.5504
55.5504
55.5504
55.5504
55.5504
55.5504
55.5504
55.5504
55.5504
55.5504
55.5504
55.5504
55.5504
55.5504
55.5504
55.5504
55.5504
55.5504
55.5504
55.5504
55.5504
55.5504
55.5504
55.5504
55.5504
55.5504
55.5504
55.5504
55.5504
55.5504
55.5504
55.5504
55.5504
55.5504
55.5504
55.5504
55.5504
55.5504
55.5504
55.5504
55.5504
55.5504
55.5504
55.5504
55.5504
55.5504
55.5504
55.5504
55.5504
55.5504
55.5504
55.5504
55.5504
55.5504
55.5504
55.5504
55.5504
55.5504
55.5504
55.5504
55.5504
55.5504
55.5504
55.5504
55.5504
55.5504
55.5504
55.5504
55.5504
55.5504
55.5504
55.5504
55.5504
55.5504
55.5504
55.5504
55.5504
55.5504
55.5504
55.5504
55.5504
55.5504
55.5504
55.5504
55.5504
55.5504
55.5504
55.5504
55.5504
55.5504
55.5504
55.5504
55.5504
55.5504
55.5504
55.5504
55.5504
55.5504
55.5504
55.5504
55.5504
55.5504
55.5504
55.5504
55.5504
55.5504
55.5504
55.5504
55.5504
55.5504
55.5504
55.5504
55.5504
55.5504
55.5504
55.5504
55.5504
55.5504
55.5504
55.5504
55.5504
55.5504
55.5504
55.5504
55.5504
55.5504
55.5504
55.5504
55.5504
55.5504
55.5504
55.5504
55.5504
55.5504
55.5504
55.5504
55.5504
55.5504
55.5504
55.5504
55.5504
55.5504
55.5504
55.5504
55.5504
55.5504
55.5504
55.5504
55.5504
55.5504
55.5504
55.5504
55.5504
55.5504
55.5504
55.5504
55.5504
55.5504
55.5504
55.5504
55.5504
55.5504
55.5504
55.5504
55.5504
55.5504
55.5504
55.5504
55.5504
55.5504
55.5504
55.5504
55.5504
55.5504
55.5504
55.5504
55.5504
55.5504
55.5504
55.5504
55.5504
55.5504
55.5504
55.5504
55.5504
55.5504
55.5504
55.5504
55.5504
55.5504
55.5504
55.5504
55.5504
55.5504
55.5504
55.5504
55.5504
55.5504
55.5504
55.5504
55.5504
55.5504
55.5504
55.5504
55.5504
55.5504
55.5504
55.5504
55.5504
55.5504
55.5504
55.5504
55.5504
55.5504
55.5504
55.5504
55.5504
55.5504
55.5504
55.5504
55.5504
55.5504
55.5504
55.5504
55.5504
55.5504
55.5504
55.5504
55.5504
55.5504
55.5504
55.5504
55.5504
55.5504
55.5504
55.5504
55.5504
55.5504
55.5504
55.5504
55.5504
55.5504
55.5504
55.5504
55.5504
55.5504
55.5504
55.5504
55.5504
55.5504
55.5504
55.5504
55.5504
55.5504
55.5504
55.5504
55.5504
55.5504
55.5504
55.5504
55.5504
55.5504
55.5504
55.5504
55.5504
55.5504
55.5504
55.5504
55.5504
55.5504
55.5504
55.5504
55.5504
55.5504
55.5504
55.5504
55.5504
55.5504
55.5504
55.5504
55.5504
55.5504
55.5504
55.5504
55.5504
55.5504
55.5504
55.5504
55.5504
55.5504
55.5504
55.5504
55.5504
55.5504
55.5504
55.5504
55.5504
55.5504
55.5504
55.5504
55.5504
55.5504
55.5504
55.5504
55.5504
55.5504
55.5504
55.5504
55.5504
55.5504
55.5504
55.5504
55.5504
55.5504
55.5504
55.5504
55.5504
55.5504
55.5504
55.5504
55.5504
55.5504
55.5504
55.5504
55.5504
55.5504
55.5504
55.5504
55.5504
55.5504
55.5504
55.5504
55.5504
55.5504
55.5504
55.5504
55.5504
55.5504
55.5504
55.5504
55.5504
55.5504
55.5504
55.5504
55.5504
55.5504
55.5504
55.5504
55.5504
55.5504
55.5504
55.5504
55.5504
55.5504
55.5504
55.5504
55.5504
55.5504
55.5504
55.5504
55.5504
55.5504
55.5504
55.5504
55.5504
55.5504
55.5504
55.5504
55.5504
55.5504
55.5504
55.5504
55.5504
55.5504
55.5504
55.5504
55.5504
55.5504
55.5504
55.5504
55.5504
55.5504
55.5504
55.5504
55.5504
55.5504
55.5504
55.5504
55.5504
55.5504
55.5504
55.5504
55.5504
55.5504
55.5504
55.5504
55.5504
55.5504
55.5504
55.5504
55.5504
55.5504
55.5504
55.5504
55.5504
55.5504
55.5504
55.5504
55.5504
55.5504
55.5504
55.5504
55.5504
55.5504
55.5504
55.5504
55.5504
55.5504
55.5504
55.5504
55.5504
55.5504
55.5504
55.5504
55.5504
55.5504
55.5504
55.5504
55.5504
55.5504
55.5504
55.5504
55.5504
55.5504
55.5504
55.5504
55.5504
55.5504
55.5504
55.5504
55.5504
55.5504
55.5504
55.5504
55.5504
55.5504
55.5504
55.5504
55.5504
55.5504
55.5504
55.5504
55.5504
55.5504
55.5504
55.5504
55.5504
55.5504
55.5504
55.5504
55.5504
55.5504
55.5504
55.5504
55.5504
55.5504
55.5504
55.5504
55.5504
55.5504
55.5504
55.5504
55.5504
55.5504
55.5504
55.5504
55.5504
55.5504
55.5504
55.5504
55.5504
55.5504
55.5504
55.5504
55.5504
55.5504
55.5504
55.5504
55.5504
55.5504
55.5504
55.5504
55.5504
55.5504
55.5504
55.5504
55.5504
55.5504
55.5504
55.5504
55.5504
55.5504
55.5504
55.5504
55.5504
55.5504
55.5504
55.5504
55.5504
55.5504
55.5504
55.5504
55.5504
55.5504
55.5504
55.5504
55.5504
55.5504
55.5504
55.5504
55.5504
55.5504
55.5504
55.5504
55.5504
55.5504
55.5504
55.5504
55.5504
55.5504
55.5504
55.5504
55.5504
55.5504
55.5504
55.5504
55.5504
55.5504
