# best half averages
2591.67
2408.6
2310.12
2170.87
1999.1
1839.1
1772.04
1718.42
1662.68
1602
1480.37
1420.13
1369.92
1347.15
1315.97
1250.35
1162.91
1106.11
1086.46
1060.18
1042.85
1007.83
960.221
952.544
926.279
892.133
871.938
855.872
845.976
816.145
811.64
805.112
791.422
763.958
746.793
728.547
714.467
694.192
673.06
663.93
652.932
652.413
634.647
615.862
605.189
598.971
589.191
555.586
542.88
521.855
510.313
502.955
491.036
487.14
484.415
482.407
480.052
478.731
463.715
460.162
457.829
454.566
444.686
438.536
432.377
427.047
403.108
391.513
390.899
388.451
388.027
387.669
387.547
385.414
377.903
375.503
378.276
368.833
354.093
350.387
348.553
351.989
358.803
329.385
306.227
300.329
297.123
295.336
292.735
291.307
288.758
285.884
282.485
279.511
276.175
274.189
266.9
262.654
261.76
259.376
258.361
255.045
250.465
248.898
247.849
244.5
236.46
230.779
227.94
225.079
223.278
220.496
218.473
217.505
215.686
218.145
209.587
208.049
205.56
204.815
203.637
200.948
197.252
192.888
192.451
192.451
192.451
192.406
192.152
191.818
189.988
188.084
187.494
186.589
186.384
185.487
182.747
182.323
180.34
179.707
178.758
175.04
174.025
173.524
173.212
172.988
172.941
172.75
171.94
170.373
168.603
165.572
164.804
162.493
161.744
161.396
159.622
157.784
155.426
155.116
153.847
152.929
151.461
149.503
148.338
146.93
146.342
145.642
142.659
141.423
139.82
136.944
135.895
134.265
132.501
132.258
131.315
130.085
129.466
128.689
128.127
127.334
126.408
126.058
124.91
124.265
122.858
122.239
122.101
121.215
119.698
118.958
118
116.117
115.398
114.376
114.177
112.952
112.95
112.643
111.561
110.767
110.711
110.404
109.401
109.401
109.401
109.343
109.064
108.6
107.687
107.207
106.477
105.991
105.991
105.991
105.991
105.991
105.94
105.777
105.482
105.468
105.42
105.363
105.363
105.363
105.363
105.363
105.333
105.321
105.309
105.197
104.828
104.654
104.63
104.491
104.511
104.013
102.038
100.778
100.11
99.4551
98.6011
97.7063
97.6879
97.6879
97.6879
97.6879
97.6879
97.6458
97.5617
97.0968
96.987
96.987
96.987
96.987
96.987
97.1551
96.987
96.9559
99.7977
103.862
96.7831
104.011
99.8722
95.5158
95.2333
94.1089
93.9758
93.941
93.9054
93.8345
93.5504
93.5794
92.9957
92.0519
91.1876
89.7584
89.1957
88.5045
88.1104
87.9962
87.982
87.9263
87.6396
87.1428
86.3936
86.3923
86.3833
86.3618
86.3566
86.2049
86.0528
85.9892
85.9146
85.6313
85.5981
85.5889
85.5587
85.5277
85.5051
85.4488
85.2885
85.1299
84.9616
84.4794
84.3793
84.3793
84.3156
84.0658
83.1723
82.6973
82.4708
82.4479
82.4479
82.4479
82.4479
82.4479
82.4474
82.4029
82.1856
81.6265
81.4422
81.2429
80.6644
80.0748
79.2952
78.4757
78.3719
78.3719
78.3719
78.3719
78.3423
78.1998
78.0751
78.0751
78.0392
77.9636
77.7146
77.5776
77.5776
77.5776
77.5776
77.5687
77.5598
77.5332
77.4267
77.1336
77.1336
77.1336
77.1336
77.1336
77.1336
77.1204
77.0347
76.8171
76.804
76.8038
76.803
76.7983
76.7848
76.6736
76.3177
76.2399
76.2399
76.2399
76.2399
76.1045
75.7525
75.563
75.543
75.342
74.6553
74.0821
73.1403
73.1403
73.1403
73.1403
73.1403
73.127
73.061
72.7666
72.3973
72.304
72.3964
71.327
71.2676
71.2676
71.2676
71.2676
71.2676
71.2106
71.1252
70.6122
69.8428
69.8428
69.8428
69.8428
69.8428
69.8428
69.8355
69.8318
69.8053
69.8106
69.6495
69.6374
69.6374
69.634
69.634
69.6237
69.6135
69.5347
69.4662
69.4662
69.4662
69.4662
69.4662
69.4583
69.4108
69.2602
69.0359
68.9903
68.7965
68.5
68.5
68.4734
68.4734
68.4201
68.2334
67.6468
67.1669
67.1669
67.1669
67.1669
67.1669
67.1669
67.1669
67.1642
67.1589
67.1352
67.0691
67.0348
67.0348
67.0348
67.0348
67.0348
67.0348
67.0289
67.0259
67.0171
66.9817
66.8875
66.8875
66.8875
66.8875
66.8875
66.8875
66.8875
66.8629
66.7891
66.5185
66.2725
66.2725
66.2725
66.2725
66.2722
66.2251
66.0598
65.5885
65.0949
65.0949
65.0949
65.0949
65.0949
65.0898
65.0745
65.0157
64.9561
64.8564
64.6974
64.413
64.413
64.413
64.413
64.413
64.413
64.413
64.413
64.413
64.413
64.413
64.413
64.413
64.413
64.413
64.413
64.413
64.413
64.413
64.413
64.3628
64.2171
64.1618
64.1618
64.1618
64.1618
64.1618
63.9889
63.6679
62.927
62.927
62.927
62.927
62.927
62.9197
62.9077
62.8739
62.8064
62.8021
62.77
62.675
62.6342
62.6342
62.6342
62.6342
62.6342
62.6342
62.6313
62.6219
62.6048
62.6048
62.6048
62.6048
62.6048
62.6048
62.6048
62.6048
62.6026
62.5989
62.5821
62.5821
62.5821
62.5821
62.5821
62.5821
62.5821
62.5821
62.5821
62.5821
62.5821
62.5821
62.5821
62.5821
62.5821
62.5821
62.5821
62.5821
62.5821
62.5821
62.5821
62.5821
62.5821
62.5821
62.5821
62.5821
62.5821
62.5821
62.5821
62.5821
62.5821
62.5821
62.5821
62.5821
62.5631
62.5442
62.459
62.1277
62.1088
62.1088
62.1088
62.1088
62.1088
62.1088
62.1088
62.1088
62.1088
62.0896
62.0609
61.9078
61.6302
61.6302
61.6302
61.6302
61.6302
61.6302
61.6302
61.6302
61.6302
61.6302
61.6302
61.6302
61.6302
61.6302
61.6302
61.6302
61.6302
61.6302
61.6302
61.6302
61.6302
61.6302
61.6302
61.6302
61.6302
61.6302
61.6302
61.6302
61.6302
61.6302
61.6302
61.6302
61.6302
61.6302
61.6302
61.6302
61.6302
61.6302
61.6302
61.6302
61.6302
61.6302
61.6302
61.6302
61.6302
61.6302
61.6302
61.6302
61.6302
61.6302
61.6302
61.6298
61.5716
61.4137
61.2757
61.2757
61.2757
61.2757
61.2757
61.2757
61.2757
61.2757
61.2757
61.2757
61.2757
61.2757
61.2757
61.2757
61.2757
61.2757
61.2757
61.2757
61.2757
61.2757
61.2757
61.2757
61.2757
61.2757
61.2757
61.2757
61.2757
61.2757
61.2757
61.2757
61.2757
61.2757
61.2757
61.2757
61.2757
61.2757
61.2757
61.2757
61.2757
61.2419
61.149
61.0645
61.0645
61.0629
61.0582
61.0438
60.9714
60.9698
60.9397
60.8644
60.5483
60.2323
60.2323
60.232
60.2309
60.2282
60.2186
60.2186
60.2186
60.2186
60.2186
60.1713
60.0609
59.4618
59.4302
59.4302
59.4302
59.4302
59.4302
59.4302
59.4302
59.4302
59.4302
59.4302
59.4279
59.4185
59.3905
59.3717
59.3717
59.3717
59.3717
59.3717
59.3717
59.3717
59.3717
59.3717
59.3717
59.3717
59.3717
59.3717
59.3717
59.3717
59.3717
59.3717
59.3717
59.3717
59.3717
59.3717
59.3717
59.3717
59.3717
59.3717
59.3717
59.3717
59.3717
59.3717
59.3717
59.3717
59.3673
59.3497
59.2967
59.1952
59.1511
59.1511
59.1511
59.1511
59.1511
59.1511
59.1511
59.1511
59.1511
59.1511
59.1511
59.1511
59.1511
59.1511
59.1511
59.1511
59.1511
59.1511
59.1511
59.1511
59.1511
59.1511
59.1511
59.1511
59.1511
59.1511
59.1511
59.1511
59.1511
59.1511
59.1511
59.1511
59.1511
59.1511
59.1511
59.1511
59.1511
59.1511
59.1511
59.1511
59.1511
59.1511
59.1511
59.1511
59.1511
59.1511
59.1511
59.1511
59.1511
59.1511
59.1511
59.1511
59.1511
59.1511
59.1511
59.1511
59.1511
59.1511
59.1235
59.0591
58.9118
58.6909
58.6909
58.6909
58.6909
58.6909
58.6909
58.6909
58.6909
58.6909
58.6909
58.6909
58.6909
58.6909
58.6909
58.6909
58.6909
58.6909
58.6909
58.6909
58.6909
58.6909
58.6909
58.6909
58.6909
58.6909
58.6909
58.6909
58.6909
58.6909
58.6909
58.6909
58.6909
58.6909
58.6909
58.6909
58.6909
58.6909
58.6909
58.6909
58.6909
58.6909
58.6909
58.6909
58.6909
58.6909
58.6909
58.6909
58.6909
58.6909
58.6909
58.6909
58.6909
58.6909
58.6909
58.6909
58.6909
58.6909
58.6909
58.6909
58.6909
58.6909
58.6909
58.6909
58.6909
58.6909
58.6909
58.6909
58.6909
58.6909
58.6909
58.6909
58.6909
58.6909
58.6909
58.6909
58.6909
58.6909
58.6909
58.6909
58.6909
58.6909
58.6909
58.6909
58.6909
58.6909
58.6909
58.6909
58.6909
58.6909
58.6909
58.6909
58.6909
58.6909
58.6909
58.6909
58.6909
58.6909
58.6909
58.6909
58.6909
58.6909
58.6909
58.6909
58.6909
58.6873
58.6753
58.6476
58.6307
58.6307
58.6307
58.6307
58.6307
58.6307
58.6307
58.6307
58.6307
58.6307
58.6307
58.6307
58.6307
58.6307
58.6307
58.6307
58.6307
58.6307
58.6307
58.6307
58.6307
58.6307
58.6307
58.6307
58.6307
58.6307
58.6307
58.6307
58.6307
58.6307
58.6307
58.6307
58.6307
58.6307
58.6307
58.6307
58.6307
58.6307
58.6307
58.6307
58.6307
58.6307
58.6307
58.6307
58.6307
58.6307
58.6307
58.6307
58.6307
58.6307
58.6307
58.6307
58.6307
58.6307
58.6307
58.6307
58.6307
58.6307
58.6307
58.6307
58.6307
58.6307
58.6307
58.6307
58.6307
58.6307
58.6307
58.6307
58.6307
58.6307
58.6307
58.6307
58.6307
58.6307
58.6307
58.6307
58.6234
58.6112
58.6112
58.5819
58.5087
58.5052
58.4946
58.477
58.4135
58.3324
58.3324
58.3324
58.3324
58.3324
58.3324
58.3324
58.3324
58.3324
58.3324
58.3324
58.3324
58.3324
58.3324
58.3324
58.3324
58.3324
58.3324
58.3324
58.3324
58.3324
58.3324
58.3324
58.3324
58.3324
58.3324
58.3324
58.3324
58.3324
58.3324
58.3324
58.3324
58.3324
58.3324
58.3324
58.3324
58.3324
58.3324
58.3324
58.3324
58.3324
58.276
58.1408
57.7689
57.7689
57.7689
57.7689
57.7689
57.7689
57.7689
57.7689
57.7689
57.7689
57.7689
57.7689
57.7689
57.7689
57.7689
57.7689
57.7689
57.7689
57.7689
57.7689
57.7689
57.7689
57.7689
57.7689
57.7689
57.7689
57.7689
57.7689
57.7689
57.7689
57.7689
57.7689
57.7689
57.7689
57.7689
57.7689
57.7689
57.7689
57.7689
57.7689
57.7689
57.7689
57.7689
57.7689
57.7689
57.7689
57.7689
57.7689
57.7689
57.7689
57.7689
57.7689
57.7689
57.7689
57.7689
57.7689
57.7689
57.7689
57.771
57.7689
57.7689
57.7689
57.7689
57.7689
57.7689
57.7689
57.7689
57.7689
57.7689
57.7689
57.7689
57.7689
57.7689
57.7689
57.7689
57.7689
57.7689
57.7689
57.7689
57.7689
57.7689
57.7689
57.7689
57.7689
57.7689
57.7689
57.7689
57.7689
57.7689
57.7689
57.7689
57.7689
57.7689
57.7689
57.7689
57.7689
57.7689
57.7689
57.7689
57.7689
57.7689
57.7689
57.7689
57.7689
57.7689
57.7689
57.7689
57.7689
57.7689
57.7689
57.7689
57.7689
57.7689
57.7689
57.7689
57.7689
57.7689
57.7689
57.7689
57.7689
57.7689
57.7689
57.7689
57.7689
57.7689
57.7689
57.7689
57.7689
57.7689
57.7689
57.7689
57.7689
57.7689
57.7689
57.7689
57.7689
57.7689
57.7689
57.7689
57.7689
57.7689
57.7689
57.7689
57.7689
57.7689
57.7689
57.7689
57.7689
57.7689
57.7689
57.7689
57.7689
57.7689
57.7689
57.7689
57.7689
57.7689
57.7689
57.7689
57.7689
57.7689
57.7689
57.7689
57.7689
57.7689
57.7689
57.7689
57.7689
57.7689
57.7689
57.7689
57.7689
57.7689
57.7689
57.7689
57.7689
57.7689
57.7689
57.7689
57.7689
57.7689
57.7689
57.7689
57.7514
57.699
57.5707
57.4775
57.4775
57.4775
57.4775
57.4775
57.4775
57.4775
57.4775
57.4775
57.4775
57.4775
57.4775
57.4775
57.4775
57.4775
57.4775
57.4775
57.4775
57.4775
57.4775
57.4775
57.4775
57.4775
57.4775
57.4775
57.4775
57.4775
57.4775
57.4775
57.4775
57.4775
57.4775
57.4775
57.4775
57.4775
57.4775
57.4775
57.4775
57.4771
57.4762
57.475
57.4674
57.4565
57.4565
57.4565
57.4565
57.4565
57.4565
57.4565
57.4565
57.4565
57.4565
57.4565
57.4565
57.4565
57.4565
57.4565
57.4565
57.4565
57.4565
57.4565
57.4565
57.4565
57.4565
57.4565
57.4565
57.4565
57.4565
57.4565
57.4565
57.4565
57.4565
57.4565
57.4565
57.4565
57.4565
57.4565
57.448
57.3968
57.2431
57.0297
57.0297
57.0297
57.0297
57.0297
57.0297
57.0297
57.0297
57.0297
57.0297
57.0297
57.0297
57.0297
57.0297
57.0297
57.0297
57.0297
57.0297
57.0297
57.0297
57.0297
57.0297
57.0297
57.0297
57.0297
57.0297
57.0297
57.0297
57.0297
57.0297
57.0297
57.0297
57.0297
57.0297
57.0297
57.0297
57.0297
57.0297
57.0297
57.0297
57.0297
57.0297
57.0297
57.0297
57.0297
57.0297
57.0297
57.0297
57.0297
57.0297
57.0297
57.0297
57.0297
57.0297
57.0297
57.0297
57.0297
57.0297
57.0297
57.0297
57.0297
57.0297
57.0297
57.0297
57.0297
57.0297
57.0297
57.0297
57.0297
57.0297
57.0297
57.0297
57.0297
57.0297
57.0297
57.0297
57.0297
57.0297
57.0297
57.0297
57.0297
57.0297
57.0297
57.0297
57.0297
57.0297
57.0297
57.0297
57.0297
57.0297
57.0297
57.0297
57.0297
57.0297
57.0297
57.0297
57.0297
57.0297
57.0297
57.0297
57.0297
57.0297
57.0297
57.0297
57.0297
57.0297
57.0297
57.0297
57.0297
57.0297
57.0297
57.0297
57.0297
57.0297
57.0297
57.0297
57.0297
57.0297
57.0297
57.0297
57.0297
57.0297
57.0297
57.0297
57.0297
57.0297
57.0297
57.0297
57.0297
57.0297
57.0297
57.0297
57.0297
57.0297
57.0297
57.0297
57.0297
57.0297
57.0297
57.0297
57.0297
57.0297
57.0297
57.0297
57.0297
57.0297
57.0297
57.0297
57.0297
57.0297
57.0297
57.0297
57.0297
57.0297
57.0297
57.0297
57.0297
57.0297
57.0297
57.0297
57.0297
57.0297
57.0297
57.0297
57.0297
57.0297
57.0297
57.0297
57.0297
57.0297
57.0297
57.0297
57.0297
57.0297
57.0297
57.0297
57.0297
57.0297
57.0297
57.0297
57.0297
57.0297
57.0297
57.0297
57.0297
57.0297
57.0297
57.0297
57.0297
57.0297
57.0297
57.0297
57.0297
57.0297
57.0297
57.0297
57.0297
57.0297
57.0297
57.0297
57.0297
57.0297
57.0297
57.0297
57.0297
57.0297
57.0297
57.0297
57.0297
57.0297
57.0297
57.0297
57.0297
57.0297
57.0297
57.0297
57.0297
57.0297
57.0297
57.0297
57.0297
57.0297
57.0297
57.0297
57.0297
57.0297
57.0297
57.0297
57.0297
57.0297
57.0297
57.0297
57.0297
57.0297
57.0297
57.0297
57.0297
57.0297
57.0297
57.0297
57.0297
57.0297
57.0297
57.0297
57.0297
57.0297
57.0297
57.0297
57.0297
57.0297
57.0297
57.0297
57.0297
57.0297
57.0297
57.0297
57.0297
57.0297
57.0297
57.0297
57.0297
57.0297
57.0297
57.0297
57.0297
57.0297
57.0297
57.0297
57.0297
57.0297
57.0297
57.0297
57.0297
57.0297
57.0297
57.0297
57.0297
57.0297
57.0297
57.0297
57.0297
57.0297
57.0297
57.0297
57.0297
57.0297
57.0297
57.0297
57.0297
57.0297
57.0297
57.0297
57.0297
57.0297
57.0297
57.0297
57.0297
57.0297
57.0297
57.0297
57.0297
57.0297
57.0297
57.0297
57.0297
57.0297
57.0297
57.0297
57.0297
57.0297
57.0297
57.0297
57.0297
57.0297
57.0297
57.0297
57.0297
57.0297
57.0297
57.0297
57.0297
57.0297
57.0297
57.0297
57.0297
57.0297
57.0297
57.0297
57.0297
57.0297
57.0297
57.0297
57.0297
57.0297
57.0297
57.0297
57.0297
57.0297
57.0297
57.0297
57.0297
57.0297
57.0297
57.0297
57.0297
57.0297
57.0297
57.0297
57.0297
57.0297
57.0297
57.0297
57.0297
57.0297
57.0297
57.0297
57.0297
57.0297
57.0297
57.0297
57.0297
57.0297
57.0297
57.0297
57.0297
57.0297
57.0297
57.0297
57.0297
57.0297
57.0297
57.0297
57.0297
57.0297
57.0297
57.0297
57.0297
57.0297
57.0297
57.0297
57.0297
57.0297
57.0297
57.0297
57.0297
57.0297
57.0297
57.0297
57.0297
57.0297
57.0297
57.0297
57.0297
57.0297
57.0297
57.0297
57.0297
57.0297
57.0297
57.0297
57.0297
57.0297
57.0297
57.0297
57.0297
57.0297
57.0297
57.0297
57.0297
57.0297
57.0297
57.0297
57.0297
57.0297
57.0297
57.0297
57.0297
57.0297
57.0297
57.0297
57.0297
57.0297
57.0297
57.0297
57.0297
57.0297
57.0297
57.0297
57.0297
57.0297
57.0297
57.0297
57.0297
57.0297
57.0297
57.0297
57.0297
57.0297
57.0297
57.0297
57.0297
57.0297
57.0297
57.0297
57.0297
57.0297
57.0297
57.0297
57.0297
57.0297
57.0297
57.0297
57.0297
57.0297
57.0297
57.0297
57.0297
57.0297
57.0297
57.0297
57.0297
57.0297
57.0297
57.0297
57.0297
57.0297
57.0297
57.0297
57.0297
57.0297
57.0297
57.0297
57.0297
57.0297
57.0297
57.0297
57.0297
57.0297
57.0297
57.0297
57.0297
57.0297
57.0297
57.0297
57.0297
57.0297
57.0297
57.0297
57.0297
57.0297
57.0297
57.0297
57.0297
57.0297
57.0297
57.0297
57.0297
57.0297
57.0297
57.0297
57.0297
57.0297
57.0297
57.0297
57.0297
57.0297
57.0297
57.0297
57.0297
57.0297
57.0297
57.0297
57.0297
57.0297
57.0297
57.0297
57.0297
57.0297
57.0297
57.0297
57.0297
57.0297
57.0297
57.0297
57.0297
57.0297
57.0297
57.0297
57.0297
57.0297
57.0297
57.0297
57.0297
57.0297
57.0297
57.0297
57.0297
57.0297
57.0297
57.0297
57.0297
57.0297
57.0297
57.0297
57.0297
57.0297
57.0297
57.0297
57.0297
57.0297
57.0297
57.0297
57.0297
57.0297
57.0297
57.0297
57.0297
57.0297
57.0297
57.0297
57.0297
57.0297
57.0297
57.0297
57.0297
57.0297
57.0297
57.0297
57.0297
57.0297
57.0297
57.0297
57.0297
57.0297
57.0297
57.0297
57.0297
57.0297
57.0297
57.0297
57.0297
57.0297
57.0297
57.0297
57.0297
57.0297
57.0297
57.0297
57.0297
57.0297
57.0297
57.0297
57.0297
57.0297
57.0297
57.0297
57.0297
57.0297
57.0297
57.0297
57.0297
57.0297
57.0297
57.0297
57.0297
57.0297
57.0297
57.0297
57.0297
57.0297
57.0297
57.0297
57.0297
57.0297
57.0297
57.0297
57.0297
57.0297
57.0297
57.0297
57.0297
57.0297
57.0297
57.0297
57.0297
57.0297
57.0297
57.0297
57.0297
57.0297
57.0297
57.0297
57.0297
57.0297
57.0297
57.0297
57.0297
57.0297
57.0297
57.0297
57.0297
57.0297
57.0297
57.0297
57.0297
57.0297
57.0297
57.0297
57.0297
57.0297
57.0297
57.0297
57.0297
57.0297
57.0297
57.0297
57.0297
57.0297
57.0297
57.0297
57.0297
57.0297
57.0297
57.0297
57.0297
57.0297
57.0297
57.0297
57.0297
57.0297
57.0297
57.0297
57.0297
57.0297
57.0297
57.0297
57.0297
57.0297
57.0297
57.0297
57.0297
57.0297
57.0297
57.0297
57.0297
57.0297
57.0297
57.0297
57.0297
57.0297
57.0297
57.0297
57.0297
57.0297
57.0297
57.0297
57.0297
57.0297
57.0297
57.0297
57.0297
57.0297
57.0297
57.0297
57.0297
57.0297
57.0297
57.0297
57.0297
57.0297
57.0297
57.0297
57.0297
57.0297
57.0297
57.0297
57.0297
57.0297
57.0297
57.0297
57.0297
57.0297
57.0297
57.0297
57.0297
57.0297
57.0297
57.0297
57.0297
57.0297
57.0297
57.0297
57.0297
57.0297
57.0297
57.0297
57.0297
57.0297
57.0297
57.0297
57.0297
57.0297
57.0297
57.0297
57.0297
57.0297
57.0297
57.0297
57.0297
57.0297
57.0297
57.0297
57.0297
57.0297
57.0297
57.0297
57.0297
57.0297
57.0297
57.0297
57.0297
57.0297
57.0297
57.0297
57.0297
57.0297
57.0297
57.0297
57.0297
57.0297
57.0297
57.0297
57.0297
57.0297
57.0297
57.0297
57.0297
57.0297
57.0297
57.0297
57.0297
57.0297
57.0297
57.0297
57.0297
57.0297
57.0297
57.0297
57.0297
57.0297
57.0297
57.0297
57.0297
57.0297
57.0297
57.0297
57.0297
57.0297
57.0297
57.0297
57.0297
57.0297
57.0297
57.0297
57.0297
57.0297
57.0297
57.0297
57.0297
57.0297
57.0297
57.0297
57.0297
57.0297
57.0297
57.0297
57.0297
57.0297
57.0297
57.0297
57.0297
57.0297
57.0297
57.0297
57.0297
57.0297
57.0297
57.0297
57.0297
57.0297
57.0297
57.0297
57.0297
57.0297
57.0297
57.0297
57.0297
57.0297
57.0297
57.0297
57.0297
57.0297
57.0297
57.0297
57.0297
57.0297
57.0297
57.0297
57.0297
57.0297
57.0297
57.0297
57.0297
57.0297
57.0297
57.0297
57.0297
57.0297
57.0297
57.0297
57.0297
57.0297
57.0297
57.0297
57.0297
57.0297
57.0297
57.0297
57.0297
57.0297
57.0297
57.0297
57.0297
57.0297
57.0297
57.0297
57.0297
57.0297
57.0297
57.0297
57.0297
57.0297
57.0297
57.0297
57.0297
57.0297
57.0297
57.0297
57.0297
57.0297
57.0297
57.0297
57.0297
57.0297
57.0297
57.0297
57.0297
57.0297
57.0297
57.0297
57.0297
57.0297
57.0297
57.0297
57.0297
57.0297
57.0297
57.0297
57.0297
57.0297
57.0297
57.0297
57.0297
57.0297
57.0297
57.0297
57.0297
57.0297
57.0297
57.0297
57.0297
57.0297
57.0297
57.0297
57.0297
57.0297
57.0297
57.0297
57.0297
57.0297
57.0297
57.0297
57.0297
57.0297
57.0297
57.0297
57.0297
57.0297
57.0297
57.0297
57.0297
57.0297
57.0297
57.0297
57.0297
57.0297
57.0297
57.0297
57.0297
57.0297
57.0297
57.0297
57.0297
57.0297
57.0297
57.0297
57.0297
57.0297
57.0297
57.0297
57.0297
57.0297
57.0297
57.0297
57.0297
57.0297
57.0297
57.0297
57.0297
57.0297
57.0297
57.0297
57.0297
57.0297
57.0297
57.0297
57.0297
57.0297
57.0297
57.0297
57.0297
57.0297
57.0297
57.0297
57.0297
57.0297
57.0297
57.0297
57.0297
57.0297
57.0297
57.0297
57.0297
57.0297
57.0297
57.0297
57.0297
57.0297
57.0297
57.0297
57.0297
57.0297
57.0297
57.0297
57.0297
57.0297
57.0297
57.0297
57.0297
57.0297
57.0297
57.0297
57.0297
57.0297
57.0297
57.0297
57.0297
57.0297
57.0297
57.0297
57.0297
57.0297
57.0297
57.0297
57.0297
57.0297
57.0297
57.0297
57.0297
57.0297
57.0297
57.0297
57.0297
57.0297
57.0297
57.0297
57.0297
57.0297
57.0297
57.0297
57.0297
57.0297
57.0297
57.0297
57.0297
57.0297
57.0297
57.0297
57.0297
57.0297
57.0297
57.0297
57.0297
57.0297
57.0297
57.0297
57.0297
57.0297
57.0297
57.0297
57.0297
57.0297
57.0297
57.0297
57.0297
57.0297
57.0297
57.0297
57.0297
57.0297
57.0297
57.0297
57.0297
57.0297
57.0297
57.0297
57.0297
57.0297
57.0297
57.0297
57.0297
57.0297
57.0297
57.0297
57.0297
57.0297
57.0297
57.0297
57.0297
57.0297
57.0297
57.0297
57.0297
57.0297
57.0297
57.0297
57.0297
57.0297
57.0297
57.0297
57.0297
57.0297
57.0297
57.0297
57.0297
57.0297
57.0297
57.0297
57.0297
57.0297
57.0297
57.0297
57.0297
57.0297
57.0297
57.0297
57.0297
57.0297
57.0297
57.0297
57.0297
57.0297
57.0297
57.0297
57.0297
57.0297
57.0297
57.0297
57.0297
57.0297
57.0297
57.0297
57.0297
57.0297
57.0297
57.0297
57.0297
57.0297
57.0297
57.0297
57.0297
57.0297
57.0297
57.0297
57.0297
57.0297
57.0297
57.0297
57.0297
57.0297
57.0297
57.0297
57.0297
57.0297
57.0297
57.0297
57.0297
57.0297
57.0297
57.0297
57.0297
57.0297
57.0297
57.0297
57.0297
57.0297
57.0297
57.0297
57.0297
57.0297
57.0297
57.0297
57.0297
57.0297
57.0297
57.0297
57.0297
57.0297
57.0297
57.0297
57.0297
57.0297
57.0297
57.0297
57.0297
57.0297
57.0297
57.0297
57.0297
57.0297
57.0297
57.0297
57.0297
57.0297
57.0297
57.0297
57.0297
57.0297
57.0297
57.0297
57.0297
57.0297
57.0297
57.0297
57.0297
57.0297
57.0297
57.0297
57.0297
57.0297
57.0297
57.0297
57.0297
57.0297
57.0297
57.0297
57.0297
57.0297
57.0297
57.0297
57.0297
57.0297
57.0297
57.0297
57.0297
57.0297
57.0297
57.0297
57.0297
57.0297
57.0297
57.0297
57.0297
57.0297
57.0297
57.0297
57.0297
57.0297
57.0297
57.0297
57.0297
57.0297
57.0297
57.0297
57.0297
57.0297
57.0297
57.0297
57.0297
57.0297
57.0297
57.0297
57.0297
57.0297
57.0297
57.0297
57.0297
57.0297
57.0297
57.0297
57.0297
57.0297
57.0297
57.0297
57.0297
57.0297
57.0297
57.0297
57.0297
57.0297
57.0297
57.0297
57.0297
57.0297
57.0297
57.0297
57.0297
57.0297
57.0297
57.0297
57.0297
57.0297
57.0297
57.0297
57.0297
57.0297
57.0297
57.0297
57.0297
57.0297
57.0297
57.0297
57.0297
57.0297
57.0297
57.0297
57.0297
57.0297
57.0297
57.0297
57.0297
57.0297
57.0297
57.0297
57.0297
57.0297
57.0297
57.0297
57.0297
57.0297
57.0297
57.0297
57.0297
57.0297
57.0297
57.0297
57.0297
57.0297
57.0297
57.0297
57.0297
57.0297
57.0297
57.0297
57.0297
57.0297
57.0297
57.0297
57.0297
57.0297
57.0297
57.0297
57.0297
57.0297
57.0297
57.0297
57.0297
57.0297
57.0297
57.0297
57.0297
57.0297
57.0297
57.0297
57.0297
57.0297
57.0297
57.0297
57.0297
57.0297
57.0297
57.0297
57.0297
57.0297
57.0297
57.0297
57.0297
57.0297
57.0297
57.0297
57.0297
57.0297
57.0297
57.0297
57.0297
57.0297
57.0297
57.0297
57.0297
57.0297
57.0297
57.0297
57.0297
57.0297
57.0297
57.0297
57.0297
57.0297
57.0297
57.0297
57.0297
57.0297
57.0297
57.0297
57.0297
57.0297
57.0297
57.0297
57.0297
57.0297
57.0297
57.0297
57.0297
57.0297
57.0297
57.0297
57.0297
57.0297
57.0297
57.0297
57.0297
57.0297
57.0297
57.0297
57.0297
57.0297
57.0297
57.0297
57.0297
57.0297
57.0297
57.0297
57.0297
57.0297
57.0297
57.0297
57.0297
57.0297
57.0297
57.0297
57.0297
57.0297
57.0297
57.0297
57.0297
57.0297
57.0297
57.0297
57.0297
57.0297
57.0297
57.0297
57.0297
57.0297
57.0297
57.0297
57.0297
57.0297
57.0297
57.0297
57.0297
57.0297
57.0297
57.0297
57.0297
57.0297
57.0297
57.0297
57.0297
57.0297
57.0297
57.0297
57.0297
57.0297
57.0297
57.0297
57.0297
57.0297
57.0297
57.0297
57.0297
57.0297
57.0297
57.0297
57.0297
57.0297
57.0297
57.0297
57.0297
57.0297
57.0297
57.0297
57.0297
57.0297
57.0297
57.0297
57.0297
57.0297
57.0297
57.0297
57.0297
57.0297
57.0297
57.0297
57.0297
57.0297
57.0297
57.0297
57.0297
57.0297
57.0297
57.0297
57.0297
57.0297
57.0297
57.0297
57.0297
57.0297
57.0297
57.0297
57.0297
57.0297
57.0297
57.0297
57.0297
57.0297
57.0297
57.0297
57.0297
57.0297
57.0297
57.0297
57.0297
57.0297
57.0297
57.0297
57.0297
57.0297
57.0297
57.0297
57.0297
57.0297
57.0297
57.0297
57.0297
57.0297
57.0297
57.0297
57.0297
57.0297
57.0297
57.0297
57.0297
57.0297
57.0297
57.0297
57.0297
57.0297
57.0297
57.0297
57.0297
57.0297
57.0297
57.0297
57.0297
57.0297
57.0297
57.0297
57.0297
57.0297
57.0297
57.0297
57.0297
57.0297
57.0297
57.0297
57.0297
57.0297
57.0297
57.0297
57.0297
57.0297
57.0297
57.0297
57.0297
57.0297
57.0297
57.0297
57.0297
57.0297
57.0297
57.0297
57.0297
57.0297
57.0297
57.0297
57.0297
57.0297
57.0297
57.0297
57.0297
57.0297
57.0297
57.0297
57.0297
57.0297
57.0297
57.0297
57.0297
57.0297
57.0297
57.0297
57.0297
57.0297
57.0297
57.0297
57.0297
57.0297
57.0297
57.0297
57.0297
57.0297
57.0297
57.0297
57.0297
57.0297
57.0297
57.0297
57.0297
57.0297
57.0297
57.0297
57.0297
57.0297
57.0297
57.0297
57.0297
57.0297
57.0297
57.0297
57.0297
57.0297
57.0297
57.0297
57.0297
57.0297
57.0297
57.0297
57.0297
57.0297
57.0297
57.0297
57.0297
57.0297
57.0297
57.0297
57.0297
57.0297
57.0297
57.0297
57.0297
57.0297
57.0297
57.0297
57.0297
57.0297
57.0297
57.0297
57.0297
57.0297
57.0297
57.0297
57.0297
57.0297
57.0297
57.0297
57.0297
57.0297
57.0297
57.0297
57.0297
57.0297
57.0297
57.0297
57.0297
57.0297
57.0297
57.0297
57.0297
57.0297
57.0297
57.0297
57.0297
57.0297
57.0297
57.0297
57.0297
57.0297
57.0297
57.0297
57.0297
57.0297
57.0297
57.0297
57.0297
57.0297
57.0297
57.0297
57.0297
57.0297
57.0297
57.0297
57.0297
57.0297
57.0297
57.0297
57.0297
57.0297
57.0297
57.0297
57.0297
57.0297
57.0297
57.0297
57.0297
57.0297
57.0297
57.0297
57.0297
57.0297
57.0297
57.0297
57.0297
57.0297
57.0297
57.0297
57.0297
57.0297
57.0297
57.0297
57.0297
57.0297
57.0297
57.0297
57.0297
57.0297
57.0297
57.0297
57.0297
57.0297
57.0297
57.0297
57.0297
57.0297
57.0297
57.0297
57.0297
57.0297
57.0297
57.0297
57.0297
57.0297
57.0297
57.0297
57.0297
57.0297
57.0297
57.0297
57.0297
57.0297
57.0297
57.0297
57.0297
57.0297
57.0297
57.0297
57.0297
57.0297
57.0297
57.0297
57.0297
57.0297
57.0297
57.0297
57.0297
57.0297
57.0297
57.0297
57.0297
57.0297
57.0297
57.0297
57.0297
57.0297
57.0297
57.0297
57.0297
57.0297
57.0297
57.0297
57.0297
57.0297
57.0297
57.0297
57.0297
57.0297
57.0297
57.0297
57.0297
57.0297
57.0297
57.0297
57.0297
57.0297
57.0297
57.0297
57.0297
57.0297
57.0297
57.0297
57.0297
57.0297
57.0297
57.0297
57.0297
57.0297
57.0297
57.0297
57.0297
57.0297
57.0297
57.0297
57.0297
57.0297
57.0297
57.0297
57.0297
57.0297
57.0297
57.0297
57.0297
57.0297
57.0297
57.0297
57.0297
57.0297
57.0297
57.0297
57.0297
57.0297
57.0297
57.0297
57.0297
57.0297
57.0297
57.0297
57.0297
57.0297
57.0297
57.0297
57.0297
57.0297
57.0297
57.0297
57.0297
57.0297
57.0297
57.0297
57.0297
57.0297
57.0297
57.0297
57.0297
57.0297
57.0297
57.0297
57.0297
57.0297
57.0297
57.0297
57.0297
57.0297
57.0297
57.0297
57.0297
57.0297
57.0297
57.0297
57.0297
57.0297
57.0297
57.0297
57.0297
57.0297
57.0297
57.0297
57.0297
57.0297
57.0297
57.0297
57.0297
57.0297
57.0297
57.0297
57.0297
57.0297
57.0297
57.0297
57.0297
57.0297
57.0297
57.0297
57.0297
57.0297
57.0297
57.0297
57.0297
57.0297
57.0297
57.0297
57.0297
57.0297
57.0297
57.0297
57.0297
57.0297
57.0297
57.0297
57.0297
57.0297
57.0297
57.0297
57.0297
57.0297
57.0297
57.0297
57.0297
57.0297
57.0297
57.0297
57.0297
57.0297
57.0297
57.0297
57.0297
57.0297
57.0297
57.0297
57.0297
57.0297
57.0297
57.0297
57.0297
57.0297
57.0297
57.0297
57.0297
57.0297
57.0297
57.0297
57.0297
57.0297
57.0297
57.0297
57.0297
57.0297
57.0297
57.0297
57.0297
57.0297
57.0297
57.0297
57.0297
57.0297
57.0297
57.0297
57.0297
57.0297
57.0297
57.0297
57.0297
57.0297
57.0297
57.0297
57.0297
57.0297
57.0297
57.0297
57.0297
57.0297
57.0297
57.0297
57.0297
57.0297
57.0297
57.0297
57.0297
57.0297
57.0297
57.0297
57.0297
57.0297
57.0297
57.0297
57.0297
57.0297
57.0297
57.0297
57.0297
57.0297
57.0297
57.0297
57.0297
57.0297
57.0297
57.0297
57.0297
57.0297
57.0297
57.0297
57.0297
57.0297
57.0297
57.0297
57.0297
57.0297
57.0297
57.0297
57.0297
57.0297
57.0297
57.0297
57.0297
57.0297
57.0297
57.0297
57.0297
57.0297
57.0297
57.0297
57.0297
57.0297
57.0297
57.0297
57.0297
57.0297
57.0297
57.0297
57.0297
57.0297
57.0297
57.0297
57.0297
57.0297
57.0297
57.0297
57.0297
57.0297
57.0297
57.0297
57.0297
57.0297
57.0297
57.0297
57.0297
57.0297
57.0297
57.0297
57.0297
57.0297
57.0297
57.0297
57.0297
57.0297
57.0297
57.0297
57.0297
57.0297
57.0297
57.0297
57.0297
57.0297
57.0297
57.0297
57.0297
57.0297
57.0297
57.0297
57.0297
57.0297
57.0297
57.0297
57.0297
57.0297
57.0297
57.0297
57.0297
57.0297
57.0297
57.0297
57.0297
57.0297
57.0297
57.0297
57.0297
57.0297
57.0297
57.0297
57.0297
57.0297
57.0297
57.0297
57.0297
57.0297
57.0297
57.0297
57.0297
57.0297
57.0297
57.0297
57.0297
57.0297
57.0297
57.0297
57.0297
57.0297
57.0297
57.0297
57.0297
57.0297
57.0297
57.0297
57.0297
57.0297
57.0297
57.0297
57.0297
57.0297
57.0297
57.0297
57.0297
57.0297
57.0297
57.0297
57.0297
57.0297
57.0297
57.0297
57.0297
57.0297
57.0297
57.0297
57.0297
57.0297
57.0297
57.0297
57.0297
57.0297
57.0297
57.0297
57.0297
57.0297
57.0297
57.0297
57.0297
57.0297
57.0297
57.0297
57.0297
57.0297
57.0297
57.0297
57.0297
57.0297
57.0297
57.0297
57.0297
57.0297
57.0297
57.0297
57.0297
57.0297
57.0297
57.0297
57.0297
57.0297
57.0297
57.0297
57.0297
57.0297
57.0297
57.0297
57.0297
57.0297
57.0297
57.0297
57.0297
57.0297
57.0297
57.0297
57.0297
57.0297
57.0297
57.0297
57.0297
57.0297
57.0297
57.0297
57.0297
57.0297
57.0297
57.0297
57.0297
57.0297
57.0297
57.0297
57.0297
57.0297
57.0297
57.0297
57.0297
57.0297
57.0297
57.0297
57.0297
57.0297
57.0297
57.0297
57.0297
57.0297
57.0297
57.0297
57.0297
57.0297
57.0297
57.0297
57.0297
57.0297
57.0297
57.0297
57.0297
57.0297
57.0297
57.0297
57.0297
57.0297
57.0297
57.0297
57.0297
57.0297
57.0297
57.0297
57.0297
57.0297
57.0297
57.0297
57.0297
57.0297
57.0297
57.0297
57.0297
57.0297
57.0297
57.0297
57.0297
57.0297
57.0297
57.0297
57.0297
57.0297
57.0297
57.0297
57.0297
57.0297
57.0297
57.0297
57.0297
57.0297
57.0297
57.0297
57.0297
57.0297
57.0297
57.0297
57.0297
57.0297
57.0297
57.0297
57.0297
57.0297
57.0297
57.0297
57.0297
57.0297
57.0297
57.0297
57.0297
57.0297
57.0297
57.0297
57.0297
57.0297
57.0297
57.0297
57.0297
57.0297
57.0297
57.0297
57.0297
57.0297
57.0297
57.0297
57.0297
57.0297
57.0297
57.0297
57.0297
57.0297
57.0297
57.0297
57.0297
57.0297
57.0297
57.0297
57.0297
57.0297
57.0297
57.0297
57.0297
57.0297
57.0297
57.0297
57.0297
57.0297
57.0297
57.0297
57.0297
57.0297
57.0297
57.0297
57.0297
57.0297
57.0297
57.0297
57.0297
57.0297
57.0297
57.0297
57.0297
57.0297
57.0297
57.0297
57.0297
57.0297
57.0297
57.0297
57.0297
57.0297
57.0297
57.0297
57.0297
57.0297
57.0297
57.0297
57.0297
57.0297
57.0297
57.0297
57.0297
57.0297
57.0297
57.0297
57.0297
57.0297
57.0297
57.0297
57.0297
57.0297
57.0297
57.0297
57.0297
57.0297
57.0297
57.0297
57.0297
57.0297
57.0297
57.0297
57.0297
57.0297
57.0297
57.0297
57.0297
57.0297
57.0297
57.0297
57.0297
57.0297
57.0297
57.0297
57.0297
57.0297
57.0297
57.0297
57.0297
57.0297
57.0297
57.0297
57.0297
57.0297
57.0297
57.0297
57.0297
57.0297
57.0297
57.0297
57.0297
57.0297
57.0297
57.0297
57.0297
57.0297
57.0297
57.0297
57.0297
57.0297
57.0297
57.0297
57.0297
57.0297
57.0297
57.0297
57.0297
57.0297
57.0297
57.0297
57.0297
57.0297
57.0297
57.0297
57.0297
57.0297
57.0297
57.0297
57.0297
57.0297
57.0297
57.0297
57.0297
57.0297
57.0297
57.0297
57.0297
57.0297
57.0297
57.0297
57.0297
57.0297
57.0297
57.0297
57.0297
57.0297
57.0297
57.0297
57.0297
57.0297
57.0297
57.0297
57.0297
57.0297
57.0297
57.0297
57.0297
57.0297
57.0297
57.0297
57.0297
57.0297
57.0297
57.0297
57.0297
57.0297
57.0297
57.0297
57.0297
57.0297
57.0297
57.0297
57.0297
57.0297
57.0297
57.0297
57.0297
57.0297
57.0297
57.0297
57.0297
57.0297
57.0297
57.0297
57.0297
57.0297
57.0297
57.0297
57.0297
57.0297
57.0297
57.0297
57.0297
57.0297
57.0297
57.0297
57.0297
57.0297
57.0297
57.0297
57.0297
57.0297
57.0297
57.0297
57.0297
57.0297
57.0297
57.0297
57.0297
57.0297
57.0297
57.0297
57.0297
57.0297
57.0297
57.0297
57.0297
57.0297
57.0297
57.0297
57.0297
57.0297
57.0297
57.0297
57.0297
57.0297
57.0297
57.0297
57.0297
57.0297
57.0297
57.0297
57.0297
57.0297
57.0297
57.0297
57.0297
57.0297
57.0297
57.0297
57.0297
57.0297
57.0297
57.0297
57.0297
57.0297
57.0297
57.0297
57.0297
57.0297
57.0297
57.0297
57.0297
57.0297
57.0297
57.0297
57.0297
57.0297
57.0297
57.0297
57.0297
57.0297
57.0297
57.0297
57.0297
57.0297
57.0297
57.0297
57.0297
57.0297
57.0297
57.0228
57.0159
57.0021
56.9606
56.8015
56.684
56.684
56.684
56.684
56.684
56.684
56.684
56.684
56.684
56.684
56.684
56.684
56.684
56.684
56.684
56.684
56.684
56.684
56.684
56.684
56.684
56.684
56.684
56.684
56.684
56.684
56.684
56.684
56.684
56.684
56.684
56.684
56.684
56.684
56.684
56.684
56.684
56.684
56.684
56.684
56.684
56.684
56.684
56.684
56.684
56.684
56.684
56.684
56.684
56.684
56.684
56.684
56.684
56.684
56.684
56.684
56.684
56.684
56.684
56.684
56.684
56.684
56.684
56.684
56.684
56.684
56.684
56.684
56.684
56.684
56.684
56.684
56.684
56.684
56.684
56.684
56.684
56.684
56.684
56.684
56.684
56.684
56.684
56.684
56.684
56.684
56.684
56.684
56.684
56.684
56.684
56.684
56.684
56.684
56.684
56.684
56.684
56.684
56.684
56.684
56.684
56.684
56.684
56.684
56.684
56.684
56.684
56.684
56.684
56.684
56.684
56.684
56.684
56.684
56.684
56.684
56.684
56.684
56.684
56.684
56.684
56.684
56.684
56.684
56.684
56.684
56.684
56.684
56.684
56.684
56.684
56.684
56.684
56.684
56.684
56.684
56.684
56.684
56.684
56.684
56.684
56.684
56.684
56.684
56.684
56.684
56.684
56.684
56.684
56.684
56.684
56.684
56.684
56.684
56.684
56.684
56.684
56.684
56.684
56.684
56.684
56.684
56.684
56.684
56.684
56.684
56.684
56.684
56.684
56.684
56.684
56.684
56.684
56.684
56.684
56.684
56.684
56.684
56.684
56.684
56.684
56.684
56.684
56.684
56.684
56.684
56.684
56.684
56.684
56.684
56.684
56.684
56.684
56.684
56.684
56.684
56.684
56.684
56.684
56.684
56.684
56.684
56.684
56.684
56.684
56.684
56.684
56.684
56.684
56.684
56.684
56.684
56.684
56.684
56.684
56.684
56.684
56.684
56.684
56.684
56.684
56.684
56.684
56.684
56.684
56.684
56.684
56.684
56.684
56.684
56.684
56.684
56.684
56.684
56.684
56.684
56.684
56.684
56.684
56.684
56.684
56.684
56.684
56.684
56.684
56.684
56.684
56.684
56.684
56.684
56.684
56.684
56.684
56.684
56.684
56.684
56.684
56.684
56.684
56.684
56.684
56.684
56.684
56.684
56.684
56.684
56.684
56.684
56.684
56.684
56.684
56.684
56.684
56.684
56.684
56.684
56.684
56.684
56.684
56.684
56.684
56.684
56.684
56.684
56.684
56.684
56.684
56.684
56.684
56.684
56.684
56.684
56.684
56.684
56.684
56.684
56.684
56.684
56.684
56.684
56.684
56.684
56.684
56.684
56.684
56.684
56.684
56.684
56.684
56.684
56.684
56.684
56.684
56.684
56.684
56.684
56.684
56.684
56.684
56.684
56.684
56.684
56.684
56.684
56.684
56.684
56.684
56.684
56.684
56.684
56.684
56.684
56.684
56.684
56.684
56.684
56.684
56.684
56.684
56.684
56.684
56.684
56.684
56.684
56.684
56.684
56.684
56.684
56.684
56.684
56.684
56.684
56.684
56.684
56.684
56.684
56.684
56.684
56.684
56.684
56.684
56.684
56.684
56.684
56.684
56.684
56.684
56.684
56.684
56.684
56.684
56.684
56.684
56.684
56.684
56.684
56.684
56.684
56.684
56.684
56.684
56.684
56.684
56.684
56.684
57.2809
56.684
56.684
56.684
56.684
56.684
56.684
56.684
56.684
56.684
56.684
56.684
56.684
56.684
56.684
56.684
56.684
56.684
56.684
56.684
56.684
56.684
56.684
56.684
56.684
56.684
56.684
56.684
56.684
56.684
56.684
56.684
56.684
56.684
56.684
56.684
56.684
56.684
56.684
56.684
56.684
56.684
56.684
56.684
56.684
56.684
56.684
56.684
56.684
56.684
56.684
56.684
56.684
56.684
56.684
56.684
56.684
56.684
56.684
56.684
56.684
56.684
56.684
56.684
56.684
56.684
56.684
56.684
56.684
56.684
56.684
56.684
56.684
56.684
56.684
56.684
56.684
56.684
56.684
56.684
56.684
56.684
56.684
56.684
56.684
56.684
56.684
56.684
56.684
56.684
56.684
56.684
56.684
56.684
56.684
56.684
56.684
56.684
56.684
56.684
56.684
56.684
56.684
56.684
56.684
56.684
56.684
56.684
56.684
56.684
56.684
56.684
56.684
56.684
56.684
56.684
56.684
56.684
56.684
56.684
56.684
56.684
56.684
56.684
56.684
56.684
56.684
56.684
56.684
56.684
56.684
56.684
56.684
56.684
56.684
56.684
56.684
56.684
56.684
56.684
56.684
56.684
56.684
56.684
56.684
56.684
56.684
56.684
56.684
56.684
56.684
56.684
56.684
56.684
56.684
56.684
56.684
56.684
56.684
56.684
56.684
56.684
56.684
56.684
56.684
56.684
56.684
56.684
56.684
56.684
56.684
56.684
56.684
56.684
56.684
56.684
56.684
56.684
56.684
56.684
56.684
56.684
56.684
56.684
56.684
56.684
56.684
56.684
56.684
56.684
56.684
56.684
56.684
56.684
56.684
56.684
56.684
56.684
56.684
56.684
56.684
56.684
56.684
56.684
56.684
56.684
56.684
56.684
56.684
56.684
56.684
56.684
56.684
56.684
56.684
56.684
56.684
56.684
56.684
56.684
56.684
56.684
56.684
56.684
56.684
56.684
56.684
56.684
56.684
56.684
56.684
56.684
56.684
56.684
56.684
56.684
56.684
56.684
56.684
56.684
56.684
56.684
56.684
56.684
56.684
56.684
56.684
56.684
56.684
56.684
56.684
56.684
56.684
56.684
56.684
56.684
56.684
56.684
56.684
56.684
56.684
56.684
56.684
56.684
56.684
56.684
56.684
56.684
56.684
56.684
56.684
56.684
56.684
56.684
56.684
56.684
56.684
56.684
56.684
56.684
56.684
56.684
56.684
56.684
56.684
56.684
56.684
56.684
56.684
56.684
56.684
56.684
56.684
56.684
56.684
56.684
56.684
56.684
56.684
56.684
56.684
56.684
56.684
56.684
56.684
56.684
56.684
56.684
56.684
56.684
56.684
56.684
56.684
56.684
56.684
56.684
56.684
56.684
56.684
56.684
56.684
56.684
56.684
56.684
56.684
56.684
56.684
56.684
56.684
56.684
56.684
56.684
56.684
56.684
56.684
56.684
56.684
56.684
56.684
56.684
56.684
56.684
56.684
56.684
56.684
56.684
56.684
56.684
56.684
56.684
56.684
56.684
56.684
56.684
56.684
56.684
56.684
56.684
56.684
56.684
56.684
56.684
56.684
56.684
56.684
56.684
56.684
56.684
56.684
56.684
56.684
56.684
56.684
56.684
56.684
56.684
56.684
56.684
56.684
56.684
56.684
56.684
56.684
56.684
56.684
56.684
56.684
56.684
56.684
56.684
56.684
56.684
56.684
56.684
56.684
56.684
56.684
56.684
56.684
56.684
56.684
56.684
56.684
56.684
56.684
56.684
56.684
56.684
56.684
56.684
56.684
56.684
56.684
56.684
56.684
56.684
56.684
56.684
56.684
56.684
56.684
56.684
56.684
56.684
56.684
56.684
56.684
56.684
56.684
56.684
56.684
56.684
56.684
56.684
56.684
56.684
56.684
56.684
56.684
56.684
56.684
56.684
56.684
56.684
56.684
56.684
56.684
56.684
56.684
56.684
56.684
56.684
56.684
56.684
56.684
56.684
56.684
56.684
56.684
56.684
56.684
56.684
56.684
56.684
56.684
56.684
56.684
56.684
56.684
56.684
56.684
56.684
56.684
56.684
56.684
56.684
56.684
56.684
56.684
56.684
56.684
56.684
56.684
56.684
56.684
56.684
56.684
56.684
56.684
56.684
56.684
56.684
56.684
56.684
56.684
56.684
56.684
56.684
56.684
56.684
56.684
56.684
56.684
56.684
56.684
56.684
56.684
56.684
56.684
56.684
56.684
56.684
56.684
56.684
56.684
56.684
56.684
56.684
56.684
56.684
56.684
56.684
56.684
56.684
56.684
56.684
56.684
56.684
56.684
56.684
56.684
56.684
56.684
56.684
56.684
56.684
56.684
56.684
56.684
56.684
56.684
56.684
56.684
56.684
56.684
56.684
56.684
56.684
56.684
56.684
56.684
56.684
56.684
56.684
56.684
56.684
56.684
56.684
56.684
56.684
56.684
56.684
56.684
56.684
56.684
56.684
56.684
56.684
56.684
56.684
56.684
56.684
56.684
56.684
56.684
56.684
56.684
56.684
56.684
56.684
56.684
56.684
56.684
56.684
56.684
56.684
56.684
56.684
56.684
56.684
56.684
56.684
56.684
56.684
56.684
56.684
56.684
56.684
56.684
56.684
56.684
56.684
56.684
56.684
56.684
56.684
56.684
56.684
56.684
56.684
56.684
56.684
56.684
56.684
56.684
56.684
56.684
56.684
56.684
56.684
56.684
56.684
56.684
56.684
56.684
56.684
56.684
56.684
56.684
56.684
56.684
56.684
56.684
56.684
56.684
56.684
56.684
56.684
56.684
56.684
56.684
56.684
56.684
56.684
56.684
56.684
56.684
56.684
56.684
56.684
56.684
56.684
56.684
56.684
56.684
56.684
56.684
56.684
56.684
56.684
56.684
56.684
56.684
56.684
56.684
56.684
56.684
56.684
56.684
56.684
56.684
56.684
56.684
56.684
56.684
56.684
56.684
56.684
56.684
56.684
56.684
56.684
56.684
56.684
56.684
56.684
56.684
56.684
56.684
56.684
56.684
56.684
56.684
56.684
56.684
56.684
56.684
56.684
56.684
56.684
56.684
56.684
56.684
56.684
56.684
56.684
56.684
56.684
56.684
56.684
56.684
56.684
56.684
56.684
56.684
56.684
56.684
56.684
56.684
56.684
56.684
56.684
56.684
56.684
56.684
56.684
56.684
56.684
56.684
56.684
56.684
56.684
56.684
56.684
56.684
56.684
56.684
56.684
56.684
56.684
56.684
56.684
56.684
56.684
56.684
56.684
56.684
56.684
56.684
56.684
56.684
56.684
56.684
56.684
56.684
56.684
56.684
56.684
56.684
56.684
56.684
56.684
56.684
56.684
56.684
56.684
56.684
56.684
56.684
56.684
56.684
56.684
56.684
56.684
56.684
56.684
56.684
56.684
56.684
56.684
56.684
56.684
56.684
56.684
56.684
56.684
56.684
56.684
56.684
56.684
56.684
56.684
56.684
56.684
56.684
56.684
56.684
56.684
56.684
56.684
56.684
56.684
56.684
56.684
56.684
56.684
56.684
56.684
56.684
56.684
56.684
56.684
56.684
56.684
56.684
56.684
56.684
56.684
56.684
56.684
56.684
56.684
56.684
56.684
56.684
56.684
56.684
56.684
56.684
56.684
56.684
56.684
56.684
56.684
56.684
56.684
56.684
56.684
56.684
56.684
56.684
56.684
56.684
56.684
56.684
56.684
56.684
56.684
56.684
56.684
56.684
56.684
56.684
56.684
56.684
56.684
56.684
56.684
56.684
56.684
56.684
56.684
56.684
56.684
56.684
56.684
56.684
56.684
56.684
56.684
56.684
56.684
56.684
56.684
56.684
56.684
56.684
56.684
56.684
56.684
56.684
56.684
56.684
56.684
56.684
56.684
56.684
56.684
56.684
56.684
56.684
56.684
56.684
56.684
56.684
56.684
56.684
56.684
56.684
56.684
56.684
56.684
56.684
56.684
56.684
56.684
56.684
56.684
56.684
56.684
56.684
56.684
56.684
56.684
56.684
56.684
56.684
56.684
56.684
56.684
56.684
56.684
56.684
56.684
56.684
56.684
56.684
56.684
56.684
56.684
56.684
56.684
56.684
56.684
56.684
56.684
56.684
56.684
56.684
56.684
56.684
56.684
56.684
56.684
56.684
56.684
56.684
56.684
56.684
56.684
56.684
56.684
56.684
56.684
56.684
56.684
56.684
56.684
56.684
56.684
56.684
56.684
56.684
56.684
56.684
56.684
56.684
56.684
56.684
56.684
56.684
56.684
56.684
56.684
56.684
56.684
56.684
56.684
56.684
56.684
56.684
56.684
56.684
56.684
56.684
56.684
56.684
56.684
56.684
56.684
56.684
56.684
56.684
56.684
56.684
56.684
56.684
56.684
56.684
56.684
56.684
56.684
56.684
56.684
56.684
56.684
56.684
56.684
56.684
56.684
56.684
56.684
56.684
56.684
56.684
56.684
56.684
56.684
56.684
56.684
56.684
56.684
56.684
56.684
56.684
56.684
56.684
56.684
56.684
56.684
56.684
56.684
56.684
56.684
56.684
56.684
56.684
56.684
56.684
56.684
56.684
56.684
56.684
56.684
56.684
56.684
56.684
56.684
56.684
56.684
56.684
56.684
56.684
56.684
56.684
56.684
56.684
56.684
56.684
56.684
56.684
56.684
56.684
56.684
56.684
56.684
56.684
56.684
56.684
56.684
56.684
56.684
56.684
56.684
56.684
56.684
56.684
56.684
56.684
56.684
56.684
56.684
56.684
56.684
56.684
56.684
56.684
56.684
56.684
56.684
56.684
56.684
56.684
56.684
56.684
56.684
56.684
56.684
56.684
56.684
56.684
56.684
56.684
56.684
56.684
56.684
56.684
56.684
56.684
56.684
56.684
56.684
56.684
56.684
56.684
56.684
56.684
56.684
56.684
56.684
56.684
56.684
56.684
56.684
56.684
56.684
56.684
56.684
56.684
56.684
56.684
56.684
56.684
56.684
56.684
56.684
56.684
56.684
56.684
56.684
56.684
56.684
56.684
56.684
56.684
56.684
56.684
56.6683
56.6162
56.4235
56.4235
56.4235
56.4235
56.4235
56.4235
56.4235
56.4235
56.4235
56.4235
56.4235
56.4235
56.4235
56.4235
56.4235
56.4235
56.4235
56.4235
56.4235
56.4235
56.4235
56.4235
56.4235
56.4235
56.4235
56.4235
56.4235
56.4235
56.4235
56.4235
56.4235
56.4235
56.4235
56.4235
56.4235
56.4235
56.4235
56.4235
56.4235
56.4235
56.4235
56.4235
56.4235
56.4235
56.4235
56.4235
56.4235
56.4235
56.4235
56.4235
56.4235
56.4235
56.4235
56.4235
56.4235
56.4235
56.4235
56.4235
56.4235
56.4235
56.4235
56.4235
56.4235
56.4235
56.4235
56.4235
56.4235
56.4235
56.4235
56.4235
56.4235
56.4235
56.4235
56.4235
56.4235
56.4235
56.4235
56.4235
56.4235
56.4235
56.4235
56.4235
56.4235
56.4235
56.4235
56.4235
56.4235
56.4235
56.4235
56.4235
56.4235
56.4235
56.4235
56.4235
56.4235
56.4235
56.4235
56.4235
56.4235
56.4235
56.4235
56.4235
56.4235
56.4235
56.4235
56.4235
56.4235
56.4235
56.4235
56.4235
56.4235
56.4235
56.4235
56.4235
56.4235
56.4235
56.4235
56.4235
56.4235
56.4235
56.4235
56.4235
56.4235
56.4235
56.4235
56.4235
56.4235
56.4235
56.4235
56.4235
56.4235
56.4235
56.4235
56.4235
56.4235
56.4235
56.4235
56.4235
56.4235
56.4235
56.4235
56.4235
56.4235
56.4235
56.4235
56.4235
56.4235
56.4235
56.4235
56.4235
56.4235
56.4235
56.4235
56.4235
56.4235
56.4235
56.4235
56.4235
56.4235
56.4235
56.4235
56.4235
56.4235
56.4235
56.4235
56.4235
56.4235
56.4235
56.4235
56.4235
56.4235
56.4235
56.4235
56.4235
56.4235
56.4235
56.4235
56.4235
56.4235
56.4235
56.4235
56.4235
56.4235
56.4235
56.4235
56.4235
56.4235
56.4235
56.4235
56.4235
56.4235
56.4235
56.4235
56.4235
56.4235
56.4235
56.4235
56.4235
56.4235
56.4235
56.4235
56.4235
56.4235
56.4235
56.4235
56.4235
56.4235
56.4235
56.4235
56.4235
56.4235
56.4235
56.4235
56.4235
56.4235
56.4235
56.4235
56.4235
56.4235
56.4235
56.4235
56.4235
56.4235
56.4235
56.4235
56.4235
56.4235
56.4235
56.4235
56.4235
56.4235
56.4235
56.4235
56.4235
56.4235
56.4235
56.4235
56.4235
56.4235
56.4235
56.4235
56.4235
56.4235
56.4235
56.4235
56.4235
56.4235
56.4235
56.4235
56.4235
56.4235
56.4235
56.4235
56.4235
56.4235
56.4235
56.4235
56.4235
56.4235
56.4235
56.4235
56.4235
56.4235
56.4235
56.4235
56.4235
56.4235
56.4235
56.4235
56.4235
56.4235
56.4235
56.4235
56.4235
56.4235
56.4235
56.4235
56.4235
56.4235
56.4235
56.4235
56.4235
56.4235
56.4235
56.4235
56.4235
56.4235
56.4235
56.4235
56.4235
56.4235
56.4235
56.4235
56.4235
56.4235
56.4235
56.4235
56.4235
56.4235
56.4235
56.4235
56.4235
56.4235
56.4235
56.4235
56.4235
56.4235
56.4235
56.4235
56.4235
56.4235
56.4235
56.4235
56.4235
56.4235
56.4235
56.4235
56.4235
56.4235
56.4235
56.4235
56.4235
56.4235
56.4235
56.4235
56.4235
56.4235
56.4235
56.4235
56.4235
56.4235
56.4235
56.4235
56.4235
56.4235
56.4235
56.4235
56.4235
56.4235
56.4235
56.4235
56.4235
56.4235
56.4235
56.4235
56.4235
56.4235
56.4235
56.4235
56.4235
56.4235
56.4235
56.4235
56.4235
56.4235
56.4235
56.4235
56.4235
56.4235
56.4235
56.4235
56.4235
56.4235
56.4235
56.4235
56.4235
56.4235
56.4235
56.4235
56.4235
56.4235
56.4235
56.4235
56.4235
56.4235
56.4235
56.4235
56.4235
56.4235
56.4235
56.4235
56.4235
56.4235
56.4235
56.4235
56.4235
56.4235
56.4235
56.4235
56.4235
56.4235
56.4235
56.4235
56.4235
56.4235
56.4235
56.4235
56.4235
56.4235
56.4235
56.4235
56.4235
56.4235
56.4235
56.4235
56.4235
56.4235
56.4235
56.4235
56.4235
56.4235
56.4235
56.4235
56.4235
56.4235
56.4235
56.4235
56.4235
56.4235
56.4235
56.4235
56.4235
56.4235
56.4235
56.4235
56.4235
56.4235
56.4235
56.4235
56.4235
56.4235
56.4235
56.4235
56.4235
56.4235
56.4235
56.4235
56.4235
56.4235
56.4235
56.4235
56.4235
56.4235
56.4235
56.4235
56.4235
56.4235
56.4235
56.4235
56.4235
56.4235
56.4235
56.4235
56.4235
56.4235
56.4235
56.4235
56.4235
56.4235
56.4235
56.4235
56.4235
56.4235
56.4235
56.4235
56.4235
56.4235
56.4235
56.4235
56.4235
56.4235
56.4235
56.4235
56.4235
56.4235
56.4235
56.4235
56.4235
56.4235
56.4235
56.4235
56.4235
56.4235
56.4235
56.4235
56.4235
56.4235
56.4235
56.4235
56.4235
56.4235
56.4235
56.4235
56.4235
56.4235
56.4235
56.4235
56.4235
56.4235
56.4235
56.4235
56.4235
56.4235
56.4235
56.4235
56.4235
56.4235
56.4235
56.4235
56.4235
56.4235
56.4235
56.4235
56.4235
56.4235
56.4235
56.4235
56.4235
56.4235
56.4235
56.4235
56.4235
56.4235
56.4235
56.4235
56.4235
56.4235
56.4235
56.4235
56.4235
56.4235
56.4235
56.4235
56.4235
56.4235
56.4235
56.4235
56.4235
56.4235
56.4235
56.4235
56.4235
56.4235
56.4235
56.4235
56.4235
56.4235
56.4235
56.4235
56.4235
56.4235
56.4235
56.4235
56.4235
56.3887
56.3111
56.1959
55.807
55.7013
55.7013
55.7013
55.7013
55.7013
55.7013
55.7013
55.7013
55.7013
55.7013
55.7013
55.7013
55.7013
55.7013
55.7013
55.7013
55.7564
55.7013
55.7013
55.7013
55.7013
55.7013
55.7013
55.7013
55.7013
55.7013
55.7013
55.7013
55.7013
55.7013
55.7013
55.7013
55.7013
55.7013
55.7013
55.7013
55.7013
55.7013
55.7013
55.7013
55.7013
55.7013
55.7013
55.7013
55.7013
55.7013
55.7013
55.7013
55.7013
55.7013
55.7013
55.7013
55.7013
55.7013
55.7013
55.7013
55.7013
55.7013
55.7013
55.7013
55.6833
55.6413
55.6242
55.5512
55.5512
55.5512
55.5512
55.5512
55.5512
55.5512
55.5512
55.5512
55.5512
55.5512
55.5512
55.5512
55.5512
55.5512
55.5512
55.5512
55.5512
55.5512
55.5512
55.5512
55.5512
55.5512
55.5512
55.5512
55.5512
55.5512
55.5512
55.5512
55.5512
55.5512
55.5512
55.5512
55.5512
55.5512
55.5512
55.5512
55.5512
55.5512
55.5512
55.5512
55.5512
55.5512
55.5512
55.5512
55.5512
55.5512
55.5512
55.5512
55.5512
55.5512
55.5512
55.5512
55.5512
55.5512
55.5512
55.5512
55.5512
55.5512
55.5512
55.5512
55.5512
55.5512
55.5512
55.5512
55.5512
55.5512
55.5512
55.5512
55.5512
55.5512
55.5512
55.5512
55.5512
55.5512
55.5512
55.5512
55.5512
55.5512
55.5512
55.5512
55.5512
55.5512
55.5512
55.5512
55.5512
55.5512
55.5512
55.5512
55.5512
55.5512
55.5512
55.5512
55.5512
55.5512
55.5512
55.5512
55.5512
55.5512
55.5512
55.5512
55.5512
55.5512
55.5512
55.5512
55.5512
55.5512
55.5512
55.5512
55.5512
55.5512
55.5512
55.5512
55.5512
55.5512
55.5512
55.5512
55.5512
55.5512
55.5512
55.5512
55.5512
55.5512
55.5512
55.5512
55.5512
55.5512
55.5512
55.5512
55.5512
55.5512
55.5512
55.5512
55.5512
55.5512
55.5512
55.5512
55.5512
55.5512
55.5512
55.5512
55.5512
55.5512
55.5512
55.5512
55.5512
55.5512
55.5512
55.5512
55.5512
55.5512
55.5512
55.5512
55.5512
55.5512
55.5512
55.5512
55.5512
55.5512
55.5512
55.5512
55.5512
55.5512
55.5512
55.5512
55.5512
55.5512
55.5512
55.5512
55.5512
55.5512
55.5512
55.5512
55.5512
55.5512
55.5512
55.5512
55.5512
55.5512
55.5512
55.5512
55.5512
55.5512
55.5512
55.5512
55.5512
55.5512
55.5512
55.5512
55.5512
55.5512
55.5512
55.5512
55.5512
55.5512
55.5512
55.5512
55.5512
55.5512
55.5512
55.5512
55.5512
55.5512
55.5512
55.5512
55.5512
55.5512
55.5512
55.5512
55.5512
55.5512
55.5512
55.5512
55.5512
55.5512
55.5512
55.5512
55.5512
55.5512
55.5512
55.5512
55.5512
55.5512
55.5512
55.5512
55.5512
55.5512
55.5512
55.5512
55.5512
55.5512
55.5512
55.5512
55.5512
55.5512
55.5512
55.5512
55.5512
55.5512
55.5512
55.5512
55.5512
55.5512
55.5512
55.5512
55.5512
55.5512
55.5512
55.5512
55.5512
55.5512
55.5512
55.5512
55.5512
55.5512
55.5512
55.5512
55.5512
55.5512
55.5512
55.5512
55.5512
55.5512
55.6256
55.5512
55.5512
55.5512
55.5512
55.5512
55.5512
55.5512
55.5512
55.5512
55.5512
55.5512
55.5512
55.5512
55.5512
55.5512
55.5512
55.5512
55.5512
55.5512
55.5512
55.5512
55.5512
55.5512
55.5512
55.5512
55.5512
55.5512
55.5512
55.5512
55.5512
55.5512
55.5512
55.5512
55.5512
55.5512
55.5512
55.5512
55.5512
55.5512
55.5512
55.5512
55.5512
55.5512
55.5512
55.5512
55.5512
55.5512
55.5512
55.5512
55.5512
55.5512
55.5512
55.5512
55.5512
55.5512
55.5512
55.5512
55.5512
55.5512
55.5512
55.5512
55.5512
55.5512
55.5512
55.5512
55.5512
55.5512
55.5512
55.5512
55.5512
55.5512
55.5512
55.5512
55.5512
55.5512
55.5512
55.5512
55.5512
55.5512
55.5512
55.5512
55.5512
55.5512
55.5512
55.5512
55.5512
55.5512
55.5512
55.5512
55.5512
55.5512
55.5512
55.5512
55.5512
55.5512
55.5512
55.5512
55.5512
55.5512
55.5512
55.5512
55.5512
55.5512
55.5512
55.5512
55.5512
55.5512
55.5512
55.5512
55.5512
55.5512
55.5512
55.5512
55.5512
55.5512
55.5512
55.5512
55.5512
55.5512
55.5512
55.5512
55.5512
55.5512
55.5512
55.5512
55.5512
55.5512
55.5512
55.5512
55.5512
55.5512
55.5512
55.5512
55.5512
55.5512
55.5512
55.5512
55.5512
55.5512
55.5512
55.5512
55.5512
55.5512
55.5512
55.5512
55.5512
55.5512
55.5512
55.5512
55.5512
55.5512
55.5512
55.5512
55.5512
55.5512
55.5512
55.5512
55.5512
55.5512
55.5512
55.5512
55.5512
55.5512
55.5512
55.5512
55.5512
55.5512
55.5512
55.5512
55.5512
55.5512
55.5512
55.5512
55.5512
55.5512
55.5512
55.5512
55.5512
55.5512
55.5512
55.5512
55.5512
55.5512
55.5512
55.5512
55.5512
55.5512
55.5512
55.5512
55.5512
55.5512
55.5512
55.5512
55.5512
55.5512
55.5512
55.5512
55.5512
55.5512
55.5512
55.5512
55.5512
55.5512
55.5512
55.5512
55.5512
55.5512
55.5512
55.5512
55.5512
55.5512
55.5512
55.5512
55.5512
55.5512
55.5512
55.5512
55.5512
55.5512
55.5512
55.5512
55.5512
55.5512
55.5512
55.5512
55.5512
55.5512
55.5512
55.5512
55.5512
55.5512
55.5512
55.5512
55.5512
55.5512
55.5512
55.5512
55.5512
55.5512
55.5512
55.5512
55.5512
55.5512
55.5512
55.5512
55.5512
55.5512
55.5512
55.5512
55.5512
55.5512
55.5512
55.5512
55.5512
55.5512
55.5512
55.5512
55.5512
55.5512
55.5512
55.5512
55.5512
55.5512
55.5512
55.5512
55.5512
55.5512
55.5512
55.5512
55.5512
55.5512
55.5512
55.5512
55.5512
55.5512
55.5512
55.5512
55.5512
55.5512
55.5512
55.5512
55.5512
55.5512
55.5512
55.5512
55.5512
55.5512
55.5512
55.5512
55.5512
55.5512
55.5512
55.5512
55.5512
55.5512
55.5512
55.5512
55.5512
55.5512
55.5512
55.5512
55.5512
55.5512
55.5512
55.5512
55.5512
55.5512
55.5512
55.5512
55.5512
55.5512
55.5512
55.5512
55.5512
55.5512
55.5512
55.5512
55.5512
55.5512
55.5512
55.5512
55.5512
55.5512
55.5512
55.5512
55.5512
55.5512
55.5512
55.5512
55.5512
55.5512
55.5512
55.5512
55.5512
55.5512
55.5512
55.5512
55.5512
55.5512
55.5512
55.5512
55.5512
55.5512
55.5512
55.5512
55.5512
55.5512
55.5512
55.5512
55.5512
55.5512
55.5512
55.5512
55.5512
55.5512
55.5512
55.5512
55.5512
55.5512
55.5512
55.5512
55.5512
55.5512
55.5512
55.5512
55.5512
55.5512
55.5512
55.5512
55.5512
55.5512
55.5512
55.5512
55.5512
55.5512
55.5512
55.5512
55.5512
55.5512
55.5512
55.5512
55.5512
55.5512
55.5512
55.5512
55.5512
55.5512
55.5512
55.5512
55.5512
55.5512
55.5512
55.5512
55.5512
55.5512
55.5512
55.5512
55.5512
55.5512
55.5512
55.5512
55.5512
55.5512
55.5512
55.5512
55.5512
55.5512
55.5512
55.5512
55.5512
55.5512
55.5512
55.5512
55.5512
55.5512
55.5512
55.5512
55.5512
55.5512
55.5512
55.5512
55.5512
55.5512
55.5512
55.5512
55.5512
55.5512
55.5512
55.5512
55.5512
55.5512
55.5512
55.5512
55.5512
55.5512
55.5512
55.5512
55.5512
55.5512
55.5512
55.5512
55.5512
55.5512
55.5512
55.5512
55.5512
55.5512
55.5512
55.5512
55.5512
55.5512
55.5512
55.5512
55.5512
55.5512
55.5512
55.5512
55.5512
55.5512
55.5512
55.5512
55.5512
55.5512
55.5512
55.5512
55.5512
55.5512
55.5512
55.5512
55.5512
55.5512
55.5512
55.5512
55.5512
55.5512
55.5512
55.5512
55.5512
55.5512
55.5512
55.5512
55.5512
55.5512
55.5512
55.5512
55.5512
55.5512
55.5512
55.5512
55.5512
55.5512
55.5512
55.5512
55.5512
55.5512
55.5512
55.5512
55.5512
55.5512
55.5512
55.5512
55.5512
55.5512
55.5512
55.5512
55.5512
55.5512
55.5512
55.5512
55.5512
55.5512
55.5512
55.5512
55.5512
55.5512
55.5512
55.5512
55.5512
55.5512
55.5512
55.5512
55.5512
55.5512
55.5512
55.5512
55.5512
55.5512
55.5512
55.5512
55.5512
55.5512
55.5512
55.5512
55.5512
55.5512
55.5512
55.5512
55.5512
55.5512
55.5512
55.5512
55.5512
55.5512
55.5512
55.5512
55.5512
55.5512
55.5512
55.5512
55.5512
55.5512
55.5512
55.5512
55.5512
55.5512
55.5512
55.5512
55.5512
55.5512
55.5512
55.5512
55.5512
55.5512
55.5512
55.5512
55.5512
55.5512
55.5512
55.5512
55.5512
55.5512
55.5512
55.5512
55.5512
55.5512
55.5512
55.5512
55.5512
55.5512
55.5512
55.5512
55.5512
55.5512
55.5512
55.5512
55.5512
55.5512
55.5512
55.5512
55.5512
55.5512
55.5512
55.5512
55.5512
55.5512
55.5512
55.5512
55.5512
55.5512
55.5512
55.5512
55.5512
55.5512
55.5512
55.5512
55.5512
55.5512
55.5512
55.5512
55.5512
55.5512
55.5512
55.5512
55.5512
55.5512
55.5512
55.5512
55.5512
55.5512
55.5512
55.5512
55.5512
55.5512
55.5512
55.5512
55.5512
55.5512
55.5512
55.5512
55.5512
55.5512
55.5512
55.5512
55.5512
55.5512
55.5512
55.5512
55.5512
55.5512
55.5512
55.5512
55.5512
55.5512
55.5512
55.5512
55.5512
55.5512
55.5512
55.5512
55.5512
55.5512
55.5512
55.5512
55.5512
55.5512
55.5512
55.5512
55.5512
55.5512
55.5512
55.5512
55.5512
55.5512
55.5512
55.5512
55.5512
55.5512
55.5512
55.5512
55.5512
55.5512
55.5512
55.5512
55.5512
55.5512
55.5512
55.5512
55.5512
55.5512
55.5512
55.5512
55.5512
55.5512
55.5512
55.5512
55.5512
55.5512
55.5512
55.5512
55.5512
55.5512
55.5512
55.5512
55.5512
55.5512
55.5512
55.5512
55.5512
55.5512
55.5512
55.5512
55.5512
55.5512
55.5512
55.5512
55.5512
55.5512
55.5512
55.5512
55.5512
55.5512
55.5512
55.5512
55.5512
55.5512
55.5512
55.5512
55.5512
55.5512
55.5512
55.5512
55.5512
55.5512
55.5512
55.5512
55.5512
55.5512
55.5512
55.5512
55.5512
55.5512
55.5512
55.5512
55.5512
55.5512
55.5512
55.5512
55.5512
55.5512
55.5512
55.5512
55.5512
55.5512
55.5512
55.5512
55.5512
55.5512
55.5512
55.5512
55.5512
55.5512
55.5512
55.5512
55.5512
55.5512
55.5512
55.5512
55.5512
55.5512
55.5512
55.5512
55.5512
55.5512
55.5512
55.5512
55.5512
55.5512
55.5512
55.5512
55.5512
55.5512
55.5512
55.5512
55.5512
55.5512
55.5512
55.5512
55.5512
55.5512
55.5512
55.5512
55.5512
55.5512
55.5512
55.5512
55.5512
55.5512
55.5512
55.5512
55.5512
55.5512
55.5512
55.5512
55.5512
55.5512
55.5512
55.5512
55.5512
55.5512
55.5512
55.5512
55.5512
55.5512
55.5512
55.5512
55.5512
55.5512
55.5512
55.5512
55.5512
55.5512
55.5512
55.5512
55.5512
55.5512
55.5512
55.5512
55.5512
55.5512
55.5512
55.5512
55.5512
55.5512
55.5512
55.5512
55.5512
55.5512
55.5512
55.5512
55.5512
55.5512
55.5512
55.5512
55.5512
55.5512
55.5512
55.5512
55.5512
55.5512
55.5512
55.5512
55.5512
55.5512
55.5512
55.5512
55.5512
55.5512
55.5512
55.5512
55.5512
55.5512
55.5512
55.5512
55.5512
55.5512
55.5512
55.5512
55.5512
55.5512
55.5512
55.5512
55.5512
55.5512
55.5512
55.5512
55.5512
55.5512
55.5512
55.5512
55.5512
55.5512
55.5512
55.5512
55.5512
55.5512
55.5512
55.5512
55.5512
55.5512
55.5512
55.5512
55.5512
55.5512
55.5512
55.5512
55.5512
55.5512
55.5512
55.5512
55.5512
55.5512
55.5512
55.5512
55.5512
55.5512
55.5512
55.5512
55.5512
55.5512
55.5512
55.5512
55.5512
55.5512
55.5512
55.5512
55.5512
55.5512
55.5512
55.5512
55.5512
55.5512
55.5512
55.5512
55.5512
55.5512
55.5512
55.5512
55.5512
55.5512
55.5512
55.5512
55.5512
55.5512
55.5512
55.5512
55.5512
55.5512
55.5512
55.5512
55.5512
55.5512
55.5512
55.5512
55.5512
55.5512
55.5512
55.5512
55.5512
55.5512
55.5512
55.5512
55.5512
55.5512
55.5512
55.5512
55.5512
55.5512
55.5512
55.5512
55.5512
55.5512
55.5512
55.5512
55.5512
55.5512
55.5512
55.5512
55.5512
55.5512
55.5512
55.5512
55.5512
55.5512
55.5512
55.5512
55.5512
55.5512
55.5512
55.5512
55.5512
55.5512
55.5512
55.5512
55.5512
55.5512
55.5512
55.5512
55.5512
55.5512
55.5512
55.5512
55.5512
55.5512
55.5512
55.5512
55.5512
55.5512
55.5512
55.5512
55.5512
55.5512
55.5512
55.5512
55.5512
55.5512
55.5512
55.5512
55.5512
55.5512
55.5512
55.5512
55.5512
55.5512
55.5512
55.5512
55.5512
55.5512
55.5512
55.5512
55.5512
55.5512
55.5512
55.5512
55.5512
55.5512
55.5512
55.5512
55.5512
55.5512
55.5512
55.5512
55.5512
55.5512
55.5512
55.5512
55.5512
55.5512
55.5512
55.5512
55.5512
55.5512
55.5512
55.5512
55.5512
55.5512
55.5512
55.5512
55.5512
55.5512
55.5512
55.5512
55.5512
55.5512
55.5512
55.5512
55.5512
55.5512
55.5512
55.5512
55.5512
55.5512
55.5512
55.5512
55.5512
55.5512
55.5512
55.5512
55.5512
55.5512
55.5512
55.5512
55.5512
55.5512
55.5512
55.5512
55.5512
55.5512
55.5512
55.5512
55.5512
55.5512
55.5512
55.5512
55.5512
55.5512
55.5512
55.5512
55.5512
55.5512
55.5512
55.5512
55.5512
55.5512
55.5512
55.5512
55.5512
55.5512
55.5512
55.5512
55.5512
55.5512
55.5512
55.5512
55.5512
55.5512
55.5512
55.5512
55.5512
55.5512
55.5512
55.5512
55.5512
55.5512
55.5512
55.5512
55.5512
55.5512
55.5512
55.5512
55.5512
55.5512
55.5512
55.5512
55.5512
55.5512
55.5512
55.5512
55.5512
55.5512
55.5512
55.5512
55.5512
55.5512
55.5512
55.5512
55.5512
55.5512
55.5512
55.5512
55.5512
55.5512
55.5512
55.5512
55.5512
55.5512
55.5512
55.5512
55.5512
55.5512
55.5512
55.5512
55.5512
55.5512
55.5512
55.5512
55.5512
55.5512
55.5512
55.5512
55.5512
55.5512
55.5512
55.5512
55.5512
55.5512
55.5512
55.5512
55.5512
55.5512
55.5512
55.5512
55.5512
55.5512
55.5512
55.5512
55.5512
55.5512
55.5512
55.5512
55.5512
55.5512
55.5512
55.5512
55.5512
55.5512
55.5512
55.5512
55.5512
55.5512
55.5512
55.5512
55.5512
55.5512
55.5512
55.5512
55.5512
55.5512
55.5512
55.5512
55.5511
55.5508
55.5504
55.5504
55.5504
55.5504
55.5504
55.5504
55.5504
55.5504
55.5504
55.5504
55.5504
55.5504
55.5504
55.5504
55.5504
55.5504
55.5504
55.5504
55.5504
55.5504
55.5504
55.5504
55.5504
55.5504
55.5504
55.5504
55.5504
55.5504
55.5504
55.5504
55.5504
55.5504
55.5504
55.5504
55.5504
55.5504
55.5504
55.5504
55.5504
55.5504
55.5504
55.5504
55.5504
55.5504
55.5504
55.5504
55.5504
55.5504
55.5504
55.5504
55.5504
55.5504
55.5504
55.5504
55.5504
55.5504
55.5504
55.5504
55.5504
55.5504
55.5504
55.5504
55.5504
55.5504
55.5504
55.5504
55.5504
55.5504
55.5504
55.5504
55.5504
55.5504
55.5504
55.5504
55.5504
55.5504
55.5504
55.5504
55.5504
55.5504
55.5504
55.5504
55.5504
55.5504
55.5504
55.5504
55.5504
55.5504
55.5504
55.5504
55.5504
55.5504
55.5504
55.5504
55.5504
55.5504
55.5504
55.5504
55.5504
55.5504
55.5504
55.5504
55.5504
55.5504
55.5504
55.5504
55.5504
55.5504
55.5504
55.5504
55.5504
55.5504
55.5504
55.5504
55.5504
55.5504
55.5504
55.5504
55.5504
55.5504
55.5504
55.5504
55.5504
55.5504
55.5504
55.5504
55.5504
55.5504
55.5504
55.5504
55.5504
55.5504
55.5504
55.5504
55.5504
55.5504
55.5504
55.5504
55.5504
55.5504
55.5504
55.5504
55.5504
55.5504
55.5504
55.5504
55.5504
55.5504
55.5504
55.5504
55.5504
55.5504
55.5504
55.5504
55.5504
55.5504
55.5504
55.5504
55.5504
55.5504
55.5504
55.5504
55.5504
55.5504
55.5504
55.5504
55.5504
55.5504
55.5504
55.5504
55.5504
55.5504
55.5504
55.5504
55.5504
55.5504
55.5504
55.5504
55.5504
55.5504
55.5504
55.5504
55.5504
55.5504
55.5504
55.5504
55.5504
55.5504
55.5504
55.5504
55.5504
55.5504
55.5504
55.5504
55.5504
55.5504
55.5504
55.5504
55.5504
55.5504
55.5504
55.5504
55.5504
55.5504
55.5504
55.5504
55.5504
55.5504
55.5504
55.5504
55.5504
55.5504
55.5504
55.5504
55.5504
55.5504
55.5504
55.5504
55.5504
55.5504
55.5504
55.5504
55.5504
55.5504
55.5504
55.5504
55.5504
55.5504
55.5504
55.5504
55.5504
55.5504
55.5504
55.5504
55.5504
55.5504
55.5504
55.5504
55.5504
55.5504
55.5504
55.5504
55.5504
55.5504
55.5504
55.5504
55.5504
55.5504
55.5504
55.5504
55.5504
55.5504
55.5504
55.5504
55.5504
55.5504
55.5504
55.5504
55.5504
55.5504
55.5504
55.5504
55.5504
55.5504
55.5504
55.5504
55.5504
55.5504
55.5504
55.5504
55.5504
55.5504
55.5504
55.5504
55.5504
55.5504
55.5504
55.5504
55.5504
55.5504
55.5504
55.5504
55.5504
55.5504
55.5504
55.5504
55.5504
55.5504
55.5504
55.5504
55.5504
55.5504
55.5504
55.5504
55.5504
55.5504
55.5504
55.5504
55.5504
55.5504
55.5504
55.5504
55.5504
55.5504
55.5504
55.5504
55.5504
55.5504
55.5504
55.5504
55.5504
55.5504
55.5504
55.5504
55.5504
55.5504
55.5504
55.5504
55.5504
55.5504
55.5504
55.5504
55.5504
55.5504
55.5504
55.5504
55.5504
55.5504
55.5504
55.5504
55.5504
55.5504
55.5504
55.5504
55.5504
55.5504
55.5504
55.5504
55.5504
55.5504
55.5504
55.5504
55.5504
55.5504
55.5504
55.5504
55.5504
55.5504
55.5504
55.5504
55.5504
55.5504
55.5504
55.5504
55.5504
55.5504
55.5504
55.5504
55.5504
55.5504
55.5504
55.5504
55.5504
55.5504
55.5504
55.5504
55.5504
55.5504
55.5504
55.5504
55.5504
55.5504
55.5504
55.5504
55.5504
55.5504
55.5504
55.5504
55.5504
55.5504
55.5504
55.5504
55.5504
55.5504
55.5504
55.5504
55.5504
55.5504
55.5504
55.5504
55.5504
55.5504
55.5504
55.5504
55.5504
55.5504
55.5504
55.5504
55.5504
55.5504
55.5504
55.5504
55.5504
55.5504
55.5504
55.5504
55.5504
55.5504
55.5504
55.5504
55.5504
55.5504
55.5504
55.5504
55.5504
55.5504
55.5504
55.5504
55.5504
55.5504
55.5504
55.5504
55.5504
55.5504
55.5504
55.5504
55.5504
55.5504
55.5504
55.5504
55.5504
55.5504
55.5504
55.5504
55.5504
55.5504
55.5504
55.5504
55.5504
55.5504
55.5504
55.5504
55.5504
55.5504
55.5504
55.5504
55.5504
55.5504
55.5504
55.5504
55.5504
55.5504
55.5504
55.5504
55.5504
55.5504
55.5504
55.5504
55.5504
55.5504
55.5504
55.5504
55.5504
55.5504
55.5504
55.5504
55.5504
55.5504
55.5504
55.5504
55.5504
55.5504
55.5504
55.5504
55.5504
55.5504
55.5504
55.5504
55.5504
55.5504
55.5504
55.5504
55.5504
55.5504
55.5504
55.5504
55.5504
55.5504
55.5504
55.5504
55.5504
55.5504
55.5504
55.5504
55.5504
55.5504
55.5504
55.5504
55.5504
55.5504
55.5504
55.5504
55.5504
55.5504
55.5504
55.5504
55.5504
55.5504
55.5504
55.5504
55.5504
55.5504
55.5504
55.5504
55.5504
55.5504
55.5504
55.5504
55.5504
55.5504
55.5504
55.5504
55.5504
55.5504
55.5504
55.5504
55.5504
55.5504
55.5504
55.5504
55.5504
55.5504
55.5504
55.5504
55.5504
55.5504
55.5504
55.5504
55.5504
55.5504
55.5504
55.5504
55.5504
55.5504
55.5504
55.5504
55.5504
55.5504
55.5504
55.5504
55.5504
55.5504
55.5504
55.5504
55.5504
55.5504
55.5504
55.5504
55.5504
55.5504
55.5504
55.5504
55.5504
55.5504
55.5504
55.5504
55.5504
55.5504
55.5504
55.5504
55.5504
55.5504
55.5504
55.5504
55.5504
55.5504
55.5504
55.5504
55.5504
55.5504
55.5504
55.5504
55.5504
55.5504
55.5504
55.5504
55.5504
55.5504
55.5504
55.5504
55.5504
55.5504
55.5504
55.5504
55.5504
55.5504
55.5504
55.5504
55.5504
55.5504
55.5504
55.5504
55.5504
55.5504
55.5504
55.5504
55.5504
55.5504
55.5504
55.5504
55.5504
55.5504
55.5504
55.5504
55.5504
55.5504
55.5504
55.5504
55.5504
55.5504
55.5504
55.5504
55.5504
55.5504
55.5504
55.5504
55.5504
55.5504
55.5504
55.5504
55.5504
55.5504
55.5504
55.5504
55.5504
55.5504
55.5504
55.5504
55.5504
55.5504
55.5504
55.5504
55.5504
55.5504
55.5504
55.5504
55.5504
55.5504
55.5504
55.5504
55.5504
55.5504
55.5504
55.5504
55.5504
55.5504
55.5504
55.5504
55.5504
55.5504
55.5504
55.5504
55.5504
55.5504
55.5504
55.5504
55.5504
55.5504
55.5504
55.5504
55.5504
55.5504
55.5504
55.5504
55.5504
55.5504
55.5504
55.5504
55.5504
55.5504
55.5504
55.5504
55.5504
55.5504
55.5504
55.5504
55.5504
55.5504
55.5504
55.5504
55.5504
55.5504
55.5504
55.5504
55.5504
55.5504
55.5504
55.5504
55.5504
55.5504
55.5504
55.5504
55.5504
55.5504
55.5504
55.5504
55.5504
55.5504
55.5504
55.5504
55.5504
55.5504
55.5504
55.5504
55.5504
55.5504
55.5504
55.5504
55.5504
55.5504
55.5504
55.5504
55.5504
55.5504
55.5504
55.5504
55.5504
55.5504
55.5504
55.5504
55.5504
55.5504
55.5504
55.5504
55.5504
55.5504
55.5504
55.5504
55.5504
55.5504
55.5504
55.5504
55.5504
55.5504
55.5504
55.5504
55.5504
55.5504
55.5504
55.5504
55.5504
55.5504
55.5504
55.5504
55.5504
55.5504
55.5504
55.5504
55.5504
55.5504
55.5504
55.5504
55.5504
55.5504
55.5504
55.5504
55.5504
55.5504
55.5504
55.5504
55.5504
55.5504
55.5504
55.5504
55.5504
55.5504
55.5504
55.5504
55.5504
55.5504
55.5504
55.5504
55.5504
55.5504
55.5504
55.5504
55.5504
55.5504
55.5504
55.5504
55.5504
55.5504
55.5504
55.5504
55.5504
55.5504
55.5504
55.5504
55.5504
55.5504
55.5504
55.5504
55.5504
55.5504
55.5504
55.5504
55.5504
55.5504
55.5504
55.5504
55.5504
55.5504
55.5504
55.5504
55.5504
55.5504
55.5504
55.5504
55.5504
55.5504
55.5504
55.5504
55.5504
55.5504
55.5504
55.5504
55.5504
55.5504
55.5504
55.5504
55.5504
55.5504
55.5504
55.5504
55.5504
55.5504
55.5504
55.5504
55.5504
55.5504
55.5504
55.5504
55.5504
55.5504
55.5504
55.5504
55.5504
55.5504
55.5504
55.5504
55.5504
55.5504
55.5504
55.5504
55.5504
55.5504
55.5504
55.5504
55.5504
55.5504
55.5504
55.5504
55.5504
55.5504
55.5504
55.5504
55.5504
55.5504
55.5504
55.5504
55.5504
55.5504
55.5504
55.5504
55.5504
55.5504
55.5504
55.5504
55.5504
55.5504
55.5504
55.5504
55.5504
55.5504
55.5504
55.5504
55.5504
55.5504
55.5504
55.5504
55.5504
55.5504
55.5504
55.5504
55.5504
55.5504
55.5504
55.5504
55.5504
55.5504
55.5504
55.5504
55.5504
55.5504
55.5504
55.5504
55.5504
55.5504
55.5504
55.5504
55.5504
55.5504
55.5504
55.5504
55.5504
55.5504
55.5504
55.5504
55.5504
55.5504
55.5504
55.5504
55.5504
55.5504
55.5504
55.5504
55.5504
55.5504
55.5504
55.5504
55.5504
55.5504
55.5504
55.5504
55.5504
55.5504
55.5504
55.5504
55.5504
55.5504
55.5504
55.5504
55.5504
55.5504
55.5504
55.5504
55.5504
55.5504
55.5504
55.5504
55.5504
55.5504
55.5504
55.5504
55.5504
55.5504
55.5504
55.5504
55.5504
55.5504
55.5504
55.5504
55.5504
55.5504
55.5504
55.5504
55.5504
55.5504
55.5504
55.5504
55.5504
55.5504
55.5504
55.5504
55.5504
55.5504
55.5504
55.5504
55.5504
55.5504
55.5504
55.5504
55.5504
55.5504
55.5504
55.5504
55.5504
55.5504
55.5504
55.5504
55.5504
55.5504
55.5504
55.5504
55.5504
55.5504
55.5504
55.5504
55.5504
55.5504
55.5504
55.5504
55.5504
55.5504
55.5504
55.5504
55.5504
55.5504
55.5504
55.5504
55.5504
55.5504
55.5504
55.5504
55.5504
55.5504
55.5504
55.5504
55.5504
55.5504
55.5504
55.5504
55.5504
55.5504
55.5504
55.5504
55.5504
55.5504
55.5504
55.5504
55.5504
55.5504
55.5504
55.5504
55.5504
55.5504
55.5504
55.5504
55.5504
55.5504
55.5504
55.5504
55.5504
55.5504
55.5504
55.5504
55.5504
55.5504
55.5504
55.5504
55.5504
55.5504
55.5504
55.5504
55.5504
55.5504
55.5504
55.5504
55.5504
55.5504
55.5504
55.5504
55.5504
55.5504
55.5504
55.5504
55.5504
55.5504
55.5504
55.5504
55.5504
55.5504
55.5504
55.5504
55.5504
55.5504
55.5504
55.5504
55.5504
55.5504
55.5504
55.5504
55.5504
55.5504
55.5504
55.5504
55.5504
55.5504
55.5504
55.5504
55.5504
55.5504
55.5504
55.5504
55.5504
55.5504
55.5504
55.5504
55.5504
55.5504
55.5504
55.5504
55.5504
55.5504
55.5504
55.5504
55.5504
55.5504
55.5504
55.5504
55.5504
55.5504
55.5504
55.5504
55.5504
55.5504
55.5504
55.5504
55.5504
55.5504
55.5504
55.5504
55.5504
55.5504
55.5504
55.5504
55.5504
55.5504
55.5504
55.5504
55.5504
55.5504
55.5504
55.5504
55.5504
55.5504
55.5504
55.5504
55.5504
55.5504
55.5504
55.5504
55.5504
55.5504
55.5504
55.5504
55.5504
55.5504
55.5504
55.5504
55.5504
55.5504
55.5504
55.5504
55.5504
55.5504
55.5504
55.5504
55.5504
55.5504
55.5504
55.5504
55.5504
55.5504
55.5504
55.5504
55.5504
55.5504
55.5504
55.5504
55.5504
55.5504
55.5504
55.5504
55.5504
55.5504
55.5504
55.5504
55.5504
55.5504
55.5504
55.5504
55.5504
55.5504
55.5504
55.5504
55.5504
55.5504
55.5504
55.5504
55.5504
55.5504
55.5504
55.5504
55.5504
55.5504
55.5504
55.5504
55.5504
55.5504
55.5504
55.5504
55.5504
55.5504
55.5504
55.5504
55.5504
55.5504
55.5504
55.5504
55.5504
55.5504
55.5504
55.5504
55.5504
55.5504
55.5504
55.5504
55.5504
55.5504
55.5504
55.5504
55.5504
55.5504
55.5504
55.5504
55.5504
55.5504
55.5504
55.5504
55.5504
55.5504
55.5504
55.5504
55.5504
55.5504
55.5504
55.5504
55.5504
55.5504
55.5504
55.5504
55.5504
55.5504
55.5504
55.5504
55.5504
55.5504
55.5504
55.5504
55.5504
55.5504
55.5504
55.5504
55.5504
55.5504
55.5504
55.5504
55.5504
55.5504
55.5504
55.5504
55.5504
55.5504
55.5504
55.5504
55.5504
55.5504
55.5504
55.5504
55.5504
55.5504
55.5504
55.5504
55.5504
55.5504
55.5504
55.5504
55.5504
55.5504
55.5504
55.5504
55.5504
55.5504
55.5504
55.5504
55.5504
55.5504
55.5504
55.5504
55.5504
55.5504
55.5504
55.5504
55.5504
55.5504
55.5504
55.5504
55.5504
55.5504
55.5504
55.5504
55.5504
55.5504
55.5504
55.5504
55.5504
55.5504
55.5504
55.5504
55.5504
55.5504
55.5504
55.5504
55.5504
55.5504
55.5504
55.5504
55.5504
55.5504
55.5504
55.5504
55.5504
55.5504
55.5504
55.5504
55.5504
55.5504
55.5504
55.5504
55.5504
55.5504
55.5504
55.5504
55.5504
55.5504
55.5504
55.5504
55.5504
55.5504
55.5504
55.5504
55.5504
55.5504
55.5504
55.5504
55.5504
55.5504
55.5504
55.5504
55.5504
55.5504
55.5504
55.5504
55.5504
55.5504
55.5504
55.5504
55.5504
55.5504
55.5504
55.5504
55.5504
55.5504
55.5504
55.5504
55.5504
55.5504
55.5504
55.5504
55.5504
55.5504
55.5504
55.5504
55.5504
55.5504
55.5504
55.5504
55.5504
55.5504
55.5504
55.5504
55.5504
55.5504
55.5504
55.5504
55.5504
55.5504
55.5504
55.5504
55.5504
55.5504
55.5504
55.5504
55.5504
55.5504
55.5504
55.5504
55.5504
55.5504
55.5504
55.5504
55.5504
55.5504
55.5504
55.5504
55.5504
55.5504
55.5504
55.5504
55.5504
55.5504
55.5504
55.5504
55.5504
55.5504
55.5504
55.5504
55.5504
55.5504
55.5504
55.5504
55.5504
55.5504
55.5504
55.5504
55.5504
55.5504
55.5504
55.5504
55.5504
55.5504
55.5504
55.5504
55.5504
55.5504
55.5504
55.5504
55.5504
55.5504
55.5504
55.5504
55.5504
55.5504
55.5504
55.5504
55.5504
55.5504
55.5504
55.5504
55.5504
55.5504
55.5504
55.5504
55.5504
55.5504
55.5504
55.5504
55.5504
55.5504
55.5504
55.5504
55.5504
55.5504
55.5504
55.5504
55.5504
55.5504
55.5504
55.5504
55.5504
55.5504
55.5504
55.5504
55.5504
55.5504
55.5504
55.5504
55.5504
55.5504
55.5504
55.5504
55.5504
55.5504
55.5504
55.5504
55.5504
55.5504
55.5504
55.5504
55.5504
55.5504
55.5504
55.5504
55.5504
55.5504
55.5504
55.5504
55.5504
55.5504
55.5504
55.5504
55.5504
55.5504
55.5504
55.5504
55.5504
55.5504
55.5504
55.5504
55.5504
55.5504
55.5504
55.5504
55.5504
55.5504
55.5504
55.5504
55.5504
55.5504
55.5504
55.5504
55.5504
55.5504
55.5504
55.5504
55.5504
55.5504
55.5504
55.5504
55.5504
55.5504
55.5504
55.5504
55.5504
55.5504
55.5504
55.5504
55.5504
55.5504
55.5504
55.5504
55.6979
55.5504
55.5504
55.5504
55.5504
55.5504
55.5504
55.5504
55.5504
55.5504
55.5504
55.5504
55.5504
55.5504
55.5504
55.5504
55.5504
55.5504
55.5504
55.5504
55.5504
55.5504
55.5504
55.5504
55.5504
55.5504
55.5504
55.5504
55.5504
55.5504
55.5504
55.5504
55.5504
55.5504
55.5504
55.5504
55.5504
55.5504
55.5504
55.5504
55.5504
55.5504
55.5504
55.5504
55.5504
55.5504
55.5504
55.5504
55.5504
55.5504
55.5504
55.5504
55.5504
55.5504
55.5504
55.5504
55.5504
55.5504
55.5504
55.5504
55.5504
55.5504
55.5504
55.5504
55.5504
55.5504
55.5504
55.5504
55.5504
55.5504
55.5504
55.5504
55.5504
55.5504
55.5504
55.5504
55.5504
55.5504
55.5504
55.5504
55.5504
55.5504
55.5504
55.5504
55.5504
55.5504
55.5504
55.5504
55.5504
55.5504
55.5504
55.5504
55.5504
55.5504
55.5504
55.5504
55.5504
55.5504
55.5504
55.5504
55.5504
55.5504
55.5504
55.5504
55.5504
55.5504
55.5504
55.5504
55.5504
55.5504
55.5504
55.5504
55.5504
55.5504
55.5504
55.5504
55.5504
55.5504
55.5504
55.5504
55.5504
55.5504
55.5504
55.5504
55.5504
55.5504
55.5504
55.5504
55.5504
55.5504
55.5504
55.5504
55.5504
55.5504
55.5504
55.5504
55.5504
55.5504
55.5504
55.5504
55.5504
55.5504
55.5504
55.5504
55.5504
55.5504
55.5504
55.5504
55.5504
55.5504
55.5504
55.5504
55.5504
55.5504
55.5504
55.5504
55.5504
55.5504
55.5504
55.5504
55.5504
55.5504
55.5504
55.5504
55.5504
55.5504
55.5504
55.5504
55.5504
55.5504
55.5504
55.5504
55.5504
55.5504
55.5504
55.5504
55.5504
55.5504
55.5504
55.5504
55.5504
55.5504
55.5504
55.5504
55.5504
55.5504
55.5504
55.5504
55.5504
55.5504
55.5504
55.5504
55.5504
55.5504
55.5504
55.5504
55.5504
55.5504
55.5504
55.5504
55.5504
55.5504
55.5504
55.5504
55.5504
55.5504
55.5504
55.5504
55.5504
55.5504
55.5504
55.5504
55.5504
55.5504
55.5504
55.5504
55.5504
55.5504
55.5504
55.5504
55.5504
55.5504
55.5504
55.5504
55.5504
55.5504
55.5504
55.5504
55.5504
55.5504
55.5504
55.5504
55.5504
55.5504
55.5504
55.5504
55.5504
55.5504
55.5504
55.5504
55.5504
55.5504
55.5504
55.5504
55.5504
55.5504
55.5504
55.5504
55.5504
55.5504
55.5504
55.5504
55.5504
55.5504
55.5504
55.5504
55.5504
55.5504
55.5504
55.5504
55.5504
55.5504
55.5504
55.5504
55.5504
55.5504
55.5504
55.5504
55.5504
55.5504
55.5504
55.5504
55.5504
55.5504
55.5504
55.5504
55.5504
55.5504
55.5504
55.5504
55.5504
55.5504
55.5504
55.5504
55.5504
55.5504
55.5504
55.5504
55.5504
55.5504
55.5504
55.5504
55.5504
55.5504
55.5504
55.5504
55.5504
55.5504
55.5504
55.5504
55.5504
55.5504
55.5504
55.5504
55.5504
55.5504
55.5504
55.5504
55.5504
55.5504
55.5504
55.5504
55.5504
55.5504
55.5504
55.5504
55.5504
55.5504
55.5504
55.5504
55.5504
55.5504
55.5504
55.5504
55.5504
55.5504
55.5504
55.5504
55.5504
55.5504
55.5504
55.5504
55.5504
55.5504
55.5504
55.5504
55.5504
55.5504
55.5504
55.5504
55.5504
55.5504
55.5504
55.5504
55.5504
55.5504
55.5504
55.5504
55.5504
55.5504
55.5504
55.5504
55.5504
55.5504
55.5504
55.5504
55.5504
55.5504
55.5504
55.5504
55.5504
55.5504
55.5504
55.5504
55.5504
55.5504
55.5504
55.5504
55.5504
55.5504
55.5504
55.5504
55.5504
55.5504
55.5504
55.5504
55.5504
55.5504
55.5504
55.5504
55.5504
55.5504
55.5504
55.5504
55.5504
55.5504
55.5504
55.5504
55.5504
55.5504
55.5504
55.5504
55.5504
55.5504
55.5504
55.5504
55.5504
55.5504
55.5504
55.5504
55.5504
55.5504
55.5504
55.5504
55.5504
55.5504
55.5504
55.5504
55.5504
55.5504
55.5504
55.5504
55.5504
55.5504
55.5504
55.5504
55.5504
55.5504
55.5504
55.5504
55.5504
55.5504
55.5504
55.5504
55.5504
55.5504
55.5504
55.5504
55.5504
55.5504
55.5504
55.5504
55.5504
55.5504
55.5504
55.5504
55.5504
55.5504
55.5504
55.5504
55.5504
55.5504
55.5504
55.5504
55.5504
55.5504
55.5504
55.5504
55.5504
55.5504
55.5504
55.5504
55.5504
55.5504
55.5504
55.5504
55.5504
55.5504
55.5504
55.5504
55.5504
55.5504
55.5504
55.5504
55.5504
55.5504
55.5504
55.5504
55.5504
55.5504
55.5504
55.5504
55.5504
55.5504
55.5504
55.5504
55.5504
55.5504
55.5504
55.5504
55.5504
55.5504
55.5504
55.5504
55.5504
55.5504
55.5504
55.5504
55.5504
55.5504
55.5504
55.5504
55.5504
55.5504
55.5504
55.5504
55.5504
55.5504
55.5504
55.5504
55.5504
55.5504
55.5504
55.5504
55.5504
55.5504
55.5504
55.5504
55.5504
55.5504
55.5504
55.5504
55.5504
55.5504
55.5504
55.5504
55.5504
55.5504
55.5504
55.5504
55.5504
55.5504
55.5504
55.5504
55.5504
55.5504
55.5504
55.5504
55.5504
55.5504
55.5504
55.5504
55.5504
55.5504
55.5504
55.5504
55.5504
55.5504
55.5504
55.5504
55.5504
55.5504
55.5504
55.5504
55.5504
55.5504
55.5504
55.5504
55.5504
55.5504
55.5504
55.5504
55.5504
55.5504
55.5504
55.5504
55.5504
55.5504
55.5504
55.5504
55.5504
55.5504
55.5504
55.5504
55.5504
55.5504
55.5504
55.5504
55.5504
55.5504
55.5504
55.5504
55.5504
55.5504
55.5504
55.5504
55.5504
55.5504
55.5504
55.5504
55.5504
55.5504
55.5504
55.5504
55.5504
55.5504
55.5504
55.5504
55.5504
55.5504
55.5504
55.5504
55.5504
55.5504
55.5504
55.5504
55.5504
55.5504
55.5504
55.5504
55.5504
55.5504
55.5504
55.5504
55.5504
55.5504
55.5504
55.5504
55.5504
55.5504
55.5504
55.5504
55.5504
55.5504
55.5504
55.5504
55.5504
55.5504
55.5504
55.5504
55.5504
55.5504
55.5504
55.5504
55.5504
55.5504
55.5504
55.5504
55.5504
55.5504
55.5504
55.5504
55.5504
55.5504
55.5504
55.5504
55.5504
55.5504
55.5504
55.5504
55.5504
55.5504
55.5504
55.5504
55.5504
55.5504
55.5504
55.5504
55.5504
55.5504
55.5504
55.5504
55.5504
55.5504
55.5504
55.5504
55.5504
55.5504
55.5504
55.5504
55.5504
55.5504
55.5504
55.5504
55.5504
55.5504
55.5504
55.5504
55.5504
55.5504
55.5504
55.5504
55.5504
55.5504
55.5504
55.5504
55.5504
55.5504
55.5504
55.5504
55.5504
55.5504
55.5504
55.5504
55.5504
55.5504
55.5504
55.5504
55.5504
55.5504
55.5504
55.5504
55.5504
55.5504
55.5504
55.5504
55.5504
55.5504
55.5504
55.5504
55.5504
55.5504
55.5504
55.5504
55.5504
55.5504
55.5504
55.5504
55.5504
55.5504
55.5504
55.5504
55.5504
55.5504
55.5504
55.5504
55.5504
55.5504
55.5504
55.5504
55.5504
55.5504
55.5504
55.5504
55.5504
55.6372
55.5504
55.5504
55.5504
55.5504
55.5504
55.5504
55.5504
55.5504
55.5504
55.5504
55.5504
55.5504
55.5504
55.5504
55.5504
55.5504
55.5504
55.5504
55.5504
55.5504
55.5504
55.5504
55.5504
55.5504
55.5504
55.5504
55.5504
55.5504
55.5504
55.5504
55.5504
55.5504
55.5504
55.5504
55.5504
55.5504
55.5504
55.5504
55.5504
55.5504
55.5504
55.5504
55.5504
55.5504
55.5504
55.5504
55.5504
55.5504
55.5504
55.5504
55.5504
55.5504
55.5504
55.5504
55.5504
55.5504
55.5504
55.5504
55.5504
55.5504
55.5504
55.5504
55.5504
55.5504
55.5504
55.5504
55.5504
55.5504
55.5504
55.5504
55.5504
55.5504
55.5504
55.5504
55.5504
55.5504
55.5504
55.5504
55.5504
55.5504
55.5504
55.5504
55.5504
55.5504
55.5504
55.5504
55.5504
55.5504
55.5504
55.5504
55.5504
55.5504
55.5504
55.5504
55.5504
55.5504
55.5504
55.5504
55.5504
55.5504
55.5504
55.5504
55.5504
55.5504
55.5504
55.5504
55.5504
55.5504
55.5504
55.5504
55.5504
55.5504
55.5504
55.5504
55.5504
55.5504
55.5504
55.5504
55.5504
55.5504
55.5504
55.5504
55.5504
55.5504
55.5504
55.5504
55.5504
55.5504
55.5504
55.5504
55.5504
55.5504
55.5504
55.5504
55.5504
55.5504
55.5504
55.5504
55.5504
55.5504
55.5504
55.5504
55.5504
55.5504
55.5504
55.5504
55.5504
55.5504
55.5504
55.5504
55.5504
55.5504
55.5504
55.5504
55.5504
55.5504
55.5504
55.5504
55.5504
55.5504
55.5504
55.5504
55.5504
55.5504
55.5504
55.5504
55.5504
55.5504
55.5504
55.5504
55.5504
55.5504
55.5504
55.5504
55.5504
55.5504
55.5504
55.5504
55.5504
55.5504
55.5504
55.5504
55.5504
55.5504
55.5504
55.5504
55.5504
55.5504
55.5504
55.5504
55.5504
55.5504
55.5504
55.5504
55.5504
55.5504
55.5504
55.5504
55.5504
55.5504
55.5504
55.5504
55.5504
55.5504
55.5504
55.5504
55.5504
55.5504
55.5504
55.5504
55.5504
55.5504
55.5504
55.5504
55.5504
55.5504
55.5504
55.5504
55.5504
55.5504
55.5504
55.5504
55.5504
55.5504
55.5504
55.5504
55.5504
55.5504
55.5504
55.5504
55.5504
55.5504
55.5504
