# best half averages
2601.62
2419.96
2311.12
2189.39
2052.91
1950.83
1894.51
1817.64
1722.11
1646.89
1595.21
1521.08
1384.1
1302.29
1284.26
1271.69
1254.17
1240.58
1212.13
1189.35
1143.93
1124.82
1117.95
1095.75
1073.38
1043.32
1022.7
1008.95
970.788
938.205
917.627
901.949
887.463
858.549
839.789
822.556
814.004
810.28
807.908
800.906
785.913
777.847
770.098
761.632
753.108
750.445
746.099
739.899
735.568
730.651
723.317
710.935
706.33
702.855
690.389
678.491
676.572
673.123
668.179
655.89
645.727
631.068
622.608
621.326
618.627
612.278
609.783
606.368
595.207
595.046
593.202
584.424
573.087
572.852
571.739
568.572
560.071
552.47
544.417
537.527
531.706
526.848
523.453
517.609
511.329
505.597
503.847
501.048
497.387
493.092
491.436
487.776
482.9
480.552
477.023
468.943
463.24
453.511
452.174
447.048
445.413
445.183
432.228
431.496
427.436
435.718
420.553
419.09
419.579
415.679
415.839
415.416
413.987
418.186
415.457
396.915
392.295
389.535
387.228
383.854
375.314
373.596
373.485
373.471
373.422
372.97
372.101
369.721
367.24
364.764
365.807
361.442
358.767
358.478
357.686
356.168
352.902
351.142
347.459
342.318
337.413
334.165
324.206
322.996
322.427
321.999
321.325
318.259
314.981
314.413
314.219
314.112
312.73
308.827
308.811
308.362
311.281
305.496
301.679
300.042
299.492
298.403
295.949
292.679
290.262
287.683
287.609
287.37
286.436
285.969
283.429
283.086
283.003
282.814
282.686
282.603
282.206
281.438
281.455
281.455
281.455
281.375
280.901
278.944
274.115
268.371
265.085
265.068
264.972
264.421
264.21
264.196
264.153
263.913
262.989
260.531
252.948
252.226
251.266
250.088
249.383
247.746
244.878
244.357
244.007
242.116
241.231
240.18
239.067
238.824
237.674
236.534
235.942
234.842
234.825
234.774
234.405
233.611
232.311
232.256
231.959
231.864
225.334
223.608
223.595
223.432
222.672
223.663
219.225
219.218
219.121
218.986
218.675
217.917
214.561
212.862
212.837
212.664
211.705
211.623
211.313
214.856
211.348
210.114
208.824
208.824
208.824
208.771
208.476
207.075
206.804
206.129
205.03
204.264
204.564
204.221
203.812
203.751
203.657
203.217
202.803
201.408
201.408
201.408
201.4
201.386
201.218
200.979
200.972
200.881
200.6
200.326
198.715
198.511
198.453
198.177
198.163
198.121
198.163
198.163
198.163
198.163
198.163
198.092
197.402
194.367
193.633
192.01
191.993
191.943
191.768
190.842
190.332
190.332
190.332
190.328
190.299
190.18
190.075
190.017
189.734
188.728
187.576
187.268
186.728
186.636
186.259
184.576
182.098
181.864
180.938
180.846
180.703
180.218
180.218
180.188
180.158
180.109
180.074
180.417
186.4
178.763
178.699
178.706
178.706
178.688
178.548
177.894
177.436
177.368
177.147
176.622
176.598
176.574
176.545
176.315
180.841
175.158
174.422
173.913
173.909
173.452
172.279
171.797
171.13
171.13
171.123
171.123
171.028
170.779
170.567
170.811
169.956
168.095
168.095
168.087
167.973
167.545
166.958
166.549
166.482
166.216
166.15
166.119
166.084
165.937
165.187
164.353
164.718
163.626
162.748
162.614
162.611
162.58
162.391
161.854
161.359
160.483
158.499
156.599
154.017
153.302
153.239
153.138
152.445
152.271
152.271
152.271
152.271
152.261
152.24
152.076
151.282
150.022
149.172
148.815
148.399
148.399
148.399
148.399
146.975
144.913
145.343
125.096
124.672
124.655
124.619
124.584
124.197
123.793
123.793
123.793
123.793
123.793
123.793
123.793
123.793
123.793
123.793
123.793
123.793
123.793
123.793
123.793
123.793
123.793
123.793
123.791
123.781
123.729
123.654
123.381
122.5
122.475
122.363
121.947
121.933
121.921
121.909
121.838
121.584
121.214
120.957
119.899
119.899
119.899
119.899
119.899
119.896
119.885
119.849
119.761
119.761
119.744
119.693
119.577
119.192
118.957
118.593
117.697
117.341
117.341
117.341
117.341
117.318
117.271
116.942
116.169
116.158
116.082
115.871
115.799
115.546
114.997
114.996
114.996
114.996
114.965
114.935
114.513
113.489
113.489
113.489
113.489
113.489
113.489
113.489
113.489
113.489
113.489
113.475
113.461
113.447
113.24
112.799
112.799
112.799
112.799
112.799
112.799
112.799
112.799
112.799
112.799
112.774
112.696
112.306
111.59
111.59
111.59
111.59
111.59
111.59
111.59
111.59
111.59
111.59
111.59
111.59
111.59
111.59
111.59
111.59
111.59
111.59
111.59
111.561
111.326
110.504
110.123
110.123
110.123
110.123
110.123
110.123
110.123
110.123
110.123
110.123
110.123
110.123
110.123
110.123
110.123
110.123
110.123
110.123
110.123
110.123
110.123
110.123
110.123
110.123
110.123
110.123
110.123
110.123
110.123
110.116
111.747
110.087
119.449
110.015
132.761
119.189
111.098
110.916
109.761
109.742
109.723
109.532
108.804
108.804
108.804
108.804
108.804
108.804
108.776
108.722
108.522
108.142
107.695
107.695
107.695
107.695
107.695
107.695
107.695
107.659
107.465
106.899
105.905
105.905
105.894
105.838
105.705
105.35
105.35
105.35
105.35
105.123
105.281
105.01
104.854
118.378
105.35
105.34
105.288
105.036
104.852
104.852
104.852
104.852
104.852
104.852
104.852
104.83
104.852
104.852
104.852
104.852
104.852
104.852
104.848
104.831
104.755
104.641
104.641
104.641
104.641
104.641
104.641
104.631
104.589
104.484
104.115
104.104
104.066
103.944
103.944
103.944
103.944
103.944
103.944
103.944
103.944
103.944
103.939
103.935
103.893
103.833
103.285
102.907
102.872
102.35
101.124
100.972
100.489
99.4536
99.4536
99.4536
99.4338
99.3544
99.1881
98.4616
98.4616
98.4616
98.4616
98.4616
98.4616
98.4616
98.4616
98.4616
98.4381
98.3445
98.1924
97.6372
97.2834
97.2749
97.2749
97.2749
101.739
97.2749
99.4661
97.2749
97.2749
97.2749
97.2749
97.2749
97.2749
97.2749
97.2749
97.2749
97.2749
97.2749
97.2749
97.2749
97.2749
97.2749
97.2749
97.2749
97.2749
97.2749
97.2749
97.2749
97.2749
97.2749
97.2749
97.2749
97.2749
97.2749
97.2749
97.2749
97.2749
97.2749
97.2749
97.2749
97.2749
97.2749
97.2749
97.2749
97.2749
97.2749
97.2749
97.2749
97.2749
97.2749
97.2749
97.2749
97.2598
97.1692
96.8674
96.5204
96.5204
96.5204
96.5204
96.5204
96.5204
96.5204
96.5204
96.5204
96.5204
96.5204
96.5204
96.5204
96.5204
96.5204
96.5204
96.5204
96.5204
96.5204
96.5204
96.5204
96.5204
96.5204
96.5204
96.5204
96.5204
96.5204
96.5204
96.5204
96.5204
96.5204
96.5204
96.5204
96.5204
96.5204
96.5204
96.5204
96.5204
96.5204
96.5204
96.5204
96.5204
96.5204
96.5204
96.5204
96.5204
96.5204
96.5204
96.5204
96.5204
96.5204
96.5204
96.5204
96.5204
96.5204
96.5204
96.5204
96.5204
96.5204
96.5204
96.5204
96.5163
96.5081
96.4836
96.4142
96.3162
96.3162
96.3162
96.1766
96.0941
95.7344
95.4395
95.2199
96.1129
94.9408
93.7452
91.0378
89.4537
89.0586
89.0586
89.0586
89.0586
89.0586
89.0586
89.0586
89.0583
89.058
89.0563
89.052
89.042
89.0416
89.0384
89.0248
89.0094
88.9963
88.9106
88.6994
88.524
88.524
88.524
88.524
88.524
88.524
88.524
88.524
88.524
88.524
88.524
88.5062
88.4884
88.2393
87.6344
87.6344
87.6344
87.6344
87.6344
87.6344
87.6344
87.6344
87.6344
87.6344
87.6344
87.6344
87.6344
87.6344
87.6344
87.6344
87.6344
87.6344
87.6298
87.6252
87.5975
87.5145
87.4038
87.4038
87.4038
87.4038
87.4038
87.4038
87.4038
87.4038
87.4038
87.4038
87.4038
87.4036
87.4036
87.4031
87.402
87.3956
87.3956
87.3928
87.3845
87.3622
87.3177
87.2564
87.2564
87.2564
87.2564
87.2564
87.2564
87.2564
87.2283
87.2002
87.144
86.7845
85.8507
85.8507
85.8507
85.8507
85.8507
85.8507
85.8507
85.8507
85.8507
85.8507
85.8507
85.8507
85.8507
85.8507
85.8507
85.8507
85.8507
85.8507
85.8507
85.8507
85.8507
85.8507
85.8507
85.8507
85.8507
85.8507
85.8507
85.8507
85.8507
85.8507
85.8507
85.8507
85.8507
85.8507
85.8507
85.8507
85.8507
85.8507
85.8507
85.8507
85.8507
85.8507
85.8507
85.8507
85.8507
85.8507
85.8507
85.8507
85.8507
85.8507
85.8507
85.8507
85.8507
85.8507
85.8213
85.7036
85.5501
84.8769
84.3408
84.2629
84.055
84.055
84.055
84.055
84.055
84.055
84.055
84.055
84.055
84.055
84.055
84.055
84.055
84.055
84.055
84.055
84.055
84.055
84.055
84.055
84.055
84.055
84.055
84.055
84.055
84.055
84.055
84.055
84.055
84.055
84.055
84.055
84.055
84.0477
84.026
83.9534
83.7576
83.6923
83.6923
83.6923
83.6923
83.6923
83.6923
83.6092
83.5806
83.4
82.7937
81.1651
80.9905
80.9905
80.9905
80.9905
80.9905
80.9905
80.9905
80.9905
80.9905
80.9905
80.9905
80.9905
80.9905
80.9903
80.9896
80.9886
80.9854
80.981
80.981
80.9645
80.9048
80.6029
79.7983
79.5979
79.4087
79.2623
78.8673
77.9926
77.9926
77.9926
77.9926
77.9926
77.9926
77.9926
77.9926
77.9926
77.9926
77.9926
77.9926
77.9926
77.9926
77.9926
77.9926
77.9926
77.9926
77.9926
77.9926
77.9926
77.9926
77.9926
77.9926
77.9926
77.9926
77.9926
77.9926
77.9926
77.9926
77.9926
77.9926
77.9926
77.9926
77.9926
77.9926
77.9754
77.9572
77.8384
77.6715
77.525
77.345
77.3268
77.2587
77.1316
77.1305
77.1283
77.125
77.0995
77.0762
77.0762
77.0693
77.0421
76.933
76.7354
76.7354
76.7354
76.7354
76.7354
76.7354
76.7354
76.7354
76.7354
76.7354
76.7354
76.7354
76.7354
76.7354
76.7354
76.7354
76.7354
76.7354
76.7354
76.7354
76.7354
76.7354
76.7354
76.7354
76.7127
76.5768
76.305
75.6027
75.6027
75.6027
75.6027
75.6027
75.6027
75.6027
75.6027
75.6027
75.6027
75.6027
75.6027
75.6027
75.6027
75.6027
75.6027
75.6027
75.6027
75.6027
75.6027
75.6027
75.5977
75.5928
75.5778
75.5079
75.3533
75.3533
75.3429
75.3429
75.3325
75.2494
74.938
74.8316
74.8316
74.8316
74.8316
74.8316
74.8316
74.8233
74.815
74.7817
74.6192
74.4154
74.4154
74.4138
74.4107
74.3963
74.3612
74.3357
74.3357
74.3357
74.3357
74.3357
74.3357
74.3357
74.3357
74.3357
74.3357
74.3357
74.3357
74.3357
74.3357
74.3357
74.3357
74.3357
74.3357
74.3357
74.3357
74.3357
74.3357
74.3357
74.3357
74.3357
74.3357
74.3357
74.3357
74.3357
74.3357
74.3357
74.3357
74.3357
74.3357
74.3357
74.3357
74.3357
74.3357
74.3357
74.2301
74.726
74.1165
73.7463
73.3851
72.7918
72.7918
72.7918
72.7918
72.7918
72.7899
72.7807
72.7564
72.6769
72.5741
72.4302
72.4302
72.4302
72.4302
72.4302
72.4302
72.4302
72.4302
72.4302
72.4302
72.4302
72.4302
72.4302
72.4302
72.4302
72.4302
72.4302
72.4302
72.4302
72.4302
72.4302
72.4302
72.4302
72.4302
72.4302
72.4302
72.4302
72.4302
72.4302
72.4302
72.4302
72.4302
72.4302
72.4302
72.4302
72.4302
72.4302
72.4302
72.4302
72.4302
72.4302
72.4302
72.4302
72.4302
72.4302
72.4302
72.4302
72.4302
72.4302
72.4302
72.4302
72.4302
72.4302
72.4302
72.4276
72.42
72.3995
72.3023
72.3023
72.3023
72.3023
72.3023
72.3023
72.3023
72.3023
72.3023
72.3023
72.3023
72.3023
72.3023
72.3023
72.3023
72.3023
72.3023
72.3023
72.3023
72.3023
72.3023
72.3023
72.3023
72.3023
72.3023
72.3023
72.3023
72.3023
72.3023
72.3023
72.2888
72.2888
72.2346
72.0586
71.6252
71.6252
71.6168
71.5914
71.521
71.3289
71.1351
70.929
70.6064
70.454
70.454
70.454
70.454
70.454
70.454
70.454
70.454
70.454
70.454
70.454
70.4372
70.3865
70.0993
69.6095
69.6095
69.6095
69.6095
69.6055
69.5935
69.5735
69.4734
69.4094
69.4094
69.4094
69.4094
69.4094
69.4094
69.4094
69.4094
69.4094
69.4094
69.4094
69.4094
69.4094
69.4094
69.4094
69.4094
69.4094
69.4094
69.4094
69.4094
69.4094
69.4094
69.4094
69.4094
69.4094
69.4094
69.4094
69.4094
69.4094
69.4094
69.4094
69.4094
69.4094
69.4094
69.4094
69.4094
69.4094
69.4094
69.4094
69.4094
69.4094
69.4094
69.4094
69.4094
69.4094
69.4094
69.4094
69.4094
69.4094
69.4094
69.4094
69.4094
69.4094
69.4094
69.4094
69.4034
69.4034
69.3916
69.3322
69.2074
69.1123
69.1123
69.1123
69.1123
69.1123
69.1123
69.1123
69.1123
69.1123
69.1123
69.1123
69.1123
69.1123
69.1123
69.1123
69.1123
69.1123
69.1123
69.1123
69.1123
69.1123
69.1123
69.1123
69.1123
69.1123
69.1123
69.1123
69.1123
69.1123
69.1123
69.1123
69.1123
69.1123
69.1123
69.1123
69.1123
69.1123
69.1123
69.1123
69.1123
69.1123
69.1123
69.1123
69.1123
69.1123
69.1123
69.1123
69.1123
69.1123
69.1123
69.1123
69.1123
69.1123
69.1123
69.1123
69.0993
69.0993
69.0473
68.9823
68.6314
68.4574
68.4624
68.4624
68.4624
68.4624
68.4624
68.4624
68.4624
68.4624
68.4624
68.4624
68.4624
68.4623
68.4621
68.4615
68.4612
68.4612
68.4612
68.4612
68.4612
68.4612
68.4612
68.4612
68.4612
68.4612
68.4612
68.4612
68.4612
68.4612
68.4612
68.4612
68.4612
68.4612
68.4612
68.4612
68.4612
68.4612
68.4612
68.4612
68.4612
68.4612
68.4612
68.4612
68.4612
68.4612
68.4612
68.4612
68.4612
68.4612
68.4612
68.4612
68.4612
68.4612
68.4612
68.4612
68.4612
68.4612
68.4612
68.4612
68.4612
68.4612
68.4612
68.4612
68.4612
68.4612
68.4612
68.4612
68.4612
68.4612
68.4612
68.4612
68.4612
68.4612
68.4612
68.4612
68.4612
68.4612
68.4612
68.4612
68.4612
68.4612
68.4612
68.4612
68.4612
68.4612
68.4612
68.4612
68.4612
68.4612
68.4612
68.4612
68.4612
68.4612
68.4612
68.4612
68.4612
68.4612
68.4612
68.4612
68.4612
68.4612
68.4612
68.4556
68.4388
68.3884
68.2316
68.1812
68.1812
68.1812
68.1812
68.1812
68.1812
68.1812
68.1812
68.1812
68.1812
68.1812
68.1812
68.1812
68.1812
68.1812
68.1812
68.1812
68.1812
68.1812
68.1812
68.1812
68.1812
68.1812
68.1812
68.1812
68.1812
68.1797
68.1783
68.1698
68.1299
68.1099
68.1099
68.1099
68.1099
68.1099
68.1099
68.1099
68.1099
68.1099
68.1099
68.1099
68.1099
68.1099
68.1099
68.1099
68.1099
68.1099
68.1099
68.1099
68.1099
68.1099
68.1099
68.1099
68.1099
68.1099
68.1099
68.1099
68.1099
68.0984
68.0755
68.0411
67.7661
67.5369
67.5369
67.5369
67.5369
67.5369
67.5369
67.5369
67.5369
67.5369
67.5369
67.5369
67.5369
67.5369
67.5369
67.5369
67.5369
67.5369
67.5369
67.5369
67.5369
67.5369
67.5369
67.5369
67.5369
67.5369
67.5369
67.5369
67.5369
67.5369
67.5369
67.5369
67.5369
67.5369
67.5369
67.5369
67.5369
67.5369
67.5369
67.5369
67.5369
67.5369
67.5369
67.5369
67.5369
67.5369
67.5369
67.5369
67.5369
67.5369
67.5369
67.5369
67.5369
67.5369
67.5369
67.5369
67.5369
67.5369
67.5369
67.5369
67.5369
67.5369
67.5369
67.5369
67.5369
67.5369
67.5369
67.5369
67.5369
67.5369
67.5369
67.5369
67.5369
67.5369
67.5369
67.5369
67.5369
67.5369
67.5369
67.5369
67.5369
67.5369
67.5369
67.5369
67.5369
67.5369
67.5369
67.5369
67.5369
67.5369
67.5369
67.5369
67.5369
67.5369
67.5369
67.5369
67.5369
67.5369
67.5369
67.5369
67.5369
67.5369
67.5369
67.5369
67.5369
67.5369
67.5369
67.5369
67.5369
67.5369
67.5369
67.5369
67.5369
67.5369
67.5369
67.5369
67.5369
67.5369
67.5369
67.5369
67.5369
67.5369
67.5369
67.5369
67.5369
67.5369
67.5369
67.5369
67.5369
67.5369
67.5369
67.5369
67.5369
67.5369
67.5369
67.5369
67.5369
67.5369
67.5369
67.5369
67.5369
67.5369
67.5369
67.5369
67.5369
67.5369
67.5369
67.5369
67.5369
67.5369
67.5369
67.5369
67.5369
67.5369
67.5369
67.5369
67.5356
67.5222
67.5008
67.47
67.47
67.47
67.47
67.47
67.47
67.47
67.47
67.47
67.47
67.47
67.47
67.47
67.47
67.47
67.47
67.47
67.47
67.47
67.47
67.47
67.47
67.47
67.47
67.47
67.47
67.47
67.47
67.47
67.47
67.47
67.47
67.47
67.47
67.47
67.47
67.47
67.47
67.47
67.47
67.4699
67.4698
67.466
67.4558
67.4199
67.348
67.3055
67.3055
67.3055
67.3055
67.3055
67.3055
67.3055
67.3055
67.3055
67.3055
67.3055
67.3055
67.3055
67.3055
67.3055
67.3055
67.3055
67.3055
67.3055
67.3055
67.3055
67.3055
67.3055
67.3055
67.3055
67.3055
67.3055
67.3055
67.3055
67.3055
67.3055
67.3055
67.3055
67.3055
67.3055
67.3055
67.3055
67.3055
67.3055
67.3055
67.3055
67.3055
67.3055
67.3055
67.3055
67.3055
67.3055
67.3055
67.3055
67.3055
67.3055
67.3055
67.3055
67.3055
67.3055
67.3055
67.3055
67.3055
67.3055
67.3055
67.3055
67.3055
67.3055
67.3055
67.3055
67.3055
67.3055
67.3055
67.3055
67.3055
67.3055
67.3055
67.3055
67.3055
67.3055
67.3055
67.3055
67.3055
67.3055
67.3055
67.3055
67.3055
67.3055
67.3055
67.3055
67.3055
67.3055
67.3055
67.3055
67.3055
67.3055
67.3055
67.2757
67.2757
67.1564
66.8762
66.2679
65.8143
65.8143
65.8143
65.8143
65.8143
65.8143
65.8143
65.8143
65.8143
65.8143
65.8143
65.8143
65.8143
65.8143
65.8143
65.8143
65.8143
65.8143
65.8143
65.8143
65.8143
65.8143
65.8122
65.8102
65.806
65.7809
65.7098
65.7098
65.7098
65.7098
65.7098
65.7098
65.7098
65.7008
65.6918
65.6828
65.6019
65.4309
65.2599
65.2599
65.2599
65.2599
65.2599
65.2599
65.2599
65.2599
65.2599
65.2599
65.2599
65.2599
65.2599
65.2599
65.2599
65.2599
65.2599
65.2599
65.2599
65.2599
65.2599
65.2599
65.2599
65.2599
65.2599
65.2599
65.2599
65.2599
65.2599
65.2599
65.2599
65.2599
65.2599
65.2599
65.2599
65.2599
65.2599
65.2599
65.2599
65.2599
65.2599
65.2599
65.2599
65.2599
65.2599
65.2599
65.2599
65.2599
65.2599
65.2599
65.2599
65.2599
65.2599
65.2599
65.2585
65.2599
65.2599
65.2599
65.2599
65.2599
65.2599
65.2599
65.2599
65.2599
65.2599
65.2599
65.2599
65.2599
65.2599
65.2599
65.2599
65.2599
65.2599
65.2599
65.2599
65.2599
65.2599
65.2599
65.2599
65.2599
65.2599
65.2599
65.2599
65.2599
65.2599
65.2599
65.2599
65.2599
65.2599
65.2599
65.2599
65.2599
65.2599
65.2599
65.2599
65.2516
65.2348
65.1762
64.992
64.8413
64.8413
64.8413
64.8413
64.8391
64.8391
64.8413
64.8413
64.8413
64.8413
64.8413
64.8413
64.8413
64.8413
64.8413
64.8413
64.8413
64.832
64.8228
64.8044
64.7675
64.6478
64.3805
64.3805
64.3805
64.3805
64.3805
64.3805
64.3805
64.3805
64.3805
64.3805
64.3805
64.3805
64.3805
64.3805
64.3805
64.3805
64.3805
64.3805
64.3805
64.3805
64.3657
64.2917
64.114
63.6401
63.6401
63.6401
63.6401
63.6401
63.6401
63.6401
63.6401
63.6401
63.6401
63.6401
63.6401
63.6401
63.6401
63.6401
63.6401
63.6401
63.6401
63.6401
63.6401
63.6401
63.6401
63.6401
63.6401
63.6401
63.6401
63.6401
63.6401
63.6401
63.6401
63.6401
63.6401
63.6401
63.6401
63.6401
63.6401
63.6401
63.6401
63.6401
63.6401
63.6401
63.6401
63.6401
63.6401
63.6401
63.6401
63.6401
63.6401
63.6401
63.6401
63.6401
63.6401
63.6401
63.6401
63.6401
63.6401
63.6401
63.6401
63.6401
63.6401
63.6401
63.6401
63.6401
63.6401
63.6401
63.6401
63.6401
63.6401
63.6401
63.6401
63.6401
63.6401
63.6401
63.6401
63.6401
63.6401
63.6401
63.6401
63.6401
63.6401
63.6401
63.6401
63.6401
63.6401
63.6401
63.6401
63.6401
63.6401
63.6401
63.6401
63.6401
63.6401
63.6401
63.6401
63.6401
63.6401
63.6401
63.6401
63.6401
63.6401
63.6401
63.6401
63.6401
63.6401
63.6401
63.6401
63.6401
63.6401
63.6401
63.6401
63.6401
63.6401
63.6401
63.6401
63.6401
63.6401
63.6401
63.6401
63.6401
63.6401
63.6401
63.6401
63.6401
63.6401
63.6401
63.6401
63.6401
63.6401
63.6401
63.6401
63.6401
63.6401
63.6401
63.6401
63.6401
63.6401
63.6401
63.6401
63.6401
63.6401
63.6401
63.6401
63.6401
63.6401
63.6401
63.6401
63.6401
63.6401
63.6401
63.6401
63.6401
63.6401
63.6401
63.6401
63.6401
63.6401
63.6401
63.6401
63.6401
63.6401
63.6401
63.6401
63.6401
63.6401
63.6401
63.6401
63.6401
63.6401
63.6401
63.6401
63.6401
63.6401
63.6401
63.6401
63.6401
63.6401
63.6401
63.6401
63.6401
63.6401
63.6401
63.6401
63.6401
63.6401
63.6401
63.6401
63.6401
63.6401
63.6401
63.6401
63.6401
63.6401
63.6401
63.6401
63.6401
63.6401
63.6401
63.6401
63.6401
63.6401
63.6401
63.6401
63.6401
63.6401
63.6401
63.6401
63.6401
63.6401
63.6401
63.6401
63.6401
63.6401
63.6401
63.6401
63.6401
63.6401
63.6401
63.6401
63.6401
63.6401
63.6401
63.6401
63.6401
63.6401
63.6401
63.6401
63.6401
63.6401
63.6401
63.6401
63.6401
63.6401
63.6401
63.6401
63.6401
63.6401
63.6401
63.6401
63.6401
63.6401
63.6401
63.638
63.6316
63.6231
63.6082
63.5486
63.5337
63.5337
63.5337
63.5337
63.5337
63.5337
63.5337
63.5337
63.5337
63.5337
63.5337
63.5337
63.5337
63.5337
63.5337
63.5337
63.5337
63.5337
63.5337
63.5337
63.5337
63.5337
63.5337
63.5337
63.5337
63.5337
63.5337
63.5337
63.5337
63.5337
63.5337
63.5337
63.5337
63.5337
63.5337
63.5337
63.5337
63.5337
63.5337
63.5337
63.5337
63.5337
63.5337
63.5337
63.5337
63.5337
63.5337
63.5337
63.5337
63.5337
63.5337
63.5337
63.5337
63.5337
63.5337
63.5337
63.5337
63.5337
63.5337
63.5337
63.5337
63.5337
63.5337
63.5337
63.5337
63.5337
63.5337
63.5337
63.5337
63.5337
63.5337
63.5337
63.5337
63.5337
63.5337
63.5337
63.5337
63.5337
63.5337
63.5337
63.5337
63.5337
63.5337
63.5337
63.5337
63.5337
63.5337
63.5337
63.5337
63.5337
63.5337
63.5337
63.5337
63.5337
63.5337
63.5337
63.5337
63.5337
63.5337
63.5337
63.5337
63.5337
63.5337
63.5337
63.5337
63.5337
63.5337
63.5337
63.5337
63.5337
63.5337
63.5337
63.5337
63.5337
63.5337
63.5337
63.5337
63.5337
63.5337
63.5337
63.5337
63.5337
63.5337
63.5337
63.5337
63.5337
63.5226
63.4671
63.4005
63.4727
62.9787
62.9787
62.9787
62.9787
62.9787
62.9787
62.9787
62.9787
62.9787
62.9787
62.9787
62.9787
62.9787
62.9787
62.9787
62.9787
62.9787
62.9787
62.9787
62.9787
62.9787
62.9787
62.9787
62.9787
62.9787
62.9787
62.9787
62.9787
62.9787
62.9787
62.9787
62.9787
62.9787
62.9787
62.9787
62.9787
62.9787
62.9787
62.9787
62.9787
62.9787
62.9787
62.9787
62.9787
62.9787
62.9787
62.9787
62.9787
62.9787
62.9787
62.9787
62.9787
62.9787
62.9787
62.9787
62.9787
62.9787
62.9787
62.9787
62.9787
62.9787
62.9782
62.977
62.9729
62.9594
62.9494
62.9494
62.9494
62.9494
62.9494
62.9494
62.9494
62.9494
62.9494
62.9494
62.9494
62.9494
62.9494
62.9494
62.9494
62.9494
62.9494
62.9405
62.9226
62.8689
62.7079
62.5021
62.5021
62.5021
62.5021
62.5021
62.5021
62.5021
62.5021
62.5021
62.5017
62.5011
62.4991
62.4958
62.4857
62.4857
62.4857
62.4857
62.4857
62.4857
62.4857
62.4857
62.4857
62.4857
62.4857
62.4857
62.4857
62.4857
62.4857
62.4857
62.4857
62.4857
62.4857
62.4857
62.4857
62.4857
62.4857
62.4857
62.4857
62.4857
62.4857
62.4857
62.4857
62.4857
62.4857
62.4857
62.4857
62.4857
62.4857
62.4857
62.4857
62.4857
62.4857
62.4857
62.4857
62.4857
62.4857
62.4857
62.4857
62.4857
62.4857
62.4857
62.4857
62.4857
62.4857
62.4857
62.4857
62.4857
62.4857
62.4857
62.4857
62.4857
62.4857
62.4857
62.4857
62.4857
62.4857
62.4857
62.4857
62.4857
62.4857
62.4857
62.4857
62.4857
62.4857
62.4857
62.4857
62.4857
62.4857
62.4857
62.4857
62.4857
62.4857
62.4857
62.4857
62.4857
62.4857
62.4857
62.4857
62.4857
62.4857
62.4857
62.4857
62.4857
62.4857
62.4857
62.4857
62.4857
62.4857
62.4857
62.4857
62.4857
62.4857
62.4857
62.4857
62.4857
62.4857
62.4857
62.4857
62.4857
62.4857
62.4857
62.4857
62.4857
62.4857
62.4857
62.4857
62.4857
62.4857
62.4857
62.4857
62.4857
62.4857
62.4857
62.4857
62.4857
62.4857
62.4857
62.4857
62.4857
62.4857
62.4857
62.4857
62.4857
62.4857
62.4857
62.4857
62.4857
62.4857
62.4857
62.4857
62.4857
62.4857
62.4857
62.4857
62.4857
62.4857
62.4857
62.4857
62.4857
62.4857
62.4857
62.4857
62.4857
62.4857
62.4857
62.4857
62.4857
62.4857
62.4857
62.4857
62.4857
62.4857
62.4857
62.4857
62.4857
62.4857
62.4857
62.4857
62.4857
62.4857
62.4857
62.4857
62.4857
62.4857
62.4857
62.4857
62.4857
62.4857
62.4857
62.4857
62.4857
62.4857
62.4857
62.4857
62.4857
62.4857
62.4857
62.4857
62.4857
62.4857
62.4857
62.4857
62.4857
62.4857
62.4857
62.4857
62.4857
62.4857
62.4857
62.4857
62.4857
62.4857
62.4793
62.4857
62.4857
62.4857
62.4857
62.4857
62.4857
62.4857
62.4857
62.4857
62.4857
62.4857
62.4857
62.4857
62.4857
62.4857
62.4857
62.4857
62.4857
62.4857
62.4857
62.4857
62.4857
62.4857
62.4857
62.4857
62.4857
62.4857
62.4857
62.4857
62.4857
62.4857
62.4857
62.4857
62.4857
62.4857
62.4857
62.4857
62.4857
62.4857
62.4857
62.4857
62.4857
62.4857
62.4857
62.4857
62.4857
62.4857
62.4857
62.4857
62.4857
62.4857
62.4857
62.4857
62.4857
62.4857
62.4857
62.4857
62.4853
62.4835
62.4786
62.4693
62.4636
62.4636
62.4636
62.4636
62.4636
62.4636
62.4636
62.4636
62.4636
62.4636
62.4636
62.4636
62.4636
62.4636
62.4636
62.4636
62.4636
62.4636
62.4636
62.4636
62.4636
62.4636
62.4636
62.4636
62.4636
62.4636
62.4636
62.4636
62.4636
62.4636
62.4636
62.4636
62.4636
62.4636
62.4636
62.4636
62.4636
62.4636
62.4636
62.4636
62.4636
62.4636
62.4636
62.4636
62.4636
62.4636
62.4636
62.4636
62.4636
62.4572
62.4316
62.3741
62.2974
62.1439
62.1439
62.1439
62.1439
62.1439
62.1439
62.1439
62.1439
62.1439
62.1439
62.1695
62.1439
62.1439
62.1439
62.1439
62.1439
62.1439
62.1439
62.1439
62.1439
62.1439
62.1439
62.1439
62.1439
62.1439
62.1439
62.1439
62.1439
62.1439
62.1439
62.1439
62.1439
62.1439
62.1439
62.1439
62.1439
62.1439
62.1439
62.1439
62.1439
62.1439
62.1439
62.1439
62.1439
62.1439
62.1439
62.1439
62.1439
62.1439
62.1439
62.1439
62.1439
62.1439
62.1439
62.1439
62.1439
62.1439
62.1439
62.1439
62.1439
62.1439
62.1439
62.1439
62.1439
62.1439
62.1439
62.1439
62.1439
62.1439
62.1439
62.1439
62.1439
62.1404
62.1334
62.1073
62.0324
61.9575
61.946
61.8951
61.8868
61.8868
61.8868
61.8868
61.8868
61.8868
61.8868
61.8868
61.8868
61.8868
61.8868
61.8868
61.8868
61.8868
61.8868
61.8868
61.8868
61.8868
61.8868
61.8868
61.8868
61.8868
61.8868
61.8868
61.8868
61.8868
61.8868
61.8868
61.8868
61.8868
61.8868
61.8868
61.8868
61.8868
61.8868
61.8868
61.8868
61.8868
61.8868
61.8868
61.8868
61.8868
61.8868
61.8868
61.8868
61.8868
61.8868
61.8868
61.8868
61.8868
61.8868
61.8868
61.8868
61.8868
61.8868
61.8868
61.8868
61.8868
61.8868
61.8868
61.8868
61.8868
61.8868
61.8868
61.8868
61.8868
61.8868
61.8868
61.8868
61.8868
61.8868
61.8868
61.8868
61.8868
61.8868
61.8868
61.8868
61.8868
61.8868
61.8868
61.8868
61.8868
61.8868
61.8868
61.8868
61.8868
61.8868
61.8868
61.8868
61.8868
61.8868
61.8868
61.8868
61.8868
61.8868
61.8868
61.8868
61.8868
61.8868
61.8868
61.8868
61.8868
61.8868
61.8833
61.8798
61.8693
61.8484
61.7539
61.7119
61.7119
61.7119
61.7119
61.7119
61.7119
61.7119
61.7119
61.7119
61.7119
61.7119
61.7119
61.7119
61.7119
61.7119
61.7119
61.7119
61.7119
61.7119
61.7119
61.7119
61.7119
61.7119
61.7119
61.7119
61.7119
61.7119
61.7119
61.7119
61.7119
61.7119
61.7119
61.7119
61.7119
61.7119
61.7119
61.7119
61.7119
61.7119
61.7119
61.7119
61.7119
61.7119
61.7119
61.7119
61.7119
61.7119
61.7119
61.7119
61.7119
61.7119
61.7119
61.7119
61.7119
61.7119
61.7119
61.7119
61.7119
61.7119
61.7119
61.7119
61.7119
61.7119
61.7119
61.7119
61.7119
61.7119
61.7119
61.7119
61.7119
61.7119
61.7119
61.7119
61.7119
61.7119
61.7119
61.7119
61.7119
61.7119
61.7119
61.7119
61.7119
61.7119
61.7119
61.7119
61.7119
61.7119
61.7119
61.7119
61.7119
61.7119
61.7119
61.7119
61.7119
61.7119
61.7119
61.7119
61.7119
61.7119
61.7119
61.7119
61.7119
61.7119
61.7119
61.7119
61.7119
61.7119
61.7119
61.7119
61.7119
61.7119
61.7119
61.7119
61.7119
61.7119
61.7119
61.7119
61.7119
61.7119
61.7119
61.7119
61.7119
61.7119
61.7119
61.7119
61.7119
61.7119
61.7119
61.7119
61.7119
61.7119
61.7119
61.7119
61.7119
61.7119
61.7119
61.7119
61.7119
61.7119
61.7119
61.7119
61.7119
61.7119
61.7119
61.7119
61.7119
61.7119
61.7119
61.7119
61.7119
61.7119
61.7119
61.7119
61.7119
61.7119
61.7119
61.7119
61.7119
61.7119
61.7119
61.7119
61.7119
61.7119
61.7119
61.7119
61.7119
61.7119
61.7119
61.7119
61.7119
61.7119
61.7119
61.7119
61.7119
61.7119
61.7119
61.7119
61.7119
61.7119
61.7119
61.7119
61.7119
61.7119
61.7119
61.7119
61.7119
61.7119
61.7119
61.7119
61.7119
61.7119
61.7119
61.7119
61.7119
61.7119
61.7119
61.7119
61.7119
61.7119
61.7119
61.7119
61.7119
61.7119
61.7119
61.7119
61.7119
61.7119
61.7119
61.7119
61.7119
61.7119
61.7119
61.7119
61.7119
61.7119
61.7119
61.7119
61.7119
61.7119
61.7119
61.7119
61.7119
61.7119
61.7119
61.7119
61.7119
61.7119
61.7119
61.7119
61.7119
61.7119
61.7119
61.7119
61.7119
61.7119
61.7119
61.7119
61.7119
61.7119
61.7119
61.7119
61.7119
61.7119
61.7119
61.7119
61.7119
61.7119
61.7119
61.7119
61.7119
61.7119
61.7119
61.7119
61.7119
61.7119
61.7119
61.7119
61.7119
61.7119
61.7119
61.7119
61.7119
61.7119
61.7119
61.7119
61.7119
61.7119
61.7119
61.7119
61.7119
61.7119
61.7119
61.7119
61.7119
61.7119
61.7119
61.7119
61.7119
61.7119
61.7119
61.7119
61.7119
61.7119
61.7119
61.7119
61.7119
61.7119
61.7119
61.7119
61.7119
61.7119
61.7119
61.7119
61.7119
61.7119
61.7119
61.7119
61.7119
61.7119
61.7119
61.7119
61.7119
61.7119
61.7119
61.7119
61.7119
61.7119
61.7119
61.7119
61.7119
61.7119
61.7119
61.7119
61.7119
61.7119
61.7119
61.7119
61.7119
61.7119
61.7119
61.7119
61.7119
61.7119
61.7119
61.7119
61.7119
61.7119
61.7119
61.7119
61.7119
61.7119
61.7119
61.7119
61.7119
61.7119
61.7119
61.7119
61.7119
61.7119
61.7119
61.7119
61.7119
61.7119
61.7119
61.7119
61.7119
61.7119
61.7119
61.7119
61.7119
61.7119
61.7119
61.7119
61.7119
61.7119
61.7119
61.7119
61.7119
61.7119
61.7119
61.7119
61.7119
61.7119
61.7119
61.7119
61.7119
61.7119
61.7119
61.7119
61.7119
61.7119
61.7119
61.7119
61.7119
61.7119
61.7119
61.7119
61.7119
61.7119
61.7119
61.7119
61.7119
61.7119
61.7119
61.7119
61.7119
61.7119
61.7119
61.7119
61.7119
61.7119
61.7119
61.7119
61.7119
61.7119
61.7119
61.7119
61.7119
61.7119
61.7119
61.7119
61.7119
61.7119
61.7119
61.7119
61.7119
61.7119
61.7119
61.7119
61.7119
61.7119
61.7119
61.7119
61.7119
61.7119
61.7119
61.7119
61.7119
61.7119
61.7119
61.7119
61.7119
61.7119
61.7119
61.7119
61.7119
61.7119
61.7119
61.7119
61.7119
61.7119
61.7119
61.7119
61.7119
61.7119
61.7119
61.7119
61.7119
61.7119
61.7119
61.7119
61.7119
61.7119
61.7119
61.7119
61.7119
61.7119
61.7119
61.7119
61.7119
61.7119
61.7119
61.7119
61.7119
61.7119
61.7119
61.7119
61.7119
61.7119
61.7119
61.7119
61.7119
61.7119
61.7119
61.7119
61.7119
61.7119
61.7119
61.7119
61.7119
61.7086
61.6985
61.6783
61.5941
61.5435
61.5435
61.5435
61.5435
61.5435
61.5435
61.5435
61.5435
61.5435
61.5435
61.5435
61.5435
61.5435
61.5435
61.5435
61.5435
61.5435
61.5435
61.5435
61.5435
61.5435
61.5435
61.5435
61.5435
61.5435
61.5435
61.5435
61.5435
61.5435
61.5435
61.5435
61.5435
61.5435
61.5435
61.5435
61.5435
61.5435
61.5435
61.5435
61.5435
61.5435
61.5435
61.5435
61.5435
61.5435
61.5435
61.5435
61.5435
61.5435
61.5435
61.5435
61.5435
61.5435
61.5435
61.5435
61.5435
61.5435
61.5435
61.5435
61.5435
61.5435
61.5435
61.5435
61.5435
61.5435
61.5435
61.5435
61.5435
61.5435
61.5435
61.5435
61.5435
61.5435
61.5435
61.5435
61.5435
61.5435
61.5435
61.5435
61.5435
61.5435
61.5435
61.5435
61.5435
61.5435
61.5435
61.5435
61.5435
61.5435
61.5435
61.5435
61.5435
61.5435
61.5435
61.5435
61.5435
61.5435
61.5435
61.5435
61.5435
61.5435
61.5435
61.5435
61.5435
61.5435
61.5435
61.5435
61.5435
61.5435
61.5435
61.5435
61.5435
61.5435
61.5435
61.5435
61.5435
61.5435
61.5435
61.5435
61.5435
61.5435
61.5435
61.5435
61.5435
61.5435
61.5435
61.5435
61.5435
61.5435
61.5435
61.5435
61.5435
61.5435
61.5435
61.5435
61.5435
61.5435
61.5435
61.5435
61.5435
61.5435
61.5435
61.5435
61.5435
61.5435
61.5435
61.5435
61.5435
61.5435
61.5435
61.5435
61.5435
61.5435
61.5435
61.5435
61.5435
61.5435
61.5435
61.5435
61.5435
61.5435
61.5435
61.5435
61.5435
61.5435
61.5435
61.5435
61.5435
61.5435
61.5435
61.5435
61.5435
61.5435
61.5435
61.5435
61.5435
61.5435
61.5435
61.5435
61.5435
61.5435
61.5435
61.5435
61.5435
61.5435
61.5435
61.5435
61.5435
61.5435
61.5435
61.5435
61.5435
61.5435
61.5435
61.5435
61.5435
61.5435
61.5435
61.5435
61.5435
61.5435
61.5435
61.5435
61.5435
61.5435
61.5435
61.5435
61.5435
61.5435
61.5435
61.5435
61.5435
61.5435
61.5435
61.5435
61.5435
61.5435
61.5435
61.5435
61.5435
61.5435
61.5435
61.5435
61.5435
61.5435
61.5435
61.5435
61.5435
61.5435
61.5435
61.5435
61.5435
61.5435
61.5435
61.5435
61.5435
61.5435
61.5435
61.5435
61.5435
61.5435
61.5435
61.5435
61.5435
61.5435
61.5435
61.5435
61.5435
61.5435
61.5435
61.5435
61.5435
61.5435
61.5435
61.5435
61.5435
61.5435
61.5435
61.5435
61.5435
61.5435
61.5414
61.5393
61.5285
61.5028
61.4364
61.4364
61.4364
61.4364
61.4364
61.4364
61.4364
61.4364
61.4364
61.4364
61.4364
61.4364
61.4364
61.4364
61.4364
61.4364
61.4364
61.4364
61.4364
61.4364
61.4364
61.4364
61.4364
61.4364
61.4364
61.4364
61.4364
61.4364
61.4364
61.4364
61.4364
61.4364
61.4364
61.4364
61.4364
61.4364
61.4364
61.4364
61.4364
61.4364
61.4364
61.4364
61.4364
61.4364
61.4364
61.4364
61.4364
61.4364
61.4364
61.4364
61.4364
61.4364
61.4364
61.4364
61.4364
61.4364
61.4364
61.4364
61.4364
61.4364
61.4364
61.4364
61.4364
61.4364
61.4364
61.4364
61.4364
61.4364
61.4364
61.4364
61.4364
61.4364
61.4364
61.4364
61.4364
61.4364
61.4364
61.4364
61.4364
61.4364
61.4364
61.4364
61.4364
61.4364
61.4364
61.4364
61.4364
61.4364
61.4364
61.4364
61.4364
61.4364
61.4364
61.4364
61.4364
61.4364
61.4364
61.4364
61.4364
61.4364
61.4364
61.4364
61.4364
61.4364
61.4364
61.4364
61.4364
61.4364
61.4364
61.4364
61.4364
61.4364
61.4364
61.4364
61.4364
61.4364
61.4364
61.4364
61.4364
61.4364
61.4364
61.4364
61.4364
61.4364
61.4364
61.4364
61.4364
61.4364
61.4364
61.4364
61.4364
61.4364
61.4364
61.4364
61.4364
61.4364
61.4364
61.4364
61.4364
61.4364
61.4364
61.4364
61.4364
61.4364
61.4364
61.4364
61.4364
61.4364
61.4364
61.4364
61.4364
61.4364
61.4364
61.4364
61.4364
61.4364
61.4364
61.4364
61.4364
61.4364
61.4364
61.4364
61.4364
61.4364
61.4364
61.4364
61.4364
61.4364
61.4364
61.4364
61.4364
61.4364
61.4364
61.4364
61.4364
61.4364
61.4364
61.4364
61.4364
61.4364
61.4364
61.4364
61.4364
61.4364
61.4364
61.4364
61.4364
61.4364
61.4364
61.4364
61.4364
61.4364
61.4364
61.4364
61.4364
61.4364
61.4364
61.4364
61.4364
61.4364
61.4364
61.4364
61.4364
61.4364
61.4364
61.4364
61.4364
61.4364
61.4364
61.4364
61.4364
61.4364
61.4364
61.4364
61.4364
61.4364
61.4364
61.4364
61.4364
61.4364
61.4364
61.4364
61.4364
61.4364
61.4364
61.4364
61.4364
61.4364
61.4364
61.4364
61.4364
61.4364
61.4364
61.4364
61.4364
61.4364
61.4364
61.4364
61.4364
61.4364
61.4364
61.4364
61.4364
61.4364
61.4364
61.4364
61.4364
61.4364
61.4364
61.4364
61.4364
61.4364
61.4364
61.4364
61.4364
61.4364
61.4364
61.4364
61.4364
61.4364
61.4364
61.4364
61.4364
61.4364
61.4364
61.4364
61.4364
61.4364
61.4364
61.4364
61.4364
61.4364
61.4364
61.4364
61.4364
61.4364
61.4364
61.4364
61.4364
61.4364
61.4364
61.4364
61.4364
61.4364
61.4364
61.4364
61.4364
61.4364
61.4364
61.4364
61.4364
61.4364
61.4364
61.4364
61.4364
61.4364
61.4364
61.4364
61.4364
61.4364
61.4364
61.4364
61.4364
61.4364
61.4364
61.4364
61.4364
61.4364
61.4364
61.4364
61.4364
61.4364
61.4364
61.4364
61.4364
61.4364
61.4364
61.4364
61.4364
61.4364
61.4364
61.4364
61.4364
61.4364
61.4364
61.4364
61.4364
61.4364
61.4364
61.4364
61.4364
61.4364
61.4364
61.4364
61.4364
61.4364
61.4364
61.4364
61.4364
61.4364
61.4364
61.4364
61.4364
61.4364
61.4364
61.4364
61.4364
61.4364
61.4364
61.4364
61.4364
61.4364
61.4364
61.4364
61.4364
61.4364
61.4364
61.4364
61.4364
61.4364
61.4364
61.4364
61.4364
61.4364
61.4364
61.4364
61.4364
61.4364
61.4364
61.4364
61.4364
61.4364
61.4364
61.4364
61.4364
61.4364
61.4364
61.4364
61.4364
61.4364
61.4364
61.4364
61.4364
61.4364
61.4364
61.4364
61.4364
61.4364
61.4364
61.4364
61.4364
61.4364
61.4364
61.4364
61.4364
61.4364
61.4364
61.4364
61.4364
61.4364
61.4364
61.4364
61.4364
61.4364
61.4364
61.4364
61.4364
61.4364
61.4364
61.4364
61.4364
61.4364
61.4364
61.4364
61.4364
61.4364
61.4364
61.4364
61.4364
61.4364
61.4364
61.4364
61.4364
61.4364
61.4364
61.4364
61.4364
61.4364
61.4364
61.4364
61.4364
61.4364
61.4364
61.4364
61.4364
61.4364
61.4364
61.4364
61.4364
61.4364
61.4364
61.4364
61.4364
61.4364
61.4364
61.4364
61.4364
61.4364
61.4364
61.4364
61.4364
61.4364
61.4364
61.4364
61.4364
61.4364
61.4364
61.4364
61.4364
61.4364
61.4364
61.4364
61.4364
61.4364
61.4364
61.4364
61.4364
61.4364
61.4364
61.4364
61.4364
61.4364
61.4364
61.4364
61.4364
61.4364
61.4364
61.4364
61.4364
61.4364
61.4364
61.4364
61.4364
61.4364
61.4364
61.4364
61.4364
61.4364
61.4364
61.4364
61.4364
61.4364
61.4364
61.4364
61.4364
61.4364
61.4364
61.4364
61.4364
61.4364
61.4364
61.4364
61.4364
61.4364
61.4364
61.4364
61.4364
61.4364
61.4364
61.4364
61.4364
61.4364
61.4364
61.4364
61.4364
61.4364
61.4364
61.4364
61.4364
61.4364
61.4364
61.4364
61.4364
61.4364
61.4364
61.4364
61.4364
61.4364
61.4364
61.4364
61.4364
61.4364
61.4364
61.4364
61.4364
61.4364
61.4364
61.4364
61.4364
61.4364
61.4364
61.4364
61.4364
61.4364
61.4364
61.4364
61.4364
61.4364
61.4364
61.4364
61.4364
61.4364
61.4364
61.4364
61.4364
61.4364
61.4364
61.4364
61.4364
61.4364
61.4364
61.4364
61.4364
61.4364
61.4364
61.4364
61.4364
61.4364
61.4364
61.4364
61.4364
61.4364
61.4364
61.4364
61.4364
61.4364
61.4364
61.4364
61.4364
61.4364
61.4364
61.4364
61.4364
61.4364
61.4364
61.4364
61.4364
61.4364
61.4364
61.4364
61.4364
61.4364
61.4364
61.4364
61.4364
61.4364
61.4364
61.4364
61.4364
61.4364
61.4364
61.4364
61.4364
61.4364
61.4364
61.4364
61.4364
61.4364
61.4364
61.4364
61.4364
61.4364
61.4364
61.4364
61.4364
61.4364
61.4364
61.4364
61.4364
61.4364
61.4364
61.4364
61.4364
61.4364
61.4364
61.4364
61.4364
61.4364
61.4364
61.4364
61.4364
61.4364
61.4364
61.4364
61.4364
61.4364
61.4364
61.4364
61.4364
61.4364
61.4364
61.4364
61.4364
61.4364
61.4364
61.4364
61.4364
61.4364
61.4364
61.4364
61.4364
61.4364
61.4364
61.4364
61.4364
61.4364
61.4364
61.4364
61.4364
61.4364
61.4364
61.4364
61.4364
61.4364
61.4364
61.4364
61.4364
61.4364
61.4364
61.4364
61.4364
61.4364
61.4364
61.4364
61.4364
61.4364
61.4364
61.4364
61.4364
61.4364
61.4364
61.4364
61.4364
61.4364
61.4364
61.4364
61.4364
61.4364
61.4364
61.4364
61.4364
61.4364
61.4364
61.4364
61.4364
61.4364
61.4364
61.4364
61.4364
61.4364
61.4364
61.4364
61.4364
61.4364
61.4364
61.4364
61.4364
61.4364
61.4364
61.4364
61.4364
61.4364
61.4364
61.4364
61.4364
61.4364
61.4364
61.4364
61.4364
61.4364
61.4364
61.4364
61.4364
61.4364
61.4364
61.4364
61.4364
61.4364
61.4364
61.4364
61.4364
61.4364
61.4364
61.4364
61.4364
61.4364
61.4364
61.4364
61.4364
61.4364
61.4364
61.4364
61.4364
61.4364
61.4364
61.4364
61.4364
61.4364
61.4364
61.4364
61.4364
61.4364
61.4364
61.4364
61.4364
61.4364
61.4364
61.4364
61.4364
61.4364
61.4364
61.4364
61.4364
61.4364
61.4364
61.4364
61.4364
61.4364
61.4364
61.4364
61.4364
61.4364
61.4364
61.4364
61.4364
61.4364
61.4364
61.4364
61.4364
61.4364
61.4364
61.4364
61.4364
61.4364
61.4364
61.4364
61.4364
61.4364
61.4364
61.4364
61.4364
61.4364
61.4364
61.4364
61.4364
61.4364
61.4364
61.4364
61.4364
61.4364
61.4364
61.4364
61.4364
61.4364
61.4364
61.4364
61.4364
61.4364
61.4364
61.4364
61.4364
61.4364
61.4364
61.4364
61.4364
61.4364
61.4364
61.4364
61.4364
61.4364
61.4364
61.4364
61.4364
61.4364
61.4364
61.4364
61.4364
61.4364
61.4364
61.4364
61.4364
61.4364
61.4364
61.4364
61.4364
61.4364
61.4364
61.4364
61.4364
61.4364
61.4364
61.4364
61.4364
61.4364
61.4364
61.4364
61.4364
61.4364
61.4364
61.4364
61.4364
61.4364
61.4364
61.4364
61.4364
61.4364
61.4364
61.4364
61.4364
61.4364
61.4364
61.4364
61.4364
61.4364
61.4364
61.4364
61.4364
61.4364
61.4364
61.4364
61.4364
61.4364
61.4364
61.4364
61.4364
61.4364
61.4364
61.4364
61.4364
61.4364
61.4364
61.4364
61.4364
61.4364
61.4364
61.4364
61.4364
61.4364
61.4364
61.4364
61.4364
61.4364
61.4364
61.4364
61.4364
61.4364
61.4364
61.4364
61.4364
61.4364
61.4364
61.4364
61.4364
61.4364
61.4364
61.4364
61.4364
61.4364
61.4364
61.4364
61.4364
61.4364
61.4364
61.4364
61.4364
61.4364
61.4364
61.4364
61.4364
61.4364
61.4364
61.4364
61.4364
61.4364
61.4364
61.4364
61.4364
61.4364
61.4364
61.4364
61.4364
61.4364
61.4364
61.4364
61.4364
61.4364
61.4364
61.4364
61.4364
61.4364
61.4364
61.4364
61.4364
61.4364
61.4364
61.4364
61.4364
61.4364
61.4364
61.4364
61.4364
61.4364
61.4364
61.4364
61.4364
61.4364
61.4364
61.4364
61.4364
61.4364
61.4364
61.4364
61.4364
61.4364
61.4364
61.4364
61.4364
61.4364
61.4364
61.4364
61.4364
61.4364
61.4364
61.4364
61.4364
61.4364
61.4364
61.4364
61.4364
61.4364
61.4364
61.4364
61.4364
61.4364
61.4364
61.4364
61.4364
61.4364
61.4364
61.4364
61.4364
61.4364
61.4364
61.4364
61.4364
61.4364
61.4364
61.4364
61.4364
61.4364
61.4364
61.4364
61.4364
61.4364
61.4364
61.4364
61.4364
61.4364
61.4364
61.4364
61.4364
61.4364
61.4364
61.4364
61.4364
61.4364
61.4364
61.4364
61.4364
61.4364
61.4364
61.4364
61.4364
61.4364
61.4364
61.4364
61.4364
61.4364
61.4364
61.4364
61.4364
61.4364
61.4364
61.4364
61.4364
61.4364
61.4364
61.4364
61.4364
61.4364
61.4364
61.4364
61.4364
61.4364
61.4364
61.4364
61.4364
61.4364
61.4364
61.4364
61.4364
61.4364
61.4364
61.4364
61.4364
61.4364
61.4364
61.4364
61.4364
61.4364
61.4364
61.4364
61.4364
61.4364
61.4364
61.4364
61.4364
61.4364
61.4364
61.4364
61.4364
61.4364
61.4364
61.4364
61.4364
61.4364
61.4364
61.4364
61.4364
61.4364
61.4364
61.4364
61.4364
61.4364
61.4364
61.4364
61.4364
61.4364
61.4364
61.4364
61.4364
61.4364
61.4364
61.4364
61.4364
61.4364
61.4364
61.4364
61.4364
61.4364
61.4364
61.4364
61.4364
61.4364
61.4364
61.4364
61.4364
61.4364
61.4364
61.4364
61.4364
61.4364
61.4364
61.4364
61.4364
61.4364
61.4364
61.4364
61.4364
61.4364
61.4364
61.4364
61.4364
61.4364
61.4364
61.4364
61.4364
61.4364
61.4364
61.4364
61.4364
61.4364
61.4364
61.4364
61.4364
61.4364
61.4364
61.4364
61.4364
61.4364
61.4364
61.4364
61.4364
61.4364
61.4364
61.4364
61.4364
61.4364
61.4364
61.4364
61.4364
61.4364
61.4364
61.4364
61.4364
61.4364
61.4364
61.4364
61.4364
61.4364
61.4364
61.4364
61.4364
61.4364
61.4364
61.4364
61.4364
61.4364
61.4364
61.4364
61.4364
61.4364
61.4364
61.4364
61.4364
61.4364
61.4364
61.4364
61.4364
61.4364
61.4364
61.4364
61.4364
61.4364
61.4364
61.4364
61.4364
61.4364
61.4364
61.4364
61.4364
61.4364
61.4364
61.4364
61.4364
61.4364
61.4364
61.4364
61.4364
61.4364
61.4364
61.4364
61.4364
61.4364
61.4364
61.4364
61.4364
61.4364
61.4364
61.4364
61.4364
61.4364
61.4364
61.4364
61.4364
61.4364
61.4364
61.4364
61.4364
61.4364
61.4364
61.4364
61.4364
61.4364
61.4364
61.4364
61.4364
61.4364
61.4364
61.4364
61.4364
61.4364
61.4364
61.4364
61.4364
61.4364
61.4364
61.4364
61.4364
61.4364
61.4364
61.4364
61.4364
61.4364
61.4364
61.4364
61.4364
61.4364
61.4364
61.4364
61.4364
61.4364
61.4364
61.4364
61.4364
61.4364
61.4364
61.4364
61.4364
61.4364
61.4364
61.4364
61.4364
61.4364
61.4364
61.4364
61.4364
61.4364
61.4364
61.4364
61.4364
61.4364
61.4364
61.4364
61.4364
61.4364
61.4364
61.4364
61.4364
61.4364
61.4364
61.4364
61.4364
61.4364
61.4364
61.4364
61.4364
61.4364
61.4364
61.4364
61.4364
61.4364
61.4364
61.4364
61.4364
61.4364
61.4364
61.4364
61.4364
61.4364
61.4364
61.4364
61.4364
61.4364
61.4364
61.4364
61.4364
61.4364
61.4364
61.4364
61.4364
61.4364
61.4364
61.4364
61.4364
61.4364
61.4364
61.4364
61.4364
61.4364
61.4364
61.4364
61.4364
61.4364
61.4364
61.4364
61.4364
61.4364
61.4364
61.4364
61.4364
61.4364
61.4364
61.4364
61.4364
61.4364
61.4364
61.4364
61.4364
61.4364
61.4364
61.4364
61.4364
61.4364
61.4364
61.4364
61.4364
61.4364
61.4364
61.4364
61.4364
61.4364
61.4364
61.4364
61.4364
61.4364
61.4364
61.4364
61.4364
61.4364
61.4364
61.4364
61.4364
61.4364
61.4364
61.4364
61.4364
61.4364
61.4364
61.4364
61.4364
61.4364
61.4364
61.4364
61.4364
61.4364
61.4364
61.4364
61.4364
61.4364
61.4364
61.4364
61.4364
61.4364
61.4364
61.4364
61.4364
61.4364
61.4364
61.4364
61.4364
61.4364
61.4364
61.4364
61.4364
61.4364
61.4364
61.4364
61.4364
61.4364
61.4364
61.4364
61.4364
61.4364
61.4364
61.4364
61.4364
61.4364
61.4364
61.4364
61.4364
61.4364
61.4364
61.4364
61.4364
61.4364
61.4364
61.4364
61.4364
61.4364
61.4364
61.4364
61.4364
61.4364
61.4364
61.4364
61.4364
61.4364
61.4364
61.4364
61.4364
61.4364
61.4364
61.4364
61.4364
61.4364
61.4364
61.4364
61.4364
61.4364
61.4364
61.4364
61.4364
61.4364
61.4364
61.4364
61.4364
61.4364
61.4364
61.4364
61.4364
61.4364
61.4364
61.4364
61.4364
61.4364
61.4364
61.4364
61.4364
61.4364
61.4364
61.4364
61.4364
61.4364
61.4364
61.4364
61.4364
61.4364
61.4364
61.4364
61.4364
61.4364
61.4364
61.4364
61.4364
61.4364
61.4364
61.4364
61.4364
61.4364
61.4364
61.4364
61.4364
61.4364
61.4364
61.4364
61.4364
61.4364
61.4364
61.4364
61.4364
61.4364
61.4364
61.4364
61.4364
61.4364
61.4364
61.4364
61.4364
61.4364
61.4364
61.4364
61.4364
61.4364
61.4364
61.4364
61.4364
61.4364
61.4364
61.4364
61.4364
61.4364
61.4364
61.4364
61.4364
61.4364
61.4364
61.4364
61.4364
61.4364
61.4364
61.4364
61.4364
61.4364
61.4364
61.4364
61.4364
61.4364
61.4364
61.4364
61.4364
61.4364
61.4364
61.4364
61.4364
61.4364
61.4364
61.4364
61.4364
61.4364
61.4364
61.4364
61.4364
61.4364
61.4364
61.4364
61.4364
61.4364
61.4364
61.4364
61.4364
61.4364
61.4364
61.4364
61.4364
61.4364
61.4364
61.4364
61.4364
61.4364
61.4364
61.4364
61.4364
61.4364
61.4364
61.4364
61.4364
61.4364
61.4364
61.4364
61.4364
61.4364
61.4364
61.4364
61.4364
61.4364
61.4364
61.4364
61.4364
61.4364
61.4364
61.4364
61.4364
61.4364
61.4364
61.4364
61.4364
61.4364
61.4364
61.4364
61.4364
61.4364
61.4364
61.4364
61.4364
61.4364
61.4364
61.4364
61.4364
61.4364
61.4364
61.4364
61.4364
61.4364
61.4364
61.4364
61.4364
61.4364
61.4364
61.4364
61.4364
61.4364
61.4364
61.4364
61.4364
61.4364
61.4364
61.4364
61.4364
61.4364
61.4364
61.4364
61.4364
61.4364
61.4364
61.4364
61.4364
61.4364
61.4364
61.4364
61.4364
61.4364
61.4364
61.4364
61.4364
61.4364
61.4364
61.4364
61.4364
61.4364
61.4364
61.4364
61.4364
61.4364
61.4364
61.4364
61.4364
61.4364
61.4364
61.4364
61.4364
61.4364
61.4364
61.4364
61.4364
61.4364
61.4364
61.4364
61.4364
61.4364
61.4364
61.4364
61.4364
61.4364
61.4364
61.4364
61.4364
61.4364
61.4364
61.4364
61.4364
61.4364
61.4364
61.4364
61.4364
61.4364
61.4364
61.4364
61.4364
61.4364
61.4364
61.4364
61.4364
61.4364
61.4364
61.4364
61.4364
61.4364
61.4364
61.4364
61.4364
61.4364
61.4364
61.4364
61.4364
61.4364
61.4364
61.4364
61.4364
61.4364
61.4364
61.4364
61.4364
61.4364
61.4364
61.4364
61.4364
61.4364
61.4364
61.4364
61.4364
61.4364
61.4364
61.4364
61.4364
61.4364
61.4364
61.4364
61.4364
61.4364
61.4364
61.4364
61.4364
61.4364
61.4364
61.4364
61.4364
61.4364
61.4364
61.4364
61.4364
61.4364
61.4364
61.4364
61.4364
61.4364
61.4364
61.4364
61.4364
61.4364
61.4364
61.4364
61.4364
61.4364
61.4364
61.4364
61.4364
61.4364
61.4364
61.4364
61.4364
61.4364
61.4364
61.4364
61.4364
61.4364
61.4364
61.4364
61.4364
61.4364
61.4364
61.4364
61.4364
61.4364
61.4364
61.4364
61.4364
61.4364
61.4364
61.4364
61.4364
61.4364
61.4364
61.4364
61.4364
61.4364
61.4364
61.4364
61.4364
61.4364
61.4364
61.4364
61.4364
61.4364
61.4364
61.4364
61.4364
61.4364
61.4364
61.4364
61.4364
61.4364
61.4364
61.4364
61.4364
61.4364
61.4364
61.4364
61.4364
61.4364
61.4364
61.4364
61.4364
61.4364
61.4364
61.4364
61.4364
61.4364
61.4364
61.4364
61.4364
61.4364
61.4364
61.4364
61.4364
61.4364
61.4364
61.4364
61.4364
61.4364
61.4364
61.4364
61.4364
61.4364
61.4364
61.4364
61.4364
61.4364
61.4364
61.4364
61.4364
61.4364
61.4364
61.4364
61.4364
61.4364
61.4364
61.4364
61.4364
61.4364
61.4364
61.4364
61.4364
61.4364
61.4364
61.4364
61.4364
61.4364
61.4364
61.4364
61.4364
61.4364
61.4364
61.4364
61.4364
61.4364
61.4364
61.4364
61.4364
61.4364
61.4364
61.4364
61.4364
61.4364
61.4364
61.4364
61.4364
61.4364
61.4364
61.4364
61.4364
61.4364
61.4364
61.4364
61.4364
61.4364
61.4364
61.4364
61.4364
61.4364
61.4364
61.4364
61.4364
61.4364
61.4364
61.4364
61.4364
61.4364
61.4364
61.4364
61.4364
61.4364
61.4364
61.4364
61.4364
61.4364
61.4364
61.4364
61.4364
61.4364
61.4364
61.4364
61.4364
61.4364
61.4364
61.4364
61.4364
61.4364
61.4364
61.4364
61.4364
61.4364
61.4364
61.4364
61.4364
61.4364
61.4364
61.4364
61.4364
61.4364
61.4364
61.4364
61.4364
61.4364
61.4364
61.4364
61.4364
61.4364
61.4364
61.4364
61.4364
61.4364
61.4364
61.4364
61.4364
61.4364
61.4364
61.4364
61.4364
61.4364
61.4364
61.4364
61.4364
61.4364
61.4364
61.4364
61.4364
61.4364
61.4364
61.4364
61.4364
61.4364
61.4364
61.4364
61.4364
61.4364
61.4364
61.4364
61.4364
61.4364
61.4364
61.4364
61.4364
61.4364
61.4364
61.4364
61.4364
61.4364
61.4364
61.4364
61.4364
61.4364
61.4364
61.4364
61.4364
61.4364
61.4364
61.4364
61.4364
61.4364
61.4364
61.4364
61.4364
61.4364
61.4364
61.4364
61.4364
61.4364
61.4364
61.4364
61.4364
61.4364
61.4364
61.4364
61.4364
61.4364
61.4364
61.4364
61.4364
61.4364
61.4364
61.4364
61.4364
61.4364
61.4364
61.4364
61.4364
61.4364
61.4364
61.4364
61.4364
61.4364
61.4364
61.4364
61.4364
61.4364
61.4364
61.4364
61.4364
61.4364
61.4364
61.4364
61.4364
61.4364
61.4364
61.4364
61.4364
61.4364
61.4364
61.4364
61.4364
61.4364
61.4364
61.4364
61.4364
61.4364
61.4364
61.4364
61.4364
61.4364
61.4364
61.4364
61.4364
61.4364
61.4364
61.4364
61.4364
61.4364
61.4364
61.4364
61.4364
61.4364
61.4364
61.4364
61.4364
61.4364
61.4364
61.4364
61.4364
61.4364
61.4364
61.4364
61.4364
61.4364
61.4364
61.4364
61.4364
61.4364
61.4364
61.4364
61.4364
61.4364
61.4364
61.4364
61.4364
61.4364
61.4364
61.4364
61.4364
61.4364
61.4364
61.4364
61.4364
61.4364
61.4364
61.4364
61.4364
61.4364
61.4364
61.4364
61.4364
61.4364
61.4364
61.4364
61.4364
61.4364
61.4364
61.4364
61.4364
61.4364
61.4364
61.4364
61.4364
61.4364
61.4364
61.4364
61.4364
61.4364
61.4364
61.4364
61.4364
61.4364
61.4364
61.4364
61.4364
61.4364
61.4364
61.4364
61.4364
61.4364
61.4364
61.4364
61.4364
61.4364
61.4364
61.4364
61.4364
61.4364
61.4364
61.4364
61.4364
61.4364
61.4364
61.4364
61.4364
61.4364
61.4364
61.4364
61.4364
61.4364
61.4364
61.4364
61.4364
61.4364
61.4364
61.4364
61.4364
61.4364
61.4364
61.4364
61.4364
61.4364
61.4364
61.4364
61.4364
61.4364
61.4364
61.4364
61.4364
61.4364
61.4364
61.4364
61.4364
61.4364
61.4364
61.4364
61.4364
61.4364
61.4364
61.4364
61.4364
61.4364
61.4364
61.4364
61.4364
61.4364
61.4364
61.4364
61.4364
61.4364
61.4364
61.4364
61.4364
61.4364
61.4364
61.4364
61.4364
61.4364
61.4364
61.4364
61.4364
61.4364
61.4364
61.4364
61.4364
61.4364
61.4364
61.4364
61.4364
61.4364
61.4364
61.4364
61.4364
61.4364
61.4364
61.4364
61.4364
61.4364
61.4364
61.4364
61.4364
61.4364
61.4364
61.4364
61.4364
61.4364
61.4364
61.4364
61.4364
61.4364
61.4364
61.4364
61.4364
61.4364
61.4364
61.4364
61.4364
61.4364
61.4364
61.4364
61.4364
61.4364
61.4364
61.4364
61.4364
61.4364
61.4364
61.4364
61.4364
61.4364
61.4364
61.4364
61.4364
61.4364
61.4364
61.4364
61.4364
61.4364
61.4364
61.4364
61.4364
61.4364
61.4364
61.4364
61.4364
61.4364
61.4364
61.4364
61.4364
61.4364
61.4364
61.4364
61.4364
61.4364
61.4364
61.4364
61.4364
61.4364
61.4364
61.4364
61.4364
61.4364
61.4364
61.4364
61.4364
61.4364
61.4364
61.4364
61.4364
61.4364
61.4364
61.4364
61.4364
61.4364
61.4364
61.4364
61.4364
61.4364
61.4364
61.4364
61.4364
61.4364
61.4364
61.4364
61.4364
61.4364
61.4364
61.4364
61.4364
61.4364
61.4364
61.4364
61.4364
61.4364
61.4364
61.4364
61.4364
61.4364
61.4364
61.4364
61.4364
61.4364
61.4364
61.4364
61.4364
61.4364
61.4364
61.4364
61.4364
61.4364
61.4364
61.4364
61.4364
61.4364
61.4364
61.4364
61.4364
61.4364
61.4364
61.4364
61.4364
61.4364
61.4364
61.4364
61.4364
61.4364
61.4364
61.4364
61.4364
61.4364
61.4364
61.4364
61.4364
61.4516
61.4364
61.4364
61.4364
61.4364
61.4364
61.4364
61.4364
61.4364
61.4364
61.4364
61.4364
61.4364
61.4364
61.4364
61.4364
61.4364
61.4364
61.4364
61.4364
61.4364
61.4364
61.4364
61.4364
61.4364
61.4364
61.4364
61.4364
61.4364
61.4364
61.4364
61.4364
61.4364
61.4364
61.4364
61.4364
61.4364
61.4364
61.4364
61.4364
61.4364
61.4364
61.4364
61.4364
61.4364
61.4364
61.4364
61.4364
61.4364
61.4364
61.4364
61.4364
61.4364
61.4364
61.4364
61.4364
61.4364
61.4364
61.4364
61.4364
61.4364
61.4364
61.4364
61.4364
61.4364
61.4364
61.4364
61.4364
61.4364
61.4364
61.4364
61.4364
61.4364
61.4364
61.4364
61.4364
61.4364
61.4364
61.4364
61.4364
61.4364
61.4364
61.4364
61.4364
61.4364
61.4364
61.4364
61.4364
61.4364
61.4364
61.4364
61.4364
61.4364
61.4364
61.4364
61.4364
61.4364
61.4364
61.4364
61.4364
61.4364
61.4364
61.4364
61.4364
61.4364
61.4364
61.4364
61.4364
61.4364
61.4364
61.4364
61.4364
61.4364
61.4364
61.4364
61.4364
61.4364
61.4364
61.4364
61.4364
61.4364
61.4364
61.4364
61.4364
61.4364
61.4364
61.4364
61.4364
61.4364
61.4364
61.4364
61.4364
61.4364
61.4364
61.4364
61.4364
61.4364
61.4364
61.4364
61.4364
61.4364
61.4364
61.4364
61.4364
61.4364
61.4364
61.4364
61.4364
61.4364
61.4364
61.4364
61.4364
61.4364
61.4364
61.4364
61.4364
61.4364
61.4364
61.4364
61.4364
61.4364
61.4364
61.4364
61.4364
61.4364
61.4364
61.4364
61.4364
61.4364
61.4364
61.4364
61.4364
61.4364
61.4364
61.4364
61.4364
61.4364
61.4364
61.4364
61.4364
61.4364
61.4364
61.4364
61.4364
61.4364
61.4364
61.4364
61.4364
61.4364
61.4364
61.4364
61.4364
61.4364
61.4364
61.4364
61.4364
61.4364
61.4364
61.4364
61.4364
61.4364
61.4364
61.4364
61.4364
61.4364
61.4364
61.4364
61.4364
61.4364
61.4364
61.4364
61.4364
61.4364
61.4364
61.4364
61.4364
61.4364
61.4364
61.687
61.4364
61.4364
61.4364
61.4364
61.4364
61.4364
61.4364
61.4364
61.4364
61.4364
61.4364
61.4364
61.4364
61.4364
61.4364
61.4364
61.4364
61.4364
61.4364
61.4364
61.4364
61.4364
61.4364
61.4364
61.4364
61.4364
61.4364
61.4364
61.4364
61.4364
61.4364
61.4364
61.4364
61.4364
61.4364
61.4364
61.4364
61.4364
61.4364
61.4364
61.4364
61.4364
61.4364
61.4364
61.4364
61.4364
61.4364
61.4364
61.4364
61.4364
61.4364
61.4364
61.4364
61.4364
61.4364
61.4364
61.4364
61.4364
61.4364
61.4364
61.4364
61.4364
61.4364
61.4364
61.4364
61.4364
61.4364
61.4364
61.4364
61.4364
61.4364
61.4364
61.4364
61.4364
61.4364
61.4364
61.4364
61.4364
61.4364
61.4364
61.4364
61.4364
61.4364
61.4364
61.4364
61.4364
61.4364
61.4364
61.4364
61.4364
61.4364
61.4364
61.4364
61.4364
61.4364
61.4364
61.4364
61.4364
61.4364
61.4364
61.4364
61.4364
61.4364
61.4364
61.4364
61.4364
61.4364
61.4364
61.4364
61.4364
61.4364
61.4364
61.4364
61.4364
61.4364
61.4364
61.4364
61.4364
61.4364
61.4364
61.4364
61.4364
61.4364
61.4364
61.4364
61.4364
61.4364
61.4364
61.4364
61.4364
61.4364
61.4364
61.4364
61.4364
61.4364
61.4364
61.4364
61.4364
61.4364
61.4364
61.4364
61.4364
61.4364
61.4364
61.4364
61.4364
61.4364
61.4364
61.4364
61.4364
61.4364
61.4364
61.4364
61.4364
61.4364
61.4364
61.4364
61.4364
61.4364
61.4364
61.4364
61.4364
61.4364
61.4364
61.4364
61.4364
61.4364
61.4364
61.4364
61.4364
61.4364
61.4364
61.4364
61.4364
61.4364
61.4364
61.4364
61.4364
61.4364
61.4364
61.4364
61.4364
61.4364
61.4364
61.4364
61.4364
61.4364
61.4364
61.4364
61.4364
61.4364
61.4364
61.4364
61.4364
61.4364
61.4364
61.4364
61.4364
61.4364
61.4364
61.4364
61.4364
61.4364
61.4364
61.4364
61.4364
61.4364
61.4364
61.4364
61.4364
61.4364
61.4364
61.4364
61.4364
61.4364
61.4364
61.4364
61.4364
61.4364
61.4364
61.4364
61.4364
61.4364
61.4364
61.4364
61.4364
61.4364
61.4364
61.4364
61.4364
61.4364
61.4364
61.4364
61.4364
61.4364
61.4364
61.4364
61.4364
61.4364
61.4364
61.4364
61.4364
61.4364
61.4364
61.4364
61.4364
61.4364
61.4364
61.4364
61.4364
61.4364
61.4364
61.4364
61.4364
61.4364
61.4364
61.4364
61.4364
61.4364
61.4364
61.4364
61.4364
61.4364
61.4364
61.4364
61.4364
61.4364
61.4364
61.4364
61.4364
61.4364
61.4364
61.4364
61.4364
61.4364
61.4364
61.4364
61.4364
61.4364
61.4364
61.4364
61.4364
61.4364
61.4364
61.4364
61.4364
61.4364
61.4364
61.4364
61.4364
61.4364
61.4364
61.4364
61.4364
61.4364
61.4364
61.4364
61.4364
61.4364
61.4364
61.4364
61.4364
61.4364
61.4364
61.4364
61.4364
61.4364
61.4364
61.4364
61.4364
61.4364
61.4364
61.4364
61.4364
61.4364
61.4364
61.4364
61.4364
61.4364
61.4364
61.4364
61.4364
61.4364
61.4364
61.4364
61.4364
61.4364
61.4364
61.4364
61.4364
61.4364
61.4364
61.4364
61.4364
61.4364
61.4364
61.4364
61.4364
61.4364
61.4364
61.4364
61.4364
61.4364
61.4364
61.4364
61.4364
61.4364
61.4364
61.4364
61.4364
61.4364
61.4364
61.4364
61.4364
61.4364
61.4364
61.4364
61.4364
61.4364
61.4364
61.4364
61.4364
61.4364
61.4364
61.4364
61.4364
61.4364
61.4364
61.4364
61.4364
61.4364
61.4364
61.4364
61.4364
61.4364
61.4364
61.4364
61.4364
61.4364
61.4364
61.4364
61.4364
61.4364
61.4364
61.4364
61.4364
61.4364
61.4364
61.4364
61.4364
61.4364
61.4364
61.4364
61.4364
61.4364
61.4364
61.4364
61.4364
61.4364
61.4364
61.4364
61.4364
61.4364
61.4364
61.4364
61.4364
61.4364
61.4364
61.4364
61.4364
61.4364
61.4364
61.4364
61.4364
61.4364
61.4364
61.4364
61.4364
61.4364
61.4364
61.4364
61.4364
61.4364
61.4364
61.4364
61.4364
61.4364
61.4364
61.4364
61.4364
61.4364
61.4364
61.4364
61.4364
61.4364
61.4364
61.4364
61.4364
61.4364
61.4364
61.4364
61.4364
61.4364
61.4364
61.4364
61.4364
61.4364
61.4364
61.4364
61.4364
61.4364
61.4364
61.4364
61.4364
61.4364
61.4364
61.4364
61.4364
61.4364
61.4364
61.4364
61.4364
61.4364
61.4364
61.4364
61.4364
61.4364
61.4364
61.4364
61.4364
61.4364
61.4364
61.4364
61.4364
61.4364
61.4364
61.4364
61.4364
61.4364
61.4364
61.4364
61.4364
61.4364
61.4364
61.4364
61.4364
61.4364
61.4364
61.4364
61.4364
61.4364
61.4364
61.4364
61.4364
61.4364
61.4364
61.4364
61.4364
61.4364
61.4364
61.4364
61.4364
61.4364
61.4364
61.4364
61.4364
61.4364
61.4364
61.4364
61.4364
61.4364
61.4364
61.4364
61.4364
61.4364
61.4364
61.4364
61.4364
61.4364
61.4364
61.4364
61.4364
61.4364
61.4364
61.4364
61.4364
61.4364
61.4364
61.4364
61.4364
61.4364
61.4364
61.4364
61.4364
61.4364
61.4364
61.4364
61.4364
61.4364
61.4364
61.4364
61.4364
61.4364
61.4364
61.4364
61.4364
61.4364
61.4364
61.4364
61.4364
61.4364
61.4364
61.4364
61.4364
61.4364
61.4364
61.4364
61.4364
61.4364
61.4364
61.4364
61.4364
61.4364
61.4364
61.4364
61.4364
61.4364
61.4364
61.4364
61.4364
61.4364
61.4364
61.4364
61.4364
61.4364
61.4364
61.4364
61.4364
61.4364
61.4364
61.4364
61.4364
61.4364
61.4364
61.4364
61.4364
61.4364
61.4364
61.4364
61.4364
61.4364
61.4364
61.4364
61.4364
61.4364
61.4364
61.4364
61.4364
61.4364
61.4364
61.4364
61.4364
61.4364
61.4364
61.4364
61.4364
61.4364
61.4364
61.4364
61.4364
61.4364
61.4364
61.4364
61.4364
61.4364
61.4364
61.4364
61.4364
61.4364
61.4364
61.4364
61.4364
61.4364
61.4364
61.4364
61.4364
61.4364
61.4364
61.4364
61.4364
61.4364
61.4364
61.4364
61.4364
61.4364
61.4364
61.4364
61.4364
61.4364
61.4364
61.4364
61.4364
61.4364
61.4364
61.4364
61.4364
61.4364
61.4364
61.4364
61.4364
61.4364
61.4364
61.4364
61.4364
61.4364
61.4364
61.4364
61.4364
61.4364
61.4364
61.4364
61.4364
61.4364
61.4364
61.4364
61.4364
61.4364
61.4364
61.4364
61.4364
61.4364
61.4364
61.4364
61.4364
61.4364
61.4364
61.4364
61.4364
61.4364
61.4364
61.4364
61.4364
61.4364
61.4364
61.4364
61.4364
61.4364
61.4364
61.4364
61.4364
61.4364
61.4364
61.4364
61.4364
61.4364
61.4364
61.4364
61.4364
61.4364
61.4364
61.4364
61.4364
61.4364
61.4364
61.4364
61.4364
61.4364
61.4364
61.4364
61.4364
61.4364
61.4364
61.4364
61.4364
61.4364
61.4364
61.4364
61.4364
61.4364
61.4364
61.4364
61.4364
61.4364
61.4364
61.4364
61.4364
61.4364
61.4364
61.4364
61.4364
61.4364
61.4364
61.4364
61.4364
61.4364
61.4364
61.4364
61.4364
61.4364
61.4364
61.4364
61.4364
61.4364
61.4364
61.4364
61.4364
61.4364
61.4364
61.4364
61.4364
61.4364
61.4364
61.4364
61.4364
61.4364
61.4364
61.4364
61.4364
61.4364
61.4364
61.4364
61.4364
61.4364
61.4364
61.4364
61.4364
61.4364
61.4364
61.4364
61.4364
61.4364
61.4364
61.4364
61.4364
61.4364
61.4364
61.4364
61.4364
61.4364
61.4364
61.4364
61.4364
61.4364
61.4364
61.4364
61.4364
61.4364
61.4364
61.4364
61.4364
61.4364
61.4364
61.4364
61.4364
61.4364
61.4364
61.4364
61.4364
61.4364
61.4364
61.4364
61.4364
61.4364
61.4364
61.4364
61.4364
61.4364
61.4364
61.4364
61.4364
61.4364
61.4364
61.4364
61.4364
61.4364
61.4364
61.4364
61.4364
61.4364
61.4364
61.4364
61.4364
61.4364
61.4364
61.4364
61.4364
61.4364
61.4364
61.4364
61.4364
61.4364
61.4364
61.4364
61.4364
61.4364
61.4364
61.4364
61.4364
61.4364
61.4364
61.4364
61.4364
61.4364
61.4364
61.4364
61.4364
61.4364
61.4364
61.4364
61.4364
61.4364
61.4364
61.4364
61.4364
61.4364
61.4364
61.4364
61.4364
61.4364
61.4364
61.4364
61.4364
61.4364
61.4364
61.4364
61.4364
61.4364
61.4364
61.4364
61.4364
61.4364
61.4364
61.4364
61.4364
61.4364
61.4364
61.4364
61.4364
61.4364
61.4364
61.4364
61.4364
61.4364
61.4364
61.4364
61.4364
61.4364
61.4364
61.4364
61.4364
61.4364
61.4364
61.4364
61.4364
61.4364
61.4364
61.4364
61.4364
61.4364
61.4364
61.4364
61.4364
61.4364
61.4364
61.4364
61.4364
61.4364
61.4364
61.4364
61.4364
61.4364
61.4364
61.4364
61.4364
61.4364
61.4364
61.4364
61.4364
61.4364
61.4364
61.4364
61.4364
61.4364
61.4364
61.4364
61.4364
61.4364
61.4364
61.4364
61.4364
61.4364
61.4364
61.4364
61.4364
61.4364
61.4364
61.4364
61.4364
61.4364
61.4364
61.4364
61.4364
61.4364
61.4364
61.4364
61.4364
61.4364
61.4364
61.4364
61.4364
61.4364
61.4364
61.4364
61.4364
61.4364
61.4364
61.4364
61.4364
61.4364
61.4364
61.4364
61.4364
61.4364
61.4364
61.4364
61.4364
61.4364
61.4364
61.4364
61.4364
61.4364
61.4364
61.4364
61.4364
61.4364
61.4364
61.4364
61.4364
61.4364
61.4364
61.4364
61.4364
61.4364
61.4364
61.4364
61.4364
61.4364
61.4364
61.4364
61.4364
61.4364
61.4364
61.4364
61.4364
61.4364
61.4364
61.4364
61.4364
61.4364
61.4364
61.4364
61.4364
61.4364
61.4364
61.4364
61.4364
61.4364
61.4364
61.4364
61.4364
61.4364
61.4364
61.4364
61.4364
61.4364
61.4364
61.4364
61.4364
61.4364
61.4364
61.4364
61.4364
61.4364
61.4364
61.4364
61.4364
61.4364
61.4364
61.4364
61.4364
61.4364
61.4364
61.4364
61.4364
61.4364
61.4364
61.4364
61.4364
61.4364
61.4364
61.4364
61.4364
61.4364
61.4364
61.4364
61.4364
61.4364
61.4364
61.4364
61.4364
61.4364
61.4364
61.4364
61.4364
61.4364
61.4364
61.4364
61.4364
61.4364
61.4364
61.4364
61.4364
61.4364
61.4364
61.4364
61.4364
61.4364
61.4364
61.4364
61.4364
61.4364
61.4364
61.4364
61.4364
61.4364
61.4364
61.4364
61.4364
61.4364
61.4364
61.4364
61.4364
61.4364
61.4364
61.4364
61.4364
61.4364
61.4364
61.4364
61.4364
61.4364
61.4364
61.4364
61.4364
61.4364
61.4364
61.4364
61.4364
61.4364
61.4364
61.4364
61.4364
61.4364
61.4364
61.4364
61.4364
61.4364
61.4364
61.4364
61.4364
61.4364
61.4364
61.4364
61.4364
61.4364
61.4364
61.4364
61.4364
61.4364
61.4364
61.4364
61.4364
61.4364
61.4364
61.4364
61.4364
61.4364
61.4364
61.4364
61.4364
61.4364
61.4364
61.4364
61.4364
61.4364
61.4364
61.4364
61.4364
61.4364
61.4364
61.4364
61.4364
61.4364
61.4364
61.4364
61.4364
61.4364
61.4364
61.4364
61.4364
61.4364
61.4364
61.4364
61.4364
61.4364
61.4364
61.4364
61.4364
61.4364
61.4364
61.4364
61.4364
61.4364
61.4364
61.4364
61.4364
61.4364
61.4364
61.4364
61.4364
61.4364
61.4364
61.4364
61.4364
61.4364
61.4364
61.4364
61.4364
61.4364
61.4364
61.4364
61.4364
61.4364
61.4364
61.4364
61.4364
61.4364
61.4364
61.4364
61.4364
61.4364
61.4364
61.4364
61.4364
61.4364
61.4364
61.4364
61.4364
61.4364
61.4364
61.4364
61.4364
61.4364
61.4364
61.4364
61.4364
61.4364
61.4364
61.4364
61.4364
61.4364
61.4364
61.4364
61.4364
61.4364
61.4364
61.4364
61.4364
61.4364
61.4364
61.4364
61.4364
61.4364
61.4364
61.4364
61.4364
61.4364
61.4364
61.4364
61.4364
61.4364
61.4364
61.4364
61.4364
61.4364
61.4364
61.4364
61.4364
61.4364
61.4364
61.4364
61.4364
61.4364
61.4364
61.4364
61.4364
61.4364
61.4364
61.4364
61.4364
61.4364
61.4364
61.4364
61.4364
61.4364
61.4364
61.4364
61.4364
61.4364
61.4364
61.4364
61.4364
61.4364
61.4364
61.4364
61.4364
61.4364
61.4364
61.4364
61.4364
61.4364
61.4364
61.4364
61.4364
61.4364
61.4364
61.4364
61.4364
61.4364
61.4364
61.4364
61.4364
61.4364
61.4364
61.4364
61.4364
61.4364
61.4364
61.4364
61.4364
61.4364
61.4364
61.4364
61.4364
61.4364
61.4364
61.4364
61.4364
61.4364
61.4364
61.4364
61.4364
61.4364
61.4364
61.4364
61.4364
61.4364
61.4364
61.4364
61.4364
61.4364
61.4364
61.4364
61.4364
61.4364
61.4364
61.4364
61.4364
61.4364
61.4364
61.4364
61.4364
61.4364
61.4364
61.4364
61.4364
61.4364
61.4364
61.4364
61.4364
61.4364
61.4364
61.4364
61.4364
61.4364
61.4364
61.4364
61.4364
61.4364
61.4364
61.4364
61.4364
61.4364
61.4364
61.4364
61.4364
61.4364
61.4364
61.4364
61.4364
61.4364
61.4364
61.4364
61.4364
61.4364
61.4364
61.4364
61.4364
61.4364
61.4364
61.4364
61.4364
61.4364
61.4364
61.4364
61.4364
61.4364
61.4364
61.4364
61.4364
61.4364
61.4364
61.4364
61.4657
61.4364
61.4364
61.4364
61.4364
61.4364
61.4364
61.4364
61.4364
61.4364
61.4364
61.4364
61.4364
61.4364
61.4364
61.4364
61.4364
61.4364
61.4364
61.4364
61.4364
61.4364
61.4364
61.4364
61.4364
61.4364
61.4364
61.4364
61.4364
61.4364
61.4364
61.4364
61.4364
61.4364
61.4364
61.4364
61.4364
61.4364
61.4364
61.4364
61.4364
61.4364
61.4364
61.4364
61.4364
61.4364
61.4364
61.4364
61.4364
61.4364
61.4364
61.4364
61.4364
61.4364
61.4364
61.4364
61.4364
61.4364
61.4364
61.4364
61.4364
61.4364
61.4364
61.4364
61.4364
61.4364
61.4364
61.4364
61.4364
61.4364
61.4364
61.4364
61.4364
61.4364
61.4364
61.4364
61.4364
61.4364
61.4364
61.4364
61.4364
61.4364
61.4364
61.4364
61.4364
61.4364
61.4364
61.4364
61.4364
61.4364
61.4364
61.4364
61.4364
61.4364
61.4364
61.4364
61.4364
61.4364
61.4364
61.4364
61.4364
61.4364
61.4364
61.4364
61.4364
61.4364
61.4364
61.4364
61.4364
61.4364
61.4364
61.4364
61.4364
61.4364
61.4364
61.4364
61.4364
61.4364
61.4364
61.4364
61.4364
61.4364
61.4364
61.4364
61.4364
61.4364
61.4364
61.4364
61.4364
61.4364
61.4364
61.4364
61.4364
61.4364
61.4364
61.4364
61.4364
61.4364
61.4364
61.4364
61.4364
61.4364
61.4364
61.4364
61.4364
61.4364
61.4364
61.4364
61.4364
61.4364
61.4364
61.4364
61.4364
61.4364
61.4364
61.4364
61.4364
61.4364
61.4364
61.4364
61.4364
61.4364
61.4364
61.4364
61.4364
61.4364
61.4364
61.4364
61.4364
61.4364
61.4364
61.4364
61.4364
61.4364
61.4364
61.4364
61.4364
61.4364
61.4364
61.4364
61.4364
61.4364
61.4364
61.4364
61.4364
61.4364
61.4364
61.4364
61.4364
61.4364
61.4364
61.4364
61.4364
61.4364
61.4364
61.4364
61.4364
61.4364
61.4364
61.4364
61.4364
61.4364
61.4364
61.4364
61.4364
61.4364
61.4364
61.4364
61.4364
61.4364
61.4364
61.4364
61.4364
61.4364
61.4364
61.4364
61.4364
61.4364
61.4364
61.4364
61.4364
61.4364
61.4364
61.4364
61.4364
61.4364
61.4364
61.4364
61.4364
61.4364
61.4364
61.4364
61.4364
61.4364
61.4364
61.4364
61.4364
61.4364
61.4364
61.4364
61.4364
61.4364
61.4364
61.4364
61.4364
61.4364
61.4364
61.4364
61.4364
61.4364
61.4364
61.4364
61.4364
61.4364
61.4364
61.4364
61.4364
61.4364
61.4364
61.4364
61.4364
61.4364
61.4364
61.4364
61.4364
61.4364
61.4364
61.4364
61.4364
61.4364
61.4364
61.4364
61.4364
61.4364
61.4364
61.4364
61.4364
61.4364
61.4364
61.4364
61.4364
61.4364
61.4364
61.4364
61.4364
61.4364
61.4364
61.4364
61.4364
61.4364
61.4364
61.4364
61.4364
61.4364
61.4364
61.4364
61.4364
61.4364
61.4364
61.4364
61.4364
61.4364
61.4364
61.4364
61.4364
61.4364
61.4364
61.4364
61.4364
61.4364
61.4364
61.4364
61.4364
61.4364
61.4364
61.4364
61.4364
61.4364
61.4364
61.4364
61.4364
61.4364
61.4364
61.4364
61.4364
61.4364
61.4364
61.4364
61.4364
61.4364
61.4364
61.4364
61.4364
61.4364
61.4364
61.4364
61.4364
61.4364
61.4364
61.4364
61.4364
61.4364
61.4364
61.4364
61.4364
61.4364
61.4364
61.4364
61.4364
61.4364
61.4364
61.4364
61.4364
61.4364
61.4364
61.4364
61.4364
61.4364
61.4364
61.4364
61.4364
61.4364
61.4364
61.4364
61.4364
61.4364
61.4364
61.4364
61.4364
61.4364
61.4364
61.4364
61.4364
61.4364
61.4364
61.4364
61.4364
61.4364
61.4364
61.4364
61.4364
61.4364
61.4364
61.4364
61.4364
61.4364
61.4364
61.4364
61.4364
61.4364
61.4364
61.4364
61.4364
61.4364
61.4364
61.4364
61.4364
61.4364
61.4364
61.4364
61.4364
61.4364
61.4364
61.4364
61.4364
61.4364
61.4364
61.4364
61.4364
61.4364
61.4364
61.4364
61.4364
61.4364
61.4364
61.4364
61.4364
61.4364
61.4364
61.4364
61.4364
61.4364
61.4364
61.4364
61.4364
61.4364
61.4364
61.4364
61.4364
61.4364
61.4364
61.4364
61.4364
61.4364
61.4364
61.4364
61.4364
61.4364
61.4364
61.4364
61.4364
61.4364
61.4364
61.4364
61.4364
61.4364
61.4364
61.4364
61.4364
61.4364
61.4364
61.4364
61.4364
61.4364
61.4364
61.4364
61.4364
61.4364
61.4364
61.4364
61.4364
61.4364
61.4364
61.4364
61.4364
61.4364
61.4364
61.4364
61.4364
61.4364
61.4364
61.4364
61.4364
61.4364
61.4364
61.4364
61.4364
61.4364
61.4364
61.4364
61.4364
61.4364
61.4364
61.4364
61.4364
61.4364
61.4364
61.4364
61.4364
61.4364
61.4364
61.4364
61.4364
61.4364
61.4364
61.4364
61.4364
61.4364
61.4364
61.4364
61.4364
61.4364
61.4364
61.4364
61.4364
61.4364
61.4364
61.4364
61.4364
61.4364
61.4364
61.4364
61.4364
61.4364
61.4364
61.4364
61.4364
61.4364
61.4364
61.4364
61.4364
61.4364
61.4364
61.4364
61.4364
61.4364
61.4364
61.4364
61.4364
61.4364
61.4364
61.4364
61.4364
61.4364
61.4364
61.4364
61.4364
61.4364
61.4364
61.4364
61.4364
61.4364
61.4364
61.4364
61.4364
61.4364
61.4364
61.4364
61.4364
61.4364
61.4364
61.4364
61.4364
61.4364
61.4364
61.4364
61.4364
61.4364
61.4364
61.4364
61.4364
61.4364
61.4364
61.4364
61.4364
61.4364
61.4364
61.4364
61.4364
61.4364
61.4364
61.4364
61.4364
61.4364
61.4364
61.4364
61.4364
61.4364
61.4364
61.4364
61.4364
61.4364
61.4364
61.4364
61.4364
61.4364
61.4364
61.4364
61.4364
61.4364
61.4364
61.4364
61.4364
61.4364
61.4364
61.4364
61.4364
61.4364
61.4364
61.4364
61.4364
61.4364
61.4364
61.4364
61.4364
61.4364
61.4364
61.4364
61.4364
61.4364
61.4364
61.4364
61.4364
61.4364
61.4364
61.4364
61.4364
61.4364
61.4364
61.4364
61.4364
61.4364
61.4364
61.4364
61.4364
61.4364
61.4364
61.4364
61.4364
61.4364
61.4364
61.4364
61.4364
61.4364
61.4364
61.4364
61.4364
61.4364
61.4364
61.4364
61.4364
61.4364
61.4364
61.4364
61.4364
61.4364
61.4364
61.4364
61.4364
61.4364
61.4364
61.4364
61.4364
61.4364
61.4364
61.4364
61.4364
61.4364
61.4364
61.4364
61.4364
61.4364
61.4364
61.4364
61.4364
61.4364
61.4364
61.4364
61.4364
61.4364
61.4364
61.4364
61.4364
61.4364
61.4364
61.4364
61.4364
61.4364
61.4364
61.4364
61.4364
61.4364
61.4364
61.4364
61.4364
61.4364
61.4364
61.4364
61.4364
61.4364
61.4364
61.4364
61.4364
61.4364
61.4364
61.4364
61.4364
61.4364
61.4364
61.4364
61.4364
61.4364
61.4364
61.4364
61.4364
61.4364
61.4364
61.4364
61.4364
61.4364
61.4364
61.4364
61.4364
61.4364
61.4364
61.4364
61.4364
61.4364
61.4364
61.4364
61.4364
61.4364
61.4364
61.4364
61.4364
61.4364
61.4364
61.4364
61.4364
61.4364
61.4364
61.4364
61.4364
61.4364
61.4364
61.4364
61.4364
61.4364
61.4364
61.4364
61.4364
61.4364
61.4364
61.4364
61.4364
61.4364
61.4364
61.4364
61.4364
61.4364
61.4364
61.4364
61.4364
61.4364
61.4364
61.4364
61.4364
61.4364
61.4364
61.4364
61.4364
61.4364
61.4364
61.4364
61.4364
61.4364
61.4364
61.4364
61.4364
61.4364
61.4364
61.4364
61.4364
61.4364
61.4364
61.4364
61.4364
61.4364
61.4364
61.4364
61.4364
61.4364
61.4364
61.4364
61.4364
61.4364
61.4364
61.4364
61.4364
61.4364
61.4364
61.4364
61.4364
61.4364
61.4364
61.4364
61.4364
61.4364
61.4364
61.4364
61.4364
61.4364
61.4364
61.4364
61.4364
61.4364
61.4364
61.4364
61.4364
61.4364
61.4364
61.4364
61.4364
61.4364
61.4364
61.4364
61.4364
61.4364
61.4364
61.4364
61.4364
61.4364
61.4364
61.4364
61.4364
61.4364
61.4364
61.4364
61.4364
61.4364
61.4364
61.4364
61.4364
61.4364
61.4364
61.4364
61.4364
61.4364
61.4364
61.4364
61.4364
61.4364
61.4364
61.4364
61.4364
61.4364
61.4364
61.4364
61.4364
61.4364
61.4364
61.4364
61.4364
61.4364
61.4364
61.4364
61.4364
61.4364
61.4364
61.4364
61.4364
61.4364
61.4364
61.4364
61.4364
61.4364
61.4364
61.4364
61.4364
61.4364
61.4364
61.4364
61.4364
61.4364
61.4364
61.4364
61.4364
61.4364
61.4364
61.4364
61.4364
61.4364
61.4364
61.4364
61.4364
61.4364
61.4364
61.4364
61.4364
61.4364
61.4364
61.4364
61.4364
61.4364
61.4364
61.4364
61.4364
61.4364
61.4364
61.4364
61.4364
61.4364
61.4364
61.4364
61.4364
61.4364
61.4364
61.4364
61.4364
61.4364
61.4364
61.4364
61.4364
61.4364
61.4364
61.4364
61.4364
61.4364
61.4364
61.4364
61.4364
61.4364
61.4364
61.4364
61.4364
61.4364
61.4364
61.4364
61.4364
61.4364
61.4364
61.4364
61.4364
61.4364
61.4364
61.4364
61.4364
61.4364
61.4364
61.4364
61.4364
61.4364
61.4364
61.4364
61.4364
61.4364
61.4364
61.4364
61.4364
61.4364
61.4364
61.4364
61.4364
61.4364
61.4364
61.4364
61.4364
61.4364
61.4364
61.4364
61.4364
61.4364
61.4364
61.4364
61.4364
61.4364
61.4364
61.4364
61.4364
61.4364
61.4364
61.4364
61.4364
61.4364
61.4364
61.4364
61.4364
61.4364
61.4364
61.4364
61.4364
61.4364
61.4364
61.4364
61.4364
61.4364
61.4364
61.4364
61.4364
61.4364
61.4364
61.4364
61.4364
61.4364
61.4364
61.4364
61.4364
61.4364
61.4364
61.4364
61.4364
61.4364
61.4364
61.4364
61.4364
61.4364
61.4364
61.4364
61.4364
61.4364
61.4364
61.4364
61.4364
61.4364
61.4364
61.4364
61.4364
61.4364
61.4364
61.4364
61.4364
61.4364
61.4364
61.4364
61.4364
61.4364
61.4364
61.4364
61.4364
61.4364
61.4364
61.4364
61.4364
61.4364
61.4364
61.4364
61.4364
61.4364
61.4364
61.4364
61.4364
61.4364
61.4364
61.4364
61.4364
61.4364
61.4364
61.4364
61.4364
61.4364
61.4364
61.4364
61.4364
61.4364
61.4364
61.4364
61.4364
61.4364
61.4364
61.4364
61.4364
61.4364
61.4364
61.4364
61.4364
61.4364
61.4364
61.4364
61.4364
61.4364
61.4364
61.4364
61.4364
61.4364
61.4364
61.4364
61.4364
61.4364
61.4364
61.4364
61.4364
61.4364
61.4364
61.4364
61.4364
61.4364
61.4364
61.4364
61.4364
61.4364
61.4364
61.4364
61.4364
61.4364
61.4364
61.4364
61.4364
61.4364
61.4364
61.4364
61.4364
61.4364
61.4364
61.4364
61.4364
61.4364
61.4364
61.4364
61.4364
61.4364
61.4364
61.4364
61.4364
61.4364
61.4364
61.4364
61.4364
61.4364
61.4364
61.4364
61.4364
61.4364
61.4364
61.4364
61.4364
61.4364
61.4364
61.4364
61.4364
61.4364
61.4364
61.4364
61.4364
61.4364
61.4364
61.4364
61.4364
61.4364
61.4364
61.4364
61.4364
61.4364
61.4364
61.4364
61.4364
61.4364
61.4364
61.4364
61.4364
61.4364
61.4364
61.4364
61.4364
61.4364
61.4364
61.4364
61.4364
61.4364
61.4364
61.4364
61.4364
61.4364
61.4364
61.4364
61.4364
61.4364
61.4364
61.4364
61.4364
61.4364
61.4364
61.4364
61.4364
61.4364
61.4364
61.4364
61.4364
61.4364
61.4364
61.4364
61.4364
61.4364
61.4364
61.4364
61.4364
61.4364
61.4364
61.4364
61.4364
61.4364
61.4364
61.4364
61.4364
61.4364
61.4364
61.4364
61.4364
61.4364
61.4364
61.4364
61.4364
61.4364
61.4364
61.4364
61.4364
61.4364
61.4364
61.4364
61.4364
61.4364
61.4364
61.4364
61.4364
61.4364
61.4364
61.4364
61.4364
61.4364
61.4364
61.4364
61.4364
61.4364
61.4364
61.4364
61.4364
61.4364
61.4364
61.4364
61.4364
61.4364
61.4364
61.4364
61.4364
61.4364
61.4364
61.4364
61.4364
61.4364
61.4364
61.4364
61.4364
61.4364
61.4364
61.4364
61.4364
61.4364
61.4364
61.4364
61.4364
61.4364
61.4364
61.4364
61.4364
61.4364
61.4364
61.4364
61.4364
61.4364
61.4364
61.4364
61.4364
61.4364
61.4364
61.4364
61.4364
61.4364
61.4364
61.4364
61.4364
61.4364
61.4364
61.4364
61.4364
61.4364
61.4364
61.4364
61.4364
61.4364
61.4364
61.4364
61.4364
61.4364
61.4364
61.4364
61.4364
61.4364
61.4364
61.4364
61.4364
61.4364
61.4364
61.4364
61.4364
61.4364
61.4364
61.4364
61.4364
61.4364
61.4364
61.4364
61.4364
61.4364
61.4364
61.4364
61.4364
61.4364
61.4364
61.4364
61.4364
61.4364
61.4364
61.4364
61.4364
61.4364
61.4364
61.4364
61.4364
61.4364
61.4364
61.4364
61.4364
61.4364
61.4364
61.4364
61.4364
61.4364
61.4364
61.4364
61.4364
61.4364
61.4364
61.4364
61.4364
61.4364
61.4364
61.4364
61.4364
61.4364
61.4364
61.4364
61.4364
61.4364
61.4364
61.4364
61.4364
61.4364
61.4364
61.4364
61.4364
61.4364
61.4364
61.4364
61.4364
61.4364
61.4364
61.4364
61.4364
61.4364
61.4364
61.4364
61.4364
61.4364
61.4364
61.4364
61.4364
61.4364
61.4364
61.4364
61.4364
61.4364
61.4364
61.4364
61.4364
61.4364
61.4364
61.4364
61.4364
61.4364
61.4364
61.4364
61.4364
61.4364
61.4364
61.4364
61.4364
61.4364
61.4364
61.4364
61.4364
61.4364
61.4364
61.4364
61.4364
61.4364
61.4364
61.4364
61.4345
61.4306
61.4074
61.3456
61.3398
61.3398
61.3398
61.3398
61.3398
61.3398
61.3398
61.3398
61.3398
61.3398
61.3398
61.3398
61.3398
61.3398
61.3398
61.3398
61.3398
61.3398
61.3398
61.3398
61.3398
61.3398
61.3398
61.3398
61.3398
61.3398
61.3398
61.3398
61.3398
61.3398
61.3398
61.3398
61.3398
61.3398
61.3398
61.3398
61.3398
61.3398
61.3398
61.3398
61.3398
61.3398
61.3398
61.3398
61.3398
61.3398
61.3311
61.3311
61.3223
61.2961
61.261
61.1209
60.902
60.902
60.902
60.902
60.902
60.902
60.902
60.902
60.902
60.902
60.902
60.902
60.902
60.902
60.902
60.902
60.902
60.902
60.902
60.902
60.902
60.902
60.902
60.902
60.902
60.902
60.902
60.902
60.902
60.902
60.902
60.902
60.902
60.902
60.902
60.902
60.902
60.902
60.902
60.902
60.902
60.902
60.902
60.902
60.902
60.902
60.902
60.902
60.902
60.902
60.902
60.902
60.902
60.902
60.902
60.902
60.902
60.902
60.902
60.902
60.902
60.902
60.902
60.902
60.902
60.902
60.902
60.902
60.902
60.902
60.902
60.902
60.902
60.902
60.902
60.902
60.902
60.902
60.902
60.902
60.902
60.902
60.902
60.902
60.902
60.902
60.902
60.902
60.902
60.902
60.902
60.902
60.902
60.902
60.902
60.902
60.902
60.902
60.902
60.902
60.902
60.902
60.902
60.902
60.902
60.902
60.902
60.902
60.902
60.902
60.902
60.902
60.902
60.902
60.902
60.902
60.902
60.902
60.902
60.902
60.902
60.902
60.902
60.902
60.902
60.902
60.902
60.902
60.902
60.902
60.902
60.902
60.902
60.902
60.902
60.902
60.902
60.902
60.902
60.902
60.902
60.902
60.902
60.902
60.902
60.902
60.902
60.902
60.902
60.902
60.902
60.902
60.902
60.902
60.902
60.902
60.902
60.902
60.902
60.902
60.902
60.902
60.902
60.902
60.902
60.902
60.902
60.902
60.902
60.902
60.902
60.902
60.902
60.902
60.902
60.902
60.902
60.902
60.902
60.902
60.902
60.902
60.902
60.902
60.902
60.902
60.902
60.902
60.902
60.902
60.902
60.902
60.902
60.902
60.902
60.902
60.902
60.902
60.902
60.902
60.902
60.902
60.902
60.902
60.902
60.902
60.902
60.902
60.902
60.902
60.902
60.902
60.902
60.902
60.902
60.902
60.902
60.902
60.902
60.902
60.902
60.902
60.902
60.902
60.902
60.902
60.902
60.902
60.902
60.902
60.902
60.902
60.902
60.902
60.902
60.902
60.902
60.902
60.902
60.902
60.902
60.902
60.902
60.902
60.902
60.902
60.902
60.902
60.902
60.902
60.902
60.902
60.902
60.902
60.902
60.902
60.902
60.902
60.902
60.902
60.902
60.902
60.902
60.902
60.902
60.902
60.902
60.902
60.902
60.902
60.902
60.902
60.902
60.902
60.902
60.902
60.902
60.902
60.902
60.902
60.902
60.902
60.902
60.902
60.902
60.902
60.902
60.902
60.902
60.902
60.902
60.902
60.902
60.902
60.902
60.902
60.902
60.902
60.902
60.902
60.902
60.902
60.902
60.902
60.902
60.902
60.902
60.902
60.902
60.902
60.902
60.902
60.902
60.902
60.902
60.902
60.902
60.902
60.902
60.902
60.902
60.902
60.902
60.902
60.902
60.902
60.902
60.902
60.902
60.902
60.902
60.902
60.902
60.902
60.902
60.902
60.902
60.902
60.902
60.902
60.902
60.902
60.902
60.902
60.902
60.902
60.902
60.902
60.902
60.902
60.902
60.902
60.902
60.902
60.902
60.902
60.902
60.902
60.902
60.902
60.902
60.902
60.902
60.902
60.902
60.902
60.902
60.902
60.902
60.902
60.902
60.902
60.902
60.902
60.902
60.902
60.902
60.902
60.902
60.902
60.902
60.902
60.902
60.902
60.902
60.902
60.902
60.902
60.902
60.902
60.902
60.902
60.902
60.902
60.902
60.902
60.902
60.902
60.902
60.902
60.902
60.902
60.902
60.902
60.902
60.902
60.902
60.902
60.902
60.902
60.902
60.902
60.902
60.902
60.902
60.902
60.902
60.902
60.902
60.902
60.902
60.902
60.902
60.902
60.902
60.902
60.902
60.902
60.902
60.902
60.902
60.902
60.902
60.902
60.902
60.902
60.902
60.902
60.902
60.902
60.902
60.902
60.902
60.902
60.902
60.902
60.902
60.902
60.902
60.902
60.902
60.902
60.902
60.902
60.902
60.902
60.902
60.902
60.902
60.902
60.902
60.902
60.902
60.902
60.902
60.902
60.902
60.902
60.902
60.902
60.902
60.902
60.902
60.902
60.902
60.902
60.902
60.902
60.902
60.902
60.902
60.902
60.902
60.902
60.902
60.902
60.902
60.902
60.902
60.902
60.902
60.902
60.902
60.902
60.902
60.902
60.902
60.902
60.902
60.902
60.902
60.902
60.902
60.902
60.902
60.902
60.902
60.902
60.902
60.902
60.902
60.902
60.902
60.902
60.902
60.902
60.902
60.902
60.902
60.902
60.902
60.902
60.902
60.902
60.902
60.902
60.902
60.902
60.902
60.902
60.902
60.902
60.902
60.902
60.902
60.902
60.902
60.902
60.902
60.902
60.902
60.902
60.902
60.902
60.902
60.902
60.902
60.902
60.902
60.902
60.902
60.902
60.902
60.902
60.902
60.902
60.902
60.902
60.902
60.902
60.902
60.902
60.902
60.902
60.902
60.902
60.902
60.902
60.902
60.902
60.902
60.902
60.902
60.902
60.902
60.902
60.902
60.902
60.902
60.902
60.902
60.902
60.902
60.902
60.902
60.902
60.902
60.902
60.902
60.902
60.902
60.902
60.902
60.902
60.902
60.902
60.902
60.902
60.902
60.902
60.902
60.902
60.902
60.902
60.902
60.902
60.902
60.902
60.902
60.902
60.902
60.902
60.902
60.902
60.902
60.902
60.902
60.902
60.902
60.902
60.902
60.902
60.902
60.902
60.902
60.902
60.902
60.902
60.902
60.902
60.902
60.902
60.902
60.902
60.902
60.902
60.902
60.902
60.902
60.902
60.902
60.902
60.902
60.902
60.902
60.902
60.902
60.902
60.902
60.902
60.902
60.902
60.902
60.902
60.902
60.902
60.902
60.902
60.902
60.902
60.902
60.902
60.902
60.902
60.902
60.902
60.902
60.902
60.902
60.902
60.902
60.902
60.902
60.902
60.902
60.902
60.902
60.902
60.902
60.902
60.902
60.902
60.902
60.902
60.902
60.902
60.902
60.902
60.902
60.902
60.902
60.902
60.902
60.902
60.902
60.902
60.902
60.902
60.902
60.902
60.902
60.902
60.902
60.902
60.902
60.902
60.902
60.902
60.902
60.902
60.902
60.902
60.902
60.902
60.902
60.902
60.902
60.902
60.902
60.902
60.902
60.902
60.902
60.902
60.902
60.902
60.902
60.902
60.902
60.902
60.902
60.902
60.902
60.902
60.902
60.902
60.902
60.902
60.902
60.902
60.902
60.902
60.902
60.902
60.902
60.902
60.902
60.902
60.902
60.902
60.902
60.902
60.902
60.902
60.902
60.902
60.902
60.902
60.902
60.902
60.902
60.902
60.902
60.902
60.902
60.902
60.902
60.902
60.902
60.902
60.902
60.902
60.902
60.902
60.902
60.902
60.902
60.902
60.902
60.902
60.902
60.902
60.902
60.902
60.902
60.902
60.902
60.902
60.902
60.902
