#BLOCK:   ACTUAL_T:     T_AVE:       ERROR:
           1     1.95264     1.95264           0
           2     1.95367     1.95315 0.000362658
           3     1.95463     1.95365 0.000469396
           4     1.95554     1.95412 0.000540128
           5     1.95639     1.95457  0.00059274
           6     1.95718     1.95501 0.000633607
           7     1.95792     1.95542 0.000665927
           8     1.95861     1.95582 0.000691624
           9     1.95925      1.9562 0.000711993
          10     1.95984     1.95657 0.000727977
          11     1.96039     1.95692 0.000740298
          12      1.9609     1.95725 0.000749536
          13     1.96138     1.95757 0.000756164
          14     1.96181     1.95787 0.000760584
          15     1.96222     1.95816 0.000763138
          16     1.96259     1.95844 0.000764121
          17     1.96294      1.9587 0.000763793
          18     1.96327     1.95895 0.000762383
          19     1.96358      1.9592 0.000760091
          20     1.96387     1.95943 0.000757095
          21     1.96414     1.95966 0.000753555
          22     1.96441     1.95987 0.000749609
          23     1.96466     1.96008 0.000745381
          24     1.96491     1.96028 0.000740981
          25     1.96515     1.96048 0.000736506
          26     1.96539     1.96067 0.000732038
          27     1.96563     1.96085 0.000727652
          28     1.96587     1.96103 0.000723411
          29     1.96611      1.9612 0.000719369
          30     1.96635     1.96138 0.000715574
          31      1.9666     1.96154 0.000712065
          32     1.96685     1.96171 0.000708873
          33     1.96711     1.96187 0.000706025
          34     1.96737     1.96203 0.000703543
          35     1.96764      1.9622  0.00070144
          36     1.96792     1.96235  0.00069973
          37      1.9682     1.96251 0.000698418
          38     1.96849     1.96267 0.000697508
          39     1.96878     1.96283 0.000696999
          40     1.96908     1.96298 0.000696889
          41     1.96939     1.96314 0.000697171
          42      1.9697     1.96329 0.000697838
          43     1.97001     1.96345  0.00069888
          44     1.97033     1.96361 0.000700286
          45     1.97066     1.96376 0.000702042
          46     1.97099     1.96392 0.000704136
          47     1.97132     1.96408 0.000706552
          48     1.97166     1.96424 0.000709277
          49       1.972      1.9644 0.000712294
          50     1.97235     1.96455 0.000715589
          51      1.9727     1.96471 0.000719146
          52     1.97305     1.96487 0.000722951
          53      1.9734     1.96503 0.000726988
          54     1.97376      1.9652 0.000731243
          55     1.97411     1.96536   0.0007357
          56     1.97447     1.96552 0.000740347
          57     1.97483     1.96568 0.000745168
          58      1.9752     1.96585 0.000750148
          59     1.97556     1.96601 0.000755275
          60     1.97592     1.96618 0.000760533
          61     1.97629     1.96634 0.000765908
          62     1.97665     1.96651 0.000771385
          63     1.97701     1.96668  0.00077695
          64     1.97738     1.96684 0.000782585
          65     1.97773     1.96701 0.000788276
          66     1.97809     1.96718 0.000794005
          67     1.97844     1.96735 0.000799756
          68     1.97879     1.96752  0.00080551
          69     1.97914     1.96768  0.00081125
          70     1.97947     1.96785 0.000816957
          71      1.9798     1.96802  0.00082261
          72     1.98013     1.96819 0.000828191
          73     1.98044     1.96836 0.000833678
          74     1.98075     1.96852 0.000839051
          75     1.98104     1.96869 0.000844289
          76     1.98132     1.96886  0.00084937
          77     1.98159     1.96902 0.000854273
          78     1.98184     1.96919 0.000858976
          79     1.98208     1.96935 0.000863457
          80      1.9823     1.96951 0.000867695
          81      1.9825     1.96967 0.000871669
          82     1.98268     1.96983 0.000875357
          83     1.98284     1.96999 0.000878738
          84     1.98298     1.97014 0.000881793
          85      1.9831      1.9703 0.000884502
          86      1.9832     1.97045 0.000886845
          87     1.98326     1.97059 0.000888805
          88      1.9833     1.97074 0.000890364
          89     1.98331     1.97088 0.000891505
          90      1.9833     1.97102 0.000892214
          91     1.98325     1.97115 0.000892476
          92     1.98316     1.97128 0.000892278
          93     1.98305     1.97141  0.00089161
          94      1.9829     1.97153  0.00089046
          95      1.9827     1.97165 0.000888822
          96     1.98247     1.97176 0.000886691
          97      1.9822     1.97187 0.000884062
          98     1.98189     1.97197 0.000880937
          99     1.98153     1.97207 0.000877317
         100     1.98113     1.97216 0.000873209
         101     1.98067     1.97224 0.000868625
         102     1.98017     1.97232 0.000863579
         103     1.97961     1.97239 0.000858094
         104       1.979     1.97245 0.000852196
         105     1.97834     1.97251 0.000845919
         106     1.97761     1.97256 0.000839307
         107     1.97683      1.9726 0.000832412
         108     1.97598     1.97263 0.000825294
         109     1.97508     1.97265 0.000818028
         110      1.9741     1.97266 0.000810698
         111     1.97307     1.97267 0.000803403
         112     1.97197     1.97266 0.000796254
         113      1.9708     1.97265 0.000789377
         114     1.96957     1.97262 0.000782913
         115     1.96828     1.97258 0.000777014
         116     1.96693     1.97253 0.000771843
         117     1.96551     1.97247 0.000767574
         118     1.96405      1.9724 0.000764385
         119     1.96253     1.97232 0.000762451
         120     1.96097     1.97222 0.000761944
         121     1.95937     1.97212  0.00076302
         122     1.95774       1.972 0.000765817
         123     1.95609     1.97187 0.000770441
         124     1.95443     1.97173 0.000776964
         125     1.95277     1.97158 0.000785415
         126     1.95113     1.97142 0.000795778
         127     1.94951     1.97124 0.000807988
         128     1.94794     1.97106 0.000821935
         129     1.94642     1.97087 0.000837463
         130     1.94498     1.97067 0.000854377
         131     1.94362     1.97046 0.000872449
         132     1.94237     1.97025 0.000891427
         133     1.94123     1.97003 0.000911039
         134     1.94022     1.96981 0.000931009
         135     1.93935     1.96958 0.000951058
         136     1.93863     1.96936 0.000970913
         137     1.93807     1.96913 0.000990318
         138     1.93767      1.9689  0.00100903
         139     1.93744     1.96867  0.00102685
         140     1.93737     1.96845  0.00104358
         141     1.93746     1.96823  0.00105907
         142     1.93771     1.96802   0.0010732
         143     1.93811     1.96781  0.00108587
         144     1.93866      1.9676  0.00109704
         145     1.93933     1.96741  0.00110667
         146     1.94012     1.96722  0.00111476
         147     1.94101     1.96704  0.00112135
         148     1.94199     1.96688  0.00112648
         149     1.94305     1.96672  0.00113021
         150     1.94417     1.96657  0.00113263
         151     1.94533     1.96642  0.00113383
         152     1.94652     1.96629  0.00113391
         153     1.94773     1.96617  0.00113297
         154     1.94895     1.96606  0.00113112
         155     1.95016     1.96596  0.00112846
         156     1.95136     1.96586  0.00112511
         157     1.95253     1.96578  0.00112114
         158     1.95367      1.9657  0.00111666
         159     1.95478     1.96563  0.00111175
         160     1.95584     1.96557  0.00110649
         161     1.95686     1.96552  0.00110094
         162     1.95783     1.96547  0.00109516
         163     1.95875     1.96543  0.00108922
         164     1.95962     1.96539  0.00108316
         165     1.96043     1.96536  0.00107701
         166      1.9612     1.96534  0.00107081
         167     1.96191     1.96532   0.0010646
         168     1.96258      1.9653  0.00105839
         169      1.9632     1.96529   0.0010522
         170     1.96378     1.96528  0.00104604
         171     1.96431     1.96528  0.00103994
         172      1.9648     1.96527   0.0010339
         173     1.96525     1.96527  0.00102792
         174     1.96567     1.96527  0.00102202
         175     1.96606     1.96528  0.00101619
         176     1.96641     1.96529  0.00101043
         177     1.96674     1.96529  0.00100476
         178     1.96704      1.9653 0.000999162
         179     1.96732     1.96531 0.000993644
         180     1.96757     1.96533 0.000988203
         181     1.96781     1.96534 0.000982839
         182     1.96803     1.96536  0.00097755
         183     1.96824     1.96537 0.000972334
         184     1.96843     1.96539 0.000967192
         185      1.9686     1.96541  0.00096212
         186     1.96877     1.96542 0.000957117
         187     1.96892     1.96544 0.000952182
         188     1.96907     1.96546 0.000947313
         189     1.96921     1.96548 0.000942508
         190     1.96934      1.9655 0.000937766
         191     1.96946     1.96552 0.000933084
         192     1.96957     1.96554 0.000928463
         193     1.96968     1.96557 0.000923899
         194     1.96978     1.96559 0.000919392
         195     1.96987     1.96561 0.000914939
         196     1.96996     1.96563  0.00091054
         197     1.97004     1.96565 0.000906193
         198     1.97011     1.96568 0.000901896
         199     1.97018      1.9657 0.000897647
         200     1.97023     1.96572 0.000893445
         201     1.97028     1.96574 0.000889288
         202     1.97032     1.96577 0.000885175
         203     1.97036     1.96579 0.000881103
         204     1.97038     1.96581 0.000877072
         205     1.97039     1.96583 0.000873078
         206      1.9704     1.96586 0.000869121
         207     1.97039     1.96588 0.000865199
         208     1.97037      1.9659 0.000861309
         209     1.97034     1.96592  0.00085745
         210      1.9703     1.96594 0.000853621
         211     1.97025     1.96596  0.00084982
         212     1.97018     1.96598 0.000846044
         213      1.9701       1.966 0.000842293
         214     1.97001     1.96602 0.000838565
         215      1.9699     1.96604 0.000834858
         216     1.96977     1.96606 0.000831172
         217     1.96963     1.96607 0.000827506
         218     1.96948     1.96609 0.000823857
         219     1.96931      1.9661 0.000820227
         220     1.96912     1.96612 0.000816614
         221     1.96892     1.96613 0.000813017
         222      1.9687     1.96614 0.000809438
         223     1.96847     1.96615 0.000805875
         224     1.96822     1.96616  0.00080233
         225     1.96795     1.96617 0.000798804
         226     1.96766     1.96617 0.000795296
         227     1.96736     1.96618  0.00079181
         228     1.96704     1.96618 0.000788346
         229     1.96671     1.96619 0.000784907
         230     1.96635     1.96619 0.000781495
         231     1.96599     1.96619 0.000778112
         232      1.9656     1.96618 0.000774762
         233      1.9652     1.96618 0.000771448
         234     1.96479     1.96617 0.000768174
         235     1.96436     1.96617 0.000764944
         236     1.96391     1.96616 0.000761763
         237     1.96346     1.96614 0.000758634
         238     1.96298     1.96613 0.000755562
         239      1.9625     1.96612 0.000752554
         240       1.962      1.9661 0.000749614
         241     1.96149     1.96608 0.000746747
         242     1.96097     1.96606 0.000743959
         243     1.96044     1.96604 0.000741257
         244      1.9599     1.96601 0.000738645
         245     1.95935     1.96598  0.00073613
         246      1.9588     1.96595 0.000733717
         247     1.95823     1.96592 0.000731413
         248     1.95766     1.96589 0.000729222
         249     1.95709     1.96585  0.00072715
         250     1.95651     1.96582 0.000725202
         251     1.95592     1.96578 0.000723383
         252     1.95534     1.96574 0.000721698
         253     1.95475     1.96569  0.00072015
         254     1.95416     1.96565 0.000718744
         255     1.95358      1.9656 0.000717481
         256     1.95299     1.96555 0.000716366
         257     1.95241      1.9655   0.0007154
         258     1.95184     1.96545 0.000714584
         259     1.95127     1.96539  0.00071392
         260      1.9507     1.96534 0.000713406
         261     1.95014     1.96528 0.000713043
         262     1.94959     1.96522  0.00071283
         263     1.94906     1.96516 0.000712763
         264     1.94853     1.96509 0.000712841
         265     1.94801     1.96503  0.00071306
         266     1.94751     1.96496 0.000713415
         267     1.94702     1.96489 0.000713902
         268     1.94654     1.96483 0.000714515
         269     1.94608     1.96476 0.000715248
         270     1.94564     1.96469 0.000716094
         271     1.94522     1.96461 0.000717045
         272     1.94482     1.96454 0.000718094
         273     1.94443     1.96447 0.000719232
         274     1.94407     1.96439 0.000720451
         275     1.94373     1.96432  0.00072174
         276     1.94341     1.96424 0.000723091
         277     1.94311     1.96417 0.000724494
         278     1.94284     1.96409 0.000725939
         279     1.94259     1.96401 0.000727415
         280     1.94237     1.96394 0.000728913
         281     1.94217     1.96386 0.000730422
         282       1.942     1.96378 0.000731932
         283     1.94186      1.9637 0.000733434
         284     1.94174     1.96363 0.000734917
         285     1.94165     1.96355 0.000736372
         286     1.94159     1.96347 0.000737789
         287     1.94155     1.96339 0.000739161
         288     1.94155     1.96332 0.000740478
         289     1.94156     1.96324 0.000741732
         290     1.94161     1.96317 0.000742915
         291     1.94169      1.9631 0.000744021
         292     1.94179     1.96302 0.000745044
         293     1.94191     1.96295 0.000745976
         294     1.94207     1.96288 0.000746813
         295     1.94224     1.96281 0.000747551
         296     1.94245     1.96274 0.000748184
         297     1.94267     1.96267 0.000748711
         298     1.94292     1.96261 0.000749127
         299     1.94319     1.96254 0.000749431
         300     1.94348     1.96248  0.00074962
         301     1.94379     1.96242 0.000749696
         302     1.94413     1.96236 0.000749655
         303     1.94448      1.9623   0.0007495
         304     1.94484     1.96224 0.000749231
         305     1.94522     1.96218 0.000748849
         306     1.94562     1.96213 0.000748355
         307     1.94603     1.96208 0.000747753
         308     1.94645     1.96203 0.000747044
         309     1.94689     1.96198 0.000746231
         310     1.94733     1.96193 0.000745318
         311     1.94778     1.96188 0.000744309
         312     1.94824     1.96184 0.000743206
         313     1.94871      1.9618 0.000742015
         314     1.94918     1.96176  0.00074074
         315     1.94966     1.96172 0.000739384
         316     1.95013     1.96168 0.000737953
         317     1.95062     1.96165  0.00073645
         318      1.9511     1.96162 0.000734881
         319     1.95158     1.96158  0.00073325
         320     1.95206     1.96155 0.000731562
         321     1.95254     1.96153 0.000729822
         322     1.95302      1.9615 0.000728033
         323      1.9535     1.96147   0.0007262
         324     1.95397     1.96145 0.000724328
         325     1.95444     1.96143 0.000722421
         326      1.9549     1.96141 0.000720483
         327     1.95536     1.96139 0.000718517
         328     1.95581     1.96137 0.000716529
         329     1.95625     1.96136  0.00071452
         330     1.95669     1.96134 0.000712495
         331     1.95712     1.96133 0.000710457
         332     1.95754     1.96132 0.000708409
         333     1.95795     1.96131 0.000706354
         334     1.95836      1.9613 0.000704294
         335     1.95876     1.96129 0.000702233
         336     1.95915     1.96129 0.000700172
         337     1.95953     1.96128 0.000698114
         338      1.9599     1.96128  0.00069606
         339     1.96026     1.96128 0.000694013
         340     1.96061     1.96127 0.000691975
         341     1.96095     1.96127 0.000689946
         342     1.96129     1.96127 0.000687929
         343     1.96161     1.96127 0.000685924
         344     1.96193     1.96128 0.000683933
         345     1.96224     1.96128 0.000681956
         346     1.96253     1.96128 0.000679995
         347     1.96282     1.96129  0.00067805
         348      1.9631     1.96129 0.000676121
         349     1.96337      1.9613  0.00067421
         350     1.96363      1.9613 0.000672317
         351     1.96389     1.96131 0.000670442
         352     1.96413     1.96132 0.000668585
         353     1.96437     1.96133 0.000666747
         354      1.9646     1.96134 0.000664927
         355     1.96482     1.96135 0.000663127
         356     1.96503     1.96136 0.000661345
         357     1.96523     1.96137 0.000659581
         358     1.96543     1.96138 0.000657836
         359     1.96562     1.96139  0.00065611
         360      1.9658      1.9614 0.000654402
         361     1.96598     1.96142 0.000652712
         362     1.96615     1.96143 0.000651039
         363     1.96631     1.96144 0.000649385
         364     1.96646     1.96146 0.000647747
         365     1.96661     1.96147 0.000646126
         366     1.96675     1.96149 0.000644522
         367     1.96689      1.9615 0.000642934
         368     1.96702     1.96152 0.000641362
         369     1.96714     1.96153 0.000639805
         370     1.96726     1.96155 0.000638264
         371     1.96738     1.96156 0.000636737
         372     1.96749     1.96158 0.000635224
         373     1.96759     1.96159 0.000633726
         374     1.96769     1.96161 0.000632241
         375     1.96778     1.96163  0.00063077
         376     1.96787     1.96164 0.000629311
         377     1.96796     1.96166 0.000627865
         378     1.96804     1.96168 0.000626431
         379     1.96812     1.96169 0.000625008
         380     1.96819     1.96171 0.000623598
         381     1.96826     1.96173 0.000622198
         382     1.96833     1.96175 0.000620809
         383     1.96839     1.96176 0.000619431
         384     1.96845     1.96178 0.000618063
         385     1.96851      1.9618 0.000616704
         386     1.96856     1.96181 0.000615355
         387     1.96861     1.96183 0.000614016
         388     1.96866     1.96185 0.000612685
         389      1.9687     1.96187 0.000611363
         390     1.96874     1.96189  0.00061005
         391     1.96878      1.9619 0.000608745
         392     1.96882     1.96192 0.000607448
         393     1.96886     1.96194 0.000606158
         394     1.96889     1.96196 0.000604876
         395     1.96892     1.96197 0.000603602
         396     1.96895     1.96199 0.000602334
         397     1.96897     1.96201 0.000601074
         398       1.969     1.96203  0.00059982
         399     1.96902     1.96204 0.000598573
         400     1.96904     1.96206 0.000597332
         401     1.96906     1.96208 0.000596098
         402     1.96908      1.9621 0.000594869
         403      1.9691     1.96211 0.000593647
         404     1.96912     1.96213 0.000592431
         405     1.96913     1.96215  0.00059122
         406     1.96914     1.96217 0.000590015
         407     1.96916     1.96218 0.000588815
         408     1.96917      1.9622 0.000587621
         409     1.96918     1.96222 0.000586432
         410     1.96919     1.96223 0.000585248
         411      1.9692     1.96225  0.00058407
         412     1.96921     1.96227 0.000582896
         413     1.96922     1.96228 0.000581728
         414     1.96923      1.9623 0.000580564
         415     1.96923     1.96232 0.000579406
         416     1.96924     1.96233 0.000578252
         417     1.96925     1.96235 0.000577102
         418     1.96925     1.96237 0.000575958
         419     1.96926     1.96238 0.000574818
         420     1.96926      1.9624 0.000573682
         421     1.96926     1.96242 0.000572551
         422     1.96927     1.96243 0.000571425
         423     1.96927     1.96245 0.000570302
         424     1.96927     1.96247 0.000569184
         425     1.96928     1.96248 0.000568071
         426     1.96928      1.9625 0.000566961
         427     1.96928     1.96251 0.000565856
         428     1.96928     1.96253 0.000564754
         429     1.96927     1.96254 0.000563657
         430     1.96927     1.96256 0.000562563
         431     1.96927     1.96258 0.000561473
         432     1.96926     1.96259 0.000560386
         433     1.96925     1.96261 0.000559303
         434     1.96924     1.96262 0.000558224
         435     1.96923     1.96264 0.000557147
         436     1.96922     1.96265 0.000556074
         437      1.9692     1.96267 0.000555003
         438     1.96918     1.96268 0.000553935
         439     1.96915      1.9627 0.000552869
         440     1.96912     1.96271 0.000551805
         441     1.96909     1.96273 0.000550744
         442     1.96905     1.96274 0.000549683
         443     1.96901     1.96275 0.000548625
         444     1.96896     1.96277 0.000547567
         445      1.9689     1.96278  0.00054651
         446     1.96884      1.9628 0.000545453
         447     1.96877     1.96281 0.000544397
         448     1.96869     1.96282  0.00054334
         449      1.9686     1.96284 0.000542282
         450      1.9685     1.96285 0.000541223
         451      1.9684     1.96286 0.000540163
         452     1.96828     1.96287 0.000539101
         453     1.96815     1.96288 0.000538036
         454       1.968     1.96289  0.00053697
         455     1.96785     1.96291   0.0005359
         456     1.96768     1.96292 0.000534827
         457      1.9675     1.96293  0.00053375
         458      1.9673     1.96294  0.00053267
         459     1.96708     1.96294 0.000531586
         460     1.96685     1.96295 0.000530498
         461      1.9666     1.96296 0.000529407
         462     1.96634     1.96297 0.000528311
         463     1.96605     1.96298 0.000527212
         464     1.96575     1.96298  0.00052611
         465     1.96543     1.96299 0.000525005
         466     1.96509     1.96299 0.000523898
         467     1.96473     1.96299 0.000522789
         468     1.96435       1.963  0.00052168
         469     1.96395       1.963 0.000520572
         470     1.96354       1.963 0.000519465
         471      1.9631       1.963 0.000518362
         472     1.96265       1.963 0.000517265
         473     1.96218       1.963 0.000516174
         474     1.96169       1.963 0.000515092
         475     1.96119     1.96299 0.000514022
         476     1.96067     1.96299 0.000512965
         477     1.96015     1.96298 0.000511924
         478     1.95961     1.96297 0.000510902
         479     1.95906     1.96297 0.000509901
         480     1.95851     1.96296 0.000508923
         481     1.95795     1.96295 0.000507971
         482      1.9574     1.96293 0.000507048
         483     1.95684     1.96292 0.000506155
         484     1.95629     1.96291 0.000505295
         485     1.95574     1.96289 0.000504469
         486     1.95521     1.96288 0.000503678
         487     1.95469     1.96286 0.000502925
         488     1.95419     1.96284 0.000502208
         489     1.95371     1.96282 0.000501529
         490     1.95325     1.96281 0.000500886
         491     1.95282     1.96278 0.000500278
         492     1.95242     1.96276 0.000499705
         493     1.95205     1.96274 0.000499164
         494     1.95172     1.96272 0.000498652
         495     1.95142      1.9627 0.000498167
         496     1.95117     1.96267 0.000497704
         497     1.95096     1.96265 0.000497261
         498     1.95079     1.96263 0.000496833
         499     1.95066      1.9626 0.000496415
         500     1.95058     1.96258 0.000496004
         501     1.95055     1.96255 0.000495595
         502     1.95056     1.96253 0.000495183
         503     1.95061     1.96251 0.000494765
         504     1.95071     1.96248 0.000494337
         505     1.95085     1.96246 0.000493894
         506     1.95103     1.96244 0.000493434
         507     1.95125     1.96242 0.000492954
         508     1.95151     1.96239 0.000492451
         509      1.9518     1.96237 0.000491923
         510     1.95212     1.96235  0.00049137
         511     1.95246     1.96233 0.000490789
         512     1.95284     1.96232 0.000490181
         513     1.95323      1.9623 0.000489545
         514     1.95364     1.96228 0.000488882
         515     1.95407     1.96226 0.000488192
         516     1.95451     1.96225 0.000487477
         517     1.95496     1.96224 0.000486738
         518     1.95542     1.96222 0.000485976
         519     1.95588     1.96221 0.000485193
         520     1.95634      1.9622 0.000484391
         521      1.9568     1.96219 0.000483572
         522     1.95725     1.96218 0.000482738
         523      1.9577     1.96217 0.000481891
         524     1.95814     1.96216 0.000481033
         525     1.95857     1.96216 0.000480165
         526     1.95898     1.96215  0.00047929
         527     1.95938     1.96214  0.00047841
         528     1.95977     1.96214 0.000477525
         529     1.96013     1.96214 0.000476637
         530     1.96048     1.96213 0.000475748
         531     1.96081     1.96213 0.000474859
         532     1.96112     1.96213  0.00047397
         533      1.9614     1.96213 0.000473083
         534     1.96166     1.96213 0.000472198
         535      1.9619     1.96213 0.000471315
         536     1.96212     1.96213 0.000470436
         537     1.96231     1.96213  0.00046956
         538     1.96248     1.96213 0.000468688
         539     1.96262     1.96213 0.000467819
         540     1.96273     1.96213 0.000466954
         541     1.96282     1.96213 0.000466092
         542     1.96288     1.96213 0.000465235
         543     1.96291     1.96213  0.00046438
         544     1.96292     1.96213 0.000463529
         545      1.9629     1.96214  0.00046268
         546     1.96286     1.96214 0.000461835
         547     1.96278     1.96214 0.000460992
         548     1.96268     1.96214 0.000460152
         549     1.96255     1.96214 0.000459314
         550     1.96239     1.96214 0.000458479
         551     1.96221     1.96214 0.000457647
         552       1.962     1.96214 0.000456818
         553     1.96176     1.96214 0.000455993
         554     1.96149     1.96214 0.000455171
         555      1.9612     1.96214 0.000454354
         556     1.96089     1.96213 0.000453542
         557     1.96054     1.96213 0.000452737
         558     1.96017     1.96213 0.000451939
         559     1.95978     1.96212 0.000451151
         560     1.95936     1.96212 0.000450372
         561     1.95893     1.96211 0.000449605
         562     1.95846     1.96211 0.000448852
         563     1.95798      1.9621 0.000448114
         564     1.95748     1.96209 0.000447395
         565     1.95696     1.96208 0.000446695
         566     1.95642     1.96207 0.000446018
         567     1.95587     1.96206 0.000445366
         568      1.9553     1.96205 0.000444741
         569     1.95472     1.96204 0.000444146
         570     1.95413     1.96202 0.000443583
         571     1.95353     1.96201 0.000443056
         572     1.95292     1.96199 0.000442566
         573     1.95231     1.96198 0.000442116
         574      1.9517     1.96196 0.000441709
         575     1.95109     1.96194 0.000441345
         576     1.95048     1.96192 0.000441027
         577     1.94987      1.9619 0.000440756
         578     1.94928     1.96188 0.000440534
         579     1.94869     1.96185 0.000440361
         580     1.94812     1.96183 0.000440238
         581     1.94757      1.9618 0.000440164
         582     1.94703     1.96178 0.000440139
         583     1.94652     1.96175 0.000440162
         584     1.94603     1.96173 0.000440231
         585     1.94556      1.9617 0.000440345
         586     1.94513     1.96167   0.0004405
         587     1.94472     1.96164 0.000440695
         588     1.94435     1.96161 0.000440925
         589     1.94402     1.96158 0.000441188
         590     1.94372     1.96155 0.000441478
         591     1.94345     1.96152 0.000441791
         592     1.94323     1.96149 0.000442124
         593     1.94305     1.96146 0.000442471
         594     1.94291     1.96143 0.000442827
         595     1.94281      1.9614 0.000443187
         596     1.94275     1.96137 0.000443547
         597     1.94273     1.96133 0.000443902
         598     1.94275      1.9613 0.000444246
         599     1.94281     1.96127 0.000444577
         600      1.9429     1.96124 0.000444889
         601     1.94304     1.96121 0.000445178
         602     1.94321     1.96118 0.000445442
         603     1.94341     1.96115 0.000445678
         604     1.94364     1.96112 0.000445882
         605      1.9439     1.96109 0.000446052
         606     1.94419     1.96107 0.000446188
         607      1.9445     1.96104 0.000446287
         608     1.94483     1.96101 0.000446349
         609     1.94517     1.96099 0.000446373
         610     1.94553     1.96096  0.00044636
         611     1.94591     1.96094 0.000446309
         612     1.94629     1.96091 0.000446221
         613     1.94667     1.96089 0.000446098
         614     1.94706     1.96087  0.00044594
         615     1.94744     1.96085 0.000445748
         616     1.94783     1.96082 0.000445525
         617     1.94821      1.9608 0.000445272
         618     1.94858     1.96078 0.000444991
         619     1.94894     1.96076 0.000444684
         620     1.94929     1.96075 0.000444352
         621     1.94962     1.96073 0.000443997
         622     1.94994     1.96071 0.000443622
         623     1.95025     1.96069 0.000443227
         624     1.95054     1.96068 0.000442816
         625     1.95081     1.96066 0.000442388
         626     1.95107     1.96065 0.000441947
         627     1.95131     1.96063 0.000441493
         628     1.95154     1.96062 0.000441027
         629     1.95175      1.9606 0.000440551
         630     1.95195     1.96059 0.000440066
         631     1.95214     1.96058 0.000439572
         632     1.95232     1.96056 0.000439071
         633     1.95249     1.96055 0.000438563
         634     1.95265     1.96054 0.000438048
         635     1.95281     1.96053 0.000437527
         636     1.95296     1.96051 0.000437001
         637     1.95312      1.9605 0.000436469
         638     1.95328     1.96049 0.000435932
         639     1.95344     1.96048 0.000435389
         640      1.9536     1.96047 0.000434842
         641     1.95377     1.96046 0.000434289
         642     1.95394     1.96045 0.000433731
         643     1.95413     1.96044 0.000433168
         644     1.95432     1.96043   0.0004326
         645     1.95452     1.96042 0.000432026
         646     1.95472     1.96041 0.000431447
         647     1.95494      1.9604 0.000430863
         648     1.95516     1.96039 0.000430274
         649     1.95538     1.96039 0.000429681
         650     1.95561     1.96038 0.000429083
         651     1.95584     1.96037  0.00042848
         652     1.95607     1.96037 0.000427874
         653     1.95629     1.96036 0.000427264
         654     1.95651     1.96035 0.000426651
         655     1.95673     1.96035 0.000426036
         656     1.95693     1.96034 0.000425418
         657     1.95712     1.96034 0.000424799
         658      1.9573     1.96033 0.000424179
         659     1.95745     1.96033 0.000423558
         660     1.95759     1.96033 0.000422936
         661     1.95771     1.96032 0.000422315
         662     1.95781     1.96032 0.000421694
         663     1.95788     1.96031 0.000421074
         664     1.95793     1.96031 0.000420455
         665     1.95795     1.96031 0.000419838
         666     1.95795      1.9603 0.000419222
         667     1.95792      1.9603 0.000418609
         668     1.95786      1.9603 0.000417998
         669     1.95778     1.96029  0.00041739
         670     1.95767     1.96029 0.000416786
         671     1.95754     1.96028 0.000416185
         672     1.95739     1.96028 0.000415588
         673     1.95721     1.96028 0.000414995
         674     1.95702     1.96027 0.000414407
         675     1.95681     1.96027 0.000413825
         676     1.95659     1.96026 0.000413249
         677     1.95636     1.96025 0.000412678
         678     1.95612     1.96025 0.000412115
         679     1.95587     1.96024 0.000411558
         680     1.95563     1.96023 0.000411009
         681     1.95538     1.96023 0.000410467
         682     1.95514     1.96022 0.000409933
         683     1.95491     1.96021 0.000409406
         684      1.9547      1.9602 0.000408887
         685      1.9545      1.9602 0.000408375
         686     1.95431     1.96019  0.00040787
         687     1.95416     1.96018 0.000407371
         688     1.95403     1.96017 0.000406877
         689     1.95393     1.96016 0.000406387
         690     1.95386     1.96015   0.0004059
         691     1.95384     1.96014 0.000405416
         692     1.95385     1.96013 0.000404932
         693      1.9539     1.96012 0.000404447
         694       1.954     1.96012 0.000403961
         695     1.95414     1.96011 0.000403471
         696     1.95433      1.9601 0.000402976
         697     1.95457     1.96009 0.000402476
         698     1.95485     1.96008  0.00040197
         699     1.95517     1.96008 0.000401456
         700     1.95554     1.96007 0.000400935
         701     1.95594     1.96006 0.000400407
         702     1.95639     1.96006  0.00039987
         703     1.95686     1.96005 0.000399327
         704     1.95737     1.96005 0.000398778
         705      1.9579     1.96005 0.000398224
         706     1.95845     1.96004 0.000397667
         707     1.95901     1.96004 0.000397107
         708     1.95957     1.96004 0.000396547
         709     1.96013     1.96004 0.000395987
         710     1.96069     1.96004 0.000395431
         711     1.96123     1.96005 0.000394878
         712     1.96174     1.96005 0.000394331
         713     1.96222     1.96005 0.000393789
         714     1.96267     1.96005 0.000393255
         715     1.96307     1.96006 0.000392727
         716     1.96341     1.96006 0.000392207
         717      1.9637     1.96007 0.000391693
         718     1.96392     1.96007 0.000391184
         719     1.96407     1.96008 0.000390679
         720     1.96414     1.96009 0.000390177
         721     1.96412     1.96009 0.000389676
         722     1.96402      1.9601 0.000389175
         723     1.96383      1.9601 0.000388671
         724     1.96354     1.96011 0.000388163
         725     1.96316     1.96011  0.00038765
         726     1.96268     1.96011 0.000387132
         727     1.96209     1.96012 0.000386609
         728     1.96141     1.96012 0.000386082
         729     1.96063     1.96012 0.000385553
         730     1.95975     1.96012 0.000385026
         731     1.95878     1.96012 0.000384503
         732     1.95772     1.96011 0.000383992
         733     1.95657     1.96011 0.000383499
         734     1.95534      1.9601 0.000383031
         735     1.95404     1.96009 0.000382599
         736     1.95267     1.96008 0.000382212
         737     1.95124     1.96007 0.000381882
         738     1.94976     1.96006  0.00038162
         739     1.94824     1.96004 0.000381439
         740     1.94668     1.96002 0.000381351
         741     1.94511        1.96 0.000381367
         742     1.94352     1.95998   0.0003815
         743     1.94192     1.95996  0.00038176
         744     1.94034     1.95993 0.000382156
         745     1.93877      1.9599 0.000382698
         746     1.93722     1.95987 0.000383391
         747      1.9357     1.95984 0.000384241
         748     1.93422     1.95981  0.00038525
         749     1.93279     1.95977 0.000386421
         750     1.93141     1.95973 0.000387752
         751     1.93008     1.95969  0.00038924
         752     1.92881     1.95965 0.000390883
         753      1.9276     1.95961 0.000392675
         754     1.92645     1.95956 0.000394609
         755     1.92537     1.95952 0.000396676
         756     1.92436     1.95947 0.000398869
         757     1.92341     1.95942 0.000401178
         758     1.92252     1.95938 0.000403591
         759     1.92171     1.95933   0.0004061
         760     1.92095     1.95928 0.000408692
         761     1.92027     1.95922 0.000411357
         762     1.91965     1.95917 0.000414083
         763     1.91909     1.95912  0.00041686
         764      1.9186     1.95907 0.000419675
         765     1.91817     1.95901 0.000422518
         766      1.9178     1.95896 0.000425378
         767      1.9175     1.95891 0.000428243
         768     1.91727     1.95885 0.000431105
         769     1.91709      1.9588 0.000433951
         770     1.91698     1.95874 0.000436771
         771     1.91694     1.95869 0.000439557
         772     1.91697     1.95863 0.000442297
         773     1.91706     1.95858 0.000444983
         774     1.91722     1.95853 0.000447606
         775     1.91745     1.95847 0.000450155
         776     1.91776     1.95842 0.000452623
         777     1.91814     1.95837    0.000455
         778     1.91859     1.95832 0.000457278
         779     1.91913     1.95827  0.00045945
         780     1.91975     1.95822 0.000461508
         781     1.92045     1.95817 0.000463444
         782     1.92124     1.95812 0.000465252
         783     1.92211     1.95808 0.000466925
         784     1.92307     1.95803 0.000468459
         785     1.92413     1.95799  0.00046985
         786     1.92526     1.95795 0.000471093
         787     1.92649     1.95791 0.000472187
         788      1.9278     1.95787 0.000473131
         789     1.92919     1.95783 0.000473926
         790     1.93066      1.9578 0.000474572
         791     1.93221     1.95777 0.000475074
         792     1.93382     1.95774 0.000475435
         793     1.93549     1.95771 0.000475663
         794     1.93721     1.95768 0.000475764
         795     1.93898     1.95766 0.000475747
         796     1.94078     1.95764 0.000475621
         797     1.94262     1.95762 0.000475398
         798     1.94447      1.9576 0.000475088
         799     1.94633     1.95759 0.000474703
         800     1.94819     1.95758 0.000474255
         801     1.95005     1.95757 0.000473756
         802     1.95188     1.95756 0.000473218
         803      1.9537     1.95756 0.000472653
         804     1.95548     1.95755 0.000472072
         805     1.95723     1.95755 0.000471486
         806     1.95893     1.95755 0.000470904
         807     1.96059     1.95756 0.000470336
         808     1.96218     1.95756 0.000469788
         809     1.96372     1.95757 0.000469269
         810     1.96519     1.95758 0.000468784
         811      1.9666     1.95759 0.000468338
         812     1.96793      1.9576 0.000467934
         813      1.9692     1.95762 0.000467576
         814     1.97038     1.95763 0.000467265
         815     1.97149     1.95765    0.000467
         816     1.97252     1.95767 0.000466784
         817     1.97348     1.95769 0.000466613
         818     1.97435     1.95771 0.000466487
         819     1.97514     1.95773 0.000466402
         820     1.97585     1.95775 0.000466356
         821     1.97647     1.95778 0.000466345
         822     1.97702      1.9578 0.000466365
         823     1.97748     1.95782 0.000466411
         824     1.97786     1.95785 0.000466479
         825     1.97816     1.95787 0.000466563
         826     1.97838      1.9579 0.000466658
         827     1.97852     1.95792  0.00046676
         828     1.97858     1.95795 0.000466863
         829     1.97857     1.95797 0.000466962
         830     1.97847       1.958 0.000467052
         831      1.9783     1.95802 0.000467128
         832     1.97805     1.95804 0.000467186
         833     1.97773     1.95807 0.000467223
         834     1.97733     1.95809 0.000467233
         835     1.97687     1.95811 0.000467214
         836     1.97634     1.95814 0.000467164
         837     1.97574     1.95816 0.000467078
         838     1.97507     1.95818 0.000466957
         839     1.97435      1.9582 0.000466798
         840     1.97357     1.95821 0.000466601
         841     1.97273     1.95823 0.000466365
         842     1.97184     1.95825 0.000466091
         843     1.97091     1.95826  0.00046578
         844     1.96993     1.95828 0.000465433
         845     1.96892     1.95829 0.000465053
         846     1.96787      1.9583 0.000464641
         847      1.9668     1.95831 0.000464201
         848     1.96571     1.95832 0.000463736
         849      1.9646     1.95833 0.000463248
         850     1.96348     1.95833 0.000462743
         851     1.96235     1.95834 0.000462223
         852     1.96123     1.95834 0.000461693
         853     1.96012     1.95834 0.000461157
         854     1.95902     1.95834 0.000460617
         855     1.95794     1.95834 0.000460079
         856     1.95688     1.95834 0.000459545
         857     1.95586     1.95834 0.000459018
         858     1.95487     1.95834   0.0004585
         859     1.95393     1.95833 0.000457995
         860     1.95302     1.95832 0.000457504
         861     1.95217     1.95832 0.000457029
         862     1.95137     1.95831  0.00045657
         863     1.95062      1.9583 0.000456128
         864     1.94992     1.95829 0.000455703
         865     1.94928     1.95828 0.000455295
         866     1.94871     1.95827 0.000454903
         867     1.94819     1.95826 0.000454527
         868     1.94773     1.95824 0.000454165
         869     1.94732     1.95823 0.000453817
         870     1.94698     1.95822 0.000453479
         871     1.94669     1.95821 0.000453152
         872     1.94647     1.95819 0.000452832
         873     1.94629     1.95818 0.000452518
         874     1.94617     1.95817 0.000452209
         875     1.94611     1.95815 0.000451902
         876      1.9461     1.95814 0.000451596
         877     1.94614     1.95812 0.000451288
         878     1.94623     1.95811 0.000450977
         879     1.94637      1.9581 0.000450662
         880     1.94656     1.95808  0.00045034
         881      1.9468     1.95807 0.000450011
         882     1.94708     1.95806 0.000449673
         883     1.94742     1.95805 0.000449326
         884     1.94779     1.95803 0.000448967
         885     1.94822     1.95802 0.000448597
         886     1.94869     1.95801 0.000448214
         887      1.9492       1.958 0.000447819
         888     1.94975     1.95799 0.000447411
         889     1.95035     1.95799 0.000446991
         890     1.95099     1.95798 0.000446557
         891     1.95166     1.95797 0.000446113
         892     1.95238     1.95796 0.000445656
         893     1.95313     1.95796  0.00044519
         894     1.95391     1.95795 0.000444715
         895     1.95472     1.95795 0.000444233
         896     1.95556     1.95795 0.000443746
         897     1.95642     1.95795 0.000443254
         898      1.9573     1.95795 0.000442761
         899      1.9582     1.95795 0.000442269
         900     1.95912     1.95795 0.000441779
         901     1.96005     1.95795 0.000441295
         902     1.96098     1.95795 0.000440819
         903     1.96192     1.95796 0.000440352
         904     1.96285     1.95796 0.000439898
         905     1.96379     1.95797 0.000439459
         906     1.96471     1.95798 0.000439037
         907     1.96563     1.95799 0.000438634
         908     1.96653     1.95799 0.000438252
         909     1.96741       1.958 0.000437892
         910     1.96827     1.95802 0.000437557
         911     1.96911     1.95803 0.000437246
         912     1.96992     1.95804  0.00043696
         913      1.9707     1.95806 0.000436702
         914     1.97144     1.95807 0.000436469
         915     1.97216     1.95809 0.000436264
         916     1.97283      1.9581 0.000436085
         917     1.97347     1.95812 0.000435931
         918     1.97407     1.95814 0.000435802
         919     1.97463     1.95815 0.000435698
         920     1.97514     1.95817 0.000435615
         921     1.97561     1.95819 0.000435553
         922     1.97603     1.95821  0.00043551
         923     1.97641     1.95823 0.000435485
         924     1.97674     1.95825 0.000435474
         925     1.97702     1.95827 0.000435475
         926     1.97725     1.95829 0.000435487
         927     1.97743     1.95831 0.000435507
         928     1.97757     1.95833 0.000435531
         929     1.97765     1.95835 0.000435559
         930     1.97768     1.95837 0.000435586
         931     1.97767     1.95839 0.000435611
         932      1.9776     1.95841 0.000435631
         933     1.97748     1.95844 0.000435643
         934     1.97732     1.95846 0.000435645
         935      1.9771     1.95848 0.000435636
         936     1.97684      1.9585 0.000435612
         937     1.97653     1.95851 0.000435572
         938     1.97617     1.95853 0.000435514
         939     1.97576     1.95855 0.000435436
         940     1.97531     1.95857 0.000435338
         941     1.97482     1.95859 0.000435217
         942     1.97428      1.9586 0.000435074
         943     1.97371     1.95862 0.000434907
         944     1.97309     1.95863 0.000434717
         945     1.97244     1.95865 0.000434502
         946     1.97176     1.95866 0.000434264
         947     1.97105     1.95868 0.000434003
         948     1.97032     1.95869 0.000433718
         949     1.96956      1.9587 0.000433412
         950     1.96878     1.95871 0.000433086
         951     1.96799     1.95872 0.000432741
         952     1.96719     1.95873 0.000432377
         953     1.96638     1.95874 0.000431998
         954     1.96558     1.95874 0.000431605
         955     1.96478     1.95875 0.000431199
         956     1.96399     1.95876 0.000430783
         957     1.96322     1.95876 0.000430358
         958     1.96248     1.95876 0.000429927
         959     1.96175     1.95877  0.00042949
         960     1.96107     1.95877 0.000429049
         961     1.96042     1.95877 0.000428606
         962     1.95981     1.95877 0.000428162
         963     1.95925     1.95877 0.000427717
         964     1.95874     1.95877 0.000427274
         965     1.95828     1.95877 0.000426831
         966     1.95788     1.95877  0.00042639
         967     1.95754     1.95877 0.000425951
         968     1.95726     1.95877 0.000425514
         969     1.95703     1.95877 0.000425079
         970     1.95687     1.95877 0.000424645
         971     1.95677     1.95876 0.000424213
         972     1.95672     1.95876 0.000423781
         973     1.95673     1.95876 0.000423351
         974      1.9568     1.95876 0.000422921
         975     1.95691     1.95876 0.000422492
         976     1.95707     1.95875 0.000422062
         977     1.95727     1.95875 0.000421633
         978      1.9575     1.95875 0.000421204
         979     1.95777     1.95875 0.000420775
         980     1.95806     1.95875 0.000420346
         981     1.95838     1.95875 0.000419918
         982     1.95871     1.95875  0.00041949
         983     1.95906     1.95875 0.000419063
         984     1.95941     1.95875 0.000418638
         985     1.95977     1.95875 0.000418214
         986     1.96012     1.95875 0.000417793
         987     1.96048     1.95875 0.000417373
         988     1.96082     1.95876 0.000416956
         989     1.96115     1.95876 0.000416541
         990     1.96147     1.95876 0.000416129
         991     1.96177     1.95876 0.000415721
         992     1.96206     1.95877 0.000415315
         993     1.96232     1.95877 0.000414912
         994     1.96257     1.95877 0.000414512
         995     1.96279     1.95878 0.000414115
         996     1.96299     1.95878 0.000413721
         997     1.96317     1.95879 0.000413329
         998     1.96333     1.95879  0.00041294
         999     1.96347      1.9588 0.000412553
        1000     1.96359      1.9588 0.000412169
        1001     1.96368     1.95881 0.000411786
        1002     1.96376     1.95881 0.000411404
        1003     1.96383     1.95882 0.000411025
        1004     1.96387     1.95882 0.000410646
        1005      1.9639     1.95883 0.000410269
        1006     1.96392     1.95883 0.000409892
        1007     1.96393     1.95884 0.000409516
        1008     1.96392     1.95884 0.000409141
        1009     1.96391     1.95885 0.000408766
        1010     1.96389     1.95885 0.000408392
        1011     1.96386     1.95886 0.000408018
        1012     1.96382     1.95886 0.000407645
        1013     1.96378     1.95887 0.000407271
        1014     1.96373     1.95887 0.000406898
        1015     1.96368     1.95888 0.000406524
        1016     1.96363     1.95888 0.000406151
        1017     1.96357     1.95889 0.000405778
        1018     1.96351     1.95889 0.000405405
        1019     1.96345     1.95889 0.000405032
        1020     1.96339      1.9589 0.000404659
        1021     1.96333      1.9589 0.000404286
        1022     1.96327     1.95891 0.000403912
        1023      1.9632     1.95891 0.000403539
        1024     1.96313     1.95892 0.000403166
        1025     1.96307     1.95892 0.000402793
        1026       1.963     1.95892  0.00040242
        1027     1.96293     1.95893 0.000402047
        1028     1.96286     1.95893 0.000401675
        1029     1.96278     1.95894 0.000401302
        1030     1.96271     1.95894 0.000400929
        1031     1.96264     1.95894 0.000400556
        1032     1.96256     1.95895 0.000400183
        1033     1.96249     1.95895  0.00039981
        1034     1.96242     1.95895 0.000399438
        1035     1.96235     1.95896 0.000399065
        1036     1.96228     1.95896 0.000398693
        1037     1.96221     1.95896 0.000398321
        1038     1.96215     1.95897 0.000397949
        1039      1.9621     1.95897 0.000397578
        1040     1.96205     1.95897 0.000397206
        1041     1.96201     1.95897 0.000396835
        1042     1.96197     1.95898 0.000396465
        1043     1.96195     1.95898 0.000396095
        1044     1.96193     1.95898 0.000395726
        1045     1.96193     1.95899 0.000395357
        1046     1.96195     1.95899 0.000394989
        1047     1.96197     1.95899 0.000394622
        1048     1.96202     1.95899 0.000394256
        1049     1.96208       1.959 0.000393892
        1050     1.96216       1.959 0.000393528
        1051     1.96226       1.959 0.000393166
        1052     1.96238     1.95901 0.000392805
        1053     1.96252     1.95901 0.000392446
        1054     1.96268     1.95901 0.000392089
        1055     1.96286     1.95902 0.000391734
        1056     1.96306     1.95902 0.000391382
        1057     1.96328     1.95902 0.000391033
        1058     1.96353     1.95903 0.000390686
        1059      1.9638     1.95903 0.000390343
        1060     1.96408     1.95904 0.000390004
        1061     1.96439     1.95904 0.000389669
        1062     1.96471     1.95905 0.000389339
        1063     1.96506     1.95905 0.000389014
        1064     1.96541     1.95906 0.000388694
        1065     1.96579     1.95907  0.00038838
        1066     1.96617     1.95907 0.000388073
        1067     1.96657     1.95908 0.000387773
        1068     1.96697     1.95909  0.00038748
        1069     1.96738      1.9591 0.000387195
        1070      1.9678      1.9591 0.000386919
        1071     1.96822     1.95911 0.000386651
        1072     1.96864     1.95912 0.000386393
        1073     1.96906     1.95913 0.000386144
        1074     1.96948     1.95914 0.000385905
        1075     1.96989     1.95915 0.000385675
        1076      1.9703     1.95916 0.000385456
        1077     1.97069     1.95917 0.000385247
        1078     1.97108     1.95918 0.000385048
        1079     1.97145     1.95919 0.000384859
        1080     1.97181     1.95921  0.00038468
        1081     1.97215     1.95922  0.00038451
        1082     1.97247     1.95923  0.00038435
        1083     1.97277     1.95924 0.000384198
        1084     1.97305     1.95925 0.000384055
        1085     1.97331     1.95927 0.000383919
        1086     1.97355     1.95928 0.000383791
        1087     1.97376     1.95929 0.000383669
        1088     1.97394     1.95931 0.000383552
        1089      1.9741     1.95932 0.000383441
        1090     1.97423     1.95933 0.000383333
        1091     1.97434     1.95935 0.000383228
        1092     1.97442     1.95936 0.000383126
        1093     1.97447     1.95938 0.000383024
        1094     1.97449     1.95939 0.000382923
        1095     1.97448      1.9594 0.000382822
        1096     1.97445     1.95942 0.000382718
        1097     1.97439     1.95943 0.000382613
        1098      1.9743     1.95944 0.000382504
        1099     1.97418     1.95946  0.00038239
        1100     1.97403     1.95947 0.000382272
        1101     1.97386     1.95948 0.000382148
        1102     1.97366      1.9595 0.000382018
        1103     1.97343     1.95951  0.00038188
        1104     1.97318     1.95952 0.000381735
        1105     1.97291     1.95953 0.000381582
        1106     1.97261     1.95955  0.00038142
        1107     1.97229     1.95956 0.000381249
        1108     1.97194     1.95957 0.000381069
        1109     1.97157     1.95958 0.000380879
        1110     1.97119     1.95959 0.000380679
        1111     1.97078      1.9596  0.00038047
        1112     1.97035     1.95961 0.000380251
        1113      1.9699     1.95962 0.000380021
        1114     1.96944     1.95963 0.000379782
        1115     1.96895     1.95964 0.000379534
        1116     1.96845     1.95964 0.000379276
        1117     1.96794     1.95965 0.000379009
        1118     1.96741     1.95966 0.000378734
        1119     1.96686     1.95966  0.00037845
        1120      1.9663     1.95967 0.000378158
        1121     1.96573     1.95968  0.00037786
        1122     1.96515     1.95968 0.000377554
        1123     1.96455     1.95969 0.000377243
        1124     1.96394     1.95969 0.000376926
        1125     1.96333     1.95969 0.000376605
        1126      1.9627      1.9597  0.00037628
        1127     1.96206      1.9597 0.000375952
        1128     1.96142      1.9597 0.000375622
        1129     1.96076      1.9597  0.00037529
        1130      1.9601      1.9597 0.000374958
        1131     1.95943      1.9597 0.000374627
        1132     1.95876      1.9597 0.000374297
        1133     1.95808      1.9597 0.000373969
        1134     1.95739      1.9597 0.000373645
        1135     1.95671     1.95969 0.000373325
        1136     1.95601     1.95969 0.000373011
        1137     1.95532     1.95969 0.000372702
        1138     1.95462     1.95968 0.000372401
        1139     1.95392     1.95968 0.000372109
        1140     1.95322     1.95967 0.000371826
        1141     1.95251     1.95966 0.000371553
        1142     1.95181     1.95966 0.000371291
        1143     1.95111     1.95965 0.000371042
        1144      1.9504     1.95964 0.000370805
        1145      1.9497     1.95963 0.000370583
        1146       1.949     1.95962 0.000370376
        1147     1.94831     1.95961 0.000370184
        1148     1.94761      1.9596 0.000370009
        1149     1.94692     1.95959 0.000369852
        1150     1.94624     1.95958 0.000369713
        1151     1.94556     1.95957 0.000369592
        1152     1.94489     1.95956 0.000369491
        1153     1.94423     1.95954 0.000369409
        1154     1.94358     1.95953 0.000369348
        1155     1.94295     1.95951 0.000369307
        1156     1.94234      1.9595 0.000369287
        1157     1.94175     1.95948 0.000369286
        1158     1.94119     1.95947 0.000369305
        1159     1.94067     1.95945 0.000369342
        1160     1.94019     1.95944 0.000369397
        1161     1.93977     1.95942 0.000369467
        1162      1.9394      1.9594  0.00036955
        1163     1.93911     1.95938 0.000369644
        1164      1.9389     1.95937 0.000369745
        1165     1.93878     1.95935  0.00036985
        1166     1.93876     1.95933 0.000369954
        1167     1.93886     1.95931 0.000370053
        1168     1.93907      1.9593 0.000370141
        1169     1.93943     1.95928 0.000370215
        1170     1.93992     1.95926 0.000370268
        1171     1.94056     1.95925 0.000370296
        1172     1.94136     1.95923 0.000370295
        1173     1.94231     1.95922  0.00037026
        1174     1.94342      1.9592 0.000370189
        1175     1.94468     1.95919  0.00037008
        1176      1.9461     1.95918 0.000369933
        1177     1.94766     1.95917 0.000369748
        1178     1.94935     1.95916 0.000369528
        1179     1.95117     1.95916 0.000369277
        1180      1.9531     1.95915    0.000369
        1181     1.95513     1.95915 0.000368703
        1182     1.95724     1.95915 0.000368395
        1183     1.95942     1.95915 0.000368083
        1184     1.96164     1.95915 0.000367778
        1185     1.96389     1.95915  0.00036749
        1186     1.96616     1.95916 0.000367228
        1187     1.96842     1.95917 0.000367001
        1188     1.97067     1.95917  0.00036682
        1189     1.97288     1.95919 0.000366692
        1190     1.97504      1.9592 0.000366626
        1191     1.97715     1.95921 0.000366628
        1192     1.97918     1.95923 0.000366703
        1193     1.98114     1.95925 0.000366855
        1194       1.983     1.95927 0.000367086
        1195     1.98478     1.95929 0.000367399
        1196     1.98645     1.95931 0.000367793
        1197     1.98801     1.95934 0.000368266
        1198     1.98947     1.95936 0.000368817
        1199     1.99082     1.95939 0.000369441
        1200     1.99205     1.95942 0.000370134
        1201     1.99317     1.95944 0.000370892
        1202     1.99417     1.95947 0.000371707
        1203     1.99506      1.9595 0.000372573
        1204     1.99583     1.95953 0.000373483
        1205     1.99649     1.95956 0.000374431
        1206     1.99704     1.95959 0.000375407
        1207     1.99747     1.95963 0.000376406
        1208      1.9978     1.95966 0.000377418
        1209     1.99801     1.95969 0.000378436
        1210     1.99811     1.95972 0.000379454
        1211     1.99811     1.95975 0.000380462
        1212       1.998     1.95978 0.000381455
        1213     1.99779     1.95982 0.000382425
        1214     1.99748     1.95985 0.000383367
        1215     1.99706     1.95988 0.000384273
        1216     1.99655     1.95991 0.000385138
        1217     1.99593     1.95994 0.000385958
        1218     1.99522     1.95997 0.000386727
        1219     1.99442     1.95999 0.000387441
        1220     1.99352     1.96002 0.000388096
        1221     1.99252     1.96005  0.00038869
        1222     1.99144     1.96007  0.00038922
        1223     1.99027      1.9601 0.000389684
        1224     1.98901     1.96012 0.000390081
        1225     1.98767     1.96015  0.00039041
        1226     1.98624     1.96017 0.000390671
        1227     1.98474     1.96019 0.000390866
        1228     1.98317     1.96021 0.000390995
        1229     1.98152     1.96022 0.000391062
        1230     1.97981     1.96024 0.000391068
        1231     1.97803     1.96025 0.000391017
        1232      1.9762     1.96027 0.000390914
        1233     1.97432     1.96028 0.000390763
        1234      1.9724     1.96029  0.00039057
        1235     1.97044      1.9603  0.00039034
        1236     1.96845      1.9603  0.00039008
        1237     1.96644     1.96031 0.000389796
        1238     1.96442     1.96031 0.000389496
        1239     1.96239     1.96031 0.000389185
        1240     1.96037     1.96031 0.000388871
        1241     1.95837     1.96031 0.000388561
        1242     1.95639     1.96031 0.000388261
        1243     1.95445      1.9603 0.000387977
        1244     1.95256      1.9603 0.000387715
        1245     1.95073     1.96029  0.00038748
        1246     1.94896     1.96028 0.000387275
        1247     1.94728     1.96027 0.000387105
        1248     1.94568     1.96026 0.000386971
        1249     1.94418     1.96024 0.000386876
        1250     1.94279     1.96023 0.000386818
        1251     1.94152     1.96022 0.000386798
        1252     1.94037      1.9602 0.000386814
        1253     1.93935     1.96018 0.000386863
        1254     1.93846     1.96017 0.000386942
        1255     1.93771     1.96015 0.000387047
        1256     1.93711     1.96013 0.000387173
        1257     1.93665     1.96011 0.000387315
        1258     1.93634     1.96009 0.000387468
        1259     1.93617     1.96007 0.000387626
        1260     1.93615     1.96005 0.000387783
        1261     1.93627     1.96004 0.000387934
        1262     1.93653     1.96002 0.000388073
        1263     1.93692        1.96 0.000388197
        1264     1.93744     1.95998   0.0003883
        1265     1.93808     1.95996 0.000388378
        1266     1.93883     1.95995  0.00038843
        1267     1.93969     1.95993 0.000388452
        1268     1.94065     1.95992 0.000388443
        1269      1.9417      1.9599 0.000388402
        1270     1.94284     1.95989 0.000388329
        1271     1.94404     1.95987 0.000388223
        1272     1.94532     1.95986 0.000388087
        1273     1.94664     1.95985 0.000387921
        1274     1.94802     1.95984 0.000387728
        1275     1.94943     1.95984 0.000387509
        1276     1.95088     1.95983 0.000387269
        1277     1.95235     1.95982  0.00038701
        1278     1.95384     1.95982 0.000386736
        1279     1.95533     1.95981 0.000386449
        1280     1.95683     1.95981 0.000386155
        1281     1.95832     1.95981 0.000385855
        1282      1.9598     1.95981 0.000385554
        1283     1.96127     1.95981 0.000385255
        1284     1.96272     1.95981 0.000384962
        1285     1.96414     1.95982 0.000384677
        1286     1.96553     1.95982 0.000384403
        1287     1.96689     1.95983 0.000384144
        1288     1.96821     1.95983 0.000383901
        1289     1.96949     1.95984 0.000383676
        1290     1.97073     1.95985 0.000383471
        1291     1.97191     1.95986 0.000383288
        1292     1.97305     1.95987 0.000383128
        1293     1.97414     1.95988  0.00038299
        1294     1.97518     1.95989 0.000382877
        1295     1.97616     1.95991 0.000382787
        1296     1.97708     1.95992 0.000382721
        1297     1.97795     1.95993 0.000382678
        1298     1.97875     1.95995 0.000382658
        1299      1.9795     1.95996 0.000382659
        1300     1.98019     1.95998 0.000382681
        1301     1.98083     1.95999 0.000382722
        1302      1.9814     1.96001 0.000382781
        1303     1.98191     1.96003 0.000382856
        1304     1.98236     1.96004 0.000382946
        1305     1.98275     1.96006 0.000383047
        1306     1.98309     1.96008  0.00038316
        1307     1.98337      1.9601 0.000383281
        1308     1.98359     1.96011 0.000383408
        1309     1.98375     1.96013  0.00038354
        1310     1.98386     1.96015 0.000383675
        1311     1.98391     1.96017  0.00038381
        1312     1.98391     1.96019 0.000383944
        1313     1.98386     1.96021 0.000384075
        1314     1.98376     1.96022   0.0003842
        1315     1.98361     1.96024  0.00038432
        1316     1.98342     1.96026 0.000384431
        1317     1.98317     1.96028 0.000384533
        1318     1.98289     1.96029 0.000384623
        1319     1.98256     1.96031 0.000384702
        1320      1.9822     1.96033 0.000384768
        1321     1.98179     1.96034  0.00038482
        1322     1.98136     1.96036 0.000384857
        1323     1.98089     1.96037 0.000384879
        1324      1.9804     1.96039 0.000384885
        1325     1.97988      1.9604 0.000384875
        1326     1.97934     1.96042  0.00038485
        1327     1.97878     1.96043 0.000384809
        1328      1.9782     1.96045 0.000384751
        1329     1.97762     1.96046 0.000384679
        1330     1.97703     1.96047 0.000384591
        1331     1.97643     1.96048 0.000384489
        1332     1.97584     1.96049 0.000384373
        1333     1.97526     1.96051 0.000384244
        1334     1.97468     1.96052 0.000384103
        1335     1.97412     1.96053 0.000383951
        1336     1.97359     1.96054 0.000383788
        1337     1.97307     1.96055 0.000383615
        1338     1.97258     1.96055 0.000383434
        1339     1.97213     1.96056 0.000383245
        1340     1.97171     1.96057  0.00038305
        1341     1.97133     1.96058 0.000382848
        1342       1.971     1.96059 0.000382641
        1343     1.97071     1.96059 0.000382431
        1344     1.97046      1.9606 0.000382217
        1345     1.97026     1.96061    0.000382
        1346     1.97012     1.96062 0.000381781
        1347     1.97002     1.96062 0.000381562
        1348     1.96997     1.96063 0.000381342
        1349     1.96998     1.96064 0.000381122
        1350     1.97002     1.96064 0.000380903
        1351     1.97012     1.96065 0.000380686
        1352     1.97026     1.96066  0.00038047
        1353     1.97043     1.96067 0.000380258
        1354     1.97065     1.96067 0.000380048
        1355     1.97089     1.96068 0.000379843
        1356     1.97117     1.96069 0.000379641
        1357     1.97146      1.9607 0.000379445
        1358     1.97178      1.9607 0.000379253
        1359     1.97211     1.96071 0.000379067
        1360     1.97245     1.96072 0.000378886
        1361     1.97279     1.96073 0.000378712
        1362     1.97313     1.96074 0.000378543
        1363     1.97346     1.96075  0.00037838
        1364     1.97378     1.96076 0.000378223
        1365     1.97409     1.96077 0.000378072
        1366     1.97437     1.96078 0.000377927
        1367     1.97463     1.96079 0.000377786
        1368     1.97487      1.9608  0.00037765
        1369     1.97507     1.96081 0.000377518
        1370     1.97523     1.96082 0.000377389
        1371     1.97536     1.96083 0.000377263
        1372     1.97545     1.96084 0.000377139
        1373     1.97549     1.96085 0.000377015
        1374     1.97549     1.96086 0.000376891
        1375     1.97545     1.96087 0.000376766
        1376     1.97535     1.96088 0.000376639
        1377     1.97521     1.96089  0.00037651
        1378     1.97503      1.9609 0.000376376
        1379      1.9748     1.96091 0.000376238
        1380     1.97452     1.96092 0.000376094
        1381     1.97419     1.96093 0.000375945
        1382     1.97382     1.96094 0.000375788
        1383     1.97341     1.96095 0.000375625
        1384     1.97296     1.96096 0.000375454
        1385     1.97248     1.96097 0.000375275
        1386     1.97196     1.96098 0.000375088
        1387      1.9714     1.96098 0.000374893
        1388     1.97082     1.96099  0.00037469
        1389     1.97022       1.961 0.000374479
        1390      1.9696       1.961  0.00037426
        1391     1.96896     1.96101 0.000374035
        1392     1.96831     1.96101 0.000373803
        1393     1.96766     1.96102 0.000373565
        1394       1.967     1.96102 0.000373322
        1395     1.96635     1.96103 0.000373074
        1396     1.96571     1.96103 0.000372822
        1397     1.96509     1.96103 0.000372566
        1398     1.96448     1.96104 0.000372308
        1399      1.9639     1.96104 0.000372047
        1400     1.96336     1.96104 0.000371785
        1401     1.96284     1.96104 0.000371522
        1402     1.96237     1.96104 0.000371258
        1403     1.96194     1.96104 0.000370994
        1404     1.96157     1.96104  0.00037073
        1405     1.96124     1.96104 0.000370466
        1406     1.96097     1.96104 0.000370203
        1407     1.96075     1.96104  0.00036994
        1408      1.9606     1.96104 0.000369677
        1409     1.96051     1.96104 0.000369415
        1410     1.96047     1.96104 0.000369153
        1411     1.96051     1.96104 0.000368892
        1412      1.9606     1.96104 0.000368631
        1413     1.96075     1.96104  0.00036837
        1414     1.96097     1.96104 0.000368109
        1415     1.96124     1.96104 0.000367849
        1416     1.96157     1.96104  0.00036759
        1417     1.96195     1.96104 0.000367331
        1418     1.96238     1.96104 0.000367073
        1419     1.96285     1.96104 0.000366816
        1420     1.96337     1.96105 0.000366562
        1421     1.96392     1.96105 0.000366309
        1422     1.96451     1.96105  0.00036606
        1423     1.96512     1.96105 0.000365814
        1424     1.96576     1.96106 0.000365572
        1425     1.96641     1.96106 0.000365335
        1426     1.96708     1.96106 0.000365103
        1427     1.96775     1.96107 0.000364877
        1428     1.96843     1.96107 0.000364658
        1429     1.96911     1.96108 0.000364446
        1430     1.96978     1.96109 0.000364242
        1431     1.97044     1.96109 0.000364046
        1432     1.97109      1.9611 0.000363859
        1433     1.97172     1.96111  0.00036368
        1434     1.97233     1.96112 0.000363511
        1435     1.97292     1.96112 0.000363351
        1436     1.97347     1.96113 0.000363199
        1437       1.974     1.96114 0.000363057
        1438     1.97449     1.96115 0.000362923
        1439     1.97495     1.96116 0.000362798
        1440     1.97538     1.96117  0.00036268
        1441     1.97576     1.96118  0.00036257
        1442     1.97611     1.96119 0.000362466
        1443     1.97641      1.9612 0.000362369
        1444     1.97668     1.96121 0.000362276
        1445      1.9769     1.96122 0.000362188
        1446     1.97708     1.96123 0.000362103
        1447     1.97721     1.96124 0.000362021
        1448     1.97731     1.96126 0.000361941
        1449     1.97736     1.96127 0.000361862
        1450     1.97737     1.96128 0.000361783
        1451     1.97734     1.96129 0.000361703
        1452     1.97727      1.9613 0.000361622
        1453     1.97717     1.96131 0.000361537
        1454     1.97702     1.96132  0.00036145
        1455     1.97684     1.96133 0.000361359
        1456     1.97662     1.96134 0.000361263
        1457     1.97637     1.96135 0.000361163
        1458     1.97609     1.96136 0.000361057
        1459     1.97578     1.96137 0.000360944
        1460     1.97544     1.96138 0.000360826
        1461     1.97508     1.96139   0.0003607
        1462     1.97469      1.9614 0.000360568
        1463     1.97427     1.96141 0.000360429
        1464     1.97384     1.96142 0.000360283
        1465     1.97339     1.96143  0.00036013
        1466     1.97292     1.96143 0.000359969
        1467     1.97244     1.96144 0.000359802
        1468     1.97194     1.96145 0.000359628
        1469     1.97144     1.96146 0.000359448
        1470     1.97092     1.96146 0.000359261
        1471     1.97039     1.96147 0.000359068
        1472     1.96986     1.96147 0.000358869
        1473     1.96932     1.96148 0.000358665
        1474     1.96877     1.96148 0.000358456
        1475     1.96822     1.96149 0.000358242
        1476     1.96766     1.96149 0.000358024
        1477      1.9671      1.9615 0.000357801
        1478     1.96653      1.9615 0.000357575
        1479     1.96595      1.9615 0.000357346
        1480     1.96537     1.96151 0.000357114
        1481     1.96479     1.96151  0.00035688
        1482     1.96419     1.96151 0.000356644
        1483     1.96358     1.96151 0.000356406
        1484     1.96296     1.96151 0.000356167
        1485     1.96233     1.96151 0.000355928
        1486     1.96168     1.96151 0.000355688
        1487     1.96102     1.96151 0.000355449
        1488     1.96033     1.96151 0.000355211
        1489     1.95963     1.96151 0.000354975
        1490     1.95889     1.96151 0.000354741
        1491     1.95814     1.96151  0.00035451
        1492     1.95735      1.9615 0.000354284
        1493     1.95653      1.9615 0.000354062
        1494     1.95569      1.9615 0.000353847
        1495     1.95481     1.96149 0.000353638
        1496      1.9539     1.96149 0.000353438
        1497     1.95296     1.96148 0.000353248
        1498     1.95199     1.96147 0.000353069
        1499     1.95099     1.96147 0.000352903
        1500     1.94997     1.96146 0.000352751
        1501     1.94893     1.96145 0.000352614
        1502     1.94787     1.96144 0.000352496
        1503     1.94679     1.96143 0.000352396
        1504     1.94572     1.96142 0.000352316
        1505     1.94464     1.96141 0.000352259
        1506     1.94357      1.9614 0.000352224
        1507     1.94252     1.96139 0.000352213
        1508      1.9415     1.96137 0.000352226
        1509     1.94051     1.96136 0.000352264
        1510     1.93957     1.96135 0.000352326
        1511     1.93867     1.96133 0.000352412
        1512     1.93784     1.96131 0.000352521
        1513     1.93708      1.9613 0.000352652
        1514     1.93639     1.96128 0.000352803
        1515     1.93578     1.96127 0.000352971
        1516     1.93526     1.96125 0.000353155
        1517     1.93484     1.96123 0.000353351
        1518     1.93451     1.96121 0.000353557
        1519     1.93427      1.9612 0.000353768
        1520     1.93413     1.96118 0.000353983
        1521      1.9341     1.96116 0.000354198
        1522     1.93415     1.96114  0.00035441
        1523     1.93431     1.96112 0.000354615
        1524     1.93455     1.96111 0.000354811
        1525     1.93489     1.96109 0.000354994
        1526     1.93531     1.96107 0.000355163
        1527     1.93581     1.96106 0.000355316
        1528      1.9364     1.96104  0.00035545
        1529     1.93706     1.96102 0.000355563
        1530     1.93779     1.96101 0.000355655
        1531      1.9386       1.961 0.000355724
        1532     1.93947     1.96098 0.000355769
        1533     1.94041     1.96097  0.00035579
        1534      1.9414     1.96095 0.000355786
        1535     1.94246     1.96094 0.000355758
        1536     1.94358     1.96093 0.000355706
        1537     1.94475     1.96092 0.000355631
        1538     1.94598     1.96091 0.000355532
        1539     1.94726      1.9609 0.000355412
        1540     1.94858     1.96089 0.000355271
        1541     1.94995     1.96089 0.000355111
        1542     1.95135     1.96088 0.000354935
        1543     1.95279     1.96088 0.000354744
        1544     1.95426     1.96087  0.00035454
        1545     1.95576     1.96087 0.000354326
        1546     1.95728     1.96087 0.000354104
        1547     1.95881     1.96086 0.000353878
        1548     1.96035     1.96086 0.000353649
        1549     1.96189     1.96086 0.000353422
        1550     1.96343     1.96087 0.000353197
        1551     1.96496     1.96087  0.00035298
        1552     1.96647     1.96087 0.000352771
        1553     1.96796     1.96088 0.000352573
        1554     1.96943     1.96088 0.000352389
        1555     1.97086     1.96089 0.000352221
        1556     1.97226      1.9609  0.00035207
        1557     1.97361      1.9609 0.000351939
        1558     1.97492     1.96091 0.000351828
        1559     1.97618     1.96092 0.000351738
        1560     1.97738     1.96093 0.000351671
        1561     1.97853     1.96095 0.000351627
        1562     1.97962     1.96096 0.000351605
        1563     1.98065     1.96097 0.000351605
        1564     1.98161     1.96098 0.000351628
        1565      1.9825       1.961 0.000351672
        1566     1.98333     1.96101 0.000351736
        1567     1.98408     1.96103  0.00035182
        1568     1.98477     1.96104 0.000351921
        1569     1.98538     1.96106 0.000352039
        1570     1.98591     1.96107  0.00035217
        1571     1.98637     1.96109 0.000352314
        1572     1.98674      1.9611 0.000352467
        1573     1.98704     1.96112 0.000352629
        1574     1.98726     1.96114 0.000352796
        1575     1.98739     1.96115 0.000352965
        1576     1.98744     1.96117 0.000353135
        1577     1.98741     1.96119 0.000353303
        1578     1.98729      1.9612 0.000353466
        1579     1.98708     1.96122 0.000353622
        1580     1.98679     1.96124 0.000353768
        1581     1.98641     1.96125 0.000353903
        1582     1.98594     1.96127 0.000354023
        1583     1.98538     1.96128 0.000354127
        1584     1.98474      1.9613 0.000354213
        1585       1.984     1.96131 0.000354279
        1586     1.98319     1.96133 0.000354324
        1587     1.98229     1.96134 0.000354347
        1588     1.98131     1.96135 0.000354347
        1589     1.98026     1.96136 0.000354323
        1590     1.97914     1.96138 0.000354277
        1591     1.97795     1.96139 0.000354207
        1592     1.97671      1.9614 0.000354116
        1593     1.97541      1.9614 0.000354003
        1594     1.97407     1.96141  0.00035387
        1595      1.9727     1.96142 0.000353719
        1596     1.97131     1.96143 0.000353551
        1597      1.9699     1.96143  0.00035337
        1598      1.9685     1.96144 0.000353176
        1599     1.96711     1.96144 0.000352973
        1600     1.96575     1.96144 0.000352763
        1601     1.96443     1.96144 0.000352548
        1602     1.96316     1.96144 0.000352329
        1603     1.96196     1.96144 0.000352109
        1604     1.96084     1.96144  0.00035189
        1605     1.95981     1.96144 0.000351672
        1606     1.95888     1.96144 0.000351457
        1607     1.95806     1.96144 0.000351245
        1608     1.95736     1.96144 0.000351035
        1609     1.95679     1.96143 0.000350829
        1610     1.95634     1.96143 0.000350625
        1611     1.95603     1.96143 0.000350424
        1612     1.95584     1.96142 0.000350224
        1613     1.95579     1.96142 0.000350024
        1614     1.95586     1.96142 0.000349824
        1615     1.95606     1.96141 0.000349623
        1616     1.95637     1.96141 0.000349421
        1617     1.95679     1.96141 0.000349216
        1618     1.95732     1.96141  0.00034901
        1619     1.95793      1.9614 0.000348801
        1620     1.95862      1.9614 0.000348589
        1621     1.95939      1.9614 0.000348377
        1622     1.96022      1.9614 0.000348163
        1623      1.9611      1.9614 0.000347948
        1624     1.96203      1.9614 0.000347734
        1625     1.96299      1.9614 0.000347522
        1626     1.96398      1.9614 0.000347311
        1627     1.96499      1.9614 0.000347105
        1628     1.96601     1.96141 0.000346903
        1629     1.96705     1.96141 0.000346708
        1630     1.96808     1.96142 0.000346519
        1631     1.96911     1.96142 0.000346339
        1632     1.97014     1.96143 0.000346168
        1633     1.97116     1.96143 0.000346007
        1634     1.97217     1.96144 0.000345858
        1635     1.97316     1.96144 0.000345721
        1636     1.97414     1.96145 0.000345596
        1637     1.97509     1.96146 0.000345486
        1638     1.97603     1.96147 0.000345389
        1639     1.97695     1.96148 0.000345308
        1640     1.97785     1.96149 0.000345241
        1641     1.97872      1.9615  0.00034519
        1642     1.97957     1.96151 0.000345155
        1643     1.98039     1.96152 0.000345137
        1644     1.98119     1.96153 0.000345134
        1645     1.98196     1.96155 0.000345147
        1646     1.98271     1.96156 0.000345177
        1647     1.98343     1.96157 0.000345223
        1648     1.98412     1.96159 0.000345284
        1649     1.98478      1.9616 0.000345361
        1650     1.98542     1.96161 0.000345453
        1651     1.98602     1.96163  0.00034556
        1652      1.9866     1.96164 0.000345682
        1653     1.98714     1.96166 0.000345816
        1654     1.98766     1.96168 0.000345965
        1655     1.98815     1.96169 0.000346125
        1656      1.9886     1.96171 0.000346297
        1657     1.98903     1.96172 0.000346481
        1658     1.98943     1.96174 0.000346674
        1659     1.98979     1.96176 0.000346877
        1660     1.99013     1.96178 0.000347089
        1661     1.99043     1.96179 0.000347309
        1662     1.99071     1.96181 0.000347535
        1663     1.99095     1.96183 0.000347768
        1664     1.99117     1.96185 0.000348005
        1665     1.99135     1.96186 0.000348247
        1666     1.99151     1.96188 0.000348493
        1667     1.99164      1.9619  0.00034874
        1668     1.99174     1.96192  0.00034899
        1669     1.99181     1.96193  0.00034924
        1670     1.99186     1.96195  0.00034949
        1671     1.99188     1.96197  0.00034974
        1672     1.99187     1.96199 0.000349988
        1673     1.99184     1.96201 0.000350233
        1674     1.99179     1.96202 0.000350476
        1675     1.99171     1.96204 0.000350714
        1676     1.99161     1.96206 0.000350948
        1677     1.99148     1.96208 0.000351177
        1678     1.99133     1.96209   0.0003514
        1679     1.99117     1.96211 0.000351617
        1680     1.99098     1.96213 0.000351828
        1681     1.99077     1.96215 0.000352031
        1682     1.99054     1.96216 0.000352226
        1683      1.9903     1.96218 0.000352413
        1684     1.99004      1.9622 0.000352592
        1685     1.98976     1.96221 0.000352762
        1686     1.98947     1.96223 0.000352923
        1687     1.98916     1.96224 0.000353075
        1688     1.98884     1.96226 0.000353218
        1689     1.98851     1.96228  0.00035335
        1690     1.98817     1.96229 0.000353473
        1691     1.98781     1.96231 0.000353586
        1692     1.98744     1.96232 0.000353689
        1693     1.98707     1.96234 0.000353782
        1694     1.98669     1.96235 0.000353865
        1695      1.9863     1.96236 0.000353938
        1696      1.9859     1.96238 0.000354002
        1697      1.9855     1.96239 0.000354055
        1698      1.9851      1.9624 0.000354099
        1699     1.98469     1.96242 0.000354134
        1700     1.98428     1.96243 0.000354159
        1701     1.98387     1.96244 0.000354175
        1702     1.98346     1.96246 0.000354182
        1703     1.98305     1.96247  0.00035418
        1704     1.98264     1.96248  0.00035417
        1705     1.98223     1.96249 0.000354151
        1706     1.98183      1.9625 0.000354125
        1707     1.98143     1.96251 0.000354091
        1708     1.98104     1.96252  0.00035405
        1709     1.98066     1.96254 0.000354002
        1710     1.98029     1.96255 0.000353947
        1711     1.97992     1.96256 0.000353886
        1712     1.97957     1.96257 0.000353819
        1713     1.97923     1.96258 0.000353746
        1714      1.9789     1.96258 0.000353668
        1715     1.97859     1.96259 0.000353585
        1716     1.97829      1.9626 0.000353497
        1717     1.97801     1.96261 0.000353405
        1718     1.97774     1.96262 0.000353309
        1719      1.9775     1.96263 0.000353209
        1720     1.97727     1.96264 0.000353107
        1721     1.97707     1.96265 0.000353001
        1722     1.97689     1.96265 0.000352893
        1723     1.97673     1.96266 0.000352783
        1724      1.9766     1.96267 0.000352671
        1725     1.97649     1.96268 0.000352557
        1726      1.9764     1.96269 0.000352443
        1727     1.97635      1.9627 0.000352327
        1728     1.97631      1.9627 0.000352211
        1729     1.97631     1.96271 0.000352096
        1730     1.97633     1.96272  0.00035198
        1731     1.97638     1.96273 0.000351865
        1732     1.97646     1.96273 0.000351752
        1733     1.97657     1.96274 0.000351639
        1734      1.9767     1.96275 0.000351528
        1735     1.97686     1.96276  0.00035142
        1736     1.97704     1.96277 0.000351314
        1737     1.97725     1.96278  0.00035121
        1738     1.97748     1.96278  0.00035111
        1739     1.97773     1.96279 0.000351013
        1740     1.97801      1.9628 0.000350921
        1741      1.9783     1.96281 0.000350832
        1742     1.97862     1.96282 0.000350748
        1743     1.97895     1.96283 0.000350669
        1744     1.97929     1.96284 0.000350595
        1745     1.97965     1.96285 0.000350526
        1746     1.98002     1.96286 0.000350463
        1747     1.98039     1.96287 0.000350406
        1748     1.98078     1.96288 0.000350356
        1749     1.98117     1.96289 0.000350311
        1750     1.98156      1.9629 0.000350273
        1751     1.98195     1.96291 0.000350242
        1752     1.98234     1.96292 0.000350218
        1753     1.98272     1.96293   0.0003502
        1754      1.9831     1.96294 0.000350189
        1755     1.98348     1.96296 0.000350185
        1756     1.98384     1.96297 0.000350188
        1757     1.98419     1.96298 0.000350197
        1758     1.98452     1.96299 0.000350212
        1759     1.98485       1.963 0.000350233
        1760     1.98515     1.96302  0.00035026
        1761     1.98543     1.96303 0.000350292
        1762      1.9857     1.96304  0.00035033
        1763     1.98594     1.96305 0.000350372
        1764     1.98616     1.96307 0.000350418
        1765     1.98635     1.96308 0.000350467
        1766     1.98651     1.96309  0.00035052
        1767     1.98665     1.96311 0.000350575
        1768     1.98676     1.96312 0.000350632
        1769     1.98684     1.96313  0.00035069
        1770     1.98689     1.96315 0.000350748
        1771      1.9869     1.96316 0.000350807
        1772     1.98689     1.96317 0.000350864
        1773     1.98684     1.96319  0.00035092
        1774     1.98675      1.9632 0.000350973
        1775     1.98663     1.96321 0.000351024
        1776     1.98648     1.96323 0.000351071
        1777     1.98629     1.96324 0.000351113
        1778     1.98606     1.96325  0.00035115
        1779     1.98579     1.96327 0.000351181
        1780     1.98549     1.96328 0.000351205
        1781     1.98515     1.96329 0.000351223
        1782     1.98477      1.9633 0.000351233
        1783     1.98436     1.96331 0.000351234
        1784     1.98391     1.96333 0.000351227
        1785     1.98342     1.96334  0.00035121
        1786     1.98289     1.96335 0.000351184
        1787     1.98232     1.96336 0.000351148
        1788     1.98172     1.96337 0.000351102
        1789     1.98108     1.96338 0.000351045
        1790      1.9804     1.96339 0.000350978
        1791     1.97969      1.9634   0.0003509
        1792     1.97895     1.96341 0.000350811
        1793     1.97817     1.96341 0.000350712
        1794     1.97736     1.96342 0.000350603
        1795     1.97652     1.96343 0.000350484
        1796     1.97565     1.96344 0.000350355
        1797     1.97475     1.96344 0.000350216
        1798     1.97383     1.96345 0.000350069
        1799     1.97289     1.96345 0.000349914
        1800     1.97193     1.96346 0.000349751
        1801     1.97095     1.96346 0.000349582
        1802     1.96996     1.96347 0.000349406
        1803     1.96897     1.96347 0.000349226
        1804     1.96797     1.96347 0.000349041
        1805     1.96698     1.96347 0.000348853
        1806     1.96599     1.96348 0.000348663
        1807     1.96503     1.96348 0.000348471
        1808     1.96408     1.96348 0.000348278
        1809     1.96317     1.96348 0.000348086
        1810     1.96229     1.96348 0.000347894
        1811     1.96146     1.96347 0.000347704
        1812     1.96069     1.96347 0.000347515
        1813     1.95998     1.96347 0.000347329
        1814     1.95933     1.96347 0.000347145
        1815     1.95877     1.96347 0.000346963
        1816     1.95829     1.96346 0.000346784
        1817     1.95791     1.96346 0.000346607
        1818     1.95762     1.96346 0.000346431
        1819     1.95744     1.96345 0.000346256
        1820     1.95736     1.96345 0.000346082
        1821     1.95739     1.96345 0.000345908
        1822     1.95753     1.96344 0.000345733
        1823     1.95777     1.96344 0.000345558
        1824     1.95813     1.96344 0.000345381
        1825     1.95858     1.96344 0.000345202
        1826     1.95914     1.96343 0.000345021
        1827     1.95978     1.96343 0.000344838
        1828     1.96051     1.96343 0.000344653
        1829     1.96132     1.96343 0.000344466
        1830     1.96219     1.96343 0.000344279
        1831     1.96312     1.96343 0.000344091
        1832     1.96409     1.96343 0.000343903
        1833     1.96511     1.96343 0.000343717
        1834     1.96614     1.96343 0.000343532
        1835      1.9672     1.96343 0.000343351
        1836     1.96826     1.96343 0.000343174
        1837     1.96932     1.96344 0.000343002
        1838     1.97036     1.96344 0.000342837
        1839     1.97139     1.96345 0.000342677
        1840     1.97239     1.96345 0.000342526
        1841     1.97336     1.96346 0.000342382
        1842     1.97429     1.96346 0.000342247
        1843     1.97518     1.96347  0.00034212
        1844     1.97602     1.96348 0.000342002
        1845     1.97681     1.96348 0.000341893
        1846     1.97755     1.96349 0.000341793
        1847     1.97824      1.9635 0.000341701
        1848     1.97888     1.96351 0.000341618
        1849     1.97946     1.96352 0.000341542
        1850     1.97999     1.96352 0.000341473
        1851     1.98047     1.96353 0.000341411
        1852      1.9809     1.96354 0.000341356
        1853     1.98128     1.96355 0.000341306
        1854     1.98161     1.96356 0.000341261
        1855      1.9819     1.96357  0.00034122
        1856     1.98215     1.96358 0.000341183
        1857     1.98236     1.96359 0.000341149
        1858     1.98254      1.9636 0.000341118
        1859     1.98268     1.96361 0.000341089
        1860     1.98279     1.96362 0.000341061
        1861     1.98288     1.96363 0.000341035
        1862     1.98294     1.96364 0.000341009
        1863     1.98298     1.96365 0.000340984
        1864       1.983     1.96366 0.000340959
        1865       1.983     1.96367 0.000340934
        1866     1.98299     1.96368 0.000340908
        1867     1.98297      1.9637 0.000340882
        1868     1.98294     1.96371 0.000340855
        1869     1.98289     1.96372 0.000340827
        1870     1.98285     1.96373 0.000340799
        1871      1.9828     1.96374 0.000340769
        1872     1.98274     1.96375 0.000340738
        1873     1.98269     1.96376 0.000340706
        1874     1.98263     1.96377 0.000340673
        1875     1.98257     1.96378 0.000340639
        1876     1.98252     1.96379 0.000340604
        1877     1.98246      1.9638 0.000340568
        1878     1.98241     1.96381 0.000340531
        1879     1.98236     1.96382 0.000340492
        1880     1.98232     1.96383 0.000340454
        1881     1.98228     1.96384 0.000340414
        1882     1.98224     1.96385 0.000340373
        1883      1.9822     1.96386 0.000340332
        1884     1.98217     1.96387  0.00034029
        1885     1.98214     1.96387 0.000340248
        1886     1.98212     1.96388 0.000340205
        1887      1.9821     1.96389 0.000340162
        1888     1.98208      1.9639 0.000340118
        1889     1.98206     1.96391 0.000340074
        1890     1.98205     1.96392 0.000340029
        1891     1.98203     1.96393 0.000339984
        1892     1.98201     1.96394 0.000339939
        1893       1.982     1.96395 0.000339893
        1894     1.98198     1.96396 0.000339847
        1895     1.98196     1.96397   0.0003398
        1896     1.98194     1.96398 0.000339753
        1897     1.98192     1.96399 0.000339706
        1898     1.98189       1.964 0.000339657
        1899     1.98186     1.96401 0.000339609
        1900     1.98182     1.96402 0.000339559
        1901     1.98178     1.96403 0.000339509
        1902     1.98173     1.96404 0.000339459
        1903     1.98168     1.96405 0.000339407
        1904     1.98162     1.96406 0.000339354
        1905     1.98155     1.96406   0.0003393
        1906     1.98147     1.96407 0.000339245
        1907     1.98139     1.96408 0.000339189
        1908      1.9813     1.96409 0.000339131
        1909      1.9812      1.9641 0.000339071
        1910     1.98109     1.96411 0.000339011
        1911     1.98098     1.96412 0.000338948
        1912     1.98087     1.96413 0.000338884
        1913     1.98075     1.96414 0.000338818
        1914     1.98062     1.96414 0.000338751
        1915     1.98049     1.96415 0.000338681
        1916     1.98037     1.96416  0.00033861
        1917     1.98024     1.96417 0.000338538
        1918     1.98012     1.96418 0.000338463
        1919        1.98     1.96419 0.000338387
        1920     1.97989     1.96419  0.00033831
        1921     1.97979      1.9642 0.000338231
        1922      1.9797     1.96421 0.000338151
        1923     1.97963     1.96422  0.00033807
        1924     1.97957     1.96423 0.000337989
        1925     1.97953     1.96423 0.000337907
        1926     1.97952     1.96424 0.000337825
        1927     1.97953     1.96425 0.000337742
        1928     1.97958     1.96426 0.000337661
        1929     1.97965     1.96427  0.00033758
        1930     1.97975     1.96427   0.0003375
        1931     1.97989     1.96428 0.000337422
        1932     1.98007     1.96429 0.000337347
        1933     1.98028      1.9643 0.000337274
        1934     1.98053     1.96431 0.000337204
        1935     1.98082     1.96432 0.000337137
        1936     1.98115     1.96432 0.000337075
        1937     1.98151     1.96433 0.000337018
        1938     1.98192     1.96434 0.000336966
        1939     1.98236     1.96435  0.00033692
        1940     1.98284     1.96436 0.000336881
        1941     1.98335     1.96437  0.00033685
        1942     1.98389     1.96438 0.000336826
        1943     1.98446     1.96439 0.000336812
        1944     1.98506      1.9644 0.000336806
        1945     1.98567     1.96441  0.00033681
        1946     1.98631     1.96442 0.000336825
        1947     1.98697     1.96444 0.000336851
        1948     1.98763     1.96445 0.000336889
        1949     1.98831     1.96446 0.000336938
        1950     1.98899     1.96447    0.000337
        1951     1.98967     1.96449 0.000337075
        1952     1.99035      1.9645 0.000337162
        1953     1.99102     1.96451 0.000337263
        1954     1.99169     1.96453 0.000337377
        1955     1.99234     1.96454 0.000337504
        1956     1.99299     1.96455 0.000337645
        1957     1.99361     1.96457 0.000337799
        1958     1.99422     1.96458 0.000337965
        1959      1.9948      1.9646 0.000338145
        1960     1.99536     1.96462 0.000338336
        1961      1.9959     1.96463  0.00033854
        1962     1.99642     1.96465 0.000338754
        1963      1.9969     1.96466  0.00033898
        1964     1.99736     1.96468 0.000339216
        1965     1.99779      1.9647 0.000339462
        1966      1.9982     1.96472 0.000339716
        1967     1.99857     1.96473 0.000339979
        1968     1.99892     1.96475  0.00034025
        1969     1.99923     1.96477 0.000340528
        1970     1.99952     1.96478 0.000340811
        1971     1.99978      1.9648 0.000341101
        1972     2.00002     1.96482 0.000341395
        1973     2.00023     1.96484 0.000341693
        1974     2.00041     1.96486 0.000341995
        1975     2.00057     1.96487   0.0003423
        1976     2.00071     1.96489 0.000342607
        1977     2.00082     1.96491 0.000342915
        1978     2.00092     1.96493 0.000343224
        1979     2.00099     1.96495 0.000343534
        1980     2.00104     1.96497 0.000343844
        1981     2.00108     1.96498 0.000344154
        1982      2.0011       1.965 0.000344462
        1983     2.00111     1.96502 0.000344769
        1984      2.0011     1.96504 0.000345075
        1985     2.00108     1.96506 0.000345378
        1986     2.00105     1.96507  0.00034568
        1987     2.00101     1.96509 0.000345978
        1988     2.00096     1.96511 0.000346274
        1989      2.0009     1.96513 0.000346567
        1990     2.00084     1.96515 0.000346858
        1991     2.00077     1.96516 0.000347144
        1992     2.00069     1.96518 0.000347428
        1993     2.00062      1.9652 0.000347708
        1994     2.00054     1.96522 0.000347985
        1995     2.00045     1.96524 0.000348259
        1996     2.00037     1.96525 0.000348529
        1997     2.00029     1.96527 0.000348796
        1998      2.0002     1.96529 0.000349059
        1999     2.00012     1.96531 0.000349319
        2000     2.00004     1.96532 0.000349576
