# best half averages
2625.25
2439.15
2258.41
2105.21
1924.61
1786.45
1736.31
1645.7
1603.82
1565.48
1519.2
1475.72
1444.94
1407.19
1379.05
1342.18
1300.15
1269.06
1241.37
1211.93
1163.91
1129.56
1098.75
1079.52
1069.82
1059.54
1040.12
1012.16
996.081
985.167
970.881
949.516
935.804
915.295
903.544
885.866
871.981
865.906
856.41
852.007
847.172
835.966
826.015
812.159
805.907
797.102
790.268
786.256
783.977
781.789
773.828
765.344
763.12
745.963
740.345
724.64
719.111
712.773
706.014
717.624
696.784
701.981
690.392
683.387
679.499
669.611
672.101
657.527
652.209
645.689
647.777
629.94
625.233
615.847
611.83
604.668
598.714
591.185
582.931
569.549
549.533
544.004
543.237
539.075
534.089
529.531
525.041
522.563
517.969
515.745
509.747
507.333
506.318
504.792
493.775
455.397
442.253
441.103
438.807
434.373
431.941
425.919
424.485
418.096
416.607
414.805
414.514
413.931
411.302
407.62
403.516
392.78
387.97
382.153
375.665
363.038
354.075
354.127
352.159
352.675
350.3
349.149
355.626
339.343
331.896
323.838
322.829
318.951
314.871
312.333
308.617
306.971
306.282
305.729
304.272
304.156
303.549
303.273
301.406
301.371
301.156
300.839
299.28
298.177
297.701
296.823
295.908
293.378
291.068
287.954
287.954
287.954
287.81
287.492
286.284
280.955
280.769
280.541
278.993
271.947
270.176
269.176
270.121
268.226
265.639
262.367
257.491
257.383
257.151
256.697
256.358
255.148
253.841
250.916
249.478
248.329
247.999
247.041
244.195
242.091
240.952
236.472
236.472
236.276
235.255
233.388
243.271
242.724
232.88
232.831
232.398
240.538
228.66
225.97
222.665
221.92
221.096
220.117
218.703
216.389
215.881
214.979
210.73
205.917
205.227
204.715
204.216
204.189
203.968
206.566
202.796
202.858
202.693
201.502
201.443
201.443
201.422
201.38
201.235
200.545
200.216
199.475
198.352
196.697
194.734
193.469
192.454
191.518
191.33
191.33
191.33
191.33
191.33
191.312
191.16
190.785
189.844
189.73
187.351
186.178
185.269
184.999
184.395
184.272
184.114
183.562
182.998
182.661
181.373
180.633
180.633
180.633
180.623
180.524
180.085
179.496
178.229
178.044
177.963
177.678
176.049
176.01
175.854
175.033
174.096
174.096
174.096
174.096
174.096
174.049
174.062
173.968
173.67
173.67
173.67
173.67
173.67
173.67
173.67
173.67
173.666
173.654
173.59
173.474
173.37
173.215
172.818
172.223
172.119
172.01
171.951
171.683
171.232
170.243
169.915
169.532
169.406
169.131
168.468
166.581
165.106
164.442
163.506
163.006
162.667
162.527
161.921
161.813
161.586
161.032
161.134
161.134
160.967
162.135
161.253
158.6
158.49
158.125
156.784
156.625
156.106
155.033
153.926
154.447
151.305
150.893
149.959
149.849
149.318
148.919
148.893
148.84
148.441
147.589
147.589
147.589
147.589
147.584
147.57
147.504
147.322
147.194
147.067
147.067
147.067
147.067
147.041
146.99
146.704
145.771
145.771
145.771
145.744
145.608
144.885
144.414
144.414
144.414
144.411
144.402
144.354
144.266
144.266
144.266
144.266
144.255
144.168
144.141
143.724
143.722
143.715
143.687
143.591
143.295
143.164
142.657
142.421
142.08
141.438
140.758
140.745
140.703
140.489
140.329
140.329
140.329
140.343
140.343
140.343
140.343
140.343
140.343
140.29
140.206
139.936
139.142
137.644
137.416
136.178
135.409
135.409
135.385
135.409
135.409
135.409
135.409
135.409
135.409
135.409
135.409
135.409
135.393
135.361
135.314
138.965
139.073
134.617
134.617
134.617
134.617
134.617
134.617
134.617
134.617
134.573
134.276
133.679
132.383
132.383
132.383
132.383
132.383
132.383
132.383
132.383
132.383
132.383
132.383
132.383
132.318
132.06
130.964
129.159
129.131
129.159
129.159
129.159
129.112
129.112
129.049
128.806
128.33
128.067
127.249
126.293
126.282
126.226
125.927
125.151
124.931
124.587
124.398
123.809
123.34
123.005
122.793
121.854
121.551
121.551
121.551
121.551
121.551
121.551
121.551
121.551
121.551
121.551
121.551
121.551
121.551
121.551
121.551
121.534
121.502
121.36
120.837
120.68
120.68
120.68
120.68
120.68
120.68
120.68
120.68
120.68
120.68
120.68
120.649
120.623
120.55
120.388
119.184
117.814
117.789
117.708
117.7
117.677
117.582
117.314
117.248
116.983
116.319
113.997
113.997
113.951
113.675
112.432
111.695
111.695
111.695
111.695
111.695
111.695
111.695
111.695
111.695
111.644
111.563
111.472
111.423
124.178
125.854
111.734
110.884
110.813
110.963
118.71
111.418
108.726
108.537
107.698
107.614
107.614
107.614
107.614
107.614
107.614
107.614
107.614
107.614
107.614
107.614
107.614
107.614
107.614
107.614
107.614
107.614
107.614
107.614
107.614
107.614
107.583
107.614
107.614
107.614
107.614
107.614
107.614
107.614
107.614
107.614
107.614
107.614
107.614
107.614
107.614
107.614
107.614
107.614
107.614
107.614
107.6
107.6
107.6
107.558
107.363
106.918
106.918
106.911
106.905
106.886
106.8
106.599
106.599
106.79
106.599
106.599
106.599
106.899
106.588
106.588
106.599
107.888
106.599
106.599
106.599
106.599
106.594
106.578
106.521
106.337
106.318
106.246
105.992
105.429
105.429
105.429
105.398
105.429
105.4
105.4
105.222
104.869
103.841
103.338
102.254
102.184
102.184
102.184
102.184
102.184
102.184
102.184
102.184
102.184
102.184
102.184
102.184
102.184
102.184
102.153
102.184
102.184
102.153
102.153
102.153
102.122
102.153
102.184
102.184
102.184
102.184
105.831
110.554
108.831
108.454
102.184
102.184
102.184
102.184
102.184
102.184
102.184
102.176
102.143
101.963
101.774
101.774
101.774
101.774
101.774
101.774
101.767
101.754
101.688
101.436
101.424
101.412
101.375
101.285
101.364
101.073
100.899
100.798
100.676
100.44
100.397
100.302
100.259
100.259
100.259
100.259
100.259
100.239
100.102
99.5656
99.201
99.0185
98.4861
98.4861
98.4861
98.4861
98.4861
98.4793
98.4587
98.3902
98.1436
98.1436
98.1436
98.1436
98.1436
98.1436
98.1436
98.1436
98.1436
98.1436
98.1436
98.1436
98.1436
98.1436
98.1436
98.1436
98.1436
98.1436
98.1436
98.1436
98.1436
98.1314
98.0517
97.8769
97.5374
97.5374
97.5374
97.5295
97.5217
97.4745
97.2014
97.0919
97.099
97.0104
96.9302
96.8201
96.9687
96.6414
101.16
97.2671
95.1744
95.1744
95.1744
95.1744
95.1744
95.1744
95.1744
95.1744
95.1744
95.1744
95.1744
95.1744
95.1744
95.126
95.0063
94.6702
94.1802
93.8955
93.8693
93.7405
93.7452
93.7452
93.7452
93.7452
93.7452
93.744
93.7452
93.7452
93.7452
93.7452
93.7452
93.7452
93.7452
93.7452
93.7452
93.7452
93.7452
93.7452
93.7452
93.7452
93.737
93.7452
93.7452
93.7139
93.7139
93.7452
93.7452
93.7452
93.7452
93.7452
93.7452
93.7452
93.7452
93.7452
93.7452
93.7452
93.7452
93.7452
93.7452
93.7402
93.7106
93.6119
93.4984
93.4984
93.4984
93.4984
93.4984
93.4984
93.4984
93.4984
93.4984
93.4984
93.4984
93.4984
93.4984
93.4984
93.4984
93.4984
93.4984
93.4984
93.4984
93.4984
93.4984
93.4984
93.4984
93.4984
93.4984
93.4936
93.4889
93.4554
93.4124
93.2596
93.2596
93.2596
93.2596
93.2596
93.2596
93.2596
93.2596
93.2596
93.2596
93.2596
93.2596
93.2596
93.2596
93.2596
93.2596
93.2596
93.2596
93.2596
93.2596
93.2596
93.2596
93.2596
93.2596
93.2596
93.2596
93.2596
93.2596
93.2596
93.2596
93.2596
93.2596
93.2596
93.2284
93.2284
93.1658
93.3311
93.0407
92.8935
108.056
91.6956
91.6956
91.6895
91.6835
91.6653
91.6532
91.5745
91.3928
91.3928
91.3928
91.3928
91.3928
91.3928
91.3878
91.3878
91.3578
91.2628
91.1427
91.1427
91.1427
91.1427
91.1427
91.1427
91.1427
91.1427
91.1427
91.1427
91.1427
91.1427
91.1427
91.1427
91.1427
91.1269
91.0953
90.9532
90.4784
90.353
90.353
90.353
90.353
90.353
90.353
90.353
90.353
90.353
90.353
90.353
90.3349
90.3002
90.0499
89.7273
89.544
89.4349
89.4032
89.197
88.6576
88.6576
88.6576
88.6576
88.6576
88.6576
88.6576
88.6576
88.6576
88.6576
88.6576
88.6576
88.6336
88.5375
88.3454
87.4568
87.4568
87.4568
87.4568
87.4568
87.4568
87.4568
87.4568
87.4568
87.4568
87.4568
87.4568
87.4568
87.4568
87.4568
87.4568
87.4568
87.4568
87.4474
87.4095
87.3147
87.0211
86.9832
86.9832
86.9832
86.9832
86.9832
86.9832
86.9832
86.9832
86.9832
86.9832
86.9832
86.9832
86.9832
86.9832
86.9832
86.9832
86.9832
86.9832
86.9832
86.9832
86.9832
86.9832
86.9832
86.9832
86.9758
86.9684
86.9387
86.8127
86.6125
86.6125
86.6125
86.6125
86.6125
86.6125
86.6125
86.6125
86.6125
86.6053
86.6053
86.5694
86.4328
86.253
86.253
86.253
86.253
86.253
86.253
86.253
86.253
86.2474
86.2137
86.0495
85.972
85.972
85.972
85.972
85.9638
85.9638
85.9474
85.8652
85.6188
85.5613
85.5613
85.5613
85.5613
85.5613
85.5613
85.5613
85.5613
85.5613
85.5613
85.5613
85.5613
85.5613
85.5613
85.5613
85.5613
85.56
85.5531
85.5229
85.4927
85.4927
85.4927
85.4778
85.4629
85.433
85.3136
85.1471
84.7463
84.7463
84.7463
84.7463
84.7463
84.7463
84.7463
84.7135
84.6567
84.4144
83.9501
83.363
83.2442
83.0487
82.5155
82.5155
82.5155
82.5155
82.5155
82.5155
82.5155
82.5155
82.5155
82.5155
82.5155
82.5155
82.5155
82.5155
82.5155
82.5155
82.5155
82.5155
82.5155
82.5155
82.5155
82.5155
82.5155
82.5155
82.5155
82.5155
82.5155
82.5155
82.5155
82.5155
82.5155
82.5155
82.5155
82.5155
82.5155
82.5155
82.5155
82.5155
82.5155
82.5155
82.5155
82.5155
82.5155
82.5155
82.5155
82.5155
82.5155
82.5155
82.5155
82.5155
82.5155
82.5155
82.5155
82.5155
82.5155
82.5155
82.5155
82.5155
82.5155
82.4984
82.49
82.4304
82.281
81.8155
81.6614
81.6614
81.6614
81.6614
81.6614
81.6614
81.6614
81.6614
81.6614
81.6614
81.6614
81.6614
81.6614
81.6614
81.6614
81.6614
81.6614
81.6614
81.6614
81.6614
81.6614
81.6614
81.6614
81.6614
81.6614
81.6614
81.6614
81.6614
81.6614
81.6614
81.6614
81.6614
81.6614
81.6614
81.6614
81.6614
81.6614
81.6614
81.6614
81.6614
81.6614
81.6614
81.6614
81.6614
81.6614
81.6614
81.6614
81.6614
81.6614
81.6614
81.6614
81.6614
81.6614
81.6614
81.6614
81.6261
81.6261
81.5909
81.2736
80.1809
79.8989
79.8989
79.8989
79.889
79.8792
79.9607
80.989
79.6878
79.4073
79.4073
79.4073
79.4073
79.4073
79.4073
79.4073
79.4073
79.4073
79.4073
79.4073
79.3941
79.3544
79.1429
78.7464
78.7397
78.733
78.6996
78.5859
78.4121
78.4121
78.4121
78.4121
78.4121
78.4121
78.4121
78.4121
78.4121
78.4121
78.4121
78.4121
78.4121
78.4121
78.4121
78.4121
78.4121
78.4121
78.404
78.3958
78.3469
78.1189
78.0048
78.0048
78.0048
78.0021
77.9967
77.9763
77.9135
77.8391
77.7978
77.7978
77.7978
77.7978
77.7978
77.7978
77.7978
77.7956
77.7807
77.7637
77.6956
77.6913
77.6913
77.6913
77.6913
77.6913
77.6913
77.6913
77.6913
77.6913
77.6913
77.6913
77.6913
77.6913
77.6913
77.6913
77.6913
77.6913
77.6913
77.6913
77.6913
77.6913
77.6913
77.6913
77.6913
77.6913
77.6913
77.6913
77.6913
77.6913
77.6913
77.6913
77.6913
77.6913
77.6913
77.6913
77.6913
77.6913
77.6913
77.6913
77.6913
77.6913
77.6913
77.6913
77.6913
77.6913
77.6913
77.6913
77.6913
77.6913
77.6913
77.6913
77.6913
77.6913
77.6913
77.6913
77.6913
77.6913
77.6913
77.6913
77.6913
77.6913
77.6913
77.6913
77.6913
77.6913
77.6913
77.6913
77.6913
77.6913
77.6913
77.6913
77.6913
77.6913
77.6913
77.6913
77.6913
77.6817
77.6529
77.5719
77.3084
77.1946
77.1139
77.0089
77.0089
77.0089
77.0089
77.0089
77.0089
77.0089
77.0089
77.0089
77.0089
77.0089
77.0089
77.0089
77.0089
77.0089
77.0089
77.0089
77.0089
77.0089
77.0089
77.0089
77.0089
77.0089
77.0089
77.0089
77.0089
77.0089
77.0089
77.0089
77.0089
77.0089
77.0089
77.0089
77.0089
77.0089
77.0089
77.0089
77.0089
77.0089
77.0089
77.0089
77.0089
77.0089
77.0089
77.0089
77.0089
77.0089
77.0089
77.0089
77.0089
77.0089
77.0089
77.0089
77.0089
77.0089
77.0089
77.0089
77.0089
77.0089
77.0089
77.0089
77.0089
77.0089
77.0026
76.9708
76.9137
76.6915
76.6915
76.6915
76.6915
76.6915
76.6915
76.6915
76.6915
76.6915
76.6915
76.6915
76.6915
76.6915
76.6915
76.6915
76.6915
76.6915
76.6915
76.6915
76.6915
76.6915
76.6915
76.6915
76.6915
76.6915
76.6915
76.6915
76.6915
76.6915
76.6915
76.6915
76.6915
76.6915
76.6915
76.6915
76.6915
76.6915
76.6915
76.6915
76.6915
76.6915
76.6915
76.6915
76.6915
76.6915
76.6915
76.6915
76.6915
76.6888
76.6808
76.6514
76.5578
76.5578
76.5578
76.5578
76.5578
76.5578
76.5578
76.5578
76.5578
76.5578
76.5578
76.5578
76.5578
76.5578
76.5578
76.5578
76.5578
76.5578
76.5578
76.5578
76.5578
76.5578
76.5578
76.5578
76.5578
76.5578
76.5578
76.5578
76.5578
76.5578
76.5578
76.5578
76.5578
76.5578
76.5578
76.5578
76.5578
76.5578
76.5578
76.5578
76.5578
76.5578
76.5578
76.5578
76.5578
76.5578
76.5578
76.5578
76.5578
76.5578
76.5578
76.5578
76.5578
76.5578
76.5578
76.5578
76.5578
76.5578
76.5578
76.5578
76.5578
76.5578
76.5578
76.5578
76.5578
76.5578
76.5578
76.5574
76.5555
76.5497
76.534
76.534
76.534
76.534
76.534
76.534
76.534
76.534
76.534
76.534
76.534
76.534
76.534
76.534
76.534
76.534
76.534
76.534
76.534
76.534
76.534
76.534
76.534
76.534
76.534
76.534
76.534
76.534
76.534
76.534
76.534
76.534
76.534
76.534
76.534
76.534
76.534
76.534
76.5244
76.5052
76.4475
76.1688
76.0534
76.0534
76.0534
76.0534
76.0534
76.0534
76.0534
76.0534
76.0534
76.0534
76.0534
76.0534
76.0534
76.0534
76.0534
76.0534
76.0534
76.0534
76.0534
76.0534
76.0534
76.0534
76.0534
76.0534
76.0534
76.0534
76.0534
76.0534
76.0534
76.0534
76.0534
76.0534
76.0534
76.0534
76.0534
76.0534
76.0534
76.0534
76.0534
76.0534
76.0534
76.0534
76.0534
76.0534
76.0534
76.0534
76.0534
76.0534
76.0534
76.0534
76.0534
76.0534
76.0534
76.0534
76.0534
76.0482
76.0172
75.9343
75.7946
75.7946
75.7946
75.7946
75.7946
75.7946
75.7946
75.7946
75.7946
75.7946
75.7946
75.7946
75.7946
75.7946
75.7946
75.7946
75.7946
75.7946
75.7946
75.7946
75.7946
75.7946
75.7946
75.7946
75.7946
75.7946
75.7946
75.7946
75.7946
75.7946
75.7946
75.7946
75.7946
75.7946
75.7946
75.7946
75.7946
75.7946
75.7946
75.7946
75.7946
75.7946
75.7946
75.7946
75.7946
75.7946
75.7946
75.7946
75.7946
75.7946
75.7946
75.7946
75.7946
75.7946
75.7946
75.7946
75.7946
75.7946
75.7946
75.7946
75.7946
75.7946
75.7946
75.7946
75.7918
75.7837
75.7755
75.7402
75.6586
75.6586
75.6586
75.6586
75.6586
75.6586
75.6586
75.6586
75.6586
75.6586
75.6586
75.6586
75.6586
75.6586
75.6586
75.6586
75.6586
75.6586
75.6586
75.6586
75.6586
75.6586
75.6586
75.6586
75.6586
75.6586
75.6586
75.6586
75.6586
75.6586
75.6586
75.6586
75.6586
75.6586
75.6586
75.6586
75.6586
75.6586
75.6586
75.6586
75.6524
75.628
75.5545
75.3525
75.3525
75.3525
75.3525
75.3425
75.3125
75.2025
74.9324
74.8524
74.8524
74.8524
74.8524
74.8524
74.8524
74.8524
74.8524
74.8524
74.8524
74.8524
74.8524
74.8524
74.8524
74.8524
74.8524
74.8524
74.8524
74.8524
74.8524
74.8524
74.8524
74.8524
74.8524
74.8524
74.8524
74.8524
74.8524
74.8524
74.8524
74.8524
74.8524
74.8524
74.8524
74.8524
74.8524
74.8524
74.8524
74.8524
74.8524
74.8524
74.8524
74.8524
74.8524
74.8524
74.8524
74.8524
74.8524
74.8524
74.8524
74.8524
74.8524
74.8524
74.8524
74.8524
74.8524
74.8524
74.8524
74.8524
74.8524
74.8524
74.8524
74.8524
74.8524
74.8524
74.8524
74.8524
74.8524
74.8524
74.8524
74.8524
74.8524
74.8524
74.8524
74.8524
74.8524
74.8414
74.7754
74.5773
74.2959
74.2833
74.2455
74.1069
73.9872
73.9872
73.9872
73.9872
73.9872
73.9872
73.9872
73.9872
73.9872
73.9872
73.9872
73.9872
73.9872
73.9872
73.9872
73.9872
73.9872
73.9872
73.9872
73.9872
73.9872
73.9872
73.9872
73.9872
73.9872
73.9872
73.9872
73.9872
73.9872
73.9872
73.9872
73.9872
73.9872
73.9872
73.9872
73.9872
73.9872
73.9872
73.9872
73.9872
73.9872
73.9872
73.9872
73.9872
73.9872
73.9872
73.9872
73.9872
73.9872
73.9872
73.9872
73.9872
73.9872
73.9872
73.9872
73.9872
73.9872
73.9872
73.9872
73.9872
73.9872
73.9872
73.9872
73.9872
73.9872
73.9872
73.9872
73.9872
73.9872
73.9872
73.9872
73.9872
73.9872
73.9872
73.9872
73.9872
73.9872
73.9872
73.9872
73.9872
73.9872
73.986
73.9778
73.9603
73.9287
73.9287
73.9287
73.9287
73.9287
73.9287
73.9287
73.9287
73.9274
73.9237
73.9124
73.8824
73.8661
73.8661
73.8661
73.8661
73.8661
73.8661
73.8661
73.8661
73.8661
73.8661
73.8661
73.8661
73.8661
73.8661
73.8661
73.8661
73.8661
73.8661
73.8661
73.8661
73.8661
73.8661
73.8661
73.8661
73.8661
73.8661
73.8661
73.8661
73.8661
73.8661
73.8661
73.8661
73.8661
73.8661
73.8661
73.8661
73.8661
73.8661
73.8661
73.8661
73.8661
73.8661
73.8661
73.8661
73.8661
73.8661
73.8661
73.8661
73.8661
73.8661
73.8661
73.8661
73.8661
73.8661
73.8661
73.8661
73.8661
73.8661
73.8661
73.8661
73.8661
73.8661
73.8661
73.8661
73.8661
73.8591
73.8381
73.7541
73.516
73.516
73.516
73.516
73.516
73.516
73.516
73.516
73.516
73.516
73.516
73.516
73.516
73.516
73.516
73.516
73.516
73.516
73.516
73.516
73.516
73.516
73.516
73.516
73.516
73.516
73.516
73.516
73.516
73.516
73.516
73.516
73.516
73.516
73.516
73.516
73.516
73.516
73.516
73.516
73.516
73.516
73.516
73.5015
73.458
73.3856
73.1247
72.7913
72.7913
72.7913
72.7913
72.7913
72.7913
72.7913
72.7913
72.7913
72.7913
72.7913
72.7913
72.7913
72.7913
72.7913
72.7913
72.7913
72.7913
72.7913
72.7913
72.7913
72.7913
72.7913
72.7913
72.7913
72.7913
72.7913
72.7913
72.7913
72.7913
72.7913
72.7913
72.7913
72.7884
72.7826
72.7682
72.7219
72.6467
72.6467
72.6467
72.6467
72.6467
72.6467
72.6467
72.6467
72.6467
72.6467
72.6467
72.6467
72.6467
72.6467
72.6467
72.6467
72.6467
72.6467
72.6467
72.6467
72.6467
72.6467
72.6467
72.6467
72.6467
72.6467
72.6467
72.6467
72.6467
72.6467
72.6467
72.6467
72.6443
72.6373
72.628
72.586
72.53
72.53
72.5297
72.5284
72.5248
72.5188
72.5188
72.5188
72.5188
72.5188
72.5188
72.5188
72.5188
72.5188
72.5188
72.5188
72.5188
72.5188
72.5188
72.5188
72.5188
72.5188
72.5188
72.5188
72.5188
72.5188
72.5188
72.5188
72.5188
72.5188
72.5188
72.5188
72.5188
72.5188
72.5138
72.5089
72.4939
72.4342
72.27
72.27
72.27
72.256
72.2138
72.0576
71.6193
71.5669
71.5669
71.5669
71.5669
71.5669
71.5669
71.5669
71.5669
71.5669
71.5669
71.5669
71.5669
71.5669
71.5669
71.5669
71.5669
71.5669
71.5669
71.5669
71.5669
71.5669
71.5669
71.5669
71.5669
71.5669
71.5669
71.5669
71.5669
71.5669
71.5669
71.5669
71.5669
71.5669
71.5669
71.5669
71.5669
71.5669
71.5669
71.5669
71.5669
71.5669
71.5669
71.5669
71.5669
71.5669
71.5669
71.5669
71.5669
71.5669
71.5669
71.5669
71.5669
71.5669
71.5669
71.5669
71.5669
71.5669
71.5669
71.5669
71.5669
71.5669
71.5669
71.5669
71.5669
71.5669
71.5669
71.5669
71.5669
71.5669
71.5669
71.5669
71.5669
71.5669
71.5669
71.5669
71.5669
71.5669
71.5669
71.5669
71.5669
71.5669
71.5669
71.5669
71.5669
71.5669
71.5669
71.5669
71.5669
71.5669
71.5669
71.5669
71.5669
71.5669
71.5669
71.5669
71.5669
71.5669
71.5635
71.5532
71.5153
71.3949
71.3949
71.3949
71.3949
71.3949
71.3949
71.3949
71.3949
71.3949
71.3949
71.3949
71.3949
71.3949
71.3949
71.3949
71.3929
71.3929
71.3929
71.391
71.389
71.3713
71.332
71.2967
71.2967
71.2967
71.2967
71.2967
71.2967
71.2967
71.2967
71.2967
71.2967
71.2967
71.2967
71.2967
71.2967
71.2967
71.2967
71.2967
71.2967
71.2967
71.2967
71.2967
71.2967
71.2967
71.2967
71.2967
71.2967
71.2967
71.2967
71.2967
71.2827
71.2687
71.1567
70.8348
70.5969
70.5969
70.5969
70.5969
70.5969
70.5969
70.5969
70.5969
70.5969
70.5969
70.5969
70.5969
70.5969
70.5969
70.5969
70.5969
70.5969
70.5969
70.5969
70.5969
70.5969
70.5969
70.5969
70.5969
70.5969
70.5969
70.5969
70.5969
70.5969
70.5969
70.5969
70.5969
70.5969
70.5969
70.5969
70.5969
70.5969
70.5969
70.5969
70.5969
70.5969
70.5969
70.5969
70.5969
70.5969
70.5969
70.5969
70.5969
70.5969
70.5969
70.5969
70.5969
70.5969
70.5969
70.5969
70.5969
70.5969
70.5969
70.5969
70.5969
70.5969
70.5969
70.5969
70.5969
70.5969
70.5969
70.5969
70.5969
70.5969
70.5969
70.5969
70.5969
70.5969
70.5969
70.5969
70.5969
70.5969
70.5969
70.5969
70.5969
70.5969
70.5969
70.5969
70.5969
70.5969
70.5969
70.5969
70.5969
70.5969
70.5969
70.5969
70.5969
70.5969
70.5969
70.5969
70.5969
70.5969
70.5969
70.5969
70.5969
70.5969
70.5969
70.5969
70.5969
70.5969
70.5969
70.5969
70.5969
70.5969
70.5969
70.5969
70.5969
70.5969
70.5969
70.5969
70.5969
70.5969
70.5969
70.5969
70.5969
70.5969
70.5969
70.5969
70.5969
70.5969
70.5969
70.5969
70.5969
70.5969
70.5969
70.5969
70.5969
70.5969
70.5969
70.5969
70.5969
70.5969
70.5969
70.5969
70.5969
70.5969
70.5969
70.5969
70.5969
70.5969
70.5969
70.5969
70.5969
70.5969
70.5969
70.5969
70.5969
70.5969
70.5969
70.5969
70.5969
70.5969
70.5969
70.5969
70.5969
70.5969
70.5969
70.5969
70.5969
70.5969
70.5969
70.5969
70.5969
70.5969
70.5969
70.5969
70.5969
70.5969
70.5969
70.5969
70.5969
70.5969
70.5969
70.5969
70.5969
70.5969
70.5969
70.5969
70.5969
70.5969
70.5789
70.5248
70.4526
70.3084
69.7486
69.6951
69.6951
69.6951
69.6951
69.6951
69.6951
69.6951
69.6951
69.6951
69.6951
69.6951
69.6951
69.6951
69.6951
69.6951
69.6951
69.6951
69.6951
69.6951
69.6951
69.6951
69.6951
69.6951
69.6951
69.6951
69.6951
69.6951
69.6951
69.6951
69.6951
69.6949
69.6944
69.693
69.692
69.692
69.692
69.692
69.692
69.692
69.692
69.692
69.692
69.692
69.692
69.692
69.692
69.692
69.692
69.692
69.692
69.692
69.692
69.692
69.692
69.692
69.692
69.692
69.692
69.692
69.692
69.692
69.692
69.692
69.692
69.692
69.692
69.692
69.692
69.692
69.692
69.692
69.692
69.692
69.692
69.692
69.692
69.692
69.692
69.692
69.692
69.692
69.692
69.692
69.692
69.692
69.692
69.692
69.692
69.692
69.692
69.692
69.692
69.692
69.692
69.692
69.692
69.692
69.692
69.692
69.692
69.692
69.692
69.692
69.692
69.692
69.692
69.692
69.692
69.692
69.692
69.692
69.692
69.692
69.692
69.692
69.692
69.692
69.692
69.692
69.692
69.692
69.692
69.692
69.692
69.692
69.692
69.692
69.692
69.692
69.692
69.692
69.692
69.692
69.692
69.692
69.692
69.692
69.692
69.692
69.692
69.692
69.692
69.692
69.692
69.692
69.692
69.692
69.692
69.692
69.692
69.692
69.692
69.692
69.692
69.692
69.692
69.692
69.692
69.692
69.692
69.692
69.692
69.692
69.692
69.692
69.692
69.692
69.692
69.692
69.692
69.692
69.692
69.692
69.692
69.692
69.692
69.692
69.692
69.692
69.692
69.692
69.692
69.692
69.692
69.692
69.692
69.692
69.692
69.692
69.692
69.692
69.692
69.692
69.692
69.692
69.692
69.692
69.692
69.692
69.692
69.692
69.692
69.692
69.692
69.692
69.692
69.692
69.692
69.692
69.692
69.692
69.692
69.692
69.692
69.692
69.692
69.692
69.692
69.692
69.692
69.692
69.692
69.692
69.692
69.692
69.692
69.692
69.692
69.692
69.692
69.692
69.692
69.692
69.692
69.692
69.692
69.692
69.692
69.692
69.692
69.692
69.692
69.692
69.692
69.692
69.692
69.692
69.692
69.692
69.692
69.692
69.692
69.692
69.692
69.692
69.692
69.692
69.692
69.692
69.692
69.692
69.692
69.692
69.692
69.692
69.692
69.692
69.692
69.692
69.692
69.692
69.692
69.692
69.692
69.692
69.692
69.692
69.692
69.692
69.692
69.692
69.692
69.692
69.692
69.692
69.692
69.692
69.692
69.692
69.692
69.692
69.692
69.692
69.692
69.692
69.692
69.692
69.692
69.692
69.692
69.692
69.692
69.692
69.692
69.692
69.692
69.692
69.692
69.692
69.692
69.692
69.692
69.692
69.692
69.692
69.692
69.692
69.692
69.692
69.692
69.692
69.692
69.692
69.692
69.692
69.692
69.692
69.692
69.692
69.692
69.692
69.692
69.692
69.692
69.692
69.692
69.692
69.692
69.692
69.692
69.692
69.692
69.692
69.692
69.692
69.692
69.692
69.692
69.692
69.692
69.692
69.692
69.692
69.692
69.692
69.692
69.692
69.692
69.692
69.692
69.692
69.692
69.692
69.692
69.692
69.692
69.692
69.692
69.692
69.692
69.692
69.692
69.692
69.692
69.692
69.692
69.692
69.692
69.692
69.692
69.692
69.6892
69.6864
69.6781
69.6726
69.6365
69.5533
69.5533
69.5533
69.5533
69.5533
69.5533
69.5533
69.5533
69.5533
69.5533
69.5533
69.5533
69.5533
69.5533
69.5533
69.5533
69.5533
69.5533
69.5533
69.5533
69.5533
69.5533
69.5533
69.5533
69.5533
69.5533
69.5533
69.5533
69.5533
69.5533
69.5533
69.5533
69.5533
69.5533
69.5533
69.5533
69.5533
69.5533
69.5533
69.5533
69.5533
69.5533
69.5533
69.5533
69.5533
69.5533
69.5533
69.5533
69.5533
69.5533
69.5533
69.5533
69.5533
69.5533
69.5533
69.5533
69.5533
69.5533
69.5533
69.5533
69.5533
69.5533
69.5533
69.5533
69.5533
69.5533
69.5533
69.5533
69.5533
69.5533
69.5533
69.5533
69.5533
69.5533
69.5533
69.5533
69.5533
69.5533
69.5533
69.5533
69.5533
69.5533
69.5533
69.5533
69.5533
69.5533
69.5533
69.5533
69.5533
69.5533
69.5533
69.5533
69.5533
69.5533
69.5533
69.5533
69.5533
69.5533
69.5533
69.5533
69.5533
69.5533
69.5533
69.5533
69.5533
69.5533
69.5533
69.5533
69.5533
69.5533
69.5533
69.5533
69.5533
69.5533
69.5533
69.5533
69.5533
69.5533
69.5533
69.5533
69.5533
69.5533
69.5533
69.5533
69.5533
69.5533
69.5533
69.5533
69.5533
69.5533
69.5533
69.5533
69.5533
69.5533
69.5533
69.5533
69.5533
69.5533
69.5533
69.5533
69.5533
69.5533
69.5533
69.5533
69.5533
69.5533
69.5533
69.5533
69.5533
69.5533
69.5533
69.5533
69.5533
69.5533
69.5533
69.5533
69.5533
69.5533
69.5533
69.5533
69.5533
69.5533
69.5533
69.5533
69.5533
69.5533
69.5533
69.5533
69.5533
69.5533
69.5533
69.5533
69.5533
69.5533
69.5533
69.5533
69.5533
69.5533
69.5533
69.5533
69.5533
69.5533
69.5533
69.5533
69.5533
69.5533
69.5533
69.5533
69.5533
69.5533
69.5533
69.5533
69.5533
69.5533
69.5533
69.5533
69.5533
69.5533
69.5533
69.5533
69.5533
69.5533
69.5533
69.5533
69.5533
69.5533
69.5533
69.5533
69.5533
69.5533
69.5533
69.5533
69.5533
69.5533
69.5533
69.5533
69.5533
69.5533
69.5533
69.5533
69.5533
69.5533
69.5533
69.5533
69.5533
69.5533
69.5533
69.5533
69.5533
69.5533
69.5533
69.5533
69.5533
69.5533
69.5533
69.5533
69.5533
69.5533
69.5533
69.5533
69.5533
69.5533
69.5533
69.5533
69.5533
69.5533
69.5533
69.5533
69.5533
69.5533
69.5533
69.5533
69.5533
69.5533
69.5533
69.5533
69.5533
69.5533
69.5533
69.5533
69.5533
69.5533
69.5533
69.5533
69.5533
69.5533
69.5533
69.5533
69.5533
69.5533
69.5533
69.5533
69.5533
69.5533
69.5533
69.5533
69.5533
69.5533
69.5533
69.5533
69.5533
69.5533
69.5533
69.5533
69.5533
69.5533
69.5533
69.5533
69.5533
69.5533
69.5533
69.5533
69.5533
69.5533
69.5533
69.5533
69.5533
69.5533
69.5533
69.5533
69.5533
69.5533
69.5533
69.5533
69.5533
68.9478
68.8339
68.5199
67.3044
64.8032
63.5699
60.3202
58.2677
58.2677
58.2677
58.2677
58.2677
58.2677
58.2677
58.2677
58.2677
58.2677
58.2677
58.2677
58.2677
58.2677
58.2677
58.2677
58.2677
58.2677
58.2677
58.2677
58.2677
58.2677
58.2677
58.2677
58.2677
58.2677
58.2677
58.2677
58.2677
58.2677
58.2677
58.2677
58.2677
58.2677
58.2677
58.2677
58.2677
58.2677
58.2677
58.2677
58.2677
58.2677
58.2677
58.2677
58.2677
58.2677
58.2677
58.2677
58.2677
58.2677
58.2677
58.2677
58.2677
58.2677
58.2677
58.2677
58.2677
58.2677
58.2677
58.2677
58.2677
58.2677
58.2677
58.2677
58.2677
58.2677
58.2677
58.2677
58.2677
58.2677
58.2677
58.2677
58.2677
58.2677
58.2677
58.2677
58.2677
58.2677
58.2677
58.2677
58.2677
58.2677
58.2677
58.2677
58.2677
58.2677
58.2677
58.2677
58.2677
58.2677
58.2677
58.2677
58.2677
58.2677
58.2677
58.2677
58.2677
58.2677
58.2677
58.2677
58.2677
58.2677
58.2677
58.2677
58.2677
58.2677
58.2677
58.2677
58.2677
58.2677
58.2677
58.2677
58.2677
58.2677
58.2677
58.2677
58.2677
58.2677
58.2677
58.2677
58.2677
58.2677
58.2677
58.2677
58.2677
58.2677
58.2677
58.2677
58.2677
58.2677
58.2677
58.2677
58.2677
58.2677
58.2677
58.2677
58.2677
58.2677
58.2677
58.2677
58.2677
58.2677
58.2677
58.2677
58.2677
58.2677
58.2677
58.2677
58.2677
58.2677
58.2677
58.2677
58.2677
58.2677
58.2677
58.2677
58.2677
58.2677
58.2677
58.2677
58.2677
58.2677
58.2677
58.2677
58.2677
58.2677
58.2677
58.2677
58.2677
58.2677
58.2677
58.2677
58.2677
58.2677
58.2677
58.2677
58.2677
58.2677
58.2677
58.2677
58.2677
58.2677
58.2677
58.2677
58.2677
58.2677
58.2677
58.2677
58.2677
58.2677
58.2677
58.2677
58.2677
58.2677
58.2677
58.2677
58.2677
58.2677
58.2677
58.2677
58.2677
58.2677
58.2677
58.2677
58.2677
58.2677
58.2677
58.2677
58.2677
58.2677
58.2677
58.2677
58.2677
58.2677
58.2677
58.2677
58.2677
58.2677
58.2677
58.2677
58.2677
58.2677
58.2677
58.2677
58.2677
58.2677
58.2677
58.2677
58.2677
58.2677
58.2677
58.2677
58.2677
58.2677
58.2677
58.2677
58.2677
58.2677
58.2677
58.2677
58.2677
58.2677
58.2677
58.2677
58.2677
58.2677
58.2677
58.2677
58.2677
58.2677
58.2677
58.2677
58.2677
58.2677
58.2677
58.2677
58.2677
58.2677
58.2677
58.2677
58.2677
58.2677
58.2677
58.2677
58.2677
58.2677
58.2677
58.2677
58.2677
58.2677
58.2677
58.2677
58.2677
58.2677
58.2677
58.2677
58.2677
58.2677
58.2677
58.2677
58.2677
58.2677
58.2677
58.2677
58.2677
58.2677
58.2677
58.2677
58.2677
58.2677
58.2677
58.2677
58.2677
58.2677
58.2677
58.2677
58.2677
58.2677
58.2677
58.2677
58.2677
58.2677
58.2677
58.2677
58.2677
58.2677
58.2677
58.2677
58.2677
58.2677
58.2677
58.2677
58.2677
58.2677
58.2677
58.2677
58.2677
58.2677
58.2677
58.2677
58.2677
58.2677
58.2677
58.2677
58.2677
58.2677
58.2677
58.2677
58.2677
58.2677
58.2677
58.2677
58.2677
58.2677
58.2677
58.2677
58.2677
58.2677
58.2677
58.2677
58.2677
58.2677
58.2677
58.2677
58.2677
58.2677
58.2677
58.2677
58.2677
58.2677
58.2677
58.2677
58.2677
58.2677
58.2677
58.2677
58.2677
58.2677
58.2677
58.2677
58.2677
58.2677
58.2677
58.2677
58.2677
58.2677
58.2677
58.2677
58.2677
58.2677
58.2677
58.2677
58.2677
58.2677
58.2677
58.2677
58.2677
58.2677
58.2677
58.2677
58.2677
58.2677
58.2677
58.2677
58.2677
58.2677
58.2677
58.2677
58.2677
58.2677
58.2677
58.2677
58.2677
58.2677
58.2677
58.2677
58.2677
58.2677
58.2677
58.2677
58.2677
58.2677
58.2677
58.2677
58.2677
58.2677
58.2677
58.2677
58.2677
58.2677
58.2677
58.2677
58.2677
58.2677
58.2677
58.2677
58.2677
58.2677
58.2677
58.2677
58.2677
58.2677
58.2677
58.2677
58.2677
58.2677
58.2677
58.2677
58.2677
58.2677
58.2677
58.2677
58.2677
58.2677
58.2677
58.2677
58.2677
58.2677
58.2677
58.2677
58.2677
58.2677
58.2677
58.2677
58.2677
58.2677
58.2677
58.2677
58.2677
58.2677
58.2677
58.2677
58.2677
58.2677
58.2677
58.2677
58.2677
58.2677
58.2677
58.2677
58.2677
58.2677
58.2677
58.2677
58.2677
58.2677
58.2677
58.2677
58.2677
58.2677
58.2677
58.2677
58.2677
58.2677
58.2677
58.2677
58.2677
58.2677
58.2677
58.2677
58.2677
58.2677
58.2677
58.2677
58.2677
58.2677
58.2677
58.2677
58.2677
58.2677
58.2677
58.2677
58.2677
58.2677
58.2677
58.2677
58.2677
58.2677
58.2677
58.2677
58.2677
58.2677
58.2677
58.2677
58.2677
58.2677
58.2677
58.2677
58.2677
58.2677
58.2677
58.2677
58.2677
58.2677
58.2677
58.2677
58.2677
58.2677
58.2677
58.2677
58.2677
58.2677
58.2677
58.2677
58.2677
58.2677
58.2677
58.2677
58.2677
58.2677
58.2677
58.2677
58.2677
58.2677
58.2677
58.2677
58.2677
58.2677
58.2677
58.2677
58.2677
58.2677
58.2677
58.2677
58.2677
58.2677
58.2677
58.2677
58.2677
58.2677
58.2677
58.2677
58.2677
58.2677
58.2677
58.2677
58.2677
58.2677
58.2677
58.2677
58.2677
58.2677
58.2677
58.2677
58.2677
58.2677
58.2677
58.2677
58.2677
58.2677
58.2677
58.2677
58.2677
58.2677
58.2677
58.2677
58.2677
58.2677
58.2677
58.2677
58.2677
58.2677
58.2677
58.2677
58.2677
58.2677
58.2677
58.2677
58.2677
58.2677
58.2677
58.2677
58.2677
58.2677
58.2677
58.2677
58.2677
58.2677
58.2677
58.2677
58.2677
58.2677
58.2677
58.2677
58.2677
58.2677
58.2677
58.2677
58.2677
58.2677
58.2677
58.2677
58.2677
58.2677
58.2677
58.2677
58.2677
58.2677
58.2677
58.2677
58.2677
58.2677
58.2677
58.2677
58.2677
58.2677
58.2677
58.2677
58.2677
58.2677
58.2677
58.2677
58.2677
58.2677
58.2677
58.2677
58.2677
58.2677
58.2677
58.2677
58.2677
58.2677
58.2677
58.2677
58.2677
58.2677
58.2677
58.2677
58.2677
58.2677
58.2677
58.2677
58.2677
58.2677
58.2677
58.2677
58.2677
58.2677
58.2677
58.2677
58.2677
58.2677
58.2677
58.2677
58.2677
58.2677
58.2677
58.2677
58.2677
58.2677
58.2677
58.2677
58.2677
58.2677
58.2677
58.2677
58.2677
58.2677
58.2677
58.2677
58.2677
58.2677
58.2677
58.2677
58.2677
58.2677
58.2677
58.2677
58.2677
58.2677
58.2677
58.2677
58.2677
58.2677
58.2677
58.2677
58.2677
58.2677
58.2677
58.2677
58.2677
58.2677
58.2677
58.2677
58.2677
58.2677
58.2677
58.2677
58.2677
58.2677
58.2677
58.2677
58.2677
58.2677
58.2677
58.2677
58.2677
58.2677
58.2677
58.2677
58.2677
58.2677
58.2677
58.2677
58.2677
58.2677
58.2677
58.2677
58.2677
58.2677
58.2677
58.2677
58.2677
58.2677
58.2677
58.2677
58.2677
58.2677
58.2677
58.2677
58.2677
58.2677
58.2677
58.2677
58.2677
58.2677
58.2677
58.2677
58.2677
58.2677
58.2677
58.2677
58.2677
58.2677
58.2677
58.2677
58.2677
58.2677
58.2677
58.2677
58.2677
58.2677
58.2677
58.2677
58.2677
58.2677
58.2677
58.2677
58.2677
58.2677
58.2677
58.2677
58.2677
58.2677
58.2677
58.2677
58.2677
58.2677
58.2677
58.2677
58.2677
58.2677
58.2677
58.2677
58.2677
58.2677
58.2677
58.2677
58.2677
58.2677
58.2677
58.2677
58.2677
58.2677
58.2677
58.2677
58.2677
58.2677
58.2677
58.2677
58.2677
58.2677
58.2677
58.2677
58.2677
58.2677
58.2677
58.2677
58.2677
58.2677
58.2677
58.2677
58.2677
58.2677
58.2677
58.2677
58.2677
58.2677
58.2677
58.2677
58.2677
58.2677
58.2677
58.2677
58.2677
58.2677
58.2677
58.2677
58.2677
58.2677
58.2677
58.2677
58.2677
58.2677
58.2677
58.2677
58.2677
58.2677
58.2677
58.2677
58.2677
58.2677
58.2677
58.2677
58.2677
58.2677
58.2677
58.2677
58.2677
58.2677
58.2677
58.2677
58.2677
58.2677
58.2677
58.2677
58.2677
58.2677
58.2677
58.2677
58.2677
58.2677
58.2677
58.2677
58.2677
58.2677
58.2677
58.2677
58.2677
58.2677
58.2677
58.2677
58.2677
58.2677
58.2677
58.2677
58.2677
58.2677
58.2677
58.2677
58.2677
58.2677
58.2677
58.2677
58.2677
58.2677
58.2677
58.2677
58.2677
58.2677
58.2677
58.2677
58.2677
58.2677
58.2677
58.2677
58.2677
58.2677
58.2677
58.2677
58.2677
58.2677
58.2677
58.2677
58.2677
58.2677
58.2677
58.2677
58.2677
58.2677
58.2677
58.2677
58.2677
58.2677
58.2677
58.2677
58.2677
58.2677
58.2677
58.2677
58.2677
58.2677
58.2677
58.2677
58.2677
58.2677
58.2677
58.2677
58.2677
58.2677
58.2677
58.2677
58.2677
58.2677
58.2677
58.2677
58.2677
58.2677
58.2677
58.2677
58.2677
58.2677
58.2677
58.2677
58.2677
58.2677
58.2677
58.2677
58.2677
58.2677
58.2677
58.2677
58.2677
58.2677
58.2677
58.2677
58.2677
58.2677
58.2677
58.2677
58.2677
58.2677
58.2677
58.2677
58.2677
58.2677
58.2677
58.2677
58.2677
58.2677
58.2677
58.2677
58.2677
58.2677
58.2677
58.2677
58.2677
58.2677
58.2677
58.2703
58.2677
58.2677
58.2677
58.2677
58.2677
58.2677
58.2677
58.2677
58.2677
58.2677
58.2677
58.2677
58.2677
58.2677
58.2677
58.2677
58.2677
58.2677
58.2677
58.2677
58.2677
58.2677
58.2677
58.2677
58.2677
58.2677
58.2677
58.2677
58.2677
58.2677
58.2677
58.2677
58.2677
58.2677
58.2677
58.2677
58.2677
58.2677
58.2677
58.2677
58.2677
58.2677
58.2677
58.2677
58.2677
58.2677
58.2677
58.2677
58.2677
58.2677
58.2677
58.2677
58.2677
58.2677
58.2677
58.2677
58.2677
58.2677
58.2677
58.2677
58.2677
58.2677
58.2677
58.2677
58.2677
58.2677
58.2677
58.2677
58.2677
58.2677
58.2677
58.2677
58.2677
58.2677
58.2677
58.2677
58.2677
58.2677
58.2677
58.2677
58.2677
58.2677
58.2677
58.2677
58.2677
58.2677
58.2677
58.2677
58.2677
58.2677
58.2677
58.2677
58.2677
58.2677
58.2677
58.2677
58.2677
58.2677
58.2677
58.2677
58.2677
58.2677
58.2677
58.2677
58.2677
58.2677
58.2677
58.2677
58.2677
58.2677
58.2677
58.2677
58.2677
58.2677
58.2677
58.2677
58.2677
58.2677
58.2677
58.2677
58.2632
58.2541
58.218
58.0959
58.0416
58.0416
58.0416
58.0416
58.0416
58.0416
58.0416
58.0416
58.0416
58.0416
58.0416
58.0416
58.0416
58.0416
58.0416
58.0416
58.0416
58.0416
58.0416
58.0416
58.0416
58.0416
58.0416
58.0416
58.0416
58.0416
58.0416
58.0416
58.0416
58.0416
58.0416
58.0416
58.0416
58.0416
58.0416
58.0416
58.0416
58.0416
58.0416
58.0416
58.0416
58.0416
58.0416
58.0416
58.0416
58.0416
58.0416
58.0416
58.0416
58.0416
58.0416
58.0416
58.0416
58.0416
58.0416
58.0416
58.0416
58.0416
58.0416
58.0416
58.0416
58.0416
58.0416
58.0416
58.0416
58.0416
58.0416
58.0416
58.0416
58.0416
58.0416
58.0416
58.0416
58.0416
58.0416
58.0416
58.0416
58.0416
58.0416
58.0416
58.0416
58.0416
58.0416
58.0416
58.0416
58.0416
58.0416
58.0416
58.0416
58.0416
58.0416
58.0416
58.0416
58.0416
58.0416
58.0416
58.0416
58.0416
58.0416
58.0416
58.0416
58.0416
58.0416
58.0416
58.0416
58.0416
58.0416
58.0416
58.0416
58.0416
58.0416
58.0416
58.0416
58.0416
58.0416
58.0416
58.0416
58.0416
58.0416
58.0416
58.0416
58.0416
58.0416
58.0416
58.0416
58.0416
58.0416
58.0416
58.0416
58.0416
58.0416
58.0416
58.0416
58.0416
58.0416
58.0416
58.0416
58.0416
58.0416
58.0416
58.0416
58.0416
58.0416
58.0416
58.0416
58.0416
58.0416
58.0416
58.0416
58.0416
58.0416
58.0416
58.0416
58.0416
58.0416
58.0416
58.0416
58.0416
58.0416
58.0416
58.0416
58.0416
58.0416
58.0416
58.0416
58.0416
58.0416
58.0416
58.0416
58.0416
58.0416
58.0416
58.0416
58.0416
58.0416
58.0416
58.0416
58.0416
58.0416
58.0416
58.0416
58.0416
58.0416
58.0416
58.0416
58.0416
58.0416
58.0416
58.0416
58.0416
58.0416
58.0416
58.0416
58.0416
58.0416
58.0416
58.0416
58.0416
58.0416
58.0416
58.0416
58.0416
58.0416
58.0416
58.0416
58.0416
58.0416
58.0416
58.0416
58.0416
58.0416
58.0416
58.0416
58.0416
58.0416
58.0416
58.0416
58.0416
58.0416
58.0416
58.0416
58.0416
58.0416
58.0416
58.0416
58.0416
58.0416
58.0416
58.0416
58.0416
58.0416
58.0416
58.0416
58.0416
58.0416
58.0416
58.0416
58.0416
58.0416
58.0416
58.0416
58.0416
58.0416
58.0416
58.0416
58.0416
58.0416
58.0416
58.0416
58.0416
58.0416
58.0416
58.0416
58.0416
58.0416
58.0416
58.0416
58.0416
58.0416
58.0416
58.0416
58.0416
58.0416
58.0416
58.0416
58.0416
58.0416
58.0416
58.0416
58.0416
58.0416
58.0416
58.0416
58.0416
58.0416
58.0416
58.0416
58.0416
58.0416
58.0416
58.0416
58.0416
58.0416
58.0416
58.0416
58.0416
58.0416
58.0416
58.0416
58.0416
58.0416
58.0416
58.0416
58.0416
58.0416
58.0416
58.0416
58.0416
58.0416
58.0416
58.0416
58.0416
58.0416
58.0416
58.0416
58.0416
58.0416
58.0416
58.0416
58.0416
58.0416
58.0416
58.0416
58.0416
58.0416
58.0416
58.0416
58.0416
58.0416
58.0416
58.0416
58.0416
58.0416
58.0416
58.0416
58.0416
58.0416
58.0416
58.0416
58.0416
58.0416
58.0416
58.0416
58.0416
58.0416
58.0416
58.0416
58.0416
58.0416
58.0416
58.0416
58.0416
58.0416
58.0416
58.0416
58.0416
58.0416
58.0416
58.0416
58.0416
58.0416
58.0416
58.0416
58.0416
58.0416
58.0416
58.0416
58.0416
58.0416
58.0416
58.0416
58.0416
58.0416
58.0416
58.0416
58.0416
58.0416
58.0416
58.0416
58.0416
58.0416
58.0416
58.0416
58.0416
58.0416
58.0416
58.0416
58.0416
58.0416
58.0416
58.0416
58.0416
58.0416
58.0416
58.0416
58.0416
58.0416
58.0416
58.0416
58.0416
58.0416
58.0416
58.0416
58.0416
58.0416
58.0416
58.0416
58.0416
58.0416
58.0416
58.0416
58.0416
58.0416
58.0416
58.0416
58.0416
58.0416
58.0416
58.0416
58.0416
58.0416
58.0416
58.0416
58.0416
58.0416
58.0416
58.0416
58.0416
58.0416
58.0416
58.0416
58.0416
58.0416
58.0416
58.0416
58.0416
58.0416
58.0416
58.0416
58.0416
58.0416
58.0416
58.0416
58.0416
58.0416
58.0416
58.0416
58.0416
58.0416
58.0416
58.0416
58.0416
58.0416
58.0416
58.0416
58.0416
58.0416
58.0416
58.0416
58.0416
58.0416
58.0416
58.0416
58.0416
58.0416
58.0416
58.0416
58.0416
58.0416
58.0416
58.0416
58.0416
58.0416
58.0416
58.0416
58.0416
58.0416
58.0416
58.0416
58.0416
58.0416
58.0416
58.0416
58.0416
58.0416
58.0416
58.0416
58.0416
58.0416
58.0416
58.0416
58.0416
58.0416
58.0416
58.0416
58.0416
58.0416
58.0416
58.0416
58.0416
58.0416
58.0416
58.0416
58.0416
58.0416
58.0416
58.0416
58.0416
58.0416
58.0416
58.0416
58.0416
58.0416
58.0416
58.0416
58.0416
58.0416
58.0416
58.0416
58.0416
58.0416
58.0416
58.0416
58.0416
58.0416
58.0416
58.0416
58.0416
58.0416
58.0416
58.0416
58.0416
58.0416
58.0416
58.0416
58.0416
58.0416
58.0416
58.0416
58.0416
58.0416
58.0416
58.0416
58.0416
58.0416
58.0416
58.0416
58.0416
58.0416
58.0416
58.0416
58.0416
58.0416
58.0416
58.0416
58.0416
58.0416
58.0416
58.0416
58.0416
58.0416
58.0416
58.0416
58.0416
58.0416
58.0416
58.0416
58.0416
58.0416
58.0416
58.0416
58.0416
58.0416
58.0416
58.0416
58.0416
58.0416
58.0416
58.0416
58.0416
58.0416
58.0416
58.0416
58.0416
58.0416
58.0416
58.0416
58.0416
58.0416
58.0416
58.0416
58.0416
58.0416
58.0416
58.0416
58.0416
58.0416
58.0416
58.0416
58.0416
58.0416
58.0416
58.0416
58.0416
58.0416
58.0416
58.0416
58.0416
58.0416
58.0416
58.0416
58.0416
58.0416
58.0416
58.0416
58.0416
58.0416
58.0416
58.0416
58.0416
58.0416
58.0416
58.0416
58.0416
58.0416
58.0416
58.0416
58.0416
58.0416
58.0416
58.0416
58.0416
58.0416
58.0416
58.0416
58.0416
58.0416
58.0416
58.0416
58.0416
58.0416
58.0416
58.0416
58.0416
58.0416
58.0416
58.0416
58.0416
58.0416
58.0416
58.0416
58.0416
58.0416
58.0416
58.0416
58.0416
58.0416
58.0416
58.0416
58.0416
58.0416
58.0416
58.0416
58.0416
58.0416
58.0416
58.0416
58.0416
58.0416
58.0416
58.0416
58.0416
58.0416
58.0416
58.0416
58.0416
58.0416
58.0416
58.0416
58.0416
58.0416
58.0416
58.0416
58.0416
58.0416
58.0416
58.0416
58.0416
58.0416
58.0416
58.0416
58.0416
58.0416
58.0416
58.0416
58.0416
58.0416
58.0416
58.0416
58.0416
58.0416
58.0416
58.0416
58.0416
58.0416
58.0416
58.0416
58.0416
58.0416
58.0416
58.0416
58.0416
58.0416
58.0416
58.0416
58.0416
58.0416
58.0416
58.0416
58.0416
58.0416
58.0416
58.0416
58.0416
58.0416
58.0416
58.0416
58.0416
58.0416
58.0416
58.0416
58.0416
58.0416
58.0416
58.0416
58.0416
58.0416
58.0416
58.0416
58.0416
58.0416
58.0416
58.0416
58.0416
58.0416
58.0416
58.0416
58.0416
58.0416
58.0416
58.0416
58.0416
58.0416
58.0416
58.0416
58.0416
58.0416
58.0416
58.0416
58.0416
58.0416
58.0416
58.0416
58.0416
58.0416
58.0416
58.0416
58.0416
58.0416
58.0416
58.0416
58.0416
58.0416
58.0416
58.0416
58.0416
58.0416
58.0416
58.0416
58.0416
58.0416
58.0416
58.0416
58.0416
58.0416
58.0416
58.0416
58.0416
58.0416
58.0416
58.0416
58.0416
58.0416
58.0416
58.0416
58.0416
58.0416
58.0416
58.0416
58.0618
58.0416
58.0416
58.0416
58.0416
58.0416
58.0416
58.0416
58.0416
58.0416
58.0416
58.0416
58.0416
58.0416
58.0416
58.0416
58.0416
58.0416
58.0416
58.0416
58.0416
58.0416
58.0416
58.0416
58.0416
58.0416
58.0416
58.0416
58.0416
58.0416
58.0416
58.0416
58.0416
58.0416
58.0416
58.0416
58.0416
58.0416
58.0416
58.0416
58.0416
58.0416
58.0416
58.0416
58.0416
58.0416
58.0416
58.0416
58.0416
58.0416
58.0416
58.0416
58.0416
58.0416
58.0416
58.0416
58.0416
58.0416
58.0416
58.0416
58.0416
58.0416
58.0416
58.0416
58.0416
58.0416
58.0416
58.0416
58.0416
58.0416
58.0416
58.0416
58.0416
58.0416
58.0416
58.0416
58.0416
58.0416
58.0416
58.0416
58.0416
58.0416
58.0416
58.0416
58.0416
58.0416
58.0416
58.0416
58.0416
58.0416
58.0416
58.0416
58.0416
58.0416
58.0416
58.0416
58.0416
58.0416
58.0416
58.0416
58.0416
58.0416
58.0416
58.0416
58.0416
58.0416
58.0416
58.0416
58.0416
58.0416
58.0416
58.0416
58.0416
58.0416
58.0416
58.0416
58.0416
58.0416
58.0416
58.0416
58.0416
58.0416
58.0416
58.0416
58.0416
58.0416
58.0416
58.0416
58.0416
58.0416
58.0416
58.0416
58.0416
58.0416
58.0416
58.0416
58.0416
58.0416
58.0416
58.0416
58.0416
58.0416
58.0416
58.0416
58.0416
58.0416
58.0416
58.0416
58.0416
58.0416
58.0416
58.0416
58.0416
58.0416
58.0416
58.0416
58.0416
58.0416
58.0416
58.0416
58.0416
58.0416
58.0416
58.0416
58.0416
58.0416
58.0416
58.0416
58.0416
58.0416
58.0416
58.0416
58.0416
58.0416
58.0416
58.0416
58.0416
58.0416
58.0416
58.0416
58.0416
58.0416
58.0416
58.0416
58.0416
58.0416
58.0416
58.0416
58.0416
58.0416
58.0416
58.0416
58.0416
58.0416
58.0416
58.0416
58.0416
58.0416
58.0416
58.0416
58.0416
58.0416
58.0416
58.0416
58.0416
58.0416
58.0416
58.0416
58.0416
58.0416
58.0416
58.0416
58.0416
58.0416
58.0416
58.0416
58.0416
58.0416
58.0416
58.0416
58.0416
58.0416
58.0416
58.0416
58.0416
58.0416
58.0416
58.0416
58.0416
58.0416
58.0416
58.0416
58.0416
58.0416
58.0416
58.0416
58.0416
58.0416
58.0416
58.0416
58.0416
58.0416
58.0416
58.0416
58.0416
58.0416
58.0416
58.0416
58.0416
58.0416
58.0416
58.0416
58.0416
58.0416
58.0416
58.0416
58.0416
58.0416
58.0416
58.0416
58.0416
58.0416
58.0416
58.0416
58.0416
58.0416
58.0416
58.0416
58.0416
58.0416
58.0416
58.0416
58.0416
58.0416
58.0416
58.0416
58.0416
58.0416
58.0416
58.0416
58.0416
58.0416
58.0416
58.0416
58.0416
58.0416
58.0416
58.0416
58.0416
58.0416
58.0416
58.0416
58.0416
58.0416
58.0416
58.0416
58.0416
58.0416
58.0416
58.0416
58.0416
58.0416
58.0416
58.0416
58.0416
58.0416
58.0416
58.0416
58.0416
58.0416
58.0416
58.0416
58.0416
58.0416
58.0416
58.0416
58.0416
58.0416
58.0416
58.0416
58.0416
58.0416
58.0416
58.0416
58.0416
58.0416
58.0416
58.0416
58.0416
58.0416
58.0416
58.0416
58.0416
58.0416
58.0416
58.0416
58.0416
58.0416
58.0416
58.0416
58.0416
58.0416
58.0416
58.0416
58.0416
58.0416
58.0416
58.0416
58.0416
58.0416
58.0416
58.0416
58.0416
58.0416
58.0416
58.0416
58.0416
58.0416
58.0416
58.0416
58.0416
58.0416
58.0416
58.0416
58.0416
58.0416
58.0416
58.0416
58.0416
58.0416
58.0416
58.0416
58.0416
58.0416
58.0416
58.0416
58.0416
58.0416
58.0416
58.0416
58.0416
58.0416
58.0416
58.0416
58.0416
58.0416
58.0416
58.0416
58.0416
58.0416
58.0416
58.0416
58.0416
58.0416
58.0416
58.0416
58.0416
58.0416
58.0416
58.0416
58.0416
58.0416
58.0416
58.0416
58.0416
58.0416
58.0416
58.0416
58.0416
58.0416
58.0416
58.0416
58.0416
58.0416
58.0416
58.0416
58.0416
58.0416
58.0416
58.0416
58.0416
58.0416
58.0416
58.0416
58.0416
58.0416
58.0416
58.0416
58.0416
58.0416
58.0416
58.0416
58.0416
58.0416
58.0416
58.0416
58.0416
58.0416
58.0416
58.0416
58.0416
58.0416
58.0416
58.0416
58.0416
58.0416
58.0416
58.0416
58.0416
58.0416
58.0416
58.0416
58.0416
58.0416
58.0416
58.0416
58.0416
58.0416
58.0416
58.0416
58.0416
58.0416
58.0416
58.0416
58.0416
58.0416
58.0416
58.0416
58.0416
58.0416
58.0416
58.0416
58.0416
58.0416
58.0416
58.0416
58.0416
58.0416
58.0416
58.0416
58.0416
58.0416
58.0416
58.0416
58.0416
58.0416
58.0416
58.0416
58.0416
58.0416
58.0416
58.0416
58.0416
58.0416
58.0416
58.0416
58.0416
58.0416
58.0416
58.0416
58.0416
58.0416
58.0416
58.0416
58.0416
58.0416
58.0416
58.0416
58.0416
58.0416
58.0416
58.0416
58.0416
58.0416
58.0416
58.0416
58.0416
58.0416
58.0416
58.0416
58.0416
58.0416
58.0416
58.0416
58.0416
58.0416
58.0416
58.0416
58.0416
58.0416
58.0416
58.0416
58.0416
58.0416
58.0416
58.0416
58.0416
58.0416
58.0416
58.0416
58.0416
58.0416
58.0416
58.0416
58.0416
58.0416
58.0416
58.0416
58.0416
58.0416
58.0416
58.0416
58.0416
58.0416
58.0416
58.0416
58.0416
58.0416
58.0416
58.0416
58.0416
58.0416
58.0416
58.0416
58.0416
58.0416
58.0416
58.0416
58.0416
58.0416
58.0416
58.0416
58.0416
58.0416
58.0416
58.0416
58.0416
58.0416
58.0416
58.0416
58.0416
58.0416
58.0416
58.0416
58.0416
58.0416
58.0416
58.0416
58.0416
58.0416
58.0416
58.0416
58.0416
58.0416
58.0416
58.0416
58.0416
58.0416
58.0416
58.0416
58.0416
58.0416
58.0416
58.0416
58.0416
58.0416
58.0416
58.0416
58.0416
58.0416
58.0416
58.0416
58.0416
58.0416
58.0416
58.0416
58.0416
58.0416
58.0416
58.0416
58.0416
58.0416
58.0416
58.0416
58.0416
58.0416
58.0416
58.0416
58.0416
58.0416
58.0416
58.0416
58.0416
58.0416
58.0416
58.0416
58.0416
58.0416
58.0416
58.0416
58.0416
58.0416
58.0416
58.0416
58.0416
58.0416
58.0416
58.0416
58.0416
58.0416
58.0416
58.0416
58.0416
58.0416
58.0416
58.0416
58.0416
58.0416
58.0416
58.0416
58.0416
58.0416
58.0416
58.0416
58.0416
58.0416
58.0416
58.0416
58.0416
58.0416
58.0416
58.0416
58.0416
58.0416
58.0416
58.0416
58.0416
58.0416
58.0416
58.0416
58.0416
58.0416
58.0416
58.0416
58.0416
58.0416
58.0416
58.0416
58.0416
58.0416
58.0416
58.0416
58.0416
58.0416
58.0416
58.0416
58.0416
58.0416
58.0416
58.0416
58.0416
58.0416
58.0416
58.0416
58.0416
58.0416
58.0416
58.0416
58.0416
58.0416
58.0416
58.0416
58.0416
58.0416
58.0416
58.0416
58.0416
58.0416
58.0416
58.0416
58.0416
58.0416
58.0416
58.0416
58.0416
58.0416
58.0416
58.0416
58.0416
58.0416
58.0416
58.0416
58.0416
58.0416
58.0416
58.0416
58.0416
58.0416
58.0416
58.0416
58.0416
58.0416
58.0416
58.0416
58.0416
58.0416
58.0416
58.0416
58.0416
58.0416
58.0416
58.0416
58.0416
58.0416
58.0416
58.0416
58.0416
58.0416
58.0416
58.0416
58.0416
58.0416
58.0416
58.0416
58.0416
58.0416
58.0416
58.0416
58.0416
58.0416
58.0416
58.0416
58.0416
58.0416
58.0416
58.0416
58.0416
58.0416
58.0416
58.0416
58.0416
58.0416
58.0416
58.0416
58.0416
58.0416
58.0416
58.0416
58.0416
58.0416
58.0416
58.0416
58.0416
58.0416
58.0416
58.0416
58.0416
58.0416
58.0416
58.0416
58.0416
58.0416
58.0416
58.0416
58.0416
58.0416
58.0416
58.0416
58.0416
58.0416
58.0416
58.0416
58.0416
58.0416
58.0416
58.0416
58.0416
58.0416
58.0416
58.0416
58.0416
58.0416
58.0416
58.0416
58.0416
58.0416
58.0416
58.0416
58.0416
58.0416
58.0416
58.0416
58.0416
58.0416
58.0416
58.0416
58.0416
58.0416
58.0416
58.0416
58.0416
58.0416
58.0416
58.0416
58.0416
58.0416
58.0416
58.0416
58.0416
58.0416
58.0416
58.0416
58.0416
58.0416
58.0416
58.0416
58.0416
58.0416
58.0416
58.0416
58.0416
58.0416
58.0416
58.0416
58.0416
58.0416
58.0416
58.0416
58.0416
58.0416
58.0416
58.0416
58.0416
58.0416
58.0416
58.0416
58.0416
58.0416
58.0416
58.0416
58.0416
58.0416
58.0416
58.0416
58.0416
58.0416
58.0416
58.0416
58.0416
58.0416
58.0416
58.0416
58.0416
58.0416
58.0416
58.0416
58.0416
58.0416
58.0416
58.0416
58.0416
58.0416
58.0416
58.0416
58.0416
58.0416
58.0416
58.0416
58.0416
58.0416
58.0416
58.0416
58.0416
58.0416
58.0416
58.0416
58.0416
58.0416
58.0416
58.0416
58.0416
58.0416
58.0416
58.0416
58.0416
58.0416
58.0416
58.0416
58.0416
58.0416
58.0416
58.0416
58.0416
58.0416
58.0416
58.0416
58.0416
58.0416
58.0416
58.0416
58.0416
58.0416
58.0416
58.0416
58.0416
58.0416
58.0416
58.0416
58.0416
58.0416
58.0416
58.0416
58.0416
58.0416
58.0416
58.0416
58.0416
58.0416
58.0416
58.0416
58.0416
58.0416
58.0416
58.0416
58.0416
58.0416
58.0416
58.0416
58.0416
58.0416
58.0416
58.0416
58.0416
58.0416
58.0416
58.0416
58.0416
58.0416
58.0416
58.0416
58.0416
58.0416
58.0416
58.0416
58.0416
58.0416
58.0416
58.0416
58.0416
58.0416
58.0416
58.0416
58.0416
58.0416
58.0416
58.0416
58.0416
58.0416
58.0416
58.0416
58.0416
58.0416
58.0416
58.0416
58.0416
58.0416
58.0416
58.0416
58.0416
58.0416
58.0416
58.0416
58.0416
58.0416
58.0416
58.0416
58.0416
58.0416
58.0416
58.0416
58.0416
58.0416
58.0416
58.0416
58.0416
58.0416
58.0416
58.0416
58.0416
58.0416
58.0416
58.0416
58.0416
58.0416
58.0416
58.0416
58.0416
58.0416
58.0416
58.0416
58.0416
58.0416
58.0416
58.0416
58.0416
58.0416
58.0416
58.0416
58.0416
58.0416
58.0416
58.0416
58.0416
58.0416
58.0416
58.0416
58.0416
58.0416
58.0416
58.0416
58.0416
58.0416
58.0416
58.0416
58.0416
58.0416
58.0416
58.0416
58.0416
58.0416
58.0416
58.0416
58.0416
58.0416
58.0416
58.0416
58.0416
58.0416
58.0416
58.0416
58.0416
58.0416
58.0416
58.0416
58.0416
58.0416
58.0416
58.0416
58.0416
58.0416
58.0416
58.0416
58.0416
58.0416
58.0416
58.0416
58.0416
58.0416
58.0416
58.0416
58.0416
58.0416
58.0416
58.0416
58.0416
58.0416
58.0416
58.0416
58.0416
58.0416
58.0416
58.0416
58.0416
58.0416
58.0416
58.0416
58.0416
58.0416
58.0416
58.0416
58.0416
58.0416
58.0416
58.0416
58.0416
58.0416
58.0416
58.0416
58.0416
58.0416
58.0416
58.0416
58.0416
58.0416
58.0416
58.0416
58.0416
58.0416
58.0416
58.0416
58.0416
58.0416
58.0416
58.0416
58.0416
58.0416
58.0416
58.0416
58.0416
58.0416
58.0416
58.0416
58.0416
58.0416
58.0416
58.0416
58.0416
58.0416
58.0416
58.0416
58.0416
58.0416
58.0416
58.0416
58.0416
58.0416
58.0416
58.0416
58.0416
58.0416
58.0416
58.0416
58.0416
58.0416
58.0416
58.0416
58.0416
58.0416
58.0416
58.0416
58.0416
58.0416
58.0416
58.0416
58.0416
58.0416
58.0416
58.0416
58.0416
58.0416
58.0416
58.0416
58.0416
58.0416
58.0416
58.0416
58.0416
58.0416
58.0416
58.0416
58.0416
58.0416
58.0416
58.0416
58.0416
58.0416
58.0416
58.0416
58.0416
58.0416
58.0416
58.0416
58.0416
58.0416
58.0416
58.0416
58.0416
58.0416
58.0416
58.0416
58.0416
58.0416
58.0416
58.0416
58.0416
58.0416
58.0416
58.0416
58.0416
58.0416
58.0416
58.0416
58.0416
58.0416
58.0416
58.0416
58.0416
58.0416
58.0416
58.0416
58.0416
58.0416
58.0416
58.0416
58.0416
58.0416
58.0416
58.0416
58.0416
58.0416
58.0416
58.0416
58.0416
58.0416
58.0416
58.0416
58.0416
58.0416
58.0416
58.0416
58.0416
58.0416
58.0416
58.0416
58.0416
58.0416
58.0416
58.0416
58.0416
58.0416
58.0416
58.0416
58.0416
58.0416
58.0416
58.0416
58.0416
58.0416
58.0416
58.0416
58.0416
58.0416
58.0416
58.0416
58.0416
58.0416
58.0416
58.0416
58.0416
58.0416
58.0416
58.0416
58.0416
58.0416
58.0416
58.0416
58.0416
58.0416
58.0416
58.0416
58.0416
58.0416
58.0416
58.0416
58.0416
58.0416
58.0416
58.0416
58.0416
58.0416
58.0416
58.0416
58.0416
58.0416
58.0416
58.0416
58.0416
58.0416
58.0416
58.0416
58.0416
58.0416
58.0416
58.0416
58.0416
58.0416
58.0416
58.0416
58.0416
58.0416
58.0416
58.0416
58.0416
58.0416
58.0416
58.0416
58.0416
58.0416
58.0416
58.0416
58.0416
58.0416
58.0416
58.0416
58.0416
58.0416
58.0416
58.0416
58.0416
58.0416
58.0416
58.0416
58.0416
58.0416
58.0416
58.0416
58.0416
58.0416
58.0416
58.0416
58.0416
58.0416
58.0416
58.0416
58.0416
58.0416
58.0416
58.0416
58.0416
58.0416
58.0416
58.0416
58.0416
58.0416
58.0416
58.0416
58.0416
58.0416
58.0416
58.0416
58.0416
58.0416
58.0416
58.0416
58.0416
58.0416
58.0416
58.0416
58.0416
58.0416
58.0416
58.0416
58.0416
58.0416
58.0416
58.0416
58.0416
58.0416
58.0416
58.0416
58.0416
58.0416
58.0416
58.0416
58.0416
58.0416
58.0416
58.0416
58.0416
58.0416
58.0416
58.0416
58.0416
58.0416
58.0416
58.0416
58.0416
58.0416
58.0416
58.0416
58.0416
58.0416
58.0416
58.0416
58.0416
58.0416
58.0416
58.0416
58.0416
58.0416
58.0416
58.0416
58.0416
58.0416
58.0416
58.0416
58.0416
58.0416
58.0416
58.0416
58.0416
58.0416
58.0416
58.0416
58.0416
58.0416
58.0416
58.0416
58.0416
58.0416
58.0416
58.0416
58.0416
58.0416
58.0416
58.0416
58.0416
58.0416
58.0416
58.0416
58.0416
58.0416
58.0416
58.0416
58.0416
58.0416
58.0416
58.0416
58.0416
58.0416
58.0416
58.0416
58.0416
58.0416
58.0416
58.0416
58.0416
58.0416
58.0416
58.0416
58.0416
58.0416
58.0416
58.0416
58.0416
58.0416
58.0416
58.0416
58.0416
58.0416
58.0416
58.0416
58.0416
58.0416
58.0416
58.0416
58.0416
58.0416
58.0416
58.0416
58.0416
58.0416
58.0416
58.0416
58.0416
58.0416
58.0416
58.0416
58.0416
58.0416
58.0416
58.0416
58.0416
58.0416
58.0416
58.0416
58.0416
58.0416
58.0416
58.0416
58.0416
58.0416
58.0416
58.0416
58.0416
58.0416
58.0416
58.0416
58.0416
58.0416
58.0416
58.0416
58.0416
58.0416
58.0416
58.0416
58.0416
58.0416
58.0416
58.0416
58.0416
58.0416
58.0416
58.0416
58.0416
58.0416
58.0416
58.0416
58.0416
58.0416
58.0416
58.0416
58.0416
58.0416
58.0416
58.0416
58.0416
58.0416
58.0416
58.0416
58.0416
58.0416
58.0416
58.0416
58.0416
58.0416
58.0416
58.0416
58.0416
58.0416
58.0416
58.0416
58.0416
58.0416
58.0416
58.0416
58.0416
58.0416
58.0416
58.0416
58.0416
58.0416
58.0416
58.0416
58.0416
58.0416
58.0416
58.0416
58.0416
58.0416
58.0416
58.0416
58.0416
58.0416
58.0416
58.0416
58.0416
58.0416
58.0416
58.0416
58.0416
58.0416
58.0416
58.0416
58.0416
58.0416
58.0416
58.0416
58.0416
58.0416
58.0416
58.0416
58.0416
58.0416
58.0416
58.0416
58.0416
58.0416
58.0416
58.0416
58.0416
58.0416
58.0416
58.0416
58.0416
58.0416
58.0416
58.0416
58.0416
58.0416
58.0416
58.0416
58.0416
58.0416
58.0416
58.0416
58.0416
58.0416
58.0416
58.0416
58.0416
58.0416
58.0416
58.0416
58.0416
58.0416
58.0416
58.0416
58.0416
58.0416
58.0416
58.0416
58.0416
58.0416
58.0416
58.0416
58.0416
58.0416
58.0416
58.0416
58.0416
58.0416
58.0416
58.0416
58.0416
58.0416
58.0416
58.0416
58.0416
58.0416
58.0416
58.0416
58.0416
58.0416
58.0416
58.0416
58.0416
58.0416
58.0416
58.0416
58.0416
58.0416
58.0416
58.0416
58.0416
58.0416
58.0416
58.0416
58.0416
58.0416
58.0416
58.0416
58.0416
58.0416
58.0416
58.0416
58.0416
58.0416
58.0416
58.0416
58.0416
58.0416
58.0416
58.0416
58.0416
58.0416
58.0416
58.0416
58.0416
58.0416
58.0416
58.0416
58.0416
58.0416
58.0416
58.0416
58.0416
58.0416
58.0416
58.0416
58.0416
58.0416
58.0416
58.0416
58.0416
58.0416
58.0416
58.0416
58.0416
58.0416
58.0416
58.0416
58.0416
58.0416
58.0416
58.0416
58.0416
58.0416
58.0416
58.0416
58.0416
58.0416
58.0416
58.0416
58.0416
58.0416
58.0416
58.0416
58.0416
58.0416
58.0416
58.0416
58.0416
58.0416
58.0416
58.0416
58.0416
58.0416
58.0416
58.0416
58.0416
58.0416
58.0416
58.0416
58.0416
58.0416
58.0416
58.0416
58.0416
58.0416
58.0416
58.0416
58.0416
58.0416
58.0416
58.0416
58.0416
58.0416
58.0416
58.0416
58.0416
58.0416
58.0416
58.0416
58.0416
58.0416
58.0416
58.0416
58.0416
58.0416
58.0416
58.0416
58.0416
58.0416
58.0416
58.0416
58.0416
58.0416
58.0416
58.0416
58.0416
58.0416
58.0416
58.0416
58.0416
58.0416
58.0416
58.0416
58.0416
58.0416
58.0416
58.0416
58.0416
58.0416
58.0416
58.0416
58.0416
58.0416
58.0416
58.0416
58.0416
58.0416
58.0416
58.0416
58.0416
58.0416
58.0416
58.0416
58.0416
58.0416
58.0416
58.0416
58.0416
58.0416
58.0416
58.0416
58.0416
58.0416
58.0416
58.0416
58.0416
58.0416
58.0416
58.0416
58.0416
58.0416
58.0416
58.0416
58.0416
58.0416
58.0416
58.0416
58.0416
58.0416
58.0416
58.0416
58.0416
58.0416
58.0416
58.0416
58.0416
58.0416
58.0416
58.0416
58.0416
58.0416
58.0416
58.0416
58.0416
58.0416
58.0416
58.0416
58.0416
58.0416
58.0416
58.0416
58.0416
58.0416
58.0416
58.0416
58.0416
58.0416
58.0416
58.0416
58.0416
58.0416
58.0416
58.0416
58.0416
58.0416
58.0416
58.0416
58.0416
58.0416
58.0416
58.0416
58.0416
58.0416
58.0416
58.0416
58.0416
58.0416
58.0416
58.0416
58.0416
58.0416
58.0416
58.0416
58.0416
58.0416
58.0416
58.0416
58.0416
58.0416
58.0416
58.0416
58.0416
58.0416
58.0416
58.0416
58.0416
58.0416
58.0416
58.0416
58.0416
58.0416
58.0416
58.0416
58.0416
58.0416
58.0416
58.0416
58.0416
58.0416
58.0416
58.0416
58.0416
58.0416
58.0416
58.0416
58.0416
58.0416
58.0416
58.0416
58.0416
58.0416
58.0416
58.0416
58.0416
58.0416
58.0416
58.0416
58.0416
58.0416
58.0416
58.0416
58.0416
58.0416
58.0416
58.0416
58.0416
58.0416
58.0416
58.0416
58.0416
58.0416
58.0416
58.0416
58.0416
58.0416
58.0416
58.0416
58.0416
58.0416
58.0416
58.0416
58.0416
58.0416
58.0416
58.0416
58.0416
58.0416
58.0416
58.0416
58.0416
58.0416
58.0416
58.0416
58.0416
58.0416
58.0416
58.0416
58.0416
58.0416
58.0416
58.0416
58.0416
58.0416
58.0416
58.0416
58.0416
58.0416
58.0416
58.0416
58.0416
58.0416
58.0416
58.0416
58.0416
58.0416
58.0416
58.0416
58.0416
58.0416
58.0416
58.0416
58.0416
58.0416
58.0416
58.0416
58.0416
58.0416
58.0416
58.0416
58.0416
58.0416
58.0416
58.0416
58.0416
58.0416
58.0416
58.0416
58.0416
58.0416
58.0416
58.0416
58.0416
58.0416
58.0416
58.0416
58.0416
58.0416
58.0416
58.0416
58.0416
58.0416
58.0416
58.0416
58.0416
58.0416
58.0416
58.0416
58.0416
58.0416
58.0416
58.0416
58.0416
58.0416
58.0416
58.0416
58.0416
58.0416
58.0416
58.0416
58.0416
58.0416
58.0416
58.0416
58.0416
58.0416
58.0416
58.0416
58.0416
58.0416
58.0416
58.0416
58.0416
58.0416
58.0416
58.0416
58.0416
58.0416
58.0416
58.0416
58.0416
58.0416
58.0416
58.0416
58.0416
58.0416
58.0416
58.0416
58.0416
58.0416
58.0416
58.0416
58.0416
58.0416
58.0416
58.0416
58.0416
58.0416
58.0416
58.0416
58.0416
58.0416
58.0416
58.0416
58.0416
58.0416
58.0416
58.0416
58.0416
58.0416
58.0416
58.0416
58.0416
58.0416
58.0416
58.0416
58.0416
58.0416
58.0416
58.0416
58.0416
58.0416
58.0416
58.0416
58.0416
58.0416
58.0416
58.0416
58.0416
58.0416
58.0416
58.0416
58.0416
58.0416
58.0416
58.0416
58.0416
58.0416
58.0416
58.0416
58.0416
58.0416
58.0416
58.0416
58.0416
58.0416
58.0416
58.0416
58.9735
58.0416
58.0416
58.0416
58.0416
58.0416
58.0416
58.0416
58.0416
58.0416
58.0416
58.0416
58.0416
58.0416
58.0416
58.0416
58.0416
58.0416
58.0416
58.0416
58.0416
58.0416
58.0416
58.0416
58.0416
58.0416
58.0416
58.0416
58.0416
58.0416
58.0416
58.0416
58.0416
58.0416
58.0416
58.0416
58.0416
58.0416
58.0416
58.0416
58.0416
58.0416
58.0416
58.0416
58.0416
58.0416
58.0416
58.0416
58.0416
58.0416
58.0416
58.0416
58.0416
58.0416
58.0416
58.0416
58.0416
58.0416
58.0416
58.0416
58.0416
58.0416
58.0416
58.0416
58.0416
58.0416
58.0416
58.0416
58.0416
58.0416
58.0416
58.0416
58.0416
58.0416
58.0416
58.0416
58.0416
58.0416
58.0416
58.0416
58.0416
58.0416
58.0416
58.0416
58.0416
58.0416
58.0416
58.0416
58.0416
58.0416
58.0416
58.0416
58.0416
58.0416
58.0416
58.0416
58.0416
58.0416
58.0416
58.0416
58.0416
58.0416
58.0416
58.0416
58.0416
58.0416
58.0416
58.0416
58.0416
58.0416
58.0416
58.0416
58.0416
58.0416
58.0416
58.0416
58.0416
58.0416
58.0416
58.0416
58.0416
58.0416
58.0416
58.0416
58.0416
58.0416
58.0416
58.0416
58.0416
58.0416
58.0416
58.0416
58.0416
58.0416
58.0416
58.0416
58.0416
58.0416
58.0416
58.0416
58.0416
58.0416
58.0416
58.0416
58.0416
58.0416
58.0416
58.0416
58.0416
58.0416
58.0416
58.0416
58.0416
58.0416
58.0416
58.0416
58.0416
58.0416
58.0416
58.0416
58.0416
58.0416
58.0416
58.0416
58.0416
58.0416
58.0416
58.0416
58.0416
58.0416
58.0416
58.0416
58.0416
58.0416
58.0416
58.0416
58.0416
58.0416
58.0416
58.0416
58.0416
58.0416
58.0416
58.0416
58.0416
58.0416
58.0416
58.0416
58.0416
58.0416
58.0416
58.0416
58.0416
58.0416
58.0416
58.0416
58.0416
58.0416
58.0416
58.0416
58.0416
58.0416
58.0416
58.0416
58.0416
58.0416
58.0416
58.0416
58.0416
58.0416
58.0416
58.0416
58.0416
58.0416
58.0416
58.0416
58.0416
58.0416
58.0416
58.0416
58.0416
58.0416
58.0416
58.0416
58.0416
58.0416
58.0416
58.0416
58.0416
58.0416
58.0416
58.0416
58.0416
58.0416
58.0416
58.0416
58.0416
58.0416
58.0416
58.0416
58.0416
58.0416
58.0416
58.0416
58.0416
58.0416
58.0416
58.0416
58.0416
58.0416
58.0416
58.0416
58.0416
58.0416
58.0416
58.0416
58.0416
58.0416
58.0416
58.0416
58.0416
58.0416
58.0416
58.0416
58.0416
58.0416
58.0416
58.0416
58.0416
58.0416
58.0416
58.0416
58.0416
58.0416
58.0416
58.0416
58.0416
58.0416
58.0416
58.0416
58.0416
58.0416
58.0416
58.0416
58.0416
58.0416
58.0416
58.0416
58.0416
58.0416
58.0416
58.0416
58.0416
58.0416
58.0416
58.0416
58.0416
58.0416
58.0416
58.0416
58.0416
58.0416
58.0416
58.0416
58.0416
58.0416
58.0416
58.0416
58.0416
58.0416
58.0416
58.0416
58.0416
58.0416
58.0416
58.0416
58.0416
58.0416
58.0416
58.0416
58.0416
58.0416
58.0416
58.0416
58.0416
58.0416
58.0416
58.0416
58.0416
58.0416
58.0416
58.0416
58.0416
58.0416
58.0416
58.0416
58.0416
58.0416
58.0416
58.0416
58.0416
58.0416
58.0416
58.0416
58.0416
58.0416
58.0416
58.0416
58.0416
58.0416
58.0416
58.0416
58.0416
58.0416
58.0416
58.0416
58.0416
58.0416
58.0416
58.0416
58.0416
58.0416
58.0416
58.0416
58.0416
58.0416
58.0416
58.0416
58.0416
58.0416
58.0416
58.0416
58.0416
58.0416
58.0416
58.0416
58.0416
58.0416
58.0416
58.0416
58.0416
58.0416
58.0416
58.0416
58.0416
58.0416
58.0416
58.0416
58.0416
58.0416
58.0416
58.0416
58.0416
58.0416
58.0416
58.0416
58.0416
58.0416
58.0416
58.0416
58.0416
58.0416
58.0416
58.0416
58.0416
58.0416
58.0416
58.0416
58.0416
58.0416
58.0416
58.0416
58.0416
58.0416
58.0416
58.0416
58.0416
58.0416
58.0416
58.0416
58.0416
58.0416
58.0416
58.0416
58.0416
58.0416
58.0416
58.0416
58.0416
58.0416
58.0416
58.0416
58.0416
58.0416
58.0416
58.0416
58.0416
58.0416
58.0416
58.0416
58.0416
58.0416
58.0416
58.0416
58.0416
58.0416
58.0416
58.0416
58.0416
58.0416
58.0416
58.0416
58.0416
58.0416
58.0416
58.0416
58.0416
58.0416
58.0416
58.0416
58.0416
58.0416
58.0416
58.0416
58.0416
58.0416
58.0416
58.0416
58.0416
58.0416
58.0416
58.0416
58.0416
58.0416
58.0416
58.0416
58.0416
58.0416
58.0416
58.0416
58.0416
58.0416
58.0416
58.0416
58.0416
58.0416
58.0416
58.0416
58.0416
58.0416
58.0416
58.0416
58.0416
58.0416
58.0416
58.0416
58.0416
58.0416
58.0416
58.0416
58.0416
58.0416
58.0416
58.0416
58.0416
58.0416
58.0416
58.0416
58.0416
58.0416
58.0416
58.0416
58.0416
58.0416
58.0416
58.0416
58.0416
58.0416
58.0416
58.0416
58.0416
58.0416
58.0416
58.0416
58.0416
58.0416
58.0416
58.0416
58.0416
58.0416
58.0416
58.0416
58.0416
58.0416
58.0416
58.0416
58.0416
58.0416
58.0416
58.0416
58.0416
58.0416
58.0416
58.0416
58.0416
58.0416
58.0416
58.0416
58.0416
58.0416
58.0416
58.0416
58.0416
58.0416
58.0416
58.0416
58.0416
58.0416
58.0416
58.0416
58.0416
58.0416
58.0416
58.0416
58.0416
58.0416
58.0416
58.0416
58.0416
58.0416
58.0416
58.0416
58.0416
58.0416
58.0416
58.0416
58.0416
58.0416
58.0416
58.0416
58.0416
58.0416
58.0416
58.0416
58.0416
58.0416
58.0416
58.0416
58.0416
58.0416
58.0416
58.0416
58.0416
58.0416
58.0416
58.0416
58.0416
58.0416
58.0416
58.0416
58.0416
58.0416
58.0416
58.0416
58.0416
58.0416
58.0416
58.0416
58.0416
58.0416
58.0416
58.0416
58.0416
58.0416
58.0416
58.0416
58.0416
58.0416
58.0416
58.0416
58.0416
58.0416
58.0416
58.0416
58.0416
58.0416
58.0416
58.0416
58.0416
58.0416
58.0416
58.0416
58.0416
58.0416
58.0416
58.0416
58.0416
58.0416
58.0416
58.0416
58.0416
58.0416
58.0416
58.0416
58.0416
58.0416
58.0416
58.0416
58.0416
58.0416
58.0416
58.0416
58.0416
58.0416
58.0416
58.0416
58.0416
58.0416
58.0416
58.0416
58.0416
58.0416
58.0416
58.0416
58.0416
58.0416
58.0416
58.0416
58.0416
58.0416
58.0416
58.0416
58.0416
58.0416
58.0416
58.0416
58.0416
58.0416
58.0416
58.0416
58.0416
58.0416
58.0416
58.0416
58.0416
58.0416
58.0416
58.0416
58.0416
58.0416
58.0416
58.0416
58.0416
58.0416
58.0416
58.0416
58.0416
58.0416
58.0416
58.0416
58.0416
58.0416
58.0416
58.0416
58.0416
58.0416
58.0416
58.0416
58.0416
58.0416
58.0416
58.0416
58.0416
58.0416
58.0416
58.0416
58.0416
58.0416
58.0416
58.0416
58.0416
58.0416
58.0416
58.0416
58.0416
58.0416
58.0416
58.0416
58.0416
58.0416
58.0416
58.0416
58.0416
58.0416
58.0416
58.0416
58.0416
58.0416
58.0416
58.0416
58.0416
58.0416
58.0416
58.0416
58.0416
58.0416
58.0416
58.0416
58.0416
58.0416
58.0416
58.0416
58.0416
58.0416
58.0416
58.0416
58.0416
58.0416
58.0416
58.0416
58.0416
58.0416
58.0416
58.0416
58.0416
58.0416
58.0416
58.0416
58.0416
58.0416
58.0416
58.0416
58.0416
58.0416
58.0416
58.0416
58.0416
58.0416
58.0416
58.0416
58.0416
58.0416
58.0416
58.0416
58.0416
58.0416
58.0416
58.0416
58.0416
58.0416
58.0416
58.0416
58.0416
58.0416
58.0416
58.0416
58.0416
58.0416
58.0416
58.0416
58.0416
58.0416
58.0416
58.0416
58.0416
58.0416
58.0416
58.0416
58.0416
58.0416
58.0416
58.0416
58.0416
58.0416
58.0416
58.0416
58.0416
58.0416
58.0416
58.0416
58.0416
58.0416
58.0416
58.0416
58.0416
58.0416
58.0416
58.0416
58.0416
58.0416
58.0416
58.0416
58.0416
58.0416
58.0416
58.0416
58.0416
58.0416
58.0416
58.0416
58.0416
58.0416
58.0416
58.0416
58.0416
58.0416
58.0416
58.0416
58.0416
58.0416
58.0416
58.0416
58.0416
58.0416
58.0416
58.0416
58.0416
58.0416
58.0416
58.0416
58.0416
58.0416
58.0416
58.0416
58.0416
58.0416
58.0416
58.0416
58.0416
58.0416
58.0416
58.0416
58.0416
58.0416
58.0416
58.0416
58.0416
58.0416
58.0416
58.0416
58.0416
58.0416
58.0416
58.0416
58.0416
58.0416
58.0416
58.0416
58.0416
58.0416
58.0416
58.0416
58.0416
58.0416
58.0416
58.0416
58.0416
58.0416
58.0416
58.0416
58.0416
58.0416
58.0416
58.0416
58.0416
58.0416
58.0416
58.0416
58.0416
58.0416
58.0416
58.0416
58.0416
58.0416
58.0416
58.0416
58.0416
58.0416
58.0416
58.0416
58.0416
58.0416
58.0416
58.0416
58.0416
58.0416
58.0416
58.0416
58.0416
58.0416
58.0416
58.0416
58.0416
58.0416
58.0416
58.0416
58.0416
58.0416
58.0416
58.0416
58.0416
58.0416
58.0416
58.0416
58.0416
58.0416
58.0416
58.0416
58.0416
58.0416
58.0416
58.0416
58.0416
58.0416
58.0416
58.0416
58.0416
58.0416
58.0416
58.0416
58.0416
58.0416
58.0416
58.0416
58.0416
58.0416
58.0416
58.0416
58.0416
58.0416
58.0416
58.0416
58.0416
58.0416
58.0416
58.0416
58.0416
58.0416
58.0416
58.0416
58.0416
58.0416
58.0416
58.0416
58.0416
58.0416
58.0416
58.0416
58.0416
58.0416
58.0416
58.0416
58.0416
58.0416
58.0416
58.0416
58.0416
58.0416
58.0416
58.0416
58.0416
58.0416
58.0416
58.0416
58.0416
58.0416
58.0416
58.0416
58.0416
58.0416
58.0416
58.0416
58.0416
58.0416
58.0416
58.0416
58.0416
58.0416
58.0416
58.0416
58.0416
58.0416
58.0416
58.0416
58.0416
58.0416
58.0416
58.0416
58.0416
58.0416
58.0416
58.0416
58.0416
58.0416
58.0416
58.0416
58.0416
58.0416
58.0416
58.0416
58.0416
58.0416
58.0416
58.0416
58.0416
58.0416
58.0416
58.0416
58.0416
58.0416
58.0416
58.0416
58.0416
58.0416
58.0416
58.0416
58.0416
58.0416
58.0416
58.0416
58.0416
58.0416
58.0416
58.0416
58.0416
58.0416
58.0416
58.0416
58.0416
58.0416
58.0416
58.0416
58.0416
58.0416
58.0416
58.0416
58.0416
58.0416
58.0416
58.0416
58.0416
58.0416
58.0416
58.0416
58.0416
58.0416
58.0416
58.0416
58.0416
58.0416
58.0416
58.0416
58.0416
58.0416
58.0416
58.0416
58.0416
58.0416
58.0416
58.0416
58.0416
58.0416
58.0416
58.0416
58.0416
58.0416
58.0416
58.0416
58.0416
58.0416
58.0416
58.0416
58.0416
58.0416
58.0416
58.0416
58.0416
58.0416
58.0416
58.0416
58.0416
58.0416
58.0416
58.0416
58.0416
58.0416
58.0416
58.0416
58.0416
58.0416
58.0416
58.0416
58.0416
58.0416
58.0416
58.0416
58.0416
58.0416
58.0416
58.0416
58.0416
58.0416
58.0416
58.0416
58.0416
58.0416
58.0416
58.0416
58.0416
58.0416
58.0416
58.0416
58.0416
58.0416
58.0416
58.0416
58.0416
58.0416
58.0416
58.0416
58.0416
58.0416
58.0416
58.0416
58.0416
58.0416
58.0416
58.0416
58.0416
58.0416
58.0416
58.0416
58.0416
58.0416
58.0416
58.0416
58.0416
58.0416
58.0416
58.0416
58.0416
58.0416
58.0416
58.0416
58.0416
58.0416
58.0416
58.0416
58.0416
58.0416
58.0416
58.0416
58.0416
58.0416
58.0416
58.0416
58.0416
58.0416
58.0416
58.0416
58.0416
58.0416
58.0416
58.0416
58.0416
58.0416
58.0416
58.0416
58.0416
58.0416
58.0416
58.0416
58.0416
58.0416
58.0416
58.0416
58.0416
58.0416
58.0416
58.0416
58.0416
58.0416
58.0416
58.0416
58.0416
58.0416
58.0416
58.0416
58.0416
58.0416
58.0416
58.0416
58.0416
58.0416
58.0416
58.0416
58.0416
58.0416
58.0416
58.0416
58.0416
58.0416
58.0416
58.0416
58.0416
58.0416
58.0416
58.0416
58.0416
58.0416
58.0416
58.0416
58.0416
58.0416
58.0416
58.0416
58.0416
58.0416
58.0416
58.0416
58.0416
58.0416
58.0416
58.0416
58.0416
58.0416
58.0416
58.0416
58.0416
58.0416
58.0416
58.0416
58.0416
58.0416
58.0416
58.0416
58.0416
58.0416
58.0416
58.0416
58.0416
58.0416
58.0416
58.0416
58.0416
58.0416
58.0416
58.0416
58.0416
58.0416
58.0416
58.0416
58.0416
58.0416
58.0416
58.0416
58.0416
58.0416
58.0416
58.0416
58.0416
58.0416
58.0416
58.0416
58.0416
58.0416
58.0416
58.0416
58.0416
58.0416
58.0416
58.0416
58.0416
58.0416
58.0416
58.0416
58.0416
58.0416
58.0416
58.0416
58.0416
58.0416
58.0416
58.0416
58.0416
58.0416
58.0416
58.0416
58.0416
58.0416
58.0416
58.0416
58.0416
58.0416
58.0416
58.0416
58.0416
58.0416
58.0416
58.0416
58.0416
58.0416
58.0416
58.0416
58.0416
58.0416
58.0416
58.0416
58.0416
58.0416
58.0416
58.0416
58.0416
58.0416
58.0416
58.0416
58.0416
58.0416
58.0416
58.0416
58.0416
58.0416
58.0416
58.0416
58.0416
58.0416
58.0416
58.0416
58.0416
58.0416
58.0416
58.0416
58.0416
58.0416
58.0416
58.0416
58.0416
58.0416
58.0416
58.0416
58.0416
58.0416
58.0416
58.0416
58.0416
58.0416
58.0416
58.0416
58.0416
58.0416
58.0416
58.0416
58.0416
58.0416
58.0416
58.0416
58.0416
58.0416
58.0416
58.0416
58.0416
58.0416
58.0416
58.0416
58.0416
58.0416
58.0416
58.0416
58.0416
58.0416
58.0416
58.0416
58.0416
58.0416
58.0416
58.0416
58.0416
58.0416
58.0416
58.0416
58.0416
58.0416
58.0416
58.0416
58.0416
58.0416
58.0416
58.0416
58.0416
58.0416
58.0416
58.0416
58.0416
58.0416
58.0416
58.0416
58.0416
58.0416
58.0416
58.0416
58.0416
58.0416
58.0416
58.0416
58.0416
58.0416
58.0416
58.0416
58.0416
58.0416
58.0416
58.0416
58.0416
58.0416
58.0416
58.0416
58.0416
58.0416
58.0416
58.0416
58.0416
58.0416
58.0416
58.0416
58.0416
58.0416
58.0416
58.0416
58.0416
58.0416
58.0416
58.0416
58.0416
58.0416
58.0416
58.0416
58.0416
58.0416
58.0416
58.0416
58.0416
58.0416
58.0416
58.0416
58.0416
58.0416
58.0416
58.0416
58.0416
58.0416
58.0416
58.0416
58.0416
58.0416
58.0416
58.0416
58.0416
58.0416
58.0416
58.0416
58.0416
58.0416
58.0416
58.0416
58.0416
58.0416
58.0416
58.0416
58.0416
58.0416
58.0416
58.0416
58.0416
58.0416
58.0416
58.0416
58.0416
58.0416
58.0416
58.0416
58.0416
58.0416
58.0416
58.0416
58.0416
58.0416
58.0416
58.0416
58.0416
58.0416
58.0416
58.0416
58.0416
58.0416
58.0416
58.0416
58.0416
58.0416
58.0416
58.0416
58.0416
58.0416
58.0416
58.0416
58.0416
58.0416
58.0416
58.0416
58.0416
58.0416
58.0416
58.0416
58.0416
58.0416
58.0416
58.0416
58.0416
58.0416
58.0416
58.0416
58.0416
58.0416
58.0416
58.0416
58.0416
58.0416
58.0416
58.0416
58.0416
58.0416
58.0416
58.0416
58.0416
58.0416
58.0416
58.0416
58.0416
58.0416
58.0416
58.0416
58.0416
58.0416
58.0416
58.0416
58.0416
58.0416
58.0416
58.0416
58.0416
58.0416
58.0416
58.0416
58.0416
58.0416
58.0416
58.0416
58.0416
58.0416
58.0416
58.0416
58.0416
58.0416
58.0416
58.0416
58.0416
58.0416
58.0416
58.0416
58.0416
58.0416
58.0416
58.0416
58.0416
58.0416
58.0416
58.0416
58.0416
58.0416
58.0416
58.0416
58.0416
58.0416
58.0416
58.0416
58.0416
58.0416
58.0416
58.0416
58.0416
58.0416
58.0416
58.0416
58.0416
58.0416
58.0416
58.0416
58.0416
58.0416
58.0416
58.0416
58.0416
58.0416
58.0416
58.0416
58.0416
58.0416
58.0416
58.0416
58.0416
58.0416
58.0416
58.0416
58.0416
58.0416
58.0416
58.0416
58.0416
58.0416
58.0416
58.0416
58.0416
58.0416
58.0416
58.0416
58.0416
58.0416
58.0416
58.0416
58.0416
58.0416
58.0416
58.0416
58.0416
58.0416
58.0416
58.0416
58.0416
58.0416
58.0416
58.0416
58.0416
58.0416
58.0416
58.0416
58.0416
58.0416
58.0416
58.0416
58.0416
58.0416
58.0416
58.0416
58.0416
58.0416
58.0416
58.0416
58.0416
58.0416
58.0416
58.0416
58.0416
58.0416
58.0416
58.0416
58.0416
58.0416
58.0416
58.0416
58.0416
58.0416
58.0416
58.0416
58.0416
58.0416
58.0416
58.0416
58.0416
58.0416
58.0416
58.0416
58.0416
58.0416
58.0416
58.0416
58.0416
58.0416
58.0416
58.0416
58.0416
58.0416
58.0416
58.0416
58.0416
58.0416
58.0416
58.0416
58.0416
58.0416
58.0416
58.0416
58.0416
58.0416
58.0416
58.0416
58.0416
58.0416
58.0416
58.0416
58.0416
58.0416
58.0416
58.0416
58.0416
58.0416
58.0416
58.0416
58.0416
58.0416
58.0416
58.0416
58.0416
58.0416
58.0416
58.0416
58.0416
58.0416
58.0416
58.0416
58.0416
58.0416
58.0416
58.0416
58.0416
58.0416
58.0416
58.0416
58.0416
58.0416
58.0416
58.0416
58.0416
58.0416
58.0416
58.0416
58.0416
58.0416
58.0416
58.0416
58.0416
58.0416
58.0416
58.0416
58.0416
58.0416
58.0416
58.0416
58.0416
58.0416
58.0416
58.0416
58.0416
58.0416
58.0416
58.0416
58.0416
58.0416
58.0416
58.0416
58.0416
58.0416
58.0416
58.0416
58.0416
58.0416
58.0416
58.0416
58.0416
58.0416
58.0416
58.0416
58.0416
58.0416
58.0416
58.0416
58.0391
58.0367
58.0292
58.0021
57.9427
57.918
57.918
57.918
57.918
57.918
57.918
57.918
57.918
57.918
57.918
57.918
57.918
57.918
57.918
57.918
57.918
57.918
57.918
57.918
57.918
57.918
57.918
57.918
57.918
57.918
57.918
57.918
57.918
57.918
57.918
57.918
57.918
57.918
57.918
57.918
57.918
57.918
57.918
57.918
57.918
57.918
57.918
57.918
57.918
57.918
57.918
57.918
57.918
57.918
57.918
57.918
57.918
57.918
57.918
57.918
57.918
57.918
57.918
57.918
57.918
57.918
57.918
57.918
57.918
57.918
57.918
57.918
57.918
57.918
57.918
57.918
57.918
57.918
57.918
57.918
57.918
57.918
57.918
57.918
57.918
57.918
57.918
57.918
57.918
57.918
57.918
57.918
57.918
57.918
57.918
57.918
57.918
57.918
57.918
57.918
57.918
57.918
57.918
57.918
57.918
57.918
57.918
57.918
57.918
57.918
57.918
57.918
57.918
57.918
57.918
57.918
57.918
57.918
57.918
57.918
57.918
57.918
57.918
57.918
57.918
57.918
57.918
57.918
57.918
57.918
57.918
57.918
57.918
57.918
57.918
57.918
57.918
57.918
57.918
57.918
57.918
57.918
57.918
57.918
57.918
57.918
57.918
57.918
57.918
57.918
57.918
57.918
57.918
57.918
57.918
57.918
57.918
57.918
57.918
57.918
57.918
57.918
57.918
57.918
57.918
57.918
57.918
57.918
57.918
57.918
57.918
57.918
57.918
57.918
57.918
57.918
57.918
57.918
57.918
57.918
57.918
57.918
57.918
57.918
57.918
57.918
57.918
57.918
57.918
57.918
57.918
57.918
57.918
57.918
57.918
57.918
57.918
57.918
57.918
57.918
57.918
57.918
57.918
57.918
57.918
57.918
57.918
57.918
57.918
57.918
57.918
57.918
57.918
57.918
57.918
57.918
57.918
57.918
57.918
57.918
57.918
57.918
57.918
57.918
57.918
57.918
57.918
57.918
57.918
57.918
57.918
57.918
57.918
57.918
57.918
57.918
57.918
57.918
57.918
57.918
57.918
57.918
57.918
57.918
57.918
57.918
57.918
57.918
57.918
57.918
57.918
57.918
57.918
57.918
57.918
57.918
57.918
57.918
57.918
57.918
57.918
57.918
57.918
57.918
57.918
57.918
57.918
57.918
57.918
57.918
57.918
57.918
57.918
57.918
57.918
57.918
57.918
57.918
57.918
57.918
57.918
57.918
57.918
57.918
57.918
57.918
57.918
57.918
57.918
57.918
57.918
57.918
57.918
57.918
57.918
57.918
57.918
57.918
57.918
57.918
57.918
57.918
57.918
57.918
57.918
57.918
57.918
57.918
57.918
57.918
57.918
57.918
57.918
57.918
57.918
57.918
57.918
57.918
57.918
57.918
57.918
57.918
57.918
57.918
57.918
57.918
57.918
57.918
57.918
57.918
57.918
57.918
57.918
57.918
57.918
57.918
57.918
57.918
57.918
57.918
57.918
57.918
57.918
57.918
57.918
57.918
57.918
57.918
57.918
57.918
57.918
57.918
57.918
57.918
57.918
57.918
57.918
57.918
57.918
57.918
57.918
57.918
57.918
57.918
57.918
57.918
57.918
57.918
57.918
57.918
57.918
57.918
57.918
57.918
57.918
57.918
57.918
57.918
57.918
57.918
57.918
57.918
57.918
57.918
57.918
57.918
57.918
57.918
57.918
57.918
57.918
57.918
57.918
57.918
57.918
57.918
57.918
57.918
57.918
57.918
57.918
57.918
57.918
57.918
57.918
57.918
57.918
57.918
57.918
57.918
57.918
57.918
57.918
57.918
57.918
57.918
57.918
57.918
57.918
57.918
57.918
57.918
57.918
57.918
57.918
57.918
57.918
57.918
57.918
57.918
57.918
57.918
57.918
57.918
57.918
57.918
57.918
57.918
57.918
57.918
57.918
57.918
57.918
57.918
57.918
57.918
57.918
57.918
57.918
57.918
57.918
57.918
57.918
57.918
57.918
57.918
57.918
57.918
57.918
57.918
57.918
57.918
57.918
57.918
57.918
57.918
57.918
57.918
57.918
57.918
57.918
57.918
57.918
57.918
57.918
57.918
57.918
57.918
57.918
57.918
57.918
57.918
57.918
57.918
57.918
57.918
57.918
57.918
57.918
57.918
57.918
57.918
57.918
57.918
57.918
57.918
57.918
57.918
57.918
57.918
57.918
57.918
57.918
57.918
57.918
57.918
57.918
57.918
57.918
57.918
57.918
57.918
57.918
57.918
57.918
57.918
57.918
57.918
57.918
57.918
57.918
57.918
57.918
57.918
57.918
57.918
57.918
57.918
57.918
57.918
57.918
57.918
57.918
57.918
57.918
57.918
57.918
57.918
57.918
57.918
57.918
57.918
57.918
57.918
57.918
57.918
57.918
57.918
57.918
57.918
57.918
57.918
57.918
57.918
57.918
57.918
57.918
57.918
57.918
57.918
57.918
57.918
57.918
57.918
57.918
57.918
57.918
57.918
57.918
57.918
57.918
57.918
57.918
57.918
57.918
57.918
57.918
57.918
57.918
57.918
57.918
57.918
57.918
57.918
57.918
57.918
57.918
57.918
57.918
57.918
57.918
57.918
57.918
57.918
57.918
57.918
57.918
57.918
57.918
57.918
57.918
57.918
57.918
57.918
57.918
57.918
57.918
57.918
57.918
57.918
57.918
57.918
57.918
57.918
57.918
57.918
57.918
57.918
57.918
57.918
57.918
57.918
57.918
57.918
57.918
57.918
57.918
57.918
57.918
57.918
57.918
57.918
57.918
57.918
57.918
57.918
57.918
57.918
57.918
57.918
57.918
57.918
57.918
57.918
57.918
57.918
57.918
57.918
57.918
57.918
57.918
57.918
57.918
57.918
57.918
57.918
57.918
57.918
57.918
57.918
57.918
57.918
57.918
57.918
57.918
57.918
57.918
57.918
57.918
57.918
57.918
57.918
57.918
57.918
57.918
57.918
57.918
57.918
57.918
57.918
57.918
57.918
57.918
57.918
57.918
57.918
57.918
57.918
57.918
57.918
57.918
57.918
57.918
57.918
57.918
57.918
57.918
57.918
57.918
57.918
57.918
57.918
57.918
57.918
57.918
57.918
57.918
57.918
57.918
57.918
57.918
57.918
57.918
57.918
57.918
57.918
57.918
57.918
57.918
57.918
57.918
57.918
57.918
57.918
57.918
57.918
57.918
57.918
57.918
57.918
57.918
57.918
57.918
57.918
57.918
57.918
57.918
57.918
57.918
57.918
57.918
57.918
57.918
57.918
57.918
57.918
57.918
57.918
57.918
57.918
57.918
57.918
57.918
57.918
57.918
57.918
57.918
57.918
57.918
57.918
57.918
57.918
57.918
57.918
57.918
57.918
57.918
57.918
57.918
57.918
57.918
57.918
57.918
57.918
57.918
57.918
57.918
57.918
57.918
57.918
57.918
57.918
57.918
57.918
57.918
57.918
57.918
57.918
57.918
57.918
57.918
57.918
57.918
57.918
57.918
57.918
57.918
57.918
57.918
57.918
57.918
57.918
57.918
57.918
57.918
57.918
57.918
57.918
57.918
57.918
57.918
57.918
57.918
57.918
57.918
57.918
57.918
57.918
57.918
57.918
57.918
57.918
57.918
57.918
57.918
57.918
57.918
57.918
57.918
57.918
57.918
57.918
57.918
57.918
57.918
57.918
57.918
57.918
57.918
57.918
57.918
57.918
57.918
57.918
57.918
57.918
57.918
57.918
57.918
57.918
57.918
57.918
57.918
57.918
57.918
57.918
57.918
57.918
57.918
57.918
57.918
57.918
57.918
57.918
57.918
57.918
57.918
57.918
57.918
57.918
57.918
57.9116
57.8989
57.8734
57.8162
57.5998
57.5998
57.5998
57.5998
57.5998
57.5998
57.5998
57.5998
57.5998
57.5998
57.5998
57.5998
57.5998
57.5998
57.5998
57.5998
57.5998
57.5998
57.5998
57.5998
57.5998
57.5998
57.5998
57.5998
57.5998
57.5998
57.5998
57.5998
57.5998
57.5998
57.5998
57.5998
57.5998
57.5998
57.5998
57.5998
57.5998
57.5998
57.5998
57.5998
57.5998
57.5998
57.5998
57.5998
57.5998
57.5998
57.5998
57.5998
57.5998
