# best half averages
2560.63
2288.84
2107.82
1942.4
1841.09
1755.85
1701.09
1664.79
1602.9
1554.06
1509.69
1474.54
1431.26
1386.75
1312.71
1311.46
1291.96
1263.9
1223.98
1173
1119.76
1111.21
1088.66
1062.49
1052.11
1009.23
964.002
934.638
931.094
914.978
903.026
894.793
883.794
876.725
865.55
850.356
845.003
842.232
831.098
820.97
811.944
805.65
798.568
790.345
776.457
767.45
755.72
745.659
730.485
718.454
711.164
708.529
701.427
690.666
684.472
680.776
677.743
673.111
673.111
672.828
671.385
664.67
656.03
644.903
636.176
633.583
631.566
627.762
617.072
613.247
607.398
603.796
598.257
588.695
583.21
579.39
567.507
561.038
557.112
553.213
551.473
549.748
548.566
545.408
538.855
522.919
519.891
519.712
519.111
516.768
511.451
508.195
507.88
506.153
502.943
501.929
500.576
497.224
490.835
489.301
484.804
478.881
473.865
470.259
470.259
470.259
469.926
470.22
467.455
466.752
466.338
459.928
453.963
453.495
450.269
444.13
437.945
434.011
431.42
430.221
428.81
429.692
442.064
421.519
411.735
410.568
406.914
404.917
404.795
404.41
413.821
400.19
396.109
390.779
385.914
384.529
383.045
382.497
381.915
381.869
381.436
380.392
378.741
376.381
376.366
376.279
375.761
374.186
373.141
372.016
371.228
370.14
369.176
367.317
365.757
364.568
363.923
363.923
363.923
363.728
362.883
359.63
354.366
353.675
352.221
351.412
349.989
348.606
344.543
338.218
337.337
335.416
332.152
326.146
322.667
318.02
312.927
312.202
310.096
308.676
308.215
307.135
307.075
306.48
305.342
303.755
301.285
301.15
299.805
300.955
300.226
296.835
294.771
290.573
289.587
289.309
288.777
286.334
284.931
284.884
284.774
284.117
284.102
283.732
282.425
280.939
278.612
279.221
277.223
275.443
275.443
275.443
275.323
274.473
270.23
269.457
269.345
269.107
268.266
265.947
268.588
287.672
261.214
260.766
259.376
257.479
256.739
255.048
254.97
254.096
251.143
251.143
251.143
251.134
251.088
250.85
249.659
249.311
249.311
249.311
249.311
249.311
249.266
249.064
248.276
246.935
246.387
246.242
246.242
246.242
246.242
246.212
246.025
245.463
244.462
242.713
242.184
241.345
241.345
241.345
241.234
240.971
239.248
235.571
234.941
233.361
231.913
231.851
231.169
228.56
228.231
228.231
228.231
228.231
228.231
228.231
228.213
228.066
227.46
227.313
227.313
227.313
227.313
227.313
227.313
227.265
227.17
226.42
224.799
224.361
222.34
221.721
221.452
219.775
218.686
217.566
217.332
216.853
215.704
213.988
212.916
211.844
211.844
211.844
211.808
211.699
211.184
209.878
209.38
208.611
208.611
208.602
208.583
208.49
208.144
208.144
208.095
208.046
207.916
209.336
205.671
205.581
205.364
205.278
205.012
204.792
204.676
204.799
204.683
205.119
202.019
201.246
197.566
197.533
197.389
197.153
197.153
197.153
197.138
197.012
196.476
196.402
196.402
196.402
196.402
196.402
196.402
196.402
196.402
196.402
196.402
196.402
196.402
196.402
196.402
196.402
196.402
196.402
196.402
196.402
196.39
196.365
196.132
195.77
195.767
195.753
195.663
195.628
195.613
195.592
195.553
195.188
194.012
192.852
191.608
191.042
190.082
189.932
189.071
187.527
187.527
187.513
187.5
187.405
186.97
186.848
186.848
186.848
186.848
186.84
186.818
187.148
186.469
186.469
186.428
186.155
184.586
184.419
184.419
184.419
184.419
184.419
184.419
184.419
184.419
184.419
184.419
184.419
184.377
184.335
187.632
183.241
182.309
182.309
182.309
182.309
182.309
182.309
182.309
182.309
182.309
182.309
182.303
182.277
182.172
181.941
181.593
181.036
180.662
180.662
180.662
180.662
181.494
188.493
189.52
180.645
180.653
180.767
180.632
180.585
180.449
179.847
179.499
178.895
178.574
178.556
178.675
178.385
178.385
178.385
178.385
178.385
178.385
178.385
178.385
178.385
178.385
178.385
178.378
178.324
178.031
177.894
177.429
176.899
176.834
176.834
176.834
176.833
176.823
176.773
176.765
176.765
176.765
176.765
176.765
176.765
176.765
176.726
176.529
175.585
174.799
174.79
174.756
174.541
174.369
174.363
174.324
174.302
174.045
173.988
173.817
173.351
173.333
173.315
173.17
172.609
172.414
172.382
172.286
172.208
170.845
170.845
170.835
170.774
170.755
170.738
177.118
170.951
172.302
170.333
170.326
170.324
170.226
170.128
169.117
166.753
166.753
166.715
166.85
166.744
166.744
166.735
166.688
166.482
166.284
166.28
166.273
166.257
166.273
166.273
166.273
166.273
166.273
166.222
166.273
166.273
166.273
166.268
166.268
166.268
166.161
167.386
164.206
163.158
162.219
162.017
162.017
162.017
162.017
162.017
162.017
162.017
162.017
162.017
162.017
162.017
162.017
162.017
162.017
162.017
162.017
162.017
162.014
162
161.918
161.876
161.876
161.876
161.876
161.876
161.872
161.864
161.723
161.551
160.677
158.41
158.204
158.204
158.204
158.184
158.101
157.625
157.164
157.139
157.057
156.855
156.855
156.855
156.855
156.855
156.855
156.855
156.855
156.855
156.855
156.855
156.855
156.855
156.855
156.855
156.855
156.855
156.855
156.855
156.855
156.855
156.855
156.849
156.805
156.657
156.539
156.539
156.539
156.539
156.539
156.539
156.539
156.539
156.539
156.539
156.539
156.539
156.539
156.539
156.539
156.539
156.539
156.539
156.539
156.539
156.529
156.453
156.202
155.998
155.926
155.157
152.358
152.031
151.337
149.618
148.94
148.119
147.862
147.86
147.847
147.791
147.774
147.761
147.735
147.618
147.121
147.121
147.121
147.121
147.121
147.121
147.121
147.121
147.121
147.121
147.121
147.121
147.121
147.121
147.121
147.121
147.121
147.121
147.121
147.121
147.121
147.121
147.121
147.121
147.121
147.121
147.121
147.121
147.121
147.121
147.121
147.121
147.121
147.12
147.116
147.103
147.079
147.079
147.079
147.079
147.079
147.079
147.079
147.079
147.079
147.079
147.079
147.079
147.079
147.079
147.079
147.079
147.078
147.075
147.066
147.268
147.005
147.005
147.005
147.005
147.005
147.005
146.666
146.389
145.833
145.417
141.017
136.156
136.156
136.156
136.156
136.156
136.156
136.143
136
135.806
136.281
142.191
133.367
133.367
133.312
133.257
133.146
136.261
134.014
130.439
130.141
128.685
128.685
128.685
128.685
128.685
128.685
128.68
128.674
128.631
129.02
128.255
127.63
125.662
125.66
125.651
125.528
125.312
124.937
123.77
122.601
122.547
122.494
122.491
122.482
122.557
122.392
122.351
122.196
122.088
121.712
121.676
121.55
121.246
121.187
120.931
120.93
120.939
120.938
120.928
120.842
120.696
119.884
119.037
119.037
119.544
119.068
119.067
119.067
119.067
119.066
119.546
120.294
119.281
118.797
118.168
118.168
118.168
118.168
118.168
118.168
118.168
118.168
118.149
117.852
117.637
117.237
117.134
116.821
115.161
112.106
112.066
112.044
111.981
111.874
114.443
110.54
110.273
109.948
109.667
109.638
110.071
109.456
109.678
108.849
108.712
108.712
108.712
108.712
108.712
108.712
108.705
108.712
108.712
108.707
108.707
108.697
108.705
108.701
108.693
108.629
108.619
108.589
108.516
108.221
108.141
108.021
107.301
106.26
106.245
106.229
106.182
106.119
109.145
105.476
105.476
105.435
105.27
104.976
103.596
103.324
103.205
103.205
103.205
103.205
103.205
103.205
103.205
103.205
103.195
103.12
102.852
102.67
102.67
102.67
102.67
102.67
102.67
102.67
102.67
102.67
102.67
102.67
102.652
102.601
102.326
101.809
101.809
101.809
101.809
101.809
101.809
101.809
101.809
101.809
101.809
101.809
101.809
101.809
101.809
101.809
101.809
101.809
101.809
101.809
101.809
101.809
101.809
101.809
101.809
101.809
101.809
101.809
101.809
101.809
101.809
101.809
101.809
101.809
101.809
101.809
101.809
101.809
101.809
101.809
101.809
101.809
101.806
101.801
101.767
101.662
101.659
101.644
101.608
101.619
101.907
101.179
100.893
100.893
100.892
100.888
100.867
100.842
100.842
100.842
100.842
100.842
100.842
100.842
100.842
100.842
100.842
100.842
100.842
100.842
100.842
100.842
100.838
100.829
100.747
100.626
100.626
100.626
100.626
100.626
100.626
100.626
100.626
100.626
100.626
100.626
100.626
100.626
100.626
100.626
100.626
100.626
100.616
100.585
100.535
100.333
100.121
100.121
100.121
100.121
100.121
100.121
100.118
100.118
100.121
100.121
100.121
100.108
100.055
99.7898
99.4585
99.4585
99.4585
99.4585
99.4585
99.4585
99.4585
99.4585
99.4585
99.4585
99.4585
99.4456
99.351
98.9725
98.8135
98.8135
98.8085
98.7936
98.7615
100.767
105.357
103.264
98.5924
98.5626
98.5648
98.5648
98.5648
98.5648
98.5648
98.5648
98.5648
98.5648
98.5648
98.5648
98.5648
98.5648
98.5648
98.5648
98.5648
98.5648
98.5648
98.5648
98.5648
98.5648
98.5648
98.5648
98.5648
98.5648
98.5648
98.5648
98.5643
98.5648
98.5648
98.5648
98.5648
98.5648
98.5648
98.5648
98.5648
98.5648
98.5648
98.5648
98.5648
98.5648
98.5648
98.5648
98.5648
98.5648
98.5648
98.5648
98.5648
98.5648
98.5626
98.5626
98.5648
98.5648
98.5648
98.5626
98.5648
98.5648
98.5648
98.5648
98.5648
98.5648
98.5648
98.5648
98.5375
98.4011
98.081
97.2008
97.1566
97.1566
97.2008
97.2008
97.1816
97.1816
97.1049
96.8366
96.2424
96.2424
96.2424
96.2424
96.2424
96.2424
96.2424
95.9761
95.1891
91.545
83.1189
83.1189
83.0834
83.03
82.8285
82.8285
82.8285
82.8232
82.8232
82.8126
82.7913
82.7169
82.5627
82.5627
82.5627
82.5627
82.5627
82.5627
82.5627
82.5627
82.5627
82.5627
82.5627
82.5627
82.5371
82.5627
82.5627
82.5627
82.5627
82.5627
82.5627
82.5627
82.5627
82.5627
82.5627
82.5567
82.5567
82.5567
82.5567
82.5627
82.5627
82.5627
82.5627
82.5551
82.5475
82.5171
84.388
82.1825
82.1825
82.1825
82.1825
82.1825
82.1802
82.1756
82.1734
82.1734
83.4106
82.1734
82.1756
82.1825
82.1825
82.1825
82.1825
82.1825
82.1825
82.1825
82.1825
82.1825
82.1825
82.1825
82.1825
82.1825
82.1825
82.1783
82.1741
82.17
82.1032
81.9739
81.9739
81.9655
81.9319
81.8406
81.553
81.553
81.553
81.553
81.553
81.553
81.553
81.553
81.553
81.553
81.553
81.553
81.553
81.553
81.553
81.553
81.553
81.553
81.553
81.553
81.553
81.553
81.553
81.553
81.553
81.553
81.553
81.553
81.553
81.553
81.553
81.5491
81.553
81.553
81.553
81.553
81.553
81.553
81.553
81.553
81.553
81.553
81.553
81.553
81.553
81.5478
81.5425
81.532
81.4717
81.2852
81.2751
81.2299
81.0428
81.0378
81.0367
81.0336
81.0231
80.9948
80.9864
80.9864
80.9864
80.9864
80.9864
80.9864
80.9864
80.9864
80.9864
80.9864
80.9864
80.9864
80.9864
80.9864
80.9864
80.9864
80.9864
80.9864
80.9864
80.9864
80.9864
80.9864
80.9533
80.9202
80.7773
80.293
79.3219
79.3219
79.3113
79.2264
79.0353
78.8017
78.8017
78.8017
78.8017
78.8017
78.8017
78.8017
78.8017
78.8017
78.8017
78.8017
78.8017
78.8017
78.8017
78.8017
78.8017
78.8017
78.8017
78.8017
78.8017
78.8017
78.8017
78.8017
78.8017
78.8017
78.8017
78.8017
78.8017
78.8017
78.8017
78.8017
78.8017
78.8017
78.8017
78.7981
78.8017
78.8017
78.8017
78.8017
78.8017
78.8017
78.8017
78.8017
78.8017
78.8017
78.7974
78.7844
78.7369
78.5855
78.5855
78.5855
78.5855
78.5855
78.5855
78.5632
78.4963
78.3402
77.872
77.4706
77.4706
77.4706
77.4706
77.4706
77.4706
77.4706
77.4706
77.4706
77.4706
77.4706
77.4706
77.4706
77.4706
77.4706
77.4706
77.4706
77.4706
77.4706
77.4706
77.4706
77.4706
77.4706
77.4706
77.4706
77.4706
77.4706
77.4706
77.4706
77.4706
77.4706
77.4706
77.4706
77.4706
77.4706
77.4706
77.4706
77.4489
77.3476
77.2173
76.7613
76.3849
76.3849
76.3849
76.3849
76.3849
76.3849
76.3849
76.3849
76.3849
76.3849
76.3849
76.3849
76.3849
76.3849
76.3849
76.3849
76.3849
76.3787
76.3787
76.3787
76.3787
76.3787
76.3725
76.3753
76.3787
76.3725
76.3539
76.3291
78.1919
79.1471
76.0871
76.0747
76.0747
76.0667
76.0427
76.0129
75.8856
75.6106
75.5241
75.3856
75.3856
75.3856
75.3856
75.3856
75.3856
75.3856
75.3856
75.3856
75.3856
75.3856
75.3856
75.3856
75.3856
75.3856
75.3856
75.3856
75.3856
75.3856
75.3856
75.3856
75.3856
75.3856
75.3856
75.3775
75.3694
75.3531
75.3271
75.183
74.9805
74.9765
74.9805
74.9805
74.9805
74.9805
74.9805
74.9805
74.9805
74.9805
74.9805
74.9805
74.9805
74.9805
74.9805
74.9805
74.9805
74.9805
74.9805
74.9805
74.9805
74.9805
74.9805
74.9805
74.9805
74.9805
74.9805
74.9805
74.9805
74.9805
74.9805
74.9805
74.9805
74.9805
74.9805
74.9805
74.9805
74.9805
74.9805
74.9805
74.9805
74.9805
74.9704
74.9704
74.9504
74.9002
76.7473
74.5752
74.4788
74.4788
74.4788
74.4788
74.4788
74.4788
74.4788
74.4788
74.4788
74.4788
74.4788
74.4788
74.4788
74.4788
74.4788
74.4788
74.4788
74.4767
74.4727
74.4605
74.4118
74.3773
74.3704
74.3704
74.3704
74.3635
74.3635
74.3704
74.3704
74.3773
74.3773
74.3773
74.3773
74.3773
74.3773
74.3773
74.3773
74.3773
74.3773
74.3773
74.3773
74.3773
74.3773
74.3773
74.3773
74.3773
74.3773
74.3773
74.3773
74.3773
74.3773
74.3773
74.3773
74.3773
74.3773
74.3773
74.3773
74.3773
74.3773
74.3773
74.3773
74.3773
74.3773
74.3773
74.3773
74.3773
74.3773
74.3773
74.3773
74.3773
74.3773
74.375
74.375
74.375
74.375
74.3773
74.3773
74.3773
74.3773
74.3773
74.3773
74.3773
74.3773
74.3773
74.3773
74.3773
74.3773
74.3773
74.3773
74.3773
74.3773
74.3773
74.3773
74.3773
74.3773
74.3773
74.3773
74.3773
74.3773
74.3773
74.3773
74.3773
74.3773
74.3773
74.3773
74.3773
74.3773
74.3773
74.3773
74.3773
74.3773
74.3773
74.3773
74.3773
74.3773
74.3773
74.3773
74.3734
74.3773
74.337
74.216
73.8934
72.9795
72.3611
72.3611
72.3611
72.3611
72.3611
72.3611
72.3611
72.3611
72.3611
72.3611
72.3611
72.3611
72.3611
72.3611
72.3611
72.3611
72.3611
72.3611
72.3611
72.3611
72.3611
72.3611
72.3611
72.3611
72.3611
72.3611
72.3611
72.3611
72.3588
72.3611
72.3611
72.3611
72.3611
72.3611
72.3611
72.3611
72.3611
72.3611
72.3611
72.3611
72.3588
72.3611
72.3611
72.3611
72.3611
72.3611
72.3611
72.3611
72.3611
72.3611
72.3611
72.3611
72.3611
72.3611
72.3611
72.3611
72.3611
72.3611
72.3611
72.3611
72.3611
72.3611
72.3611
72.3611
72.3611
72.3611
72.3611
72.3611
72.3611
72.3611
72.3611
72.3611
72.3611
72.3611
72.3611
72.3611
72.3611
72.3611
72.3611
72.3611
72.3611
72.3611
72.3611
72.3611
72.3611
72.3611
72.3611
72.3611
72.3611
72.3611
72.3611
72.3611
72.3611
72.3611
72.3611
72.3611
72.3611
72.3611
72.3611
72.3611
72.3611
72.3611
72.3611
72.3611
72.3611
72.3611
72.3611
72.3611
72.3611
72.3611
72.3611
72.3611
72.3611
72.3611
72.3611
72.3611
72.3611
72.3611
72.3611
72.3611
72.3611
72.3611
72.3611
72.3611
72.3611
72.3542
72.3542
72.3611
72.3611
72.3611
72.3611
72.3611
72.3611
72.3611
72.3611
72.3611
72.3611
72.3611
72.3611
72.3611
72.3611
72.3611
72.3611
72.3611
72.3611
72.3611
72.3611
72.3611
72.3611
72.3611
72.3611
72.3611
72.3611
72.3611
72.3611
72.3611
72.3611
72.3611
72.3611
72.3611
72.3611
72.3611
72.3611
72.3611
72.3611
72.3611
72.3611
72.3611
72.3611
72.3611
72.3611
72.3611
72.3611
72.3611
72.3611
72.3611
72.3611
72.3611
72.3571
72.3611
72.3611
72.3611
72.3611
72.3611
72.3611
72.3611
72.3611
72.3611
72.3611
72.3611
72.3611
72.3611
72.3611
72.3611
72.3611
72.3611
72.3611
72.3611
72.3611
72.3611
72.3611
72.3611
72.3611
72.3611
72.3611
72.3611
72.3611
72.3611
72.3611
72.3611
72.3611
72.3611
72.3611
72.3611
72.3611
72.3611
72.3611
72.3611
72.3611
72.3611
72.3611
72.3611
72.3611
72.3611
72.3611
72.3611
72.3611
72.3611
72.3611
72.3611
72.3611
72.3611
72.3611
72.3611
72.3611
72.3611
72.3611
72.3611
72.3611
72.3611
72.3611
72.3611
72.3611
72.3611
72.3611
72.3611
72.3611
72.3611
72.3611
72.3611
72.3611
72.3611
72.3611
72.3611
72.3611
72.3611
72.3611
72.3611
72.3611
72.3588
72.3575
72.3611
72.3611
72.3611
72.3611
72.3611
72.3611
72.3611
72.3611
72.3588
72.3588
72.3611
72.3588
72.3611
72.3611
72.3611
72.3611
72.3611
72.3611
72.3611
72.3611
72.3611
72.3611
72.3611
72.3463
72.3611
72.3611
72.3611
72.3611
72.3611
72.3611
72.3611
72.3611
72.3611
72.3611
72.3611
72.3611
72.3611
72.3611
72.3611
72.3611
72.3611
72.3611
72.3611
72.3611
72.3611
72.3611
72.3611
72.3611
72.3611
72.3611
72.3611
72.3611
72.3611
72.3611
72.3505
72.3085
72.1928
71.8353
71.8353
71.8353
71.8353
71.8353
71.8353
71.8351
71.8347
71.8324
71.826
71.8247
71.8247
71.8247
71.8247
71.8247
71.8247
71.8247
71.8247
71.8247
71.8247
71.8247
71.8247
71.8247
71.8247
71.8247
71.8247
71.8247
71.8247
71.8247
71.8247
71.8247
71.8247
71.8247
71.8247
71.8247
71.8247
71.8247
71.8247
71.8247
71.8247
71.8247
71.8247
71.8247
71.8247
71.8247
71.8247
71.8247
71.8247
71.8247
71.8247
71.8247
71.8247
71.8247
71.8247
71.8247
71.8247
71.8247
71.8247
71.8247
71.8247
71.8247
71.8247
71.8247
71.8247
71.8247
71.8247
71.8247
71.8247
71.8247
71.8247
71.8247
71.8247
71.8247
71.8247
71.8247
71.8247
71.8247
71.8247
71.81
71.8247
71.8247
71.8247
71.8247
71.8247
71.8247
71.8247
71.8247
71.8247
71.8247
71.8247
71.8247
71.8244
71.8244
71.8224
71.8195
71.812
71.8084
71.8084
71.8084
71.8084
71.8084
71.8084
71.8084
71.8084
71.8084
71.8084
71.8084
71.8084
71.8084
71.8084
71.8084
71.8084
71.8084
71.8084
71.8084
71.8084
71.8084
71.8084
71.8084
71.8084
71.8084
71.8084
71.8084
71.8084
71.8084
71.8084
71.8084
71.8084
71.8084
71.8084
71.8084
71.8084
71.8084
71.8084
71.8084
71.8082
71.8077
71.8049
71.7975
71.7975
71.7975
71.7975
71.7975
71.7975
71.7975
71.7975
71.7975
71.7975
71.7975
71.7975
71.7975
71.7975
71.7975
71.7975
71.7975
71.7975
71.7975
71.7975
71.7975
71.7893
71.7398
71.616
71.385
71.385
71.385
71.385
71.385
71.385
71.385
71.385
71.385
71.385
71.385
71.385
71.385
71.3828
71.3805
71.3828
71.3782
71.3805
71.4799
71.385
71.385
71.385
71.5454
71.385
71.385
71.385
71.3782
71.385
71.3771
71.385
71.385
71.385
71.385
71.385
71.385
71.385
71.385
71.385
71.385
71.385
71.385
71.385
71.385
71.385
71.385
71.385
71.385
71.385
71.385
71.385
71.385
71.385
71.385
71.385
71.385
71.385
71.385
71.385
71.385
71.385
71.385
71.385
71.385
71.385
71.385
71.385
71.385
71.385
71.385
71.385
71.385
71.385
71.385
71.385
71.385
71.385
71.385
71.385
71.385
71.385
71.385
71.385
71.385
71.385
71.385
71.385
71.385
71.385
71.385
71.385
71.385
71.385
71.385
71.385
71.385
71.385
71.385
71.385
71.3771
71.385
71.3658
71.385
71.385
71.385
71.385
71.385
71.385
71.385
71.385
71.385
71.385
71.3771
71.385
71.385
71.385
71.385
71.385
71.385
71.385
71.385
71.385
71.385
71.385
71.385
71.385
71.385
71.385
71.385
71.385
71.385
71.385
71.385
71.385
71.385
71.385
71.385
71.385
71.385
71.385
71.385
71.385
71.3782
71.3782
71.3782
71.3713
71.3782
71.385
71.385
71.385
71.385
71.385
71.385
71.385
71.385
71.385
71.385
71.385
71.385
71.385
71.385
71.385
71.385
71.385
71.385
71.385
71.385
71.385
71.385
71.385
71.385
71.385
71.385
71.385
71.385
71.385
71.385
71.385
71.385
71.385
71.385
71.3753
71.346
71.1997
70.8972
70.8972
70.8972
70.8972
70.8972
70.8933
70.8933
70.8972
70.8972
70.8972
70.8972
70.8972
70.8972
70.8972
70.8972
70.8972
70.8972
70.8972
70.8949
70.8972
70.8972
70.8972
70.8972
70.8972
70.8972
70.8972
70.8972
70.8972
70.8972
70.8972
70.8972
70.8972
70.8972
70.8972
70.8972
70.8972
70.8972
70.8972
70.8972
70.8972
70.8972
70.8972
70.8972
70.8972
70.8972
70.8972
70.8972
70.883
70.883
70.8972
70.8972
70.8972
70.8972
70.8972
70.8972
70.8972
70.8972
70.8972
70.8972
70.8972
70.8972
70.8972
70.8972
70.8972
70.8972
70.8972
70.8972
70.8972
70.8972
70.8972
70.8972
70.8972
70.8972
70.8972
70.8972
70.8972
70.8972
70.8972
70.8972
70.8972
70.8972
70.8972
70.8972
70.8972
70.8972
70.8972
70.8972
70.8972
70.8972
70.8972
70.8972
70.8972
70.8972
70.8972
70.8972
70.8972
70.8972
70.8972
70.8972
70.8972
70.8972
70.8972
70.8947
70.8972
70.8972
70.8972
70.8972
70.8972
70.8972
70.8972
70.8972
70.8972
70.8972
70.8972
70.8972
70.8972
70.8972
70.8972
70.8972
70.8972
70.8972
70.8972
70.8972
70.8972
70.8972
70.8972
70.8972
70.8972
70.8972
70.8972
70.8972
70.8972
70.8972
70.8972
70.8972
70.8972
70.8972
70.8972
70.8972
70.8972
70.8953
70.8972
70.8972
70.8972
70.8972
70.8972
70.8972
70.8972
70.8972
70.8972
70.8972
70.8972
70.8972
70.8972
70.8972
70.8949
70.8972
70.8972
70.8972
70.8972
70.8972
70.8779
70.8972
70.8972
70.8972
70.8972
70.8972
70.8972
70.8972
70.8972
70.8972
70.8972
70.8972
70.8972
70.8972
70.8972
70.8972
70.8972
70.8972
70.8972
70.8972
70.8972
70.8972
70.8972
70.8972
70.8972
70.8972
70.8972
70.8972
70.8972
70.8972
70.8972
70.8972
70.8972
70.8972
70.8972
70.8972
70.8972
70.8972
70.8972
70.8972
70.8972
70.8972
70.8972
70.8972
70.8972
70.8972
70.8972
70.8972
70.8972
70.8972
70.8972
70.8972
70.8972
70.8972
70.8972
70.8972
70.8972
70.8972
70.8972
70.8972
70.8972
70.8972
70.8972
70.8972
70.8972
70.8972
70.8972
70.8972
70.8972
70.8972
70.8972
70.8972
70.8972
70.8972
70.8972
70.8972
70.8972
70.8972
70.8972
70.8972
70.8972
70.8972
70.8972
70.8972
70.8972
70.8972
70.8972
70.8972
70.8972
70.8972
70.8972
70.8972
70.8972
70.8972
70.8972
70.8972
70.8972
70.8972
70.8972
70.8972
70.8972
70.8972
70.8972
70.8972
70.8972
70.8972
70.8972
70.8972
70.8972
70.8972
70.8972
70.8972
70.8972
70.8972
70.8972
70.8972
70.8972
70.8972
70.8972
70.8972
70.8972
70.8972
70.8972
70.8972
70.8972
70.8972
70.8972
70.8972
70.8972
70.8972
70.8972
70.8972
70.8972
70.8972
70.8972
70.8972
70.8972
70.8972
70.8972
70.8972
70.8972
70.8972
70.8972
70.8972
70.8972
70.8972
70.8972
70.8972
70.8779
70.8779
70.8779
70.8779
70.8972
70.8972
70.8972
70.8972
70.8972
70.8972
70.8972
70.8972
70.8972
70.8972
70.8972
70.8972
70.8972
70.8972
70.8972
70.8972
70.8972
70.8972
70.8972
70.8972
70.8972
70.8972
70.8972
71.0519
70.8972
70.8972
70.8972
70.8972
70.8972
70.8972
70.8972
70.8972
70.8972
70.8972
70.8972
70.8972
70.8972
70.8761
71.9462
70.8972
70.8972
70.8972
70.8972
70.8972
70.8972
70.8972
70.8972
70.8972
70.8972
70.8972
70.8972
70.8972
70.8972
70.8972
70.8972
70.8972
70.8972
70.8972
70.8972
70.8972
70.8972
70.8972
70.8972
70.8972
70.8972
70.8972
70.8972
70.8972
70.8972
70.8972
70.8972
70.8972
70.8972
70.8972
70.8972
70.8925
70.8859
70.883
70.85
70.7415
70.6613
70.6613
70.6613
70.6613
70.6613
70.6613
70.6613
70.6613
70.6613
70.6613
70.6613
70.6613
70.6613
70.6613
70.6613
70.6613
70.6613
70.6613
70.6613
70.6613
70.6613
70.6613
70.6613
70.6613
70.6613
70.6613
70.6613
70.6591
70.6613
70.6613
70.6613
70.6613
70.6613
70.6613
70.6613
70.6613
70.6613
70.6613
70.6613
70.6613
70.6613
70.6613
70.6613
70.6613
70.6613
70.6613
70.6613
70.6613
70.6613
70.6613
70.6613
70.6574
70.6613
70.6613
70.6613
70.6613
70.6613
70.6613
70.6613
70.6613
70.6613
70.6471
70.6613
70.6613
70.6613
70.6613
70.6613
70.6613
70.6613
70.6613
70.6613
70.6613
70.6613
70.6613
70.6613
70.6613
70.6613
70.6613
70.6613
70.6613
70.6613
70.6613
70.6613
70.6613
70.66
70.66
70.6587
70.6574
70.6508
70.6272
70.593
70.5957
70.5957
70.5957
70.5957
70.5957
70.5957
70.5957
70.5957
70.5957
70.5957
70.5957
70.5957
70.5957
70.5957
70.5957
70.5957
70.5957
70.5957
70.5957
70.5917
70.5917
70.5917
70.5917
70.5917
70.5917
70.5839
70.5917
70.5957
70.5957
70.5956
70.5952
70.5941
70.5919
70.5908
70.5908
70.5908
70.5908
70.5908
70.5908
70.5908
70.5908
70.5908
70.5908
70.5908
70.5908
70.5908
70.5908
70.5908
70.5908
70.5908
70.5908
70.5908
70.5908
70.5908
70.5885
70.5862
70.5839
70.5908
70.5908
70.5908
70.5908
70.5908
70.5908
70.5908
70.5908
70.5908
70.5908
70.5676
70.5523
70.5908
70.5908
70.5908
70.5908
70.5908
70.5908
70.5908
70.5908
70.5908
70.5908
70.5908
70.5908
70.5908
70.5908
70.5908
70.5908
70.5885
70.5908
70.5908
70.5908
70.5908
70.5908
70.5908
70.5908
70.5908
70.5908
70.5908
70.5908
70.5908
70.5908
70.5908
70.5908
70.5908
70.5908
70.5908
70.5908
70.5908
70.5908
70.5908
70.5908
70.5908
70.5908
70.5908
70.5908
70.5908
70.5908
70.5908
70.5908
70.5908
70.5908
70.5908
70.5908
70.5908
70.5908
70.5908
70.5908
70.5908
70.5908
70.5908
70.5908
70.5908
70.5908
70.5908
70.5908
70.5908
70.5908
70.5908
70.5908
70.5908
70.5908
70.5908
70.5908
70.5908
70.5908
70.5908
70.5908
70.5908
70.5908
70.5908
70.5908
70.5908
70.5908
70.5908
70.5839
70.5701
70.5839
70.5908
70.5908
70.5908
70.5908
70.5908
70.5908
70.5908
70.5908
70.5908
70.5908
70.5908
70.5908
70.5829
70.5829
70.5829
70.5591
70.5354
70.7782
70.385
70.1954
70.1954
70.1954
70.1954
70.1954
70.1954
70.1954
70.1954
70.1954
70.1954
70.1954
70.1954
70.1954
70.1954
70.1954
70.1954
70.1954
70.1954
70.1954
70.1954
70.1954
70.1954
70.1954
70.1954
70.1954
70.1954
70.1954
70.1954
70.1954
70.1954
70.1954
70.1954
70.1954
70.1954
70.1954
70.1954
70.1954
70.1954
70.1954
70.1954
70.1954
70.1954
70.1954
70.1954
70.1954
70.1954
70.1954
70.1954
70.1954
70.1954
70.1954
70.1954
70.1954
70.1954
70.1954
70.1954
70.1954
70.1954
70.1954
70.1954
70.1954
70.1954
70.1954
70.1954
70.1954
70.1954
70.1954
70.1954
70.1954
70.1954
70.1924
70.1894
70.1742
70.1591
70.9615
70.0441
70.0441
70.0441
70.0441
70.0441
70.0441
70.0441
70.0441
70.0441
70.0441
70.0418
70.0418
70.0441
70.0441
70.0441
70.0441
70.0441
70.0441
70.0372
70.0441
70.0441
70.0441
70.0441
70.0441
70.0441
70.0441
70.0441
70.0441
70.0441
70.0441
70.0441
70.0441
70.0441
70.0441
70.0441
70.0441
70.0441
70.0441
70.0441
70.0441
70.0441
70.0441
70.0441
70.0441
70.0441
70.0441
70.0441
70.0441
70.0441
70.0441
70.0441
70.0441
70.0441
70.0441
70.0441
70.0441
70.0441
70.0441
70.0441
70.0441
70.0441
70.0441
70.0441
70.0441
70.0441
70.0441
70.0441
70.0441
70.0414
70.0441
70.0441
70.0441
70.0441
70.0441
70.0441
70.0441
70.0441
70.0441
70.0441
70.0441
70.0441
70.0441
70.0441
70.0418
70.035
70.035
70.0736
70.0395
70.0395
70.0372
70.0372
70.0372
70.0418
70.0418
70.0395
70.0611
70.0441
70.0441
70.0441
70.0441
70.0441
70.0441
70.0441
70.0441
70.0441
70.0441
70.0441
70.0441
70.0441
70.0441
70.0441
70.0441
70.0441
70.0441
70.0441
70.0441
70.0441
70.0441
70.0441
70.0441
70.0418
70.0441
70.0441
70.0441
70.0441
70.0441
70.0441
70.0441
70.0441
70.0441
70.0441
70.0441
70.0441
70.0441
70.0441
70.0441
70.0441
70.0441
70.0441
70.0441
70.0401
70.0441
70.0441
70.0441
70.0441
70.0441
70.0441
70.0441
70.0441
70.0441
70.0441
70.0441
70.0441
70.0441
70.0441
70.0441
70.0441
70.0441
70.0441
70.0441
70.0441
70.0441
70.0441
70.0441
70.0441
70.0441
70.0441
70.0441
70.0441
70.0441
70.0441
70.0441
70.0441
70.0441
70.0441
70.0441
70.0441
70.0441
70.0441
70.0441
70.0441
70.0441
70.0441
70.0441
70.0441
70.0441
70.0441
70.0441
70.0441
70.0441
70.0441
70.0441
70.0441
70.0441
70.0441
70.0441
70.0441
70.0441
70.0441
70.0441
70.0441
70.0441
70.0441
70.0441
70.0441
70.0441
70.0232
70.0024
69.94
69.7943
69.352
69.0035
69.0035
69.0035
69.0035
69.0035
69.0035
69.0035
69.0035
69.0035
69.0035
69.0035
69.0035
69.0035
69.0035
69.0035
69.0035
69.0035
69.0035
69.0035
69.0035
69.0035
69.0035
69.0035
69.0035
69.0035
69.0035
69.0035
69.0035
69.0035
69.0035
69.0035
69.0035
69.0035
69.0035
69.0035
69.0035
69.0035
69.0035
69.0035
69.0012
69.0035
69.0035
69.0035
69.0035
69.0035
69.0035
69.0035
69.0035
69.0035
69.0035
69.0035
69.0035
69.0035
69.0035
69.0035
69.0035
69.0035
69.0035
69.0035
69.0035
69.0035
69.0035
69.0035
69.0035
69.0035
69.0035
69.0035
69.0035
69.0035
69.0035
69.0035
69.0035
69.0035
69.0035
68.9964
69.1949
69.0035
69.0035
69.0035
69.0035
69.0035
69.0035
69.0035
69.0035
69.0035
69.0035
69.0035
69.0035
69.0035
69.0035
69.0035
69.0035
69.0035
69.0035
69.0035
68.9964
68.9964
68.9894
68.9894
68.9683
69.8254
70.3714
73.5223
68.9894
68.9964
68.9964
68.9894
68.9753
68.926
69.0024
68.6514
68.6514
68.6514
68.6514
68.6514
68.6514
68.6514
68.6514
68.6514
68.6514
68.6514
68.6514
68.6514
68.6514
68.6514
68.6514
68.6514
68.6514
68.6514
68.6514
68.6514
68.6514
68.6514
68.6514
68.6514
68.6514
68.6514
68.6514
68.6514
68.6514
68.6514
68.6514
68.6514
68.6514
68.6514
68.6514
68.6514
68.6514
68.6514
68.6514
68.6514
68.6514
68.6514
68.6514
68.6514
68.6514
68.6514
68.6514
68.6514
68.6514
68.6514
68.6514
68.6514
68.6514
68.6514
68.6514
68.6514
68.6514
68.6514
68.6514
68.6514
68.6514
68.6514
68.6514
68.6514
68.6514
68.6474
68.6514
68.6514
68.6514
68.6514
68.6514
68.6514
68.6514
68.6514
68.6514
68.6514
68.6514
68.6514
68.6514
68.6514
68.6514
68.6514
68.6514
68.6514
68.6514
68.6514
68.6514
68.6514
68.6514
68.6514
68.6514
68.6514
68.6514
68.6514
68.6514
68.6514
68.6514
68.6514
68.6514
68.6514
68.6514
68.6445
68.6514
68.6514
68.6514
68.6514
68.6514
68.6514
68.6514
68.6514
68.6514
68.6514
68.6514
68.6514
68.6514
68.6514
68.6514
68.6514
68.6514
68.6514
68.6514
68.6514
68.6514
68.6514
68.6514
68.6514
68.6514
68.6514
68.6514
68.6514
68.6514
68.6514
68.6514
68.6514
68.6514
68.6514
68.6514
68.6514
68.6514
68.6514
68.6514
68.6514
68.6514
68.6514
68.6514
68.6514
68.6514
68.6495
68.6514
68.6514
68.6514
68.6514
68.6514
68.6514
68.6514
68.6514
68.6514
68.6514
68.6514
68.6514
68.6514
68.6514
68.6514
68.6514
68.6514
68.6514
68.6514
68.6514
68.6514
68.6514
68.6514
68.6514
68.6514
68.6514
68.6514
68.6514
68.6514
68.6514
68.6474
68.6514
68.6514
68.6514
68.6514
68.6514
68.6514
68.6514
68.6514
68.6514
68.6474
68.6474
68.6474
68.6514
68.6514
68.6514
68.6514
68.6514
68.6514
68.6514
68.6514
68.6514
68.6514
68.6514
68.6514
68.6514
68.6514
68.6514
68.6514
68.6514
68.6514
68.6514
68.6514
68.6514
68.6514
68.6514
68.6514
68.6514
68.6514
68.6514
68.6514
68.6514
68.6514
68.6514
68.6514
68.6514
68.6514
68.6514
68.6514
68.6514
68.6514
68.6514
68.6514
68.6514
68.6514
68.6514
68.6514
68.643
68.6346
68.6095
68.5594
68.9365
68.2331
68.2331
68.2331
68.2331
68.3549
68.2331
68.2331
68.2331
68.2331
68.2331
68.2331
68.2331
68.2331
68.2331
68.2331
68.2331
68.2331
68.2331
68.2331
68.2331
68.2331
68.2331
68.2331
68.2331
68.2331
68.2331
68.2331
68.2331
68.2331
68.2331
68.2331
68.2331
68.2331
68.2331
68.2331
68.2331
68.2331
68.2331
68.2331
68.2331
68.2331
68.2331
68.2331
68.2331
68.2331
68.2331
68.2331
68.2331
68.2331
68.2331
68.6915
68.2331
69.7474
68.2331
72.3887
68.8557
72.0618
73.3951
75.0082
72.4733
68.2331
68.2331
68.2331
68.2331
68.2331
68.2331
68.2331
68.2331
68.2331
68.2331
68.2331
68.2331
68.2331
68.2331
68.2331
68.2331
68.2331
68.2331
68.2331
68.2331
68.2331
68.2331
68.2331
68.2331
68.2331
68.2331
68.2331
68.2331
68.2331
68.2331
68.2331
68.2331
68.2331
68.2331
68.2331
68.2331
68.2331
68.2331
68.2331
68.2331
68.2331
68.2331
68.2331
68.2331
68.2331
68.2331
68.2331
68.2331
68.2331
68.2331
68.2331
68.2331
68.2331
68.2331
68.2331
68.2331
68.2331
68.2331
68.2331
68.2331
68.2331
68.2331
68.2331
68.2331
68.2331
68.2331
68.2331
68.2331
68.2296
68.2331
68.2331
68.2331
68.2331
68.2331
68.2331
68.2331
68.2331
68.2331
68.2331
68.2331
68.2331
68.2331
68.2331
68.2331
68.2331
68.2331
68.2331
68.2331
68.2331
68.2331
68.2331
68.2331
68.2331
68.2331
68.2331
68.2331
68.2331
68.2331
68.2331
68.2331
68.2331
68.2331
68.2331
68.2331
68.2331
68.2331
68.2331
68.2331
68.2331
68.2331
68.2299
68.2237
68.2174
68.1861
68.0819
68.0354
67.9635
67.8096
67.5632
67.5632
67.5632
67.5632
67.5632
67.5632
67.5632
67.5632
67.5632
67.5632
67.5632
67.5632
67.5632
67.5632
67.5632
67.5632
67.5632
67.5632
67.5632
67.5632
67.5632
67.5632
67.5632
67.5632
67.5632
67.5632
67.5632
67.5632
67.5632
67.5632
67.5632
67.5632
67.5632
67.5632
67.5632
67.5632
67.5632
67.5632
67.5632
67.5632
67.5632
67.5632
67.5632
67.5632
67.5632
67.5632
67.5632
67.5632
67.5632
67.5632
67.5632
67.5632
67.5632
67.5632
67.5632
67.5632
67.5632
67.5632
67.5632
67.5632
67.5632
67.5632
68.5694
67.5632
67.5632
67.5632
67.5613
67.5613
67.5632
67.5632
67.5632
67.5632
67.5632
67.5632
67.5632
67.5632
67.5632
67.5632
67.5632
67.5632
67.5632
67.5632
67.5632
67.5632
67.5632
67.5632
67.5598
67.5598
67.5461
67.505
67.4023
67.392
67.392
67.392
67.392
67.392
67.392
67.392
67.392
67.392
67.392
67.392
67.392
67.392
67.392
67.392
67.392
67.392
67.392
67.392
67.392
67.392
67.392
67.392
67.392
67.392
67.3915
67.391
67.3896
67.3844
67.3682
67.3682
67.3682
67.3682
67.3682
67.3682
67.3682
67.3682
67.3682
67.3682
67.3682
67.3682
67.3682
67.3682
67.3682
67.3682
67.3682
67.3682
67.3682
67.3682
67.3682
67.3682
67.3682
67.3682
67.3682
67.3682
67.3682
67.3682
67.3682
67.3682
67.3682
67.3682
67.3682
67.3682
67.3682
67.3682
67.3682
67.3682
67.3682
67.3682
67.3682
67.3682
67.3682
67.3682
67.3682
67.3682
67.3682
67.3682
67.3682
67.3682
67.3682
67.3682
67.3682
67.3682
67.3682
67.3682
67.3682
67.3682
67.3682
67.3682
67.3682
67.3682
67.3682
67.3682
67.3682
67.3682
67.3682
67.3682
67.3682
67.3682
67.3682
67.3682
67.3682
67.3682
67.3682
67.3682
67.3682
67.3682
67.3682
67.3682
67.3682
67.3682
67.3682
67.3682
67.3682
67.3682
67.3682
67.3682
67.3682
67.3682
67.3682
67.3682
67.3682
67.3682
67.3682
67.3682
67.3682
67.4075
67.3682
67.3682
67.3682
67.3682
67.3682
67.3682
67.3682
67.3682
67.3682
67.3682
67.3682
67.3682
67.3682
67.3682
67.3682
67.3682
67.3682
67.3682
67.3682
67.3682
67.3682
67.3682
67.3682
67.3682
67.3682
67.3682
67.3682
67.3682
67.3682
67.3682
67.3682
67.3682
67.3682
67.3682
67.3682
67.3682
67.3682
67.3682
67.1819
67.2867
67.3682
67.3682
67.3682
67.3682
67.3682
67.3682
67.3682
67.3682
67.3682
67.3682
67.3682
67.3682
67.3682
67.3682
67.3682
67.3682
67.3682
67.3682
67.3682
67.3682
67.3682
67.3682
67.3682
67.3682
67.3682
67.3682
67.3682
67.3682
67.3655
67.3521
67.32
67.2612
67.2345
67.2345
67.2345
67.2345
67.2345
67.2345
67.2305
67.2266
67.2305
67.2345
67.2345
67.2345
67.2345
67.2345
67.2345
67.2276
67.2276
67.2138
67.4428
67.1725
68.4027
67.2561
66.8902
66.8902
66.8902
66.8902
66.8902
66.8902
66.8902
66.8902
66.9324
66.8902
66.8902
66.8902
66.8902
66.8902
66.8902
66.8902
66.8902
66.8902
66.8902
66.8902
66.8902
66.8902
66.8902
66.8902
66.8902
66.8902
66.8902
66.8902
66.8902
66.8902
66.8902
66.8902
66.8902
66.8902
66.8902
66.8902
66.8902
66.8902
66.8902
66.8902
66.8902
66.8902
66.8902
66.8902
66.8902
66.8847
66.8792
66.8681
66.8351
66.7358
66.6146
66.6146
66.6123
66.61
66.6123
66.6146
66.6146
66.6146
66.6146
66.6146
66.6146
66.6146
66.6146
66.6146
66.6146
66.6146
66.6146
66.6146
66.6146
66.6146
66.606
66.5975
66.5746
66.4623
66.2233
66.1878
66.1878
66.1878
66.1878
66.1878
66.1878
66.1878
66.1878
66.1878
66.1878
66.1878
66.1878
66.1878
66.1878
66.1878
66.1878
66.1878
66.1878
66.1878
66.1878
66.1878
66.1878
66.1878
66.1878
66.1878
66.1878
66.1878
66.1878
66.1878
66.1878
66.1878
66.1878
66.1878
66.1878
66.1878
66.1878
66.1878
66.1878
66.1878
66.1878
66.1878
66.1878
66.1878
66.1878
66.1878
66.1878
66.1878
66.1878
66.1878
66.1878
66.1878
66.1878
66.1878
66.1878
66.1878
66.1878
66.1878
66.1878
66.1878
66.1878
66.1878
66.1878
66.1878
66.1878
66.1878
66.1878
66.1878
66.1878
66.1878
66.1878
66.1878
66.1878
66.1878
66.1878
66.1878
66.1878
66.1878
66.1878
66.1878
66.1878
66.1878
66.1878
66.1878
66.1878
66.1878
66.1878
66.1878
66.1878
66.1878
66.1878
66.1878
66.1878
66.1855
66.1855
66.1855
66.1878
66.1878
66.1878
66.1878
66.1878
66.1878
66.1878
66.1878
66.1878
66.1878
66.1878
66.1878
66.1878
66.1878
66.1878
66.1878
66.1878
66.1878
66.1878
66.1878
66.1878
66.1878
66.1878
66.1878
66.1878
66.1878
66.1878
66.1878
66.1878
66.1878
66.1878
66.1878
66.1878
66.1878
66.1878
66.1878
66.1878
66.1878
66.1878
66.1878
66.1878
66.1878
66.1878
66.1878
66.1878
66.1878
66.1878
66.1878
66.1878
66.1878
66.1878
66.1878
66.1878
66.1878
66.1878
66.1878
66.1878
66.1878
66.1878
66.1878
66.1878
66.1878
66.1878
66.1878
66.1878
66.1878
66.1878
66.1878
66.1878
66.1878
66.1878
66.1878
66.1878
66.1878
66.1878
66.1878
66.1878
66.1878
66.1878
66.1878
66.1878
66.1878
66.1878
66.1878
66.1878
66.1878
66.1878
66.1878
66.1878
66.1878
66.1878
66.1878
66.1878
66.1878
66.1878
66.1878
66.1878
66.1878
66.1572
66.1572
66.0961
66.0961
66.1267
66.1878
66.1878
66.1878
66.1878
66.1878
66.1878
66.1878
66.1878
66.1878
66.1878
66.1878
66.1878
66.1878
66.1878
66.1878
66.1855
66.1855
66.1764
66.3379
66.1878
66.1878
66.1878
66.1855
66.1878
66.1878
66.1878
66.1878
66.1878
66.1878
66.1878
66.1878
66.1878
66.1878
66.1878
66.1878
66.1878
66.1878
66.1878
66.1878
66.1878
66.1878
66.1878
66.1878
66.1878
66.1878
66.1878
66.1878
66.1878
66.1878
66.1878
66.1878
66.1878
66.1878
66.1878
66.1878
66.1878
66.1878
66.1878
66.1878
66.1878
66.1878
66.1878
66.1878
66.1878
66.1878
66.187
66.187
66.1853
66.1845
66.1722
66.1487
66.1443
66.1466
66.1466
66.1466
66.1466
66.1466
66.1466
66.1466
66.1466
66.1466
66.1466
66.1466
66.1466
66.1466
66.1466
66.1466
66.1466
66.1466
66.1466
66.1466
66.1466
66.1466
66.1466
66.1466
66.1466
66.1466
66.1466
66.1466
66.1466
66.1443
66.1466
66.116
66.116
66.1466
66.1466
66.1466
66.1466
66.1466
66.1466
66.1466
66.1466
66.1466
66.1466
66.1466
66.1466
66.1466
66.1466
66.1466
66.1466
66.1466
66.1466
66.1466
66.1466
66.1466
66.1466
66.1466
66.1466
66.1466
66.1466
66.1466
66.1466
66.1466
66.1466
66.1466
66.1466
66.1466
66.1466
66.1466
66.1466
66.1466
66.1466
66.1466
66.1466
66.1466
66.1466
66.1466
66.1466
66.1466
66.1466
66.1466
66.1466
66.1466
66.1466
66.1466
66.1466
66.1466
66.1466
66.1466
66.1466
66.1466
66.1466
66.1466
66.1466
66.1466
66.1466
66.1466
66.1466
66.1466
66.1466
66.1466
66.1466
66.1466
66.1466
66.1466
66.1466
66.1466
66.1466
66.1466
66.1466
66.1466
66.1466
66.1466
66.1466
66.1466
66.1466
66.1466
66.1466
66.1466
66.1466
66.1466
66.1466
66.1466
66.1466
66.1466
66.1443
66.1443
66.1466
66.1466
66.1466
66.1466
66.1466
66.1466
66.1466
66.1466
66.1466
66.1466
66.1466
66.1466
66.1443
66.1443
66.1466
66.1466
66.1466
66.1466
66.1466
66.1466
66.1466
66.1466
66.1466
66.1466
66.1466
66.1466
66.1466
66.1466
66.1466
66.1466
66.1466
66.1466
66.1466
66.1466
66.1466
66.1466
66.1466
66.1466
66.1466
66.1466
66.1466
66.1466
66.1466
66.1466
66.1466
66.1466
66.1466
66.1466
66.1466
66.1466
66.1466
66.1466
66.1443
66.1466
66.1466
66.1466
66.1466
66.1466
66.1466
66.1466
66.1466
66.1466
66.1466
66.1466
66.1466
66.1466
66.1466
66.1466
66.1466
66.1466
66.1466
66.1466
66.1466
66.1466
66.1466
66.1466
66.1466
66.1466
66.1466
66.1466
66.1466
66.1466
66.1466
66.1466
66.1466
66.1466
66.1466
66.1406
66.1406
66.1311
66.1202
66.1145
66.0726
66.0233
66.0233
66.0233
66.0233
66.0233
66.0233
66.0233
66.0233
66.0233
66.0233
66.0233
66.0233
66.0233
66.0233
66.0233
66.0233
66.0233
66.0233
66.0233
66.0233
66.0233
66.0233
66.0233
66.0233
66.0233
66.0233
66.0233
66.0233
66.0233
66.0233
66.0233
66.0233
66.0233
66.0233
66.0233
66.0233
66.0233
66.0233
66.0233
66.0233
66.0233
66.0233
66.0233
66.0233
66.0233
66.0233
66.0233
66.0233
66.0233
66.0233
66.0233
66.0233
66.0233
66.0233
66.0233
66.0233
66.0233
66.0233
66.0233
66.0233
66.0233
66.0233
66.0233
66.0233
66.0233
66.0193
66.0233
66.0193
66.0193
66.0154
66.021
66.0233
66.0233
66.0233
66.0233
66.0233
66.0233
66.0233
66.0233
66.0233
66.0233
66.0233
66.0233
66.0233
66.0233
66.0233
66.0233
66.0233
66.0233
66.0233
66.0233
66.0233
66.0233
66.0233
66.0233
66.0233
65.9927
65.9621
65.8704
65.6564
68.0424
64.4945
64.4945
64.4945
64.4945
64.4945
64.4945
64.4945
64.4945
64.4945
64.4945
64.4945
64.4945
64.4945
64.4945
64.4945
64.4945
64.4945
64.4945
64.4945
64.4945
64.4945
64.4945
64.4945
64.4945
64.4945
64.4945
64.4945
64.4945
64.4945
64.4945
64.4945
64.4945
64.4945
64.4945
64.4945
64.4945
64.4945
64.4945
64.485
64.4656
64.3426
64.1328
64.1328
64.1328
64.1328
64.1305
64.1283
64.1305
64.1305
64.1311
64.1328
64.1328
64.1328
64.1328
64.1328
64.1328
64.1328
64.1328
64.1328
64.1328
64.1328
64.1328
64.1328
64.1328
64.1328
64.1328
64.1328
64.1328
64.1328
64.1328
64.1328
64.1328
64.1328
64.1328
64.1328
64.1328
64.1328
64.1328
64.1328
64.1328
64.1328
64.1328
64.1328
64.1328
64.1328
64.1328
64.1328
64.1328
64.1328
64.1328
64.1328
64.1328
64.1328
64.1328
64.1328
64.1328
64.1328
64.1328
64.1328
64.1328
64.1328
64.1328
64.1328
64.1328
64.1328
64.1328
64.1328
64.1328
64.1328
64.1328
64.1328
64.1328
64.1328
64.1328
64.1328
64.1328
64.1328
64.1328
64.1328
64.1328
64.1328
64.1328
64.1328
64.1328
64.1289
64.1328
64.1328
64.1328
64.1328
64.1328
64.1328
64.1328
64.1328
64.1328
64.1328
64.1328
64.1328
64.1328
64.1328
64.1328
64.1328
64.1328
64.1328
64.1328
64.1328
64.1328
64.1328
64.1328
64.1328
64.1328
64.1328
64.1328
64.1328
64.1328
64.1328
64.1328
64.1328
64.1328
64.1328
64.1328
64.1328
64.1328
64.1328
64.1328
64.1328
64.1309
64.123
64.0975
64.0346
64.0346
64.0346
64.0346
64.0346
64.0346
64.0346
64.0346
64.0346
64.0346
64.0346
64.0346
64.0346
64.0346
64.0346
64.0346
64.0346
64.0346
64.0346
64.0346
64.0346
64.0346
64.0346
64.0346
64.0346
64.0346
64.0346
64.0346
64.0346
64.0346
64.0346
64.0346
64.0346
64.0346
64.0346
64.0346
64.0346
64.0346
64.0346
64.0346
64.0346
64.0346
64.0346
64.0346
64.0346
64.0346
64.0346
64.0346
64.0346
64.0346
64.0346
64.0346
64.0346
64.0346
64.0346
64.0346
64.0346
64.0346
64.0346
64.0346
64.0346
64.0346
64.0346
64.0346
64.0346
64.0346
64.0346
64.0346
64.0346
64.0346
64.0324
64.0278
64.021
65.2346
65.5156
64.0129
77.6223
64.0051
64.538
63.9209
63.9209
63.9209
63.9209
63.9209
63.9209
63.9209
63.9209
63.9209
63.9209
63.9209
63.9209
63.9209
63.9209
63.9209
63.9209
63.9209
63.9209
63.9209
63.9209
63.9209
63.9209
63.9209
63.9209
63.9209
63.9209
63.9209
63.9209
63.9209
63.9209
63.9209
63.9209
63.9209
63.9209
63.9209
63.9209
63.9209
63.9209
63.9209
63.9209
63.9209
63.9209
63.9209
63.9209
63.9209
63.9209
63.9209
63.9209
63.9209
63.9209
63.9209
63.9209
63.9209
63.9209
63.9209
63.9209
63.9209
63.9209
63.9209
63.9209
63.9209
63.9209
63.9169
63.913
63.9209
63.9209
63.9209
63.9209
63.9209
63.9209
63.9209
63.9209
63.9209
63.9209
63.9209
63.9209
63.9209
63.9209
63.9209
63.9209
63.9209
63.9209
63.9209
63.9209
63.9209
63.9209
63.9209
63.9209
63.9209
63.9209
63.9209
63.9209
63.9209
63.9209
63.9209
63.9209
63.9209
63.9209
63.9209
63.9209
63.9209
63.9209
63.9209
63.9209
63.9209
63.9209
63.9209
63.9209
63.9209
63.9209
63.9209
63.9209
63.9209
63.9209
63.9209
63.9209
63.9209
63.9209
63.9209
63.9169
63.913
63.9169
63.9209
63.9209
63.9209
63.9209
63.9209
63.9209
63.9209
63.9209
63.9209
63.9209
63.9209
63.9209
63.9209
63.9209
63.9209
63.9209
63.9209
63.9209
63.9209
63.9209
63.9209
63.9209
63.9209
63.9209
63.9209
63.9209
63.9209
63.9209
63.9209
63.9209
63.9209
63.9209
63.9209
63.9209
63.9209
63.9209
63.9209
63.9209
63.9209
63.9209
63.9209
63.9209
63.9209
63.9209
63.9209
63.9209
63.9209
63.9209
63.9209
63.9209
63.9209
63.9209
63.9209
63.9209
63.9209
63.9209
63.9209
63.9209
63.9209
63.9209
63.9209
63.9209
63.9209
63.9209
63.9209
63.9209
63.9209
63.9209
63.9209
63.9209
63.9209
63.9209
63.9209
63.9209
63.9209
63.9209
63.9209
63.9209
63.9209
63.9209
63.9209
63.9209
63.9209
63.9209
63.9209
63.9209
63.9173
63.9173
63.9173
63.9209
63.9209
63.9209
63.9209
63.9209
63.9209
63.9209
63.9209
63.9209
63.9209
63.9209
63.9209
63.9209
63.9209
63.9209
63.9209
63.9209
63.9209
63.9209
63.9209
63.9209
63.9209
63.9209
63.9209
63.9209
63.9209
63.9209
63.9209
63.9209
63.9209
63.9209
63.9209
63.9209
63.9209
63.9209
63.9209
63.9209
63.9209
63.9209
63.9209
63.9209
63.9209
63.9209
63.9209
63.9209
63.9209
63.9209
63.9209
63.9209
63.9209
63.9209
63.9209
63.9209
63.9209
63.9209
63.9209
63.9209
63.9209
63.9209
63.9209
63.9209
63.9209
63.9209
63.9209
63.9209
63.9209
63.9209
63.9209
63.9209
63.9209
63.9209
63.9209
63.9209
63.9209
63.9209
63.9209
63.9209
63.9209
63.9209
63.9209
63.9209
63.9209
63.9209
63.9209
63.9209
63.9209
63.9209
63.9209
63.9209
63.9209
63.9209
63.9209
63.9209
63.9209
63.9209
63.9209
63.9209
63.9209
63.9209
63.9209
63.9209
63.9209
63.9209
63.9209
63.9209
63.9209
63.9209
63.9209
63.9209
63.9209
63.9209
63.9209
63.9209
63.9209
63.9209
63.9209
63.9209
63.9209
63.9209
63.9209
63.9209
63.9209
63.9209
63.9209
63.9209
63.9209
63.9209
63.9209
63.9209
63.9209
63.9209
63.9209
63.9209
63.9209
63.9209
63.9209
63.9209
63.9209
63.9209
63.9209
63.9209
63.9209
63.9209
63.9209
63.9209
63.9209
63.9209
63.9209
63.9209
63.9209
63.9209
63.9209
63.9209
63.9209
63.9209
63.9209
63.9209
63.9209
63.9209
63.9209
63.9209
63.9209
63.9209
63.9209
63.9209
63.9209
63.9209
63.9209
63.9209
63.9209
63.9209
63.9209
63.9209
63.9209
63.9209
63.9209
63.9209
63.9209
63.9209
63.9209
63.9209
63.9209
63.9209
63.9209
63.9099
63.8554
63.6699
63.3753
63.3753
63.3753
63.3753
63.3753
63.3753
63.3753
63.3753
63.3753
63.3753
63.3753
63.3753
63.3753
63.3753
63.3753
63.3753
63.3753
63.3753
63.3753
63.3753
63.3753
63.3753
63.3753
63.3753
63.3753
63.3753
63.3753
63.3753
63.3753
63.3753
63.3753
63.3753
63.3753
63.3753
63.3753
63.3753
63.3753
63.3753
63.3753
63.3753
63.3753
63.3753
63.3753
63.3753
63.3753
63.3753
63.3753
63.3753
63.3753
63.3753
63.3753
63.3753
63.3753
63.3753
63.3753
63.3753
63.3753
63.3753
63.3753
63.3753
63.3753
63.3753
63.3753
63.3714
63.3714
63.3675
63.3753
63.3753
63.3753
63.3753
63.3753
63.3753
63.3753
63.3753
63.3753
63.3753
63.3753
63.3753
63.3753
63.3753
63.3753
63.3753
63.3753
63.3753
63.3753
63.3753
63.3753
63.3753
63.3753
63.3753
63.3753
63.3753
63.3753
63.3753
63.3753
63.3753
63.3753
63.3753
63.3753
63.3753
63.3753
63.3753
63.3753
63.3753
63.3753
63.3753
63.3753
63.3753
63.3753
63.3753
63.3753
63.3753
63.3753
63.3753
63.3753
63.3753
63.3753
63.3753
63.3753
63.3753
63.3753
63.3753
63.3753
63.3718
63.3718
63.3718
63.3753
64.9731
63.3714
63.3753
63.3753
63.3753
63.3753
63.3753
63.3753
63.3753
63.3753
63.3753
63.3753
63.3753
63.3753
63.3753
63.3753
63.3753
63.3753
63.3753
63.3753
63.3714
63.3635
63.3714
63.3753
63.3753
63.3753
63.3753
63.3753
63.3753
63.3753
63.3753
63.3753
63.3753
63.3753
63.3753
63.3753
63.3753
63.3753
63.3753
63.3753
63.3753
63.3753
63.3753
63.3753
63.3753
63.3753
63.3753
63.3753
63.3753
63.3753
63.3753
63.3753
63.3753
63.3753
63.3753
63.3753
63.3753
63.3753
63.3753
63.3753
63.3753
63.3753
63.3753
63.3753
63.3753
63.3753
63.3753
63.3753
63.3753
63.3753
63.3753
63.3753
63.3753
63.3753
63.3753
63.3753
63.3753
63.3753
63.3753
63.3753
63.3753
63.3753
63.3753
63.3753
63.3753
63.3753
63.3753
63.3753
63.3753
63.3753
63.3753
63.3753
63.3753
63.3753
63.3753
63.3753
63.3753
63.3753
63.3753
63.3753
63.3753
63.3753
63.3753
63.3753
63.3753
63.3753
63.3753
63.3753
63.3753
63.3753
63.3753
63.3753
63.3753
63.3753
63.3753
63.3753
63.3753
63.3753
63.3753
63.3753
63.3753
63.3753
63.3753
63.3753
63.3753
63.3753
63.3753
63.3753
63.3753
63.3753
63.3753
63.3753
63.3753
63.3753
63.3753
63.3753
63.3753
63.3753
63.3753
63.3753
63.3753
63.3753
63.3753
63.3753
63.3753
63.3753
63.3753
63.3753
63.3753
63.3753
63.3753
63.3753
63.3753
63.3753
63.3753
63.3753
63.3753
63.3753
63.3714
63.3714
63.3753
63.3753
63.3753
63.3753
63.3753
63.3753
63.3753
63.3753
63.3753
63.3753
63.3753
63.3753
63.3753
63.3753
63.3714
63.3753
63.3753
63.3753
63.3753
63.3753
63.3753
63.3753
63.3753
63.3753
63.3753
63.3753
63.3753
63.3753
63.3753
63.3753
63.3753
63.3753
63.3753
63.3753
63.3753
63.3753
63.3753
63.3753
63.3753
63.3753
63.3753
63.3753
63.3753
63.3753
63.3753
63.3753
63.3753
63.3753
63.3753
63.3753
63.3753
63.3753
63.3753
63.3753
63.3753
63.3753
63.3753
63.3753
63.3753
63.3753
63.3753
63.3753
63.3753
63.3753
63.3753
63.3753
63.3753
63.3753
63.3753
63.3753
63.3753
63.3753
63.3753
63.3753
63.3753
63.3753
63.3753
63.3753
63.3753
63.3753
63.3753
63.3753
63.3753
63.3753
63.3753
63.3753
63.3753
63.3753
63.3753
63.3753
63.3753
63.3753
63.3753
63.3753
63.3753
63.3753
63.3753
63.3753
63.3753
63.3753
63.3753
63.3753
63.3753
63.3753
63.3753
63.3753
63.3753
63.3753
63.3753
63.4394
64.5428
63.5425
63.3753
63.3753
63.3753
63.3753
63.3753
63.3753
63.3753
63.3753
63.3753
63.3753
63.3753
63.3753
63.3753
63.3753
63.3753
63.3753
63.3753
63.3753
63.3753
63.3753
63.3753
63.3753
63.3753
63.3753
63.3753
63.3753
63.3753
63.3753
63.3753
63.3753
63.3753
63.3753
63.3753
63.3753
63.3753
63.3753
63.3753
63.3753
63.3753
63.3753
63.3753
63.3753
63.3753
63.3753
63.3753
63.3753
63.3753
63.3753
63.3753
63.3753
63.3753
63.3753
63.3753
63.3753
63.3753
63.3753
63.3753
63.3753
63.3753
63.3753
63.3753
63.3753
63.3753
63.3753
63.3753
63.3753
63.3753
63.3753
63.3753
63.3753
63.3753
63.3753
63.3753
63.3753
63.3753
63.3753
63.3753
63.3753
63.3753
63.3753
63.3753
63.3753
63.3753
63.3753
63.3753
63.3753
63.3753
63.3753
63.3753
63.3753
63.3753
63.3753
63.3753
63.3753
63.3753
63.3753
63.3753
63.3753
63.3753
63.3753
63.3753
63.3753
63.3753
63.3753
63.3753
63.3753
63.3753
63.3753
63.3753
63.3753
63.3753
63.3753
63.3753
63.3753
63.3753
63.3753
63.3753
63.3753
63.3753
63.3753
63.3753
63.3753
63.3753
63.3753
63.3753
63.3753
63.3753
63.3753
63.3753
63.3753
63.3753
63.3753
63.3753
63.3753
63.3753
63.3753
63.3753
63.3753
63.3753
63.3753
63.3714
63.3714
63.3714
63.3753
63.3718
63.3753
63.3753
63.3753
63.3753
63.3753
63.3753
63.3753
63.3753
63.3753
63.3753
63.3753
63.3753
63.3753
63.3753
63.3753
63.3753
63.3753
63.3753
63.3753
63.3753
63.3753
63.3753
63.3753
63.3753
63.3753
63.3753
63.3753
63.3753
63.3753
63.3753
63.3753
63.3753
63.3753
63.3753
63.3753
63.3753
63.3753
63.3753
63.3753
63.3753
63.3753
63.3753
63.3753
63.3753
63.3753
63.3753
63.3753
63.3753
63.3753
63.3753
63.3753
63.555
63.3753
63.3753
63.3753
63.3753
63.3753
63.3753
63.3753
63.3753
63.3753
63.3753
63.3753
64.834
66.5539
63.736
72.2225
66.555
71.6383
63.6077
63.3753
63.3753
63.3753
63.3753
64.0182
63.3753
63.3753
63.3753
63.3753
63.3753
63.3753
63.3753
63.3753
63.3753
63.3753
63.3753
63.3753
63.3753
63.3753
63.3753
63.3753
63.3753
63.3753
63.3753
63.3753
63.3753
63.3753
63.3753
63.3753
63.3753
63.3753
63.3753
63.3753
63.3753
63.3753
63.3753
63.3753
63.3753
63.3753
63.3753
63.3753
63.3753
63.3753
63.3753
63.3753
63.3753
63.3753
63.3753
63.3753
63.3753
63.3753
63.3753
63.3753
63.3753
63.3753
63.3753
63.3753
63.3753
63.3753
63.3753
63.3753
63.3753
63.3753
63.3753
63.3753
63.3753
63.3753
63.3753
63.3753
63.3714
63.3635
63.3635
63.3675
63.3635
63.3557
64.2615
63.3675
63.3753
63.3753
63.3753
63.3753
63.3753
63.3753
63.3753
63.3753
63.3753
63.3753
63.3753
63.3753
63.3753
63.3753
63.3753
63.3753
63.3753
63.3753
63.3753
63.3753
63.3753
63.3753
63.3753
63.3753
63.3753
63.3753
63.3753
63.3753
63.3753
63.3753
63.3753
63.3753
63.3753
63.3753
63.3753
63.3753
63.3753
63.3753
63.3753
63.3753
63.3753
63.3753
63.3753
63.3753
63.3753
63.3753
63.3753
63.3753
63.3753
63.3753
63.3753
63.3753
63.3753
63.3753
63.3753
63.3753
63.3753
63.3753
63.3753
63.3753
63.3753
63.3753
63.3753
63.3753
63.3753
63.3753
63.3753
63.3753
63.3753
63.3753
63.3753
63.3753
63.3753
63.3753
63.3753
63.3753
63.3753
63.3753
63.3753
63.3753
63.3753
63.3753
63.3753
63.3753
63.3753
63.3753
63.3753
63.3753
63.3753
63.3753
63.3753
63.3753
63.3753
63.3753
63.3753
63.3753
63.3753
63.3753
63.3753
63.3753
63.3753
63.3753
63.3753
63.3753
63.3753
63.3753
63.3753
63.3753
63.3753
63.3753
63.3753
63.3753
63.3753
63.3753
63.3753
63.3753
63.3753
63.3753
63.3753
63.3753
63.3753
63.3753
63.3753
63.3753
63.3753
63.3753
63.3753
63.3753
63.3753
63.3753
63.3753
63.3753
63.3753
63.3753
63.3753
63.3753
63.3753
63.3753
63.3753
63.3753
63.3753
63.3753
63.3753
63.3753
63.3753
63.3753
63.3753
63.3753
63.3753
63.3753
63.3753
63.3753
63.3753
63.3753
63.3753
63.3753
63.3753
63.3753
63.3753
63.3753
63.3753
63.3753
63.3753
63.3753
63.3753
63.3753
63.3753
63.3753
63.3753
63.3753
63.3753
63.3753
63.3753
63.3753
63.3753
63.3753
63.3753
63.3753
63.3753
63.3753
63.3753
63.3753
63.3753
63.3753
63.3753
63.3753
63.3753
63.3753
63.3753
63.3753
63.3753
63.3753
63.3753
63.3753
63.3753
63.3753
63.3753
63.3753
63.3753
63.3753
63.3753
63.3753
63.3753
63.3753
63.3753
63.3753
63.3753
63.3753
63.3753
63.3753
63.3753
63.3753
63.3753
63.3753
63.3753
63.3753
63.3753
63.3753
63.3753
63.3753
63.3753
63.3753
63.3753
63.3753
63.3753
63.3753
63.3753
63.3753
63.3753
63.3753
63.3753
63.3753
63.3753
63.3753
63.3753
63.3753
63.3753
63.3753
63.3753
63.3753
63.3753
63.3753
63.3753
63.3753
63.3718
63.3753
63.3753
63.3753
63.3753
63.3753
63.3753
63.3753
63.3753
63.3753
63.3753
63.3753
63.3753
63.3753
63.3753
63.3753
63.3753
63.3753
63.3753
63.3753
63.3753
63.3753
63.3753
63.3753
63.3753
63.3753
63.3753
63.3753
63.3753
63.3753
63.3753
63.3753
63.3753
63.3753
63.3753
63.3753
63.3753
63.3753
63.3753
63.3753
63.3753
63.3753
63.3753
63.3753
63.3753
63.3753
63.3753
63.3753
63.3753
63.3753
63.3753
63.3753
63.3753
63.3753
63.3753
63.3753
63.3753
63.3714
63.3753
63.3753
63.3753
63.3753
63.3753
63.3753
63.3753
63.3753
63.3753
63.3753
63.3753
63.3753
63.3753
63.3753
63.3753
63.3753
63.3753
63.3753
63.3753
63.3753
63.3753
63.3753
63.3753
63.3753
63.3753
63.3753
63.3753
63.3753
63.3753
63.3753
63.3753
63.3753
63.3753
63.3753
63.3753
63.3753
63.3753
63.3753
63.3753
63.3753
63.3753
63.3753
63.3753
63.3753
63.3753
63.3753
63.3753
63.3753
63.3753
63.3753
63.3753
63.3753
63.3753
63.3753
63.3753
63.3753
63.3753
63.3753
63.3753
63.3753
63.3753
63.3753
63.3753
63.3753
63.3753
63.3753
63.3753
63.3753
63.3753
63.3753
63.3753
63.3753
63.3753
63.3753
63.3753
63.3753
63.3753
63.3753
63.3753
63.3753
63.3753
63.3753
63.3753
63.3753
63.3753
63.3753
63.3753
63.3753
63.3753
63.3753
63.3753
63.3753
63.3753
63.3753
63.3753
63.3753
63.3753
63.3753
63.3753
63.3753
63.3753
63.3753
63.3753
63.3753
63.3753
63.3753
63.3753
63.3753
63.3753
63.3753
63.3753
63.3753
63.3753
63.3753
63.3753
63.3753
63.3753
63.3753
63.3753
63.3753
63.3753
63.3753
63.3899
63.3753
63.3753
63.3753
63.3753
63.3753
63.3753
63.3753
63.3753
63.3753
63.3753
63.3753
63.3753
63.3753
63.3753
63.3753
63.3753
63.3753
63.3753
63.3753
63.3753
63.3753
63.3753
63.3753
63.3753
63.3753
63.3753
63.3753
63.3753
63.3753
63.3753
63.3753
63.3753
63.3753
63.3753
63.3753
63.3753
63.3753
63.3753
63.3753
63.7706
63.3753
63.3753
63.3753
63.3753
63.3753
63.3753
63.3753
63.3753
63.3753
63.3753
63.3714
63.3753
63.3753
63.3753
63.3753
63.3753
63.3753
63.3753
63.3753
63.3753
63.3753
63.3753
63.3753
63.3753
63.3753
63.3753
63.3753
63.3753
63.3753
63.3753
63.3753
63.3753
63.3753
63.3753
63.3753
63.3753
63.3753
63.3753
63.3753
63.3753
63.3753
63.3753
63.3753
63.3753
63.3753
63.3753
63.3753
63.3753
63.3753
63.3753
63.3753
63.3753
63.3753
63.3753
63.3753
63.3753
63.3753
63.3753
63.3753
63.3753
63.3753
63.3753
63.3753
63.3753
63.3753
63.3753
63.3753
63.3753
63.3753
63.3753
63.3753
63.3753
63.3753
63.3753
63.3753
63.3753
63.3753
63.3753
63.3753
63.3753
63.3753
63.3753
66.5706
63.3753
63.3753
63.3753
63.3753
63.3753
63.3753
63.3753
63.3753
63.3753
63.3753
63.3753
63.3753
63.3753
63.3753
63.3753
63.3753
63.3753
63.3753
63.3753
63.3753
63.3753
63.3753
63.3753
63.3753
63.3753
63.3753
63.3753
63.3753
63.3753
63.3753
63.3817
63.3753
63.3753
63.3753
63.3753
63.3753
63.3753
63.3753
63.3753
63.3753
63.3753
63.3753
63.3753
63.3753
63.3753
63.3753
63.3753
63.3753
63.3753
63.3753
63.3753
63.3753
63.3753
63.3753
63.3753
63.3753
63.3753
63.3753
63.3753
63.3753
63.3753
63.3714
63.3753
63.3753
63.3753
63.3753
63.3753
63.3753
63.3753
63.3753
63.3753
63.3753
63.3753
63.3753
63.3753
63.3753
63.3753
63.3753
63.3753
63.3753
63.3753
63.3753
63.3753
63.3753
63.3753
63.3753
63.3753
63.3753
63.3753
63.3753
63.3753
63.3753
63.3753
63.3753
63.3753
63.3753
63.3714
63.3753
63.3753
63.3753
63.3753
63.3753
63.3753
63.3753
63.3753
63.3753
63.3753
63.3753
63.3753
63.3753
63.3753
63.3753
63.3753
63.3753
63.3753
63.3753
63.3753
63.3753
63.3753
63.3753
63.3753
63.3753
63.3753
63.3753
63.3753
63.3753
63.3753
63.3753
63.3753
63.3753
63.3753
63.3753
63.3753
63.3753
63.3714
63.3675
63.3753
63.3753
63.3753
63.3753
63.3753
63.3753
63.3753
63.3753
63.3753
63.3753
63.3753
63.3753
63.3753
63.3753
63.3753
63.3753
63.3753
63.3753
63.3753
63.3753
63.3753
63.3753
63.3753
63.3753
63.3753
63.3753
63.3753
63.3753
63.3753
63.3753
63.3753
63.3753
63.3753
63.3753
63.3714
63.3753
63.3753
63.3753
63.3753
63.3753
63.3753
63.3753
63.3753
63.3753
63.3753
63.3753
63.3753
63.3753
63.3753
63.3753
63.3753
63.3753
63.3753
63.3753
63.3753
63.3753
63.3753
63.3753
63.3753
63.3753
63.3753
63.3753
63.3753
63.3753
63.3753
63.3753
63.3753
63.3753
63.3753
63.3753
63.3753
63.3753
63.3753
63.3753
63.3753
63.3753
63.3753
63.3753
63.3753
63.3753
63.3753
63.3753
63.3753
63.3753
74.3327
65.7029
63.4106
63.3753
64.3339
66.2828
63.3753
63.3753
63.3753
63.3753
63.3753
63.3753
63.3753
63.3753
63.3753
63.3753
63.3753
63.3753
63.3753
63.3753
63.3753
63.3714
63.3753
63.3753
63.3753
63.3753
63.3753
63.3753
63.3753
63.3753
63.3753
63.3753
63.3753
63.3753
63.3753
63.3753
63.3753
63.3753
63.3753
63.3753
63.3753
63.3753
63.3753
63.3753
63.3753
63.3753
63.3753
63.3753
63.3753
63.3753
63.3753
63.3753
63.3753
63.3753
63.3753
63.3753
63.3753
63.3753
63.3753
63.3753
63.3753
63.3753
63.3753
63.3753
63.3753
63.3753
63.3753
63.3753
63.3753
63.3753
63.3753
63.3753
63.3753
63.3753
63.3753
63.3753
63.3753
63.3753
63.3753
63.3753
63.3753
63.3753
63.3753
63.3753
63.3753
63.3753
63.3753
63.3753
63.3753
63.3753
63.3753
63.3753
63.3753
63.3753
63.3753
63.3753
63.3753
63.3753
63.3753
63.3753
63.3753
63.3753
63.3753
63.3753
63.3753
63.3753
63.3753
63.3753
63.3753
63.3753
63.3753
63.3753
63.3753
63.3753
63.3753
63.3753
63.3753
63.3753
63.3753
63.3753
63.3753
63.3753
63.3753
63.3753
63.3753
63.3753
63.3753
63.3753
63.3753
63.3753
63.3753
63.3753
63.3753
63.3753
63.3753
63.3753
63.3753
63.3753
63.3753
63.3753
63.3753
63.3753
63.3753
63.3753
63.3753
63.3753
63.3753
63.3753
63.3753
63.3753
63.3753
63.3753
63.3753
63.3753
63.3753
63.3753
63.3753
63.3753
63.3753
63.3753
63.3753
63.3753
63.3753
63.3753
63.3753
63.3753
63.3753
63.3753
63.3753
63.3753
63.3753
63.3753
63.3753
63.3753
63.3753
63.3753
63.3753
63.3753
63.3753
63.3753
63.3753
63.3753
63.3753
63.3753
63.3753
63.3753
63.3753
63.3753
63.3753
63.3753
63.3753
63.3753
63.3753
63.3753
63.3753
63.3753
63.3753
63.3753
63.3753
63.3753
63.3753
63.3753
63.3753
63.3753
63.3753
63.3753
63.3753
63.3753
63.3753
63.3753
63.3753
63.3753
63.3753
63.3753
63.3753
63.3753
63.3753
63.3753
63.3753
63.3753
63.3753
63.3753
63.3753
63.3753
63.3753
63.3753
63.3753
63.3753
63.3753
63.3753
63.3753
63.3753
63.3753
63.3753
63.3753
63.3753
63.3753
63.3753
63.3753
63.3753
63.3753
63.3753
63.3753
63.3753
63.3753
63.3753
63.3753
63.3753
63.3753
63.3753
63.3753
63.3753
63.3753
63.3753
63.3753
63.3753
63.3753
63.3753
63.3753
63.3753
63.3753
63.3753
63.3753
63.3753
63.3753
63.3753
63.3753
63.3753
63.3753
63.3714
63.3714
63.3714
63.3753
63.3753
63.3753
63.3753
63.3753
63.3753
63.3753
63.3753
63.3753
63.3753
63.3753
63.3753
63.3753
63.3753
63.3753
63.3753
63.3753
63.3753
63.3753
63.3753
63.3753
63.3753
63.3753
63.3753
63.3753
63.3753
63.3753
63.3753
63.3753
63.3753
63.3753
63.3753
63.3753
63.3753
63.3753
63.3753
63.3753
63.3753
63.3753
63.3753
63.3753
63.3753
63.3753
63.3753
63.3753
63.3753
63.3753
63.3753
63.3753
63.3753
63.3753
63.3753
63.3753
63.3753
63.3753
63.3753
63.3753
63.3753
63.3753
63.3753
63.3753
63.3753
63.3753
63.3753
63.3753
63.3753
63.3753
63.3753
63.3753
63.3753
63.3753
63.3753
63.3753
63.3753
63.3753
63.3753
63.3753
63.3753
63.3753
63.3753
63.3753
63.3753
63.3753
63.3753
63.3753
63.3753
63.3753
63.3753
63.3753
63.3753
63.3753
63.3753
63.3753
63.3753
63.3753
63.3753
63.3753
63.3753
63.3753
63.3753
63.3753
63.3753
63.3753
63.3753
63.3753
63.3753
63.3753
63.3753
63.3753
63.3753
63.3753
63.3753
63.3753
63.3753
63.3753
63.3753
63.3753
63.3753
63.3753
63.3753
63.3753
63.3753
63.3753
63.3753
63.3753
63.3753
63.3753
63.3753
63.3753
63.3753
63.3753
63.3753
63.3753
63.3753
63.3753
63.3753
63.3753
63.3753
63.3753
63.3753
63.3753
63.3753
63.3753
63.3753
63.3753
63.3753
63.3753
63.3753
63.3753
63.3753
63.3753
63.3753
63.3753
63.3753
63.3753
63.3753
63.3753
63.3753
63.3753
63.3753
63.3753
63.3753
63.3753
63.3753
63.3753
63.3753
63.3753
63.3753
63.3753
63.3753
63.3753
63.3753
63.3753
63.3753
63.3753
63.3753
63.3753
63.3753
63.3753
63.3753
63.3753
63.3753
63.3753
63.3753
63.3753
63.3753
63.3753
63.3753
63.3753
63.3753
63.3753
63.3753
63.3753
63.3753
63.3753
63.3753
63.3753
63.3753
63.3753
63.3718
63.3718
63.3718
63.3647
63.3718
63.3753
63.3753
63.3753
63.3753
63.3753
63.3753
63.3753
63.3753
63.3753
63.3753
63.3753
63.3714
63.3714
63.3714
63.3753
63.3753
63.3753
63.3753
63.3753
63.3753
63.3753
63.3753
63.3753
63.3753
63.3753
63.3753
63.3753
63.3753
63.3753
63.3753
63.3753
63.3753
63.3753
63.3753
63.3753
63.3753
63.3753
63.3753
63.3753
63.3753
63.3753
63.3753
63.3753
63.3753
63.3753
63.3753
63.3753
63.3753
63.3753
63.3753
63.3753
63.3753
63.3753
63.3753
63.3753
63.3753
63.3753
63.3753
63.3753
63.3753
63.3753
63.3753
63.3753
63.3753
63.3753
63.3753
63.3753
63.3753
63.3753
63.3753
63.3753
63.3753
63.3753
63.3753
63.3753
63.3753
63.3753
63.3753
63.3753
63.3753
63.3753
63.3753
63.3753
63.3753
63.3753
63.3753
63.3753
63.3753
63.3753
63.3753
63.3753
63.3753
63.3753
63.3753
63.3753
63.3753
63.3753
63.3753
63.3753
63.3753
63.3753
63.3753
63.3753
63.3753
63.3753
63.3753
63.3753
63.3753
63.3753
63.3753
63.3753
63.3753
63.3753
63.3753
63.3753
63.3753
63.3753
63.3753
63.3753
63.3718
63.3753
63.3753
63.3753
63.3753
63.3753
63.3753
63.3753
63.3753
63.3753
63.3753
63.3753
63.3753
63.3753
63.3753
63.3753
63.3753
63.3753
63.3753
63.3753
63.3753
63.3753
63.3753
63.3753
63.3753
63.3753
63.3753
63.3753
63.3753
63.3753
63.3753
63.3753
63.3753
63.3753
63.3753
63.3753
63.3753
63.3753
63.3753
63.3753
63.3753
63.3753
63.3753
63.3753
63.3753
63.3753
63.3753
63.3753
63.3753
63.3753
63.3753
63.3753
63.3753
63.3753
63.3753
63.3753
63.3753
63.3753
63.3753
63.3753
63.3753
63.3753
63.3753
63.3753
63.3753
63.3753
63.3753
63.3753
63.3753
63.3753
63.3753
63.3753
63.3753
63.3753
63.3753
63.3753
63.3753
63.3753
63.3753
63.3753
63.3753
63.3753
63.3753
63.3753
63.3753
63.3753
63.3753
63.3753
63.3753
63.3753
63.3753
63.3753
63.3753
63.3753
63.3753
63.3753
63.3753
63.3753
63.3753
63.3753
63.3753
63.3753
63.3753
63.3753
63.3753
63.3753
63.3753
63.3753
63.3753
63.3753
63.3753
63.3753
63.3753
63.3753
63.3753
63.3753
63.3753
63.3753
63.3753
63.3753
63.3753
63.3753
63.3753
63.3753
63.3753
63.3753
63.3753
63.3753
63.3753
63.3753
63.3753
63.3753
63.3753
63.3753
63.3753
63.3753
63.3753
63.3753
63.3753
63.3753
63.3753
63.3753
63.3753
63.3753
63.3753
63.3753
63.3753
63.3753
63.3753
63.3753
63.3753
63.3753
63.3753
63.3753
63.3753
63.3753
63.3753
63.3753
63.3753
63.3753
63.3753
63.3753
63.3753
63.3753
63.3753
63.3753
63.3753
63.3753
63.3753
63.3753
63.3753
63.3753
63.3753
63.3753
63.3753
63.3753
63.3753
63.3753
63.3753
63.3753
63.3753
63.3753
63.3753
63.3753
63.3753
63.3753
63.3753
63.3753
63.3753
63.3753
63.3753
63.3753
63.3753
63.3753
63.3753
63.3753
63.3753
63.3753
63.3753
63.3753
63.3753
63.3753
63.3753
63.3753
63.3753
63.3753
63.3753
63.3753
63.3753
63.3753
63.3753
63.3753
63.3753
63.3753
63.3753
63.3753
63.3753
63.3753
63.3753
63.3753
63.3753
63.3753
63.3753
63.3753
63.3753
63.3753
63.3753
63.3753
63.3753
63.3753
63.3753
63.3753
63.3753
63.3753
63.3753
63.3753
63.3753
63.3753
63.3753
63.3753
63.3753
63.3753
63.3753
63.3753
63.3753
63.3753
63.3753
63.3753
63.3753
63.3753
63.3753
63.3753
63.3753
63.3753
63.3753
63.3753
63.3753
63.3753
63.3753
63.3753
63.3753
63.3753
63.3753
63.3753
63.3753
63.3753
63.3753
63.3753
63.3753
63.3753
63.3753
63.3753
63.3753
63.3753
63.3753
63.3753
63.3753
63.3753
63.3753
63.3753
63.3753
63.3753
63.3753
63.3753
63.3753
63.3753
63.3753
63.3753
63.3753
63.3753
63.3753
63.3753
63.3753
63.3753
63.3753
63.3753
63.3753
63.3753
63.3753
63.3753
63.3753
63.3753
63.3753
63.3753
63.3753
63.3753
63.3753
63.3753
63.3753
63.3753
63.3753
63.3753
63.3753
63.3753
63.3753
63.3753
63.3753
63.3753
63.3753
63.3753
63.3753
63.3753
63.3753
63.3753
63.3753
63.3753
63.3753
63.3753
63.3753
63.3753
63.3753
63.3753
63.3753
63.3753
63.3753
63.3753
63.3753
63.3753
63.3753
63.3753
63.3753
63.3753
63.3753
63.3753
63.3753
63.3753
63.3753
63.3753
63.3753
63.3753
63.3753
63.3753
63.3753
63.3753
63.3753
63.3753
63.3753
63.3753
63.3753
63.3753
63.3753
63.3753
63.3753
63.3753
63.3753
63.3753
63.3753
63.3753
63.3753
63.3753
63.3753
63.3753
63.3753
63.3753
63.3753
63.3753
63.3753
63.3753
63.3753
63.3753
63.3753
63.3753
63.3753
63.3753
63.3753
63.3753
63.3753
63.3753
63.3753
63.3753
63.3753
63.3753
63.3753
63.3753
63.3753
63.3753
63.3753
63.3753
63.3753
63.3753
63.3753
63.3753
63.3753
63.3753
63.3753
63.3753
63.3753
63.3753
63.3753
63.3753
63.3753
63.3753
63.3753
63.3753
63.3753
63.3753
63.3753
63.3753
63.3753
63.3753
63.3753
63.3753
63.3753
63.3753
63.3753
63.3753
63.3753
63.3753
63.3753
63.3753
63.3753
63.3753
63.3753
63.3753
63.3753
63.3753
63.3753
63.3753
63.3753
63.3753
63.3753
63.3753
63.3753
63.3753
63.3753
63.3753
63.3753
63.3753
63.3753
63.3753
63.3753
63.3753
63.3753
63.3753
63.3753
63.3753
63.3753
63.3753
63.3753
63.3753
63.3753
63.3753
63.3753
63.3753
63.3753
63.3753
63.3753
63.3753
63.3753
63.3753
63.3753
63.3753
63.3753
63.3753
63.3753
63.3753
63.3753
63.3753
63.3753
63.3753
63.3753
63.41
63.3753
63.3753
63.3753
63.3753
63.3753
63.3753
63.3753
63.3753
63.3753
63.3753
63.3753
63.3753
63.3753
63.3753
63.3753
63.3753
63.3753
63.3753
63.3753
63.3753
63.3753
63.3753
63.3753
63.3753
63.3753
63.3753
63.3753
63.3753
63.3753
63.3753
63.3753
63.3753
63.3753
63.3753
63.3753
63.3753
63.3753
63.3753
63.3753
63.3753
63.3753
63.3753
63.3753
63.3753
63.3753
63.3753
63.3753
63.3753
63.3753
63.3753
63.3753
63.3753
63.3753
63.3753
63.3753
63.3753
63.3753
63.3753
63.3753
63.3753
63.3753
63.3753
63.3753
63.3753
63.3753
63.3753
63.3753
63.3753
63.3753
63.3753
63.3753
63.3753
63.3753
63.3753
63.3753
63.3753
63.3753
63.3753
63.3753
63.3753
63.3753
63.3753
63.3753
63.3753
63.3753
63.3753
63.3753
63.3753
63.3753
63.3753
63.3753
63.3753
63.3753
63.3753
63.3753
63.3753
63.3753
63.3753
63.3753
63.3753
63.3753
63.3753
63.3753
63.3753
63.3753
63.3753
63.3753
63.3753
63.3753
63.3753
63.3753
63.3753
63.3753
63.3753
63.3753
63.3753
63.3753
63.3753
63.3753
63.3753
63.3753
63.3753
63.3753
63.3753
63.3753
63.3753
63.3753
63.3753
63.3753
63.3753
63.3753
63.3753
63.3753
63.3753
63.3753
63.3753
63.3753
63.3753
63.3753
63.3753
63.3753
63.3753
63.3753
63.3753
63.3753
63.3753
63.3753
63.3753
63.3753
63.3753
63.3753
63.3753
63.3753
63.3753
63.3753
63.3753
63.3753
63.3753
63.3753
63.3753
63.3753
63.3753
63.3753
63.3753
63.3753
63.3753
63.3753
63.3753
63.3753
63.3753
63.3753
63.3753
63.3753
63.3753
63.3753
63.3753
63.3753
63.3753
63.3753
63.3753
63.3753
63.3753
63.3753
63.3753
63.3753
63.3753
63.3753
63.3753
63.3753
63.3753
63.3753
63.3753
63.3753
63.3753
63.3753
63.3753
63.3753
63.3753
63.3753
63.3753
63.3753
63.3753
63.3753
63.3753
63.3753
63.3753
63.3753
63.3753
63.3753
63.3753
63.3753
63.3753
63.3753
63.3753
63.3753
63.3753
63.3753
63.3753
63.3753
63.3753
63.3753
63.3753
63.3753
63.3753
63.3753
63.3753
63.3753
63.3753
63.3753
63.3753
63.3753
63.3753
63.3753
63.3753
63.3753
63.3753
63.3753
63.3753
63.3753
63.3753
63.3753
63.3753
63.3753
63.3753
63.3753
63.3753
63.3753
63.3753
63.3753
63.3753
63.3753
63.3753
63.3753
63.3753
63.3753
63.3753
63.3753
63.3753
63.3753
63.3753
63.3753
63.3753
63.3753
63.3753
63.3753
63.3753
63.3753
63.3753
63.3753
63.3753
63.3753
63.3753
63.3753
63.3753
63.3753
63.3753
63.3753
63.3753
63.3753
63.3753
63.3714
63.3714
63.3753
63.3753
63.3753
63.3753
63.3753
63.3753
63.3753
63.3753
63.3753
63.3753
63.3753
63.3753
63.3753
63.3753
63.3753
63.3753
63.3753
63.3753
63.3753
63.3753
63.3753
63.3753
63.3753
63.3753
63.3753
63.3753
63.3753
63.3753
63.3753
63.3753
63.3753
63.3753
63.3753
63.3753
63.3753
63.3753
63.3753
63.3753
63.3753
63.3753
63.3753
63.3753
63.3753
63.3753
63.3753
63.3753
63.3753
63.3753
63.3753
63.3753
63.3753
63.3714
63.3753
63.3753
63.3753
63.3753
63.3753
63.3753
63.3753
63.3753
63.3753
63.3753
63.3753
63.3753
63.3753
63.3718
63.3718
63.3683
63.3647
63.3718
63.3753
63.3753
63.3753
63.3753
63.3753
63.3753
63.3714
63.3753
63.3753
63.3753
63.3753
63.3753
63.3753
63.3753
63.3753
63.3753
63.3753
63.3753
63.3753
63.3753
63.3753
63.3753
63.3753
63.3753
63.3753
63.3753
63.3753
63.3753
63.3753
63.3753
63.3753
63.3753
63.3753
63.3753
63.3753
63.3753
63.3753
63.3753
63.3753
63.3753
63.3753
63.3753
63.3753
63.3753
63.3753
63.3753
63.3753
63.3753
63.3753
63.3753
63.3753
63.3753
63.3753
63.3753
63.3753
63.3753
63.3753
63.3753
63.3753
63.3753
63.3753
63.3753
63.3753
63.3753
63.3753
63.3753
63.3753
63.3753
63.3753
63.3753
63.3753
63.3753
63.3753
63.3753
63.3753
63.3753
63.3753
63.3753
63.3753
63.3753
63.3753
63.3753
63.3753
63.3753
63.3753
63.3753
63.3753
63.3753
63.3753
63.3753
63.3753
63.3753
63.3753
63.3753
63.3753
63.3753
63.3753
63.3753
63.3753
63.3753
63.3753
63.3753
63.3753
63.3753
63.3753
63.3753
63.3753
63.3753
63.3753
63.3753
63.3753
63.3753
63.3753
63.3753
63.3753
63.3753
63.3753
63.3753
63.3753
63.3753
63.3753
63.3753
63.3753
63.3753
63.3753
63.3753
63.3753
63.3753
63.3753
63.3753
63.3753
63.3753
63.3753
63.3753
63.3753
63.3753
63.3753
63.3753
63.3753
63.3753
63.3753
63.3753
63.3753
63.3753
63.3753
63.3753
63.3753
63.3753
63.3753
63.3753
63.3753
63.3753
63.3753
63.3753
63.3753
63.3753
63.3753
63.3753
63.3753
63.3753
63.3753
63.3753
63.3753
63.3753
63.3753
63.3753
63.3753
63.3753
63.3753
63.3753
63.3753
63.3753
63.3753
63.3753
63.3753
63.3753
63.3753
63.3753
63.3753
63.3753
63.3753
63.3753
63.3753
63.3753
63.3753
63.3753
63.3753
63.3753
63.3753
63.3753
63.3753
63.3753
63.3753
63.3753
63.3753
63.3753
63.3753
63.3753
63.3753
63.3753
63.3753
63.3753
63.3753
63.3753
63.3753
63.3753
63.3753
63.3753
63.3753
63.3753
63.3753
63.3753
63.3753
63.3753
63.3753
63.3753
63.3753
63.3753
63.3753
63.3753
63.3753
63.3753
63.3753
63.3753
63.3753
63.3753
63.3753
63.3753
63.3753
63.3753
63.3753
63.3753
63.3753
63.3753
63.3753
63.3753
63.3753
63.3753
63.3753
63.3753
63.3753
63.3753
63.3753
63.3753
63.3753
63.3753
63.3753
63.3753
63.3753
63.3753
63.3753
63.3753
63.3753
63.3753
63.3753
63.3753
63.3753
63.3753
63.3753
63.3753
63.3753
63.3753
63.3753
63.3753
63.3753
63.3753
63.3753
63.3753
63.3753
63.3753
63.3753
63.3753
63.3753
63.3753
63.3753
63.3753
63.3753
63.3753
63.3753
63.3753
63.3753
63.3753
63.3753
63.3753
63.3753
63.3753
63.3753
63.3753
63.3753
63.3753
63.3753
63.3753
63.3753
63.3753
63.3753
63.3753
63.3753
63.3753
63.3753
63.3753
63.3753
63.3753
63.3753
63.3753
63.3753
63.3753
63.3753
63.3753
63.3753
63.3753
63.3753
63.3753
63.3753
63.3753
63.3753
63.3753
63.3714
63.3714
63.3714
63.3714
63.3675
63.3714
63.3714
63.3596
63.336
65.6093
63.281
63.1788
63.1788
63.1788
63.1788
63.1788
63.1788
63.1788
63.1788
63.1788
63.1788
63.1788
63.1788
63.1788
63.1788
63.1788
63.1788
63.1788
63.1788
63.1788
63.1788
63.1788
63.1788
63.1788
63.1788
63.1788
63.1788
63.1788
63.1788
63.1788
63.1788
63.1788
63.1788
63.1788
63.1788
63.1788
63.1788
63.1788
63.1788
63.1788
63.1788
63.1788
63.1788
63.1788
63.1788
63.1788
63.1788
63.1788
63.1788
63.1788
63.1788
63.1788
63.1788
63.1788
63.1788
63.1788
63.1788
63.1788
63.1788
63.1788
63.1788
63.1788
63.1788
63.1788
63.1788
63.1788
63.1788
63.1788
63.1788
63.1788
63.1788
63.1788
63.1788
63.1788
63.1788
63.1788
63.1788
63.1788
63.1788
63.1788
63.1788
63.1788
63.1788
63.1788
63.1788
63.1788
63.1788
63.1788
63.1788
63.1788
63.1788
63.1788
63.1788
63.1788
63.1788
63.1788
63.1788
63.1788
63.1788
63.1788
63.1788
63.1788
63.1788
63.1788
63.1788
63.1788
63.1788
63.1788
63.1788
63.1788
63.1788
63.1788
63.1788
63.1788
63.1788
63.1788
63.1788
63.1788
63.1788
63.1788
63.1788
63.1788
63.1788
63.1788
63.1788
63.1788
63.1788
63.1788
63.1788
63.1788
63.1788
63.1788
63.1788
63.1788
63.1788
63.1788
63.1788
63.1788
63.1788
63.1788
63.1788
63.1788
63.1788
63.1788
63.1788
63.1788
63.1788
63.1788
63.1788
63.1788
63.1788
63.1788
63.1788
63.1788
63.1788
63.1788
63.1788
63.1788
63.1788
63.1788
63.1788
63.1788
63.1788
63.1788
63.1788
63.1788
63.1788
63.1788
63.1788
63.1788
63.1788
63.1788
63.1788
63.1788
63.1788
63.1788
63.1788
63.1788
63.1788
63.1788
63.1788
63.1788
63.1788
63.1788
63.1788
63.1788
63.1788
63.1788
63.1788
63.1788
63.1788
63.1788
63.1788
63.1788
63.1788
63.1788
63.1788
63.1788
63.1788
63.1788
63.1788
63.1788
63.1788
63.1788
63.1788
63.1788
63.1788
63.1788
63.1788
63.1788
63.1788
63.1788
63.1788
63.1788
63.1788
63.1788
63.1788
63.1788
63.1788
63.1788
63.1788
63.0422
63.0422
63.1788
63.1788
63.1788
63.1788
63.1788
63.1788
63.1788
63.1788
63.1788
63.1788
63.1788
63.1788
63.1788
63.1788
63.1788
63.1788
63.1788
63.1788
63.1788
63.1788
63.1788
63.1788
63.1788
63.1788
63.1788
63.1788
63.1788
63.1788
63.1788
63.1788
63.1788
63.1788
63.1788
63.1788
63.1788
63.1788
63.1788
63.1788
63.1788
63.1788
63.1788
63.1788
63.1788
63.1788
63.1788
63.1788
63.1788
63.1788
63.1788
63.1788
63.1788
63.1788
63.1788
63.1788
63.1788
63.1788
63.1788
63.1788
63.1788
63.1788
63.1788
63.1788
63.1788
63.1788
63.1788
63.1788
63.1788
63.1788
63.1788
63.1788
63.1788
63.1788
63.1788
63.1788
63.1788
63.1788
63.1788
63.1788
63.1788
63.1788
63.1788
63.1788
63.1788
63.1788
63.1788
63.1788
63.1788
63.1788
63.1788
63.1788
63.1788
63.1788
63.1788
63.1788
63.1788
63.1788
63.1788
63.1788
63.1788
63.1788
63.1788
63.1788
63.1788
63.1788
63.1788
63.1788
63.1788
63.1788
63.1788
63.1788
63.1788
63.1788
63.1788
63.1788
63.1788
63.1788
63.1788
63.1788
63.1788
63.1788
63.1788
63.1788
63.1788
63.1788
63.1788
63.1788
63.1788
63.1788
63.1788
63.1788
63.1788
63.1788
63.1788
63.1781
63.1767
63.1712
63.1532
63.1442
63.1442
63.1442
63.1442
63.1442
63.1442
63.1442
63.1442
63.1442
63.1442
63.1442
63.1442
63.1442
63.1442
63.1442
63.1442
63.1442
63.1442
63.1442
63.1442
63.1442
63.1442
63.1442
63.1442
63.1442
63.1442
63.1442
63.1442
63.1442
63.1442
63.1442
63.1442
63.1442
63.1442
63.1442
63.1442
63.1442
63.1442
63.1442
63.1442
63.1442
63.1442
63.1442
63.1442
63.1442
63.1442
63.1442
63.1442
63.1442
63.1442
63.1442
63.1442
63.1442
63.1442
63.1442
63.1442
63.1442
63.1442
63.1442
63.1442
63.1442
63.1442
63.1442
63.1442
63.1442
63.1442
63.1442
63.1442
63.1442
63.1442
63.1442
63.1442
63.1442
63.1442
63.1442
63.1442
63.1442
63.1442
63.1442
63.1442
63.1442
63.1442
63.1442
63.1442
63.1442
63.1442
63.1442
63.1442
63.1442
63.1442
63.1442
63.1442
63.1442
63.1442
63.1442
63.1442
63.1442
63.1442
63.1442
63.1442
63.1442
63.1442
63.1442
63.1442
63.1442
63.1442
63.1442
63.1442
63.1442
63.1442
63.1442
63.1442
63.1442
63.1442
63.1442
63.1442
63.1442
63.1442
63.1442
63.1442
63.1442
63.1442
63.1442
63.1442
63.1442
63.1442
63.1442
63.1442
63.1442
63.1442
63.1442
63.1442
63.1442
63.1442
63.1442
63.1442
63.1442
63.1442
63.1442
63.1442
63.1442
63.1442
63.1442
63.1442
63.1442
63.1442
63.1442
63.1442
63.1442
63.1442
63.1442
63.1442
63.1442
63.1442
63.1442
63.1442
63.1442
63.1442
63.1442
63.1442
63.1442
63.1442
63.1442
63.1442
63.1442
63.1442
63.1442
63.1442
63.1442
63.1442
63.1442
63.1442
63.1442
63.1442
63.1442
63.1442
63.1442
63.1442
63.1442
63.1442
63.1442
63.1442
63.1442
63.1442
63.1442
63.1442
63.1442
63.1442
63.1442
63.1442
63.1442
63.1442
63.1442
63.1442
63.1442
63.1442
63.1442
63.1442
63.1442
63.1442
63.1442
63.1442
63.1442
63.1442
63.1442
63.1442
63.1442
63.1442
63.1442
63.1442
63.1442
63.1442
63.1442
63.1442
63.1442
63.1442
63.1442
63.1442
63.1442
63.1442
63.1442
63.1442
63.1442
63.1442
63.1442
63.1442
63.1442
63.1442
63.1442
63.1442
63.1442
63.1442
63.1442
63.1442
63.1442
63.1442
63.1442
63.1442
63.1442
63.1442
63.1442
63.1442
63.1442
63.1442
63.1442
63.1442
63.1442
63.1442
63.1442
63.1442
63.1442
63.1442
63.1442
63.1442
63.1442
63.1442
63.1442
63.1442
63.1442
63.1442
63.1442
63.1442
63.1442
63.1442
63.1442
63.1442
63.1442
63.1442
63.1442
63.1442
63.1442
63.1442
63.1442
63.1442
63.1442
63.1442
63.1442
63.1442
63.1442
63.1442
63.1442
63.1442
63.1442
63.1442
63.1442
63.1442
63.1442
63.1442
63.1442
63.1442
63.1442
63.1442
63.1442
63.1442
63.1442
63.1442
63.1442
63.1442
63.1442
63.1442
63.1442
63.1442
63.1442
63.1442
63.1442
63.1442
63.1442
63.1442
63.1442
63.1442
63.1442
63.1442
63.1442
63.1442
63.1442
63.1442
63.1442
63.1442
63.1442
63.1442
63.1442
63.1442
63.1442
63.1442
63.1442
63.1442
63.1442
63.1442
63.1442
63.1442
63.1442
63.1442
63.1442
63.1442
63.1442
63.1442
63.1442
63.1442
63.1442
63.1442
63.1442
63.1442
63.1442
63.1442
63.1442
63.1442
63.1442
63.1442
63.1442
63.1442
63.1442
63.1442
63.1442
63.1442
63.1442
63.1442
63.1442
63.1442
63.1442
63.1442
63.1442
63.1442
63.1442
63.1442
63.1442
63.1442
63.1442
63.1442
63.1442
63.1442
63.1442
63.1442
63.1442
63.1442
63.1442
63.1442
63.1442
63.1442
63.1442
63.1442
63.1442
63.1442
63.1442
63.1442
63.1442
63.1442
63.1442
63.1442
63.1442
63.1442
63.1442
63.1442
63.1442
63.1442
63.1442
63.1442
63.1442
63.1442
63.1442
63.1442
63.1442
63.1442
63.1442
63.1442
63.1442
63.1442
63.1442
63.1442
63.1442
63.1442
63.1442
63.1442
63.1442
63.1442
63.1442
63.1442
63.1442
63.1442
63.1442
63.1442
63.1442
63.1442
63.1442
63.1442
63.1442
63.1442
63.1442
63.1442
63.1442
63.1442
63.1442
63.1442
63.1442
63.1442
63.1442
63.1442
63.1442
63.1442
63.1442
63.1442
63.1442
63.1442
63.1442
63.1442
63.1442
63.1442
63.1442
63.1442
63.1442
63.1442
63.1442
63.1442
63.1442
63.1442
63.1442
63.1442
63.1442
63.1442
63.1442
63.1442
63.1442
63.1442
63.1442
63.1442
63.1442
63.1442
63.1442
63.1442
63.1442
63.1442
63.1442
63.1442
63.1442
63.1442
63.1442
63.1442
63.1442
63.1442
63.1442
63.1442
63.1442
63.1442
63.1442
63.1442
63.1442
63.1442
63.1442
63.1442
63.1442
63.1442
63.1442
63.1442
63.1442
63.1442
63.1442
63.1442
63.1442
63.1442
63.1442
63.1442
63.1442
63.1442
63.1442
63.1442
63.1442
63.1442
63.1442
63.1442
63.1442
63.1442
63.1442
63.1442
63.1442
63.1442
63.1442
63.1442
63.1442
63.1442
63.1442
63.1442
63.1442
63.1442
63.1442
63.1442
63.1442
63.1442
63.1442
63.1442
63.1442
63.1442
63.1442
63.1442
63.1442
63.1442
63.1442
63.1442
63.1442
63.1442
63.1442
63.1442
63.1442
63.1442
63.1442
63.1442
63.1442
63.1442
63.1442
63.1442
63.1442
63.1442
63.1442
63.1442
63.1442
63.1442
63.1442
63.1442
63.1442
63.1442
63.1442
63.1442
63.1442
63.1442
63.1442
63.1442
63.1442
63.1442
63.1442
63.1442
63.1442
63.1442
63.1442
63.1442
63.1442
63.1442
63.1442
63.1442
63.1442
63.1442
63.1442
63.1442
63.1442
63.1442
63.1442
63.1442
63.1442
63.1442
63.1442
63.1442
63.1442
63.1442
63.1442
63.1442
63.1442
63.1442
63.1442
63.1442
63.1442
63.1442
63.1442
63.1442
63.1442
63.1442
63.1442
63.1442
63.1442
63.1442
63.1442
63.1442
63.1442
63.1442
63.1442
63.1442
63.1442
63.1442
63.1442
63.1442
63.1442
63.1442
63.1442
63.1442
63.1442
63.1442
63.1442
63.1442
63.1442
63.1442
63.1442
63.1442
63.1442
63.1442
63.1442
63.1442
63.1442
63.1442
63.1442
63.1442
63.1442
63.1442
63.1442
63.1442
63.1442
63.1442
63.1442
63.1442
63.1442
63.1442
63.1442
63.1442
63.1442
63.1442
63.1442
63.1442
63.1442
63.1442
63.1442
63.1442
63.1442
63.1442
63.1442
63.1442
63.1442
63.1442
63.1442
63.1442
63.1442
63.1442
63.1442
63.1442
63.1442
63.1442
63.1442
63.1442
63.1442
63.1442
63.1442
63.1442
63.1442
63.1442
63.1442
63.1442
63.1442
63.1442
63.1442
63.1442
63.1442
63.1442
63.1442
63.1442
63.1442
63.1442
63.1442
63.1442
63.1442
63.1442
63.1442
63.1442
63.1442
63.1442
63.1442
63.1442
63.1442
63.1442
63.1442
63.1442
63.1442
63.1442
63.1442
63.1442
63.1442
63.1442
63.1442
63.1442
63.1442
63.1442
63.1442
63.1442
63.1442
63.1442
63.1442
63.1442
63.1442
63.1442
63.1442
63.1442
63.1442
63.1442
63.1442
63.1442
63.1442
63.1442
63.1442
63.1442
63.1442
63.1442
63.1442
63.1442
63.1442
63.1442
63.1442
63.1442
63.1442
63.1442
63.1442
63.1442
63.1442
63.1442
63.1442
63.1442
63.1442
63.1442
63.1442
63.1442
63.1442
63.1442
63.1442
63.1442
63.1442
63.1442
63.1442
63.1442
63.1442
63.1442
63.1442
63.1442
63.1442
63.1442
63.1442
63.1442
63.1442
63.1442
63.1442
63.1442
63.1442
63.1442
63.1442
63.1442
63.1442
63.1442
63.1442
63.1442
63.1442
63.1442
63.1442
63.1442
63.1442
63.1442
63.1442
63.1442
63.1442
63.1442
63.1442
63.1442
63.1442
63.1442
63.1442
63.1442
63.1442
63.1442
63.1442
63.1442
63.1442
63.1442
63.1442
63.1442
63.1442
63.1442
63.1442
63.1442
63.1442
63.1442
63.1442
63.1442
63.1442
63.1442
63.1442
63.1442
63.1442
63.1442
63.1442
63.1442
63.1442
63.1442
63.1442
63.1442
63.1442
63.1442
63.1442
63.1442
63.1442
63.1442
63.1442
63.1442
63.1442
63.1442
63.1442
63.1442
63.1442
63.1442
63.1442
63.1442
63.1442
63.1442
63.1442
63.1442
63.1442
63.1442
63.1442
63.1442
63.1442
63.1442
63.1442
63.1442
63.1442
63.1442
63.1442
63.1442
63.1442
63.1442
63.1442
63.1442
63.1442
63.1442
63.1442
63.1442
63.1442
63.1442
63.1442
63.1442
63.1442
63.1442
63.1442
63.1442
63.1442
63.1442
63.1442
63.1442
63.1442
63.1442
63.1442
63.1442
63.1442
63.1442
63.1442
63.1442
63.1442
63.1442
63.1442
63.1442
63.1442
63.1442
63.1442
63.1442
63.1442
63.1442
63.1442
63.1442
63.1442
63.1442
63.1442
63.1442
63.1442
63.1442
63.1442
63.1442
63.1442
63.1442
63.1442
63.1442
63.1442
63.1442
63.1442
63.1442
63.1442
63.1442
63.1442
63.1442
63.1442
63.1442
63.1442
63.1442
63.1442
63.1442
63.1442
63.1442
63.1442
63.1442
63.1442
63.1442
63.1442
63.1442
63.1442
63.1442
63.1442
63.1442
63.1442
63.1442
63.1442
63.1442
63.1442
63.1442
63.1442
63.1442
63.1442
63.1442
63.1442
63.1442
63.1442
63.1442
63.1442
63.1442
63.1442
63.1442
63.1442
63.1442
63.1442
63.1442
63.1442
63.1442
63.1442
63.1442
63.1442
63.1442
63.1442
63.1442
63.1442
63.1442
63.1442
63.1442
63.1442
63.1442
63.1442
63.1442
63.1442
63.1442
63.1442
63.1442
63.1442
63.1442
63.1442
63.1442
63.1442
63.1442
63.1442
63.1442
63.1442
63.1442
63.1442
63.1442
63.1442
63.1442
63.1442
63.1442
63.1442
63.1442
63.1442
63.1442
63.1442
63.1442
63.1442
63.1442
63.1442
63.1442
63.1442
63.1442
63.1442
63.1442
63.1442
63.1442
63.1442
63.1442
63.1442
63.1442
63.1442
63.1442
63.1442
63.1442
63.1442
63.1442
63.1442
63.1442
63.1442
63.1442
63.1442
63.1442
63.1442
63.1442
63.1442
63.1442
63.1442
63.1442
63.1442
63.1442
63.1442
63.1442
63.1442
63.1442
63.1442
63.1442
63.1442
63.1442
63.1442
63.1442
63.1442
63.1442
63.1442
63.1442
63.1442
63.1442
63.1442
63.1442
63.1442
63.1442
63.1442
63.1442
63.1442
63.1442
63.1442
63.1442
63.1442
63.1442
63.1442
