# best half averages
2596.31
2416.09
2303.59
2197.6
2141.67
2059.32
1969.29
1911.97
1844.69
1719.98
1675.55
1626.5
1574.93
1484.55
1429.55
1394.24
1352.43
1330.54
1311.31
1292.38
1269.57
1266.54
1230.31
1209.1
1192.02
1167.89
1144.17
1116.99
1099.54
1061.16
1041.62
1004.85
991.619
974.477
957.364
932.601
917.596
912.688
900.724
892.857
889.914
875.965
852.203
825.099
818.336
807.943
785.589
779.021
771.141
749.121
739.153
734.989
733.839
732.317
729.755
721.51
705.302
690.018
675.046
666.835
664.739
662.55
654.088
648.071
644.867
644.035
639.175
627.351
620.822
607.182
606.573
606.396
605.717
601.426
596.964
585.834
565.977
555.713
550.139
545.142
543.568
542.221
533.147
529.363
519.065
514.984
513.447
511.156
504.076
499.894
490.032
478.128
477.095
472.44
469.582
463.536
457.413
454.755
448.562
441.912
435.493
435.22
434.345
430.555
430.217
429.488
434.033
426.154
422.056
417.619
409.955
405.852
405.596
396.503
392.061
390.807
390.434
388.816
382.794
380.89
378.767
372.215
369.185
367.365
363.396
362.188
361.37
357.146
350.438
347.061
346.236
345.453
345.465
345.272
345.131
344.402
344.045
341.999
337.642
336.322
336.322
336.206
335.975
336.534
333.31
333.039
332.56
332.565
332.564
332.34
331.527
328.973
328.908
328.769
327.772
327.174
326.928
326.155
325.389
322.126
318.296
318.273
310.953
307.416
304.723
302.526
301.203
298.909
298.909
298.755
297.707
292.356
292.356
292.356
292.352
292.343
292.651
292.175
291.965
291.276
292.203
284.859
284.79
284.478
284.294
284.222
283.796
282.492
280.656
276.765
276.233
276.233
276.233
275.982
277.348
274.106
273.173
272.604
272.447
271.742
268.733
268.612
267.913
267.164
265.961
258.924
257.542
257.542
257.512
257.403
256.916
256.353
256.292
256.353
256.335
256.262
255.957
255.039
253.787
253.062
252.2
251.43
251.43
251.43
251.43
251.43
251.43
251.43
251.43
251.43
251.43
251.43
251.43
251.43
251.43
256.208
253.593
258.662
249.638
242.787
242.076
241.995
239.589
230.049
207.227
207.157
207.005
206.89
206.138
205.734
205.325
210.754
204.915
204.846
204.904
204.876
204.863
204.803
204.483
204.138
203.149
202.256
201.62
201.192
199.972
199.798
199.798
199.798
199.798
199.798
199.798
199.798
199.787
199.754
199.634
199.251
199.249
199.241
199.178
199.005
198.396
197.793
197.081
197.003
196.93
196.784
196.129
193.351
193.458
193.264
192.886
192.877
192.877
192.877
192.877
192.877
192.877
192.873
192.865
192.832
192.668
192.645
192.515
192.285
192.285
192.115
191.978
190.146
190.007
189.924
189.413
189.109
188.61
188.117
187.949
187.009
187.009
187.009
187.009
187.004
186.967
186.775
186.775
186.775
186.775
186.775
186.775
186.775
186.775
186.759
186.711
186.472
185.977
185.955
185.712
184.873
184.873
184.873
184.873
184.873
184.873
184.873
184.865
184.817
184.6
184.471
184.402
184.264
183.094
181.029
181.029
181.004
180.851
180.167
179.762
179.762
179.762
179.762
179.762
179.734
179.651
179.287
178.375
178.287
177.763
175.471
174.4
172.309
170.139
170.139
170.139
170.139
170.139
170.139
170.113
169.883
168.819
168.811
168.811
168.776
168.671
167.842
167.086
167.086
167.065
167.021
166.827
166.001
166.001
165.983
165.965
165.877
165.312
165.118
165.118
165.102
165.086
165.023
164.562
164.324
164.324
164.324
164.31
164.268
164.154
163.484
162.95
162.858
162.858
162.841
162.752
162.232
161.225
160.86
160.725
160.15
160.069
160.069
160.069
160.069
160.069
160.069
160.069
160.044
159.824
159.043
158.245
157.792
157.792
157.789
157.789
157.787
157.771
157.679
157.615
157.378
157.029
156.939
156.869
156.61
155.775
155.726
155.615
155.174
155.174
155.174
155.174
155.165
155.136
155.118
154.881
154.225
153.73
153.73
153.73
153.73
153.73
153.73
153.714
153.646
153.323
152.919
152.919
152.919
152.919
152.919
152.919
152.864
152.802
152.449
151.181
150.178
150.178
150.178
150.178
150.178
150.178
150.178
150.154
150.072
149.775
148.98
148.98
148.98
148.98
148.98
148.98
148.98
148.98
148.98
148.98
148.98
148.98
148.98
148.98
148.98
148.98
148.98
148.98
148.98
148.98
148.98
148.959
148.937
148.789
148.153
147.075
141.34
139.485
139.485
139.476
139.458
139.412
139.077
139.031
139.003
138.971
138.971
138.959
138.925
138.763
138.392
138.392
138.39
138.386
138.375
138.335
138.257
138.129
138.036
138.036
138.036
138.036
138.036
138.036
138.019
137.91
138.383
137.15
137.109
136.986
136.986
136.967
136.948
136.874
136.731
135.994
135.208
135.057
134.332
133.687
133.556
133.286
133.286
133.286
133.286
133.286
133.286
133.286
133.286
133.286
133.286
133.269
133.167
132.739
132.433
132.433
132.433
132.433
132.433
132.433
132.433
132.409
132.428
132.433
132.371
132.177
131.587
129.35
129.35
129.35
129.35
129.35
129.35
129.35
129.35
129.35
129.35
129.35
129.35
129.35
129.35
129.345
129.336
129.308
129.158
129.116
129.116
129.116
129.116
129.116
129.116
129.116
129.102
129.088
129.025
128.718
128.419
128.419
128.419
128.419
128.419
128.419
128.419
128.419
128.405
128.33
127.989
127.677
127.677
127.677
127.677
127.605
127.677
127.668
127.677
127.677
127.677
127.677
127.677
127.677
127.656
127.53
127.215
126.626
126.626
126.626
126.626
126.626
126.626
126.616
126.564
126.354
126.238
126.238
126.238
126.238
126.238
126.238
126.238
126.238
126.238
126.238
126.238
126.238
126.238
126.238
126.238
126.238
126.238
126.238
126.236
126.229
126.209
126.126
126.126
126.126
126.113
126.099
126.073
125.933
126.141
125.444
125.418
125.324
125.015
124.787
124.787
124.787
124.787
124.787
124.787
124.787
124.781
124.77
124.737
124.555
124.511
124.509
124.508
124.496
124.453
124.445
124.445
124.445
124.445
124.445
124.445
124.445
124.445
124.445
124.445
124.445
124.445
124.445
124.445
124.445
124.438
124.373
124.163
124.077
124.058
123.993
123.884
123.788
123.788
123.788
123.788
123.788
123.788
123.788
123.788
123.788
123.769
123.619
123.094
122.851
122.851
122.775
122.851
122.851
122.851
122.833
122.815
122.742
122.525
121.96
121.96
121.96
121.96
121.96
121.96
121.96
121.96
121.96
121.951
121.951
121.96
121.96
121.96
121.96
121.96
121.96
121.96
121.96
121.96
121.96
121.96
121.96
121.96
121.96
121.96
121.96
121.96
121.96
121.96
121.96
121.96
121.96
121.925
121.847
121.813
121.315
121.99
117.681
116.383
115.801
115.801
115.801
115.801
115.801
115.801
115.801
115.801
115.801
115.801
115.801
115.801
115.801
115.801
115.788
115.788
115.736
115.569
115.158
115.158
115.158
115.158
115.158
115.158
115.005
115.158
115.158
115.158
115.158
115.157
115.155
115.145
115.122
115.122
115.122
115.122
115.122
115.122
115.122
115.122
115.122
115.122
115.122
115.122
115.11
115.08
114.821
114.497
114.497
114.497
114.484
114.443
114.158
113.818
113.818
113.818
113.818
113.818
113.818
113.818
113.818
113.818
113.81
113.784
113.662
113.381
113.353
113.256
112.837
112.694
112.666
112.569
112.482
112.482
112.482
112.482
112.482
112.482
112.482
112.482
112.482
112.482
112.482
112.482
112.482
112.482
112.482
112.482
112.482
112.482
112.482
112.482
112.482
112.482
112.482
112.482
112.459
112.412
112.041
111.32
111.32
111.32
111.308
111.282
111.147
110.721
110.717
110.694
110.621
110.621
110.621
110.621
110.621
110.621
110.621
110.621
110.621
110.621
110.621
110.621
110.621
110.621
110.621
110.621
110.621
110.621
110.621
110.621
110.621
110.621
110.621
110.621
110.621
110.616
110.588
110.538
110.36
110.344
110.344
110.344
110.344
110.344
110.344
110.344
110.344
110.344
110.344
110.344
110.344
110.344
110.344
110.344
110.332
110.296
110.178
109.751
109.751
109.751
109.751
109.751
109.751
109.751
109.751
109.751
109.751
109.751
109.751
109.751
109.751
109.751
109.748
109.73
109.682
109.618
109.618
109.618
109.618
109.618
109.618
109.618
109.618
109.615
109.606
109.58
109.471
109.438
109.405
109.438
109.331
108.896
107.826
107.826
107.826
107.826
107.826
107.826
107.826
107.826
107.826
107.826
107.826
107.826
107.826
107.815
107.792
107.598
107.208
107.094
106.726
106.606
106.603
106.583
106.529
106.529
106.529
106.529
106.529
106.529
106.529
106.529
106.525
106.515
106.466
106.285
106.285
106.285
106.285
106.285
106.285
106.285
106.25
106.144
105.754
104.502
104.49
104.442
104.214
103.914
103.914
103.914
103.914
103.914
103.914
103.914
103.914
103.914
103.914
103.914
103.914
103.914
103.914
103.914
103.901
103.901
103.888
103.811
103.54
103.269
103.269
103.269
103.269
103.269
103.269
103.269
103.269
103.269
103.269
103.269
103.269
103.269
103.269
103.269
103.269
103.269
103.269
103.269
103.269
103.269
103.269
107.598
103.269
103.269
103.269
103.269
103.198
103.198
102.774
101.287
99.7305
99.7305
99.7305
99.7305
99.7305
99.7305
99.7305
99.7305
99.7305
99.6684
99.4872
99.0056
96.8761
96.8761
96.8761
96.8761
96.8761
96.8697
96.8697
96.8443
96.768
96.5582
96.5582
96.5582
96.5582
96.5582
96.5582
96.5582
96.5582
96.5582
96.5582
96.5582
96.5582
96.5582
96.5582
96.5582
96.5582
96.5582
96.5582
96.5582
96.5582
96.5582
96.5582
96.5582
96.6071
96.5582
96.5517
96.5126
96.3599
96.1848
96.0791
95.7525
95.7525
95.7525
95.7525
95.7525
95.7517
95.7493
95.7222
95.631
95.3769
94.6749
94.6749
94.6749
94.6749
94.6749
94.6749
94.6711
94.6634
94.6405
94.5486
94.4836
94.4836
94.4836
94.4836
94.4836
94.4836
94.4836
94.4836
94.4836
94.4836
94.4836
94.4836
94.4836
94.4836
94.4836
94.4836
94.4836
94.4836
94.4836
94.4836
94.4836
94.4836
94.4836
94.473
94.4306
94.304
93.9536
93.9536
93.9536
93.9536
93.9536
93.9418
93.8589
93.7998
93.4922
93.3621
93.3621
93.3621
93.3621
93.3621
93.3621
93.3621
93.3621
93.3621
93.3621
93.3621
93.3621
93.3621
93.3621
93.3621
93.3621
93.3621
93.3621
93.3621
93.3621
93.3621
93.3621
93.3621
93.3621
93.3621
93.3621
93.3621
93.3621
93.3621
93.3621
93.3621
93.3621
93.3621
93.3621
93.3621
93.3621
93.3621
93.3621
93.356
93.35
93.3136
93.1378
93.059
93.059
93.059
93.059
93.059
93.059
93.059
93.059
93.059
93.059
93.059
93.059
93.059
93.059
93.059
93.059
93.059
93.059
93.059
93.059
93.059
93.059
93.059
93.059
93.059
93.059
93.0522
93.0522
93.0318
92.9708
92.8419
92.7198
92.7198
92.7198
92.7198
92.7198
92.7198
92.7198
92.7198
92.7198
92.7198
92.7198
92.7198
92.7198
92.7198
92.7198
92.7198
92.7198
92.7198
92.7198
92.7198
92.7117
92.6549
92.5253
92.3147
92.3147
92.3147
92.3147
92.3147
92.3033
92.203
91.8179
91.7451
91.7451
91.7451
91.7451
91.7451
91.7451
91.7451
91.7451
91.7451
91.7451
91.7451
91.7451
91.7451
91.7451
91.7451
91.7451
91.7451
91.7451
91.7451
91.7451
91.7451
91.7451
91.7451
91.7451
91.7451
91.7451
91.7451
91.7451
91.7451
91.7451
91.7451
91.7451
91.7451
91.7451
91.7451
91.7451
91.7451
91.7451
91.7451
91.7361
91.6825
91.5395
91.2981
91.2981
91.2981
91.2981
91.2981
91.2981
91.2981
91.2981
91.2807
91.2282
91.0009
90.4732
90.4239
90.4239
90.4239
90.4239
90.4239
90.4239
90.4177
90.3989
90.3236
90.1104
90.1104
90.1104
90.1104
90.1104
90.1104
90.1104
90.1104
90.1104
90.1104
90.1104
90.0795
89.9869
89.4926
88.5659
88.5659
88.5659
88.5659
88.5659
88.5659
88.5659
88.5659
88.5659
88.5659
88.5659
88.5659
88.5659
88.5659
88.5659
88.5659
88.5659
88.5659
88.5659
88.5659
88.5659
88.5659
88.5659
88.5659
88.5659
88.5659
88.5659
88.5659
88.5659
88.5659
88.5659
88.5659
88.5659
88.5659
88.5659
88.5659
88.5659
88.5659
88.5659
88.5659
88.5659
88.5557
88.5151
88.3629
88.0586
88.0581
88.0559
88.051
88.0362
88.0362
88.0362
88.0362
88.0362
88.0362
88.0274
87.9633
87.8223
87.3492
86.4658
86.3706
86.069
85.507
85.0776
85.0776
85.0776
85.0776
85.0776
85.0776
85.0776
85.0776
85.0776
85.0776
85.0776
85.0776
85.0776
85.0776
85.0776
85.0776
85.0776
85.0776
85.0776
85.0776
85.0776
85.0776
85.0776
85.0776
85.0776
85.0776
85.0776
85.0776
85.0776
85.0527
85.0527
85.0028
84.903
84.7782
84.2726
83.83
83.83
83.83
83.83
83.83
83.83
83.8285
83.8269
83.8192
83.793
83.7528
83.7528
83.7528
83.7528
83.7528
83.7528
83.7528
83.7528
83.7528
83.7528
83.7528
83.7528
83.7528
83.7528
83.7528
83.7528
83.7528
83.7528
83.7528
83.7528
83.7528
83.7528
83.7528
83.7528
83.7528
83.7528
83.7528
83.7528
83.7528
83.7528
83.7528
83.7528
83.7528
83.7528
83.7528
83.7528
83.7493
83.7458
83.7388
83.7038
83.5884
83.5779
83.5779
83.5779
83.5779
83.5779
83.5779
83.5779
83.5779
83.5779
83.5779
83.5779
83.5779
83.5779
83.5779
83.5779
83.5779
83.5779
83.5779
83.5779
83.5779
83.5779
83.5779
83.5779
83.5779
83.5779
83.5779
83.5779
83.5779
83.5779
83.5779
83.5779
83.5779
83.5779
83.5779
83.5779
83.5779
83.5779
83.5779
83.5779
83.5779
83.5779
83.5779
83.5779
83.5779
83.5779
83.5779
83.5779
83.5779
83.5779
83.5779
83.5634
83.5606
83.5723
83.5446
83.4486
83.3138
83.1817
83.1817
83.1817
83.1817
83.1817
83.1817
83.1817
83.1817
83.1817
83.1817
83.1817
83.1817
83.1817
83.1817
83.178
83.1706
83.1225
82.9756
82.9336
82.7867
82.4719
81.9473
81.9473
81.9473
81.9473
81.9473
81.9473
81.9473
81.9473
81.9473
81.9473
81.9473
81.9473
81.9473
81.9473
81.9473
81.8914
81.6676
80.8055
79.1497
79.1497
79.1497
79.1497
79.1497
79.1497
79.1497
79.1497
79.1497
79.1497
79.1497
79.1497
79.1497
79.1497
79.1497
79.1497
79.1497
79.1497
79.1497
79.1497
79.1497
79.1497
79.1497
79.1497
79.1497
79.1497
79.1497
79.1497
79.1497
79.1497
79.1497
79.1497
79.1497
79.1497
79.1497
79.1497
79.1497
79.1497
79.1497
79.1497
79.1497
79.1497
79.1497
79.1497
79.1497
79.1497
79.1497
79.1497
79.1497
79.1497
79.1464
79.143
79.1159
78.994
78.9804
78.9804
78.9804
78.9804
78.9804
78.9804
78.9804
78.9804
78.9804
78.9804
78.9804
78.9804
78.9804
78.9804
78.9804
78.9804
78.9804
78.9804
78.9804
78.9771
78.9771
78.9639
78.9341
78.8347
78.8148
78.8148
78.8148
78.8148
78.8148
78.8148
78.8148
78.8148
78.8148
78.8148
78.8148
78.8148
78.8148
78.8148
78.8148
78.8148
78.8148
78.8148
78.8148
78.8148
78.8148
78.8148
78.8148
78.8148
78.8148
78.8148
78.8148
78.8148
78.8148
78.8148
78.8148
78.8148
78.8148
78.8148
78.8148
78.8148
78.8148
78.8148
78.8148
78.8148
78.8148
78.8148
78.8148
78.8148
78.8148
78.8148
78.8148
78.8148
78.8148
78.8148
78.8148
78.8148
78.8148
78.8148
78.8148
78.8148
78.8148
78.8148
78.8148
78.8148
78.8148
78.8148
78.8148
78.8148
78.8148
78.8148
78.8148
78.8148
78.8148
78.8148
78.8148
78.8148
78.8148
78.8148
78.8148
78.8148
78.8148
78.8148
78.8148
78.8148
78.8148
78.8148
78.8148
78.8148
78.8148
78.8148
78.8148
78.8148
78.8148
78.8148
78.8148
78.8148
78.8148
78.8148
78.8148
78.8148
78.8148
78.8148
78.8148
78.8148
78.8148
78.8148
78.8148
78.8148
78.8148
78.8148
78.8148
78.8148
78.8148
78.8148
78.8148
78.8148
78.8148
78.8148
78.8148
78.8148
78.8148
78.8148
78.8148
78.8148
78.8148
78.8148
78.8148
78.8148
78.8148
78.8148
78.8148
78.8148
78.8148
78.8148
78.8148
78.8148
78.8148
78.8148
78.8148
78.8148
78.8148
78.8148
78.8148
78.8148
78.8148
78.8148
78.8148
78.8148
78.8148
78.8148
78.8148
78.8148
78.8148
78.8148
78.8148
78.8148
78.8148
78.8148
78.8148
78.8148
78.8148
78.8148
78.8148
78.8148
78.8148
78.8148
78.8148
78.8148
78.8148
78.8148
78.8148
78.8148
78.8148
78.8148
78.8148
78.8148
78.8148
78.8148
78.8148
78.8148
78.8148
78.8148
78.8148
78.8148
78.8148
78.8148
78.8148
78.8148
78.8148
78.8148
78.8148
78.8148
78.8148
78.8148
78.8148
78.8148
78.8148
78.8148
78.8148
78.8148
78.8148
78.8148
78.8148
78.8148
78.8148
78.8148
78.8148
78.8148
78.8148
78.8148
78.8148
78.8148
78.8148
78.8148
78.8148
78.8148
78.8148
78.8148
78.8148
78.8148
78.8148
78.8148
78.8148
78.8148
78.8148
78.8148
78.8148
78.8148
78.8148
78.8148
78.8148
78.8148
78.8148
78.8148
78.8148
78.8148
78.8148
78.8148
78.8148
78.8148
78.8148
78.8148
78.8148
78.8148
78.8148
78.8148
78.8148
78.8101
78.8063
78.7847
78.7142
78.7036
78.6699
78.5925
78.5775
78.5775
78.5775
78.5775
78.5775
78.5775
78.5775
78.5775
78.5775
78.5775
78.5775
78.5775
78.5775
78.5775
78.5775
78.5775
78.5775
78.5775
78.5775
78.5775
78.5775
78.5775
78.5775
78.5775
78.5775
78.5775
78.5775
78.5775
78.5775
78.5775
78.5775
78.5775
78.5775
78.6302
78.5775
78.5775
78.5775
78.5775
78.5775
78.5775
78.5775
78.5775
78.5775
78.5775
78.5756
78.5737
78.5681
78.5457
78.4781
79.3178
79.6023
78.1852
78.1097
78.1041
78.1041
78.1041
78.1041
78.1041
78.1041
78.1041
78.1041
78.1041
78.1041
78.1041
78.1041
78.1041
78.1041
78.1041
78.1041
78.1041
78.1041
78.1041
78.1041
78.1041
78.1041
78.1041
78.1041
78.1041
78.1041
78.1041
78.1041
78.1041
78.1041
78.1041
78.1041
78.1041
78.1041
78.1041
78.1041
78.1041
78.1041
78.1041
78.1041
78.1041
78.1041
78.1041
78.1041
78.1041
78.1041
78.1041
78.1041
78.1041
78.1041
78.1041
78.1041
78.1041
82.2774
78.1041
78.1041
78.1041
78.1041
78.1041
78.1041
78.0918
78.0547
78.0547
77.9559
77.6965
77.4865
77.4865
77.4865
77.4865
77.4865
77.4865
77.4865
77.4865
77.4865
77.4865
77.4865
77.4865
77.4865
77.4865
77.4865
77.4865
77.4865
77.4865
77.4865
77.4865
77.4865
77.4865
77.4865
77.4865
77.4865
77.4865
77.4865
77.4865
77.4865
77.4865
77.4865
77.4865
77.4865
77.4865
77.4865
77.4865
77.4865
77.4865
77.4865
77.4865
77.4865
77.4865
77.4865
77.4865
77.4865
77.4865
77.4865
77.4865
77.4865
77.4865
77.4865
77.4856
77.483
77.4768
77.4619
77.4427
77.4427
77.4427
77.4427
77.4427
77.4408
77.4372
77.4299
77.4061
77.3511
77.3511
77.3511
77.3511
77.3511
77.3511
77.3511
77.3511
77.3511
77.3511
77.3511
77.3511
77.3511
77.3511
77.3511
77.3438
77.3365
77.3145
77.2558
77.1385
76.9845
76.9845
76.9845
76.9845
76.9845
76.9845
76.9845
76.9845
76.9845
76.9845
76.9845
76.9845
76.9845
76.9845
76.9845
76.9845
76.9845
76.9845
76.9845
76.9845
76.9845
76.9845
76.9845
76.9845
76.9845
76.9845
76.9845
76.9845
76.9845
76.9845
76.9845
76.9845
76.9845
76.9845
76.9845
76.9845
76.9845
76.9845
76.9845
76.9845
76.9845
76.9845
76.9845
76.9845
76.9845
76.9845
76.9845
76.9845
76.9845
76.9845
76.9845
76.9845
76.9845
76.9845
76.9845
76.9845
76.9845
76.9845
76.9845
76.9845
76.9845
76.9713
76.9448
76.9845
76.9845
76.9845
76.9845
76.9845
76.9845
76.9845
76.9845
76.9845
76.9845
76.9845
76.9845
76.9845
76.9845
76.9845
76.9845
76.9845
76.9845
76.9845
76.9845
76.9845
76.9845
76.9845
76.9845
76.9845
76.9845
76.9845
76.9845
76.9845
76.9845
76.9845
76.9845
76.9845
76.9845
76.9845
76.9845
76.9845
76.9845
76.9845
76.9845
76.9845
76.9845
76.9845
76.9845
76.9845
76.9845
76.9713
76.9184
76.7862
76.3236
76.3236
76.3236
76.3236
76.3236
76.3236
76.3236
76.3236
76.3236
76.3236
76.3236
76.3236
76.3236
76.3236
76.3236
76.3236
76.3236
76.3236
76.3236
76.3236
76.3236
76.3236
76.3203
76.3105
76.2759
76.1605
76.1605
76.1605
76.1605
76.1605
76.1605
76.1605
76.1605
76.1605
76.1605
76.1605
76.1605
76.1605
76.1605
76.1605
76.1605
76.1605
76.1605
76.1605
76.1605
76.1605
76.1605
76.1605
76.1605
76.1605
76.1605
76.1605
76.1605
76.1605
76.1605
76.1605
76.1605
76.1605
76.1605
76.1605
76.1605
76.1465
76.0905
75.9507
75.601
75.4612
75.4612
75.4612
75.4612
75.4612
75.4612
75.4612
75.4612
75.4612
75.4612
75.4612
75.4612
75.4612
75.4612
75.4612
75.4612
75.4612
75.4612
75.4612
75.4612
75.4612
75.4612
75.4612
75.4612
75.4612
75.4612
75.4612
75.4612
75.4612
75.4612
75.4612
75.4612
75.4612
75.4612
75.4612
75.4612
75.4612
75.4612
75.4612
75.4612
75.4612
75.4612
75.4612
75.4612
75.4612
75.4612
75.4612
75.4612
75.4612
75.4612
75.4612
75.4612
75.4612
75.4612
75.4612
75.4612
75.4612
75.4612
75.4612
75.4612
75.4612
75.4612
75.4612
75.4612
75.4612
75.4612
75.4612
75.4612
75.4612
75.4612
75.4612
75.4612
75.4612
75.4612
75.4612
75.4612
75.4612
75.4612
75.4612
75.4612
75.4612
75.4612
75.4612
75.4612
75.4612
75.4612
75.4612
75.4612
75.4612
75.4612
75.4612
75.4612
75.4612
75.4612
75.4612
75.4612
75.4612
75.4612
75.4612
75.4534
75.438
75.3762
75.1212
75.0748
75.0748
75.0748
75.0748
75.0748
75.0748
75.0748
75.0748
75.0748
75.0748
75.0748
75.0748
75.0748
75.0748
75.0748
75.0748
75.0748
75.0748
75.0748
75.0748
75.0748
75.0748
75.0748
75.0748
75.0748
75.0748
75.0748
75.0748
75.0748
75.0748
75.0748
75.0748
75.0748
75.0685
75.0434
74.9932
74.7611
74.7611
74.7611
74.7611
74.7611
74.7611
74.7611
74.7611
74.7611
74.7611
74.7611
74.7611
74.7611
74.7611
74.7611
74.7611
74.7611
74.7611
74.7611
74.7611
74.7611
74.7611
74.7611
74.7611
74.7611
74.7611
74.7611
74.7611
74.7611
74.7611
74.7611
74.7611
74.7611
74.7611
74.7611
74.7611
74.7611
74.7611
74.7611
74.7611
74.7611
74.7611
74.7611
74.7611
74.7611
74.7611
74.7611
74.7611
74.7611
74.7576
74.7506
74.7436
74.7051
74.5862
74.5862
74.5862
74.5825
74.5751
74.5641
74.5274
74.4024
74.4024
74.4024
74.4024
74.4024
74.4024
74.4024
74.4024
74.4024
74.4024
74.4024
74.4024
74.4024
74.4024
74.4024
74.4024
74.4024
74.4024
74.4024
74.4024
74.4024
74.4024
74.4024
74.4024
74.4024
74.4024
74.4024
74.4024
74.4024
74.4024
74.4024
74.4024
74.4024
74.4024
74.4024
74.4024
74.4024
74.4024
74.4024
74.4024
74.4024
74.4024
74.4024
74.4024
74.4024
74.4024
74.4024
74.4024
74.4024
74.4024
74.4024
74.4024
74.4024
74.4024
74.4024
74.4024
74.4024
74.3735
74.3445
74.2588
73.7955
72.9546
72.9546
72.9546
72.9546
72.9546
72.9546
72.9546
72.9546
72.9546
72.9546
72.9546
72.9546
72.9546
72.9546
72.9546
72.9546
72.9546
72.9546
72.9546
72.9546
72.9546
72.9546
72.9546
72.9546
72.9546
72.9546
72.9546
72.9546
72.9546
72.9546
72.9546
72.9546
72.9546
72.9546
72.9546
72.9546
72.9546
72.9546
72.9546
72.9546
72.9546
72.9546
72.9546
72.9546
72.9546
72.9546
72.9546
72.9546
72.9546
72.9546
72.9546
72.9546
72.9546
72.9546
72.9546
72.9546
72.9546
72.9546
72.9546
72.9546
72.9546
72.9546
72.9546
72.9546
72.9546
72.9546
72.9546
72.9546
72.9546
72.9546
72.9546
72.9546
72.9546
72.9546
72.9546
72.9546
72.9546
72.9546
72.9546
72.9546
72.9546
72.9546
72.9546
72.9546
72.9546
72.9546
72.9546
72.9546
72.9546
72.9546
72.9546
72.9546
72.9546
72.9546
72.9546
72.9546
72.9546
72.9546
72.9546
72.9546
72.9546
72.9546
72.9546
72.9546
72.9546
72.9546
72.9546
72.9546
72.9546
72.9546
72.9546
72.9546
72.9546
72.9546
72.9546
72.9546
72.9546
72.9546
72.9546
72.9546
72.9546
72.9546
72.9546
72.9546
72.9546
72.9546
72.9546
72.9546
72.9546
72.9546
72.9546
72.9546
72.9546
72.9546
72.9546
72.9546
72.9546
72.9546
72.9546
72.9546
72.9546
72.9546
72.9546
72.9546
72.9546
72.9546
72.9546
72.9546
72.9546
72.9546
72.9546
72.9546
72.9546
72.9546
72.9546
72.9546
72.9546
72.9546
72.9546
72.9546
72.9546
72.9546
72.9546
72.9546
72.9546
72.9546
72.9546
72.9546
72.9546
72.9546
72.9546
72.9546
72.9546
72.9546
72.9546
72.9546
72.9546
72.9546
72.9546
72.9546
72.9546
72.9546
72.9546
72.9546
72.9546
72.9546
72.9546
72.9546
72.9546
72.9546
72.9546
72.9546
72.9546
72.9546
72.9546
72.9546
72.9546
72.9546
72.9546
72.9546
72.9546
72.9546
72.9546
72.9546
72.9546
72.9546
72.9546
72.9546
72.9546
72.9546
72.9546
72.9546
72.9546
72.9546
72.9546
72.9546
72.9546
72.9546
72.9546
72.9546
72.9546
72.9546
72.9546
72.9546
72.9546
72.9546
72.9546
72.9546
72.9546
72.9546
72.9546
72.9546
72.9546
72.9546
72.9546
72.9546
72.9546
72.9546
72.9546
72.9546
72.9546
72.9546
72.9546
72.9546
72.9546
72.9546
72.9546
72.9546
72.9546
72.9546
72.9546
72.9546
72.9546
72.9546
72.9546
72.9546
72.9546
72.9546
72.9546
72.9546
72.9546
72.9546
72.9546
72.9546
72.9546
72.9546
72.9546
72.9483
72.9483
72.9483
72.9358
72.8794
72.7394
72.6415
72.6415
72.6415
72.6415
72.6415
72.6415
72.6415
72.6415
72.6415
72.6415
72.6415
72.6415
72.6415
72.6415
72.6415
72.6415
72.6415
72.6415
72.6415
72.6415
72.6415
72.6415
72.6415
72.6415
72.6415
72.6415
72.6415
72.6415
72.6415
72.6415
72.6415
72.6415
72.6415
72.6415
72.6415
72.6415
72.6415
72.6415
72.6415
72.6415
72.6415
72.6415
72.6415
72.6415
72.6415
72.6415
72.6415
72.6415
72.6415
72.6415
72.6415
72.6415
72.6415
72.6415
72.6415
72.6415
72.6415
72.6415
72.6415
72.6415
72.6415
72.6415
72.6415
72.6415
72.6415
72.6415
72.6415
72.6415
72.6415
72.6415
72.6415
72.6415
72.6415
72.6415
72.6415
72.6415
72.6415
72.6415
72.6415
72.6415
72.6415
72.6415
72.6415
72.6415
72.6415
72.6415
72.6415
72.6415
72.6415
72.6415
72.6415
72.6415
72.6415
72.6415
72.6415
72.6415
72.6415
72.6415
72.6415
72.6415
72.6415
72.6415
72.6415
72.6415
72.6415
72.6415
72.6415
72.6415
72.6415
72.6415
72.6415
72.6415
72.6415
72.6415
72.6415
72.6415
72.6415
72.6415
72.6415
72.6415
72.6415
72.6415
72.6415
72.6415
72.6415
72.6415
72.6415
72.6415
72.6415
72.6415
72.6415
72.6415
72.6415
72.6415
72.6415
72.6415
72.6415
72.6415
72.6415
72.6415
72.6415
72.6415
72.6415
72.6415
72.6415
72.6415
72.6415
72.6415
72.6415
72.6415
72.6415
72.6415
72.6415
72.6415
72.6415
72.6415
72.6415
72.6415
72.6415
72.6415
72.6415
72.6415
72.6415
72.6415
72.6415
72.6415
72.6415
72.6415
72.6415
72.6415
72.6415
72.6415
72.6415
72.6415
72.6415
72.6415
72.6415
72.6415
72.6415
72.6415
72.6415
72.6415
72.6415
72.6415
72.6407
72.6407
72.6415
72.6415
72.6415
72.6335
72.6015
72.5456
72.3113
72.2317
72.2242
72.1662
72.1158
72.1158
72.1158
72.1158
72.1158
72.1158
72.1158
72.1158
72.1158
72.2368
72.1158
72.1158
72.1158
72.1158
72.1158
72.1158
72.1158
72.1158
72.1158
72.1158
72.1158
72.1158
72.1158
72.1158
72.1158
72.1158
72.1158
72.1158
72.1158
72.1158
72.1158
72.1158
72.1158
72.1158
72.1158
72.1158
72.1158
72.1158
72.1158
72.1158
72.1158
72.1158
72.1158
72.1158
72.1158
72.1158
72.1158
72.1158
72.1158
72.1158
72.1158
72.1158
72.1158
72.1158
72.1158
72.1158
72.1158
72.1158
72.1158
72.1158
72.1158
72.1158
72.1158
72.1158
72.1158
72.1158
72.1158
72.1158
72.1158
72.1158
72.1158
72.1158
72.1158
72.1158
72.1158
72.1158
72.1158
72.1158
72.1158
72.1158
72.1158
72.1158
72.1158
72.1158
72.1158
72.1158
72.1158
72.1158
72.1158
72.1158
72.1158
72.1158
72.1158
72.1158
72.1158
72.1158
72.1158
72.1158
72.1158
72.1158
72.1158
72.1158
72.1158
72.1158
72.1158
72.1158
72.1158
72.1158
72.1158
72.1158
72.1158
72.1158
72.1158
72.1158
72.1158
72.1158
72.1158
72.1158
72.1158
72.1158
72.1158
72.1158
72.1158
72.1158
72.1158
72.1158
72.1158
72.1158
72.1158
72.1158
72.1158
72.1158
72.1158
72.1158
72.1158
72.1158
72.1158
72.1158
72.1158
72.1158
72.1158
72.1158
72.1158
72.1158
72.1158
72.1158
72.1158
72.1158
72.1158
72.1158
72.1158
72.1158
72.1158
72.1158
72.1158
72.1158
72.1158
72.1158
72.1158
72.1158
72.1158
72.1158
72.1158
72.1158
72.1158
72.1158
72.1158
72.1158
72.1158
72.1158
71.3556
70.9
72.485
70.2228
70.5192
69.7697
58.6002
58.6002
58.6002
58.6002
58.6002
58.6002
58.6002
58.6002
58.6002
58.6002
58.6002
58.6002
58.6002
58.6002
58.6002
58.6002
58.6002
58.6002
58.6002
58.6002
58.6002
58.6002
58.6002
58.6002
58.6002
58.6002
58.6002
58.6002
58.6002
58.6002
58.6002
58.6002
58.6002
58.6002
58.6002
58.6002
58.6002
58.6002
58.6002
58.6002
58.6002
58.6002
58.6002
58.6002
58.6002
58.6002
58.6002
58.6002
58.6002
58.6002
58.6002
58.6002
58.6002
58.6002
58.6002
58.6002
58.6002
58.6002
58.6002
58.6002
58.6002
58.6002
58.6002
58.6002
58.6002
58.6002
58.6002
58.6002
58.6002
58.6002
58.6002
58.6002
58.6002
58.6002
58.6002
58.6002
58.6002
58.6002
58.6002
58.6002
58.6002
58.6002
58.6002
58.6002
58.6002
58.6002
58.6002
58.6002
58.6002
58.6002
58.6002
58.6002
58.6002
58.6002
58.6002
58.6002
58.6002
58.6002
58.6002
58.6002
58.6002
58.6002
58.6002
58.6002
58.6002
58.6002
58.6002
58.6002
58.6002
58.6002
58.6002
58.6002
58.6002
58.6002
58.5981
58.5938
58.5917
58.5661
58.498
58.4937
58.4937
58.4937
58.4937
58.4937
58.4937
58.4937
58.4937
58.4937
58.4937
58.4937
58.4937
58.4937
58.4937
58.4937
58.4937
58.4937
58.4937
58.4937
58.4937
58.4937
58.4937
58.4937
58.4937
58.4937
58.4937
58.4937
58.4937
58.4937
58.4937
58.4937
58.4937
58.4937
58.4937
58.4937
58.4937
58.4937
58.4937
58.4937
58.4937
58.4937
58.4937
58.4937
58.4937
58.4937
58.4937
58.4937
58.4937
58.4937
58.4937
58.4937
58.4937
58.4937
58.4937
58.4937
58.4937
58.4937
58.4937
58.4937
58.4937
58.4937
58.4937
58.4937
58.4937
58.4937
58.4937
58.4937
58.4937
58.4937
58.4937
58.4937
58.4937
58.4937
58.4937
58.4937
58.4937
58.4937
58.4937
58.4937
58.4937
58.4937
58.4937
58.4937
58.4937
58.4937
58.4937
58.4937
58.4937
58.4937
58.4937
58.4937
58.4937
58.4937
58.4937
58.4937
58.4937
58.4937
58.4937
58.4937
58.4937
58.4937
58.4937
58.4937
58.4937
58.4937
58.4937
58.4937
58.4937
58.4937
58.4937
58.4937
58.4937
58.4937
58.4937
58.4937
58.4937
58.4937
58.4937
58.4937
58.4937
58.4937
58.4937
58.4937
58.4937
58.4937
58.4937
58.4937
58.4937
58.4937
58.4937
58.4937
58.4937
58.4937
58.4937
58.4937
58.4937
58.4937
58.4937
58.4937
58.4937
58.4937
58.4937
58.4937
58.4937
58.4937
58.4937
58.4937
58.4937
58.4937
58.4937
58.4937
58.4937
58.4937
58.4937
58.4937
58.4937
58.4937
58.4937
58.4937
58.4937
58.4937
58.4937
58.4937
58.4937
58.4937
58.4937
58.4937
58.4937
58.4937
58.4937
58.4937
58.4937
58.4937
58.4937
58.4937
58.4937
58.4937
58.4937
58.4937
58.4937
58.4937
58.4937
58.4937
58.4937
58.4937
58.4937
58.4937
58.4937
58.4937
58.4937
58.4937
58.4937
58.4937
58.4937
58.4937
58.4937
58.4937
58.4937
58.4937
58.4937
58.4937
58.4937
58.4937
58.4937
58.4937
58.4937
58.4937
58.4937
58.4937
58.4937
58.4937
58.4937
58.4937
58.4937
58.4937
58.4937
58.4937
58.4937
58.4937
58.4937
58.4937
58.4937
58.4937
58.4937
58.4937
58.4937
58.4937
58.4937
58.4937
58.4937
58.4937
58.4937
58.4937
58.4937
58.4937
58.4937
58.4937
58.4937
58.4937
58.4937
58.4937
58.4937
58.4937
58.4937
58.4937
58.4937
58.4937
58.4937
58.4937
58.4937
58.4937
58.4937
58.4937
58.4937
58.4937
58.4937
58.4937
58.4937
58.4937
58.4937
58.4937
58.4937
58.4937
58.4937
58.4937
58.4937
58.4937
58.4937
58.4937
58.4937
58.4937
58.4937
58.4937
58.4937
58.4937
58.4937
58.4937
58.4937
58.4937
58.4937
58.4937
58.4937
58.4937
58.4937
58.4937
58.4937
58.4937
58.4937
58.4937
58.4937
58.4937
58.4937
58.4937
58.4937
58.4937
58.4937
58.4937
58.4937
58.4937
58.4937
58.4937
58.4937
58.4937
58.4937
58.4937
58.4937
58.4937
58.4937
58.4937
58.4937
58.4937
58.4937
58.4937
58.4937
58.4937
58.4937
58.4937
58.4937
58.4937
58.4937
58.4937
58.4937
58.4937
58.4937
58.4937
58.4937
58.4937
58.4937
58.4937
58.4937
58.4937
58.4937
58.4937
58.4937
58.4937
58.4937
58.4937
58.4937
58.4937
58.4937
58.4937
58.4937
58.4937
58.4937
58.4937
58.4937
58.4937
58.4937
58.4937
58.4937
58.4937
58.4937
58.4937
58.4937
58.4937
58.4937
58.4853
58.4853
58.4685
58.4348
58.3162
58.0728
58.0728
58.0728
58.0728
58.0728
58.0728
58.0728
58.0728
58.0728
58.0728
58.0728
58.0728
58.0728
58.0728
58.0724
58.072
58.0712
58.0681
58.0611
58.0534
58.0534
58.0534
58.0534
58.0534
58.0534
58.0534
58.0534
58.0534
58.0534
58.0534
58.0534
58.0534
58.0534
58.0534
58.0534
58.0534
58.0534
58.0534
58.0534
58.0534
58.0534
58.0534
58.0534
58.0534
58.0534
58.0534
58.0534
58.0534
58.0534
58.0534
58.0534
58.0534
58.0534
58.0534
58.0534
58.0534
58.0534
58.0534
58.0534
58.0534
58.0534
58.0534
58.0534
58.0534
58.0534
58.0534
58.0534
58.0534
58.0534
58.0534
58.0534
58.0534
58.0534
58.0534
58.0534
58.0534
58.0534
58.0534
58.0534
58.0534
58.0534
58.0534
58.0534
58.0534
58.0534
58.0534
58.0534
58.0534
58.0534
58.0534
58.0534
58.0534
58.0534
58.0534
58.0534
58.0534
58.0534
58.0534
58.0534
58.0534
58.0534
58.0534
58.0534
58.0534
58.0534
58.0534
58.0534
58.0534
58.0534
58.0534
58.0534
58.0534
58.0534
58.0534
58.0534
58.0534
58.0534
58.0534
58.0534
58.0534
58.0534
58.0534
58.0534
58.0534
58.0534
58.0534
58.0534
58.0534
58.0534
58.0534
58.0534
58.0534
58.0534
58.0534
58.0534
58.0534
58.0534
58.0534
58.0534
58.0534
58.0534
58.0534
58.0534
58.0534
58.0534
58.0534
58.0534
58.0534
58.0534
58.0534
58.0534
58.0409
58.0534
58.0534
58.0534
58.0534
58.0534
58.0534
58.0534
58.0534
58.0534
58.0534
58.0534
58.0534
58.0534
58.0534
58.0534
58.0534
58.0534
58.0534
58.0534
58.0534
58.0534
58.0534
58.0534
58.0534
58.0534
58.0534
58.0534
58.0534
58.0534
58.0534
58.0534
58.0534
58.0534
58.0534
58.0534
58.0534
58.0534
58.0534
58.0534
58.0534
58.0534
58.0534
58.0534
58.0534
58.0534
58.0534
58.0534
58.0534
58.0534
58.0534
58.0534
58.0534
58.0534
58.0534
58.0534
58.0534
58.0534
58.0534
58.0534
58.0534
58.0534
58.0534
58.0534
58.0534
58.0534
58.0534
58.0534
58.0534
58.0534
58.0534
58.0534
58.0534
58.0534
58.0534
58.0534
58.0534
58.0534
58.0534
58.0534
58.0534
58.0534
58.0534
58.0534
58.0534
58.0534
58.0534
58.0534
58.0534
58.0534
58.0534
58.0534
58.0534
58.0534
58.0534
58.0534
58.0534
58.0534
58.0534
58.0534
58.0534
58.0534
58.0534
58.0534
58.0534
58.0534
58.0534
58.0534
58.0534
58.0534
58.0534
58.0534
58.0534
58.0534
58.0534
58.0534
58.0534
58.0534
58.0534
58.0534
58.0534
58.0534
58.0534
58.0534
58.0534
58.0534
58.0534
58.0534
58.0534
58.0534
58.0534
58.0534
58.0534
58.0534
58.0534
58.0534
58.0534
58.0534
58.0534
58.0534
58.0534
58.0534
58.0534
58.0534
58.0534
58.0534
58.0534
58.0534
58.0534
58.0534
58.0534
58.0534
58.0534
58.0534
58.0534
58.0534
58.0534
58.0534
58.0534
58.0534
58.0534
58.0534
58.0534
58.0115
57.9584
57.7515
57.5304
57.3536
57.3536
57.3536
57.3536
57.3536
57.3536
57.3536
57.3536
57.3536
57.3536
57.3536
57.3536
57.3536
57.3536
57.3536
57.3536
57.3536
57.3536
57.3536
57.3536
57.3536
57.3536
57.3536
57.3536
57.3536
57.3536
57.3536
57.3536
57.3536
57.3536
57.3536
57.3536
57.3536
57.3536
57.3536
57.3536
57.3536
57.3536
57.3536
57.3536
57.3536
57.3536
57.3536
57.3536
57.3536
57.3536
57.3536
57.3536
57.3536
57.3536
57.3536
57.3536
57.3536
57.3536
57.3536
57.3536
57.3536
57.3536
57.3536
57.3536
57.3536
57.3536
57.3536
57.3536
57.3536
57.3536
57.3536
57.3536
57.3536
57.3536
57.3536
57.3536
57.3536
57.3536
57.3536
57.3536
57.3536
57.3536
57.3536
57.3536
57.3536
57.3536
57.3536
57.3536
57.3536
57.3536
57.3536
57.3536
57.3536
57.3536
57.3536
57.3536
57.3536
57.3536
57.3536
57.3536
57.3536
57.3536
57.3536
57.3536
57.3536
57.3536
57.3536
57.3536
57.3536
57.3536
57.3536
57.3536
57.3536
57.3536
57.3536
57.3536
57.3536
57.3536
57.3536
57.3536
57.3536
57.3536
57.3536
57.3536
57.3536
57.3536
57.3536
57.3536
57.3536
57.3536
57.3536
57.3536
57.3536
57.3536
57.3536
57.3536
57.3536
57.3536
57.3536
57.3536
57.3536
57.3536
57.3536
57.3536
57.3335
57.3134
57.1726
56.8308
56.3482
56.3482
56.3482
56.3482
56.3482
56.3482
56.3482
56.3482
56.3482
56.3482
56.3482
56.3482
56.3482
56.3482
56.3482
56.3482
56.3482
56.3482
56.3482
56.3482
56.3482
56.3482
56.3482
56.3482
56.3482
56.3482
56.3482
56.3482
56.3482
56.3482
56.3482
56.3482
56.3482
56.3482
56.3482
56.3482
56.3482
56.3482
56.3482
56.3482
56.3482
56.3482
56.3482
56.3482
56.3482
56.3482
56.3482
56.3482
56.3482
56.3482
56.3482
56.3482
56.3482
56.3482
56.3482
56.3482
56.3482
56.3482
56.3482
56.3482
56.3482
56.3482
56.3482
56.3482
56.3482
56.3482
56.3482
56.3482
56.3482
56.3482
56.3482
56.3482
56.3482
56.3482
56.3482
56.3482
56.3482
56.3482
56.3482
56.3482
56.3482
56.3482
56.3482
56.3482
56.3482
56.3482
56.3482
56.3482
56.3482
56.3482
56.3482
56.3482
56.3482
56.3482
56.3482
56.3482
56.3482
56.3482
56.3482
56.3482
56.3482
56.3482
56.3482
56.3482
56.3482
56.3482
56.3482
56.3482
56.3482
56.3482
56.3482
56.3482
56.3482
56.3482
56.3482
56.3482
56.3482
56.3482
56.3482
56.3482
56.3482
56.3482
56.3482
56.3482
56.3482
56.3482
56.3482
56.3482
56.3482
56.3482
56.3482
56.3482
56.3482
56.3482
56.3482
56.3482
56.3482
56.3482
56.3482
56.3482
56.3482
56.3482
56.3482
56.3482
56.3482
56.3482
56.3482
56.3482
56.3482
56.3482
56.3482
56.3482
56.3482
56.3482
56.3482
56.3482
56.3482
56.3482
56.3482
56.3482
56.3482
56.3482
56.3482
56.3482
56.3482
56.3482
56.3482
56.3482
56.3482
56.3482
56.3482
56.3482
56.3482
56.3482
56.3482
56.3482
56.3482
56.3482
56.3482
56.3482
56.3482
56.3482
56.3482
56.3482
56.3482
56.3482
56.3482
56.3482
56.3482
56.3482
56.3482
56.3482
56.3482
56.3482
56.3482
56.3482
56.3482
56.3482
56.3482
56.3482
56.3482
56.3482
56.3482
56.3482
56.3482
56.3482
56.3482
56.3482
56.3482
56.3482
56.3482
56.3482
56.3482
56.3482
56.3482
56.3482
56.3482
56.3482
56.3482
56.3482
56.3482
56.3482
56.3482
56.3482
56.3482
56.3482
56.3482
56.3482
56.3482
56.3482
56.3482
56.3482
56.3482
56.3482
56.3482
56.3482
56.3482
56.3482
56.3482
56.3482
56.3482
56.3482
56.3482
56.3482
56.3482
56.3482
56.3482
56.3482
56.3482
56.3482
56.3482
56.3482
56.3482
56.3482
56.3482
56.3482
56.3482
56.3482
56.3482
56.3482
56.3482
56.3482
56.3482
56.3482
56.3482
56.3482
56.3482
56.3482
56.3482
56.3482
56.3482
56.3482
56.3482
56.3482
56.3482
56.3482
56.3482
56.3482
56.3482
56.3482
56.3482
56.3482
56.3482
56.3482
56.3482
56.3482
56.3482
56.3482
56.3482
56.3482
56.3482
56.3482
56.3482
56.3482
56.3482
56.3482
56.3482
56.3482
56.3482
56.3482
56.3482
56.3482
56.3482
56.3482
56.3482
56.3482
56.3482
56.3482
56.3482
56.3482
56.3482
56.3482
56.3482
56.3482
56.3482
56.3482
56.3482
56.3482
56.3482
56.3482
56.3482
56.3482
56.3482
56.3482
56.3482
56.3482
56.3482
56.3482
56.3482
56.3482
56.3482
56.3482
56.3482
56.3482
56.3482
56.3482
56.3482
56.3482
56.3482
56.3482
56.3482
56.3482
56.3482
56.3482
56.3482
56.3482
56.3482
56.3482
56.3482
56.3482
56.3482
56.3482
56.3482
56.3482
56.3482
56.3482
56.3482
56.3482
56.3482
56.3482
56.3482
56.3482
56.3482
56.3482
56.3482
56.3482
56.3482
56.3482
56.3482
56.3482
56.3482
56.3482
56.3482
56.3482
56.3482
56.3482
56.3482
56.3482
56.3482
56.3482
56.3482
56.3482
56.3482
56.3482
56.3482
56.3482
56.3482
56.3482
56.3482
56.3482
56.3482
56.3482
56.3482
56.3482
56.3482
56.3482
56.3482
56.3482
56.3482
56.3482
56.3482
56.3482
56.3482
56.3482
56.3482
56.3482
56.3482
56.3482
56.3482
56.3482
56.3482
56.3482
56.3482
56.3482
56.3482
56.3482
56.3482
56.3482
56.3482
56.3482
56.3482
56.3482
56.3482
56.3482
56.3482
56.3482
56.3482
56.3482
56.3482
56.3482
56.3482
56.3482
56.3482
56.3482
56.3482
56.3482
56.3482
56.3482
56.3482
56.3482
56.3482
56.3482
56.3482
56.3482
56.3482
56.3482
56.3482
56.3482
56.3482
56.3482
56.3482
56.3482
56.3482
56.3482
56.3482
56.3482
56.3482
56.3482
56.3482
56.3482
56.3482
56.3482
56.3482
56.3482
56.3482
56.3482
56.3482
56.3482
56.3482
56.3482
56.3482
56.3482
56.3482
56.3482
56.3482
56.3482
56.3482
56.3482
56.3482
56.3482
56.3482
56.3482
56.3482
56.3482
56.3482
56.3482
56.3482
56.3482
56.3482
56.3482
56.3482
56.3482
56.3482
56.3482
56.3482
56.3482
56.3482
56.3482
56.3482
56.3482
56.3482
56.3482
56.3482
56.3482
56.3482
56.3482
56.3482
56.3482
56.3482
56.3482
56.3482
56.3482
56.3482
56.3482
56.3482
56.3482
56.3482
56.3482
56.3482
56.3482
56.3482
56.3482
56.3482
56.3482
56.3482
56.3482
56.3482
56.3482
56.3482
56.3482
56.3482
56.3482
56.3482
56.3482
56.3482
56.3482
56.3482
56.3482
56.3482
56.3482
56.3482
56.3482
56.3482
56.3482
56.3482
56.3482
56.3482
56.3482
56.3482
56.3482
56.3482
56.3482
56.3482
56.3482
56.3482
56.3482
56.3482
56.3482
56.3482
56.3482
56.3482
56.3482
56.3482
56.3482
56.3482
56.3482
56.3482
56.3482
56.3482
56.3482
56.3482
56.3482
56.3482
56.3482
56.3482
56.3482
56.3482
56.3482
56.3482
56.3482
56.3482
56.3482
56.3482
56.3482
56.3482
56.3482
56.3482
56.3482
56.3482
56.3482
56.3482
56.3482
56.3482
56.3482
56.3482
56.3482
56.3482
56.3482
56.3482
56.3482
56.3482
56.3482
56.3482
56.3482
56.3482
56.3482
56.3482
56.3482
56.3482
56.3482
56.3482
56.3482
56.3482
56.3482
56.3482
56.3482
56.3482
56.3482
56.3482
56.3482
56.3482
56.3482
56.3482
56.3482
56.3482
56.3482
56.3482
56.3482
56.3482
56.3482
56.3482
56.3482
56.3482
56.3482
56.3482
56.3482
56.3482
56.3482
56.3482
56.3482
56.3482
56.3482
56.3482
56.3482
56.3482
56.3482
56.3482
56.3482
56.3482
56.3482
56.3482
56.3482
56.3482
56.3482
56.3482
56.3482
56.3482
56.3482
56.3482
56.3482
56.3482
56.3482
56.3482
56.3482
56.3482
56.3482
56.3482
56.3482
56.3482
56.3482
56.3482
56.3482
56.3482
56.3482
56.3482
56.3482
56.3482
56.3482
56.3482
56.3482
56.3482
56.3482
56.3482
56.3482
56.3482
56.3482
56.3482
56.3482
56.3482
56.3482
56.3482
56.3482
56.3482
56.3482
56.3482
56.3482
56.3482
56.3482
56.3482
56.3482
56.3482
56.3482
56.3482
56.3482
56.3482
56.3482
56.3482
56.3482
56.3482
56.3482
56.3482
56.3482
56.3482
56.3482
56.3482
56.3482
56.3482
56.3482
56.3482
56.3482
56.3482
56.3482
56.3482
56.3482
56.3482
56.3482
56.3482
56.3482
56.3482
56.3482
56.3482
56.3482
56.3482
56.3482
56.3482
56.3482
56.3482
56.3482
56.3482
56.3482
56.3482
56.3482
56.3482
56.3482
56.3482
56.3482
56.3482
56.3482
56.3482
56.3482
56.3482
56.3482
56.3482
56.3482
56.3482
56.3482
56.3482
56.3482
56.3482
56.3482
56.3482
56.3482
56.3482
56.3482
56.3482
56.3482
56.3482
56.3482
56.3482
56.3482
56.3482
56.3482
56.3482
56.3482
56.3482
56.3482
56.3482
56.3482
56.3482
56.3482
56.3482
56.3482
56.3482
56.3482
56.3482
56.3482
56.3482
56.3482
56.3482
56.3482
56.3482
56.3482
56.3482
56.3482
56.3482
56.3482
56.3482
56.3482
56.3482
56.3482
56.3482
56.3482
56.3482
56.3482
56.3482
56.3482
56.3482
56.3482
56.3482
56.3482
56.3482
56.3482
56.3482
56.3482
56.3482
56.3482
56.3482
56.3482
56.3482
56.3482
56.3482
56.3482
56.3482
56.3482
56.3482
56.3482
56.3482
56.3482
56.3482
56.3482
56.3482
56.3482
56.3482
56.3482
56.3482
56.3482
56.3482
56.3482
56.3482
56.3482
56.3482
56.3482
56.3482
56.3482
56.3482
56.3482
56.3482
56.3482
56.3482
56.3482
56.3482
56.3482
56.3482
56.3482
56.3482
56.3482
56.3482
56.3482
56.3482
56.3482
56.3482
56.3482
56.3482
56.3482
56.3482
56.3482
56.3482
56.3482
56.3482
56.3482
56.3482
56.3482
56.3482
56.3482
56.3482
56.3482
56.3482
56.3482
56.3482
56.3482
56.3482
56.3482
56.3482
56.3482
56.3482
56.3482
56.3482
56.3482
56.3482
56.3482
56.3482
56.3482
56.3482
56.3482
56.3482
56.3482
56.3482
56.3482
56.3482
56.3482
56.3482
56.3482
56.3482
56.3482
56.3482
56.3482
56.3482
56.3482
56.3482
56.3482
56.3482
56.3482
56.3482
56.3482
56.3482
56.3482
56.3482
56.3482
56.3482
56.3482
56.3482
56.3482
56.3482
56.3482
56.3482
56.3482
56.3482
56.3482
56.3482
56.3482
56.3482
56.3482
56.3482
56.3482
56.3482
56.3482
56.3482
56.3482
56.3482
56.3482
56.3482
56.3482
56.3482
56.3482
56.3482
56.3482
56.3482
56.3482
56.3482
56.3482
56.3482
56.3482
56.3482
56.3482
56.3482
56.3482
56.3482
56.3482
56.3482
56.3482
56.3482
56.3482
56.3482
56.3482
56.3482
56.3482
56.3482
56.3482
56.3482
56.3482
56.3482
56.3482
56.3482
56.3482
56.3482
56.3482
56.3482
56.3482
56.3482
56.3482
56.3482
56.3482
56.3482
56.3482
56.3482
56.3482
56.3482
56.3482
56.3482
56.3482
56.3482
56.3482
56.3482
56.3482
56.3482
56.3482
56.3482
56.3482
56.3482
56.3482
56.3482
56.3482
56.3482
56.3482
56.3482
56.3482
56.3482
56.3482
56.3482
56.3482
56.3482
56.3482
56.3482
56.3482
56.3482
56.3482
56.3482
56.3482
56.3482
56.3482
56.3482
56.3482
56.3482
56.3482
56.3482
56.3482
56.3482
56.3482
56.3482
56.3482
56.3482
56.3482
56.3482
56.3482
56.3482
56.3482
56.3482
56.3482
56.3482
56.3482
56.3482
56.3482
56.3482
56.3482
56.3482
56.3482
56.3482
56.3482
56.3482
56.3482
56.3482
56.3482
56.3482
56.3482
56.3482
56.3482
56.3482
56.3482
56.3482
56.3482
56.3482
56.3482
56.3482
56.3482
56.3482
56.3482
56.3482
56.3482
56.3482
56.3482
56.3482
56.3482
56.3482
56.3482
56.3482
56.3482
56.3482
56.3482
56.3482
56.3482
56.3482
56.3482
56.3482
56.3482
56.3482
56.3482
56.3482
56.3482
56.3482
56.3482
56.3482
56.3482
56.3482
56.3482
56.3482
56.3482
56.3482
56.3482
56.3482
56.3482
56.3482
56.3482
56.3482
56.3482
56.3482
56.3482
56.3482
56.3482
56.3482
56.3482
56.3482
56.3482
56.3482
56.3482
56.3482
56.3482
56.3482
56.3482
56.3482
56.3482
56.3482
56.3482
56.3482
56.3482
56.3482
56.3482
56.3482
56.3482
56.3482
56.3482
56.3482
56.3482
56.3482
56.3482
56.3482
56.3482
56.3482
56.3482
56.3482
56.3482
56.3482
56.3482
56.3482
56.3482
56.3482
56.3482
56.3482
56.3482
56.3482
56.3482
56.3482
56.3482
56.3482
56.3482
56.3482
56.3482
56.3482
56.3482
56.3482
56.3482
56.3482
56.3482
56.3482
56.3482
56.3482
56.4472
56.3482
56.3482
56.3482
56.3482
56.3482
56.3482
56.3482
56.3482
56.3482
56.3482
56.3482
56.3482
56.3482
56.3482
56.3482
56.3482
56.3482
56.3482
56.3482
56.3482
56.3482
56.3482
56.3482
56.3482
56.3482
56.3482
56.3482
56.3482
56.3482
56.3482
56.3482
56.3482
56.3482
56.3482
56.3482
56.3482
56.3482
56.3482
56.3482
56.3482
56.3482
56.3482
56.3482
56.3482
56.3482
56.3482
56.3482
56.3482
56.3482
56.3482
56.3482
56.3482
56.3482
56.3482
56.3482
56.3482
56.3482
56.3482
56.3482
56.3482
56.3482
56.3482
56.3482
56.3482
56.3482
56.3482
56.3482
56.3482
56.3482
56.3482
56.3482
56.3482
56.3482
56.3482
56.3482
56.3482
56.3482
56.3482
56.3482
56.3482
56.3482
56.3482
56.3482
56.3482
56.3482
56.3482
56.3482
56.3482
56.3482
56.3482
56.3482
56.3482
56.3482
56.3482
56.3482
56.3482
56.3482
56.3482
56.3482
56.3482
56.3482
56.3482
56.3482
56.3482
56.3482
56.3482
56.3482
56.3482
56.3482
56.3482
56.3482
56.3482
56.3482
56.3482
56.3482
56.3482
56.3482
56.3482
56.3482
56.3482
56.3482
56.3482
56.3482
56.3482
56.3482
56.3482
56.3482
56.3482
56.3482
56.3482
56.3482
56.3482
56.3482
56.3482
56.3482
56.3482
56.3482
56.3482
56.3482
56.3482
56.3482
56.3482
56.3482
56.3482
56.3482
56.3482
56.3482
56.3482
56.3482
56.3482
56.3482
56.3482
56.3482
56.3482
56.3482
56.3482
56.3482
56.3482
56.3482
56.3482
56.3482
56.3482
56.3482
56.3482
56.3482
56.3482
56.3482
56.3482
56.3482
56.3482
56.3482
56.3482
56.3482
56.3482
56.3482
56.3482
56.3482
56.3482
56.3482
56.3482
56.3482
56.3482
56.3482
56.3482
56.3482
56.3482
56.3482
56.3482
56.3482
56.3482
56.3482
56.3482
56.3482
56.3482
56.3482
56.3482
56.3482
56.3482
56.3482
56.3482
56.3482
56.3482
56.3482
56.3482
56.3482
56.3482
56.3482
56.3482
56.3482
56.3482
56.3482
56.3482
56.3482
56.3482
56.3482
56.3482
56.3482
56.3482
56.3482
56.3482
56.3482
56.3482
56.3482
56.3482
56.3482
56.3482
56.3482
56.3482
56.3482
56.3482
56.3482
56.3482
56.3482
56.3482
56.3482
56.3482
56.3482
56.3482
56.3482
56.3482
56.3482
56.3482
56.3482
56.3482
56.3482
56.3482
56.3482
56.3482
56.3482
56.3482
56.3482
56.3482
56.3482
56.3482
56.3482
56.3482
56.3482
56.3482
56.3482
56.3482
56.3482
56.3482
56.3482
56.3482
56.3482
56.3482
56.3482
56.3482
56.3482
56.3482
56.3482
56.3482
56.3482
56.3482
56.3482
56.3482
56.3482
56.3482
56.3482
56.3482
56.3482
56.3482
56.3482
56.3482
56.3482
56.3482
56.3482
56.3482
56.3482
56.3482
56.3482
56.3482
56.3482
56.3482
56.3482
56.3482
56.3482
56.3482
56.3482
56.3482
56.3482
56.3482
56.3482
56.3482
56.3482
56.3482
56.3482
56.3482
56.3482
56.3482
56.3482
56.3482
56.3482
56.3482
56.3482
56.3482
56.3482
56.3482
56.3482
56.3482
56.3482
56.3482
56.3482
56.3482
56.3482
56.3482
56.3482
56.3482
56.3482
56.3482
56.3482
56.3482
56.3482
56.3482
56.3482
56.3482
56.3482
56.3482
56.3482
56.3482
56.3482
56.3482
56.3482
56.3482
56.3482
56.3482
56.3482
56.3482
56.3482
56.3482
56.3482
56.3482
56.3482
56.3482
56.3482
56.3482
56.3482
56.3482
56.3482
56.3482
56.3482
56.3482
56.3482
56.3482
56.3482
56.3482
56.3482
56.3482
56.3482
56.3482
56.3482
56.3482
56.3482
56.3482
56.3482
56.3482
56.3482
56.3482
56.3482
56.3482
56.3482
56.3482
56.3482
56.3482
56.3482
56.3482
56.3482
56.3482
56.3482
56.3482
56.3482
56.3482
56.3482
56.3482
56.3482
56.3482
56.3482
56.3482
56.3482
56.3482
56.3482
56.3482
56.3482
56.3482
56.3482
56.3482
56.3482
56.3482
56.3482
56.3482
56.3482
56.3482
56.3482
56.3482
56.3482
56.3482
56.3482
56.3482
56.3482
56.3482
56.3482
56.3482
56.3482
56.3482
56.3482
56.3482
56.3482
56.3482
56.3482
56.3482
56.3482
56.3482
56.3482
56.3482
56.3482
56.3482
56.3482
56.3482
56.3482
56.3482
56.3482
56.3482
56.3482
56.3482
56.3482
56.3482
56.3482
56.3482
56.3482
56.3482
56.3482
56.3482
56.3482
56.3482
56.3482
56.3482
56.3482
56.3482
56.3482
56.3482
56.3482
56.3482
56.3482
56.3482
56.3482
56.3482
56.3482
56.3482
56.3482
56.3482
56.3482
56.3482
56.3482
56.3482
56.3482
56.3482
56.3482
56.3482
56.3482
56.3482
56.3482
56.3482
56.3482
56.3482
56.3482
56.3482
56.3482
56.3482
56.3482
56.3482
56.3482
56.3482
56.3482
56.3482
56.3482
56.3482
56.3482
56.3482
56.3482
56.3482
56.3482
56.3482
56.3482
56.3482
56.3482
56.3482
56.3482
56.3482
56.3482
56.3482
56.3482
56.3482
56.3482
56.3482
56.3482
56.3482
56.3482
56.3482
56.3482
56.3482
56.3482
56.3482
56.3482
56.3482
56.3482
56.3482
56.3482
56.3482
56.3482
56.3482
56.3482
56.3482
56.3482
56.3482
56.3482
56.3482
56.3482
56.3482
56.3482
56.3482
56.3482
56.3482
56.3482
56.3482
56.3482
56.3482
56.3482
56.3482
56.3482
56.3482
56.3482
56.3482
56.3482
56.3482
56.3482
56.3482
56.3482
56.3482
56.3482
56.3482
56.3482
56.3482
56.3482
56.3482
56.3482
56.3482
56.3482
56.3482
56.3482
56.3482
56.3482
56.3482
56.3482
56.3482
56.3482
56.5344
56.3482
56.3482
56.3482
56.3482
56.3482
56.3482
56.3482
56.3482
56.3482
56.3482
56.3482
56.3482
56.3482
56.3482
56.3482
56.3482
56.3482
56.3482
56.3482
56.3482
56.3482
56.3482
56.3482
56.3482
56.3482
56.3482
56.3482
56.3482
56.3482
56.3482
56.3482
56.3482
56.3482
56.3482
56.3482
56.3482
56.3482
56.3482
56.3482
56.3482
56.3482
56.3482
56.3482
56.3482
56.3482
56.3482
56.3482
56.3482
56.3482
56.3482
56.3482
56.3482
56.3482
56.3482
56.3482
56.3482
56.3482
56.3482
56.3482
56.3482
56.3482
56.3482
56.3482
56.3482
56.3482
56.3482
56.3482
56.3482
56.3482
56.3482
56.3482
56.3482
56.3482
56.3482
56.3482
56.3482
56.3482
56.3482
56.3482
56.3482
56.3482
56.3482
56.3482
56.3482
56.3482
56.3482
56.3482
56.3482
56.3482
56.3482
56.3482
56.3482
56.3482
56.3482
56.3482
56.3482
56.3482
56.3482
56.3482
56.3482
56.3482
56.3482
56.3482
56.3482
56.3482
56.3482
56.3482
56.3482
56.3482
56.3482
56.3482
56.3482
56.3482
56.3482
56.3482
56.3482
56.3482
56.3482
56.3482
56.3482
56.3482
56.3482
56.3482
56.3482
56.3482
56.3482
56.3482
56.3482
56.3482
56.3482
56.3482
56.3482
56.3482
56.3482
56.3482
56.3482
56.3482
56.3482
56.3482
56.3482
56.3482
56.3482
56.3482
56.3482
56.3482
56.3482
56.3482
56.3482
56.3482
56.3482
56.3482
56.3482
56.3482
56.3482
56.3482
56.3482
56.3482
56.3482
56.3482
56.3482
56.3482
56.3482
56.3482
56.3482
56.3482
56.3482
56.3482
56.3482
56.3482
56.3482
56.3482
56.3482
56.3482
56.3482
56.3482
56.3482
56.3482
56.3482
56.3482
56.3482
56.3482
56.3482
56.3482
56.3482
56.3482
56.3482
56.3482
56.3482
56.3482
56.3482
56.3482
56.3482
56.3482
56.3482
56.3482
56.3482
56.3482
56.3482
56.3482
56.3482
56.3482
56.3482
56.3482
56.3482
56.3482
56.3482
56.3482
56.3482
56.3482
56.3482
56.3482
56.3482
56.3482
56.3482
56.3482
56.3482
56.3482
56.3482
56.3482
56.3482
56.3482
56.3482
56.3482
56.3482
56.3482
56.3482
56.3482
56.3482
56.3482
56.3482
56.3482
56.3482
56.3482
56.3482
56.3482
56.3482
56.3482
56.3482
56.3482
56.3482
56.3482
56.3482
56.3482
56.3482
56.3482
56.3482
56.3482
56.3482
56.3482
56.3482
56.3482
56.3482
56.3482
56.3482
56.3482
56.3482
56.3482
56.3482
56.3482
56.3482
56.3482
56.3482
56.3482
56.3482
56.3482
56.3482
56.3482
56.3482
56.3482
56.3482
56.3482
56.3482
56.3482
56.3482
56.3482
56.3482
56.3482
56.3482
56.3482
56.3482
56.3482
56.3482
56.3482
56.3482
56.3482
56.3482
56.3482
56.3482
56.3482
56.3482
56.3482
56.3482
56.3482
56.3482
56.3482
56.3482
56.3482
56.3482
56.3482
56.3482
56.3482
56.3482
56.3482
56.3482
56.3482
56.3482
56.3482
56.3482
56.3482
56.3482
56.3482
56.3482
56.3482
56.3482
56.3482
56.3482
56.3482
56.3482
56.3482
56.3482
56.3482
56.3482
56.3482
56.3482
56.3482
56.3482
56.3482
56.3482
56.3482
56.3482
56.3482
56.3482
56.3482
56.3482
56.3482
56.3482
56.3482
56.3482
56.3482
56.3482
56.3482
56.3482
56.3482
56.3482
56.3482
56.3482
56.3482
56.3482
56.3482
56.3482
56.3482
56.3482
56.3482
56.3482
56.3482
56.3482
56.3482
56.3482
56.3482
56.3482
56.3482
56.3482
56.3482
56.3482
56.3482
56.3482
56.3482
56.3482
56.3482
56.3482
56.3482
56.3482
56.3482
56.3482
56.3482
56.3482
56.3482
56.3482
56.3482
56.3482
56.3482
56.3482
56.3482
56.3482
56.3482
56.3482
56.3482
56.3482
56.3482
56.3482
56.3482
56.3482
56.3482
56.3482
56.3482
56.3482
56.3482
56.3482
56.3482
56.3482
56.3482
56.3482
56.3482
56.3482
56.3482
56.3482
56.3482
56.3482
56.3482
56.3482
56.3482
56.3482
56.3482
56.3482
56.3482
56.3482
56.3482
56.3482
56.3482
56.3482
56.3482
56.3482
56.3482
56.3482
56.3482
56.3482
56.3482
56.3482
56.3482
56.3482
56.3482
56.3482
56.3482
56.3482
56.3482
56.3482
56.3482
56.3482
56.3482
56.3482
56.3482
56.3482
56.3482
56.3482
56.3482
56.3482
56.3482
56.3482
56.3482
56.3482
56.3482
56.3482
56.3482
56.3482
56.3482
56.3482
56.3482
56.3482
56.3482
56.3482
56.3482
56.3482
56.3482
56.3482
56.3482
56.3482
56.3482
56.3482
56.3482
56.3482
56.3482
56.3482
56.3482
56.3482
56.3482
56.3482
56.3482
56.3482
56.3482
56.3482
56.3482
56.3482
56.3482
56.3482
56.3482
56.3482
56.3482
56.3482
56.3482
56.3482
56.3482
56.3482
56.3482
56.3482
56.3482
56.3482
56.3482
56.3482
56.3482
56.3482
56.3482
56.3482
56.3482
56.3482
56.3482
56.3482
56.3482
56.3482
56.3482
56.3482
56.3482
56.3482
56.3482
56.3482
56.3482
56.3482
56.3482
56.3482
56.3482
56.3482
56.3482
56.3482
56.3482
56.3482
56.3482
56.3482
56.3482
56.3482
56.3482
56.3482
56.3482
56.3482
56.3482
56.3482
56.3482
56.3482
56.3482
56.3482
56.3482
56.3482
56.3482
56.3482
56.3482
56.3482
56.3482
56.3482
56.3482
56.3482
56.3482
56.3482
56.3482
56.3482
56.3482
56.3482
56.3482
56.3482
56.3482
56.3482
56.3482
56.3482
56.3482
56.3482
56.3482
56.3482
56.3482
56.3482
56.3482
56.3482
56.3482
56.3482
56.3482
56.3482
56.3482
56.3482
56.3482
56.3482
56.3482
56.3482
56.3482
56.3482
56.3482
56.3482
56.3482
56.3482
56.3482
56.3482
56.3482
56.3482
56.3482
56.3482
56.3482
56.3482
56.3482
56.3482
56.3482
56.3482
56.3482
56.3482
56.3482
56.3482
56.3482
56.3482
56.3482
56.3482
56.3482
56.3482
56.3482
56.3482
56.3482
56.3482
56.3482
56.3482
56.3482
56.3482
56.3482
56.3482
56.3482
56.3482
56.3482
56.3482
56.3482
56.3482
56.3482
56.3482
56.3482
56.3482
56.3482
56.3482
56.3482
56.3482
56.3482
56.3482
56.3482
56.3482
56.3482
56.3482
56.3482
56.3482
56.3482
56.3482
56.3482
56.3482
56.3482
56.3482
56.3482
56.3482
56.3482
56.3482
56.3482
56.3482
56.3482
56.3482
56.3482
56.3482
56.3482
56.3482
56.3482
56.3482
56.3482
56.3482
56.3482
56.3482
56.3482
56.3482
56.3482
56.3482
56.3482
56.3482
56.3482
56.3482
56.3482
56.3482
56.3482
56.3482
56.3482
56.3482
56.3482
56.3482
56.3482
56.3482
56.3482
56.3482
56.3482
56.3482
56.3482
56.3482
56.3482
56.3482
56.3482
56.3482
56.3482
56.3482
56.3482
56.3482
56.3482
56.3482
56.3482
56.3482
56.3482
56.3482
56.3482
56.3482
56.3482
56.3482
56.3482
56.3482
56.3482
56.3482
56.3482
56.3482
56.3482
56.3482
56.3482
56.3482
56.3482
56.3482
56.3482
56.3482
56.3482
56.3482
56.3482
56.3482
56.3482
56.3482
56.3482
56.3482
56.3482
56.3482
56.3482
56.3482
56.3482
56.3482
56.3482
56.3482
56.3482
56.3482
56.3482
56.3482
56.3482
56.3482
56.3482
56.3482
56.3482
56.3482
56.3482
56.3482
56.3482
56.3482
56.3482
56.3482
56.3482
56.3482
56.3482
56.3482
56.3482
56.3482
56.3482
56.3482
56.3482
56.3482
56.3482
56.3482
56.3482
56.3482
56.3482
56.3482
56.3482
56.3482
56.3482
56.3482
56.3482
56.3482
56.3482
56.3482
56.3482
56.3482
56.3482
56.3482
56.3482
56.3482
56.3482
56.3482
56.3482
56.3482
56.3482
56.3482
56.3482
56.3482
56.3482
56.3482
56.3482
56.3482
56.3482
56.3482
56.3482
56.3482
56.3482
56.3482
56.3482
56.3482
56.3482
56.3482
56.3482
56.3482
56.3482
56.3482
56.3482
56.3482
56.3482
56.3482
56.3482
56.3482
56.3482
56.3482
56.3482
56.3482
56.3482
56.3482
56.3482
56.3482
56.3482
56.3482
56.3482
56.3482
56.3482
56.3482
56.3482
56.3482
56.3482
56.3482
56.3482
56.3482
56.3482
56.3482
56.3482
56.3482
56.3482
56.3482
56.3482
56.3482
56.3482
56.3482
56.3482
56.3482
56.3482
56.3482
56.3482
56.3482
56.3482
56.3482
56.3482
56.3482
56.3482
56.3482
56.3482
56.3482
56.3482
56.3482
56.3482
56.3482
56.3482
56.3482
56.3482
56.3482
56.3482
56.3482
56.3482
56.3482
56.3482
56.3482
56.3482
56.3482
56.3482
56.3482
56.3482
56.3482
56.3482
56.3482
56.3482
56.3482
56.3482
56.3482
56.3482
56.3482
56.3482
56.3482
56.3482
56.3482
56.3482
56.3482
56.3482
56.3482
56.3482
56.3482
56.3482
56.3482
56.3482
56.3482
56.3482
56.3482
56.3482
56.3482
56.3482
56.3482
56.3482
56.3482
56.3482
56.3482
56.3482
56.3482
56.3482
56.3482
56.3482
56.3482
56.3482
56.3482
56.3482
56.3482
56.3482
56.3482
56.3482
56.3482
56.3482
56.3482
56.3482
56.3482
56.3482
56.3482
56.3482
56.3482
56.3482
56.3482
56.3482
56.3482
56.3482
56.3482
56.3482
56.3482
56.3482
56.3482
56.3482
56.3482
56.3482
56.3482
56.3482
56.3482
56.3482
56.3482
56.3482
56.3482
56.3482
56.3482
56.3482
56.3482
56.3482
56.3482
56.3482
56.3482
56.3482
56.3482
56.3482
56.3482
56.3482
56.3482
56.3482
56.3482
56.3482
56.3482
56.3482
56.3482
56.3482
56.3482
56.3482
56.3482
56.3482
56.3482
56.3482
56.3482
56.3482
56.3482
56.3482
56.3482
56.3482
56.3482
56.3482
56.3482
56.3482
56.3482
56.3482
56.3482
56.3482
56.3482
56.3482
56.3482
56.3482
56.3482
56.3482
56.3482
56.3482
56.3482
56.3482
56.3482
56.3482
56.3482
56.3482
56.3482
56.3482
56.3482
56.3482
56.3482
56.3482
56.3482
56.3482
56.3482
56.3482
56.3482
56.3482
56.3482
56.3482
56.3482
56.3482
56.3482
56.3482
56.3482
56.3482
56.3482
56.3482
56.3482
56.3482
56.3482
56.3482
56.3482
56.3482
56.3482
56.3482
56.3482
56.3482
56.3482
56.3482
56.3482
56.3482
56.3482
56.3482
56.3482
56.3482
56.3482
56.3482
56.3482
56.3482
56.3482
56.3482
56.3482
56.3482
56.3482
56.3482
56.3482
56.3482
56.3482
56.3482
56.3482
56.3482
56.3482
56.3482
56.3482
56.3482
56.3482
56.3482
56.3482
56.3482
56.3482
56.3482
56.3482
56.3482
56.3482
56.3482
56.3482
56.3482
56.3482
56.3482
56.3482
56.3482
56.3482
56.3482
56.3482
56.3482
56.3482
56.3482
56.3482
56.3482
56.3482
56.3482
56.3482
56.3482
56.3482
56.3482
56.3482
56.3482
56.3482
56.3482
56.3482
56.3482
56.3482
56.3482
56.3482
56.3482
56.3482
56.3482
56.3482
56.3482
56.3482
56.3482
56.3482
56.3482
56.3482
56.3482
56.3482
56.3482
56.3482
56.3482
56.3482
56.3482
56.3482
56.3482
56.3482
56.3482
56.3482
56.3482
56.3482
56.3482
56.3482
56.3482
56.3482
56.3482
56.3482
56.3482
56.3482
56.3482
56.3482
56.3482
56.3482
56.3482
56.3482
56.3482
56.3482
56.3482
56.3482
56.3482
56.3482
56.3482
56.3482
56.3482
56.3482
56.3482
56.3482
56.3482
56.3482
56.3482
56.3482
56.3482
56.3482
56.3482
56.3482
56.3482
56.3482
56.3482
56.3482
56.3482
56.3482
56.3482
56.3482
56.3482
56.3482
56.3482
56.3482
56.3482
56.3482
56.3482
56.3482
56.3482
56.3482
56.3482
56.3482
56.3482
56.3482
56.3482
56.3482
56.3482
56.3482
56.3482
56.3482
56.3482
56.3482
56.3482
56.3482
56.3482
56.3482
56.3482
56.3482
56.3482
56.3482
56.3482
56.3482
56.3482
56.3482
56.3482
56.3482
56.3482
56.3482
56.3482
56.3482
56.3482
56.3482
56.3482
56.3482
56.3482
56.3482
56.3482
56.3482
56.3482
56.3482
56.3482
56.3482
56.3482
56.3482
56.3482
56.3482
56.3482
56.3482
56.3482
56.3482
56.3482
56.3482
56.3482
56.3482
56.3482
56.3482
56.3482
56.3482
56.3482
56.3482
56.3482
56.3482
56.3482
56.3482
56.3482
56.3482
56.3482
56.3482
56.3482
56.3482
56.3482
56.3482
56.3482
56.3482
56.3482
56.3482
56.3482
56.3482
56.3482
56.3482
56.3482
56.3482
56.3482
56.3482
56.3482
56.3482
56.3482
56.3482
56.3482
56.3482
56.3482
56.3482
56.3482
56.3482
56.3482
56.3482
56.3482
56.3482
56.3482
56.3482
56.3482
56.3482
56.3482
56.3482
56.3482
56.3482
56.3482
56.3482
56.3482
56.3482
56.3482
56.3482
56.3482
56.3482
56.3482
56.3482
56.3482
56.3482
56.3482
56.3482
56.3482
56.3482
56.3482
56.3482
56.3482
56.3482
56.3482
56.3482
56.3482
56.3482
56.3482
56.3482
56.3482
56.3482
56.3482
56.3482
56.3482
56.3482
56.3482
56.3482
56.3482
56.3482
56.3482
56.3482
56.3482
56.3482
56.3482
56.3482
56.3482
56.3482
56.3482
56.3482
56.3482
56.3482
56.3482
56.3482
56.3482
56.3482
56.3482
56.3482
56.3482
56.3482
56.3482
56.3482
56.3482
56.3482
56.3482
56.3482
56.3482
56.3482
56.3482
56.3482
56.3482
56.3482
56.3482
56.3482
56.3482
56.3482
56.3482
56.3482
56.3482
56.3482
56.3482
56.3482
56.3482
56.3482
56.3482
56.3482
56.3482
56.3482
56.3482
56.3482
56.3482
56.3482
56.3482
56.3482
56.3482
56.3482
56.3482
56.3482
56.3482
56.3482
56.3482
56.3482
56.3482
56.3482
56.3482
56.3482
56.3482
56.3482
56.3482
56.3482
56.3482
56.3482
56.3482
56.3482
56.3482
56.3482
56.3482
56.3482
56.3482
56.3482
56.3482
56.3482
56.3482
56.3482
56.3482
56.3482
56.3482
56.3482
56.3482
56.3482
56.3482
56.3482
56.3482
56.3482
56.3482
56.3482
56.3482
56.3482
56.3482
56.3482
56.3482
56.3482
56.3482
56.3482
56.3482
56.3482
56.3482
56.3482
56.3482
56.3482
56.3482
56.3482
56.3482
56.3482
56.3482
56.3482
56.3482
56.3482
56.3482
56.3482
56.3482
56.3482
56.3482
56.3482
56.3482
56.3482
56.3482
56.3482
56.3482
56.3482
56.3482
56.3482
56.3482
56.3482
56.3482
56.3482
56.3482
56.3482
56.3482
56.3482
56.3482
56.3482
56.3482
56.3482
56.3482
56.3482
56.3482
56.3482
56.3482
56.3482
56.3482
56.3482
56.3482
56.3482
56.3482
56.3482
56.3482
56.3482
56.3482
56.3482
56.3482
56.3482
56.3482
56.3482
56.3482
56.3482
56.3482
56.3482
56.3482
56.3482
56.3482
56.3482
56.3482
56.3482
56.3482
56.3482
56.3482
56.3482
56.3482
56.3482
56.3482
56.3482
56.3482
56.3482
56.3482
56.3482
56.3482
56.3482
56.3482
56.3482
56.3482
56.3482
56.3482
56.3482
56.3482
56.3482
56.3482
56.3482
56.3482
56.3482
56.3482
56.3482
56.3482
56.3482
56.3482
56.3482
56.3482
56.3482
56.3482
56.3482
56.3482
56.3482
56.3482
56.3482
56.3482
56.3482
56.3482
56.3482
56.3482
56.3482
56.3482
56.3482
56.3482
56.3482
56.3482
56.3482
56.3482
56.3482
56.3482
56.3482
56.3482
56.3482
56.3482
56.3482
56.3482
56.3482
56.3482
56.3482
56.3482
56.3482
56.3482
56.3482
56.3482
56.3482
56.3482
56.3482
56.3482
56.3482
56.3482
56.3482
56.3482
56.3482
56.3482
56.3482
56.3482
56.3482
56.3482
56.3482
56.3482
56.3482
56.3482
56.3482
56.3482
56.3482
56.3482
56.3482
56.3482
56.3482
56.3482
56.3482
56.3482
56.3482
56.3482
56.3482
56.3482
56.3482
56.3482
56.3482
56.3482
56.3482
56.3482
56.3482
56.3482
56.3482
56.3482
56.3482
56.3482
56.3482
56.3482
56.3482
56.3482
56.3482
56.3482
56.3482
56.3482
56.3482
56.3482
56.3482
56.3482
56.3482
56.3482
56.3482
56.3482
56.3482
56.3482
56.3482
56.3482
56.3482
56.3482
56.3482
56.3482
56.3482
56.3482
56.3482
56.3482
56.3482
56.3482
56.3482
56.3482
56.3482
56.3482
56.3482
56.3482
56.3482
56.3482
56.3482
56.3482
56.3482
56.3482
56.3482
56.3482
56.3482
56.3482
56.3482
56.3482
56.3482
56.3482
56.3482
56.3482
56.3482
56.3482
56.3482
56.3482
56.3482
56.3482
56.3482
56.3482
56.3482
56.3482
56.3482
56.3482
56.3482
56.3482
56.3482
56.3482
56.3482
56.3482
56.3482
56.3482
56.3482
56.3482
56.3482
56.3482
56.3482
56.3482
56.3482
56.3482
56.3482
56.3482
56.3482
56.3482
56.3482
56.3482
56.3482
56.3482
56.3482
56.3482
56.3482
56.3482
56.3482
56.3482
56.3482
56.3482
56.3482
56.3482
56.3482
56.3482
56.3482
56.3482
56.3482
56.3482
56.3482
56.3482
56.3482
56.3482
56.3482
56.3482
56.3482
56.3482
56.3482
56.3482
56.3482
56.3482
56.3482
56.3482
56.3482
56.3482
56.3482
56.3482
56.3482
56.3482
56.3482
56.3482
56.3482
56.3482
56.3482
56.3482
56.3482
56.3482
56.3482
56.3482
56.3482
56.3482
56.3482
56.3482
56.3482
56.3482
56.3482
56.3482
56.3482
56.3482
56.3482
56.3482
56.3482
56.3482
56.3482
56.3482
56.3482
56.3482
56.3482
56.3482
56.3482
56.3482
56.3482
56.3482
56.3482
56.3482
56.3482
56.3482
56.3482
56.3482
56.3482
56.3482
56.3482
56.3482
56.3482
56.3482
56.3482
56.3482
56.3482
56.3482
56.3482
56.3482
56.3482
56.3482
56.3482
56.3482
56.3482
56.3482
56.3482
56.3482
56.3482
56.3482
56.3482
56.3482
56.3482
56.3482
56.3482
56.3482
56.3482
56.3482
56.3482
56.3482
56.3482
56.3482
56.3482
56.3482
56.3482
56.3482
56.3482
56.3482
56.3482
56.3482
56.3482
56.3482
56.3482
56.3482
56.3482
56.3482
56.3482
56.3482
56.3482
56.3482
56.3482
56.3482
56.3482
56.3482
56.3482
56.3482
56.3482
56.3482
56.3482
56.3482
56.3482
56.3482
56.3482
56.3482
56.3482
56.3482
56.3482
56.3482
56.3482
56.3482
56.3482
56.3482
56.3482
56.3482
56.3482
56.3482
56.3482
56.3482
56.3482
56.3482
56.3482
56.3482
56.3482
56.3482
56.3482
56.3482
56.3482
56.3482
56.3482
56.3482
56.3482
56.3482
56.3482
56.3482
56.3482
56.3482
56.3482
56.3482
56.3482
56.3482
56.3482
56.3482
56.3482
56.3482
56.3482
56.3482
56.3482
56.3482
56.3482
56.3482
56.3482
56.3482
56.3482
56.3482
56.3482
56.3482
56.3482
56.3482
56.3482
56.3482
56.3482
56.3482
56.3482
56.3482
56.3482
56.3482
56.3482
56.3482
56.3482
56.3482
56.3482
56.3482
56.3482
56.3482
56.3482
56.3482
56.3482
56.3482
56.3482
56.3482
56.3482
56.3482
56.3482
56.3482
56.3482
56.3482
56.3482
56.3482
56.3482
56.3482
56.3482
56.3482
56.3482
56.3482
56.3482
56.3482
56.3482
56.3482
56.3482
56.3482
56.3482
56.3482
56.3482
56.3482
56.3482
56.3482
56.3482
56.3482
56.3482
56.3482
56.3482
56.3482
56.3482
56.3482
56.3482
56.3482
56.3482
56.3482
56.3482
56.3482
56.3482
56.3482
56.3482
56.3482
56.3482
56.3482
56.3482
56.3482
56.3482
56.3482
56.3482
56.3482
56.3482
56.3482
56.3482
56.3482
56.3482
56.3482
56.3482
56.3482
56.3482
56.3482
56.3482
56.3482
56.3482
56.3482
56.3482
56.3482
56.3482
56.3482
56.3482
56.3482
56.3482
56.3482
56.3482
56.3482
56.3482
56.3482
56.3482
56.3482
56.3482
56.3482
56.3482
56.3482
56.3482
56.3482
56.3482
56.3482
56.3482
56.3482
56.3482
56.3482
56.3482
56.3482
56.3482
56.3482
56.3482
56.3482
56.3482
56.3482
56.3482
56.3482
56.3482
56.3482
56.3482
56.3482
56.3482
56.3482
56.3482
56.3482
56.3482
56.3482
56.3482
56.3482
56.3482
56.3482
56.3482
56.3482
56.3482
56.3482
56.3482
56.3482
56.3482
56.3482
56.3482
56.3482
56.3482
56.3482
56.3482
56.3482
56.3482
56.3482
56.3482
56.3482
56.3482
56.3482
56.3482
56.3482
56.3482
56.3482
56.3482
56.3482
56.3482
56.3482
56.3482
56.3482
56.3482
56.3482
56.3482
56.3482
56.3482
56.3482
56.3482
56.3482
56.3482
56.3482
56.3482
56.3482
56.3482
56.3482
56.3482
56.3482
56.3482
56.3482
56.3482
56.3482
56.3482
56.3482
56.3482
56.3482
56.3482
56.3482
56.3482
56.3482
56.3482
56.3482
56.3482
56.3482
56.3482
56.3482
56.3482
56.3482
56.3482
56.3482
56.3482
56.3482
56.3482
56.3482
56.3482
56.3482
56.3482
56.3482
56.3482
56.3482
56.3482
56.3482
56.3482
56.3482
56.3482
56.3482
56.3482
56.3482
56.3482
56.3482
56.3482
56.3482
56.3482
56.3482
56.3482
56.3482
56.3482
56.3482
56.3482
56.3482
56.3482
56.3482
56.3482
56.3482
56.3482
56.3482
56.3482
56.3482
56.3482
56.3482
56.3482
56.3482
56.3482
56.3482
56.3482
56.3482
56.3482
56.3482
56.3482
56.3482
56.3482
56.3482
56.3482
56.3482
56.3482
56.3482
56.3482
56.3482
56.3482
56.3482
56.3482
56.3482
56.3482
56.3482
56.3482
56.3482
56.3482
56.3482
56.3482
56.3482
56.3482
56.3482
56.3482
56.3482
56.3482
56.3482
56.3482
56.3482
56.3482
56.3482
56.3482
56.3482
56.3482
56.3482
56.3482
56.3482
56.3482
56.3482
56.3482
56.3482
56.3482
56.3482
56.3482
56.3482
56.3482
56.3482
56.3482
56.3482
56.3482
56.3482
56.3482
56.3482
56.3482
56.3482
56.3482
56.3482
56.3482
56.3482
56.3482
56.3482
56.3482
56.3482
56.3482
56.3482
56.3482
56.3482
56.3482
56.3482
56.3482
56.3482
56.3482
56.3482
56.3482
56.3482
56.3482
56.3482
56.3482
56.3482
56.3482
56.3482
56.3482
56.3482
56.3482
56.3482
56.3482
56.3482
56.3482
56.3482
56.3482
56.3482
56.3482
56.3482
56.3482
56.3482
56.3482
56.3482
56.3482
56.3482
56.3482
56.3482
56.3482
56.3482
56.3482
56.3482
56.3482
56.3482
56.3482
56.3482
56.3482
56.3482
56.3482
56.3482
56.3482
56.3482
56.3482
56.3482
56.3482
56.3482
56.3482
56.3482
56.3482
56.3482
56.3482
56.3482
56.3482
56.3482
56.3482
56.3482
56.3482
56.3482
56.3482
56.3482
56.3482
56.3482
56.3482
56.3482
56.3482
56.3482
56.3482
56.3482
56.3482
56.3482
56.3482
56.3482
56.3482
56.3482
56.3482
56.3482
56.3482
56.3482
56.3482
56.3482
56.3482
56.3482
56.3482
56.3482
56.3482
56.3482
56.3482
56.3482
56.3482
56.3482
56.3482
56.3482
56.3482
56.3482
56.3482
56.3482
56.3482
56.3482
56.3482
56.3482
56.3482
56.3482
56.3482
56.3482
56.3482
56.3482
56.3482
56.3482
56.3482
56.3482
56.3482
56.3482
56.3482
56.3482
56.3482
56.3482
56.3482
56.3482
56.3482
56.3482
56.3482
56.3482
56.3482
56.3482
56.3482
56.3482
56.3482
56.3482
56.3482
56.3482
56.3482
56.3482
56.3482
56.3482
56.3482
56.3482
56.3482
56.3482
56.3482
56.3482
56.3482
56.3482
56.3482
56.3482
56.3482
56.3482
56.3482
56.3482
56.3482
56.3482
56.3482
56.3482
56.3482
56.3482
56.3482
56.3482
56.3482
56.3482
56.3482
56.3482
56.3482
56.3482
56.3482
56.3482
56.3482
56.3482
56.3482
56.3482
56.3482
56.3482
56.3482
56.3482
56.3482
56.3482
56.3482
56.3482
56.3482
56.3482
56.3482
56.3482
56.3482
56.3482
56.3482
56.3482
56.3482
56.3482
56.3482
56.3482
56.3482
56.3482
56.3482
56.3482
56.3482
56.3482
56.3482
56.3482
56.3482
56.3482
56.3482
56.3482
56.3482
56.3482
56.3482
56.3482
56.3482
56.3482
56.3482
56.3482
56.3482
56.3482
56.3482
56.3482
56.3482
56.3482
56.3482
56.3482
56.3482
56.3482
56.3482
56.3598
56.3482
56.3482
56.3482
56.3482
56.3482
56.3482
56.3482
56.3482
56.3482
56.3482
56.3482
56.3482
56.3482
56.3482
56.3482
56.3482
56.3482
56.3482
56.3482
56.3482
56.3482
56.3482
56.3482
56.3482
56.3482
56.3482
56.3482
56.3482
56.3482
56.3482
56.3482
56.3482
56.3482
56.3482
56.3482
56.3482
56.3482
56.3482
56.3482
56.3482
56.3482
56.3482
56.3482
56.3482
56.3482
56.3482
56.3482
56.3482
56.3482
56.3482
56.3482
56.3482
56.3482
56.3482
56.3482
56.3482
56.3482
56.3482
56.3482
56.3482
56.3482
56.3482
56.3482
56.3482
56.3482
56.3482
56.3482
56.3482
56.3482
56.3482
56.3482
56.3482
56.3482
56.3482
56.3482
56.3482
56.3482
56.3482
56.3482
56.3482
56.3482
56.3482
56.3482
56.3482
56.3482
56.3482
56.3482
56.3482
56.3482
56.3482
56.3482
56.3482
56.3482
56.3482
56.3482
56.3482
56.3482
56.3482
56.3482
56.3482
56.3482
56.3482
56.3482
56.3482
56.3482
56.3482
56.3482
56.3482
56.3482
56.3482
56.3482
56.3482
56.3482
56.3482
56.3482
56.3482
56.3482
56.3482
56.3482
56.3482
56.3482
56.3482
56.3482
56.3482
56.3482
56.3482
56.3482
56.3482
56.3482
56.3482
56.3482
56.3482
56.3482
56.3482
56.3482
56.3482
56.3482
56.3482
56.3482
56.3482
56.3482
56.3482
56.3482
56.3482
56.3482
56.3482
56.3482
56.3482
56.3482
56.3482
56.3482
56.3482
56.3482
56.3482
56.3482
56.3482
56.3482
56.3482
56.3482
56.3482
56.3482
56.3482
56.3482
56.3482
56.3482
56.3482
56.3482
56.3482
56.3482
56.3482
56.3482
56.3482
56.3482
56.3482
56.3482
56.3482
56.3482
56.3482
56.3482
56.3482
56.3482
56.3482
56.3482
56.3482
56.3482
56.3482
56.3482
56.3482
56.3482
56.3482
56.3482
56.3482
56.3482
56.3482
56.3482
56.3482
56.3482
56.3482
56.3482
56.3482
56.3482
56.3482
56.3482
56.3482
56.3482
56.3482
56.3482
56.3482
56.3482
56.3482
56.3482
56.3482
56.3482
56.3482
56.3482
56.3482
56.3482
56.3482
56.3482
56.3482
56.3482
56.3482
56.3482
56.3482
56.3482
56.3482
56.3482
56.3482
56.3482
56.3482
56.3482
56.3482
56.3482
56.3482
56.3482
56.3482
56.3482
56.3482
56.3482
56.3482
56.3482
56.3482
56.3482
56.3482
56.3482
56.3482
56.3482
56.3482
56.3482
56.3482
56.3482
56.3482
56.3482
56.3482
56.3482
56.3482
56.3482
56.3482
56.3482
56.3482
56.3482
56.3482
56.3482
56.3482
56.3482
56.3482
56.3482
56.3482
56.3482
56.3482
56.3482
56.3482
56.3482
56.3482
56.3482
56.3482
56.3482
56.3482
56.3482
56.3482
56.3482
56.3482
56.3482
56.3482
56.3482
56.3482
56.3482
56.3482
56.3482
56.3482
56.3482
56.3482
56.3482
56.3482
56.3482
56.3482
56.3482
56.3482
56.3482
56.3482
56.3482
56.3482
56.3482
56.3482
56.3482
56.3482
56.3482
56.3482
56.3482
56.3482
56.3482
56.3482
56.3482
56.3482
56.3482
56.3482
56.3482
56.3482
56.3482
56.3482
56.3482
56.3482
56.3482
56.3482
56.3482
56.3482
56.3482
56.3482
56.3482
56.3482
56.3482
56.3482
56.3482
56.3482
56.3482
56.3482
56.3482
56.3482
56.3482
56.3482
56.3482
56.3482
56.3482
56.3482
56.3482
56.3482
56.3482
56.3482
56.3482
56.3482
56.3482
56.3482
56.3482
56.3482
56.3482
56.3482
56.3482
56.3482
56.3482
56.3482
56.3482
56.3482
56.3482
56.3482
56.3482
56.3482
56.3482
56.3482
56.3482
56.3482
56.3482
56.3482
56.3482
56.3482
56.3482
56.3482
56.3482
56.3482
56.3482
56.3482
56.3482
56.3482
56.3482
56.3482
56.3482
56.3482
56.3482
56.3482
56.3482
56.3482
56.3482
56.3482
56.3482
56.3482
56.3482
56.3482
56.3482
56.3482
56.3482
56.3482
56.3482
56.3482
56.3482
56.3482
56.3482
56.3482
56.3482
56.3482
56.3482
56.3482
56.3482
56.3482
56.3482
56.3482
56.3482
56.3482
56.3482
56.3482
56.3482
56.3482
56.3482
56.3482
56.3482
56.3482
56.3482
56.3482
56.3482
56.3482
56.3482
56.3482
56.3482
56.3482
56.3482
56.3482
56.3482
56.3482
56.3482
56.3482
56.3482
56.3482
56.3482
56.3482
56.3482
56.3482
56.3482
56.3482
56.3482
56.3482
56.3482
56.3482
56.3482
56.3482
56.3482
56.3482
56.3482
56.3482
56.3482
56.3482
56.3482
56.3482
56.3482
56.3482
56.3482
56.3482
56.3482
56.3482
56.3482
56.3482
56.3482
56.3482
56.3482
56.3482
56.3482
56.3482
56.3482
56.3482
56.3482
56.3482
56.3482
56.3482
56.3482
56.3482
56.3482
56.3482
56.3482
56.3482
56.3482
56.3482
56.3482
56.3482
56.3482
56.3482
56.3482
56.3482
56.3482
56.3482
56.3482
56.3482
56.3482
56.3482
56.3482
56.3482
56.3482
56.3482
56.3482
56.3482
56.3482
56.3482
56.3482
56.3482
56.3482
56.3482
56.3482
56.3482
56.3482
56.3482
56.3482
56.3482
56.3482
56.3482
56.3482
56.3482
56.3482
56.3482
56.3482
56.3482
56.3482
56.3482
56.3482
56.3482
56.3482
56.3482
56.3482
56.3482
56.3482
56.3482
56.3482
56.3482
56.3482
56.3482
56.3482
56.3482
56.3482
56.3482
56.3482
56.3482
56.3482
56.3482
56.3482
56.3482
56.3482
56.3482
56.3482
56.3482
56.3482
56.3482
56.3482
56.3482
56.3482
56.3482
56.3482
56.3482
56.3482
56.3482
56.3482
56.3482
56.3482
56.3482
56.3482
56.3482
56.3482
56.3482
56.3482
56.3482
56.3482
56.3482
56.3482
56.3482
56.3482
56.3482
56.3482
56.3482
56.3482
56.3482
56.3482
56.3482
56.3482
56.3482
56.3482
56.3482
56.3482
56.3482
56.3482
56.3482
56.3482
56.3482
56.3482
56.3482
56.3482
56.3482
56.3482
56.3482
56.3482
56.3482
56.3482
56.3482
56.3482
56.3482
56.3482
56.3482
56.3482
56.3482
56.3482
56.3482
56.3482
56.3482
56.3482
56.3482
56.3482
56.3482
56.3482
56.3482
56.3482
56.3482
56.3482
56.3482
56.3482
56.3482
56.3482
56.3482
56.3482
56.3482
56.3482
56.3482
56.3482
56.3482
56.3482
56.3482
56.3482
56.3482
56.3482
56.3482
56.3482
56.3482
56.3482
56.3482
56.3482
56.3482
56.3482
56.3482
56.3482
56.3482
56.3482
56.3482
56.3482
56.3482
56.3482
56.3482
56.3482
56.3482
56.3482
56.3482
56.3482
56.3482
56.3482
56.3482
56.3482
56.3482
56.3482
56.3482
56.3482
56.3482
56.3482
56.3482
56.3482
56.3482
56.3482
56.3482
56.3482
56.3482
56.3482
56.3482
56.3482
56.3482
56.3482
56.3482
56.3482
56.3482
56.3482
56.3482
56.3482
56.3482
56.3482
56.3482
56.3482
56.3482
56.3482
56.3482
56.3482
56.3482
56.3482
56.3482
56.3482
56.3482
56.3482
56.3482
56.3482
56.3482
56.4534
56.3482
56.3482
56.3482
56.3482
56.3482
56.3482
56.3482
56.3482
56.3482
56.3482
56.3482
56.3482
56.3482
56.3482
56.3482
56.3482
56.3482
56.3482
56.3482
56.3482
56.3482
56.3482
56.3482
56.3482
56.3482
56.3482
56.3482
56.3482
56.3482
56.3482
56.3482
56.3482
56.3482
56.3482
56.3482
56.3482
56.3482
56.3482
56.3482
56.3482
56.3482
56.3482
56.3482
56.3482
56.3482
56.3482
56.3482
56.3482
56.3482
56.3482
56.3482
56.3482
56.3482
56.3482
56.3482
56.3482
56.3482
56.3482
56.3482
56.3482
56.3482
56.3482
56.3482
56.3482
56.3482
56.3482
56.3482
56.3482
56.3482
56.3482
56.3482
56.3482
56.3482
56.3482
56.3482
56.3482
56.3482
56.3482
56.3482
56.3482
56.3482
56.3482
56.3482
56.3482
56.3482
56.3482
56.3482
56.3482
56.3482
56.3482
56.3482
56.3482
56.3482
56.3482
56.3482
56.3482
56.3482
56.3482
56.3482
56.3482
56.3482
56.3482
56.3482
56.3482
56.3482
56.3482
56.3482
56.3482
56.3482
56.3482
56.3482
56.3482
56.3482
56.3482
56.3482
56.3482
56.3482
56.3482
56.3482
56.3482
56.3482
56.3482
56.3482
56.3482
56.3482
56.3482
56.3482
56.3482
56.3482
56.3482
56.3482
56.3482
56.3482
56.3482
56.3482
56.3482
56.3482
56.3482
56.3482
56.3482
56.3482
56.3482
56.3482
56.3482
56.3482
56.3482
56.3482
56.3482
56.3482
56.3482
56.3482
56.3482
56.3482
56.3482
56.3482
56.3482
56.3482
56.3482
56.3482
56.3482
56.3482
56.3482
56.3482
56.3482
56.3482
56.3482
56.3482
56.3482
56.3482
56.3482
56.3482
56.3482
56.3482
56.3482
56.3482
56.3482
56.3482
56.3482
56.3482
56.3482
56.3482
56.3482
56.3482
56.3482
56.3482
56.3482
56.3482
56.3482
56.3482
56.3482
56.3482
56.3482
56.3482
56.3482
56.3482
56.3482
56.3482
56.3482
56.3482
56.3482
56.3482
56.3482
56.3482
56.3482
56.3482
56.3482
56.3482
56.3482
56.3482
56.3482
56.3482
56.3482
56.3482
56.3482
56.3482
56.3482
56.3482
56.3482
56.3482
56.3482
56.3482
56.3482
56.3482
56.3482
56.3482
56.3482
56.3482
56.3482
56.3482
56.3482
56.3482
56.3482
56.3482
56.3482
56.3482
56.3482
56.3482
56.3482
56.3482
56.3482
56.3482
56.3482
56.3482
56.3482
56.3482
56.3482
56.3482
56.3482
56.3482
56.3482
56.3482
56.3482
56.3482
56.3482
56.3482
56.3482
56.3482
56.3482
56.3482
56.3482
56.3482
56.3482
56.3482
56.3482
56.3482
56.3482
56.3482
56.3482
56.3482
56.3482
56.3482
56.3482
56.3482
56.3482
56.3482
56.3482
56.3482
56.3482
56.3482
56.3482
56.3482
56.3482
56.3482
56.3482
56.3482
56.3482
56.3482
56.3482
56.3482
56.3482
56.3482
56.3482
56.3482
56.3482
56.3482
56.3482
56.3482
56.3482
56.3482
56.3482
56.3482
56.3482
56.3482
56.3482
56.3482
56.3482
56.3482
56.3482
56.3482
56.3482
56.3482
56.3482
56.3482
56.3482
56.3482
56.3482
56.3482
56.3482
56.3482
56.3482
56.3482
56.3482
56.3482
56.3482
56.3482
56.3482
56.3482
56.3482
56.3482
56.3482
56.3482
56.3482
56.3482
56.3482
56.3482
56.3482
56.3482
56.3482
56.3482
56.3482
56.3482
56.3482
56.3482
56.3482
56.3482
56.3482
56.3482
56.3482
56.3482
56.3482
56.3482
56.3482
56.3482
56.3482
56.3482
56.3482
56.3482
56.3482
56.3482
56.3482
56.3482
56.3482
56.3482
56.3482
56.3482
56.3482
56.3482
56.3482
56.3482
56.3482
56.3482
56.3482
56.3482
56.3482
56.3482
56.3482
56.3482
56.3482
56.3482
56.3482
56.3482
56.3482
56.3482
56.3482
56.3482
56.3482
56.3482
56.3482
56.3482
56.3482
56.3482
56.3482
56.3482
56.3482
56.3482
56.3482
56.3482
56.3482
56.3482
56.3482
56.3482
56.3482
56.3482
56.3482
56.3482
56.3482
56.3482
56.3482
56.3482
56.3482
56.3482
56.3482
56.3482
56.3482
56.3482
56.3482
56.3482
56.3482
56.3482
56.3482
56.3482
56.3482
56.3482
56.3482
56.3482
56.3482
56.3482
56.3482
56.3482
56.3482
56.3482
56.3482
56.3482
56.3482
56.3482
56.3482
56.3482
56.3482
56.3482
56.3482
56.3482
56.3482
56.3482
56.3482
56.3482
56.3482
56.3482
56.3482
56.3482
56.3482
56.3482
56.3482
56.3482
56.3482
56.3482
56.3482
56.3482
56.3482
56.3482
56.3482
56.3482
56.3482
56.3482
56.3482
56.3482
56.3482
56.3482
56.3482
56.3482
56.3482
56.3482
56.3482
56.3482
56.3482
56.3482
56.3482
56.3482
56.3482
56.3482
56.3482
56.3482
56.3482
56.3482
56.3482
56.3482
56.3482
56.3482
56.3482
56.3482
56.3482
56.3482
56.3482
56.3482
56.3482
56.3482
56.3482
56.3482
56.3482
56.3482
56.3482
56.3482
56.3482
56.3482
56.3482
56.3482
56.3482
56.3482
56.3482
56.3482
56.3482
56.3482
56.3482
56.3482
56.3482
56.3482
56.3482
56.3482
56.3482
56.3482
56.3482
56.3482
56.3482
56.3482
56.3482
56.3482
56.3482
56.3482
56.3482
56.3482
56.3482
56.3482
56.3482
56.3482
56.3482
56.3482
56.3482
56.3482
56.3482
56.3482
56.3482
56.3482
56.3482
56.3482
56.3482
56.3482
56.3482
56.3482
56.3482
56.3482
56.3482
56.3482
56.3482
56.3482
56.3482
56.3482
56.3482
56.3482
56.3482
56.3482
56.3482
56.3482
56.3482
56.3482
56.3482
56.3482
56.3482
56.3482
56.3482
56.3482
56.3482
56.3482
56.3482
56.3482
56.3482
56.3482
56.3482
56.3482
56.3482
56.3482
56.3482
56.3482
56.3482
56.3482
56.3482
56.3482
56.3482
56.3482
56.3482
56.3482
56.3482
56.3482
56.3482
56.3482
56.3482
56.3482
56.3482
56.3482
56.3482
56.3482
56.3482
56.3482
56.3482
56.3482
56.3482
56.3482
56.3482
56.3482
56.3482
56.3482
56.3482
56.3482
56.3482
56.3482
56.3482
56.3482
56.3482
56.3482
56.3482
56.3482
56.3482
56.3482
56.3482
56.3482
56.3482
56.3482
56.3482
56.3482
56.3482
56.3482
56.3482
56.3482
56.3482
56.3482
56.3482
56.3482
56.3482
56.3482
56.3482
56.3482
56.3482
56.3482
56.3482
56.3482
56.3482
56.3482
56.3482
56.3482
56.3482
56.3482
56.3482
56.3482
56.3482
56.3482
56.3482
56.3482
56.3482
56.3482
56.3482
56.3482
56.3482
56.3482
56.3482
56.3482
56.3482
56.3482
56.3482
56.3482
56.3482
56.3482
56.3482
56.3482
56.3482
56.3482
56.3482
56.3482
56.3482
56.3482
56.3482
56.3482
56.3482
56.3482
56.3482
56.3482
56.3482
56.3482
56.3482
56.3482
56.3482
56.3482
56.3482
56.3482
56.3482
56.3482
56.3482
56.3482
56.3482
56.3482
56.3482
56.3482
56.3482
56.3482
56.3482
56.3482
56.3482
56.3482
56.3482
56.3482
56.3482
56.3482
56.3482
56.3482
56.3482
56.3482
56.3482
56.3482
56.3482
56.3482
56.3482
56.3482
56.3482
56.3482
56.3482
56.3482
56.3482
56.3482
56.3482
56.3482
56.3482
56.3482
56.3482
56.3482
56.3482
56.3482
56.3482
56.3482
56.3482
56.3482
56.3482
56.3482
56.3482
56.3482
56.3482
56.3482
56.3482
56.3482
56.3482
56.3482
56.3482
56.3482
56.3482
56.3482
56.3482
56.3482
56.3482
56.3482
56.3482
56.3482
56.3482
56.3482
56.3482
56.3482
56.3482
56.3482
56.3482
56.3482
56.3482
56.3482
56.3482
56.3482
56.3482
56.3482
56.3482
56.3482
56.3482
56.3482
56.3482
56.3482
56.3482
56.3482
56.3482
56.3482
56.3482
56.3482
56.3482
56.3482
56.3482
56.3482
56.3482
56.3482
56.3482
56.3482
56.3482
56.3482
56.3482
56.3482
56.3482
56.3482
56.3482
56.3482
56.3482
56.3482
56.3482
56.3482
56.3482
56.3482
56.3482
56.3482
56.3482
56.3482
56.3482
56.3482
56.3482
56.3482
56.3482
56.3482
56.3482
56.3482
56.3482
56.3482
56.3482
56.3482
56.3482
56.3482
56.3482
56.3482
56.3482
56.3482
56.3482
56.3482
56.3482
56.3482
56.3482
56.3482
56.3482
56.3482
56.3482
56.3482
56.3482
56.3482
56.3482
56.3482
56.3482
56.3482
56.3482
56.3482
56.3482
56.3482
56.3482
56.3482
56.3482
56.3482
56.3482
56.3482
56.3482
56.3482
56.3482
56.3482
56.3482
56.3482
56.3482
56.3482
56.3482
56.3482
56.3482
56.3482
56.3482
56.3482
56.3482
56.3482
56.3482
56.3482
56.3482
56.3482
56.3482
56.3482
56.3482
56.3482
56.3482
56.3482
56.3482
56.3482
56.3482
56.3482
56.3482
56.3482
56.3482
56.3482
56.3482
56.3482
56.3482
56.3482
56.3482
56.3482
56.3482
56.3482
56.3482
56.3482
56.3482
56.3482
56.3482
56.3482
56.3482
56.3482
56.3482
56.3482
56.3482
56.3482
56.3482
56.3482
56.3482
56.3482
56.3482
56.3482
56.3482
56.3482
56.3482
56.3482
56.3482
56.3482
56.3482
56.3482
56.3482
56.3482
56.3482
56.3482
56.3482
56.3482
56.3482
56.3482
56.3482
56.3482
56.3482
56.3482
56.3482
56.3482
56.3482
56.3482
56.3482
56.3482
56.3482
56.3482
56.3482
56.3482
56.3482
56.3482
56.3482
56.3482
56.3482
56.3482
56.3482
56.3482
56.3482
56.3482
56.3482
56.3482
56.3482
56.3482
56.3482
56.3482
56.3482
